1711253661107 7.470705413881324 0
1711253731751 4.654876929107865 1
1711253798746 4.146562422629364 2
1711253863238 4.211453691095156 3
1711253929389 3.627572831558967 4
1711253996937 3.5120600189815963 5
1711254066941 3.424758603614756 6
1711254133235 3.278921143847487 7
1711254201705 3.190467937608319 8
1711254268024 3.339585396550301 9
1711254336277 3.3290735640009905 10
1711254401840 3.1908326112073944 11
1711254469017 2.8398425249649253 12
1711254537681 2.877287591813155 13
1711254603360 3.012957002558389 14
1711254670804 2.725179757778328 15
1711254737648 2.8773603202112734 16
1711254806051 2.8093471465709334 17
1711254874005 3.0205070871502846 18
1711254941765 2.785174238672939 19
1711255008859 2.637266340678386 20
1711255076761 2.8338168998101843 21
1711255144720 2.616174589419823 22
1711255212903 2.60718799001403 23
1711255280982 2.686564073202938 24
1711255347513 2.65792223735248 25
1711255412597 2.8359035858710904 26
1711255479200 2.681728924238673 27
1711255546362 2.74498844598498 28
1711255614277 2.955209622843938 29
1711255682212 2.5753847899645126 30
1711255749534 2.5758098126598994 31
1711255815406 2.6269329763967977 32
1711255881654 2.894812814640588 33
1711255951201 2.4332108298258643 34
1711256017666 2.621102583147644 35
1711256090995 2.4308425146488406 36
1711256158186 2.700715420483618 37
1711256225920 2.701352180820335 38
1711256293825 2.474764535363539 39
1711256358919 2.4794635120079227 40
1711256425720 2.5323806428984073 41
1711256490578 2.47424228356854 42
1711256555820 2.301976561855245 43
1711256626119 2.32977892630189 44
1711256691155 2.276547154823801 45
1711256755178 2.6622516402574896 46
1711256820145 2.4867706528018485 47
1711256884367 2.287716637781629 48
1711256949193 2.380396601881654 49
1711257014639 2.3820745130807954 50
1711257079170 2.457285477015763 51
1711257143126 2.231901976561855 52
1711257207288 2.2997114075266154 53
1711257271543 2.194683089873731 54
1711257335313 2.245761378641578 55
1711257399402 2.2703742675579766 56
1711257463686 2.4433450936700503 57
1711257530441 2.1932398696046875 58
1711257596552 2.5723608875959396 59
1711257661887 2.275768806222662 60
1711257726376 2.3769742407361556 61
1711257790963 2.3730402017826195 62
1711257858825 2.335029813485186 63
1711257925363 2.2173856977799784 64
1711257990139 2.67695438227284 65
1711258055630 2.41172397251795 66
1711258121911 2.3587828567302136 67
1711258186741 2.343742778740612 68
1711258252309 2.412187164727243 69
1711258318417 2.225875577700751 70
1711258383189 2.456029235784435 71
1711258447914 2.2723632087150283 72
1711258512672 2.148179597879013 73
1711258578235 2.093123426797062 74
1711258642543 2.0421335984567137 75
1711258706551 2.664152120987043 76
1711258770524 2.356839822150697 77
1711258835381 2.1461971042749854 78
1711258900060 2.0528745770405217 79
1711258964259 2.3070987558801686 80
1711259028631 2.3245331971610135 81
1711259093926 2.2725370347445737 82
1711259159378 2.161084504208963 83
1711259225181 2.1392107937195677 84
1711259290046 2.5031639432202692 85
1711259355314 2.2063461974911283 86
1711259419546 2.061469294173475 87
1711259483848 2.0873506746719483 88
1711259548466 2.1060100220764215 89
1711259611942 2.2080563464553933 90
1711259676738 2.26180495378394 91
1711259740695 2.1188685060245938 92
1711259808161 2.01031827700751 93
1711259873445 2.188713687381365 94
1711259937970 2.1309993191384007 95
1711260003716 1.9799809926136833 96
1711260068316 2.4749515144012544 97
1711260133890 2.112665960014855 98
1711260197482 2.119556073079145 99
