1711253661098 0.9041842040108938 0
1711253731741 0.9861351819757366 1
1711253798740 0.9930675909878682 2
1711253863230 0.9923248328794256 3
1711253929378 0.9948006932409013 4
1711253996930 0.9950482792770488 5
1711254066934 0.9952958653131964 6
1711254133230 0.9965337954939342 7
1711254201699 0.9975241396385244 8
1711254268016 0.9967813815300817 9
1711254336269 0.9957910373854915 10
1711254401831 0.9957910373854915 11
1711254469010 0.9997524139638524 12
1711254537674 0.9980193117108195 13
1711254603353 0.997771725674672 14
1711254670795 0.9997524139638524 15
1711254737641 0.9990096558554098 16
1711254806039 0.9992572418915573 17
1711254873999 0.9980193117108195 18
1711254941760 0.9997524139638524 19
1711255008847 0.9995048279277049 20
1711255076745 0.9990096558554098 21
1711255144713 0.9992572418915573 22
1711255212892 0.9992572418915573 23
1711255280969 0.9980193117108195 24
1711255347508 0.9992572418915573 25
1711255412583 0.9972765536023769 26
1711255479191 0.9997524139638524 27
1711255546337 0.9985144837831146 28
1711255614271 0.9975241396385244 29
1711255682203 0.9992572418915573 30
1711255749523 0.9995048279277049 31
1711255815391 0.9990096558554098 32
1711255881642 0.9987620698192622 33
1711255951194 0.9995048279277049 34
1711256017658 0.9992572418915573 35
1711256090988 0.9992572418915573 36
1711256158177 0.9982668977469671 37
1711256225911 0.9985144837831146 38
1711256293819 0.9997524139638524 39
1711256358883 0.9990096558554098 40
1711256425714 0.9992572418915573 41
1711256490571 0.9995048279277049 42
1711256555813 1.0 43
1711256626107 1.0 44
1711256691144 0.9995048279277049 45
1711256755166 0.9987620698192622 46
1711256820136 0.9995048279277049 47
1711256884357 0.9995048279277049 48
1711256949172 0.9992572418915573 49
1711257014628 0.9992572418915573 50
1711257079162 0.9990096558554098 51
1711257143118 1.0 52
1711257207282 1.0 53
1711257271536 1.0 54
1711257335306 1.0 55
1711257399392 0.9992572418915573 56
1711257463679 0.9987620698192622 57
1711257530435 1.0 58
1711257596544 0.9995048279277049 59
1711257661879 0.9992572418915573 60
1711257726367 0.9995048279277049 61
1711257790956 0.9995048279277049 62
1711257858819 0.9997524139638524 63
1711257925354 0.9997524139638524 64
1711257990130 0.9982668977469671 65
1711258055622 0.9990096558554098 66
1711258121904 0.9985144837831146 67
1711258186733 0.9987620698192622 68
1711258252302 0.9987620698192622 69
1711258318411 0.9987620698192622 70
1711258383180 0.9985144837831146 71
1711258447906 0.9995048279277049 72
1711258512661 0.9997524139638524 73
1711258578223 0.9997524139638524 74
1711258642535 1.0 75
1711258706543 0.9982668977469671 76
1711258770516 0.9997524139638524 77
1711258835375 1.0 78
1711258900052 0.9997524139638524 79
1711258964252 0.9995048279277049 80
1711259028620 0.9995048279277049 81
1711259093919 0.9992572418915573 82
1711259159368 0.9997524139638524 83
1711259225164 0.9997524139638524 84
1711259290040 0.9987620698192622 85
1711259355305 0.9997524139638524 86
1711259419540 1.0 87
1711259483841 0.9995048279277049 88
1711259548458 1.0 89
1711259611933 0.9992572418915573 90
1711259676730 0.9992572418915573 91
1711259740689 0.9995048279277049 92
1711259808155 1.0 93
1711259873435 0.9995048279277049 94
1711259937961 0.9995048279277049 95
1711260003708 0.9997524139638524 96
1711260068308 0.9995048279277049 97
1711260133883 1.0 98
1711260197471 0.9995048279277049 99
