1711253661098 0.763555335479079 0
1711253731741 0.9460262441198316 1
1711253798740 0.9700420896261451 2
1711253863230 0.9658331270116366 3
1711253929378 0.9834117355781133 4
1711253996930 0.9863827680118842 5
1711254066934 0.9881158702649171 6
1711254133230 0.9873731121564744 7
1711254201699 0.9933151770240158 8
1711254268016 0.9883634563010646 9
1711254336269 0.9881158702649171 10
1711254401831 0.9881158702649171 11
1711254469010 0.9967813815300817 12
1711254537674 0.994305521168606 13
1711254603353 0.9930675909878682 14
1711254670795 0.9965337954939342 15
1711254737641 0.9948006932409013 16
1711254806039 0.9972765536023769 17
1711254873999 0.9925724189155731 18
1711254941760 0.9975241396385244 19
1711255008847 0.9960386234216391 20
1711255076745 0.9952958653131964 21
1711255144713 0.9972765536023769 22
1711255212892 0.997771725674672 23
1711255280969 0.9970289675662293 24
1711255347508 0.9960386234216391 25
1711255412583 0.9933151770240158 26
1711255479191 0.9980193117108195 27
1711255546337 0.9955434513493439 28
1711255614271 0.9945531072047537 29
1711255682203 0.9970289675662293 30
1711255749523 0.9967813815300817 31
1711255815391 0.9965337954939342 32
1711255881642 0.9948006932409013 33
1711255951194 0.9980193117108195 34
1711256017658 0.9970289675662293 35
1711256090988 0.9987620698192622 36
1711256158177 0.9945531072047537 37
1711256225911 0.9950482792770488 38
1711256293819 0.9987620698192622 39
1711256358883 0.9952958653131964 40
1711256425714 0.9970289675662293 41
1711256490571 0.9975241396385244 42
1711256555813 0.9990096558554098 43
1711256626107 0.9995048279277049 44
1711256691144 0.9990096558554098 45
1711256755166 0.9957910373854915 46
1711256820136 0.9970289675662293 47
1711256884357 0.9980193117108195 48
1711256949172 0.9972765536023769 49
1711257014628 0.997771725674672 50
1711257079162 0.9980193117108195 51
1711257143118 0.9985144837831146 52
1711257207282 0.9987620698192622 53
1711257271536 0.9982668977469671 54
1711257335306 0.9985144837831146 55
1711257399392 0.9987620698192622 56
1711257463679 0.9962862094577866 57
1711257530435 0.9992572418915573 58
1711257596544 0.9972765536023769 59
1711257661879 0.9985144837831146 60
1711257726367 0.997771725674672 61
1711257790956 0.997771725674672 62
1711257858819 0.9990096558554098 63
1711257925354 0.9990096558554098 64
1711257990130 0.9952958653131964 65
1711258055622 0.9972765536023769 66
1711258121904 0.997771725674672 67
1711258186733 0.9965337954939342 68
1711258252302 0.9970289675662293 69
1711258318411 0.9982668977469671 70
1711258383180 0.9965337954939342 71
1711258447906 0.9985144837831146 72
1711258512661 0.9987620698192622 73
1711258578223 0.9992572418915573 74
1711258642535 0.9997524139638524 75
1711258706543 0.9957910373854915 76
1711258770516 0.9982668977469671 77
1711258835375 0.9992572418915573 78
1711258900052 0.9987620698192622 79
1711258964252 0.997771725674672 80
1711259028620 0.9980193117108195 81
1711259093919 0.997771725674672 82
1711259159368 0.9985144837831146 83
1711259225164 0.9987620698192622 84
1711259290040 0.9948006932409013 85
1711259355305 0.9992572418915573 86
1711259419540 0.9990096558554098 87
1711259483841 0.9992572418915573 88
1711259548458 0.9987620698192622 89
1711259611933 0.9975241396385244 90
1711259676730 0.9982668977469671 91
1711259740689 0.9990096558554098 92
1711259808155 0.9990096558554098 93
1711259873435 0.9980193117108195 94
1711259937961 0.9990096558554098 95
1711260003708 0.9990096558554098 96
1711260068308 0.997771725674672 97
1711260133883 0.9992572418915573 98
1711260197471 0.9995048279277049 99
