1711253661092 0.009992523347073705 0
1711253731737 0.004042932099206281 1
1711253798735 0.0033289677132667954 2
1711253863222 0.003454329697807126 3
1711253929374 0.0026110232638259703 4
1711253996921 0.0025473096809064105 5
1711254066928 0.002342159487537597 6
1711254133222 0.002206097545429585 7
1711254201694 0.0020345131146818365 8
1711254268010 0.0023208709651521306 9
1711254336264 0.0023172523210857913 10
1711254401826 0.002104368598527727 11
1711254469003 0.001638295071886502 12
1711254537667 0.001719864088486382 13
1711254603347 0.0018341009854339063 14
1711254670789 0.001501007713861579 15
1711254737629 0.0016952301369804778 16
1711254806034 0.0015689761586496515 17
1711254873992 0.0018571432689112601 18
1711254941752 0.0015710874421448254 19
1711255008841 0.0014551176457887165 20
1711255076730 0.0016508636979436927 21
1711255144704 0.0013626792167294956 22
1711255212887 0.0014026847919841104 23
1711255280958 0.0015148610729000319 24
1711255347504 0.0014586790362810993 25
1711255412568 0.0017159758815726283 26
1711255479182 0.0014234469381695853 27
1711255546329 0.0016039693696392092 28
1711255614267 0.0017808123807524247 29
1711255682196 0.0013948989770430518 30
1711255749516 0.0013407192773319376 31
1711255815384 0.0014190657648124206 32
1711255881637 0.0017499708490432378 33
1711255951188 0.0012020062042012959 34
1711256017653 0.0014101386636191297 35
1711256090979 0.001227338637552676 36
1711256158171 0.0015122700983423297 37
1711256225905 0.001501018868841111 38
1711256293814 0.0012733497761194547 39
1711256358878 0.0012830498540142348 40
1711256425708 0.0013198052437302869 41
1711256490566 0.0012391707980959207 42
1711256555807 0.0010894907535846797 43
1711256626100 0.0011294125227746324 44
1711256691140 0.0010685010471422742 45
1711256755159 0.0014607851122077186 46
1711256820131 0.0012465756790514225 47
1711256884352 0.0010862156168423998 48
1711256949164 0.0011847293929953017 49
1711257014622 0.0011975171475551358 50
1711257079157 0.0012712370916062247 51
1711257143113 0.0010373637787329199 52
1711257207277 0.00108366380566685 53
1711257271530 0.000992477869604585 54
1711257335298 0.00104657015884249 55
1711257399386 0.00105485547994411 56
1711257463673 0.0012529514208989272 57
1711257530429 0.0009878505239468345 58
1711257596538 0.0013461243067314794 59
1711257661872 0.0010852236689718458 60
1711257726363 0.0011831935245018121 61
1711257790952 0.0011901336144033525 62
1711257858812 0.0011363276977802046 63
1711257925350 0.0010108935818454196 64
1711257990125 0.0015436920782869294 65
1711258055618 0.0012152107440553015 66
1711258121899 0.0011995734714921379 67
1711258186727 0.0011782579602025874 68
1711258252292 0.00123248803619489 69
1711258318407 0.001102882034276695 70
1711258383174 0.0012735722956505816 71
1711258447902 0.0010907820340633244 72
1711258512654 0.000940139189167732 73
1711258578219 0.0009064665310589671 74
1711258642530 0.0008581548586019804 75
1711258706537 0.0015210058203826908 76
1711258770511 0.0011371682455076255 77
1711258835370 0.0009624963141585894 78
1711258900048 0.0008623393769445137 79
1711258964247 0.0011133514346133013 80
1711259028602 0.001145156026624217 81
1711259093914 0.0011019929098069097 82
1711259159363 0.0009947820548728884 83
1711259225144 0.0009747088518244962 84
1711259290034 0.001294808938153005 85
1711259355301 0.0009941343880272332 86
1711259419536 0.0008761291615469012 87
1711259483836 0.0009176581160057022 88
1711259548452 0.0009239416559097717 89
1711259611927 0.001078405141735929 90
1711259676725 0.0010616560689909015 91
1711259740683 0.0009335448874949044 92
1711259808151 0.0008456149160986453 93
1711259873428 0.0010329592982503022 94
1711259937954 0.0009199123263951521 95
1711260003699 0.0008202066054593053 96
1711260068303 0.0012493620281992942 97
1711260133877 0.0009063315607485186 98
1711260197468 0.0009293401435750656 99
