-71
91
-14
-54
68
0
34
-127
78
-74
-87
37
18
-9
-63
27
-73
69
86
-65
-67
1
-95
-111
72
14
67
-93
-99
48
54
71
15
0
7
-37
-8
-94
-45
-127
127
127
-51
11
66
49
-58
10
58
64
59
-43
7
-89
40
-60
-28
-70
64
-127
123
-75
1
-41
127
-87
91
-13
30
-73
14
40
33
-86
-48
-69
86
-28
-68
1
-8
62
-3
127
-99
-55
-113
83
86
-23
13
-20
66
-44
-38
42
-42
-69
54
-32
29
-78
-66
30
-9
100
-51
-86
40
59
-93
-17
46
-50
-3
-112
-127
-93
-38
66
16
112
-45
-127
7
-88
-61
-61
-42
29
5
-42
9
127
-124
-42
68
64
127
-6
-72
27
-94
84
-82
117
0
-28
-21
115
-104
8
-102
-23
71
-67
127
-67
-127
35
-18
-84
-14
-127
40
8
-41
-80
-36
-41
62
38
-53
-5
88
55
-54
-127
-1
49
103
106
-46
-54
-28
-122
-61
57
-17
22
-68
117
-3
-7
1
-127
-96
14
-36
73
127
36
-67
-89
118
-22
-126
16
-79
13
-53
-127
-13
-70
5
30
127
-70
56
-19
41
38
-51
-126
-64
48
-48
-95
-23
62
41
-112
-35
-29
7
-36
-1
51
-80
-54
-31
25
88
-69
-65
33
-34
-6
-1
1
2
-39
-127
-109
-14
-39
-52
34
16
-86
-1
-18
16
-61
-23
-61
32
35
-17
-44
31
42
10
-127
-80
100
-127
-28
5
-7
-58
-72
-82
-6
36
-4
-93
-48
-2
19
-40
-37
59
7
-2
-53
-65
-113
-116
61
-41
-103
-37
74
40
-36
-11
-57
-87
20
-23
6
4
4
-13
-93
104
71
-14
-59
70
34
-32
-43
-87
28
-42
-88
62
57
-75
-14
-89
11
-59
27
127
-61
40
35
127
-31
-13
-84
127
-10
33
-110
127
-44
67
-127
1
11
127
41
-24
3
7
-26
13
-26
66
-111
-78
-3
61
0
-59
127
-7
33
-6
-63
-95
127
-16
-127
-8
-28
127
38
-82
-87
8
7
-27
-44
-71
-65
-17
17
-86
127
-20
68
-35
-63
-63
-43
-127
-40
-32
-21
-46
78
4
34
11
17
-52
-72
-50
-24
31
-11
-49
70
54
-60
-6
3
47
-73
-22
83
78
2
-3
-22
-49
-127
17
-127
72
-50
-37
35
-68
-74
97
-38
-127
-28
-122
-19
-97
-37
29
-84
-127
-9
-19
11
17
-23
106
11
43
13
-17
34
87
6
-4
6
-8
-127
59
-100
-56
-126
97
-109
0
9
-69
127
-123
50
29
-97
-21
30
10
127
22
62
-29
39
50
-18
-127
29
-55
62
-29
66
28
19
-13
-59
-4
0
-3
127
-66
53
3
13
10
124
46
49
92
-31
-71
-46
-104
-12
-24
34
3
-70
-53
-80
-32
-81
-40
-6
33
-16
72
100
-15
15
27
-76
-57
-44
63
127
34
58
33
-38
59
2
-60
44
-58
102
12
-72
17
97
-10
-3
-127
51
-107
-55
-15
-16
-96
-65
-20
-60
-104
78
-32
23
4
46
14
-11
127
-22
-35
-127
-41
-67
-33
-85
-32
-29
27
127
34
33
-122
-127
-68
-118
-114
-46
-7
7
-97
127
-126
-4
53
-127
-87
-45
16
-47
74
33
35
127
94
27
-7
-79
79
25
-64
-31
-75
-102
-6
-37
6
-127
-1
4
-22
-127
56
-64
-66
-99
-56
-49
-15
66
7
7
-6
91
35
68
127
21
62
-25
7
-81
-127
-15
-41
-64
45
-19
-32
-101
-15
33
127
119
31
17
-86
-86
-46
1
81
55
127
-127
-24
56
-18
-37
-104
-89
127
-9
27
-29
45
-127
-46
-40
35
-51
-59
56
27
49
60
79
-122
62
78
-127
-14
-64
28
-89
72
-45
33
127
127
14
57
59
46
-127
-127
37
-42
58
-46
5
-108
-103
-121
-82
-16
-72
-71
-56
14
8
-109
-127
-74
-54
77
-96
-36
-73
72
-98
-73
-2
-127
-1
-7
-34
-97
16
27
-127
0
-71
-113
-15
7
8
-101
-79
52
23
-22
-83
20
73
-32
-43
-127
78
-127
-42
-7
-38
8
34
-61
93
-20
53
-9
49
-107
-30
-18
-100
71
49
47
69
-114
69
22
-39
-89
10
39
-1
-8
22
7
-121
57
44
7
-122
31
112
84
-30
-9
127
-2
1
107
-127
-127
102
-9
-95
2
-8
-28
121
127
127
-45
26
-5
-26
-61
-90
31
57
127
-113
-65
-53
118
58
64
70
-34
67
-38
6
101
-30
-44
0
-84
-74
-51
-125
-50
127
-48
-9
47
-127
-20
-69
20
17
-55
123
102
38
17
-84
4
84
27
-127
44
-14
17
68
56
44
-23
101
-36
52
-31
15
41
66
-72
-50
-55
16
-94
-59
37
23
-113
41
-127
-104
81
26
-37
-10
26
-36
-17
-41
27
108
-109
-19
40
-24
6
-27
42
47
93
15
50
-62
127
47
-79
-72
-1
86
-49
-80
-45
-76
20
-106
92
91
-97
-49
-90
-23
-115
20
-50
-68
-67
-49
118
-52
-2
-32
-103
29
36
44
-68
35
47
100
-54
-2
66
-120
107
26
117
-127
2
7
3
-61
-107
-20
-8
-34
30
-84
2
-2
-26
40
96
-62
43
-103
-27
-93
-71
-116
-115
111
46
-3
56
-89
-127
-3
95
-19
-33
42
-107
96
27
32
29
24
-13
-36
-127
46
108
116
-50
-3
-127
7
-23
65
0
23
-127
123
-59
-86
-84
80
-99
-3
12
82
60
-58
29
-4
-74
73
-41
72
124
-40
127
19
127
127
-127
33
44
-71
18
84
-122
-67
127
-35
-121
43
-38
-31
98
-37
-40
64
-88
-86
-47
-4
100
-24
-22
19
-30
-52
58
12
-26
80
-29
-110
68
103
-22
-76
-30
58
67
-125
-62
127
127
98
-34
-107
48
-127
-127
-109
16
35
64
29
127
-80
-127
-44
-21
-45
93
-77
75
7
-99
-81
66
33
48
36
-56
0
127
-127
-40
23
-25
127
-58
-72
-97
-127
62
41
-29
-52
22
-127
62
106
-35
32
8
-8
-63
31
-30
-12
-82
38
-49
42
-47
-1
-80
-103
-34
-127
-121
83
0
-10
-127
0
36
-71
15
13
-20
75
-47
-65
81
-39
6
-31
-39
-72
27
-30
113
8
35
80
7
-127
-63
-31
-16
127
-62
-26
68
-8
-107
33
-64
57
25
23
22
54
-71
-127
-84
5
-53
-8
35
71
-36
-41
33
-81
15
52
13
-72
-109
70
90
-43
-61
49
-24
-39
84
-81
-21
14
-127
127
-41
-76
36
40
95
-37
-9
-22
74
6
-48
-40
65
-5
29
-72
-81
-15
-114
15
-13
55
-68
-29
102
69
-26
-81
44
127
14
-99
-42
-103
-18
-61
-76
-29
127
-76
47
-93
54
-1
7
9
-38
-118
-33
31
-72
-47
-12
81
17
-47
66
-80
-18
36
-78
27
-127
-50
-44
16
-18
-103
32
127
60
11
-51
-44
82
-127
127
127
-110
-28
72
-100
-38
53
104
112
71
127
-16
9
96
-30
113
127
-127
43
-127
-15
51
-2
1
-63
-82
-5
1
-29
-29
-94
110
-121
-3
30
12
-127
-17
39
-103
19
70
-6
15
127
127
-28
25
-102
-40
-11
-53
127
37
40
63
65
-127
127
-49
-85
18
39
33
74
-47
-1
-92
-35
23
49
-48
-93
127
1
-71
85
20
15
59
36
-30
58
-3
127
-71
0
7
-99
-44
17
41
6
-127
-118
127
-11
76
61
-16
-44
28
104
-43
4
1
-109
127
5
-127
59
-119
48
15
50
127
13
127
103
-102
-49
2
-18
82
69
-3
-115
86
52
-59
-19
11
-9
-63
-92
80
-24
18
34
26
-19
121
-4
-100
-36
-61
-79
-72
85
-122
-13
-127
-9
-36
-39
-14
-2
-49
-53
-127
-31
-127
78
-17
-46
16
22
-11
-99
-31
-25
-1
-43
-47
41
65
38
17
-23
-19
63
70
-48
-78
-24
69
12
14
61
-127
-111
3
-39
-1
1
85
-73
-127
12
16
18
60
-4
-31
68
-115
-62
55
127
8
-64
-110
-51
-18
127
49
-127
37
-20
-87
25
127
-77
-22
64
-63
101
-96
-60
-68
21
-2
54
-85
-54
79
-8
57
-2
-127
-22
-21
-127
-57
30
-80
93
18
-19
52
-20
36
127
12
79
91
85
-126
85
-127
-3
39
122
-52
-127
-12
-70
127
-86
-34
-127
-28
101
48
30
-30
112
44
-127
-77
31
112
-92
48
86
126
-87
-95
51
-15
-11
64
-7
15
-127
-107
127
-21
-70
127
68
46
64
55
-24
-103
116
-5
127
-117
22
-21
-89
-114
-36
37
-78
-127
6
-127
127
48
27
-80
-43
127
-7
-87
45
41
-22
28
-78
-56
115
-31
-69
-67
-55
38
-36
65
-127
7
32
108
26
-127
127
-127
7
-19
8
58
-94
-95
-57
20
-28
-78
-122
0
-13
65
-77
-75
127
13
-28
-74
-30
-40
-107
29
4
97
127
114
86
-78
85
-6
25
25
-16
48
127
127
46
11
43
-25
8
-16
-5
-39
127
-58
64
-127
42
77
-78
6
17
49
-26
-127
-69
-46
-93
127
0
127
85
83
79
37
-72
105
-127
103
-127
-74
-38
24
62
18
-127
6
-46
-56
-27
6
21
-127
-127
-15
43
-21
113
3
-64
80
-125
-26
127
-49
-35
-103
45
-44
-32
-49
108
127
90
-2
97
36
-96
-127
-35
36
-127
75
86
-57
-50
60
-27
26
-127
127
-14
-38
-57
117
-73
6
76
-75
-74
-102
-46
-127
-9
19
14
-49
-105
-75
127
-33
-63
-45
-109
-72
-44
-127
-59
-50
69
-127
-56
127
127
-1
-5
-62
8
57
21
-41
20
127
33
57
127
26
-44
78
16
14
-19
-95
25
21
21
-43
0
56
48
-60
-125
-25
-81
16
127
-82
56
-87
-127
36
-127
-60
78
-80
19
-37
51
9
-38
-47
127
3
-36
-64
-119
-4
24
120
49
52
-127
23
31
-63
-47
-53
81
-116
70
-61
-49
-52
104
21
9
-100
116
9
30
-47
-119
8
-79
78
6
100
-71
-89
-66
54
-127
-45
-115
-127
-36
33
94
-55
30
-66
-19
40
77
99
-91
-127
75
60
28
-55
-127
-20
-12
-107
-99
-127
80
-24
-36
-51
65
23
-42
1
-7
-19
24
21
-127
44
38
103
112
-43
69
118
63
-127
-4
-67
70
113
111
13
127
-21
-41
-11
-104
15
-104
-83
-127
11
40
-11
-38
-114
55
12
-60
44
-127
-127
-91
-26
66
79
-62
-127
13
-32
15
71
-118
-49
61
-16
112
-17
-59
113
-66
106
116
81
-44
-48
89
-28
127
-62
39
10
-127
70
-98
-26
-39
27
-78
-45
66
118
-39
-127
-17
-47
-36
-71
127
41
10
-28
46
21
-2
127
-114
15
-88
57
48
27
127
15
-21
127
104
-127
-27
96
127
100
39
-127
51
-127
-14
-35
-1
-41
-37
46
-4
-64
-26
-75
-16
90
108
-10
23
26
-40
-127
-63
5
9
-16
-14
-95
-51
-16
37
36
-9
-119
0
-43
-15
16
127
5
-11
-106
-89
-108
-127
88
18
-68
-43
-17
-8
-23
2
-45
12
-125
122
74
15
-39
58
77
-127
17
-21
28
7
127
6
-55
127
34
-62
127
45
2
-127
14
-34
65
-2
-88
-21
28
42
36
-127
-81
39
-4
92
-90
60
32
-76
-127
127
12
41
-97
17
127
28
18
41
-39
36
-50
-113
-106
59
1
-1
-19
-110
-68
94
-71
31
-127
41
-16
-97
-97
-41
-26
82
-127
-127
17
-83
62
-101
-101
-126
37
-113
-46
110
127
15
-51
9
89
-102
-99
72
-63
-122
53
-52
-87
-10
-10
-25
88
95
106
63
94
127
-27
2
12
8
-32
-43
-56
-127
-46
101
62
-35
74
-36
-127
-17
-89
36
-121
5
84
-104
-105
26
124
-97
-92
-7
-36
127
-57
-108
-64
26
-39
20
-58
42
-113
-126
-127
12
-16
9
-127
-11
-127
-71
25
-3
-37
108
-94
-11
30
8
-77
-17
32
-127
26
39
-111
34
-38
-127
-59
106
-37
-106
27
-51
28
-104
-12
-33
2
-75
-43
-50
73
9
-112
70
1
127
-12
-9
8
-86
33
-83
7
-127
-127
72
24
-96
-30
-36
-127
-71
127
-8
5
72
102
-38
-127
117
42
85
-1
-85
127
-15
-107
17
-127
14
-24
127
-90
-21
-111
-12
-57
-50
12
23
61
51
-16
-90
-84
-127
127
127
44
-18
127
48
-127
87
-50
71
127
-115
-19
82
36
127
9
-30
-52
127
-25
126
76
-127
-73
-127
-16
-35
84
-34
127
21
-60
-56
-100
-11
109
93
108
-88
-34
127
-20
-103
34
-30
55
56
-127
72
65
-66
63
-64
-127
79
117
38
19
50
-112
23
-54
69
52
-15
127
-44
-30
-25
-105
-120
-127
-76
127
115
127
-37
12
62
29
-59
-127
6
33
-113
-97
51
-13
-32
-127
37
28
-56
36
97
70
-71
-88
-52
-127
54
-68
85
-61
10
-84
36
-124
19
-74
-4
127
-45
37
93
-50
16
-45
-103
24
-87
83
-79
16
-110
62
-55
-36
127
28
45
-16
-46
92
-81
127
-51
-109
9
-56
127
-34
73
26
-87
-48
-2
53
3
-53
47
32
-88
64
113
-46
11
60
-15
105
-111
-116
16
127
-47
-16
-127
86
-121
127
-47
-24
-101
48
40
21
-55
-41
-88
-127
86
-45
-127
26
8
-127
-87
-60
-61
-60
-127
-14
-26
-95
0
29
76
-84
-72
-14
-68
78
64
34
89
127
96
-35
127
71
25
-95
-32
-79
117
-39
-104
-10
25
-22
61
-38
7
-81
-44
-2
-81
78
-127
-127
-127
34
-35
-126
-66
48
109
-82
70
-81
-91
-50
-98
-107
-63
-84
15
-127
-115
61
-82
-48
14
45
-51
