1720
-180
0
285
889
-51
-60
-180
0
-585
273
-66
0
-2032
-1358
52
90
-552
-348
336
56
105
-654
0
0
0
114
0
0
88
-39
-48
170
-130
-15
0
-100
0
0
273
355
0
-1905
0
770
-147
0
0
-455
318
-423
99
248
0
889
246
0
-183
-315
-414
429
720
-108
1800
0
45
396
0
-12
-474
0
0
-480
0
550
-132
-635
168
0
-168
184
-342
462
16
0
804
140
-255
104
207
0
-621
-1170
75
0
-45
-1270
912
0
-625
0
-249
0
-434
0
-360
0
-195
-539
0
156
-76
0
0
0
-76
0
0
0
166
-325
0
-287
-1188
861
0
0
-10
-102
0
0
-156
-635
0
360
0
-18
0
0
-34
-70
696
-39
0
0
-26
-1863
252
-520
0
-36
-234
-381
198
0
0
186
238
-66
0
0
-792
1080
0
-1305
0
0
69
-272
-150
0
-28
0
-11
-255
-2794
2415
-1260
1012
396
-1164
0
-360
510
-125
0
-470
110
312
0
0
-1425
3000
-212
0
-400
-616
591
-711
1008
0
-965
474
624
0
-3600
658
452
522
-1344
512
385
-30
-1183
-870
0
0
0
416
0
0
-456
-197
-3
-12
2184
-165
0
-284
0
0
35
-30
0
390
0
-1498
192
0
0
-735
942
-909
-224
352
0
1442
-1116
0
-78
-1656
-78
1826
-420
288
-1540
0
513
-336
0
2
-312
0
0
1344
0
725
8
-295
-426
0
39
298
-237
84
-64
0
-1620
1080
-390
-154
-1404
0
3402
-2938
609
0
183
-1560
2700
0
-530
0
-333
0
-448
0
-808
0
-570
-1505
0
-122
-204
0
0
0
-322
0
0
0
-294
130
0
-574
-2952
-112
0
0
-800
150
0
0
-3120
170
0
-740
0
114
0
0
-392
-707
1224
67
0
0
18
-378
204
240
0
-67
603
198
-168
0
0
86
-782
-248
0
0
36
873
0
-2640
0
0
160
-244
80
0
-422
0
-199
-174
1496
667
-1630
154
-396
-600
0
110
335
130
0
-2410
-1606
-1320
0
0
-3306
1720
-180
0
285
889
-51
-60
-180
0
-585
273
-66
0
-2032
-1358
52
90
-552
-348
336
56
105
-654
0
0
0
114
0
0
88
-39
-48
170
-130
-15
0
-100
0
0
273
355
0
-1905
0
770
-147
0
0
-455
318
-423
99
248
0
889
246
0
-183
-315
-414
429
720
-108
1800
0
45
396
0
-12
-474
0
0
-480
0
550
-132
-635
168
0
-168
184
-342
462
16
0
804
140
-255
104
207
0
-621
-1170
75
0
-45
-1270
912
0
-625
0
-249
0
-434
0
-360
0
-195
-539
0
156
-76
0
0
0
-76
0
0
0
166
-325
0
-287
-1188
861
0
0
-10
-102
0
0
-156
-635
0
360
0
-18
0
0
-34
-70
696
-39
0
0
-26
-1863
252
-520
0
-36
-234
-381
198
0
0
186
238
-66
0
0
-792
1080
0
-1305
0
0
69
-272
-150
0
-28
0
-11
-255
-2794
2415
-1260
1012
396
-1164
0
-360
510
-125
0
-470
110
312
0
0
-1425
2540
-130
0
-60
-42
381
-330
180
0
-620
288
630
0
-1776
140
240
306
-928
244
182
55
-294
-762
0
0
0
254
0
0
-254
-70
186
166
1248
660
0
-254
0
0
14
270
0
225
0
-168
93
0
0
-427
654
-414
-97
204
0
868
-762
0
-60
-819
-342
1056
45
88
100
0
351
6
0
-16
60
0
0
328
0
-625
-10
-450
-254
0
-216
254
-216
378
176
0
-1092
1020
-258
100
-1143
0
3429
-1651
381
0
30
-1160
1524
0
-550
0
-96
0
-476
0
-848
0
-381
-889
0
-30
-64
0
0
0
-192
0
0
0
-40
-30
0
-210
-1524
147
0
0
-840
-18
0
0
-2756
-35
0
-232
0
102
0
0
-238
-651
1524
70
0
0
-16
-1053
12
80
0
-67
432
6
-168
0
0
62
1377
-134
0
0
-126
720
0
-1905
0
0
99
-100
52
0
-254
0
-127
-351
968
-1012
-860
660
-198
-684
0
-300
325
45
0
-1140
-1188
-1320
0
0
-2413
-1300
254
0
-300
441
-99
324
144
0
560
381
462
0
-592
1778
112
-510
1016
-448
889
61
791
-654
0
0
0
-138
0
0
196
92
102
76
-910
1110
0
-232
0
0
-889
-140
0
360
0
-1778
-90
0
0
133
174
-108
121
-508
0
-826
192
0
153
1143
174
671
1770
32
-960
0
1143
-762
0
-254
-102
0
0
232
0
-3175
124
385
-36
0
15
178
381
371
648
0
-456
410
-381
-6
-738
0
-729
1053
219
0
-192
200
-1116
0
-425
0
-225
0
-392
0
-744
0
-204
-665
0
176
-246
0
0
0
254
0
0
0
68
-365
0
-434
312
-595
0
0
-1120
-762
0
0
-3302
565
0
412
0
-246
0
0
250
-630
-840
13
0
0
-127
-2241
1524
1560
0
40
1143
24
84
0
0
254
2125
96
0
0
1143
-243
0
-165
0
0
-127
68
118
0
-248
0
-126
66
880
-2921
-1270
1078
-1143
588
0
-520
635
275
0
310
286
-1524
0
0
798
2220
-140
0
575
49
483
-498
-1128
0
-940
228
-132
0
-768
1526
416
558
-1032
388
14
114
-672
-1104
0
0
0
146
0
0
-290
-120
-195
242
1365
1800
0
-252
0
0
-427
290
0
-75
0
-910
-81
0
0
462
-108
-81
-140
324
0
1113
-612
0
-243
-1548
-450
-77
-1860
-224
-820
0
468
-384
0
-68
-12
0
0
192
0
50
-168
-400
-492
0
-567
296
-390
609
1192
0
-216
1080
-261
-30
-783
0
2646
-1001
591
0
30
-1010
1656
0
-615
0
-207
0
-833
0
-1224
0
-201
-945
0
-214
184
0
0
0
-386
0
0
0
96
325
0
-161
-600
84
0
0
-850
348
0
0
-936
75
0
-548
0
218
0
0
-316
0
1008
9
0
0
-104
-2862
-180
-200
0
-97
999
-120
186
0
0
118
901
-224
0
0
63
837
0
-1035
0
0
150
208
-92
0
-244
0
-167
-462
66
-1909
-1280
-737
-333
-1248
0
-585
420
115
0
-1070
-1265
-1932
0
0
-1919
-1320
84
0
-495
1659
-291
222
-2628
0
-215
-489
-378
0
1952
-882
-244
-1470
-64
-540
399
10
966
-894
0
0
0
-418
0
0
292
85
303
-318
-3016
-330
0
-418
0
0
-1043
95
0
-1200
0
-1638
-414
0
0
252
-906
2367
301
132
0
-728
420
0
90
9
-438
-1551
-255
-232
-1320
0
1251
-1344
0
-314
-354
0
0
-848
0
-1750
30
150
-368
0
-201
258
138
1393
1184
0
1368
-160
-420
136
540
0
-2646
2353
456
0
-717
850
-924
0
-340
0
-864
0
-868
0
16
0
222
77
0
436
390
0
0
0
240
0
0
0
94
640
0
1078
2472
-196
0
0
-2090
-288
0
0
650
-40
0
708
0
312
0
0
-160
476
792
-85
0
0
-311
-2835
1248
-1240
0
160
1062
-114
954
0
0
330
-323
418
0
0
-540
-747
0
645
0
0
-44
992
6
0
-232
0
-197
153
-594
-2714
-1330
-121
-144
-732
0
-45
120
15
0
-280
1969
204
0
0
912
1720
-180
0
285
889
-51
-60
-180
0
-585
273
-66
0
-2032
-1358
52
90
-552
-348
336
56
105
-654
0
0
0
114
0
0
88
-39
-48
170
-130
-15
0
-100
0
0
273
355
0
-1905
0
770
-147
0
0
-455
318
-423
99
248
0
889
246
0
-183
-315
-414
429
720
-108
1800
0
45
396
0
-12
-474
0
0
-480
0
550
-132
-635
168
0
-168
184
-342
462
16
0
804
140
-255
104
207
0
-621
-1170
75
0
-45
-1270
912
0
-625
0
-249
0
-434
0
-360
0
-195
-539
0
156
-76
0
0
0
-76
0
0
0
166
-325
0
-287
-1188
861
0
0
-10
-102
0
0
-156
-635
0
360
0
-18
0
0
-34
-70
696
-39
0
0
-26
-1863
252
-520
0
-36
-234
-381
198
0
0
186
238
-66
0
0
-792
1080
0
-1305
0
0
69
-272
-150
0
-28
0
-11
-255
-2794
2415
-1260
1012
396
-1164
0
-360
510
-125
0
-470
110
312
0
0
-1425
2180
-262
0
-55
315
159
-441
648
0
-930
459
-72
0
-3856
-840
264
306
-968
-80
539
-29
-784
-762
0
0
0
276
0
0
-114
-166
-237
-8
806
-840
0
-130
0
0
294
55
0
-1740
0
-560
-48
0
0
-763
606
-918
-28
396
0
1463
-108
0
-201
-1152
-150
1199
255
92
160
0
207
54
0
6
-846
0
0
536
0
1900
-114
-480
-4
0
87
228
-363
168
-224
0
276
200
-387
-150
-54
0
-648
-2457
303
0
108
-1670
2088
0
-605
0
-486
0
-406
0
-320
0
-384
-1155
0
64
-216
0
0
0
-206
0
0
0
-88
-165
0
-651
-2616
602
0
0
30
66
0
0
-520
-430
0
-148
0
-6
0
0
-188
-126
396
-42
0
0
8
-1188
444
-360
0
-36
-63
-189
198
0
0
210
-1921
-180
0
0
-630
1233
0
-2040
0
0
130
-416
-122
0
-196
0
-83
-78
-2266
4094
-2030
506
198
-1080
0
50
520
-40
0
-1740
-308
312
0
0
-2318
2180
-262
0
-55
315
159
-441
648
0
-930
459
-72
0
-3856
-840
264
306
-968
-80
539
-29
-784
-762
0
0
0
276
0
0
-114
-166
-237
-8
806
-840
0
-130
0
0
294
55
0
-1740
0
-560
-48
0
0
-763
606
-918
-28
396
0
1463
-108
0
-201
-1152
-150
1199
255
92
160
0
207
54
0
6
-846
0
0
536
0
1900
-114
-480
-4
0
87
228
-363
168
-224
0
276
200
-387
-150
-54
0
-648
-2457
303
0
108
-1670
2088
0
-605
0
-486
0
-406
0
-320
0
-384
-1155
0
64
-216
0
0
0
-206
0
0
0
-88
-165
0
-651
-2616
602
0
0
30
66
0
0
-520
-430
0
-148
0
-6
0
0
-188
-126
396
-42
0
0
8
-1188
444
-360
0
-36
-63
-189
198
0
0
210
-1921
-180
0
0
-630
1233
0
-2040
0
0
130
-416
-122
0
-196
0
-83
-78
-2266
4094
-2030
506
198
-1080
0
50
520
-40
0
-1740
-308
312
0
0
-2318
1720
-180
0
285
889
-51
-60
-180
0
-585
273
-66
0
-2032
-1358
52
90
-552
-348
336
56
105
-654
0
0
0
114
0
0
88
-39
-48
170
-130
-15
0
-100
0
0
273
355
0
-1905
0
770
-147
0
0
-455
318
-423
99
248
0
889
246
0
-183
-315
-414
429
720
-108
1800
0
45
396
0
-12
-474
0
0
-480
0
550
-132
-635
168
0
-168
184
-342
462
16
0
804
140
-255
104
207
0
-621
-1170
75
0
-45
-1270
912
0
-625
0
-249
0
-434
0
-360
0
-195
-539
0
156
-76
0
0
0
-76
0
0
0
166
-325
0
-287
-1188
861
0
0
-10
-102
0
0
-156
-635
0
360
0
-18
0
0
-34
-70
696
-39
0
0
-26
-1863
252
-520
0
-36
-234
-381
198
0
0
186
238
-66
0
0
-792
1080
0
-1305
0
0
69
-272
-150
0
-28
0
-11
-255
-2794
2415
-1260
1012
396
-1164
0
-360
510
-125
0
-470
110
312
0
0
-1425
-840
172
0
-640
-133
111
-57
972
0
215
567
456
0
-2416
2296
324
-294
600
-180
1092
-24
-98
-762
0
0
0
24
0
0
-6
-35
-87
-102
26
285
0
-262
0
0
-868
-440
0
525
0
-3108
9
0
0
-175
462
-603
-6
-360
0
-252
-162
0
135
306
438
1441
1305
232
-2600
0
1305
-1104
0
-236
-474
0
0
1248
0
-1825
142
540
-208
0
270
222
360
77
408
0
-984
470
-513
-260
-999
0
-756
-234
447
0
-39
-200
60
0
-405
0
-462
0
-364
0
-704
0
-393
-1281
0
84
-386
0
0
0
124
0
0
0
-186
-205
0
-798
-1116
-854
0
0
-1080
-594
0
0
-3666
770
0
-96
0
-234
0
0
96
-686
-1140
10
0
0
-93
-1566
1716
1720
0
40
1314
216
84
0
0
278
-34
-18
0
0
1305
-90
0
-900
0
0
-66
-76
146
0
-416
0
-198
243
1408
-1242
-2040
572
-1341
672
0
-110
645
360
0
-960
-132
-1524
0
0
-95
2540
-130
0
-60
-42
381
-330
180
0
-620
288
630
0
-1776
140
240
306
-928
244
182
55
-294
-762
0
0
0
254
0
0
-254
-70
186
166
1248
660
0
-254
0
0
14
270
0
225
0
-168
93
0
0
-427
654
-414
-97
204
0
868
-762
0
-60
-819
-342
1056
45
88
100
0
351
6
0
-16
60
0
0
328
0
-625
-10
-450
-254
0
-216
254
-216
378
176
0
-1092
1020
-258
100
-1143
0
3429
-1651
381
0
30
-1160
1524
0
-550
0
-96
0
-476
0
-848
0
-381
-889
0
-30
-64
0
0
0
-192
0
0
0
-40
-30
0
-210
-1524
147
0
0
-840
-18
0
0
-2756
-35
0
-232
0
102
0
0
-238
-651
1524
70
0
0
-16
-1053
12
80
0
-67
432
6
-168
0
0
62
1377
-134
0
0
-126
720
0
-1905
0
0
99
-100
52
0
-254
0
-127
-351
968
-1012
-860
660
-198
-684
0
-300
325
45
0
-1140
-1188
-1320
0
0
-2413
1720
-180
0
285
889
-51
-60
-180
0
-585
273
-66
0
-2032
-1358
52
90
-552
-348
336
56
105
-654
0
0
0
114
0
0
88
-39
-48
170
-130
-15
0
-100
0
0
273
355
0
-1905
0
770
-147
0
0
-455
318
-423
99
248
0
889
246
0
-183
-315
-414
429
720
-108
1800
0
45
396
0
-12
-474
0
0
-480
0
550
-132
-635
168
0
-168
184
-342
462
16
0
804
140
-255
104
207
0
-621
-1170
75
0
-45
-1270
912
0
-625
0
-249
0
-434
0
-360
0
-195
-539
0
156
-76
0
0
0
-76
0
0
0
166
-325
0
-287
-1188
861
0
0
-10
-102
0
0
-156
-635
0
360
0
-18
0
0
-34
-70
696
-39
0
0
-26
-1863
252
-520
0
-36
-234
-381
198
0
0
186
238
-66
0
0
-792
1080
0
-1305
0
0
69
-272
-150
0
-28
0
-11
-255
-2794
2415
-1260
1012
396
-1164
0
-360
510
-125
0
-470
110
312
0
0
-1425
-840
172
0
-640
-133
111
-57
972
0
215
567
456
0
-2416
2296
324
-294
600
-180
1092
-24
-98
-762
0
0
0
24
0
0
-6
-35
-87
-102
26
285
0
-262
0
0
-868
-440
0
525
0
-3108
9
0
0
-175
462
-603
-6
-360
0
-252
-162
0
135
306
438
1441
1305
232
-2600
0
1305
-1104
0
-236
-474
0
0
1248
0
-1825
142
540
-208
0
270
222
360
77
408
0
-984
470
-513
-260
-999
0
-756
-234
447
0
-39
-200
60
0
-405
0
-462
0
-364
0
-704
0
-393
-1281
0
84
-386
0
0
0
124
0
0
0
-186
-205
0
-798
-1116
-854
0
0
-1080
-594
0
0
-3666
770
0
-96
0
-234
0
0
96
-686
-1140
10
0
0
-93
-1566
1716
1720
0
40
1314
216
84
0
0
278
-34
-18
0
0
1305
-90
0
-900
0
0
-66
-76
146
0
-416
0
-198
243
1408
-1242
-2040
572
-1341
672
0
-110
645
360
0
-960
-132
-1524
0
0
-95
420
74
0
-15
1330
-150
264
-36
0
-25
654
396
0
-2624
420
164
-420
464
-796
1225
117
896
-1308
0
0
0
-24
0
0
284
53
54
246
-1040
1095
0
-332
0
0
-616
215
0
-1545
0
-1008
-237
0
0
-322
492
-531
220
-260
0
63
438
0
-30
828
-240
1100
2490
-76
840
0
1188
-366
0
-266
-576
0
0
-248
0
-2625
-8
-250
132
0
-153
362
39
833
664
0
348
550
-636
98
-531
0
-1350
-117
294
0
-237
-1070
-204
0
-1050
0
-474
0
-826
0
-1104
0
-399
-1204
0
332
-322
0
0
0
178
0
0
0
234
-690
0
-721
-876
266
0
0
-1130
-864
0
0
-3458
-70
0
772
0
-264
0
0
216
-700
-144
-26
0
0
-153
-4104
1776
1040
0
4
909
-357
282
0
0
440
2363
30
0
0
351
837
0
-1470
0
0
-58
-204
-32
0
-276
0
-137
-189
-1914
-506
-2530
2090
-747
-576
0
-880
1145
150
0
-160
396
-1212
0
0
-627
760
-178
0
-25
336
528
-417
-1380
0
-1245
-99
408
0
-144
-168
-92
78
-1240
628
119
8
-700
-1200
0
0
0
50
0
0
-362
-108
-231
250
1586
180
0
-380
0
0
-679
135
0
315
0
-1008
63
0
0
378
-84
1062
-57
528
0
945
-960
0
-15
-1620
-258
-88
-1155
36
-1060
0
621
-726
0
-178
-102
0
0
296
0
-400
-90
-210
-712
0
-501
360
-210
1498
1288
0
-660
560
-312
-46
-225
0
2133
-286
543
0
-171
-440
1224
0
-555
0
-465
0
-700
0
-384
0
-96
-322
0
-182
438
0
0
0
-274
0
0
0
-64
585
0
728
-120
63
0
0
-2050
144
0
0
-130
-45
0
-208
0
472
0
0
-450
35
1740
86
0
0
-175
-2322
-300
400
0
-28
747
60
288
0
0
214
340
-168
0
0
-603
333
0
165
0
0
168
716
30
0
-328
0
-247
-216
66
-2852
-1500
-594
-108
-1488
0
50
145
50
0
-1720
-1309
-1176
0
0
-1824
2540
-130
0
-60
-42
381
-330
180
0
-620
288
630
0
-1776
140
240
306
-928
244
182
55
-294
-762
0
0
0
254
0
0
-254
-70
186
166
1248
660
0
-254
0
0
14
270
0
225
0
-168
93
0
0
-427
654
-414
-97
204
0
868
-762
0
-60
-819
-342
1056
45
88
100
0
351
6
0
-16
60
0
0
328
0
-625
-10
-450
-254
0
-216
254
-216
378
176
0
-1092
1020
-258
100
-1143
0
3429
-1651
381
0
30
-1160
1524
0
-550
0
-96
0
-476
0
-848
0
-381
-889
0
-30
-64
0
0
0
-192
0
0
0
-40
-30
0
-210
-1524
147
0
0
-840
-18
0
0
-2756
-35
0
-232
0
102
0
0
-238
-651
1524
70
0
0
-16
-1053
12
80
0
-67
432
6
-168
0
0
62
1377
-134
0
0
-126
720
0
-1905
0
0
99
-100
52
0
-254
0
-127
-351
968
-1012
-860
660
-198
-684
0
-300
325
45
0
-1140
-1188
-1320
0
0
-2413
2680
-8
0
45
1330
45
-189
-2196
0
-530
126
-288
0
-448
952
504
-684
-784
-536
476
171
700
-1560
0
0
0
-68
0
0
110
3
525
-160
-1989
1950
0
-544
0
0
-777
520
0
-1365
0
-1708
-465
0
0
-91
-276
810
121
132
0
308
6
0
-198
-738
-972
-484
-915
-404
-980
0
1449
-996
0
-220
-204
0
0
-624
0
-1925
-58
-490
-402
0
-483
448
-258
882
1264
0
720
1380
-627
252
-1161
0
1296
-13
885
0
-486
-880
1032
0
-950
0
-702
0
-1477
0
-1672
0
-264
-1435
0
374
72
0
0
0
-64
0
0
0
214
350
0
-21
468
-28
0
0
-1730
-102
0
0
-2912
45
0
136
0
160
0
0
-264
-210
1584
-92
0
0
-256
-4428
1380
-1760
0
24
1746
-288
684
0
0
296
1615
228
0
0
0
477
0
-2460
0
0
37
384
-64
0
-402
0
-244
-444
374
-2783
-1970
396
-567
-1176
0
-980
720
125
0
-770
825
-1872
0
0
-1596
-40
178
0
1090
959
-198
66
-2832
0
260
105
-1188
0
736
2408
608
-510
208
-128
42
125
105
-1020
0
0
0
-274
0
0
166
46
-78
-178
-1534
2580
0
-196
0
0
-693
655
0
-1980
0
-1498
-555
0
0
749
-1062
927
73
-360
0
-609
666
0
-564
54
-870
-1276
-2490
-820
-160
0
819
-720
0
-158
-144
0
0
-840
0
675
-412
-305
-154
0
-408
240
-516
329
1720
0
2400
1040
-219
-80
603
0
-3753
1417
399
0
-381
-650
-240
0
-700
0
-336
0
-1246
0
-1392
0
276
-798
0
-34
156
0
0
0
22
0
0
0
268
100
0
-350
2256
651
0
0
-690
240
0
0
2886
-70
0
-20
0
-64
0
0
34
245
-96
-188
0
0
-211
-5238
636
-2820
0
-17
1143
-456
1116
0
0
124
-799
18
0
0
837
729
0
-690
0
0
-75
472
-398
0
-62
0
-167
-492
-2838
-1771
-980
-1815
-324
-2088
0
-715
435
185
0
360
1045
-840
0
0
1273
1720
-180
0
285
889
-51
-60
-180
0
-585
273
-66
0
-2032
-1358
52
90
-552
-348
336
56
105
-654
0
0
0
114
0
0
88
-39
-48
170
-130
-15
0
-100
0
0
273
355
0
-1905
0
770
-147
0
0
-455
318
-423
99
248
0
889
246
0
-183
-315
-414
429
720
-108
1800
0
45
396
0
-12
-474
0
0
-480
0
550
-132
-635
168
0
-168
184
-342
462
16
0
804
140
-255
104
207
0
-621
-1170
75
0
-45
-1270
912
0
-625
0
-249
0
-434
0
-360
0
-195
-539
0
156
-76
0
0
0
-76
0
0
0
166
-325
0
-287
-1188
861
0
0
-10
-102
0
0
-156
-635
0
360
0
-18
0
0
-34
-70
696
-39
0
0
-26
-1863
252
-520
0
-36
-234
-381
198
0
0
186
238
-66
0
0
-792
1080
0
-1305
0
0
69
-272
-150
0
-28
0
-11
-255
-2794
2415
-1260
1012
396
-1164
0
-360
510
-125
0
-470
110
312
0
0
-1425
-1300
254
0
-300
441
-99
324
144
0
560
381
462
0
-592
1778
112
-510
1016
-448
889
61
791
-654
0
0
0
-138
0
0
196
92
102
76
-910
1110
0
-232
0
0
-889
-140
0
360
0
-1778
-90
0
0
133
174
-108
121
-508
0
-826
192
0
153
1143
174
671
1770
32
-960
0
1143
-762
0
-254
-102
0
0
232
0
-3175
124
385
-36
0
15
178
381
371
648
0
-456
410
-381
-6
-738
0
-729
1053
219
0
-192
200
-1116
0
-425
0
-225
0
-392
0
-744
0
-204
-665
0
176
-246
0
0
0
254
0
0
0
68
-365
0
-434
312
-595
0
0
-1120
-762
0
0
-3302
565
0
412
0
-246
0
0
250
-630
-840
13
0
0
-127
-2241
1524
1560
0
40
1143
24
84
0
0
254
2125
96
0
0
1143
-243
0
-165
0
0
-127
68
118
0
-248
0
-126
66
880
-2921
-1270
1078
-1143
588
0
-520
635
275
0
310
286
-1524
0
0
798
280
8
0
-365
1834
-186
171
-888
0
-515
327
-96
0
-1024
210
-4
-648
296
-1304
1309
167
1407
-1428
0
0
0
-180
0
0
446
30
90
174
-2626
945
0
-424
0
0
-1155
-170
0
-1455
0
-1792
-414
0
0
154
-138
99
322
148
0
357
690
0
213
126
-108
-297
2115
-60
-1000
0
1584
-1038
0
-364
-768
0
0
-496
0
-3925
198
65
-100
0
-363
358
339
1239
1048
0
636
-70
-789
200
-792
0
-513
754
609
0
-372
10
-324
0
-815
0
-855
0
-938
0
-912
0
-378
-1008
0
586
-94
0
0
0
90
0
0
0
356
-55
0
-133
-216
-623
0
0
-1340
-822
0
0
-4680
190
0
844
0
-26
0
0
78
147
-504
-61
0
0
-270
-4050
2316
1740
0
82
1647
-321
372
0
0
606
2924
284
0
0
-171
-18
0
-465
0
0
6
116
106
0
-352
0
-127
99
-572
-1403
-3080
2244
-927
456
0
-1130
1200
115
0
-80
1287
-1536
0
0
-589
2860
-278
0
-750
-112
555
-804
156
0
-1455
147
132
0
-2000
448
284
294
-1512
4
469
20
-672
-990
0
0
0
260
0
0
-294
-220
33
-84
598
-315
0
-376
0
0
-504
-415
0
480
0
-2282
15
0
0
-259
312
-279
-122
760
0
1736
-864
0
165
-2358
54
429
-795
304
-3380
0
909
-1008
0
-96
-504
0
0
1096
0
-575
214
20
-658
0
-171
294
63
490
320
0
-1332
460
-543
-52
-1665
0
4239
-2067
924
0
48
-480
2580
0
-295
0
-714
0
-560
0
-616
0
-549
-1309
0
132
24
0
0
0
-410
0
0
0
-172
765
0
14
-2292
-1001
0
0
-1010
192
0
0
-4342
430
0
-668
0
352
0
0
-530
140
864
32
0
0
-99
-324
744
940
0
11
1341
234
-78
0
0
252
-221
6
0
0
-486
18
0
-1635
0
0
224
76
218
0
-498
0
-189
114
2838
-230
-2180
308
-576
432
0
-140
390
95
0
-2330
-715
-1644
0
0
-3268
2220
-140
0
575
49
483
-498
-1128
0
-940
228
-132
0
-768
1526
416
558
-1032
388
14
114
-672
-1104
0
0
0
146
0
0
-290
-120
-195
242
1365
1800
0
-252
0
0
-427
290
0
-75
0
-910
-81
0
0
462
-108
-81
-140
324
0
1113
-612
0
-243
-1548
-450
-77
-1860
-224
-820
0
468
-384
0
-68
-12
0
0
192
0
50
-168
-400
-492
0
-567
296
-390
609
1192
0
-216
1080
-261
-30
-783
0
2646
-1001
591
0
30
-1010
1656
0
-615
0
-207
0
-833
0
-1224
0
-201
-945
0
-214
184
0
0
0
-386
0
0
0
96
325
0
-161
-600
84
0
0
-850
348
0
0
-936
75
0
-548
0
218
0
0
-316
0
1008
9
0
0
-104
-2862
-180
-200
0
-97
999
-120
186
0
0
118
901
-224
0
0
63
837
0
-1035
0
0
150
208
-92
0
-244
0
-167
-462
66
-1909
-1280
-737
-333
-1248
0
-585
420
115
0
-1070
-1265
-1932
0
0
-1919
-1560
0
0
-480
63
-165
432
264
0
1232
0
1078
-214
-777
1270
56
-1615
2032
-560
508
0
1017
0
0
0
0
0
0
-254
196
0
340
0
-1260
222
0
-1276
-381
0
0
-392
0
456
0
-762
0
0
0
133
145
-72
605
0
0
-1062
0
335
0
254
29
366
1534
48
-432
0
1905
-1397
0
-1270
-238
0
0
145
0
-3429
248
0
-234
0
30
267
254
0
567
0
-228
410
0
0
-1148
0
-675
2025
292
0
0
0
-186
0
0
0
-750
0
0
0
-744
0
-408
-1520
0
1056
0
0
0
0
0
0
522
0
578
-73
0
-62
26
-425
0
0
-672
-381
0
0
-3302
1695
0
0
0
0
-254
0
0
-1350
-280
13
0
0
0
-2075
1905
1326
-420
0
1651
112
168
0
0
508
2000
96
186
0
381
-243
0
-132
0
0
0
272
0
635
0
0
-252
0
960
-4064
-1524
1862
0
588
0
0
0
165
0
341
208
-2413
-508
0
840
1720
-180
0
285
889
-51
-60
-180
0
-585
273
-66
0
-2032
-1358
52
90
-552
-348
336
56
105
-654
0
0
0
114
0
0
88
-39
-48
170
-130
-15
0
-100
0
0
273
355
0
-1905
0
770
-147
0
0
-455
318
-423
99
248
0
889
246
0
-183
-315
-414
429
720
-108
1800
0
45
396
0
-12
-474
0
0
-480
0
550
-132
-635
168
0
-168
184
-342
462
16
0
804
140
-255
104
207
0
-621
-1170
75
0
-45
-1270
912
0
-625
0
-249
0
-434
0
-360
0
-195
-539
0
156
-76
0
0
0
-76
0
0
0
166
-325
0
-287
-1188
861
0
0
-10
-102
0
0
-156
-635
0
360
0
-18
0
0
-34
-70
696
-39
0
0
-26
-1863
252
-520
0
-36
-234
-381
198
0
0
186
238
-66
0
0
-792
1080
0
-1305
0
0
69
-272
-150
0
-28
0
-11
-255
-2794
2415
-1260
1012
396
-1164
0
-360
510
-125
0
-470
110
312
0
0
-1425
1720
-180
0
285
889
-51
-60
-180
0
-585
273
-66
0
-2032
-1358
52
90
-552
-348
336
56
105
-654
0
0
0
114
0
0
88
-39
-48
170
-130
-15
0
-100
0
0
273
355
0
-1905
0
770
-147
0
0
-455
318
-423
99
248
0
889
246
0
-183
-315
-414
429
720
-108
1800
0
45
396
0
-12
-474
0
0
-480
0
550
-132
-635
168
0
-168
184
-342
462
16
0
804
140
-255
104
207
0
-621
-1170
75
0
-45
-1270
912
0
-625
0
-249
0
-434
0
-360
0
-195
-539
0
156
-76
0
0
0
-76
0
0
0
166
-325
0
-287
-1188
861
0
0
-10
-102
0
0
-156
-635
0
360
0
-18
0
0
-34
-70
696
-39
0
0
-26
-1863
252
-520
0
-36
-234
-381
198
0
0
186
238
-66
0
0
-792
1080
0
-1305
0
0
69
-272
-150
0
-28
0
-11
-255
-2794
2415
-1260
1012
396
-1164
0
-360
510
-125
0
-470
110
312
0
0
-1425
1720
-180
0
285
889
-51
-60
-180
0
-585
273
-66
0
-2032
-1358
52
90
-552
-348
336
56
105
-654
0
0
0
114
0
0
88
-39
-48
170
-130
-15
0
-100
0
0
273
355
0
-1905
0
770
-147
0
0
-455
318
-423
99
248
0
889
246
0
-183
-315
-414
429
720
-108
1800
0
45
396
0
-12
-474
0
0
-480
0
550
-132
-635
168
0
-168
184
-342
462
16
0
804
140
-255
104
207
0
-621
-1170
75
0
-45
-1270
912
0
-625
0
-249
0
-434
0
-360
0
-195
-539
0
156
-76
0
0
0
-76
0
0
0
166
-325
0
-287
-1188
861
0
0
-10
-102
0
0
-156
-635
0
360
0
-18
0
0
-34
-70
696
-39
0
0
-26
-1863
252
-520
0
-36
-234
-381
198
0
0
186
238
-66
0
0
-792
1080
0
-1305
0
0
69
-272
-150
0
-28
0
-11
-255
-2794
2415
-1260
1012
396
-1164
0
-360
510
-125
0
-470
110
312
0
0
-1425
280
188
0
455
868
-300
234
-1524
0
580
165
-426
0
-272
1022
432
-762
312
-272
210
66
483
-678
0
0
0
-166
0
0
202
96
303
-254
-1651
1440
0
-198
0
0
-252
635
0
-1680
0
-756
-381
0
0
-140
-300
594
116
-480
0
-854
516
0
-381
783
-762
-143
-585
-508
760
0
702
-330
0
-106
-72
0
0
-704
0
0
-254
-355
84
0
-57
198
-342
98
704
0
1524
980
-216
50
243
0
-2970
767
189
0
-381
-800
-372
0
-635
0
-225
0
-889
0
-1016
0
96
-742
0
150
-92
0
0
0
216
0
0
0
132
-255
0
-399
1332
714
0
0
-680
-126
0
0
1066
-180
0
296
0
-180
0
0
112
-406
420
-127
0
0
-123
-3429
828
-2540
0
13
576
-330
762
0
0
68
-323
108
0
0
648
612
0
-1560
0
0
-126
164
-254
0
-72
0
-127
-381
-1936
-874
-560
-418
-189
-1524
0
-430
340
115
0
290
1122
-228
0
0
779
-1860
328
0
-150
203
-219
432
-1236
0
1215
-111
282
0
-896
1190
272
-738
1320
88
574
-61
49
-1038
0
0
0
-138
0
0
-10
137
318
-70
-728
-465
0
-336
0
0
-1022
55
0
-885
0
-2282
-183
0
0
-245
360
171
-5
-968
0
-1456
0
0
-261
1026
-168
473
-285
-304
-1780
0
1224
-882
0
-164
-834
0
0
152
0
700
-178
-35
164
0
324
292
-27
574
720
0
552
-290
-351
-100
594
0
-3996
754
216
0
-519
170
-996
0
-695
0
-303
0
-798
0
-240
0
-87
-686
0
-36
-242
0
0
0
252
0
0
0
-68
-755
0
-875
732
287
0
0
-1950
-312
0
0
598
-75
0
16
0
-408
0
0
366
-1295
-348
-29
0
0
-196
-3510
1572
-2540
0
140
1062
-39
846
0
0
246
-2431
-78
0
0
1314
-531
0
-735
0
0
-235
332
-216
0
-234
0
-193
-36
-2156
-3473
-830
352
-657
-672
0
165
380
750
0
320
-275
-156
0
0
760
-1300
254
0
-300
441
-99
324
144
0
560
381
462
0
-592
1778
112
-510
1016
-448
889
61
791
-654
0
0
0
-138
0
0
196
92
102
76
-910
1110
0
-232
0
0
-889
-140
0
360
0
-1778
-90
0
0
133
174
-108
121
-508
0
-826
192
0
153
1143
174
671
1770
32
-960
0
1143
-762
0
-254
-102
0
0
232
0
-3175
124
385
-36
0
15
178
381
371
648
0
-456
410
-381
-6
-738
0
-729
1053
219
0
-192
200
-1116
0
-425
0
-225
0
-392
0
-744
0
-204
-665
0
176
-246
0
0
0
254
0
0
0
68
-365
0
-434
312
-595
0
0
-1120
-762
0
0
-3302
565
0
412
0
-246
0
0
250
-630
-840
13
0
0
-127
-2241
1524
1560
0
40
1143
24
84
0
0
254
2125
96
0
0
1143
-243
0
-165
0
0
-127
68
118
0
-248
0
-126
66
880
-2921
-1270
1078
-1143
588
0
-520
635
275
0
310
286
-1524
0
0
798
280
188
0
455
868
-300
234
-1524
0
580
165
-426
0
-272
1022
432
-762
312
-272
210
66
483
-678
0
0
0
-166
0
0
202
96
303
-254
-1651
1440
0
-198
0
0
-252
635
0
-1680
0
-756
-381
0
0
-140
-300
594
116
-480
0
-854
516
0
-381
783
-762
-143
-585
-508
760
0
702
-330
0
-106
-72
0
0
-704
0
0
-254
-355
84
0
-57
198
-342
98
704
0
1524
980
-216
50
243
0
-2970
767
189
0
-381
-800
-372
0
-635
0
-225
0
-889
0
-1016
0
96
-742
0
150
-92
0
0
0
216
0
0
0
132
-255
0
-399
1332
714
0
0
-680
-126
0
0
1066
-180
0
296
0
-180
0
0
112
-406
420
-127
0
0
-123
-3429
828
-2540
0
13
576
-330
762
0
0
68
-323
108
0
0
648
612
0
-1560
0
0
-126
164
-254
0
-72
0
-127
-381
-1936
-874
-560
-418
-189
-1524
0
-430
340
115
0
290
1122
-228
0
0
779
1720
-180
0
285
889
-51
-60
-180
0
-585
273
-66
0
-2032
-1358
52
90
-552
-348
336
56
105
-654
0
0
0
114
0
0
88
-39
-48
170
-130
-15
0
-100
0
0
273
355
0
-1905
0
770
-147
0
0
-455
318
-423
99
248
0
889
246
0
-183
-315
-414
429
720
-108
1800
0
45
396
0
-12
-474
0
0
-480
0
550
-132
-635
168
0
-168
184
-342
462
16
0
804
140
-255
104
207
0
-621
-1170
75
0
-45
-1270
912
0
-625
0
-249
0
-434
0
-360
0
-195
-539
0
156
-76
0
0
0
-76
0
0
0
166
-325
0
-287
-1188
861
0
0
-10
-102
0
0
-156
-635
0
360
0
-18
0
0
-34
-70
696
-39
0
0
-26
-1863
252
-520
0
-36
-234
-381
198
0
0
186
238
-66
0
0
-792
1080
0
-1305
0
0
69
-272
-150
0
-28
0
-11
-255
-2794
2415
-1260
1012
396
-1164
0
-360
510
-125
0
-470
110
312
0
0
-1425
260
-218
0
-315
1176
-6
21
-432
0
-890
-54
474
0
-1408
-3052
-456
-390
-760
-108
441
-50
77
-750
0
0
0
18
0
0
16
-27
-84
178
91
-1635
0
-228
0
0
21
200
0
-1515
0
672
-3
0
0
-539
342
720
182
452
0
721
-102
0
45
-387
-222
418
1425
152
1560
0
198
54
0
-122
-564
0
0
-376
0
100
-54
-445
-52
0
-102
248
-162
1351
112
0
360
-380
-306
88
765
0
-1134
-455
27
0
-246
-700
480
0
-565
0
-507
0
-301
0
480
0
-90
84
0
188
178
0
0
0
36
0
0
0
6
-65
0
602
-708
840
0
0
-1210
-306
0
0
650
-755
0
700
0
236
0
0
-168
-35
1428
38
0
0
-97
-1323
132
80
0
33
-486
-201
300
0
0
282
-323
-10
0
0
-1458
576
0
-105
0
0
87
236
-28
0
-112
0
-91
-9
-2794
1472
-1480
1155
621
-1404
0
275
235
-190
0
-1120
66
1068
0
0
-1330
3000
-212
0
-400
-616
591
-711
1008
0
-965
474
624
0
-3600
658
452
522
-1344
512
385
-30
-1183
-870
0
0
0
416
0
0
-456
-197
-3
-12
2184
-165
0
-284
0
0
35
-30
0
390
0
-1498
192
0
0
-735
942
-909
-224
352
0
1442
-1116
0
-78
-1656
-78
1826
-420
288
-1540
0
513
-336
0
2
-312
0
0
1344
0
725
8
-295
-426
0
39
298
-237
84
-64
0
-1620
1080
-390
-154
-1404
0
3402
-2938
609
0
183
-1560
2700
0
-530
0
-333
0
-448
0
-808
0
-570
-1505
0
-122
-204
0
0
0
-322
0
0
0
-294
130
0
-574
-2952
-112
0
0
-800
150
0
0
-3120
170
0
-740
0
114
0
0
-392
-707
1224
67
0
0
18
-378
204
240
0
-67
603
198
-168
0
0
86
-782
-248
0
0
36
873
0
-2640
0
0
160
-244
80
0
-422
0
-199
-174
1496
667
-1630
154
-396
-600
0
110
335
130
0
-2410
-1606
-1320
0
0
-3306
-1300
254
0
-300
441
-99
324
144
0
560
381
462
0
-592
1778
112
-510
1016
-448
889
61
791
-654
0
0
0
-138
0
0
196
92
102
76
-910
1110
0
-232
0
0
-889
-140
0
360
0
-1778
-90
0
0
133
174
-108
121
-508
0
-826
192
0
153
1143
174
671
1770
32
-960
0
1143
-762
0
-254
-102
0
0
232
0
-3175
124
385
-36
0
15
178
381
371
648
0
-456
410
-381
-6
-738
0
-729
1053
219
0
-192
200
-1116
0
-425
0
-225
0
-392
0
-744
0
-204
-665
0
176
-246
0
0
0
254
0
0
0
68
-365
0
-434
312
-595
0
0
-1120
-762
0
0
-3302
565
0
412
0
-246
0
0
250
-630
-840
13
0
0
-127
-2241
1524
1560
0
40
1143
24
84
0
0
254
2125
96
0
0
1143
-243
0
-165
0
0
-127
68
118
0
-248
0
-126
66
880
-2921
-1270
1078
-1143
588
0
-520
635
275
0
310
286
-1524
0
0
798
1360
20
0
-205
1113
126
-15
-1596
0
-345
126
744
0
-1424
-532
164
-936
-824
212
497
15
161
-1536
0
0
0
-8
0
0
-124
38
453
-80
-182
480
0
-580
0
0
-490
750
0
-1065
0
-1022
-144
0
0
-651
378
1323
102
-72
0
-154
-594
0
-213
-108
-912
902
165
-160
620
0
1206
-666
0
-232
-102
0
0
-272
0
-1075
-186
-615
-390
0
-207
516
-378
1365
976
0
-12
1480
-525
134
-342
0
-54
-169
522
0
-552
-1390
720
0
-1125
0
-579
0
-1232
0
-1024
0
-180
-1008
0
152
98
0
0
0
136
0
0
0
-68
-25
0
280
288
840
0
0
-2720
-348
0
0
-884
-335
0
404
0
176
0
0
-260
-1022
2676
20
0
0
-210
-3942
720
-1860
0
15
756
-144
696
0
0
226
493
30
0
0
-144
828
0
-2265
0
0
-9
572
-80
0
-410
0
-334
-486
-968
-2829
-1640
385
-162
-2448
0
-95
390
95
0
-1500
-110
-792
0
0
-1539
-1320
84
0
-495
1659
-291
222
-2628
0
-215
-489
-378
0
1952
-882
-244
-1470
-64
-540
399
10
966
-894
0
0
0
-418
0
0
292
85
303
-318
-3016
-330
0
-418
0
0
-1043
95
0
-1200
0
-1638
-414
0
0
252
-906
2367
301
132
0
-728
420
0
90
9
-438
-1551
-255
-232
-1320
0
1251
-1344
0
-314
-354
0
0
-848
0
-1750
30
150
-368
0
-201
258
138
1393
1184
0
1368
-160
-420
136
540
0
-2646
2353
456
0
-717
850
-924
0
-340
0
-864
0
-868
0
16
0
222
77
0
436
390
0
0
0
240
0
0
0
94
640
0
1078
2472
-196
0
0
-2090
-288
0
0
650
-40
0
708
0
312
0
0
-160
476
792
-85
0
0
-311
-2835
1248
-1240
0
160
1062
-114
954
0
0
330
-323
418
0
0
-540
-747
0
645
0
0
-44
992
6
0
-232
0
-197
153
-594
-2714
-1330
-121
-144
-732
0
-45
120
15
0
-280
1969
204
0
0
912
2540
-130
0
-60
-42
381
-330
180
0
-620
288
630
0
-1776
140
240
306
-928
244
182
55
-294
-762
0
0
0
254
0
0
-254
-70
186
166
1248
660
0
-254
0
0
14
270
0
225
0
-168
93
0
0
-427
654
-414
-97
204
0
868
-762
0
-60
-819
-342
1056
45
88
100
0
351
6
0
-16
60
0
0
328
0
-625
-10
-450
-254
0
-216
254
-216
378
176
0
-1092
1020
-258
100
-1143
0
3429
-1651
381
0
30
-1160
1524
0
-550
0
-96
0
-476
0
-848
0
-381
-889
0
-30
-64
0
0
0
-192
0
0
0
-40
-30
0
-210
-1524
147
0
0
-840
-18
0
0
-2756
-35
0
-232
0
102
0
0
-238
-651
1524
70
0
0
-16
-1053
12
80
0
-67
432
6
-168
0
0
62
1377
-134
0
0
-126
720
0
-1905
0
0
99
-100
52
0
-254
0
-127
-351
968
-1012
-860
660
-198
-684
0
-300
325
45
0
-1140
-1188
-1320
0
0
-2413
280
188
0
455
868
-300
234
-1524
0
580
165
-426
0
-272
1022
432
-762
312
-272
210
66
483
-678
0
0
0
-166
0
0
202
96
303
-254
-1651
1440
0
-198
0
0
-252
635
0
-1680
0
-756
-381
0
0
-140
-300
594
116
-480
0
-854
516
0
-381
783
-762
-143
-585
-508
760
0
702
-330
0
-106
-72
0
0
-704
0
0
-254
-355
84
0
-57
198
-342
98
704
0
1524
980
-216
50
243
0
-2970
767
189
0
-381
-800
-372
0
-635
0
-225
0
-889
0
-1016
0
96
-742
0
150
-92
0
0
0
216
0
0
0
132
-255
0
-399
1332
714
0
0
-680
-126
0
0
1066
-180
0
296
0
-180
0
0
112
-406
420
-127
0
0
-123
-3429
828
-2540
0
13
576
-330
762
0
0
68
-323
108
0
0
648
612
0
-1560
0
0
-126
164
-254
0
-72
0
-127
-381
-1936
-874
-560
-418
-189
-1524
0
-430
340
115
0
290
1122
-228
0
0
779
2540
-130
0
-60
-42
381
-330
180
0
-620
288
630
0
-1776
140
240
306
-928
244
182
55
-294
-762
0
0
0
254
0
0
-254
-70
186
166
1248
660
0
-254
0
0
14
270
0
225
0
-168
93
0
0
-427
654
-414
-97
204
0
868
-762
0
-60
-819
-342
1056
45
88
100
0
351
6
0
-16
60
0
0
328
0
-625
-10
-450
-254
0
-216
254
-216
378
176
0
-1092
1020
-258
100
-1143
0
3429
-1651
381
0
30
-1160
1524
0
-550
0
-96
0
-476
0
-848
0
-381
-889
0
-30
-64
0
0
0
-192
0
0
0
-40
-30
0
-210
-1524
147
0
0
-840
-18
0
0
-2756
-35
0
-232
0
102
0
0
-238
-651
1524
70
0
0
-16
-1053
12
80
0
-67
432
6
-168
0
0
62
1377
-134
0
0
-126
720
0
-1905
0
0
99
-100
52
0
-254
0
-127
-351
968
-1012
-860
660
-198
-684
0
-300
325
45
0
-1140
-1188
-1320
0
0
-2413
-1300
254
0
-300
441
-99
324
144
0
560
381
462
0
-592
1778
112
-510
1016
-448
889
61
791
-654
0
0
0
-138
0
0
196
92
102
76
-910
1110
0
-232
0
0
-889
-140
0
360
0
-1778
-90
0
0
133
174
-108
121
-508
0
-826
192
0
153
1143
174
671
1770
32
-960
0
1143
-762
0
-254
-102
0
0
232
0
-3175
124
385
-36
0
15
178
381
371
648
0
-456
410
-381
-6
-738
0
-729
1053
219
0
-192
200
-1116
0
-425
0
-225
0
-392
0
-744
0
-204
-665
0
176
-246
0
0
0
254
0
0
0
68
-365
0
-434
312
-595
0
0
-1120
-762
0
0
-3302
565
0
412
0
-246
0
0
250
-630
-840
13
0
0
-127
-2241
1524
1560
0
40
1143
24
84
0
0
254
2125
96
0
0
1143
-243
0
-165
0
0
-127
68
118
0
-248
0
-126
66
880
-2921
-1270
1078
-1143
588
0
-520
635
275
0
310
286
-1524
0
0
798
2540
-130
0
-60
-42
381
-330
180
0
-620
288
630
0
-1776
140
240
306
-928
244
182
55
-294
-762
0
0
0
254
0
0
-254
-70
186
166
1248
660
0
-254
0
0
14
270
0
225
0
-168
93
0
0
-427
654
-414
-97
204
0
868
-762
0
-60
-819
-342
1056
45
88
100
0
351
6
0
-16
60
0
0
328
0
-625
-10
-450
-254
0
-216
254
-216
378
176
0
-1092
1020
-258
100
-1143
0
3429
-1651
381
0
30
-1160
1524
0
-550
0
-96
0
-476
0
-848
0
-381
-889
0
-30
-64
0
0
0
-192
0
0
0
-40
-30
0
-210
-1524
147
0
0
-840
-18
0
0
-2756
-35
0
-232
0
102
0
0
-238
-651
1524
70
0
0
-16
-1053
12
80
0
-67
432
6
-168
0
0
62
1377
-134
0
0
-126
720
0
-1905
0
0
99
-100
52
0
-254
0
-127
-351
968
-1012
-860
660
-198
-684
0
-300
325
45
0
-1140
-1188
-1320
0
0
-2413
1720
-180
0
285
889
-51
-60
-180
0
-585
273
-66
0
-2032
-1358
52
90
-552
-348
336
56
105
-654
0
0
0
114
0
0
88
-39
-48
170
-130
-15
0
-100
0
0
273
355
0
-1905
0
770
-147
0
0
-455
318
-423
99
248
0
889
246
0
-183
-315
-414
429
720
-108
1800
0
45
396
0
-12
-474
0
0
-480
0
550
-132
-635
168
0
-168
184
-342
462
16
0
804
140
-255
104
207
0
-621
-1170
75
0
-45
-1270
912
0
-625
0
-249
0
-434
0
-360
0
-195
-539
0
156
-76
0
0
0
-76
0
0
0
166
-325
0
-287
-1188
861
0
0
-10
-102
0
0
-156
-635
0
360
0
-18
0
0
-34
-70
696
-39
0
0
-26
-1863
252
-520
0
-36
-234
-381
198
0
0
186
238
-66
0
0
-792
1080
0
-1305
0
0
69
-272
-150
0
-28
0
-11
-255
-2794
2415
-1260
1012
396
-1164
0
-360
510
-125
0
-470
110
312
0
0
-1425
1240
124
0
-360
399
282
-6
324
0
-60
669
1092
0
-2368
1918
352
-204
88
-204
1071
116
497
-1416
0
0
0
116
0
0
-58
22
288
242
338
1770
0
-486
0
0
-875
130
0
585
0
-1946
3
0
0
-294
828
-522
24
-304
0
42
-570
0
93
324
-168
1727
1815
120
-860
0
1494
-756
0
-270
-42
0
0
560
0
-3800
114
-65
-290
0
-201
432
165
749
824
0
-1548
1430
-639
94
-1881
0
2700
-598
600
0
-162
-960
408
0
-975
0
-321
0
-868
0
-1592
0
-585
-1554
0
146
-310
0
0
0
62
0
0
0
28
-395
0
-644
-1212
-448
0
0
-1960
-780
0
0
-6058
530
0
180
0
-144
0
0
12
-1281
684
83
0
0
-143
-3294
1536
1640
0
-27
1575
30
-84
0
0
316
3502
-38
0
0
1017
477
0
-2070
0
0
-28
-32
170
0
-502
0
-253
-285
1848
-3933
-2130
1738
-1341
-96
0
-820
960
320
0
-830
-902
-2844
0
0
-1615
1580
-246
0
-65
1393
-87
-153
-1032
0
-1075
-54
-558
0
-432
-1568
-116
-138
-720
-856
420
106
616
-774
0
0
0
-42
0
0
250
-62
-12
98
-1716
-165
0
-192
0
0
-266
-30
0
-1815
0
-14
-324
0
0
21
-312
207
201
656
0
1183
498
0
60
-1017
-282
-968
345
-92
-40
0
441
-276
0
-110
-666
0
0
-728
0
-750
74
-320
-64
0
-378
180
-42
868
400
0
1092
-480
-408
206
-54
0
216
-299
390
0
-180
-190
792
0
-390
0
-630
0
-546
0
-168
0
-174
-343
0
410
152
0
0
0
-164
0
0
0
288
310
0
301
-528
-28
0
0
-220
-60
0
0
-1378
-375
0
432
0
220
0
0
-172
777
336
-74
0
0
-143
-1809
792
180
0
42
504
-345
288
0
0
352
799
188
0
0
-1314
225
0
-300
0
0
133
48
-12
0
-104
0
-1
33
-1452
1518
-1810
1166
216
-132
0
-610
565
-160
0
-390
1001
-12
0
0
-1387
4720
-392
0
-115
273
540
-771
828
0
-1550
747
558
0
-5632
-700
504
612
-1896
164
721
26
-1078
-1524
0
0
0
530
0
0
-368
-236
-51
158
2054
-180
0
-384
0
0
308
325
0
-1515
0
-728
45
0
0
-1190
1260
-1332
-125
600
0
2331
-870
0
-261
-1971
-492
2255
300
180
260
0
558
60
0
-10
-786
0
0
864
0
1275
-124
-930
-258
0
-129
482
-579
546
-48
0
-816
1220
-645
-50
-1197
0
2781
-4108
684
0
138
-2830
3612
0
-1155
0
-582
0
-882
0
-1168
0
-765
-2044
0
34
-280
0
0
0
-398
0
0
0
-128
-195
0
-861
-4140
749
0
0
-810
48
0
0
-3276
-465
0
-380
0
96
0
0
-426
-777
1920
28
0
0
-8
-2241
456
-280
0
-103
369
-183
30
0
0
272
-544
-314
0
0
-756
1953
0
-3945
0
0
229
-516
-70
0
-450
0
-210
-429
-1298
3082
-2890
1166
0
-1764
0
-250
845
5
0
-2880
-1496
-1008
0
0
-4731
2540
-130
0
-60
-42
381
-330
180
0
-620
288
630
0
-1776
140
240
306
-928
244
182
55
-294
-762
0
0
0
254
0
0
-254
-70
186
166
1248
660
0
-254
0
0
14
270
0
225
0
-168
93
0
0
-427
654
-414
-97
204
0
868
-762
0
-60
-819
-342
1056
45
88
100
0
351
6
0
-16
60
0
0
328
0
-625
-10
-450
-254
0
-216
254
-216
378
176
0
-1092
1020
-258
100
-1143
0
3429
-1651
381
0
30
-1160
1524
0
-550
0
-96
0
-476
0
-848
0
-381
-889
0
-30
-64
0
0
0
-192
0
0
0
-40
-30
0
-210
-1524
147
0
0
-840
-18
0
0
-2756
-35
0
-232
0
102
0
0
-238
-651
1524
70
0
0
-16
-1053
12
80
0
-67
432
6
-168
0
0
62
1377
-134
0
0
-126
720
0
-1905
0
0
99
-100
52
0
-254
0
-127
-351
968
-1012
-860
660
-198
-684
0
-300
325
45
0
-1140
-1188
-1320
0
0
-2413
280
188
0
455
868
-300
234
-1524
0
580
165
-426
0
-272
1022
432
-762
312
-272
210
66
483
-678
0
0
0
-166
0
0
202
96
303
-254
-1651
1440
0
-198
0
0
-252
635
0
-1680
0
-756
-381
0
0
-140
-300
594
116
-480
0
-854
516
0
-381
783
-762
-143
-585
-508
760
0
702
-330
0
-106
-72
0
0
-704
0
0
-254
-355
84
0
-57
198
-342
98
704
0
1524
980
-216
50
243
0
-2970
767
189
0
-381
-800
-372
0
-635
0
-225
0
-889
0
-1016
0
96
-742
0
150
-92
0
0
0
216
0
0
0
132
-255
0
-399
1332
714
0
0
-680
-126
0
0
1066
-180
0
296
0
-180
0
0
112
-406
420
-127
0
0
-123
-3429
828
-2540
0
13
576
-330
762
0
0
68
-323
108
0
0
648
612
0
-1560
0
0
-126
164
-254
0
-72
0
-127
-381
-1936
-874
-560
-418
-189
-1524
0
-430
340
115
0
290
1122
-228
0
0
779
-460
138
0
770
1183
-168
204
-2724
0
310
102
-546
0
-1920
1218
500
-396
664
-116
742
54
-224
-2034
0
0
0
-132
0
0
42
48
-111
176
-741
660
0
-434
0
0
-1190
430
0
-3090
0
-2254
-504
0
0
189
-84
81
51
-600
0
-322
396
0
-627
-18
-690
-231
-1470
-724
-900
0
1386
-876
0
-228
-1380
0
0
-464
0
1925
-468
-620
94
0
-195
518
-543
1267
1752
0
2232
-90
-609
-126
1161
0
-5400
234
501
0
-564
-950
48
0
-1385
0
-663
0
-1589
0
-976
0
-102
-1281
0
-64
-70
0
0
0
-18
0
0
0
234
-725
0
-1113
468
1085
0
0
-1970
-48
0
0
2262
-600
0
60
0
-310
0
0
254
-714
-168
-129
0
0
-310
-7182
1632
-3340
0
74
1395
-546
1398
0
0
488
-2669
-234
0
0
711
666
0
-1170
0
0
-115
368
-510
0
-252
0
-244
-402
-5852
-1955
-2510
-33
-396
-2400
0
-480
985
695
0
-80
-242
-456
0
0
-171
-1440
188
0
-650
945
-135
231
-708
0
70
54
-30
0
1008
1568
-56
-738
848
-956
973
111
1302
-774
0
0
0
-294
0
0
358
69
138
4
-2496
960
0
-324
0
0
-1428
-525
0
450
0
-2562
-267
0
0
609
-456
522
223
-100
0
-532
444
0
396
441
306
-726
1395
48
-2800
0
1539
-1434
0
-352
-294
0
0
-16
0
-4475
330
700
-268
0
-195
174
681
777
1032
0
-168
-210
-534
96
-999
0
108
1924
534
0
-327
1280
-1236
0
-190
0
-606
0
-504
0
-552
0
-183
-469
0
430
-18
0
0
0
166
0
0
0
190
270
0
154
972
-1484
0
0
-1330
-720
0
0
-4524
825
0
484
0
-8
0
0
112
217
-1200
-22
0
0
-244
-2187
2064
2260
0
118
1881
60
174
0
0
420
2686
350
0
0
621
-1098
0
840
0
0
-63
388
256
0
-324
0
-116
354
2222
-3818
-1820
1232
-1323
1620
0
-770
690
240
0
390
1177
-1848
0
0
836
2500
48
0
1030
917
183
-264
-2652
0
-360
393
-558
0
-1040
2548
848
-204
-720
116
224
180
-189
-1782
0
0
0
-20
0
0
-88
-24
108
-12
-286
3240
0
-450
0
0
-679
925
0
-1755
0
-1666
-462
0
0
322
-408
513
-24
-156
0
259
-96
0
-624
-765
-1212
-220
-2445
-732
-60
0
1170
-714
0
-174
-84
0
0
-512
0
50
-422
-755
-408
0
-624
494
-732
707
1896
0
1308
2060
-477
20
-540
0
-324
-234
780
0
-351
-1810
1284
0
-1250
0
-432
0
-1722
0
-2240
0
-105
-1687
0
-64
92
0
0
0
-170
0
0
0
228
70
0
-560
732
798
0
0
-1530
222
0
0
130
-105
0
-252
0
38
0
0
-204
-406
1428
-118
0
0
-227
-6291
648
-2740
0
-84
1575
-450
948
0
0
186
578
-116
0
0
711
1449
0
-2595
0
0
24
372
-346
0
-316
0
-294
-843
-1870
-2783
-1840
-1155
-522
-2772
0
-1015
760
230
0
-780
-143
-2160
0
0
-1140
-2340
-154
0
-635
1106
141
-42
-2304
0
-1065
-717
-72
0
576
-1708
-608
-342
-24
-112
721
-68
-224
-1572
0
0
0
-218
0
0
-70
-59
-414
366
-455
-2550
0
-456
0
0
-1729
-745
0
-930
0
-2380
-156
0
0
721
-390
1260
120
492
0
658
-216
0
225
-1575
396
-1496
-555
60
-3740
0
1233
-1560
0
-330
-1590
0
0
96
0
175
70
240
-442
0
-282
380
279
2464
1528
0
552
-2210
-597
-90
1215
0
-2106
1053
579
0
-519
1500
-132
0
-455
0
-1077
0
-679
0
1072
0
-72
280
0
72
504
0
0
0
-210
0
0
0
64
425
0
763
276
-539
0
0
-2700
-84
0
0
780
-280
0
176
0
362
0
0
-130
574
-216
40
0
0
-375
-3159
1224
500
0
208
1305
0
828
0
0
682
-2346
-32
0
0
-1125
-1305
0
2595
0
0
93
1032
4
0
-340
0
-187
513
-2574
-2921
-2720
682
-162
-84
0
335
425
480
0
-940
-517
204
0
0
-817
1540
-250
0
-1000
-329
636
-630
756
0
-1270
147
1164
0
-2976
-1036
-56
42
-1552
752
490
-136
-1211
-966
0
0
0
320
0
0
-528
-185
-39
-4
2405
-1785
0
-412
0
0
-217
-185
0
780
0
-1596
336
0
0
-819
966
234
-141
556
0
1274
-1464
0
150
-1728
114
1815
285
548
-1780
0
666
-678
0
-108
-402
0
0
1448
0
275
86
-105
-646
0
105
362
-57
973
32
0
-2064
560
-441
-170
-846
0
2889
-2223
561
0
-18
-990
2268
0
-470
0
-591
0
-315
0
32
0
-465
-882
0
-90
50
0
0
0
-210
0
0
0
-454
390
0
315
-2472
-133
0
0
-2000
-54
0
0
-2314
50
0
-400
0
368
0
0
-526
-672
1956
144
0
0
-53
162
84
840
0
2
351
378
-66
0
0
182
-1343
-192
0
0
-630
369
0
-1440
0
0
178
264
202
0
-506
0
-279
72
1496
-276
-1850
297
-171
-840
0
745
60
65
0
-3060
-1650
-564
0
0
-3211
2540
-130
0
-60
-42
381
-330
180
0
-620
288
630
0
-1776
140
240
306
-928
244
182
55
-294
-762
0
0
0
254
0
0
-254
-70
186
166
1248
660
0
-254
0
0
14
270
0
225
0
-168
93
0
0
-427
654
-414
-97
204
0
868
-762
0
-60
-819
-342
1056
45
88
100
0
351
6
0
-16
60
0
0
328
0
-625
-10
-450
-254
0
-216
254
-216
378
176
0
-1092
1020
-258
100
-1143
0
3429
-1651
381
0
30
-1160
1524
0
-550
0
-96
0
-476
0
-848
0
-381
-889
0
-30
-64
0
0
0
-192
0
0
0
-40
-30
0
-210
-1524
147
0
0
-840
-18
0
0
-2756
-35
0
-232
0
102
0
0
-238
-651
1524
70
0
0
-16
-1053
12
80
0
-67
432
6
-168
0
0
62
1377
-134
0
0
-126
720
0
-1905
0
0
99
-100
52
0
-254
0
-127
-351
968
-1012
-860
660
-198
-684
0
-300
325
45
0
-1140
-1188
-1320
0
0
-2413
-40
178
0
1090
959
-198
66
-2832
0
260
105
-1188
0
736
2408
608
-510
208
-128
42
125
105
-1020
0
0
0
-274
0
0
166
46
-78
-178
-1534
2580
0
-196
0
0
-693
655
0
-1980
0
-1498
-555
0
0
749
-1062
927
73
-360
0
-609
666
0
-564
54
-870
-1276
-2490
-820
-160
0
819
-720
0
-158
-144
0
0
-840
0
675
-412
-305
-154
0
-408
240
-516
329
1720
0
2400
1040
-219
-80
603
0
-3753
1417
399
0
-381
-650
-240
0
-700
0
-336
0
-1246
0
-1392
0
276
-798
0
-34
156
0
0
0
22
0
0
0
268
100
0
-350
2256
651
0
0
-690
240
0
0
2886
-70
0
-20
0
-64
0
0
34
245
-96
-188
0
0
-211
-5238
636
-2820
0
-17
1143
-456
1116
0
0
124
-799
18
0
0
837
729
0
-690
0
0
-75
472
-398
0
-62
0
-167
-492
-2838
-1771
-980
-1815
-324
-2088
0
-715
435
185
0
360
1045
-840
0
0
1273
-1160
376
0
-195
1813
-435
465
-2232
0
650
219
-456
0
736
2590
376
-1500
1160
-1228
1183
177
1785
-1452
0
0
0
-460
0
0
560
165
441
-250
-4147
2400
0
-522
0
0
-1680
110
0
-1230
0
-3318
-648
0
0
469
-756
1116
339
-580
0
-1386
960
0
15
1224
-456
-869
810
-460
-2040
0
2241
-1764
0
-458
-366
0
0
-720
0
-4475
76
345
-184
0
-252
372
339
875
1736
0
1356
770
-750
146
-756
0
-2862
2691
723
0
-708
480
-1608
0
-825
0
-831
0
-1393
0
-1568
0
-87
-1211
0
580
-110
0
0
0
382
0
0
0
322
15
0
-245
2304
-770
0
0
-2010
-846
0
0
-3458
645
0
780
0
-188
0
0
224
-189
-780
-149
0
0
-367
-5616
2892
-280
0
131
2457
-270
936
0
0
488
2363
458
0
0
1269
-486
0
-720
0
0
-189
552
2
0
-396
0
-243
-27
286
-4692
-2380
814
-1512
96
0
-1200
1030
355
0
680
2299
-2076
0
0
1615
-1760
392
0
470
1624
-267
528
-2580
0
870
483
-84
0
-2512
2996
612
-906
1680
-564
1631
115
567
-2688
0
0
0
-270
0
0
238
140
-9
252
-1651
1770
0
-666
0
0
-2079
290
0
-2730
0
-4032
-594
0
0
322
90
-27
172
-1108
0
-1148
588
0
-474
1125
-516
440
300
-692
-1860
0
2529
-1638
0
-482
-1482
0
0
-232
0
-1250
-344
-235
58
0
-180
696
-162
1638
2400
0
1776
320
-990
-132
423
0
-6129
1287
720
0
-756
-750
-1068
0
-1810
0
-888
0
-1981
0
-1720
0
-306
-1946
0
112
-316
0
0
0
236
0
0
0
302
-1090
0
-1547
780
490
0
0
-3090
-810
0
0
-1040
-35
0
472
0
-556
0
0
504
-1344
-1008
-116
0
0
-437
-9423
3156
-1780
0
114
2538
-522
1482
0
0
742
-544
-138
0
0
1854
423
0
-1335
0
0
-242
436
-392
0
-500
0
-370
-336
-4972
-4876
-3780
1045
-1539
-1812
0
-1000
1620
970
0
230
44
-1980
0
0
627
2540
-130
0
-60
-42
381
-330
180
0
-620
288
630
0
-1776
140
240
306
-928
244
182
55
-294
-762
0
0
0
254
0
0
-254
-70
186
166
1248
660
0
-254
0
0
14
270
0
225
0
-168
93
0
0
-427
654
-414
-97
204
0
868
-762
0
-60
-819
-342
1056
45
88
100
0
351
6
0
-16
60
0
0
328
0
-625
-10
-450
-254
0
-216
254
-216
378
176
0
-1092
1020
-258
100
-1143
0
3429
-1651
381
0
30
-1160
1524
0
-550
0
-96
0
-476
0
-848
0
-381
-889
0
-30
-64
0
0
0
-192
0
0
0
-40
-30
0
-210
-1524
147
0
0
-840
-18
0
0
-2756
-35
0
-232
0
102
0
0
-238
-651
1524
70
0
0
-16
-1053
12
80
0
-67
432
6
-168
0
0
62
1377
-134
0
0
-126
720
0
-1905
0
0
99
-100
52
0
-254
0
-127
-351
968
-1012
-860
660
-198
-684
0
-300
325
45
0
-1140
-1188
-1320
0
0
-2413
-2370
597
0
-720
917
45
945
-204
0
-305
181
540
0
-153
973
-424
-480
554
128
740
-106
650
-1840
0
0
0
-441
0
0
320
1116
134
84
-1249
1488
0
-128
-508
0
-1903
-155
0
582
0
-2257
-216
0
-889
-84
53
1047
83
-558
635
-758
-28
0
789
2087
366
965
2357
260
-1392
0
1296
-850
210
-110
-90
0
0
220
0
-3117
78
1884
-220
0
81
64
180
1419
96
0
-786
-274
-2210
-34
-180
82
-1215
1201
-48
-657
-1545
930
-2478
0
-960
0
-258
14
-707
0
747
0
105
53
0
32
-361
144
0
0
874
0
464
0
-24
-470
0
331
1000
-191
0
0
-1984
-2236
0
254
-2623
-120
648
1782
-762
-361
0
0
1241
-235
-948
116
0
0
-1595
-1452
642
2082
0
149
510
180
130
0
0
223
1189
440
0
0
2255
-774
0
1046
0
0
-1760
542
122
381
-2812
0
-80
400
840
-3737
-1363
633
-2188
691
0
635
1630
210
0
-371
528
756
0
0
599
280
188
0
455
868
-300
234
-1524
0
580
165
-426
0
-272
1022
432
-762
312
-272
210
66
483
-678
0
0
0
-166
0
0
202
96
303
-254
-1651
1440
0
-198
0
0
-252
635
0
-1680
0
-756
-381
0
0
-140
-300
594
116
-480
0
-854
516
0
-381
783
-762
-143
-585
-508
760
0
702
-330
0
-106
-72
0
0
-704
0
0
-254
-355
84
0
-57
198
-342
98
704
0
1524
980
-216
50
243
0
-2970
767
189
0
-381
-800
-372
0
-635
0
-225
0
-889
0
-1016
0
96
-742
0
150
-92
0
0
0
216
0
0
0
132
-255
0
-399
1332
714
0
0
-680
-126
0
0
1066
-180
0
296
0
-180
0
0
112
-406
420
-127
0
0
-123
-3429
828
-2540
0
13
576
-330
762
0
0
68
-323
108
0
0
648
612
0
-1560
0
0
-126
164
-254
0
-72
0
-127
-381
-1936
-874
-560
-418
-189
-1524
0
-430
340
115
0
290
1122
-228
0
0
779
