14
0
0
1
21
0
0
0
0
20
0
1
12
17
20
10
0
18
7
0
9
0
0
0
0
2
0
0
0
0
4
7
0
5
6
17
3
8
0
0
5
13
19
14
21
7
0
0
0
0
0
24
26
2
11
1
0
0
4
0
14
6
19
0
11
1
0
0
0
7
12
0
0
0
0
4
21
0
18
0
0
15
0
0
23
37
0
6
0
0
7
5
8
11
0
0
0
2
0
0
0
0
3
7
0
0
6
17
0
1
0
29
5
13
37
14
17
11
0
0
0
7
0
29
0
0
12
0
0
0
0
0
5
8
19
0
13
9
0
0
11
0
12
0
0
0
0
5
20
3
0
4
0
13
1
0
6
43
16
0
0
9
7
0
12
0
15
0
0
2
0
0
10
0
0
7
0
0
6
17
0
0
0
0
7
13
29
13
18
16
0
0
0
11
0
0
0
0
4
11
0
0
15
0
6
13
19
27
2
14
1
0
0
4
12
0
6
0
0
0
12
0
0
6
3
14
0
0
0
32
0
0
0
11
7
0
0
0
0
2
0
2
0
5
5
25
0
7
0
0
9
16
0
0
18
31
8
14
11
13
2
20
0
0
0
0
2
0
0
1
0
5
31
0
9
0
24
0
19
0
0
13
0
0
0
0
8
0
12
2
8
0
3
1
0
10
7
16
27
0
4
8
12
0
5
8
7
0
19
22
0
18
2
2
0
16
0
12
0
7
0
0
0
15
0
0
0
0
0
13
0
14
6
10
0
0
0
0
0
0
0
3
3
0
0
0
0
0
19
13
19
0
11
11
0
0
12
0
10
0
28
4
0
1
21
13
0
0
0
0
0
0
10
6
23
17
0
0
3
0
7
0
2
0
0
2
0
0
0
0
0
7
0
6
6
17
15
3
0
0
10
11
16
12
30
0
22
0
0
10
0
0
25
14
11
0
0
0
13
0
0
6
19
0
14
0
0
0
0
14
12
0
0
1
0
0
21
0
24
0
0
0
8
1
14
36
0
15
0
0
0
0
2
0
8
0
0
2
0
0
0
0
0
7
0
0
4
17
25
0
17
31
6
10
5
13
18
0
19
0
0
15
0
3
0
0
10
13
0
0
0
0
0
3
19
0
15
0
0
0
8
6
12
0
0
1
0
1
18
2
0
8
1
0
7
0
0
18
21
0
0
0
6
0
8
0
16
0
0
2
0
0
11
0
0
7
0
0
0
12
20
8
5
0
0
0
0
12
4
0
0
0
0
16
0
0
0
0
5
8
0
0
11
0
0
7
17
28
0
0
20
3
0
5
12
0
9
0
0
0
0
0
1
2
2
0
0
0
0
11
0
0
0
0
1
0
0
0
1
10
0
2
0
13
0
27
0
7
2
5
5
1
10
0
40
33
1
0
0
12
0
0
1
0
0
0
0
0
0
11
0
0
53
0
3
0
0
0
10
3
0
0
0
0
0
0
1
0
11
4
25
0
0
0
13
8
8
0
43
0
3
0
8
0
9
11
4
4
22
18
0
10
3
2
0
18
0
12
0
7
0
0
0
4
15
0
9
0
0
0
7
13
4
6
8
0
0
18
0
0
0
9
0
0
0
0
0
0
0
2
11
0
0
0
2
0
29
0
4
15
35
9
0
3
20
1
0
0
0
14
0
0
5
1
23
4
0
0
0
0
11
0
0
0
0
2
0
0
0
0
1
7
0
9
4
17
0
0
0
0
8
12
7
13
24
8
21
0
0
12
0
0
15
14
11
19
1
0
7
0
12
5
19
0
8
0
0
0
0
11
12
10
0
12
0
0
19
1
11
0
9
10
9
0
10
14
0
0
14
0
0
0
0
0
8
0
0
2
0
0
0
0
6
7
0
1
6
14
0
0
0
31
3
4
1
13
0
8
38
0
0
2
0
0
0
5
12
19
1
0
0
2
3
3
19
0
15
0
0
0
0
18
7
0
0
0
0
1
12
16
4
5
18
0
9
0
0
15
18
0
0
0
2
0
3
0
1
0
0
2
0
9
13
0
1
7
0
0
9
0
0
1
0
0
0
4
0
13
0
8
7
0
0
5
0
0
0
6
12
3
0
0
10
0
2
5
9
16
0
0
0
0
0
17
0
0
12
0
6
1
0
0
0
0
15
10
0
0
4
0
0
0
0
0
0
25
0
0
25
15
0
2
0
18
0
20
4
7
0
21
0
0
3
0
35
33
2
0
7
13
0
8
3
0
0
0
2
0
4
10
0
0
34
0
10
0
12
0
3
9
0
0
0
0
0
0
7
0
14
0
15
2
0
0
14
14
13
11
40
0
5
0
13
0
5
6
0
0
26
27
0
1
0
2
0
19
0
12
10
7
0
0
0
2
14
0
0
0
2
2
9
14
7
8
0
0
0
0
0
0
0
10
0
0
0
0
0
0
0
0
5
0
0
0
0
0
20
0
12
0
14
16
6
2
16
1
1
11
10
0
11
0
5
0
0
0
22
0
31
5
3
1
9
7
0
2
0
18
0
0
7
7
0
7
8
12
5
0
0
27
1
16
5
14
0
8
15
0
0
0
0
0
0
10
10
18
3
0
3
0
10
3
19
0
18
11
18
10
0
20
7
0
2
5
6
2
9
29
0
1
16
6
11
0
5
0
24
0
4
0
0
12
4
0
11
0
0
2
0
19
6
1
7
7
0
0
15
3
11
0
0
0
0
19
8
13
0
8
14
0
0
3
0
0
9
10
8
6
1
2
4
2
0
2
10
2
0
15
0
3
0
21
0
0
13
3
8
2
0
0
0
8
13
0
0
0
5
0
5
0
8
11
13
39
0
4
23
17
0
2
0
18
0
14
12
7
0
26
0
4
10
0
12
25
3
11
9
13
7
8
0
0
0
0
0
0
6
10
0
0
20
1
4
0
0
7
9
1
5
4
0
0
1
10
15
0
