188
-154
-1952
2933
-1907
-2751
197
506
4015
1251
-910
-763
764
1769
-1167
-272
1360
-6
322
-3013
-24
-328
4207
1329
674
-232
818
3672
-2
215
-6
210
-494
783
255
-150
6386
1344
1050
4637
307
-88
1977
-87
4202
783
-3927
2811
-536
-395
-1274
-348
230
-564
-498
1653
-385
62
1155
266
236
-1130
135
1239
-583
-3889
4736
-1030
2244
4113
-366
977
-855
-2102
1694
140
-308
3914
-1001
1295
-463
-67
-3405
-3305
-3198
-208
-289
2225
60
371
-309
1946
-368
-795
2467
2530
539
-809
-5190
3291
-16
2590
917
2740
-2321
1607
313
2853
2595
-1150
-617
19
2695
-1224
2567
58
266
96
6930
372
-243
-275
236
665
472
1992
-1373
1910
1526
3145
145
2200
-281
-118
-297
4052
-220
4109
3493
20
1156
-689
-18
130
1980
2085
3512
-2013
1183
718
-424
-3803
85
-1688
-2166
-6921
-1635
-191
13
-83
-128
-1029
120
-1611
1548
-2366
3509
89
-2020
91
0
2704
-2476
5610
-149
159
2461
6181
-1118
2821
1250
-128
403
-1324
-4659
1743
6056
577
3137
7020
243
903
