126
-2153
-4167
-126
0
-120
-1368
-5114
-2592
1344
-3397
420
1143
7379
870
1168
-546
-629
0
1083
-458
-3949
-4447
-3073
381
0
0
-4707
-2688
-2703
-2594
0
254
-315
0
0
-812
2232
1275
-6847
291
0
532
0
1397
-122
1826
0
0
-1280
82
2794
3228
-730
0
-1820
0
666
31
621
990
1
0
-804
-1647
-2137
-64
-647
-4687
-200
0
400
-5933
-3836
-3829
244
0
-528
5854
-4982
-2511
610
-1537
66
2942
11735
-8079
767
-210
-4247
0
2401
-621
-177
-5602
-2731
-3
0
0
-5248
-5865
-2529
-2793
0
373
-987
0
0
-1219
675
3650
876
326
0
1501
0
934
244
636
-57
0
-508
-1
3270
-10195
-3678
164
-2320
0
153
-2844
1073
118
241
0
-3659
-1365
-949
-3887
-1129
1311
-1159
0
-1312
-4517
-5097
-2652
390
-152
180
-267
-1532
-2441
209
-1248
300
219
12944
394
-2345
-72
-2078
0
228
101
-3161
-1007
-3715
0
0
0
-3864
1030
-1983
-5265
0
1339
-1550
0
0
-1212
-2817
1928
-11464
608
0
1064
-207
1071
750
-1878
-330
0
-68
448
-709
-1740
-2166
-1553
-837
0
-255
1230
217
196
783
0
5720
-3199
-209
791
-965
-1447
-536
0
280
-770
-3680
-7851
-909
-1681
-341
2495
-1280
-962
321
-7845
-246
-2177
10552
-7077
-1843
-1227
-1769
0
707
-8453
-3513
-5371
-2013
65
0
0
-1924
249
1872
-3934
0
1092
-1667
618
-207
-2929
-760
7139
1206
637
162
142
-151
-1003
1146
627
-248
0
-3748
733
-1494
-6314
-897
-4251
-1416
7077
-92
510
210
1984
-1015
0
216
-5719
-320
-1511
-2154
-5096
-3374
-495
-554
-57
-1916
2130
-252
-3448
22
1752
-544
-469
637
2147
60
-93
5516
-192
-651
1753
-2221
0
949
1562
2019
-7148
-24
1553
0
0
-313
-3780
0
-3859
0
225
-2343
-1134
-339
-2147
-2442
1744
-4469
-978
-42
-609
-82
-499
152
-1655
-1614
0
-1563
181
0
-4246
-666
-1683
-5557
-2827
-965
-1905
714
1498
854
0
-1040
-1669
-708
-5203
-1733
1428
-1499
-300
-606
1806
-1488
-3710
-216
0
1016
-1623
-5911
-2471
-5643
-1881
-119
756
5143
1284
1792
-1309
-4684
-210
1505
-788
-6136
-3187
-2214
129
0
0
-6098
-3017
-5423
-4433
0
206
-159
-62
0
416
1026
1480
-6824
888
-328
386
-508
2563
-1696
6687
0
0
-252
-28
454
3005
399
0
-1950
0
-378
1063
615
-1762
18
0
659
-1061
-4037
-4216
-2530
-5444
586
0
199
-4669
-2045
-2382
-668
0
-304
6899
-3995
-2126
-8987
-373
460
1455
11415
-10782
1558
-18
-8600
-746
345
-1840
-2390
-2207
-3335
-50
0
0
-5599
-3893
-4993
-4083
0
574
-1995
-484
0
1541
-290
6959
1232
411
-508
-209
-176
1002
-3108
6022
48
0
320
-127
745
-9315
-1831
-151
-590
0
1143
-1815
1593
-2376
-317
0
-5424
-923
-6845
-442
-1540
644
-301
0
-2631
-4826
-2021
-4091
-105
-552
119
220
-825
-1149
-5064
-534
-85
-1733
7689
957
149
-97
-4442
-30
1362
-570
-7280
-866
-5759
0
0
0
-3072
1251
-3424
-4090
0
676
-3012
-1846
-759
1071
2046
4905
-11641
-521
-2346
-733
-445
-774
-2000
1196
-238
0
493
-35
-901
-3141
-1066
-1337
-1125
0
346
795
575
-732
186
-264
5881
-6756
-9176
3747
-213
-1849
-415
0
196
-379
-3099
-2000
-1679
-5011
-1269
2644
-2004
-1028
-9237
-12528
2
-1091
6161
-7792
-577
-638
-3844
-330
1242
-14331
-5206
-3481
-989
-99
0
0
-805
-1685
2159
-5479
0
1547
-317
-247
-2452
-110
365
11051
1500
-268
-3578
-840
-454
-2094
-1372
2498
-1401
0
-7417
-689
-1400
-3503
57
-4370
-4209
11936
1106
-135
-60
-3626
-713
-1028
1399
-8707
-5155
-2400
-874
-7211
-2901
-1732
-1752
-164
-1585
5297
-588
-6996
-171
4826
-831
-393
-4502
4274
-17
-396
1309
-686
-135
2639
-1759
-150
2334
2151
1291
-6680
-936
1684
0
0
-45
-4341
0
-3819
0
-315
-4447
-2377
-1991
515
-1971
5539
-4863
-535
-4393
-91
-137
-820
-264
3934
-3263
0
652
-456
0
-6937
-126
-3473
-6459
-6162
-119
-1275
162
-3957
-428
-908
-3540
-3852
-2560
920
-1410
4634
-4287
-1150
1829
2556
-588
-2936
151
-304
0
-1680
-3199
-1470
336
-1935
0
0
4043
1244
544
-1240
-3954
-966
0
0
-3606
-3682
-2266
1270
0
0
-4794
-1407
-5728
-3250
0
-76
228
-457
0
-1616
0
714
-4540
704
-158
-108
-96
1811
0
6406
0
0
-32
0
-1030
1114
330
0
-5
186
0
304
889
735
-65
0
712
-2218
-2544
-436
-1743
-5806
200
0
1385
-1711
-186
-2051
-510
-456
0
4461
-2274
-279
-199
-279
0
756
6780
-6890
26
3675
-6141
-461
475
-2490
-2453
-2220
-3842
-10
0
0
-2881
-1457
-5895
-2035
0
494
-834
-37
-414
-3026
57
3352
1164
7
-1344
-396
-152
-2027
0
9777
-125
240
-1053
0
-1016
-6219
-451
294
2
376
-153
-464
3371
-113
-355
0
-4777
-963
-3955
-4209
-4345
-1077
1108
-792
-2408
-2720
-2748
-1088
-143
-1768
1310
3205
-1488
780
-1820
-262
0
-1116
7062
598
-156
402
-6933
-273
-45
-1629
-10890
-3493
-9786
0
0
0
-1272
1533
-3478
-3290
0
499
-4398
629
-2696
-2905
670
3853
-7776
-972
-1379
-693
-339
-2423
0
3606
-773
1168
-792
0
-614
-3284
-422
315
-1572
-491
991
690
2605
-205
-99
-1080
3738
-8724
-3971
-2081
-3133
-4237
895
-1866
-439
-44
-2303
1746
-195
-5779
-2528
-833
-2725
468
-339
-7297
0
-108
3509
-4621
65
300
-5140
-972
4558
-8993
-3469
677
-355
-117
0
0
-63
-2654
1049
-2558
0
-1304
1758
-2578
-4074
-887
-476
10161
1478
-42
-2203
-65
-121
-1756
0
2773
-1099
392
-5667
738
-508
-929
0
-3323
-4522
7693
-761
690
-195
752
-638
-1740
2562
-6253
-4336
-3730
-3138
-3659
-2356
-761
-1683
123
-2243
3326
0
-9485
-386
5143
190
247
-169
3847
0
0
3181
-112
58
1736
-2595
-690
1108
2910
3116
-4155
-2032
39
0
0
162
-658
0
-973
0
-794
-5151
-3285
-2295
395
-389
3537
-3364
-36
-1648
0
-81
-340
0
1320
-2261
-18
-1820
-9
0
-6902
0
-5041
-9040
-3007
-130
-630
0
-902
-711
-1600
-3764
-5345
-2845
345
-1924
2969
-1366
51
-288
170
634
1605
-81
-1000
0
2670
-321
-170
-4624
0
0
0
-1265
-1953
0
5422
-4190
1364
2465
-1640
-2343
-2006
-1331
0
0
0
-27
-670
-4317
-1578
0
195
-141
416
-762
-598
0
2228
702
-180
496
-172
132
-1700
0
5202
80
254
-1876
0
-460
-4375
2
-77
-84
636
279
-84
2234
538
-325
0
-1755
-481
-728
3417
813
-2703
1291
-712
147
-1184
-1340
1728
-62
-2381
2382
1385
-2128
622
-948
0
0
0
3374
1371
0
1580
-5224
-525
3240
-1426
-7865
-1739
-4972
0
0
0
162
320
-1672
-1646
0
527
-3462
1754
-2094
26
248
3927
-4469
-834
912
-52
-90
-1320
0
5146
-148
1203
-976
0
-98
8
-56
-646
-1301
227
2333
0
3373
-1244
-470
-948
1291
-5925
0
-24
-185
-1523
1361
-1838
339
0
-1754
2043
0
-5865
-909
-2320
-942
220
-4697
-4947
0
0
3058
-1043
34
2516
-1819
335
6139
-5357
-1726
361
-104
0
0
0
0
-1387
195
-438
0
25
2439
-2126
-1994
-118
84
6127
480
0
-348
0
-147
-400
0
1352
-2046
304
-5337
-252
-80
-487
0
-2406
-5024
4500
2301
0
1410
-3603
95
-1068
1141
-2724
-1638
-421
-1010
-545
120
496
-183
