17
0
0
0
0
0
0
0
0
4
35
7
0
0
0
0
7
0
10
24
0
0
26
15
16
8
0
21
38
0
0
5
24
29
0
26
0
21
2
25
0
14
0
34
12
2
23
0
26
0
11
0
0
0
5
21
0
14
4
37
12
24
2
0
0
0
52
0
0
8
0
11
28
5
5
0
15
7
0
8
2
0
0
24
0
6
8
0
0
0
12
0
0
0
2
0
0
39
0
0
0
0
2
1
15
18
0
29
0
20
0
18
0
3
0
22
13
0
14
0
10
0
0
0
0
0
7
0
15
5
1
6
0
25
12
0
0
7
4
0
1
19
2
0
22
1
9
0
15
0
0
0
3
0
0
26
1
9
0
1
0
0
6
14
0
1
9
3
0
30
0
1
2
0
0
7
19
28
0
29
0
22
0
20
0
11
0
36
16
0
8
5
18
0
0
0
0
0
4
6
0
0
0
31
2
22
13
0
0
4
13
0
0
13
0
0
17
8
9
8
10
3
0
18
16
0
0
6
0
2
5
1
0
0
13
0
0
0
7
2
0
16
0
10
0
0
2
16
15
12
0
27
1
17
5
22
0
19
0
31
10
0
26
0
19
0
0
0
0
23
12
13
12
10
5
12
0
21
8
0
0
0
6
0
0
11
7
0
27
3
3
0
22
8
0
0
1
0
0
22
0
10
0
0
0
0
21
12
0
0
9
0
0
34
0
0
1
0
4
0
10
24
2
29
0
20
0
16
0
7
0
24
19
0
0
4
14
0
0
0
0
0
12
10
0
0
0
16
7
20
12
0
0
7
1
6
0
15
0
0
7
0
0
7
0
0
0
0
0
0
34
24
0
0
0
0
0
0
0
26
0
0
19
25
5
0
0
17
23
0
0
0
16
27
0
12
0
21
0
22
5
9
0
8
0
0
17
0
26
0
17
0
0
0
0
8
0
2
2
23
0
26
0
0
0
0
36
0
0
5
0
4
7
5
0
2
6
5
0
2
5
0
4
3
1
0
3
0
0
0
2
2
0
0
14
8
6
0
0
13
2
0
1
8
5
7
0
5
4
14
0
15
6
13
0
0
0
0
14
0
11
0
3
0
0
2
5
8
2
10
11
3
0
15
0
0
0
0
0
0
2
11
8
0
3
8
3
0
0
0
0
0
0
4
8
0
11
8
0
12
0
0
29
18
0
4
24
9
11
15
0
2
19
0
4
15
14
22
0
8
0
19
2
15
5
20
0
14
14
0
0
1
22
0
0
0
0
0
7
24
0
11
7
27
11
2
0
0
0
0
10
10
0
13
3
11
12
0
0
0
7
6
3
0
24
0
7
15
0
2
0
0
0
0
0
18
2
0
14
17
2
0
0
21
4
0
3
0
2
14
0
9
0
19
0
19
1
6
0
4
0
0
20
0
21
0
14
2
0
3
0
5
0
7
0
15
0
20
3
0
0
8
9
0
0
3
0
4
2
1
6
9
0
0
3
13
2
0
32
12
0
0
0
0
0
0
0
7
0
0
16
17
0
0
1
11
12
2
0
21
15
25
0
5
4
16
21
16
19
21
0
3
0
5
8
0
20
0
4
5
0
19
0
4
4
13
12
6
0
14
0
12
0
2
9
0
0
0
0
0
4
0
0
2
4
0
0
0
0
0
45
28
0
8
0
0
0
0
0
17
0
0
18
25
0
0
0
13
7
0
0
7
11
30
0
11
0
17
8
17
19
8
0
9
0
0
21
0
19
0
6
0
0
2
0
13
31
0
11
0
0
30
0
22
0
0
1
0
0
0
0
0
9
0
0
0
3
12
0
0
0
0
19
15
0
2
0
0
0
0
0
0
6
0
11
19
0
0
7
28
0
0
0
8
0
7
0
0
0
16
0
16
10
0
0
2
0
0
26
0
25
0
9
2
0
15
10
10
4
5
1
1
12
22
14
0
0
0
3
0
0
6
1
0
8
0
4
0
6
12
0
0
6
0
3
3
3
7
0
0
0
0
1
8
3
0
14
10
11
3
5
22
0
0
0
7
0
9
0
5
0
16
0
17
2
7
5
12
7
0
13
4
21
0
1
0
0
7
14
11
0
4
0
16
14
7
12
0
1
4
5
10
0
8
0
6
32
1
0
0
19
0
0
0
9
0
0
39
0
0
3
0
0
0
12
34
0
0
17
0
0
28
0
0
24
0
12
0
20
36
0
34
1
23
0
17
0
9
0
18
5
0
4
0
12
0
6
0
0
0
0
3
0
2
0
20
0
28
0
0
0
4
6
0
0
11
0
0
9
7
0
8
12
0
10
0
7
0
73
43
0
0
8
0
0
0
0
71
0
0
40
15
21
0
0
0
92
0
0
0
61
57
0
39
0
21
29
23
9
38
0
36
2
23
8
0
19
0
8
0
0
4
0
22
23
0
9
16
0
39
0
33
0
0
15
0
0
0
0
0
11
0
0
0
4
11
0
0
15
0
24
25
0
2
0
0
0
0
0
13
5
0
14
27
2
0
0
27
0
0
0
0
0
15
0
3
0
18
0
19
5
0
0
2
0
0
28
0
23
0
20
2
0
2
0
7
4
4
0
3
3
26
8
0
0
8
12
0
0
1
0
0
0
3
1
5
0
3
3
4
0
2
28
9
0
0
1
0
0
0
0
5
1
0
15
26
11
0
3
12
13
0
0
15
7
14
0
0
6
16
18
14
23
14
0
0
0
3
8
0
15
0
14
6
0
5
0
4
5
10
9
0
0
11
0
7
0
2
3
0
0
0
0
0
0
21
22
1
0
0
13
45
0
0
23
0
0
0
3
16
0
0
22
0
0
0
19
2
0
3
0
0
20
15
0
51
41
26
0
22
21
17
38
18
0
39
0
11
0
22
16
0
11
0
0
5
5
25
0
7
23
10
33
14
0
2
0
25
0
0
44
0
8
11
11
14
