-51
-122
311
-2133
-70
1816
859
28
-1383
-2089
4611
-120
3536
828
2473
521
23
-2208
-1881
137
-183
64
-1257
-438
1899
2669
914
-4382
1795
-79
4384
-115
2425
-673
-248
-488
82
-605
1403
1797
279
-287
9181
914
728
-161
-22
-2111
-1052
744
795
-3990
-1609
-383
-538
16
-349
1766
-313
2274
-1152
-89
-1519
-525
320
6607
2185
1432
-217
2902
-1086
583
1290
355
-120
-403
392
-335
1117
-594
-41
-613
2781
2191
-691
-837
7635
-355
148
1618
2799
123
1828
2715
-1236
193
2652
-354
58
573
-578
1976
94
-440
1885
3100
-1602
-1085
1286
775
266
2221
-316
-115
-686
63
-1014
-454
1792
-1585
900
3054
4445
4090
-798
-116
3307
3112
1328
1085
-1081
750
-650
-2142
1419
2346
-200
-1322
-556
1012
1535
-62
188
233
299
919
-7
529
197
4226
-1252
1299
-320
525
2451
-64
-1078
-26
923
-524
-2065
-343
1837
1186
2955
395
107
-742
2042
863
77
2350
139
2074
-707
1898
-593
-1289
-383
1479
78
1999
-3369
1917
2368
4214
-1453
-321
-1657
-425
-209
351
