-233
93
1935
-1819
-4996
-2529
0
1039
5896
0
-475
519
330
-5454
-1128
-2088
-4487
590
5689
1014
3338
-14941
-2855
-2805
0
-4510
-336
1651
2611
666
-4739
458
-670
-976
-1218
345
595
-916
-272
6079
495
-348
296
-4673
0
-90
-221
-81
295
1340
2416
240
-2775
0
0
-1020
0
862
0
-2422
4340
0
23
2482
26
381
3600
-819
-1410
-1804
0
0
204
0
0
2358
600
-525
-60
-2916
238
0
-1082
0
-413
2460
-672
409
0
-1506
-610
0
1676
-54
-2921
534
1922
-2168
1624
0
442
-1505
-612
-366
0
1088
377
450
0
-756
-3185
-69
-1040
434
462
156
-1615
0
0
-542
0
720
0
-717
-252
0
2921
9
0
0
0
-2851
-375
0
744
0
0
54
-25
1045
0
-4709
-161
0
-291
0
357
558
2439
-472
-669
284
238
-292
-252
180
1377
0
-1832
236
3484
-5160
1343
0
595
-2953
-1092
-1342
721
0
96
179
0
0
-5869
0
-1040
2370
502
0
-1096
126
2025
-6435
-200
-184
0
-2056
0
-245
836
1455
0
231
0
-446
-3392
0
-1025
84
123
0
0
1674
0
-1836
-1021
0
-4071
0
-1007
631
-214
2291
-3183
-2462
172
0
-2802
848
1117
637
-2286
537
690
-6828
-1022
0
772
-6018
820
2623
406
0
374
-518
0
0
-3258
0
361
1333
4415
0
-2495
-915
1496
-2071
634
0
0
-41
744
208
192
1623
0
0
99
255
-1947
0
-1275
28
114
0
0
1391
0
-1586
-49
0
1316
0
-2287
35
1174
-3580
-2197
748
78
-329
-2557
1302
1208
623
-3838
508
606
-1145
4296
0
1286
-3173
-4852
-366
2545
0
214
1982
0
0
-3979
0
-2060
-740
838
0
-5275
1908
192
-4985
385
602
0
-1503
1363
213
1368
2246
791
0
-990
-2007
-1833
2463
-3335
294
2859
0
2560
585
-144
-4564
-4393
-2376
-542
0
1916
0
5633
-16128
-2898
-483
296
-2788
0
1159
822
-1398
-529
-132
1664
-2419
386
6
-1725
-2671
-1230
-4476
1339
4136
-2159
-47
0
-54
0
-381
151
-1066
898
168
1006
0
891
0
0
119
0
-1760
-942
0
253
-423
-935
62
2176
-245
-3794
946
372
0
151
665
0
2661
-555
611
-4146
-984
-735
0
1742
635
-278
3832
-6154
-4353
127
-3538
-212
53
1703
-336
-639
348
-635
-7985
-42
0
1497
-6705
248
2694
0
1688
-2024
243
0
2105
-2128
303
-199
175
2121
167
-3494
-91
0
-3420
0
1478
0
-3575
649
0
1356
219
-278
250
1491
3482
-2952
-153
955
0
2236
338
64
4153
34
484
-2549
-660
-1551
0
-5966
1104
-832
-5383
-5646
-2264
1109
-1960
-888
779
1681
122
-2427
958
-2908
-4148
-2109
690
-1039
-6183
2956
-647
10
521
-458
-3194
0
69
-5303
0
-2966
-1680
2267
52
-2634
148
2936
-6905
-432
723
0
-4221
-42
635
1408
-812
130
462
400
306
-2412
-246
-2211
59
510
0
1143
2370
1035
-3424
-3533
-567
-1789
1610
-3295
2432
947
-230
-1631
-1299
438
0
-1428
2230
1972
-772
-2606
0
-520
-977
40
353
1323
-4054
-4030
-4770
-108
0
-2368
599
846
0
-2219
0
-1013
-1944
2206
279
1531
-1810
2869
-1976
1425
0
0
-1707
-513
4169
906
390
-104
0
1886
-792
-900
270
1612
-9
0
0
272
1785
377
-4444
-3917
-2304
298
344
-1227
271
-1315
-2220
-5045
-428
1080
-567
-3002
5521
2720
-3457
597
0
424
50
-4229
-102
1816
-5027
-285
1698
162
0
-3114
-3609
0
-273
-273
-276
-943
3729
5500
0
2948
1753
3759
-1511
1787
508
0
-1690
-582
228
3580
-2854
-570
0
0
1680
-518
2706
-1632
0
462
261
525
0
0
3080
-2454
0
-276
0
1812
0
-1495
-14240
-6675
-868
348
0
-256
3482
-308
-48
2386
0
-1824
-1398
-508
-36
344
-1189
-2150
2271
-689
0
-480
1184
0
0
0
0
46
2214
635
0
2467
0
2091
0
0
0
2
-2258
771
480
0
216
5021
216
0
-689
-9262
-201
284
588
452
1190
-125
2545
0
0
-6767
0
-734
2053
-200
273
-164
-8936
-2900
-64
0
-770
-288
60
1198
2182
456
104
0
-5291
-2009
0
35
0
0
0
0
1037
-2443
-336
1492
0
-117
0
0
162
1854
664
1935
-1336
432
-4073
-666
0
0
-584
1061
-1102
0
1500
2310
377
1340
-839
-4661
216
13
1042
1284
859
-300
7164
-312
-2100
-5729
-462
-2878
1459
501
-91
-940
-2267
-4682
40
-882
-2728
-1272
3221
2163
712
-155
141
-370
-1583
3515
78
-878
-3839
1849
1800
3214
1080
-6099
-6291
1425
-498
-5527
0
1060
-4917
2650
185
-5388
2225
1009
-5517
1240
3380
0
-3174
380
1775
926
3302
62
560
3641
-3656
0
129
-7057
28
60
0
0
0
860
-6146
-808
-442
946
0
-3748
0
3930
0
-1407
-1656
666
-182
-1199
881
7146
-92
-4563
0
3988
-1146
1077
90
1696
-2585
-4059
-3048
1271
1768
-1950
4509
0
-2739
-4565
0
-3258
-1307
773
92
-2974
452
323
-1228
0
-1472
310
-4012
0
0
96
0
0
0
1905
230
0
1350
0
0
517
174
450
0
0
-4466
-57
-432
-1188
0
7031
0
2240
-2755
-5842
0
4445
0
0
4953
3556
0
3286
0
-348
0
-36
-54
0
-2755
-512
7015
1035
0
0
3864
0
-64
0
0
-420
1152
1755
0
176
0
2413
0
0
860
0
-5676
0
0
1458
0
21
113
0
720
-4326
183
0
734
172
171
1699
1767
1242
-930
-4292
0
-830
-1146
1691
2986
453
-8598
-1905
-254
0
-476
-72
2030
-8
-3354
370
-66
-112
-372
-1844
8
-121
-1235
0
1265
0
0
-1327
-594
1008
0
-26
0
235
126
1515
440
2360
-2957
470
-535
-1390
0
0
-582
-179
3425
516
-291
-731
198
3590
-606
-1649
0
-1207
1098
16
1029
1455
4856
591
-1224
-4214
-5796
-652
-438
-752
169
-551
-1379
-4709
-152
1320
-1892
-2032
6086
1088
-4670
1062
100
-2294
-320
-1312
-128
2530
-7129
-650
0
-542
1458
-2658
-4013
-675
-680
760
-483
-235
1469
4216
87
3575
1852
728
-2489
3820
6163
0
-2058
822
-270
4777
-3054
-30
232
4008
2085
0
-1173
2067
65
4294
225
0
0
-3538
2908
-958
-5157
-3167
0
-4582
0
-5275
5822
-4457
-2976
2016
-306
-2824
2499
1812
-1071
-2630
0
-2180
-5568
-1304
208
3109
-4877
-2310
2024
2059
2250
-1654
-1667
0
864
-2548
707
-5607
8256
3260
68
86
200
1836
-594
0
-2058
-148
-5572
2325
-98
3534
1375
