0
0
0
35
26
0
0
2
1
0
21
0
0
37
5
0
58
5
38
13
36
83
14
22
0
0
0
13
8
23
0
2
21
11
22
2
0
5
1
53
11
0
0
0
0
0
0
0
18
15
13
0
0
0
0
0
0
0
0
15
0
0
0
23
1
3
0
21
0
0
0
0
0
0
0
9
0
33
0
0
15
0
3
0
17
0
6
19
0
0
4
0
5
0
0
0
19
5
15
0
0
0
0
15
0
0
3
38
0
0
17
0
8
13
5
0
1
0
0
10
0
6
0
0
0
0
0
0
0
3
0
13
8
0
7
0
0
0
0
3
0
1
3
0
6
0
7
6
18
31
12
27
0
0
19
0
7
0
0
1
11
40
14
0
6
17
22
6
0
0
0
0
0
0
23
0
3
20
22
0
5
1
0
9
7
0
0
0
0
0
0
0
0
0
0
5
10
0
0
0
3
0
0
0
0
17
4
0
28
0
28
2
32
31
20
11
2
0
10
7
3
2
5
4
11
26
23
0
6
19
27
38
7
0
0
5
0
0
14
0
16
20
15
0
3
0
4
1
0
0
0
4
0
0
12
10
0
0
0
7
0
0
5
0
0
0
0
2
0
27
0
0
26
0
13
0
18
0
6
0
0
0
14
0
0
0
13
0
21
10
19
0
0
0
8
14
8
0
7
28
0
0
23
0
2
10
4
0
8
3
0
28
0
7
0
10
3
0
0
0
0
0
0
3
21
21
0
7
41
0
40
0
0
7
28
0
26
0
29
0
26
84
19
0
0
0
0
0
10
12
29
0
0
0
0
3
0
0
0
32
0
1
0
1
0
0
0
0
0
21
0
0
13
0
0
0
0
0
0
14
26
0
0
0
7
0
45
0
12
22
0
0
6
0
0
15
6
0
9
36
0
0
1
0
0
0
11
0
0
41
2
0
6
6
23
2
0
0
7
0
17
7
12
0
0
32
17
5
0
18
0
3
9
0
8
3
14
0
0
0
0
1
0
11
12
0
23
9
0
0
0
19
5
0
0
0
0
0
0
0
0
13
3
0
7
0
27
0
18
30
15
27
0
4
0
0
17
0
0
4
5
18
8
0
0
17
12
18
0
0
0
0
0
0
19
0
15
12
8
0
3
0
0
4
0
13
0
9
0
0
0
0
0
0
0
13
0
0
0
0
0
2
1
10
0
18
0
0
7
0
28
4
15
0
7
0
1
4
12
0
0
0
12
0
18
6
12
0
0
3
0
1
7
0
0
8
0
0
37
0
8
0
0
0
1
6
3
39
1
18
0
21
0
0
11
12
0
0
0
2
0
0
8
0
0
0
0
15
0
7
4
0
11
0
10
10
20
14
28
8
2
0
12
9
0
0
8
0
14
39
7
0
17
26
36
23
0
0
6
3
0
0
21
0
1
33
9
0
8
0
16
11
13
0
0
1
0
5
0
3
0
0
0
0
15
0
0
1
0
0
0
15
0
0
14
0
18
0
0
1
0
33
3
4
0
0
9
0
3
7
19
0
0
20
18
0
0
6
3
0
0
0
14
0
0
0
0
0
0
0
14
0
21
12
0
5
11
0
0
0
8
3
0
6
0
0
1
0
4
0
8
0
0
0
0
0
0
0
5
0
38
0
0
0
0
0
8
1
0
7
32
14
7
24
26
0
0
25
17
0
13
18
38
0
17
0
8
0
0
0
7
0
0
0
28
0
28
25
0
16
0
0
0
3
10
0
0
28
10
0
9
0
0
0
0
0
0
5
0
0
0
0
18
3
0
0
23
0
6
0
24
0
1
7
0
0
15
0
12
0
0
15
0
0
16
26
5
0
0
18
9
2
0
5
18
0
17
16
5
0
17
0
0
4
0
0
0
22
3
0
12
0
0
0
16
3
9
0
0
0
0
0
0
2
3
3
13
2
0
0
14
5
13
31
23
12
0
14
0
1
7
0
0
4
0
23
0
0
4
23
0
12
0
7
0
0
0
1
8
0
15
14
0
0
7
0
0
0
0
0
0
0
0
0
1
5
17
0
4
0
12
0
0
0
3
0
0
17
1
0
20
0
0
0
1
2
5
17
8
0
0
13
0
0
0
0
14
0
0
10
1
0
0
2
0
0
0
0
17
0
0
0
11
0
2
0
0
0
13
0
0
9
0
0
0
2
0
0
0
9
0
6
0
12
7
0
11
0
0
0
0
0
0
0
17
0
13
13
0
13
10
14
3
3
0
0
0
0
13
14
0
0
23
11
0
0
6
2
9
5
0
0
11
10
18
0
1
0
0
4
1
3
1
18
6
8
24
0
0
0
5
31
0
6
6
0
0
0
7
0
0
0
0
0
9
0
15
16
20
0
6
4
4
12
6
3
3
0
0
0
0
14
4
21
0
0
20
0
0
8
6
0
0
0
0
0
16
6
0
0
0
0
13
0
0
0
0
11
6
0
7
0
0
4
2
9
9
10
0
0
0
0
0
3
12
0
0
0
8
0
16
32
19
0
19
0
0
0
13
0
11
0
0
0
0
16
15
24
0
0
25
0
6
19
18
1
8
6
3
0
14
15
0
0
0
0
24
0
0
0
1
9
11
0
0
0
0
13
12
0
26
2
4
0
25
9
0
0
24
0
0
0
0
0
27
47
5
24
6
0
21
0
26
0
31
0
18
0
0
27
35
8
0
0
38
0
6
20
26
30
12
9
16
0
23
42
0
13
7
4
36
33
10
0
0
0
17
0
0
4
0
29
2
0
28
0
0
0
0
21
0
6
29
0
21
0
0
0
0
42
9
0
60
0
27
0
55
65
39
7
4
0
4
19
11
0
18
0
16
41
4
0
7
27
54
76
13
0
0
10
0
0
0
0
10
76
5
0
17
0
9
0
0
0
0
11
20
0
0
8
15
0
0
0
9
0
0
0
1
5
0
9
0
0
26
0
0
0
5
0
7
26
9
0
0
0
0
0
0
0
18
0
0
9
8
0
0
0
0
0
0
0
3
0
0
0
11
0
0
9
0
0
17
3
0
14
0
0
0
7
13
0
0
0
27
2
0
0
12
0
4
0
0
5
0
3
0
0
18
0
0
0
0
0
9
15
2
0
0
0
0
0
0
0
0
0
0
19
0
0
0
0
0
0
0
7
18
0
0
0
10
0
0
0
0
1
19
2
0
7
0
0
0
0
2
0
0
0
11
1
0
0
7
0
0
0
4
2
0
9
5
2
17
0
0
0
2
0
12
0
10
0
0
6
0
4
6
1
15
1
0
1
1
3
5
3
0
0
0
2
14
11
0
0
9
0
11
1
0
0
9
0
5
1
0
0
0
11
0
0
10
3
2
0
5
1
0
3
7
0
15
0
0
0
0
26
8
7
11
0
29
0
33
0
33
0
14
0
2
24
4
1
27
0
14
9
2
3
14
26
25
24
3
0
20
37
0
0
8
0
21
39
9
0
3
0
17
8
0
0
0
28
0
0
6
0
19
0
0
0
7
26
14
0
42
3
21
0
0
20
23
0
46
0
24
0
39
63
24
0
0
0
0
15
0
4
35
0
0
16
0
2
3
2
25
29
0
0
10
16
0
0
0
0
1
47
0
0
14
0
12
0
0
0
2
15
23
4
0
16
1
0
0
6
20
0
0
0
0
0
3
0
0
0
24
0
0
0
0
0
7
42
11
0
0
0
0
0
9
16
2
0
0
5
2
0
0
0
0
0
0
2
3
0
0
0
0
0
0
0
0
0
13
0
0
0
0
0
0
0
8
0
0
0
5
0
0
0
9
0
0
0
0
0
0
30
0
0
6
0
0
0
4
0
0
3
7
0
0
0
0
0
0
4
14
0
0
21
28
0
0
0
0
0
0
0
16
3
0
0
17
0
0
0
12
0
19
0
0
15
2
0
0
8
0
0
0
0
0
0
6
0
1
0
0
0
3
0
1
0
2
16
15
0
21
0
13
0
19
1
14
0
0
14
3
14
8
11
23
0
0
18
0
0
0
12
0
0
3
11
3
0
0
0
19
0
10
1
7
0
29
0
0
15
0
0
0
23
0
0
0
7
0
0
15
23
0
15
0
0
47
2
18
0
0
58
1
4
33
0
79
0
64
29
46
0
35
0
0
39
28
0
53
0
29
0
3
3
0
29
16
61
23
0
0
56
0
2
0
0
30
64
15
0
8
0
19
0
0
10
0
66
0
0
18
0
0
1
0
7
30
3
0
0
0
0
8
3
0
0
14
0
5
7
0
0
0
44
0
0
0
0
0
0
0
19
0
0
0
0
18
0
0
0
0
0
0
0
0
0
1
0
0
0
0
0
0
4
8
15
0
0
4
0
0
0
12
3
0
0
0
2
0
0
27
0
0
7
4
0
0
28
0
0
3
0
9
12
0
7
0
12
0
2
0
7
12
3
1
19
10
1
0
4
17
0
1
0
0
0
0
0
9
0
25
0
0
0
0
0
15
3
14
18
4
5
30
0
0
0
0
25
0
12
0
0
0
0
17
0
0
6
5
0
13
0
0
0
10
0
37
1
0
0
0
5
9
0
0
6
10
16
5
33
2
0
0
20
0
0
12
16
26
0
12
2
0
0
0
6
0
0
0
0
10
0
21
19
0
0
0
5
0
0
5
0
5
35
0
2
16
10
0
0
0
1
0
0
0
0
4
23
0
0
15
0
1
0
5
0
0
0
0
7
20
0
14
4
24
0
16
0
11
0
0
0
0
0
16
0
1
18
0
0
26
0
9
0
13
0
14
4
0
22
0
32
0
8
0
0
0
0
0
6
24
29
0
0
54
0
0
0
0
0
10
45
0
3
39
0
0
0
46
0
14
24
2
0
11
5
51
0
20
0
35
24
0
0
19
7
34
0
17
26
13
60
0
33
23
0
21
38
9
1
14
0
0
0
0
16
5
0
0
0
0
0
5
0
0
16
9
0
0
0
4
0
17
0
0
6
21
0
0
0
19
13
15
38
15
0
0
0
0
11
0
12
0
0
2
0
0
4
0
13
0
11
0
0
8
6
0
0
0
0
6
7
0
0
0
0
0
0
0
0
0
7
7
0
4
15
9
0
0
0
3
0
0
3
0
3
6
12
18
9
19
0
0
0
0
12
1
0
0
0
0
0
0
12
1
15
0
0
4
0
0
8
6
0
0
0
0
0
25
9
0
0
2
0
11
0
0
0
0
13
3
0
8
0
0
5
2
5
12
4
16
0
0
0
0
0
17
7
0
7
23
0
30
18
26
19
6
0
3
0
3
0
8
0
0
0
0
20
5
29
0
0
13
0
0
21
31
14
0
0
0
0
26
11
0
1
0
0
27
0
0
0
0
0
4
0
0
0
0
22
13
0
33
9
1
0
54
7
0
0
0
2
0
5
0
0
43
28
12
39
0
0
29
0
9
0
34
0
22
6
0
26
44
11
0
0
19
0
0
21
27
41
0
0
19
18
19
23
0
24
0
7
41
13
4
0
2
0
0
0
0
15
0
41
0
0
31
0
0
0
0
21
0
23
35
0
38
0
0
0
0
44
14
0
64
0
37
0
69
71
45
0
12
0
0
21
12
0
38
0
15
40
10
1
13
31
73
88
10
0
0
29
0
0
0
0
13
95
13
0
12
0
17
0
0
0
1
21
25
2
0
11
