20
0
24
10
7
4
-14
2
4
3
6
-3
14
-18
11
-10
-29
7
-16
1
-19
-1
-2
14
-1
-1
8
16
-30
15
4
-2
-10
0
-21
1
-25
1
7
3
-23
-5
4
18
-32
1
-27
-10
23
6
1
11
-11
4
23
-21
-3
-7
5
25
2
-9
-17
19
-28
6
-8
20
20
-8
14
24
-24
3
9
9
2
-10
-1
-15
4
-6
8
6
-3
-10
0
4
3
-6
5
-23
7
-10
-15
-1
3
-13
9
1
20
-1
22
5
2
-1
-4
14
-4
22
-12
17
-27
-26
6
-8
17
1
20
-11
9
16
16
-5
9
-26
-7
-3
10
11
11
-8
4
17
16
7
-11
-18
0
10
0
-13
-9
-5
-8
1
18
12
10
-1
-6
8
3
2
-4
7
9
-10
-2
-3
-1
1
-6
-12
1
-1
5
8
19
-12
4
13
-10
11
-2
2
-8
3
-1
-4
8
12
-4
19
-6
-8
-1
13
13
1
12
-18
16
17
0
-6
-8
-5
-16
-3
9
-6
0
9
-2
-4
7
8
8
-8
-5
12
17
4
2
-2
-3
9
20
14
5
-3
1
6
4
-15
-6
-4
-6
-13
9
-3
1
-1
-3
-7
0
-19
-4
2
6
-7
4
10
7
6
18
10
1
1
1
8
-2
20
-4
12
-6
-14
0
-4
2
-5
3
-15
15
-4
13
-6
15
-5
-6
-4
8
6
6
3
7
6
5
-5
1
-15
-1
13
16
2
-9
-3
-19
23
7
14
-25
-6
-5
-7
5
-28
11
15
6
-2
-21
-6
1
-7
-2
2
7
-21
-10
5
-6
-1
1
-1
-1
1
19
-3
-12
18
-4
9
9
18
4
11
-26
-17
32
2
27
19
-10
-26
-13
17
14
0
7
11
-13
-15
26
-20
-18
3
0
19
2
13
4
-27
-4
5
10
-10
1
-22
7
-11
15
-1
29
-3
-13
6
0
14
-5
-5
18
-18
4
9
-19
3
2
4
-11
2
-1
12
26
4
3
7
-4
19
-6
-6
9
7
-10
-3
-13
-2
20
-2
-2
2
-15
6
-9
-1
-13
7
3
8
-5
-5
-27
8
9
0
5
-7
-8
13
-5
3
-2
-12
12
-7
6
7
25
-3
-24
12
-3
-9
0
-2
17
-9
5
7
-14
4
-10
4
-22
-22
-1
2
5
8
15
-4
3
-17
-7
-4
13
7
9
-1
17
10
18
1
11
-12
1
0
-7
27
-1
5
8
2
-17
-15
15
-12
2
-6
6
8
10
0
0
-1
2
-1
6
2
9
-7
2
4
12
-22
21
-2
12
18
-5
3
-34
-21
-5
-1
19
13
0
-5
-7
11
-13
13
-9
3
-17
-17
-11
1
4
6
21
-6
1
10
-5
15
15
3
5
9
1
13
20
3
-2
-6
13
-2
-1
6
-11
5
5
13
-12
9
-8
-13
1
-1
9
0
-8
1
9
9
13
3
22
-1
5
-1
-4
19
0
-5
25
-10
4
-2
5
1
2
-23
-12
-15
14
-1
14
-13
5
12
-7
5
3
-5
-11
-13
-1
5
-13
2
22
-20
7
-10
-4
11
28
7
8
-7
19
15
10
5
1
-4
-9
0
-14
12
-1
6
-4
-6
-18
-3
6
-1
1
-9
1
6
9
-4
2
0
-2
-13
-1
1
12
-1
7
10
5
-12
22
-12
2
7
-1
1
-32
-10
0
3
7
9
-5
-8
-13
10
3
-16
-4
17
8
-12
-8
-2
0
-7
23
3
-2
-24
0
0
6
14
-6
-19
11
-13
13
10
7
5
2
13
-10
9
4
-4
-12
-3
18
-5
8
20
-9
-17
-7
-20
3
4
8
14
14
-2
-1
3
2
6
-8
29
-10
3
13
-13
5
5
12
4
-16
-4
20
-11
6
6
8
-4
-20
-5
0
20
18
-1
27
0
18
13
-8
2
-18
22
-32
16
3
-10
-14
-5
-15
10
-21
14
-24
-13
12
-2
-12
-11
-20
7
15
3
9
14
-2
16
-11
4
-13
12
14
-4
-21
0
-21
-3
6
-11
-18
-10
14
22
-25
-4
-1
0
-18
-9
-1
-1
34
-4
5
35
5
-6
3
-3
21
-15
3
-7
2
4
0
-12
5
-16
-6
5
-3
0
-5
7
-6
-17
-10
-2
13
9
7
-6
15
13
7
0
7
-5
-11
-3
2
24
-2
5
10
-12
-28
-14
-4
-14
0
-5
-10
1
24
-6
-19
3
-6
-10
-2
-1
-1
11
-1
3
-1
-29
17
-11
9
16
22
-9
-41
-3
1
-7
3
5
12
-7
7
6
5
4
11
-9
-6
-16
-8
7
-5
1
-5
-8
0
-19
9
3
18
9
-2
5
18
17
18
4
-3
1
3
-2
-26
15
8
14
-15
-8
-13
-6
3
-3
4
-24
9
-3
29
-5
2
11
-7
-23
8
-11
-6
31
9
12
-7
-9
-1
0
-2
21
5
-11
-25
2
-23
-15
7
-2
-1
-15
-11
2
-1
3
0
5
6
-22
-7
9
-30
-9
19
-24
36
-13
10
20
12
-3
-6
-33
27
16
6
-1
-12
-4
-11
8
-14
6
3
12
-31
-8
-10
-9
9
32
17
-4
11
24
-11
-4
-3
-5
1
-21
9
2
2
-5
11
15
12
13
16
-27
3
-12
-23
-7
-36
-14
-32
3
16
15
-31
17
-21
13
-7
-21
-24
4
17
-12
28
7
-18
6
28
-19
26
-19
12
-7
-18
0
-19
-18
1
-3
11
2
-3
-2
9
15
4
-2
15
-14
-43
14
21
-1
-6
50
-29
13
-2
-15
-27
6
7
14
7
2
38
-29
-35
-1
-3
38
-2
28
-10
-35
24
-14
24
18
-4
0
7
-17
7
0
18
-8
2
-7
5
-2
5
-11
16
-12
-2
3
-20
-1
-3
5
-2
-21
-6
2
9
21
-3
-11
9
22
-3
-1
6
-2
-11
9
-2
12
6
-5
-5
-2
-28
-32
-2
6
-8
5
-7
7
9
1
-11
-8
-3
-10
-1
-1
-7
3
-9
-1
-5
-21
9
-31
19
-4
19
-14
-38
-1
2
-35
2
0
16
-7
-20
18
10
6
0
2
4
-18
-8
15
-4
-3
5
-12
-3
0
17
6
25
4
-17
-13
17
-5
10
0
2
-6
-4
-1
-21
3
1
-14
-6
10
-12
-13
-9
10
12
-8
10
-10
5
-2
-1
1
0
-1
-20
-2
10
7
0
22
-5
-1
15
5
8
9
-5
-13
-17
0
17
-1
12
24
-6
5
-33
14
-5
-2
-17
23
4
-31
-14
-17
6
-4
26
-1
12
-15
0
21
-3
15
-3
-10
23
-5
7
-8
12
2
25
1
-1
3
0
2
-7
17
-19
-18
5
14
17
-9
20
-24
2
-3
24
7
34
-3
2
14
7
10
-12
19
-13
-10
20
-10
18
-3
-7
-3
-10
-15
