18
-85
57
-9
-1
39
124
15
-47
-48
-127
-24
-67
-1
124
67
-103
-96
-127
-32
-48
-73
-88
-32
-27
-95
6
-117
57
-76
47
74
50
-68
8
-127
-11
10
127
-127
52
-127
-45
15
127
-63
-64
20
88
87
-127
-74
9
111
-13
-127
-117
26
75
44
20
-97
25
-108
-42
114
127
-46
-2
38
8
-80
41
-66
68
-55
-6
1
48
72
102
67
-44
73
21
-9
-57
5
-77
-3
21
-46
39
-51
-41
-69
61
-60
-56
-41
14
-31
-75
76
-58
-14
-85
-23
11
-127
-3
-30
108
17
-13
33
24
-19
9
-10
85
101
-33
-46
-32
45
-45
-26
6
29
127
-19
-123
34
-60
-91
101
127
6
-82
14
127
9
-127
-45
3
-96
-127
-58
-127
127
65
-20
127
-85
-40
-127
-81
-31
-2
-26
-2
127
-127
127
91
-10
-88
-40
-85
-82
-113
0
54
55
127
-52
127
-127
-48
-63
-53
47
-67
-33
113
73
-78
-39
84
127
-100
-53
127
-100
-78
-127
-127
55
-43
6
-16
-23
-88
-91
-65
-87
-71
-127
-16
32
-44
127
82
17
-50
0
99
-1
14
-48
22
-71
-43
-37
2
-28
87
54
-1
127
-44
-127
-11
-81
4
-3
-87
-35
2
-85
-127
82
-99
21
-32
61
-16
6
-55
17
-46
31
-47
80
-51
-83
-113
-30
7
81
-52
24
28
127
-36
-104
5
-19
31
-15
-94
127
-54
127
-24
-81
-20
-23
15
10
91
104
59
-98
4
127
51
19
127
8
-21
-28
107
-34
18
-52
-23
-12
1
40
4
-40
-8
51
-3
32
74
41
-33
-71
7
63
-58
46
-99
25
-94
0
11
10
13
-18
23
0
-56
66
5
4
36
-37
47
27
102
-3
-1
-30
-29
-53
30
-20
-39
-48
-1
11
-68
117
-80
-53
-84
14
4
22
-2
-3
-33
-31
19
68
-64
-82
101
-70
25
2
12
-122
68
64
-54
19
-127
-8
99
-45
72
-38
-15
69
59
-14
127
18
-127
-64
35
106
127
-59
-38
2
-43
87
15
40
99
5
-56
36
-67
45
90
21
65
-35
127
36
-127
-41
-8
-52
-3
-59
-74
127
42
2
33
-84
32
-78
-22
-127
46
-58
24
-41
-4
-4
-29
55
-6
-52
48
7
-104
54
-39
-64
-127
35
-43
-20
76
-93
-28
101
-127
-70
127
-43
-28
3
-113
-127
-17
-101
-29
-24
-15
30
-81
-80
39
-127
-74
-80
-65
54
100
-76
-91
127
-66
-57
-68
45
-99
35
33
6
-42
-102
3
114
99
26
-104
87
-7
31
-42
-127
51
-68
-127
2
114
1
17
-13
-32
78
-101
67
73
-42
-45
62
-21
-68
-8
10
10
-77
16
-107
47
-17
-56
30
-15
16
48
8
-23
-33
-51
-127
-27
-31
-25
29
-6
-127
16
-62
66
-20
-56
-31
-30
38
60
-109
16
-58
-88
65
-70
1
-5
-111
-21
-1
8
24
44
16
9
-47
42
117
127
-106
9
39
-83
91
61
-20
91
2
-24
-73
-103
-127
-39
-127
-78
127
45
-18
64
-127
-50
72
16
-77
127
-12
28
-121
-55
-52
20
-78
97
12
-95
-13
52
127
19
127
127
-50
37
-100
-44
-102
-75
127
12
-86
-126
-72
18
127
-127
44
120
79
-68
-6
15
27
127
6
-71
57
-23
-32
127
-92
-119
-5
-127
-71
-63
109
35
-66
127
57
84
-5
3
