1017
355
567
697
655
304
399
658
402
497
429
477
688
413
533
730
847
715
1094
963
505
1009
314
521
429
1250
641
683
508
805
564
284
379
602
260
823
829
515
1010
488
1248
416
529
585
372
573
537
1365
677
525
851
385
861
368
636
683
603
441
233
674
521
1056
644
396
451
744
475
474
816
733
330
605
352
516
546
626
846
549
400
1790
728
740
682
552
549
454
420
218
365
641
487
1505
352
595
858
456
474
930
721
333
568
584
537
479
318
667
525
480
1057
409
844
299
683
733
596
665
702
295
516
999
1002
648
1014
551
485
396
392
439
629
567
524
267
395
240
628
485
505
587
412
970
214
530
284
427
373
285
811
230
862
258
768
790
412
359
367
470
1292
252
481
632
1038
763
411
383
657
2082
592
498
553
511
551
404
1689
553
843
760
348
883
325
511
991
349
394
540
1030
576
743
816
1102
622
468
729
805
557
851
719
756
675
918
2459
688
554
488
606
670
483
519
646
672
711
534
1303
756
565
386
717
830
745
1152
748
577
456
772
408
811
374
681
397
886
787
301
580
3142
792
498
555
803
431
596
607
593
1037
724
486
436
443
745
463
1299
738
970
561
1274
470
912
467
1169
645
396
663
260
276
824
561
2243
554
431
688
405
1355
631
794
741
240
512
430
472
418
616
396
381
253
470
474
1018
836
461
754
