-1944
3769
-1490
-1278
1413
1184
-198
0
-525
-1026
-834
-2967
-2225
1115
-309
-972
-1726
-713
-1272
1596
-3160
836
0
-3634
1951
260
508
-1436
290
-658
-723
88
-574
0
-1370
-210
-298
-1938
-1188
1265
49
1336
-2444
-3792
1558
0
-6
-1428
-711
75
0
3651
0
-2341
63
1582
-364
-385
3198
127
-445
-3030
0
328
2071
1126
-132
-263
-180
-195
163
-1865
-1125
5708
-1363
-1397
1248
-27
-1000
0
435
-1054
-659
-656
-4460
1594
-331
-3138
-10
-196
-180
1467
-68
-2088
36
-2573
-3063
-135
-124
-1416
935
-224
643
94
-1939
-44
-1290
-666
1363
-2227
914
-3205
-79
-3134
-1576
-3664
2574
840
48
-581
-3333
-1802
-52
1475
0
-501
329
202
5082
-918
6412
-42
-1778
-150
-635
219
1977
6581
-40
1024
-627
210
2879
-1224
-3420
6297
-1322
-2201
449
666
-1800
64
-841
-1761
-578
838
-5302
456
1229
-439
-2572
1196
-1124
1363
-2073
1202
2
-3466
80
635
-96
0
1034
0
220
281
-194
66
-2230
-2229
2347
-2628
-378
15
-83
1368
-290
-4633
0
-490
0
-294
-2435
-1825
-53
3154
0
-453
405
-7500
-235
-504
2390
0
-3216
-1330
70
320
1480
-2
2
102
0
40
1777
-2046
1280
5993
-3576
-931
-210
882
-1458
-8
80
-1166
780
-2367
-4037
182
-35
-392
360
-623
-707
1322
695
2787
-406
-5400
-1344
619
0
19
353
0
520
425
-658
-744
-1716
-109
1146
-1827
-380
-153
-144
-1109
985
-3227
0
7253
2144
-111
-1514
-1178
-104
956
0
-6430
138
-521
435
-530
-101
-1987
-3664
-2490
-115
325
1191
91
0
1060
0
-203
2733
-1605
-1040
4576
-544
-312
-438
115
-580
-127
280
-641
-1511
3108
-1488
13
808
-889
-840
-446
-1889
636
100
-2989
-1689
-765
775
-1126
0
-25
210
0
427
243
-166
1502
-880
-1242
640
-1778
0
0
-218
-1130
-580
-2544
0
2056
-118
442
709
-1896
0
133
0
700
-30
-5163
0
-1984
8937
1387
-2660
-1394
0
24
981
0
0
-10
0
133
2546
-2060
-624
725
-1024
-474
1040
1306
-1432
-56
-1716
-2040
-3329
-2363
-259
838
-470
-1063
-2008
-243
1459
-1788
-922
3139
0
-5953
-3528
175
269
-1297
504
-271
-4108
608
-3268
0
-418
429
760
-3385
236
2585
75
1442
-2285
-1383
3229
0
18
-2667
-1406
596
-3
2993
360
-4794
65
-1264
-1294
524
5168
809
-1383
-49
156
-2024
-1102
8125
-698
-1767
-9
1455
923
-5097
-1527
-2127
-602
-2442
-118
-508
-2422
-505
-337
-495
-6385
2326
-40
700
-646
-3937
-2078
-1959
374
-2147
1101
606
88
-5967
-5352
74
64
-2151
-27
-1261
-1406
334
-1764
15
-1166
-891
2761
-2594
958
-9259
160
-5876
-2961
-4464
5757
889
-128
-2134
-3263
413
-406
1902
1710
438
1127
-1502
1333
1001
7656
-318
-3682
-6400
-707
-2585
2015
11371
-115
-472
-306
1460
1267
-3327
-2604
-2197
-1827
-482
-539
-1464
-2553
20
-396
-2880
-3547
727
710
-266
890
-788
-3470
-1364
-203
-1955
1700
-2858
17
-6306
232
1053
328
0
4471
0
-1401
332
-2101
-383
-2115
-2965
4656
-3219
1824
-90
52
1315
-185
-3174
0
714
0
-1287
-240
1103
21
1324
0
1627
-391
-10957
55
264
4588
0
-6887
-1967
-300
-1003
2162
310
214
-2444
0
380
316
-1533
1572
-3138
-6247
-27
-784
270
-1388
-744
-326
-704
-5496
-41
1711
-361
-128
-183
-378
199
-1554
-1950
1809
-1014
-2576
-9135
-640
-1000
0
754
1353
0
-69
630
-1982
1253
-729
-1088
-1112
-2824
400
-381
18
-1877
5521
314
0
9730
7913
268
1882
391
-129
9
30
-9724
-225
-3738
475
1935
1049
-3949
-4949
-6465
125
-2237
222
456
0
-1915
0
1414
2843
696
-648
-427
1021
42
-189
295
-602
-43
19
-1117
-2890
4085
864
-39
2430
-308
-1664
1499
-4066
-720
-772
-3155
-2680
-3625
861
-4155
0
-924
1257
0
-871
716
-1742
1444
-1591
-2418
2577
-3620
0
0
-101
-1270
-2864
588
0
-170
383
388
5553
-1507
-204
-243
120
6244
-26
-11401
-235
1025
12539
1445
-2141
261
0
-2924
2399
0
0
-2548
0
649
2011
-6018
25
2159
-1556
-2102
-634
1157
769
126
-1697
1105
-68
-2502
-1751
-549
-217
656
-1817
-43
5927
444
3534
5273
0
-4822
2709
251
-98
-2161
2562
-846
-657
0
-1429
0
-1705
-627
2773
-1165
1506
-300
0
1595
51
-2406
1325
0
0
-2100
-1687
6472
-159
-1073
-300
-3963
-745
-1002
411
99
-185
-817
-2113
-3143
56
20
-2413
2538
-215
-1464
42
0
606
-4081
-3913
2996
-2673
-1740
-934
2568
2014
1131
-730
1336
-2160
-2235
-3967
-716
-649
-133
-5045
-1631
2696
319
3414
2206
426
-5185
-3655
686
186
-2294
1200
474
370
762
-1018
127
-3310
-28
904
-1763
2447
-5545
-288
-4345
-1293
-915
4678
588
0
-5712
-2557
4460
-177
-535
-285
-326
141
-912
2626
-121
6068
-227
-4560
-4677
-802
75
739
5785
1138
776
-6
0
872
-285
-373
1651
-2841
-993
-795
746
2249
45
622
-266
380
530
-3901
-81
-306
-1671
-3885
-2986
-2967
370
2062
-3876
-1215
-2403
0
-1930
24
-25
434
599
-302
1161
-4301
-671
-4735
-2497
2640
-2277
2685
-450
-436
-10
194
-4303
45
2747
0
-1865
3406
4199
-1
-2102
0
2088
-431
-4492
204
806
4845
-1131
-4511
-1195
319
0
-38
283
878
-895
0
0
3930
-4959
248
4822
-3820
-246
-24
67
1375
-2218
383
2084
-2800
4445
-3298
-8
196
-1406
-3907
328
-1956
20
1373
-1646
-4716
-4876
0
-5136
0
4063
1743
-516
610
932
1160
4242
-3493
-956
34
-1355
597
27
487
-678
831
-1275
0
3873
2060
1280
4161
2548
-620
-1345
-295
-7111
-117
-5383
-575
476
1575
414
-3040
-2424
-641
849
-583
387
0
1460
0
-290
7366
-9151
360
4445
1626
-27
-3
39
400
15
-709
-470
-856
4304
-2188
0
2770
469
-1840
2889
-4656
0
-1179
-3167
-1786
-1306
0
-6472
0
-3308
1626
-405
0
1229
-1692
-1704
-2988
-3280
1997
-1103
-228
-455
220
0
-2120
247
0
190
-15
537
3869
2189
-616
-1701
-100
312
0
-11028
55
-569
7008
-3063
280
-3342
-68
-11
583
0
0
-766
0
190
5760
-9120
-2360
-1406
-391
-99
-76
436
-160
1583
-294
847
-3760
-2280
-306
-9
-408
2642
-3145
-451
5387
-827
4873
1244
306
-4127
-1161
-614
30
-2330
528
-912
1237
0
602
0
-1001
-313
-1045
-1075
2269
-7059
180
-3860
-1043
1465
4472
0
0
-6499
-512
3216
-641
-1613
135
-1871
-195
-32
-4073
39
5674
244
-3572
-4902
-1170
-540
-3882
4076
1433
-2200
0
0
1884
-2882
226
-858
-1076
0
-12
749
-773
720
-1721
97
-1733
297
-142
-1
-885
101
-2941
-505
-2432
-230
-49
-2157
-2081
-2501
0
-5324
0
-99
-351
-754
-74
920
1708
1413
-2018
-1887
-1762
-1220
2992
-320
16
-152
-204
2464
81
3048
0
-1360
4819
4399
-673
-3000
0
2596
0
-2828
254
462
6806
96
-2258
-2355
13
0
2719
561
762
-2258
0
0
2990
-1944
1026
-1000
-1477
0
0
117
-553
-598
881
806
-1729
2266
765
0
463
-417
-3857
-1943
-3453
-160
-373
-2977
-2177
-2835
0
-6032
0
-3828
893
-662
470
3207
-816
4045
-2061
-1119
447
100
358
-128
-365
-762
2790
929
0
4968
3683
1387
2742
5565
-798
-1153
-635
-5032
0
-5486
30
-694
1826
-3408
360
-4458
-216
-1420
-2542
433
0
-2424
0
820
2427
-3227
