-6852
-11593
2770
7301
-12929
-14264
-3431
4574
3376
-11544
-3495
-4946
2510
-13727
-5999
-1439
-5101
-4161
-12213
-13496
-6953
-4886
-4784
-3742
-9906
-6938
1830
-5520
487
-6899
-228
4241
-5426
-7226
1268
-3175
-890
-8380
-5136
2617
-11811
-1489
-9426
-9373
-15019
3728
5019
-3437
4802
-5101
557
-8040
-9732
-2103
6185
5544
-12130
-5747
3493
-2495
-3053
-15615
-3429
3081
-9676
-8139
-6508
6420
-7514
424
19651
5497
405
1198
-12819
-3344
-10588
168
-2881
2407
-6279
-2849
-2250
-5916
-8967
-11174
-6062
-13150
849
15252
-6490
-6928
-3820
-4761
-13708
592
-6091
-6059
16959
-3425
-4102
-11238
-8319
1556
-5858
-398
-15429
2373
316
9676
-5964
-7421
8649
3058
-576
1735
-10876
-4364
3504
-1087
-1030
12456
-4225
-10668
-7117
5689
-4665
-8438
1551
12315
-8247
-8323
-4568
-4043
-3866
-2838
10847
-8856
-4955
-3280
4370
-5799
-7355
8588
-8722
-4501
-9920
-8249
-17975
-4540
-5914
-11548
-9524
-5913
-10978
-10860
-5965
-19005
-10789
1172
-6050
-2397
-4908
-17893
-11733
-5984
9554
-6124
-972
-7595
3204
2658
-7873
2989
-3132
-8900
-6594
-8624
-10092
2747
3382
-1729
4639
-2758
-13338
-11230
-23019
-4199
-7004
1503
-6707
-14697
-6852
-11593
2770
7301
-12929
-14264
-3431
4574
3376
-11544
-3495
-4946
2510
-13727
-5999
-1439
-5101
-4161
-12213
-13496
-6953
-4886
-4784
-3742
-9906
-6938
1830
-5520
487
-6899
-228
4241
-5426
-7226
1268
-3175
-890
-8380
-5136
2617
-11811
-1489
-9426
-9373
-15019
3728
5019
-3437
4802
-5101
557
-8040
-9732
-2103
6185
5544
-12130
-5747
3493
-2495
-3053
-15615
-3429
3081
-9676
-8139
-6508
6420
-7514
424
19651
5497
405
1198
-12819
-3344
-10588
168
-2881
2407
-6279
-2849
-2250
-5916
-8967
-11174
-6062
-13150
849
15252
-6490
-6928
-3820
-4761
-13708
592
-6091
-6059
16959
-3425
-4102
-11238
-8319
1556
-5858
-398
-15429
2373
316
9676
-5964
-7421
8649
3058
-576
1735
-10876
-4364
3504
-1087
-1030
12456
-4225
-10668
-7117
5689
-4665
-8438
1551
12315
-8247
-8323
-4568
-4043
-3866
-2838
10847
-8856
-4955
-3280
4370
-5799
-7355
8588
-8722
-4501
-9920
-8249
-17975
-4540
-5914
-11548
-9524
-5913
-10978
-10860
-5965
-19005
-10789
1172
-6050
-2397
-4908
-17893
-11733
-5984
9554
-6124
-972
-7595
3204
2658
-7873
2989
-3132
-8900
-6594
-8624
-10092
2747
3382
-1729
4639
-2758
-13338
-11230
-23019
-4199
-7004
1503
-6707
-14697
-6852
-11593
2770
7301
-12929
-14264
-3431
4574
3376
-11544
-3495
-4946
2510
-13727
-5999
-1439
-5101
-4161
-12213
-13496
-6953
-4886
-4784
-3742
-9906
-6938
1830
-5520
487
-6899
-228
4241
-5426
-7226
1268
-3175
-890
-8380
-5136
2617
-11811
-1489
-9426
-9373
-15019
3728
5019
-3437
4802
-5101
557
-8040
-9732
-2103
6185
5544
-12130
-5747
3493
-2495
-3053
-15615
-3429
3081
-9676
-8139
-6508
6420
-7514
424
19651
5497
405
1198
-12819
-3344
-10588
168
-2881
2407
-6279
-2849
-2250
-5916
-8967
-11174
-6062
-13150
849
15252
-6490
-6928
-3820
-4761
-13708
592
-6091
-6059
16959
-3425
-4102
-11238
-8319
1556
-5858
-398
-15429
2373
316
9676
-5964
-7421
8649
3058
-576
1735
-10876
-4364
3504
-1087
-1030
12456
-4225
-10668
-7117
5689
-4665
-8438
1551
12315
-8247
-8323
-4568
-4043
-3866
-2838
10847
-8856
-4955
-3280
4370
-5799
-7355
8588
-8722
-4501
-9920
-8249
-17975
-4540
-5914
-11548
-9524
-5913
-10978
-10860
-5965
-19005
-10789
1172
-6050
-2397
-4908
-17893
-11733
-5984
9554
-6124
-972
-7595
3204
2658
-7873
2989
-3132
-8900
-6594
-8624
-10092
2747
3382
-1729
4639
-2758
-13338
-11230
-23019
-4199
-7004
1503
-6707
-14697
-6852
-11593
2770
7301
-12929
-14264
-3431
4574
3376
-11544
-3495
-4946
2510
-13727
-5999
-1439
-5101
-4161
-12213
-13496
-6953
-4886
-4784
-3742
-9906
-6938
1830
-5520
487
-6899
-228
4241
-5426
-7226
1268
-3175
-890
-8380
-5136
2617
-11811
-1489
-9426
-9373
-15019
3728
5019
-3437
4802
-5101
557
-8040
-9732
-2103
6185
5544
-12130
-5747
3493
-2495
-3053
-15615
-3429
3081
-9676
-8139
-6508
6420
-7514
424
19651
5497
405
1198
-12819
-3344
-10588
168
-2881
2407
-6279
-2849
-2250
-5916
-8967
-11174
-6062
-13150
849
15252
-6490
-6928
-3820
-4761
-13708
592
-6091
-6059
16959
-3425
-4102
-11238
-8319
1556
-5858
-398
-15429
2373
316
9676
-5964
-7421
8649
3058
-576
1735
-10876
-4364
3504
-1087
-1030
12456
-4225
-10668
-7117
5689
-4665
-8438
1551
12315
-8247
-8323
-4568
-4043
-3866
-2838
10847
-8856
-4955
-3280
4370
-5799
-7355
8588
-8722
-4501
-9920
-8249
-17975
-4540
-5914
-11548
-9524
-5913
-10978
-10860
-5965
-19005
-10789
1172
-6050
-2397
-4908
-17893
-11733
-5984
9554
-6124
-972
-7595
3204
2658
-7873
2989
-3132
-8900
-6594
-8624
-10092
2747
3382
-1729
4639
-2758
-13338
-11230
-23019
-4199
-7004
1503
-6707
-14697
-6852
-11593
2770
7301
-12929
-14264
-3431
4574
3376
-11544
-3495
-4946
2510
-13727
-5999
-1439
-5101
-4161
-12213
-13496
-6953
-4886
-4784
-3742
-9906
-6938
1830
-5520
487
-6899
-228
4241
-5426
-7226
1268
-3175
-890
-8380
-5136
2617
-11811
-1489
-9426
-9373
-15019
3728
5019
-3437
4802
-5101
557
-8040
-9732
-2103
6185
5544
-12130
-5747
3493
-2495
-3053
-15615
-3429
3081
-9676
-8139
-6508
6420
-7514
424
19651
5497
405
1198
-12819
-3344
-10588
168
-2881
2407
-6279
-2849
-2250
-5916
-8967
-11174
-6062
-13150
849
15252
-6490
-6928
-3820
-4761
-13708
592
-6091
-6059
16959
-3425
-4102
-11238
-8319
1556
-5858
-398
-15429
2373
316
9676
-5964
-7421
8649
3058
-576
1735
-10876
-4364
3504
-1087
-1030
12456
-4225
-10668
-7117
5689
-4665
-8438
1551
12315
-8247
-8323
-4568
-4043
-3866
-2838
10847
-8856
-4955
-3280
4370
-5799
-7355
8588
-8722
-4501
-9920
-8249
-17975
-4540
-5914
-11548
-9524
-5913
-10978
-10860
-5965
-19005
-10789
1172
-6050
-2397
-4908
-17893
-11733
-5984
9554
-6124
-972
-7595
3204
2658
-7873
2989
-3132
-8900
-6594
-8624
-10092
2747
3382
-1729
4639
-2758
-13338
-11230
-23019
-4199
-7004
1503
-6707
-14697
-6852
-11593
2770
7301
-12929
-14264
-3431
4574
3376
-11544
-3495
-4946
2510
-13727
-5999
-1439
-5101
-4161
-12213
-13496
-6953
-4886
-4784
-3742
-9906
-6938
1830
-5520
487
-6899
-228
4241
-5426
-7226
1268
-3175
-890
-8380
-5136
2617
-11811
-1489
-9426
-9373
-15019
3728
5019
-3437
4802
-5101
557
-8040
-9732
-2103
6185
5544
-12130
-5747
3493
-2495
-3053
-15615
-3429
3081
-9676
-8139
-6508
6420
-7514
424
19651
5497
405
1198
-12819
-3344
-10588
168
-2881
2407
-6279
-2849
-2250
-5916
-8967
-11174
-6062
-13150
849
15252
-6490
-6928
-3820
-4761
-13708
592
-6091
-6059
16959
-3425
-4102
-11238
-8319
1556
-5858
-398
-15429
2373
316
9676
-5964
-7421
8649
3058
-576
1735
-10876
-4364
3504
-1087
-1030
12456
-4225
-10668
-7117
5689
-4665
-8438
1551
12315
-8247
-8323
-4568
-4043
-3866
-2838
10847
-8856
-4955
-3280
4370
-5799
-7355
8588
-8722
-4501
-9920
-8249
-17975
-4540
-5914
-11548
-9524
-5913
-10978
-10860
-5965
-19005
-10789
1172
-6050
-2397
-4908
-17893
-11733
-5984
9554
-6124
-972
-7595
3204
2658
-7873
2989
-3132
-8900
-6594
-8624
-10092
2747
3382
-1729
4639
-2758
-13338
-11230
-23019
-4199
-7004
1503
-6707
-14697
-6852
-11593
2770
7301
-12929
-14264
-3431
4574
3376
-11544
-3495
-4946
2510
-13727
-5999
-1439
-5101
-4161
-12213
-13496
-6953
-4886
-4784
-3742
-9906
-6938
1830
-5520
487
-6899
-228
4241
-5426
-7226
1268
-3175
-890
-8380
-5136
2617
-11811
-1489
-9426
-9373
-15019
3728
5019
-3437
4802
-5101
557
-8040
-9732
-2103
6185
5544
-12130
-5747
3493
-2495
-3053
-15615
-3429
3081
-9676
-8139
-6508
6420
-7514
424
19651
5497
405
1198
-12819
-3344
-10588
168
-2881
2407
-6279
-2849
-2250
-5916
-8967
-11174
-6062
-13150
849
15252
-6490
-6928
-3820
-4761
-13708
592
-6091
-6059
16959
-3425
-4102
-11238
-8319
1556
-5858
-398
-15429
2373
316
9676
-5964
-7421
8649
3058
-576
1735
-10876
-4364
3504
-1087
-1030
12456
-4225
-10668
-7117
5689
-4665
-8438
1551
12315
-8247
-8323
-4568
-4043
-3866
-2838
10847
-8856
-4955
-3280
4370
-5799
-7355
8588
-8722
-4501
-9920
-8249
-17975
-4540
-5914
-11548
-9524
-5913
-10978
-10860
-5965
-19005
-10789
1172
-6050
-2397
-4908
-17893
-11733
-5984
9554
-6124
-972
-7595
3204
2658
-7873
2989
-3132
-8900
-6594
-8624
-10092
2747
3382
-1729
4639
-2758
-13338
-11230
-23019
-4199
-7004
1503
-6707
-14697
-6852
-11593
2770
7301
-12929
-14264
-3431
4574
3376
-11544
-3495
-4946
2510
-13727
-5999
-1439
-5101
-4161
-12213
-13496
-6953
-4886
-4784
-3742
-9906
-6938
1830
-5520
487
-6899
-228
4241
-5426
-7226
1268
-3175
-890
-8380
-5136
2617
-11811
-1489
-9426
-9373
-15019
3728
5019
-3437
4802
-5101
557
-8040
-9732
-2103
6185
5544
-12130
-5747
3493
-2495
-3053
-15615
-3429
3081
-9676
-8139
-6508
6420
-7514
424
19651
5497
405
1198
-12819
-3344
-10588
168
-2881
2407
-6279
-2849
-2250
-5916
-8967
-11174
-6062
-13150
849
15252
-6490
-6928
-3820
-4761
-13708
592
-6091
-6059
16959
-3425
-4102
-11238
-8319
1556
-5858
-398
-15429
2373
316
9676
-5964
-7421
8649
3058
-576
1735
-10876
-4364
3504
-1087
-1030
12456
-4225
-10668
-7117
5689
-4665
-8438
1551
12315
-8247
-8323
-4568
-4043
-3866
-2838
10847
-8856
-4955
-3280
4370
-5799
-7355
8588
-8722
-4501
-9920
-8249
-17975
-4540
-5914
-11548
-9524
-5913
-10978
-10860
-5965
-19005
-10789
1172
-6050
-2397
-4908
-17893
-11733
-5984
9554
-6124
-972
-7595
3204
2658
-7873
2989
-3132
-8900
-6594
-8624
-10092
2747
3382
-1729
4639
-2758
-13338
-11230
-23019
-4199
-7004
1503
-6707
-14697
-6852
-11593
2770
7301
-12929
-14264
-3431
4574
3376
-11544
-3495
-4946
2510
-13727
-5999
-1439
-5101
-4161
-12213
-13496
-6953
-4886
-4784
-3742
-9906
-6938
1830
-5520
487
-6899
-228
4241
-5426
-7226
1268
-3175
-890
-8380
-5136
2617
-11811
-1489
-9426
-9373
-15019
3728
5019
-3437
4802
-5101
557
-8040
-9732
-2103
6185
5544
-12130
-5747
3493
-2495
-3053
-15615
-3429
3081
-9676
-8139
-6508
6420
-7514
424
19651
5497
405
1198
-12819
-3344
-10588
168
-2881
2407
-6279
-2849
-2250
-5916
-8967
-11174
-6062
-13150
849
15252
-6490
-6928
-3820
-4761
-13708
592
-6091
-6059
16959
-3425
-4102
-11238
-8319
1556
-5858
-398
-15429
2373
316
9676
-5964
-7421
8649
3058
-576
1735
-10876
-4364
3504
-1087
-1030
12456
-4225
-10668
-7117
5689
-4665
-8438
1551
12315
-8247
-8323
-4568
-4043
-3866
-2838
10847
-8856
-4955
-3280
4370
-5799
-7355
8588
-8722
-4501
-9920
-8249
-17975
-4540
-5914
-11548
-9524
-5913
-10978
-10860
-5965
-19005
-10789
1172
-6050
-2397
-4908
-17893
-11733
-5984
9554
-6124
-972
-7595
3204
2658
-7873
2989
-3132
-8900
-6594
-8624
-10092
2747
3382
-1729
4639
-2758
-13338
-11230
-23019
-4199
-7004
1503
-6707
-14697
-6852
-11593
2770
7301
-12929
-14264
-3431
4574
3376
-11544
-3495
-4946
2510
-13727
-5999
-1439
-5101
-4161
-12213
-13496
-6953
-4886
-4784
-3742
-9906
-6938
1830
-5520
487
-6899
-228
4241
-5426
-7226
1268
-3175
-890
-8380
-5136
2617
-11811
-1489
-9426
-9373
-15019
3728
5019
-3437
4802
-5101
557
-8040
-9732
-2103
6185
5544
-12130
-5747
3493
-2495
-3053
-15615
-3429
3081
-9676
-8139
-6508
6420
-7514
424
19651
5497
405
1198
-12819
-3344
-10588
168
-2881
2407
-6279
-2849
-2250
-5916
-8967
-11174
-6062
-13150
849
15252
-6490
-6928
-3820
-4761
-13708
592
-6091
-6059
16959
-3425
-4102
-11238
-8319
1556
-5858
-398
-15429
2373
316
9676
-5964
-7421
8649
3058
-576
1735
-10876
-4364
3504
-1087
-1030
12456
-4225
-10668
-7117
5689
-4665
-8438
1551
12315
-8247
-8323
-4568
-4043
-3866
-2838
10847
-8856
-4955
-3280
4370
-5799
-7355
8588
-8722
-4501
-9920
-8249
-17975
-4540
-5914
-11548
-9524
-5913
-10978
-10860
-5965
-19005
-10789
1172
-6050
-2397
-4908
-17893
-11733
-5984
9554
-6124
-972
-7595
3204
2658
-7873
2989
-3132
-8900
-6594
-8624
-10092
2747
3382
-1729
4639
-2758
-13338
-11230
-23019
-4199
-7004
1503
-6707
-14697
-6852
-11593
2770
7301
-12929
-14264
-3431
4574
3376
-11544
-3495
-4946
2510
-13727
-5999
-1439
-5101
-4161
-12213
-13496
-6953
-4886
-4784
-3742
-9906
-6938
1830
-5520
487
-6899
-228
4241
-5426
-7226
1268
-3175
-890
-8380
-5136
2617
-11811
-1489
-9426
-9373
-15019
3728
5019
-3437
4802
-5101
557
-8040
-9732
-2103
6185
5544
-12130
-5747
3493
-2495
-3053
-15615
-3429
3081
-9676
-8139
-6508
6420
-7514
424
19651
5497
405
1198
-12819
-3344
-10588
168
-2881
2407
-6279
-2849
-2250
-5916
-8967
-11174
-6062
-13150
849
15252
-6490
-6928
-3820
-4761
-13708
592
-6091
-6059
16959
-3425
-4102
-11238
-8319
1556
-5858
-398
-15429
2373
316
9676
-5964
-7421
8649
3058
-576
1735
-10876
-4364
3504
-1087
-1030
12456
-4225
-10668
-7117
5689
-4665
-8438
1551
12315
-8247
-8323
-4568
-4043
-3866
-2838
10847
-8856
-4955
-3280
4370
-5799
-7355
8588
-8722
-4501
-9920
-8249
-17975
-4540
-5914
-11548
-9524
-5913
-10978
-10860
-5965
-19005
-10789
1172
-6050
-2397
-4908
-17893
-11733
-5984
9554
-6124
-972
-7595
3204
2658
-7873
2989
-3132
-8900
-6594
-8624
-10092
2747
3382
-1729
4639
-2758
-13338
-11230
-23019
-4199
-7004
1503
-6707
-14697
-6852
-11593
2770
7301
-12929
-14264
-3431
4574
3376
-11544
-3495
-4946
2510
-13727
-5999
-1439
-5101
-4161
-12213
-13496
-6953
-4886
-4784
-3742
-9906
-6938
1830
-5520
487
-6899
-228
4241
-5426
-7226
1268
-3175
-890
-8380
-5136
2617
-11811
-1489
-9426
-9373
-15019
3728
5019
-3437
4802
-5101
557
-8040
-9732
-2103
6185
5544
-12130
-5747
3493
-2495
-3053
-15615
-3429
3081
-9676
-8139
-6508
6420
-7514
424
19651
5497
405
1198
-12819
-3344
-10588
168
-2881
2407
-6279
-2849
-2250
-5916
-8967
-11174
-6062
-13150
849
15252
-6490
-6928
-3820
-4761
-13708
592
-6091
-6059
16959
-3425
-4102
-11238
-8319
1556
-5858
-398
-15429
2373
316
9676
-5964
-7421
8649
3058
-576
1735
-10876
-4364
3504
-1087
-1030
12456
-4225
-10668
-7117
5689
-4665
-8438
1551
12315
-8247
-8323
-4568
-4043
-3866
-2838
10847
-8856
-4955
-3280
4370
-5799
-7355
8588
-8722
-4501
-9920
-8249
-17975
-4540
-5914
-11548
-9524
-5913
-10978
-10860
-5965
-19005
-10789
1172
-6050
-2397
-4908
-17893
-11733
-5984
9554
-6124
-972
-7595
3204
2658
-7873
2989
-3132
-8900
-6594
-8624
-10092
2747
3382
-1729
4639
-2758
-13338
-11230
-23019
-4199
-7004
1503
-6707
-14697
-6852
-11593
2770
7301
-12929
-14264
-3431
4574
3376
-11544
-3495
-4946
2510
-13727
-5999
-1439
-5101
-4161
-12213
-13496
-6953
-4886
-4784
-3742
-9906
-6938
1830
-5520
487
-6899
-228
4241
-5426
-7226
1268
-3175
-890
-8380
-5136
2617
-11811
-1489
-9426
-9373
-15019
3728
5019
-3437
4802
-5101
557
-8040
-9732
-2103
6185
5544
-12130
-5747
3493
-2495
-3053
-15615
-3429
3081
-9676
-8139
-6508
6420
-7514
424
19651
5497
405
1198
-12819
-3344
-10588
168
-2881
2407
-6279
-2849
-2250
-5916
-8967
-11174
-6062
-13150
849
15252
-6490
-6928
-3820
-4761
-13708
592
-6091
-6059
16959
-3425
-4102
-11238
-8319
1556
-5858
-398
-15429
2373
316
9676
-5964
-7421
8649
3058
-576
1735
-10876
-4364
3504
-1087
-1030
12456
-4225
-10668
-7117
5689
-4665
-8438
1551
12315
-8247
-8323
-4568
-4043
-3866
-2838
10847
-8856
-4955
-3280
4370
-5799
-7355
8588
-8722
-4501
-9920
-8249
-17975
-4540
-5914
-11548
-9524
-5913
-10978
-10860
-5965
-19005
-10789
1172
-6050
-2397
-4908
-17893
-11733
-5984
9554
-6124
-972
-7595
3204
2658
-7873
2989
-3132
-8900
-6594
-8624
-10092
2747
3382
-1729
4639
-2758
-13338
-11230
-23019
-4199
-7004
1503
-6707
-14697
-6852
-11593
2770
7301
-12929
-14264
-3431
4574
3376
-11544
-3495
-4946
2510
-13727
-5999
-1439
-5101
-4161
-12213
-13496
-6953
-4886
-4784
-3742
-9906
-6938
1830
-5520
487
-6899
-228
4241
-5426
-7226
1268
-3175
-890
-8380
-5136
2617
-11811
-1489
-9426
-9373
-15019
3728
5019
-3437
4802
-5101
557
-8040
-9732
-2103
6185
5544
-12130
-5747
3493
-2495
-3053
-15615
-3429
3081
-9676
-8139
-6508
6420
-7514
424
19651
5497
405
1198
-12819
-3344
-10588
168
-2881
2407
-6279
-2849
-2250
-5916
-8967
-11174
-6062
-13150
849
15252
-6490
-6928
-3820
-4761
-13708
592
-6091
-6059
16959
-3425
-4102
-11238
-8319
1556
-5858
-398
-15429
2373
316
9676
-5964
-7421
8649
3058
-576
1735
-10876
-4364
3504
-1087
-1030
12456
-4225
-10668
-7117
5689
-4665
-8438
1551
12315
-8247
-8323
-4568
-4043
-3866
-2838
10847
-8856
-4955
-3280
4370
-5799
-7355
8588
-8722
-4501
-9920
-8249
-17975
-4540
-5914
-11548
-9524
-5913
-10978
-10860
-5965
-19005
-10789
1172
-6050
-2397
-4908
-17893
-11733
-5984
9554
-6124
-972
-7595
3204
2658
-7873
2989
-3132
-8900
-6594
-8624
-10092
2747
3382
-1729
4639
-2758
-13338
-11230
-23019
-4199
-7004
1503
-6707
-14697
-6852
-11593
2770
7301
-12929
-14264
-3431
4574
3376
-11544
-3495
-4946
2510
-13727
-5999
-1439
-5101
-4161
-12213
-13496
-6953
-4886
-4784
-3742
-9906
-6938
1830
-5520
487
-6899
-228
4241
-5426
-7226
1268
-3175
-890
-8380
-5136
2617
-11811
-1489
-9426
-9373
-15019
3728
5019
-3437
4802
-5101
557
-8040
-9732
-2103
6185
5544
-12130
-5747
3493
-2495
-3053
-15615
-3429
3081
-9676
-8139
-6508
6420
-7514
424
19651
5497
405
1198
-12819
-3344
-10588
168
-2881
2407
-6279
-2849
-2250
-5916
-8967
-11174
-6062
-13150
849
15252
-6490
-6928
-3820
-4761
-13708
592
-6091
-6059
16959
-3425
-4102
-11238
-8319
1556
-5858
-398
-15429
2373
316
9676
-5964
-7421
8649
3058
-576
1735
-10876
-4364
3504
-1087
-1030
12456
-4225
-10668
-7117
5689
-4665
-8438
1551
12315
-8247
-8323
-4568
-4043
-3866
-2838
10847
-8856
-4955
-3280
4370
-5799
-7355
8588
-8722
-4501
-9920
-8249
-17975
-4540
-5914
-11548
-9524
-5913
-10978
-10860
-5965
-19005
-10789
1172
-6050
-2397
-4908
-17893
-11733
-5984
9554
-6124
-972
-7595
3204
2658
-7873
2989
-3132
-8900
-6594
-8624
-10092
2747
3382
-1729
4639
-2758
-13338
-11230
-23019
-4199
-7004
1503
-6707
-14697
-6852
-11593
2770
7301
-12929
-14264
-3431
4574
3376
-11544
-3495
-4946
2510
-13727
-5999
-1439
-5101
-4161
-12213
-13496
-6953
-4886
-4784
-3742
-9906
-6938
1830
-5520
487
-6899
-228
4241
-5426
-7226
1268
-3175
-890
-8380
-5136
2617
-11811
-1489
-9426
-9373
-15019
3728
5019
-3437
4802
-5101
557
-8040
-9732
-2103
6185
5544
-12130
-5747
3493
-2495
-3053
-15615
-3429
3081
-9676
-8139
-6508
6420
-7514
424
19651
5497
405
1198
-12819
-3344
-10588
168
-2881
2407
-6279
-2849
-2250
-5916
-8967
-11174
-6062
-13150
849
15252
-6490
-6928
-3820
-4761
-13708
592
-6091
-6059
16959
-3425
-4102
-11238
-8319
1556
-5858
-398
-15429
2373
316
9676
-5964
-7421
8649
3058
-576
1735
-10876
-4364
3504
-1087
-1030
12456
-4225
-10668
-7117
5689
-4665
-8438
1551
12315
-8247
-8323
-4568
-4043
-3866
-2838
10847
-8856
-4955
-3280
4370
-5799
-7355
8588
-8722
-4501
-9920
-8249
-17975
-4540
-5914
-11548
-9524
-5913
-10978
-10860
-5965
-19005
-10789
1172
-6050
-2397
-4908
-17893
-11733
-5984
9554
-6124
-972
-7595
3204
2658
-7873
2989
-3132
-8900
-6594
-8624
-10092
2747
3382
-1729
4639
-2758
-13338
-11230
-23019
-4199
-7004
1503
-6707
-14697
-6852
-11593
2770
7301
-12929
-14264
-3431
4574
3376
-11544
-3495
-4946
2510
-13727
-5999
-1439
-5101
-4161
-12213
-13496
-6953
-4886
-4784
-3742
-9906
-6938
1830
-5520
487
-6899
-228
4241
-5426
-7226
1268
-3175
-890
-8380
-5136
2617
-11811
-1489
-9426
-9373
-15019
3728
5019
-3437
4802
-5101
557
-8040
-9732
-2103
6185
5544
-12130
-5747
3493
-2495
-3053
-15615
-3429
3081
-9676
-8139
-6508
6420
-7514
424
19651
5497
405
1198
-12819
-3344
-10588
168
-2881
2407
-6279
-2849
-2250
-5916
-8967
-11174
-6062
-13150
849
15252
-6490
-6928
-3820
-4761
-13708
592
-6091
-6059
16959
-3425
-4102
-11238
-8319
1556
-5858
-398
-15429
2373
316
9676
-5964
-7421
8649
3058
-576
1735
-10876
-4364
3504
-1087
-1030
12456
-4225
-10668
-7117
5689
-4665
-8438
1551
12315
-8247
-8323
-4568
-4043
-3866
-2838
10847
-8856
-4955
-3280
4370
-5799
-7355
8588
-8722
-4501
-9920
-8249
-17975
-4540
-5914
-11548
-9524
-5913
-10978
-10860
-5965
-19005
-10789
1172
-6050
-2397
-4908
-17893
-11733
-5984
9554
-6124
-972
-7595
3204
2658
-7873
2989
-3132
-8900
-6594
-8624
-10092
2747
3382
-1729
4639
-2758
-13338
-11230
-23019
-4199
-7004
1503
-6707
-14697
-6852
-11593
2770
7301
-12929
-14264
-3431
4574
3376
-11544
-3495
-4946
2510
-13727
-5999
-1439
-5101
-4161
-12213
-13496
-6953
-4886
-4784
-3742
-9906
-6938
1830
-5520
487
-6899
-228
4241
-5426
-7226
1268
-3175
-890
-8380
-5136
2617
-11811
-1489
-9426
-9373
-15019
3728
5019
-3437
4802
-5101
557
-8040
-9732
-2103
6185
5544
-12130
-5747
3493
-2495
-3053
-15615
-3429
3081
-9676
-8139
-6508
6420
-7514
424
19651
5497
405
1198
-12819
-3344
-10588
168
-2881
2407
-6279
-2849
-2250
-5916
-8967
-11174
-6062
-13150
849
15252
-6490
-6928
-3820
-4761
-13708
592
-6091
-6059
16959
-3425
-4102
-11238
-8319
1556
-5858
-398
-15429
2373
316
9676
-5964
-7421
8649
3058
-576
1735
-10876
-4364
3504
-1087
-1030
12456
-4225
-10668
-7117
5689
-4665
-8438
1551
12315
-8247
-8323
-4568
-4043
-3866
-2838
10847
-8856
-4955
-3280
4370
-5799
-7355
8588
-8722
-4501
-9920
-8249
-17975
-4540
-5914
-11548
-9524
-5913
-10978
-10860
-5965
-19005
-10789
1172
-6050
-2397
-4908
-17893
-11733
-5984
9554
-6124
-972
-7595
3204
2658
-7873
2989
-3132
-8900
-6594
-8624
-10092
2747
3382
-1729
4639
-2758
-13338
-11230
-23019
-4199
-7004
1503
-6707
-14697
-6852
-11593
2770
7301
-12929
-14264
-3431
4574
3376
-11544
-3495
-4946
2510
-13727
-5999
-1439
-5101
-4161
-12213
-13496
-6953
-4886
-4784
-3742
-9906
-6938
1830
-5520
487
-6899
-228
4241
-5426
-7226
1268
-3175
-890
-8380
-5136
2617
-11811
-1489
-9426
-9373
-15019
3728
5019
-3437
4802
-5101
557
-8040
-9732
-2103
6185
5544
-12130
-5747
3493
-2495
-3053
-15615
-3429
3081
-9676
-8139
-6508
6420
-7514
424
19651
5497
405
1198
-12819
-3344
-10588
168
-2881
2407
-6279
-2849
-2250
-5916
-8967
-11174
-6062
-13150
849
15252
-6490
-6928
-3820
-4761
-13708
592
-6091
-6059
16959
-3425
-4102
-11238
-8319
1556
-5858
-398
-15429
2373
316
9676
-5964
-7421
8649
3058
-576
1735
-10876
-4364
3504
-1087
-1030
12456
-4225
-10668
-7117
5689
-4665
-8438
1551
12315
-8247
-8323
-4568
-4043
-3866
-2838
10847
-8856
-4955
-3280
4370
-5799
-7355
8588
-8722
-4501
-9920
-8249
-17975
-4540
-5914
-11548
-9524
-5913
-10978
-10860
-5965
-19005
-10789
1172
-6050
-2397
-4908
-17893
-11733
-5984
9554
-6124
-972
-7595
3204
2658
-7873
2989
-3132
-8900
-6594
-8624
-10092
2747
3382
-1729
4639
-2758
-13338
-11230
-23019
-4199
-7004
1503
-6707
-14697
-6852
-11593
2770
7301
-12929
-14264
-3431
4574
3376
-11544
-3495
-4946
2510
-13727
-5999
-1439
-5101
-4161
-12213
-13496
-6953
-4886
-4784
-3742
-9906
-6938
1830
-5520
487
-6899
-228
4241
-5426
-7226
1268
-3175
-890
-8380
-5136
2617
-11811
-1489
-9426
-9373
-15019
3728
5019
-3437
4802
-5101
557
-8040
-9732
-2103
6185
5544
-12130
-5747
3493
-2495
-3053
-15615
-3429
3081
-9676
-8139
-6508
6420
-7514
424
19651
5497
405
1198
-12819
-3344
-10588
168
-2881
2407
-6279
-2849
-2250
-5916
-8967
-11174
-6062
-13150
849
15252
-6490
-6928
-3820
-4761
-13708
592
-6091
-6059
16959
-3425
-4102
-11238
-8319
1556
-5858
-398
-15429
2373
316
9676
-5964
-7421
8649
3058
-576
1735
-10876
-4364
3504
-1087
-1030
12456
-4225
-10668
-7117
5689
-4665
-8438
1551
12315
-8247
-8323
-4568
-4043
-3866
-2838
10847
-8856
-4955
-3280
4370
-5799
-7355
8588
-8722
-4501
-9920
-8249
-17975
-4540
-5914
-11548
-9524
-5913
-10978
-10860
-5965
-19005
-10789
1172
-6050
-2397
-4908
-17893
-11733
-5984
9554
-6124
-972
-7595
3204
2658
-7873
2989
-3132
-8900
-6594
-8624
-10092
2747
3382
-1729
4639
-2758
-13338
-11230
-23019
-4199
-7004
1503
-6707
-14697
-6852
-11593
2770
7301
-12929
-14264
-3431
4574
3376
-11544
-3495
-4946
2510
-13727
-5999
-1439
-5101
-4161
-12213
-13496
-6953
-4886
-4784
-3742
-9906
-6938
1830
-5520
487
-6899
-228
4241
-5426
-7226
1268
-3175
-890
-8380
-5136
2617
-11811
-1489
-9426
-9373
-15019
3728
5019
-3437
4802
-5101
557
-8040
-9732
-2103
6185
5544
-12130
-5747
3493
-2495
-3053
-15615
-3429
3081
-9676
-8139
-6508
6420
-7514
424
19651
5497
405
1198
-12819
-3344
-10588
168
-2881
2407
-6279
-2849
-2250
-5916
-8967
-11174
-6062
-13150
849
15252
-6490
-6928
-3820
-4761
-13708
592
-6091
-6059
16959
-3425
-4102
-11238
-8319
1556
-5858
-398
-15429
2373
316
9676
-5964
-7421
8649
3058
-576
1735
-10876
-4364
3504
-1087
-1030
12456
-4225
-10668
-7117
5689
-4665
-8438
1551
12315
-8247
-8323
-4568
-4043
-3866
-2838
10847
-8856
-4955
-3280
4370
-5799
-7355
8588
-8722
-4501
-9920
-8249
-17975
-4540
-5914
-11548
-9524
-5913
-10978
-10860
-5965
-19005
-10789
1172
-6050
-2397
-4908
-17893
-11733
-5984
9554
-6124
-972
-7595
3204
2658
-7873
2989
-3132
-8900
-6594
-8624
-10092
2747
3382
-1729
4639
-2758
-13338
-11230
-23019
-4199
-7004
1503
-6707
-14697
-6852
-11593
2770
7301
-12929
-14264
-3431
4574
3376
-11544
-3495
-4946
2510
-13727
-5999
-1439
-5101
-4161
-12213
-13496
-6953
-4886
-4784
-3742
-9906
-6938
1830
-5520
487
-6899
-228
4241
-5426
-7226
1268
-3175
-890
-8380
-5136
2617
-11811
-1489
-9426
-9373
-15019
3728
5019
-3437
4802
-5101
557
-8040
-9732
-2103
6185
5544
-12130
-5747
3493
-2495
-3053
-15615
-3429
3081
-9676
-8139
-6508
6420
-7514
424
19651
5497
405
1198
-12819
-3344
-10588
168
-2881
2407
-6279
-2849
-2250
-5916
-8967
-11174
-6062
-13150
849
15252
-6490
-6928
-3820
-4761
-13708
592
-6091
-6059
16959
-3425
-4102
-11238
-8319
1556
-5858
-398
-15429
2373
316
9676
-5964
-7421
8649
3058
-576
1735
-10876
-4364
3504
-1087
-1030
12456
-4225
-10668
-7117
5689
-4665
-8438
1551
12315
-8247
-8323
-4568
-4043
-3866
-2838
10847
-8856
-4955
-3280
4370
-5799
-7355
8588
-8722
-4501
-9920
-8249
-17975
-4540
-5914
-11548
-9524
-5913
-10978
-10860
-5965
-19005
-10789
1172
-6050
-2397
-4908
-17893
-11733
-5984
9554
-6124
-972
-7595
3204
2658
-7873
2989
-3132
-8900
-6594
-8624
-10092
2747
3382
-1729
4639
-2758
-13338
-11230
-23019
-4199
-7004
1503
-6707
-14697
-6852
-11593
2770
7301
-12929
-14264
-3431
4574
3376
-11544
-3495
-4946
2510
-13727
-5999
-1439
-5101
-4161
-12213
-13496
-6953
-4886
-4784
-3742
-9906
-6938
1830
-5520
487
-6899
-228
4241
-5426
-7226
1268
-3175
-890
-8380
-5136
2617
-11811
-1489
-9426
-9373
-15019
3728
5019
-3437
4802
-5101
557
-8040
-9732
-2103
6185
5544
-12130
-5747
3493
-2495
-3053
-15615
-3429
3081
-9676
-8139
-6508
6420
-7514
424
19651
5497
405
1198
-12819
-3344
-10588
168
-2881
2407
-6279
-2849
-2250
-5916
-8967
-11174
-6062
-13150
849
15252
-6490
-6928
-3820
-4761
-13708
592
-6091
-6059
16959
-3425
-4102
-11238
-8319
1556
-5858
-398
-15429
2373
316
9676
-5964
-7421
8649
3058
-576
1735
-10876
-4364
3504
-1087
-1030
12456
-4225
-10668
-7117
5689
-4665
-8438
1551
12315
-8247
-8323
-4568
-4043
-3866
-2838
10847
-8856
-4955
-3280
4370
-5799
-7355
8588
-8722
-4501
-9920
-8249
-17975
-4540
-5914
-11548
-9524
-5913
-10978
-10860
-5965
-19005
-10789
1172
-6050
-2397
-4908
-17893
-11733
-5984
9554
-6124
-972
-7595
3204
2658
-7873
2989
-3132
-8900
-6594
-8624
-10092
2747
3382
-1729
4639
-2758
-13338
-11230
-23019
-4199
-7004
1503
-6707
-14697
-6852
-11593
2770
7301
-12929
-14264
-3431
4574
3376
-11544
-3495
-4946
2510
-13727
-5999
-1439
-5101
-4161
-12213
-13496
-6953
-4886
-4784
-3742
-9906
-6938
1830
-5520
487
-6899
-228
4241
-5426
-7226
1268
-3175
-890
-8380
-5136
2617
-11811
-1489
-9426
-9373
-15019
3728
5019
-3437
4802
-5101
557
-8040
-9732
-2103
6185
5544
-12130
-5747
3493
-2495
-3053
-15615
-3429
3081
-9676
-8139
-6508
6420
-7514
424
19651
5497
405
1198
-12819
-3344
-10588
168
-2881
2407
-6279
-2849
-2250
-5916
-8967
-11174
-6062
-13150
849
15252
-6490
-6928
-3820
-4761
-13708
592
-6091
-6059
16959
-3425
-4102
-11238
-8319
1556
-5858
-398
-15429
2373
316
9676
-5964
-7421
8649
3058
-576
1735
-10876
-4364
3504
-1087
-1030
12456
-4225
-10668
-7117
5689
-4665
-8438
1551
12315
-8247
-8323
-4568
-4043
-3866
-2838
10847
-8856
-4955
-3280
4370
-5799
-7355
8588
-8722
-4501
-9920
-8249
-17975
-4540
-5914
-11548
-9524
-5913
-10978
-10860
-5965
-19005
-10789
1172
-6050
-2397
-4908
-17893
-11733
-5984
9554
-6124
-972
-7595
3204
2658
-7873
2989
-3132
-8900
-6594
-8624
-10092
2747
3382
-1729
4639
-2758
-13338
-11230
-23019
-4199
-7004
1503
-6707
-14697
-6852
-11593
2770
7301
-12929
-14264
-3431
4574
3376
-11544
-3495
-4946
2510
-13727
-5999
-1439
-5101
-4161
-12213
-13496
-6953
-4886
-4784
-3742
-9906
-6938
1830
-5520
487
-6899
-228
4241
-5426
-7226
1268
-3175
-890
-8380
-5136
2617
-11811
-1489
-9426
-9373
-15019
3728
5019
-3437
4802
-5101
557
-8040
-9732
-2103
6185
5544
-12130
-5747
3493
-2495
-3053
-15615
-3429
3081
-9676
-8139
-6508
6420
-7514
424
19651
5497
405
1198
-12819
-3344
-10588
168
-2881
2407
-6279
-2849
-2250
-5916
-8967
-11174
-6062
-13150
849
15252
-6490
-6928
-3820
-4761
-13708
592
-6091
-6059
16959
-3425
-4102
-11238
-8319
1556
-5858
-398
-15429
2373
316
9676
-5964
-7421
8649
3058
-576
1735
-10876
-4364
3504
-1087
-1030
12456
-4225
-10668
-7117
5689
-4665
-8438
1551
12315
-8247
-8323
-4568
-4043
-3866
-2838
10847
-8856
-4955
-3280
4370
-5799
-7355
8588
-8722
-4501
-9920
-8249
-17975
-4540
-5914
-11548
-9524
-5913
-10978
-10860
-5965
-19005
-10789
1172
-6050
-2397
-4908
-17893
-11733
-5984
9554
-6124
-972
-7595
3204
2658
-7873
2989
-3132
-8900
-6594
-8624
-10092
2747
3382
-1729
4639
-2758
-13338
-11230
-23019
-4199
-7004
1503
-6707
-14697
-4685
-14202
44
8465
-16048
-12795
-3065
7804
6161
-9739
-5100
-1814
3889
-11905
-7114
-2391
-1526
-1305
-11711
-15185
-10427
-4197
-6544
-2897
-8440
-3948
-305
-3845
1075
-7183
-2771
7524
-8314
-5266
-1978
-3311
1674
-7259
-1054
-360
-7033
-2567
-8228
-10420
-19591
1444
2141
-4240
4536
-5493
-587
-6201
-11495
-4996
7041
373
-9011
-8052
1571
-4111
-4759
-17300
-2289
-1516
-8524
-6000
-5313
2866
-4621
1663
22796
4796
-675
-2557
-11546
-2918
-12904
3041
-3143
3581
-5641
-3117
-5724
-5922
-7236
-14240
-6204
-17149
-4955
19060
-9056
-7903
469
-4464
-13787
-1868
-10819
-9627
17635
-6586
-2857
-8700
-7174
-1389
-5871
-365
-16701
3300
3462
9579
-1822
-9721
1918
1566
-855
-211
-10813
-2262
2366
3689
-2626
12388
-6392
-17760
-7670
7437
-3377
-10835
417
11219
-10366
-8354
-1371
-6898
-5940
-7055
7975
-6132
-4878
-4298
7669
-8086
-7618
10095
-10341
-7959
-11054
-6957
-19954
-2419
-7052
-10232
-4152
-3762
-14513
-10308
-5017
-19167
-10742
4225
-8488
-4071
-5048
-16435
-13297
-4905
9142
-6432
3281
-8827
5905
-1735
-8823
3268
-6778
-7825
-3727
-8156
-6561
-27
3527
-651
2475
-7564
-14111
-10188
-22321
-4983
-4510
2742
-5509
-13818
-6852
-11593
2770
7301
-12929
-14264
-3431
4574
3376
-11544
-3495
-4946
2510
-13727
-5999
-1439
-5101
-4161
-12213
-13496
-6953
-4886
-4784
-3742
-9906
-6938
1830
-5520
487
-6899
-228
4241
-5426
-7226
1268
-3175
-890
-8380
-5136
2617
-11811
-1489
-9426
-9373
-15019
3728
5019
-3437
4802
-5101
557
-8040
-9732
-2103
6185
5544
-12130
-5747
3493
-2495
-3053
-15615
-3429
3081
-9676
-8139
-6508
6420
-7514
424
19651
5497
405
1198
-12819
-3344
-10588
168
-2881
2407
-6279
-2849
-2250
-5916
-8967
-11174
-6062
-13150
849
15252
-6490
-6928
-3820
-4761
-13708
592
-6091
-6059
16959
-3425
-4102
-11238
-8319
1556
-5858
-398
-15429
2373
316
9676
-5964
-7421
8649
3058
-576
1735
-10876
-4364
3504
-1087
-1030
12456
-4225
-10668
-7117
5689
-4665
-8438
1551
12315
-8247
-8323
-4568
-4043
-3866
-2838
10847
-8856
-4955
-3280
4370
-5799
-7355
8588
-8722
-4501
-9920
-8249
-17975
-4540
-5914
-11548
-9524
-5913
-10978
-10860
-5965
-19005
-10789
1172
-6050
-2397
-4908
-17893
-11733
-5984
9554
-6124
-972
-7595
3204
2658
-7873
2989
-3132
-8900
-6594
-8624
-10092
2747
3382
-1729
4639
-2758
-13338
-11230
-23019
-4199
-7004
1503
-6707
-14697
-6852
-11593
2770
7301
-12929
-14264
-3431
4574
3376
-11544
-3495
-4946
2510
-13727
-5999
-1439
-5101
-4161
-12213
-13496
-6953
-4886
-4784
-3742
-9906
-6938
1830
-5520
487
-6899
-228
4241
-5426
-7226
1268
-3175
-890
-8380
-5136
2617
-11811
-1489
-9426
-9373
-15019
3728
5019
-3437
4802
-5101
557
-8040
-9732
-2103
6185
5544
-12130
-5747
3493
-2495
-3053
-15615
-3429
3081
-9676
-8139
-6508
6420
-7514
424
19651
5497
405
1198
-12819
-3344
-10588
168
-2881
2407
-6279
-2849
-2250
-5916
-8967
-11174
-6062
-13150
849
15252
-6490
-6928
-3820
-4761
-13708
592
-6091
-6059
16959
-3425
-4102
-11238
-8319
1556
-5858
-398
-15429
2373
316
9676
-5964
-7421
8649
3058
-576
1735
-10876
-4364
3504
-1087
-1030
12456
-4225
-10668
-7117
5689
-4665
-8438
1551
12315
-8247
-8323
-4568
-4043
-3866
-2838
10847
-8856
-4955
-3280
4370
-5799
-7355
8588
-8722
-4501
-9920
-8249
-17975
-4540
-5914
-11548
-9524
-5913
-10978
-10860
-5965
-19005
-10789
1172
-6050
-2397
-4908
-17893
-11733
-5984
9554
-6124
-972
-7595
3204
2658
-7873
2989
-3132
-8900
-6594
-8624
-10092
2747
3382
-1729
4639
-2758
-13338
-11230
-23019
-4199
-7004
1503
-6707
-14697
-6852
-11593
2770
7301
-12929
-14264
-3431
4574
3376
-11544
-3495
-4946
2510
-13727
-5999
-1439
-5101
-4161
-12213
-13496
-6953
-4886
-4784
-3742
-9906
-6938
1830
-5520
487
-6899
-228
4241
-5426
-7226
1268
-3175
-890
-8380
-5136
2617
-11811
-1489
-9426
-9373
-15019
3728
5019
-3437
4802
-5101
557
-8040
-9732
-2103
6185
5544
-12130
-5747
3493
-2495
-3053
-15615
-3429
3081
-9676
-8139
-6508
6420
-7514
424
19651
5497
405
1198
-12819
-3344
-10588
168
-2881
2407
-6279
-2849
-2250
-5916
-8967
-11174
-6062
-13150
849
15252
-6490
-6928
-3820
-4761
-13708
592
-6091
-6059
16959
-3425
-4102
-11238
-8319
1556
-5858
-398
-15429
2373
316
9676
-5964
-7421
8649
3058
-576
1735
-10876
-4364
3504
-1087
-1030
12456
-4225
-10668
-7117
5689
-4665
-8438
1551
12315
-8247
-8323
-4568
-4043
-3866
-2838
10847
-8856
-4955
-3280
4370
-5799
-7355
8588
-8722
-4501
-9920
-8249
-17975
-4540
-5914
-11548
-9524
-5913
-10978
-10860
-5965
-19005
-10789
1172
-6050
-2397
-4908
-17893
-11733
-5984
9554
-6124
-972
-7595
3204
2658
-7873
2989
-3132
-8900
-6594
-8624
-10092
2747
3382
-1729
4639
-2758
-13338
-11230
-23019
-4199
-7004
1503
-6707
-14697
-6852
-11593
2770
7301
-12929
-14264
-3431
4574
3376
-11544
-3495
-4946
2510
-13727
-5999
-1439
-5101
-4161
-12213
-13496
-6953
-4886
-4784
-3742
-9906
-6938
1830
-5520
487
-6899
-228
4241
-5426
-7226
1268
-3175
-890
-8380
-5136
2617
-11811
-1489
-9426
-9373
-15019
3728
5019
-3437
4802
-5101
557
-8040
-9732
-2103
6185
5544
-12130
-5747
3493
-2495
-3053
-15615
-3429
3081
-9676
-8139
-6508
6420
-7514
424
19651
5497
405
1198
-12819
-3344
-10588
168
-2881
2407
-6279
-2849
-2250
-5916
-8967
-11174
-6062
-13150
849
15252
-6490
-6928
-3820
-4761
-13708
592
-6091
-6059
16959
-3425
-4102
-11238
-8319
1556
-5858
-398
-15429
2373
316
9676
-5964
-7421
8649
3058
-576
1735
-10876
-4364
3504
-1087
-1030
12456
-4225
-10668
-7117
5689
-4665
-8438
1551
12315
-8247
-8323
-4568
-4043
-3866
-2838
10847
-8856
-4955
-3280
4370
-5799
-7355
8588
-8722
-4501
-9920
-8249
-17975
-4540
-5914
-11548
-9524
-5913
-10978
-10860
-5965
-19005
-10789
1172
-6050
-2397
-4908
-17893
-11733
-5984
9554
-6124
-972
-7595
3204
2658
-7873
2989
-3132
-8900
-6594
-8624
-10092
2747
3382
-1729
4639
-2758
-13338
-11230
-23019
-4199
-7004
1503
-6707
-14697
-6852
-11593
2770
7301
-12929
-14264
-3431
4574
3376
-11544
-3495
-4946
2510
-13727
-5999
-1439
-5101
-4161
-12213
-13496
-6953
-4886
-4784
-3742
-9906
-6938
1830
-5520
487
-6899
-228
4241
-5426
-7226
1268
-3175
-890
-8380
-5136
2617
-11811
-1489
-9426
-9373
-15019
3728
5019
-3437
4802
-5101
557
-8040
-9732
-2103
6185
5544
-12130
-5747
3493
-2495
-3053
-15615
-3429
3081
-9676
-8139
-6508
6420
-7514
424
19651
5497
405
1198
-12819
-3344
-10588
168
-2881
2407
-6279
-2849
-2250
-5916
-8967
-11174
-6062
-13150
849
15252
-6490
-6928
-3820
-4761
-13708
592
-6091
-6059
16959
-3425
-4102
-11238
-8319
1556
-5858
-398
-15429
2373
316
9676
-5964
-7421
8649
3058
-576
1735
-10876
-4364
3504
-1087
-1030
12456
-4225
-10668
-7117
5689
-4665
-8438
1551
12315
-8247
-8323
-4568
-4043
-3866
-2838
10847
-8856
-4955
-3280
4370
-5799
-7355
8588
-8722
-4501
-9920
-8249
-17975
-4540
-5914
-11548
-9524
-5913
-10978
-10860
-5965
-19005
-10789
1172
-6050
-2397
-4908
-17893
-11733
-5984
9554
-6124
-972
-7595
3204
2658
-7873
2989
-3132
-8900
-6594
-8624
-10092
2747
3382
-1729
4639
-2758
-13338
-11230
-23019
-4199
-7004
1503
-6707
-14697
-6852
-11593
2770
7301
-12929
-14264
-3431
4574
3376
-11544
-3495
-4946
2510
-13727
-5999
-1439
-5101
-4161
-12213
-13496
-6953
-4886
-4784
-3742
-9906
-6938
1830
-5520
487
-6899
-228
4241
-5426
-7226
1268
-3175
-890
-8380
-5136
2617
-11811
-1489
-9426
-9373
-15019
3728
5019
-3437
4802
-5101
557
-8040
-9732
-2103
6185
5544
-12130
-5747
3493
-2495
-3053
-15615
-3429
3081
-9676
-8139
-6508
6420
-7514
424
19651
5497
405
1198
-12819
-3344
-10588
168
-2881
2407
-6279
-2849
-2250
-5916
-8967
-11174
-6062
-13150
849
15252
-6490
-6928
-3820
-4761
-13708
592
-6091
-6059
16959
-3425
-4102
-11238
-8319
1556
-5858
-398
-15429
2373
316
9676
-5964
-7421
8649
3058
-576
1735
-10876
-4364
3504
-1087
-1030
12456
-4225
-10668
-7117
5689
-4665
-8438
1551
12315
-8247
-8323
-4568
-4043
-3866
-2838
10847
-8856
-4955
-3280
4370
-5799
-7355
8588
-8722
-4501
-9920
-8249
-17975
-4540
-5914
-11548
-9524
-5913
-10978
-10860
-5965
-19005
-10789
1172
-6050
-2397
-4908
-17893
-11733
-5984
9554
-6124
-972
-7595
3204
2658
-7873
2989
-3132
-8900
-6594
-8624
-10092
2747
3382
-1729
4639
-2758
-13338
-11230
-23019
-4199
-7004
1503
-6707
-14697
-6852
-11593
2770
7301
-12929
-14264
-3431
4574
3376
-11544
-3495
-4946
2510
-13727
-5999
-1439
-5101
-4161
-12213
-13496
-6953
-4886
-4784
-3742
-9906
-6938
1830
-5520
487
-6899
-228
4241
-5426
-7226
1268
-3175
-890
-8380
-5136
2617
-11811
-1489
-9426
-9373
-15019
3728
5019
-3437
4802
-5101
557
-8040
-9732
-2103
6185
5544
-12130
-5747
3493
-2495
-3053
-15615
-3429
3081
-9676
-8139
-6508
6420
-7514
424
19651
5497
405
1198
-12819
-3344
-10588
168
-2881
2407
-6279
-2849
-2250
-5916
-8967
-11174
-6062
-13150
849
15252
-6490
-6928
-3820
-4761
-13708
592
-6091
-6059
16959
-3425
-4102
-11238
-8319
1556
-5858
-398
-15429
2373
316
9676
-5964
-7421
8649
3058
-576
1735
-10876
-4364
3504
-1087
-1030
12456
-4225
-10668
-7117
5689
-4665
-8438
1551
12315
-8247
-8323
-4568
-4043
-3866
-2838
10847
-8856
-4955
-3280
4370
-5799
-7355
8588
-8722
-4501
-9920
-8249
-17975
-4540
-5914
-11548
-9524
-5913
-10978
-10860
-5965
-19005
-10789
1172
-6050
-2397
-4908
-17893
-11733
-5984
9554
-6124
-972
-7595
3204
2658
-7873
2989
-3132
-8900
-6594
-8624
-10092
2747
3382
-1729
4639
-2758
-13338
-11230
-23019
-4199
-7004
1503
-6707
-14697
-6852
-11593
2770
7301
-12929
-14264
-3431
4574
3376
-11544
-3495
-4946
2510
-13727
-5999
-1439
-5101
-4161
-12213
-13496
-6953
-4886
-4784
-3742
-9906
-6938
1830
-5520
487
-6899
-228
4241
-5426
-7226
1268
-3175
-890
-8380
-5136
2617
-11811
-1489
-9426
-9373
-15019
3728
5019
-3437
4802
-5101
557
-8040
-9732
-2103
6185
5544
-12130
-5747
3493
-2495
-3053
-15615
-3429
3081
-9676
-8139
-6508
6420
-7514
424
19651
5497
405
1198
-12819
-3344
-10588
168
-2881
2407
-6279
-2849
-2250
-5916
-8967
-11174
-6062
-13150
849
15252
-6490
-6928
-3820
-4761
-13708
592
-6091
-6059
16959
-3425
-4102
-11238
-8319
1556
-5858
-398
-15429
2373
316
9676
-5964
-7421
8649
3058
-576
1735
-10876
-4364
3504
-1087
-1030
12456
-4225
-10668
-7117
5689
-4665
-8438
1551
12315
-8247
-8323
-4568
-4043
-3866
-2838
10847
-8856
-4955
-3280
4370
-5799
-7355
8588
-8722
-4501
-9920
-8249
-17975
-4540
-5914
-11548
-9524
-5913
-10978
-10860
-5965
-19005
-10789
1172
-6050
-2397
-4908
-17893
-11733
-5984
9554
-6124
-972
-7595
3204
2658
-7873
2989
-3132
-8900
-6594
-8624
-10092
2747
3382
-1729
4639
-2758
-13338
-11230
-23019
-4199
-7004
1503
-6707
-14697
-6852
-11593
2770
7301
-12929
-14264
-3431
4574
3376
-11544
-3495
-4946
2510
-13727
-5999
-1439
-5101
-4161
-12213
-13496
-6953
-4886
-4784
-3742
-9906
-6938
1830
-5520
487
-6899
-228
4241
-5426
-7226
1268
-3175
-890
-8380
-5136
2617
-11811
-1489
-9426
-9373
-15019
3728
5019
-3437
4802
-5101
557
-8040
-9732
-2103
6185
5544
-12130
-5747
3493
-2495
-3053
-15615
-3429
3081
-9676
-8139
-6508
6420
-7514
424
19651
5497
405
1198
-12819
-3344
-10588
168
-2881
2407
-6279
-2849
-2250
-5916
-8967
-11174
-6062
-13150
849
15252
-6490
-6928
-3820
-4761
-13708
592
-6091
-6059
16959
-3425
-4102
-11238
-8319
1556
-5858
-398
-15429
2373
316
9676
-5964
-7421
8649
3058
-576
1735
-10876
-4364
3504
-1087
-1030
12456
-4225
-10668
-7117
5689
-4665
-8438
1551
12315
-8247
-8323
-4568
-4043
-3866
-2838
10847
-8856
-4955
-3280
4370
-5799
-7355
8588
-8722
-4501
-9920
-8249
-17975
-4540
-5914
-11548
-9524
-5913
-10978
-10860
-5965
-19005
-10789
1172
-6050
-2397
-4908
-17893
-11733
-5984
9554
-6124
-972
-7595
3204
2658
-7873
2989
-3132
-8900
-6594
-8624
-10092
2747
3382
-1729
4639
-2758
-13338
-11230
-23019
-4199
-7004
1503
-6707
-14697
-6852
-11593
2770
7301
-12929
-14264
-3431
4574
3376
-11544
-3495
-4946
2510
-13727
-5999
-1439
-5101
-4161
-12213
-13496
-6953
-4886
-4784
-3742
-9906
-6938
1830
-5520
487
-6899
-228
4241
-5426
-7226
1268
-3175
-890
-8380
-5136
2617
-11811
-1489
-9426
-9373
-15019
3728
5019
-3437
4802
-5101
557
-8040
-9732
-2103
6185
5544
-12130
-5747
3493
-2495
-3053
-15615
-3429
3081
-9676
-8139
-6508
6420
-7514
424
19651
5497
405
1198
-12819
-3344
-10588
168
-2881
2407
-6279
-2849
-2250
-5916
-8967
-11174
-6062
-13150
849
15252
-6490
-6928
-3820
-4761
-13708
592
-6091
-6059
16959
-3425
-4102
-11238
-8319
1556
-5858
-398
-15429
2373
316
9676
-5964
-7421
8649
3058
-576
1735
-10876
-4364
3504
-1087
-1030
12456
-4225
-10668
-7117
5689
-4665
-8438
1551
12315
-8247
-8323
-4568
-4043
-3866
-2838
10847
-8856
-4955
-3280
4370
-5799
-7355
8588
-8722
-4501
-9920
-8249
-17975
-4540
-5914
-11548
-9524
-5913
-10978
-10860
-5965
-19005
-10789
1172
-6050
-2397
-4908
-17893
-11733
-5984
9554
-6124
-972
-7595
3204
2658
-7873
2989
-3132
-8900
-6594
-8624
-10092
2747
3382
-1729
4639
-2758
-13338
-11230
-23019
-4199
-7004
1503
-6707
-14697
-6852
-11593
2770
7301
-12929
-14264
-3431
4574
3376
-11544
-3495
-4946
2510
-13727
-5999
-1439
-5101
-4161
-12213
-13496
-6953
-4886
-4784
-3742
-9906
-6938
1830
-5520
487
-6899
-228
4241
-5426
-7226
1268
-3175
-890
-8380
-5136
2617
-11811
-1489
-9426
-9373
-15019
3728
5019
-3437
4802
-5101
557
-8040
-9732
-2103
6185
5544
-12130
-5747
3493
-2495
-3053
-15615
-3429
3081
-9676
-8139
-6508
6420
-7514
424
19651
5497
405
1198
-12819
-3344
-10588
168
-2881
2407
-6279
-2849
-2250
-5916
-8967
-11174
-6062
-13150
849
15252
-6490
-6928
-3820
-4761
-13708
592
-6091
-6059
16959
-3425
-4102
-11238
-8319
1556
-5858
-398
-15429
2373
316
9676
-5964
-7421
8649
3058
-576
1735
-10876
-4364
3504
-1087
-1030
12456
-4225
-10668
-7117
5689
-4665
-8438
1551
12315
-8247
-8323
-4568
-4043
-3866
-2838
10847
-8856
-4955
-3280
4370
-5799
-7355
8588
-8722
-4501
-9920
-8249
-17975
-4540
-5914
-11548
-9524
-5913
-10978
-10860
-5965
-19005
-10789
1172
-6050
-2397
-4908
-17893
-11733
-5984
9554
-6124
-972
-7595
3204
2658
-7873
2989
-3132
-8900
-6594
-8624
-10092
2747
3382
-1729
4639
-2758
-13338
-11230
-23019
-4199
-7004
1503
-6707
-14697
-6852
-11593
2770
7301
-12929
-14264
-3431
4574
3376
-11544
-3495
-4946
2510
-13727
-5999
-1439
-5101
-4161
-12213
-13496
-6953
-4886
-4784
-3742
-9906
-6938
1830
-5520
487
-6899
-228
4241
-5426
-7226
1268
-3175
-890
-8380
-5136
2617
-11811
-1489
-9426
-9373
-15019
3728
5019
-3437
4802
-5101
557
-8040
-9732
-2103
6185
5544
-12130
-5747
3493
-2495
-3053
-15615
-3429
3081
-9676
-8139
-6508
6420
-7514
424
19651
5497
405
1198
-12819
-3344
-10588
168
-2881
2407
-6279
-2849
-2250
-5916
-8967
-11174
-6062
-13150
849
15252
-6490
-6928
-3820
-4761
-13708
592
-6091
-6059
16959
-3425
-4102
-11238
-8319
1556
-5858
-398
-15429
2373
316
9676
-5964
-7421
8649
3058
-576
1735
-10876
-4364
3504
-1087
-1030
12456
-4225
-10668
-7117
5689
-4665
-8438
1551
12315
-8247
-8323
-4568
-4043
-3866
-2838
10847
-8856
-4955
-3280
4370
-5799
-7355
8588
-8722
-4501
-9920
-8249
-17975
-4540
-5914
-11548
-9524
-5913
-10978
-10860
-5965
-19005
-10789
1172
-6050
-2397
-4908
-17893
-11733
-5984
9554
-6124
-972
-7595
3204
2658
-7873
2989
-3132
-8900
-6594
-8624
-10092
2747
3382
-1729
4639
-2758
-13338
-11230
-23019
-4199
-7004
1503
-6707
-14697
-6852
-11593
2770
7301
-12929
-14264
-3431
4574
3376
-11544
-3495
-4946
2510
-13727
-5999
-1439
-5101
-4161
-12213
-13496
-6953
-4886
-4784
-3742
-9906
-6938
1830
-5520
487
-6899
-228
4241
-5426
-7226
1268
-3175
-890
-8380
-5136
2617
-11811
-1489
-9426
-9373
-15019
3728
5019
-3437
4802
-5101
557
-8040
-9732
-2103
6185
5544
-12130
-5747
3493
-2495
-3053
-15615
-3429
3081
-9676
-8139
-6508
6420
-7514
424
19651
5497
405
1198
-12819
-3344
-10588
168
-2881
2407
-6279
-2849
-2250
-5916
-8967
-11174
-6062
-13150
849
15252
-6490
-6928
-3820
-4761
-13708
592
-6091
-6059
16959
-3425
-4102
-11238
-8319
1556
-5858
-398
-15429
2373
316
9676
-5964
-7421
8649
3058
-576
1735
-10876
-4364
3504
-1087
-1030
12456
-4225
-10668
-7117
5689
-4665
-8438
1551
12315
-8247
-8323
-4568
-4043
-3866
-2838
10847
-8856
-4955
-3280
4370
-5799
-7355
8588
-8722
-4501
-9920
-8249
-17975
-4540
-5914
-11548
-9524
-5913
-10978
-10860
-5965
-19005
-10789
1172
-6050
-2397
-4908
-17893
-11733
-5984
9554
-6124
-972
-7595
3204
2658
-7873
2989
-3132
-8900
-6594
-8624
-10092
2747
3382
-1729
4639
-2758
-13338
-11230
-23019
-4199
-7004
1503
-6707
-14697
-6852
-11593
2770
7301
-12929
-14264
-3431
4574
3376
-11544
-3495
-4946
2510
-13727
-5999
-1439
-5101
-4161
-12213
-13496
-6953
-4886
-4784
-3742
-9906
-6938
1830
-5520
487
-6899
-228
4241
-5426
-7226
1268
-3175
-890
-8380
-5136
2617
-11811
-1489
-9426
-9373
-15019
3728
5019
-3437
4802
-5101
557
-8040
-9732
-2103
6185
5544
-12130
-5747
3493
-2495
-3053
-15615
-3429
3081
-9676
-8139
-6508
6420
-7514
424
19651
5497
405
1198
-12819
-3344
-10588
168
-2881
2407
-6279
-2849
-2250
-5916
-8967
-11174
-6062
-13150
849
15252
-6490
-6928
-3820
-4761
-13708
592
-6091
-6059
16959
-3425
-4102
-11238
-8319
1556
-5858
-398
-15429
2373
316
9676
-5964
-7421
8649
3058
-576
1735
-10876
-4364
3504
-1087
-1030
12456
-4225
-10668
-7117
5689
-4665
-8438
1551
12315
-8247
-8323
-4568
-4043
-3866
-2838
10847
-8856
-4955
-3280
4370
-5799
-7355
8588
-8722
-4501
-9920
-8249
-17975
-4540
-5914
-11548
-9524
-5913
-10978
-10860
-5965
-19005
-10789
1172
-6050
-2397
-4908
-17893
-11733
-5984
9554
-6124
-972
-7595
3204
2658
-7873
2989
-3132
-8900
-6594
-8624
-10092
2747
3382
-1729
4639
-2758
-13338
-11230
-23019
-4199
-7004
1503
-6707
-14697
-6852
-11593
2770
7301
-12929
-14264
-3431
4574
3376
-11544
-3495
-4946
2510
-13727
-5999
-1439
-5101
-4161
-12213
-13496
-6953
-4886
-4784
-3742
-9906
-6938
1830
-5520
487
-6899
-228
4241
-5426
-7226
1268
-3175
-890
-8380
-5136
2617
-11811
-1489
-9426
-9373
-15019
3728
5019
-3437
4802
-5101
557
-8040
-9732
-2103
6185
5544
-12130
-5747
3493
-2495
-3053
-15615
-3429
3081
-9676
-8139
-6508
6420
-7514
424
19651
5497
405
1198
-12819
-3344
-10588
168
-2881
2407
-6279
-2849
-2250
-5916
-8967
-11174
-6062
-13150
849
15252
-6490
-6928
-3820
-4761
-13708
592
-6091
-6059
16959
-3425
-4102
-11238
-8319
1556
-5858
-398
-15429
2373
316
9676
-5964
-7421
8649
3058
-576
1735
-10876
-4364
3504
-1087
-1030
12456
-4225
-10668
-7117
5689
-4665
-8438
1551
12315
-8247
-8323
-4568
-4043
-3866
-2838
10847
-8856
-4955
-3280
4370
-5799
-7355
8588
-8722
-4501
-9920
-8249
-17975
-4540
-5914
-11548
-9524
-5913
-10978
-10860
-5965
-19005
-10789
1172
-6050
-2397
-4908
-17893
-11733
-5984
9554
-6124
-972
-7595
3204
2658
-7873
2989
-3132
-8900
-6594
-8624
-10092
2747
3382
-1729
4639
-2758
-13338
-11230
-23019
-4199
-7004
1503
-6707
-14697
-6852
-11593
2770
7301
-12929
-14264
-3431
4574
3376
-11544
-3495
-4946
2510
-13727
-5999
-1439
-5101
-4161
-12213
-13496
-6953
-4886
-4784
-3742
-9906
-6938
1830
-5520
487
-6899
-228
4241
-5426
-7226
1268
-3175
-890
-8380
-5136
2617
-11811
-1489
-9426
-9373
-15019
3728
5019
-3437
4802
-5101
557
-8040
-9732
-2103
6185
5544
-12130
-5747
3493
-2495
-3053
-15615
-3429
3081
-9676
-8139
-6508
6420
-7514
424
19651
5497
405
1198
-12819
-3344
-10588
168
-2881
2407
-6279
-2849
-2250
-5916
-8967
-11174
-6062
-13150
849
15252
-6490
-6928
-3820
-4761
-13708
592
-6091
-6059
16959
-3425
-4102
-11238
-8319
1556
-5858
-398
-15429
2373
316
9676
-5964
-7421
8649
3058
-576
1735
-10876
-4364
3504
-1087
-1030
12456
-4225
-10668
-7117
5689
-4665
-8438
1551
12315
-8247
-8323
-4568
-4043
-3866
-2838
10847
-8856
-4955
-3280
4370
-5799
-7355
8588
-8722
-4501
-9920
-8249
-17975
-4540
-5914
-11548
-9524
-5913
-10978
-10860
-5965
-19005
-10789
1172
-6050
-2397
-4908
-17893
-11733
-5984
9554
-6124
-972
-7595
3204
2658
-7873
2989
-3132
-8900
-6594
-8624
-10092
2747
3382
-1729
4639
-2758
-13338
-11230
-23019
-4199
-7004
1503
-6707
-14697
-6852
-11593
2770
7301
-12929
-14264
-3431
4574
3376
-11544
-3495
-4946
2510
-13727
-5999
-1439
-5101
-4161
-12213
-13496
-6953
-4886
-4784
-3742
-9906
-6938
1830
-5520
487
-6899
-228
4241
-5426
-7226
1268
-3175
-890
-8380
-5136
2617
-11811
-1489
-9426
-9373
-15019
3728
5019
-3437
4802
-5101
557
-8040
-9732
-2103
6185
5544
-12130
-5747
3493
-2495
-3053
-15615
-3429
3081
-9676
-8139
-6508
6420
-7514
424
19651
5497
405
1198
-12819
-3344
-10588
168
-2881
2407
-6279
-2849
-2250
-5916
-8967
-11174
-6062
-13150
849
15252
-6490
-6928
-3820
-4761
-13708
592
-6091
-6059
16959
-3425
-4102
-11238
-8319
1556
-5858
-398
-15429
2373
316
9676
-5964
-7421
8649
3058
-576
1735
-10876
-4364
3504
-1087
-1030
12456
-4225
-10668
-7117
5689
-4665
-8438
1551
12315
-8247
-8323
-4568
-4043
-3866
-2838
10847
-8856
-4955
-3280
4370
-5799
-7355
8588
-8722
-4501
-9920
-8249
-17975
-4540
-5914
-11548
-9524
-5913
-10978
-10860
-5965
-19005
-10789
1172
-6050
-2397
-4908
-17893
-11733
-5984
9554
-6124
-972
-7595
3204
2658
-7873
2989
-3132
-8900
-6594
-8624
-10092
2747
3382
-1729
4639
-2758
-13338
-11230
-23019
-4199
-7004
1503
-6707
-14697
-6852
-11593
2770
7301
-12929
-14264
-3431
4574
3376
-11544
-3495
-4946
2510
-13727
-5999
-1439
-5101
-4161
-12213
-13496
-6953
-4886
-4784
-3742
-9906
-6938
1830
-5520
487
-6899
-228
4241
-5426
-7226
1268
-3175
-890
-8380
-5136
2617
-11811
-1489
-9426
-9373
-15019
3728
5019
-3437
4802
-5101
557
-8040
-9732
-2103
6185
5544
-12130
-5747
3493
-2495
-3053
-15615
-3429
3081
-9676
-8139
-6508
6420
-7514
424
19651
5497
405
1198
-12819
-3344
-10588
168
-2881
2407
-6279
-2849
-2250
-5916
-8967
-11174
-6062
-13150
849
15252
-6490
-6928
-3820
-4761
-13708
592
-6091
-6059
16959
-3425
-4102
-11238
-8319
1556
-5858
-398
-15429
2373
316
9676
-5964
-7421
8649
3058
-576
1735
-10876
-4364
3504
-1087
-1030
12456
-4225
-10668
-7117
5689
-4665
-8438
1551
12315
-8247
-8323
-4568
-4043
-3866
-2838
10847
-8856
-4955
-3280
4370
-5799
-7355
8588
-8722
-4501
-9920
-8249
-17975
-4540
-5914
-11548
-9524
-5913
-10978
-10860
-5965
-19005
-10789
1172
-6050
-2397
-4908
-17893
-11733
-5984
9554
-6124
-972
-7595
3204
2658
-7873
2989
-3132
-8900
-6594
-8624
-10092
2747
3382
-1729
4639
-2758
-13338
-11230
-23019
-4199
-7004
1503
-6707
-14697
-6852
-11593
2770
7301
-12929
-14264
-3431
4574
3376
-11544
-3495
-4946
2510
-13727
-5999
-1439
-5101
-4161
-12213
-13496
-6953
-4886
-4784
-3742
-9906
-6938
1830
-5520
487
-6899
-228
4241
-5426
-7226
1268
-3175
-890
-8380
-5136
2617
-11811
-1489
-9426
-9373
-15019
3728
5019
-3437
4802
-5101
557
-8040
-9732
-2103
6185
5544
-12130
-5747
3493
-2495
-3053
-15615
-3429
3081
-9676
-8139
-6508
6420
-7514
424
19651
5497
405
1198
-12819
-3344
-10588
168
-2881
2407
-6279
-2849
-2250
-5916
-8967
-11174
-6062
-13150
849
15252
-6490
-6928
-3820
-4761
-13708
592
-6091
-6059
16959
-3425
-4102
-11238
-8319
1556
-5858
-398
-15429
2373
316
9676
-5964
-7421
8649
3058
-576
1735
-10876
-4364
3504
-1087
-1030
12456
-4225
-10668
-7117
5689
-4665
-8438
1551
12315
-8247
-8323
-4568
-4043
-3866
-2838
10847
-8856
-4955
-3280
4370
-5799
-7355
8588
-8722
-4501
-9920
-8249
-17975
-4540
-5914
-11548
-9524
-5913
-10978
-10860
-5965
-19005
-10789
1172
-6050
-2397
-4908
-17893
-11733
-5984
9554
-6124
-972
-7595
3204
2658
-7873
2989
-3132
-8900
-6594
-8624
-10092
2747
3382
-1729
4639
-2758
-13338
-11230
-23019
-4199
-7004
1503
-6707
-14697
-6852
-11593
2770
7301
-12929
-14264
-3431
4574
3376
-11544
-3495
-4946
2510
-13727
-5999
-1439
-5101
-4161
-12213
-13496
-6953
-4886
-4784
-3742
-9906
-6938
1830
-5520
487
-6899
-228
4241
-5426
-7226
1268
-3175
-890
-8380
-5136
2617
-11811
-1489
-9426
-9373
-15019
3728
5019
-3437
4802
-5101
557
-8040
-9732
-2103
6185
5544
-12130
-5747
3493
-2495
-3053
-15615
-3429
3081
-9676
-8139
-6508
6420
-7514
424
19651
5497
405
1198
-12819
-3344
-10588
168
-2881
2407
-6279
-2849
-2250
-5916
-8967
-11174
-6062
-13150
849
15252
-6490
-6928
-3820
-4761
-13708
592
-6091
-6059
16959
-3425
-4102
-11238
-8319
1556
-5858
-398
-15429
2373
316
9676
-5964
-7421
8649
3058
-576
1735
-10876
-4364
3504
-1087
-1030
12456
-4225
-10668
-7117
5689
-4665
-8438
1551
12315
-8247
-8323
-4568
-4043
-3866
-2838
10847
-8856
-4955
-3280
4370
-5799
-7355
8588
-8722
-4501
-9920
-8249
-17975
-4540
-5914
-11548
-9524
-5913
-10978
-10860
-5965
-19005
-10789
1172
-6050
-2397
-4908
-17893
-11733
-5984
9554
-6124
-972
-7595
3204
2658
-7873
2989
-3132
-8900
-6594
-8624
-10092
2747
3382
-1729
4639
-2758
-13338
-11230
-23019
-4199
-7004
1503
-6707
-14697
-6852
-11593
2770
7301
-12929
-14264
-3431
4574
3376
-11544
-3495
-4946
2510
-13727
-5999
-1439
-5101
-4161
-12213
-13496
-6953
-4886
-4784
-3742
-9906
-6938
1830
-5520
487
-6899
-228
4241
-5426
-7226
1268
-3175
-890
-8380
-5136
2617
-11811
-1489
-9426
-9373
-15019
3728
5019
-3437
4802
-5101
557
-8040
-9732
-2103
6185
5544
-12130
-5747
3493
-2495
-3053
-15615
-3429
3081
-9676
-8139
-6508
6420
-7514
424
19651
5497
405
1198
-12819
-3344
-10588
168
-2881
2407
-6279
-2849
-2250
-5916
-8967
-11174
-6062
-13150
849
15252
-6490
-6928
-3820
-4761
-13708
592
-6091
-6059
16959
-3425
-4102
-11238
-8319
1556
-5858
-398
-15429
2373
316
9676
-5964
-7421
8649
3058
-576
1735
-10876
-4364
3504
-1087
-1030
12456
-4225
-10668
-7117
5689
-4665
-8438
1551
12315
-8247
-8323
-4568
-4043
-3866
-2838
10847
-8856
-4955
-3280
4370
-5799
-7355
8588
-8722
-4501
-9920
-8249
-17975
-4540
-5914
-11548
-9524
-5913
-10978
-10860
-5965
-19005
-10789
1172
-6050
-2397
-4908
-17893
-11733
-5984
9554
-6124
-972
-7595
3204
2658
-7873
2989
-3132
-8900
-6594
-8624
-10092
2747
3382
-1729
4639
-2758
-13338
-11230
-23019
-4199
-7004
1503
-6707
-14697
-6852
-11593
2770
7301
-12929
-14264
-3431
4574
3376
-11544
-3495
-4946
2510
-13727
-5999
-1439
-5101
-4161
-12213
-13496
-6953
-4886
-4784
-3742
-9906
-6938
1830
-5520
487
-6899
-228
4241
-5426
-7226
1268
-3175
-890
-8380
-5136
2617
-11811
-1489
-9426
-9373
-15019
3728
5019
-3437
4802
-5101
557
-8040
-9732
-2103
6185
5544
-12130
-5747
3493
-2495
-3053
-15615
-3429
3081
-9676
-8139
-6508
6420
-7514
424
19651
5497
405
1198
-12819
-3344
-10588
168
-2881
2407
-6279
-2849
-2250
-5916
-8967
-11174
-6062
-13150
849
15252
-6490
-6928
-3820
-4761
-13708
592
-6091
-6059
16959
-3425
-4102
-11238
-8319
1556
-5858
-398
-15429
2373
316
9676
-5964
-7421
8649
3058
-576
1735
-10876
-4364
3504
-1087
-1030
12456
-4225
-10668
-7117
5689
-4665
-8438
1551
12315
-8247
-8323
-4568
-4043
-3866
-2838
10847
-8856
-4955
-3280
4370
-5799
-7355
8588
-8722
-4501
-9920
-8249
-17975
-4540
-5914
-11548
-9524
-5913
-10978
-10860
-5965
-19005
-10789
1172
-6050
-2397
-4908
-17893
-11733
-5984
9554
-6124
-972
-7595
3204
2658
-7873
2989
-3132
-8900
-6594
-8624
-10092
2747
3382
-1729
4639
-2758
-13338
-11230
-23019
-4199
-7004
1503
-6707
-14697
-6852
-11593
2770
7301
-12929
-14264
-3431
4574
3376
-11544
-3495
-4946
2510
-13727
-5999
-1439
-5101
-4161
-12213
-13496
-6953
-4886
-4784
-3742
-9906
-6938
1830
-5520
487
-6899
-228
4241
-5426
-7226
1268
-3175
-890
-8380
-5136
2617
-11811
-1489
-9426
-9373
-15019
3728
5019
-3437
4802
-5101
557
-8040
-9732
-2103
6185
5544
-12130
-5747
3493
-2495
-3053
-15615
-3429
3081
-9676
-8139
-6508
6420
-7514
424
19651
5497
405
1198
-12819
-3344
-10588
168
-2881
2407
-6279
-2849
-2250
-5916
-8967
-11174
-6062
-13150
849
15252
-6490
-6928
-3820
-4761
-13708
592
-6091
-6059
16959
-3425
-4102
-11238
-8319
1556
-5858
-398
-15429
2373
316
9676
-5964
-7421
8649
3058
-576
1735
-10876
-4364
3504
-1087
-1030
12456
-4225
-10668
-7117
5689
-4665
-8438
1551
12315
-8247
-8323
-4568
-4043
-3866
-2838
10847
-8856
-4955
-3280
4370
-5799
-7355
8588
-8722
-4501
-9920
-8249
-17975
-4540
-5914
-11548
-9524
-5913
-10978
-10860
-5965
-19005
-10789
1172
-6050
-2397
-4908
-17893
-11733
-5984
9554
-6124
-972
-7595
3204
2658
-7873
2989
-3132
-8900
-6594
-8624
-10092
2747
3382
-1729
4639
-2758
-13338
-11230
-23019
-4199
-7004
1503
-6707
-14697
-6852
-11593
2770
7301
-12929
-14264
-3431
4574
3376
-11544
-3495
-4946
2510
-13727
-5999
-1439
-5101
-4161
-12213
-13496
-6953
-4886
-4784
-3742
-9906
-6938
1830
-5520
487
-6899
-228
4241
-5426
-7226
1268
-3175
-890
-8380
-5136
2617
-11811
-1489
-9426
-9373
-15019
3728
5019
-3437
4802
-5101
557
-8040
-9732
-2103
6185
5544
-12130
-5747
3493
-2495
-3053
-15615
-3429
3081
-9676
-8139
-6508
6420
-7514
424
19651
5497
405
1198
-12819
-3344
-10588
168
-2881
2407
-6279
-2849
-2250
-5916
-8967
-11174
-6062
-13150
849
15252
-6490
-6928
-3820
-4761
-13708
592
-6091
-6059
16959
-3425
-4102
-11238
-8319
1556
-5858
-398
-15429
2373
316
9676
-5964
-7421
8649
3058
-576
1735
-10876
-4364
3504
-1087
-1030
12456
-4225
-10668
-7117
5689
-4665
-8438
1551
12315
-8247
-8323
-4568
-4043
-3866
-2838
10847
-8856
-4955
-3280
4370
-5799
-7355
8588
-8722
-4501
-9920
-8249
-17975
-4540
-5914
-11548
-9524
-5913
-10978
-10860
-5965
-19005
-10789
1172
-6050
-2397
-4908
-17893
-11733
-5984
9554
-6124
-972
-7595
3204
2658
-7873
2989
-3132
-8900
-6594
-8624
-10092
2747
3382
-1729
4639
-2758
-13338
-11230
-23019
-4199
-7004
1503
-6707
-14697
-6852
-11593
2770
7301
-12929
-14264
-3431
4574
3376
-11544
-3495
-4946
2510
-13727
-5999
-1439
-5101
-4161
-12213
-13496
-6953
-4886
-4784
-3742
-9906
-6938
1830
-5520
487
-6899
-228
4241
-5426
-7226
1268
-3175
-890
-8380
-5136
2617
-11811
-1489
-9426
-9373
-15019
3728
5019
-3437
4802
-5101
557
-8040
-9732
-2103
6185
5544
-12130
-5747
3493
-2495
-3053
-15615
-3429
3081
-9676
-8139
-6508
6420
-7514
424
19651
5497
405
1198
-12819
-3344
-10588
168
-2881
2407
-6279
-2849
-2250
-5916
-8967
-11174
-6062
-13150
849
15252
-6490
-6928
-3820
-4761
-13708
592
-6091
-6059
16959
-3425
-4102
-11238
-8319
1556
-5858
-398
-15429
2373
316
9676
-5964
-7421
8649
3058
-576
1735
-10876
-4364
3504
-1087
-1030
12456
-4225
-10668
-7117
5689
-4665
-8438
1551
12315
-8247
-8323
-4568
-4043
-3866
-2838
10847
-8856
-4955
-3280
4370
-5799
-7355
8588
-8722
-4501
-9920
-8249
-17975
-4540
-5914
-11548
-9524
-5913
-10978
-10860
-5965
-19005
-10789
1172
-6050
-2397
-4908
-17893
-11733
-5984
9554
-6124
-972
-7595
3204
2658
-7873
2989
-3132
-8900
-6594
-8624
-10092
2747
3382
-1729
4639
-2758
-13338
-11230
-23019
-4199
-7004
1503
-6707
-14697
-6852
-11593
2770
7301
-12929
-14264
-3431
4574
3376
-11544
-3495
-4946
2510
-13727
-5999
-1439
-5101
-4161
-12213
-13496
-6953
-4886
-4784
-3742
-9906
-6938
1830
-5520
487
-6899
-228
4241
-5426
-7226
1268
-3175
-890
-8380
-5136
2617
-11811
-1489
-9426
-9373
-15019
3728
5019
-3437
4802
-5101
557
-8040
-9732
-2103
6185
5544
-12130
-5747
3493
-2495
-3053
-15615
-3429
3081
-9676
-8139
-6508
6420
-7514
424
19651
5497
405
1198
-12819
-3344
-10588
168
-2881
2407
-6279
-2849
-2250
-5916
-8967
-11174
-6062
-13150
849
15252
-6490
-6928
-3820
-4761
-13708
592
-6091
-6059
16959
-3425
-4102
-11238
-8319
1556
-5858
-398
-15429
2373
316
9676
-5964
-7421
8649
3058
-576
1735
-10876
-4364
3504
-1087
-1030
12456
-4225
-10668
-7117
5689
-4665
-8438
1551
12315
-8247
-8323
-4568
-4043
-3866
-2838
10847
-8856
-4955
-3280
4370
-5799
-7355
8588
-8722
-4501
-9920
-8249
-17975
-4540
-5914
-11548
-9524
-5913
-10978
-10860
-5965
-19005
-10789
1172
-6050
-2397
-4908
-17893
-11733
-5984
9554
-6124
-972
-7595
3204
2658
-7873
2989
-3132
-8900
-6594
-8624
-10092
2747
3382
-1729
4639
-2758
-13338
-11230
-23019
-4199
-7004
1503
-6707
-14697
-6852
-11593
2770
7301
-12929
-14264
-3431
4574
3376
-11544
-3495
-4946
2510
-13727
-5999
-1439
-5101
-4161
-12213
-13496
-6953
-4886
-4784
-3742
-9906
-6938
1830
-5520
487
-6899
-228
4241
-5426
-7226
1268
-3175
-890
-8380
-5136
2617
-11811
-1489
-9426
-9373
-15019
3728
5019
-3437
4802
-5101
557
-8040
-9732
-2103
6185
5544
-12130
-5747
3493
-2495
-3053
-15615
-3429
3081
-9676
-8139
-6508
6420
-7514
424
19651
5497
405
1198
-12819
-3344
-10588
168
-2881
2407
-6279
-2849
-2250
-5916
-8967
-11174
-6062
-13150
849
15252
-6490
-6928
-3820
-4761
-13708
592
-6091
-6059
16959
-3425
-4102
-11238
-8319
1556
-5858
-398
-15429
2373
316
9676
-5964
-7421
8649
3058
-576
1735
-10876
-4364
3504
-1087
-1030
12456
-4225
-10668
-7117
5689
-4665
-8438
1551
12315
-8247
-8323
-4568
-4043
-3866
-2838
10847
-8856
-4955
-3280
4370
-5799
-7355
8588
-8722
-4501
-9920
-8249
-17975
-4540
-5914
-11548
-9524
-5913
-10978
-10860
-5965
-19005
-10789
1172
-6050
-2397
-4908
-17893
-11733
-5984
9554
-6124
-972
-7595
3204
2658
-7873
2989
-3132
-8900
-6594
-8624
-10092
2747
3382
-1729
4639
-2758
-13338
-11230
-23019
-4199
-7004
1503
-6707
-14697
-6852
-11593
2770
7301
-12929
-14264
-3431
4574
3376
-11544
-3495
-4946
2510
-13727
-5999
-1439
-5101
-4161
-12213
-13496
-6953
-4886
-4784
-3742
-9906
-6938
1830
-5520
487
-6899
-228
4241
-5426
-7226
1268
-3175
-890
-8380
-5136
2617
-11811
-1489
-9426
-9373
-15019
3728
5019
-3437
4802
-5101
557
-8040
-9732
-2103
6185
5544
-12130
-5747
3493
-2495
-3053
-15615
-3429
3081
-9676
-8139
-6508
6420
-7514
424
19651
5497
405
1198
-12819
-3344
-10588
168
-2881
2407
-6279
-2849
-2250
-5916
-8967
-11174
-6062
-13150
849
15252
-6490
-6928
-3820
-4761
-13708
592
-6091
-6059
16959
-3425
-4102
-11238
-8319
1556
-5858
-398
-15429
2373
316
9676
-5964
-7421
8649
3058
-576
1735
-10876
-4364
3504
-1087
-1030
12456
-4225
-10668
-7117
5689
-4665
-8438
1551
12315
-8247
-8323
-4568
-4043
-3866
-2838
10847
-8856
-4955
-3280
4370
-5799
-7355
8588
-8722
-4501
-9920
-8249
-17975
-4540
-5914
-11548
-9524
-5913
-10978
-10860
-5965
-19005
-10789
1172
-6050
-2397
-4908
-17893
-11733
-5984
9554
-6124
-972
-7595
3204
2658
-7873
2989
-3132
-8900
-6594
-8624
-10092
2747
3382
-1729
4639
-2758
-13338
-11230
-23019
-4199
-7004
1503
-6707
-14697
-6852
-11593
2770
7301
-12929
-14264
-3431
4574
3376
-11544
-3495
-4946
2510
-13727
-5999
-1439
-5101
-4161
-12213
-13496
-6953
-4886
-4784
-3742
-9906
-6938
1830
-5520
487
-6899
-228
4241
-5426
-7226
1268
-3175
-890
-8380
-5136
2617
-11811
-1489
-9426
-9373
-15019
3728
5019
-3437
4802
-5101
557
-8040
-9732
-2103
6185
5544
-12130
-5747
3493
-2495
-3053
-15615
-3429
3081
-9676
-8139
-6508
6420
-7514
424
19651
5497
405
1198
-12819
-3344
-10588
168
-2881
2407
-6279
-2849
-2250
-5916
-8967
-11174
-6062
-13150
849
15252
-6490
-6928
-3820
-4761
-13708
592
-6091
-6059
16959
-3425
-4102
-11238
-8319
1556
-5858
-398
-15429
2373
316
9676
-5964
-7421
8649
3058
-576
1735
-10876
-4364
3504
-1087
-1030
12456
-4225
-10668
-7117
5689
-4665
-8438
1551
12315
-8247
-8323
-4568
-4043
-3866
-2838
10847
-8856
-4955
-3280
4370
-5799
-7355
8588
-8722
-4501
-9920
-8249
-17975
-4540
-5914
-11548
-9524
-5913
-10978
-10860
-5965
-19005
-10789
1172
-6050
-2397
-4908
-17893
-11733
-5984
9554
-6124
-972
-7595
3204
2658
-7873
2989
-3132
-8900
-6594
-8624
-10092
2747
3382
-1729
4639
-2758
-13338
-11230
-23019
-4199
-7004
1503
-6707
-14697
-6852
-11593
2770
7301
-12929
-14264
-3431
4574
3376
-11544
-3495
-4946
2510
-13727
-5999
-1439
-5101
-4161
-12213
-13496
-6953
-4886
-4784
-3742
-9906
-6938
1830
-5520
487
-6899
-228
4241
-5426
-7226
1268
-3175
-890
-8380
-5136
2617
-11811
-1489
-9426
-9373
-15019
3728
5019
-3437
4802
-5101
557
-8040
-9732
-2103
6185
5544
-12130
-5747
3493
-2495
-3053
-15615
-3429
3081
-9676
-8139
-6508
6420
-7514
424
19651
5497
405
1198
-12819
-3344
-10588
168
-2881
2407
-6279
-2849
-2250
-5916
-8967
-11174
-6062
-13150
849
15252
-6490
-6928
-3820
-4761
-13708
592
-6091
-6059
16959
-3425
-4102
-11238
-8319
1556
-5858
-398
-15429
2373
316
9676
-5964
-7421
8649
3058
-576
1735
-10876
-4364
3504
-1087
-1030
12456
-4225
-10668
-7117
5689
-4665
-8438
1551
12315
-8247
-8323
-4568
-4043
-3866
-2838
10847
-8856
-4955
-3280
4370
-5799
-7355
8588
-8722
-4501
-9920
-8249
-17975
-4540
-5914
-11548
-9524
-5913
-10978
-10860
-5965
-19005
-10789
1172
-6050
-2397
-4908
-17893
-11733
-5984
9554
-6124
-972
-7595
3204
2658
-7873
2989
-3132
-8900
-6594
-8624
-10092
2747
3382
-1729
4639
-2758
-13338
-11230
-23019
-4199
-7004
1503
-6707
-14697
-6852
-11593
2770
7301
-12929
-14264
-3431
4574
3376
-11544
-3495
-4946
2510
-13727
-5999
-1439
-5101
-4161
-12213
-13496
-6953
-4886
-4784
-3742
-9906
-6938
1830
-5520
487
-6899
-228
4241
-5426
-7226
1268
-3175
-890
-8380
-5136
2617
-11811
-1489
-9426
-9373
-15019
3728
5019
-3437
4802
-5101
557
-8040
-9732
-2103
6185
5544
-12130
-5747
3493
-2495
-3053
-15615
-3429
3081
-9676
-8139
-6508
6420
-7514
424
19651
5497
405
1198
-12819
-3344
-10588
168
-2881
2407
-6279
-2849
-2250
-5916
-8967
-11174
-6062
-13150
849
15252
-6490
-6928
-3820
-4761
-13708
592
-6091
-6059
16959
-3425
-4102
-11238
-8319
1556
-5858
-398
-15429
2373
316
9676
-5964
-7421
8649
3058
-576
1735
-10876
-4364
3504
-1087
-1030
12456
-4225
-10668
-7117
5689
-4665
-8438
1551
12315
-8247
-8323
-4568
-4043
-3866
-2838
10847
-8856
-4955
-3280
4370
-5799
-7355
8588
-8722
-4501
-9920
-8249
-17975
-4540
-5914
-11548
-9524
-5913
-10978
-10860
-5965
-19005
-10789
1172
-6050
-2397
-4908
-17893
-11733
-5984
9554
-6124
-972
-7595
3204
2658
-7873
2989
-3132
-8900
-6594
-8624
-10092
2747
3382
-1729
4639
-2758
-13338
-11230
-23019
-4199
-7004
1503
-6707
-14697
-6852
-11593
2770
7301
-12929
-14264
-3431
4574
3376
-11544
-3495
-4946
2510
-13727
-5999
-1439
-5101
-4161
-12213
-13496
-6953
-4886
-4784
-3742
-9906
-6938
1830
-5520
487
-6899
-228
4241
-5426
-7226
1268
-3175
-890
-8380
-5136
2617
-11811
-1489
-9426
-9373
-15019
3728
5019
-3437
4802
-5101
557
-8040
-9732
-2103
6185
5544
-12130
-5747
3493
-2495
-3053
-15615
-3429
3081
-9676
-8139
-6508
6420
-7514
424
19651
5497
405
1198
-12819
-3344
-10588
168
-2881
2407
-6279
-2849
-2250
-5916
-8967
-11174
-6062
-13150
849
15252
-6490
-6928
-3820
-4761
-13708
592
-6091
-6059
16959
-3425
-4102
-11238
-8319
1556
-5858
-398
-15429
2373
316
9676
-5964
-7421
8649
3058
-576
1735
-10876
-4364
3504
-1087
-1030
12456
-4225
-10668
-7117
5689
-4665
-8438
1551
12315
-8247
-8323
-4568
-4043
-3866
-2838
10847
-8856
-4955
-3280
4370
-5799
-7355
8588
-8722
-4501
-9920
-8249
-17975
-4540
-5914
-11548
-9524
-5913
-10978
-10860
-5965
-19005
-10789
1172
-6050
-2397
-4908
-17893
-11733
-5984
9554
-6124
-972
-7595
3204
2658
-7873
2989
-3132
-8900
-6594
-8624
-10092
2747
3382
-1729
4639
-2758
-13338
-11230
-23019
-4199
-7004
1503
-6707
-14697
-6852
-11593
2770
7301
-12929
-14264
-3431
4574
3376
-11544
-3495
-4946
2510
-13727
-5999
-1439
-5101
-4161
-12213
-13496
-6953
-4886
-4784
-3742
-9906
-6938
1830
-5520
487
-6899
-228
4241
-5426
-7226
1268
-3175
-890
-8380
-5136
2617
-11811
-1489
-9426
-9373
-15019
3728
5019
-3437
4802
-5101
557
-8040
-9732
-2103
6185
5544
-12130
-5747
3493
-2495
-3053
-15615
-3429
3081
-9676
-8139
-6508
6420
-7514
424
19651
5497
405
1198
-12819
-3344
-10588
168
-2881
2407
-6279
-2849
-2250
-5916
-8967
-11174
-6062
-13150
849
15252
-6490
-6928
-3820
-4761
-13708
592
-6091
-6059
16959
-3425
-4102
-11238
-8319
1556
-5858
-398
-15429
2373
316
9676
-5964
-7421
8649
3058
-576
1735
-10876
-4364
3504
-1087
-1030
12456
-4225
-10668
-7117
5689
-4665
-8438
1551
12315
-8247
-8323
-4568
-4043
-3866
-2838
10847
-8856
-4955
-3280
4370
-5799
-7355
8588
-8722
-4501
-9920
-8249
-17975
-4540
-5914
-11548
-9524
-5913
-10978
-10860
-5965
-19005
-10789
1172
-6050
-2397
-4908
-17893
-11733
-5984
9554
-6124
-972
-7595
3204
2658
-7873
2989
-3132
-8900
-6594
-8624
-10092
2747
3382
-1729
4639
-2758
-13338
-11230
-23019
-4199
-7004
1503
-6707
-14697
-6852
-11593
2770
7301
-12929
-14264
-3431
4574
3376
-11544
-3495
-4946
2510
-13727
-5999
-1439
-5101
-4161
-12213
-13496
-6953
-4886
-4784
-3742
-9906
-6938
1830
-5520
487
-6899
-228
4241
-5426
-7226
1268
-3175
-890
-8380
-5136
2617
-11811
-1489
-9426
-9373
-15019
3728
5019
-3437
4802
-5101
557
-8040
-9732
-2103
6185
5544
-12130
-5747
3493
-2495
-3053
-15615
-3429
3081
-9676
-8139
-6508
6420
-7514
424
19651
5497
405
1198
-12819
-3344
-10588
168
-2881
2407
-6279
-2849
-2250
-5916
-8967
-11174
-6062
-13150
849
15252
-6490
-6928
-3820
-4761
-13708
592
-6091
-6059
16959
-3425
-4102
-11238
-8319
1556
-5858
-398
-15429
2373
316
9676
-5964
-7421
8649
3058
-576
1735
-10876
-4364
3504
-1087
-1030
12456
-4225
-10668
-7117
5689
-4665
-8438
1551
12315
-8247
-8323
-4568
-4043
-3866
-2838
10847
-8856
-4955
-3280
4370
-5799
-7355
8588
-8722
-4501
-9920
-8249
-17975
-4540
-5914
-11548
-9524
-5913
-10978
-10860
-5965
-19005
-10789
1172
-6050
-2397
-4908
-17893
-11733
-5984
9554
-6124
-972
-7595
3204
2658
-7873
2989
-3132
-8900
-6594
-8624
-10092
2747
3382
-1729
4639
-2758
-13338
-11230
-23019
-4199
-7004
1503
-6707
-14697
-6852
-11593
2770
7301
-12929
-14264
-3431
4574
3376
-11544
-3495
-4946
2510
-13727
-5999
-1439
-5101
-4161
-12213
-13496
-6953
-4886
-4784
-3742
-9906
-6938
1830
-5520
487
-6899
-228
4241
-5426
-7226
1268
-3175
-890
-8380
-5136
2617
-11811
-1489
-9426
-9373
-15019
3728
5019
-3437
4802
-5101
557
-8040
-9732
-2103
6185
5544
-12130
-5747
3493
-2495
-3053
-15615
-3429
3081
-9676
-8139
-6508
6420
-7514
424
19651
5497
405
1198
-12819
-3344
-10588
168
-2881
2407
-6279
-2849
-2250
-5916
-8967
-11174
-6062
-13150
849
15252
-6490
-6928
-3820
-4761
-13708
592
-6091
-6059
16959
-3425
-4102
-11238
-8319
1556
-5858
-398
-15429
2373
316
9676
-5964
-7421
8649
3058
-576
1735
-10876
-4364
3504
-1087
-1030
12456
-4225
-10668
-7117
5689
-4665
-8438
1551
12315
-8247
-8323
-4568
-4043
-3866
-2838
10847
-8856
-4955
-3280
4370
-5799
-7355
8588
-8722
-4501
-9920
-8249
-17975
-4540
-5914
-11548
-9524
-5913
-10978
-10860
-5965
-19005
-10789
1172
-6050
-2397
-4908
-17893
-11733
-5984
9554
-6124
-972
-7595
3204
2658
-7873
2989
-3132
-8900
-6594
-8624
-10092
2747
3382
-1729
4639
-2758
-13338
-11230
-23019
-4199
-7004
1503
-6707
-14697
-6852
-11593
2770
7301
-12929
-14264
-3431
4574
3376
-11544
-3495
-4946
2510
-13727
-5999
-1439
-5101
-4161
-12213
-13496
-6953
-4886
-4784
-3742
-9906
-6938
1830
-5520
487
-6899
-228
4241
-5426
-7226
1268
-3175
-890
-8380
-5136
2617
-11811
-1489
-9426
-9373
-15019
3728
5019
-3437
4802
-5101
557
-8040
-9732
-2103
6185
5544
-12130
-5747
3493
-2495
-3053
-15615
-3429
3081
-9676
-8139
-6508
6420
-7514
424
19651
5497
405
1198
-12819
-3344
-10588
168
-2881
2407
-6279
-2849
-2250
-5916
-8967
-11174
-6062
-13150
849
15252
-6490
-6928
-3820
-4761
-13708
592
-6091
-6059
16959
-3425
-4102
-11238
-8319
1556
-5858
-398
-15429
2373
316
9676
-5964
-7421
8649
3058
-576
1735
-10876
-4364
3504
-1087
-1030
12456
-4225
-10668
-7117
5689
-4665
-8438
1551
12315
-8247
-8323
-4568
-4043
-3866
-2838
10847
-8856
-4955
-3280
4370
-5799
-7355
8588
-8722
-4501
-9920
-8249
-17975
-4540
-5914
-11548
-9524
-5913
-10978
-10860
-5965
-19005
-10789
1172
-6050
-2397
-4908
-17893
-11733
-5984
9554
-6124
-972
-7595
3204
2658
-7873
2989
-3132
-8900
-6594
-8624
-10092
2747
3382
-1729
4639
-2758
-13338
-11230
-23019
-4199
-7004
1503
-6707
-14697
-6852
-11593
2770
7301
-12929
-14264
-3431
4574
3376
-11544
-3495
-4946
2510
-13727
-5999
-1439
-5101
-4161
-12213
-13496
-6953
-4886
-4784
-3742
-9906
-6938
1830
-5520
487
-6899
-228
4241
-5426
-7226
1268
-3175
-890
-8380
-5136
2617
-11811
-1489
-9426
-9373
-15019
3728
5019
-3437
4802
-5101
557
-8040
-9732
-2103
6185
5544
-12130
-5747
3493
-2495
-3053
-15615
-3429
3081
-9676
-8139
-6508
6420
-7514
424
19651
5497
405
1198
-12819
-3344
-10588
168
-2881
2407
-6279
-2849
-2250
-5916
-8967
-11174
-6062
-13150
849
15252
-6490
-6928
-3820
-4761
-13708
592
-6091
-6059
16959
-3425
-4102
-11238
-8319
1556
-5858
-398
-15429
2373
316
9676
-5964
-7421
8649
3058
-576
1735
-10876
-4364
3504
-1087
-1030
12456
-4225
-10668
-7117
5689
-4665
-8438
1551
12315
-8247
-8323
-4568
-4043
-3866
-2838
10847
-8856
-4955
-3280
4370
-5799
-7355
8588
-8722
-4501
-9920
-8249
-17975
-4540
-5914
-11548
-9524
-5913
-10978
-10860
-5965
-19005
-10789
1172
-6050
-2397
-4908
-17893
-11733
-5984
9554
-6124
-972
-7595
3204
2658
-7873
2989
-3132
-8900
-6594
-8624
-10092
2747
3382
-1729
4639
-2758
-13338
-11230
-23019
-4199
-7004
1503
-6707
-14697
-6852
-11593
2770
7301
-12929
-14264
-3431
4574
3376
-11544
-3495
-4946
2510
-13727
-5999
-1439
-5101
-4161
-12213
-13496
-6953
-4886
-4784
-3742
-9906
-6938
1830
-5520
487
-6899
-228
4241
-5426
-7226
1268
-3175
-890
-8380
-5136
2617
-11811
-1489
-9426
-9373
-15019
3728
5019
-3437
4802
-5101
557
-8040
-9732
-2103
6185
5544
-12130
-5747
3493
-2495
-3053
-15615
-3429
3081
-9676
-8139
-6508
6420
-7514
424
19651
5497
405
1198
-12819
-3344
-10588
168
-2881
2407
-6279
-2849
-2250
-5916
-8967
-11174
-6062
-13150
849
15252
-6490
-6928
-3820
-4761
-13708
592
-6091
-6059
16959
-3425
-4102
-11238
-8319
1556
-5858
-398
-15429
2373
316
9676
-5964
-7421
8649
3058
-576
1735
-10876
-4364
3504
-1087
-1030
12456
-4225
-10668
-7117
5689
-4665
-8438
1551
12315
-8247
-8323
-4568
-4043
-3866
-2838
10847
-8856
-4955
-3280
4370
-5799
-7355
8588
-8722
-4501
-9920
-8249
-17975
-4540
-5914
-11548
-9524
-5913
-10978
-10860
-5965
-19005
-10789
1172
-6050
-2397
-4908
-17893
-11733
-5984
9554
-6124
-972
-7595
3204
2658
-7873
2989
-3132
-8900
-6594
-8624
-10092
2747
3382
-1729
4639
-2758
-13338
-11230
-23019
-4199
-7004
1503
-6707
-14697
-6852
-11593
2770
7301
-12929
-14264
-3431
4574
3376
-11544
-3495
-4946
2510
-13727
-5999
-1439
-5101
-4161
-12213
-13496
-6953
-4886
-4784
-3742
-9906
-6938
1830
-5520
487
-6899
-228
4241
-5426
-7226
1268
-3175
-890
-8380
-5136
2617
-11811
-1489
-9426
-9373
-15019
3728
5019
-3437
4802
-5101
557
-8040
-9732
-2103
6185
5544
-12130
-5747
3493
-2495
-3053
-15615
-3429
3081
-9676
-8139
-6508
6420
-7514
424
19651
5497
405
1198
-12819
-3344
-10588
168
-2881
2407
-6279
-2849
-2250
-5916
-8967
-11174
-6062
-13150
849
15252
-6490
-6928
-3820
-4761
-13708
592
-6091
-6059
16959
-3425
-4102
-11238
-8319
1556
-5858
-398
-15429
2373
316
9676
-5964
-7421
8649
3058
-576
1735
-10876
-4364
3504
-1087
-1030
12456
-4225
-10668
-7117
5689
-4665
-8438
1551
12315
-8247
-8323
-4568
-4043
-3866
-2838
10847
-8856
-4955
-3280
4370
-5799
-7355
8588
-8722
-4501
-9920
-8249
-17975
-4540
-5914
-11548
-9524
-5913
-10978
-10860
-5965
-19005
-10789
1172
-6050
-2397
-4908
-17893
-11733
-5984
9554
-6124
-972
-7595
3204
2658
-7873
2989
-3132
-8900
-6594
-8624
-10092
2747
3382
-1729
4639
-2758
-13338
-11230
-23019
-4199
-7004
1503
-6707
-14697
-6852
-11593
2770
7301
-12929
-14264
-3431
4574
3376
-11544
-3495
-4946
2510
-13727
-5999
-1439
-5101
-4161
-12213
-13496
-6953
-4886
-4784
-3742
-9906
-6938
1830
-5520
487
-6899
-228
4241
-5426
-7226
1268
-3175
-890
-8380
-5136
2617
-11811
-1489
-9426
-9373
-15019
3728
5019
-3437
4802
-5101
557
-8040
-9732
-2103
6185
5544
-12130
-5747
3493
-2495
-3053
-15615
-3429
3081
-9676
-8139
-6508
6420
-7514
424
19651
5497
405
1198
-12819
-3344
-10588
168
-2881
2407
-6279
-2849
-2250
-5916
-8967
-11174
-6062
-13150
849
15252
-6490
-6928
-3820
-4761
-13708
592
-6091
-6059
16959
-3425
-4102
-11238
-8319
1556
-5858
-398
-15429
2373
316
9676
-5964
-7421
8649
3058
-576
1735
-10876
-4364
3504
-1087
-1030
12456
-4225
-10668
-7117
5689
-4665
-8438
1551
12315
-8247
-8323
-4568
-4043
-3866
-2838
10847
-8856
-4955
-3280
4370
-5799
-7355
8588
-8722
-4501
-9920
-8249
-17975
-4540
-5914
-11548
-9524
-5913
-10978
-10860
-5965
-19005
-10789
1172
-6050
-2397
-4908
-17893
-11733
-5984
9554
-6124
-972
-7595
3204
2658
-7873
2989
-3132
-8900
-6594
-8624
-10092
2747
3382
-1729
4639
-2758
-13338
-11230
-23019
-4199
-7004
1503
-6707
-14697
-6852
-11593
2770
7301
-12929
-14264
-3431
4574
3376
-11544
-3495
-4946
2510
-13727
-5999
-1439
-5101
-4161
-12213
-13496
-6953
-4886
-4784
-3742
-9906
-6938
1830
-5520
487
-6899
-228
4241
-5426
-7226
1268
-3175
-890
-8380
-5136
2617
-11811
-1489
-9426
-9373
-15019
3728
5019
-3437
4802
-5101
557
-8040
-9732
-2103
6185
5544
-12130
-5747
3493
-2495
-3053
-15615
-3429
3081
-9676
-8139
-6508
6420
-7514
424
19651
5497
405
1198
-12819
-3344
-10588
168
-2881
2407
-6279
-2849
-2250
-5916
-8967
-11174
-6062
-13150
849
15252
-6490
-6928
-3820
-4761
-13708
592
-6091
-6059
16959
-3425
-4102
-11238
-8319
1556
-5858
-398
-15429
2373
316
9676
-5964
-7421
8649
3058
-576
1735
-10876
-4364
3504
-1087
-1030
12456
-4225
-10668
-7117
5689
-4665
-8438
1551
12315
-8247
-8323
-4568
-4043
-3866
-2838
10847
-8856
-4955
-3280
4370
-5799
-7355
8588
-8722
-4501
-9920
-8249
-17975
-4540
-5914
-11548
-9524
-5913
-10978
-10860
-5965
-19005
-10789
1172
-6050
-2397
-4908
-17893
-11733
-5984
9554
-6124
-972
-7595
3204
2658
-7873
2989
-3132
-8900
-6594
-8624
-10092
2747
3382
-1729
4639
-2758
-13338
-11230
-23019
-4199
-7004
1503
-6707
-14697
-6852
-11593
2770
7301
-12929
-14264
-3431
4574
3376
-11544
-3495
-4946
2510
-13727
-5999
-1439
-5101
-4161
-12213
-13496
-6953
-4886
-4784
-3742
-9906
-6938
1830
-5520
487
-6899
-228
4241
-5426
-7226
1268
-3175
-890
-8380
-5136
2617
-11811
-1489
-9426
-9373
-15019
3728
5019
-3437
4802
-5101
557
-8040
-9732
-2103
6185
5544
-12130
-5747
3493
-2495
-3053
-15615
-3429
3081
-9676
-8139
-6508
6420
-7514
424
19651
5497
405
1198
-12819
-3344
-10588
168
-2881
2407
-6279
-2849
-2250
-5916
-8967
-11174
-6062
-13150
849
15252
-6490
-6928
-3820
-4761
-13708
592
-6091
-6059
16959
-3425
-4102
-11238
-8319
1556
-5858
-398
-15429
2373
316
9676
-5964
-7421
8649
3058
-576
1735
-10876
-4364
3504
-1087
-1030
12456
-4225
-10668
-7117
5689
-4665
-8438
1551
12315
-8247
-8323
-4568
-4043
-3866
-2838
10847
-8856
-4955
-3280
4370
-5799
-7355
8588
-8722
-4501
-9920
-8249
-17975
-4540
-5914
-11548
-9524
-5913
-10978
-10860
-5965
-19005
-10789
1172
-6050
-2397
-4908
-17893
-11733
-5984
9554
-6124
-972
-7595
3204
2658
-7873
2989
-3132
-8900
-6594
-8624
-10092
2747
3382
-1729
4639
-2758
-13338
-11230
-23019
-4199
-7004
1503
-6707
-14697
-6852
-11593
2770
7301
-12929
-14264
-3431
4574
3376
-11544
-3495
-4946
2510
-13727
-5999
-1439
-5101
-4161
-12213
-13496
-6953
-4886
-4784
-3742
-9906
-6938
1830
-5520
487
-6899
-228
4241
-5426
-7226
1268
-3175
-890
-8380
-5136
2617
-11811
-1489
-9426
-9373
-15019
3728
5019
-3437
4802
-5101
557
-8040
-9732
-2103
6185
5544
-12130
-5747
3493
-2495
-3053
-15615
-3429
3081
-9676
-8139
-6508
6420
-7514
424
19651
5497
405
1198
-12819
-3344
-10588
168
-2881
2407
-6279
-2849
-2250
-5916
-8967
-11174
-6062
-13150
849
15252
-6490
-6928
-3820
-4761
-13708
592
-6091
-6059
16959
-3425
-4102
-11238
-8319
1556
-5858
-398
-15429
2373
316
9676
-5964
-7421
8649
3058
-576
1735
-10876
-4364
3504
-1087
-1030
12456
-4225
-10668
-7117
5689
-4665
-8438
1551
12315
-8247
-8323
-4568
-4043
-3866
-2838
10847
-8856
-4955
-3280
4370
-5799
-7355
8588
-8722
-4501
-9920
-8249
-17975
-4540
-5914
-11548
-9524
-5913
-10978
-10860
-5965
-19005
-10789
1172
-6050
-2397
-4908
-17893
-11733
-5984
9554
-6124
-972
-7595
3204
2658
-7873
2989
-3132
-8900
-6594
-8624
-10092
2747
3382
-1729
4639
-2758
-13338
-11230
-23019
-4199
-7004
1503
-6707
-14697
-6852
-11593
2770
7301
-12929
-14264
-3431
4574
3376
-11544
-3495
-4946
2510
-13727
-5999
-1439
-5101
-4161
-12213
-13496
-6953
-4886
-4784
-3742
-9906
-6938
1830
-5520
487
-6899
-228
4241
-5426
-7226
1268
-3175
-890
-8380
-5136
2617
-11811
-1489
-9426
-9373
-15019
3728
5019
-3437
4802
-5101
557
-8040
-9732
-2103
6185
5544
-12130
-5747
3493
-2495
-3053
-15615
-3429
3081
-9676
-8139
-6508
6420
-7514
424
19651
5497
405
1198
-12819
-3344
-10588
168
-2881
2407
-6279
-2849
-2250
-5916
-8967
-11174
-6062
-13150
849
15252
-6490
-6928
-3820
-4761
-13708
592
-6091
-6059
16959
-3425
-4102
-11238
-8319
1556
-5858
-398
-15429
2373
316
9676
-5964
-7421
8649
3058
-576
1735
-10876
-4364
3504
-1087
-1030
12456
-4225
-10668
-7117
5689
-4665
-8438
1551
12315
-8247
-8323
-4568
-4043
-3866
-2838
10847
-8856
-4955
-3280
4370
-5799
-7355
8588
-8722
-4501
-9920
-8249
-17975
-4540
-5914
-11548
-9524
-5913
-10978
-10860
-5965
-19005
-10789
1172
-6050
-2397
-4908
-17893
-11733
-5984
9554
-6124
-972
-7595
3204
2658
-7873
2989
-3132
-8900
-6594
-8624
-10092
2747
3382
-1729
4639
-2758
-13338
-11230
-23019
-4199
-7004
1503
-6707
-14697
-10958
-10156
2524
5990
-11432
-20010
-2282
2169
4321
-13238
-2876
-7916
2517
-11805
-3871
-2039
-8710
-4855
-13684
-14778
-7754
-5434
-2342
-1213
-9233
-9243
3155
-8040
-971
-6138
4297
5183
-5283
-4094
8817
-1937
-7485
-7009
-7033
4025
-18801
-830
-11895
-12213
-13021
6245
5916
-1362
692
-7507
272
-9676
-9216
-935
5058
8385
-14414
-3448
5713
-2541
-1238
-17044
-6492
4819
-5999
-8359
-6932
11862
-10271
-2162
18928
7152
-1240
4533
-15057
-4539
-4727
-2699
-3727
2512
-9637
-3873
-1567
-9328
-7966
-12694
-8535
-7442
2374
15699
-5627
-7324
-6274
-5851
-10739
5157
-2579
-2486
18613
-941
-5206
-14133
-6145
3893
-6235
-2180
-15223
-493
-147
12756
-7314
-6388
13984
3755
-1987
2868
-14570
-2512
5506
-603
921
13859
-3632
-6140
-8588
6327
-7509
-10389
5835
12409
-6915
-7852
-10773
-1092
-458
586
12585
-8184
-4398
-951
2682
-2667
-6732
7163
-9450
-1302
-11835
-10569
-18916
-7353
-5641
-12811
-14190
-7429
-8214
-10037
-6162
-20787
-8039
-2875
-5867
1731
-4701
-19032
-12139
-7402
9472
-2168
-1889
-9886
4968
8180
-7848
2292
-224
-9189
-7064
-8918
-12816
5547
6451
-2280
2699
1826
-13152
-14802
-23408
-1774
-10851
776
-6747
-18367
-6852
-11593
2770
7301
-12929
-14264
-3431
4574
3376
-11544
-3495
-4946
2510
-13727
-5999
-1439
-5101
-4161
-12213
-13496
-6953
-4886
-4784
-3742
-9906
-6938
1830
-5520
487
-6899
-228
4241
-5426
-7226
1268
-3175
-890
-8380
-5136
2617
-11811
-1489
-9426
-9373
-15019
3728
5019
-3437
4802
-5101
557
-8040
-9732
-2103
6185
5544
-12130
-5747
3493
-2495
-3053
-15615
-3429
3081
-9676
-8139
-6508
6420
-7514
424
19651
5497
405
1198
-12819
-3344
-10588
168
-2881
2407
-6279
-2849
-2250
-5916
-8967
-11174
-6062
-13150
849
15252
-6490
-6928
-3820
-4761
-13708
592
-6091
-6059
16959
-3425
-4102
-11238
-8319
1556
-5858
-398
-15429
2373
316
9676
-5964
-7421
8649
3058
-576
1735
-10876
-4364
3504
-1087
-1030
12456
-4225
-10668
-7117
5689
-4665
-8438
1551
12315
-8247
-8323
-4568
-4043
-3866
-2838
10847
-8856
-4955
-3280
4370
-5799
-7355
8588
-8722
-4501
-9920
-8249
-17975
-4540
-5914
-11548
-9524
-5913
-10978
-10860
-5965
-19005
-10789
1172
-6050
-2397
-4908
-17893
-11733
-5984
9554
-6124
-972
-7595
3204
2658
-7873
2989
-3132
-8900
-6594
-8624
-10092
2747
3382
-1729
4639
-2758
-13338
-11230
-23019
-4199
-7004
1503
-6707
-14697
-6852
-11593
2770
7301
-12929
-14264
-3431
4574
3376
-11544
-3495
-4946
2510
-13727
-5999
-1439
-5101
-4161
-12213
-13496
-6953
-4886
-4784
-3742
-9906
-6938
1830
-5520
487
-6899
-228
4241
-5426
-7226
1268
-3175
-890
-8380
-5136
2617
-11811
-1489
-9426
-9373
-15019
3728
5019
-3437
4802
-5101
557
-8040
-9732
-2103
6185
5544
-12130
-5747
3493
-2495
-3053
-15615
-3429
3081
-9676
-8139
-6508
6420
-7514
424
19651
5497
405
1198
-12819
-3344
-10588
168
-2881
2407
-6279
-2849
-2250
-5916
-8967
-11174
-6062
-13150
849
15252
-6490
-6928
-3820
-4761
-13708
592
-6091
-6059
16959
-3425
-4102
-11238
-8319
1556
-5858
-398
-15429
2373
316
9676
-5964
-7421
8649
3058
-576
1735
-10876
-4364
3504
-1087
-1030
12456
-4225
-10668
-7117
5689
-4665
-8438
1551
12315
-8247
-8323
-4568
-4043
-3866
-2838
10847
-8856
-4955
-3280
4370
-5799
-7355
8588
-8722
-4501
-9920
-8249
-17975
-4540
-5914
-11548
-9524
-5913
-10978
-10860
-5965
-19005
-10789
1172
-6050
-2397
-4908
-17893
-11733
-5984
9554
-6124
-972
-7595
3204
2658
-7873
2989
-3132
-8900
-6594
-8624
-10092
2747
3382
-1729
4639
-2758
-13338
-11230
-23019
-4199
-7004
1503
-6707
-14697
