-12693
-16124
7461
10130
-10650
17419
606
-287
-5205
2718
-8270
-23275
23141
-4742
1061
-1489
-18304
10215
-3708
-12960
10882
-9813
-704
-2887
295
-10225
3309
11768
9701
-9920
-4619
9471
7781
-3603
11452
-9349
8271
6719
10455
9035
9540
14542
-1145
11890
-16861
6695
-4501
-21182
-17236
-9610
-5335
7321
-10543
22725
310
-15455
-713
11495
-7905
-12923
26297
-10203
4133
-4920
-20877
12714
-158
-15196
17683
-8811
6554
3594
-10715
-4551
-2100
3393
2570
-10035
-13161
1557
-36
-5023
9996
-18611
19678
3874
-2126
13547
7941
6964
-1088
12629
-24819
15692
238
-17840
-21098
-24071
-11131
-1097
-12633
14202
11560
-20209
-5401
16188
-9551
-31678
41611
-10046
12198
559
-9292
16416
-5022
-3509
8294
-2288
-1526
-5939
-7670
-233
-404
10430
8900
-16316
2498
360
2748
-11024
7300
-17607
17833
1215
744
12767
21588
5027
-6675
3921
-24825
17363
-3617
-18366
-14744
-11199
6286
8005
-14053
14104
5531
2412
-12375
2156
-6002
-9994
17544
-10114
765
-14565
-15974
4013
-3846
-14842
12916
-3464
-12495
4179
-502
-11412
1593
9699
11263
-11732
-4478
5682
6106
8265
5337
-7207
20879
4489
2847
5659
12773
24507
-176
12599
-18698
11315
-2587
-22782
-16736
-18650
-13057
16280
-17138
21253
8119
-14247
3905
4815
-10815
-10548
23690
-14302
563
-11693
-17143
12184
-2368
-21694
17527
-10461
1535
-81
-13937
-9630
-6853
14901
6609
-6145
-14235
1166
7645
-2930
8772
-9610
14509
-2682
-4790
19657
13127
10680
-14403
24114
-30659
11580
6369
-18514
-21126
-22660
-3797
-1276
-8350
13202
8143
-14288
-13462
12876
-8919
-24904
31748
-4937
10220
-2037
-9145
12658
-968
-3053
5977
-2442
-7321
-4508
281
-1444
4493
13039
11054
-13470
6461
-1283
1587
-5921
5933
-15682
22721
3465
-2122
6418
23899
7035
-1909
2711
-20560
12315
-4894
-19431
-25562
-3464
-9315
1526
-1248
26234
7191
-11960
-3799
16002
-5052
-14000
26854
-17628
12667
-13519
-9327
9552
-6421
-4790
18303
-774
-3358
4229
-13350
-1660
-9200
-5410
-1267
-15114
-13414
-10349
-5077
-1983
2480
-19453
24599
-2167
-18865
6261
17512
8946
3497
3982
-29447
27142
-9448
-12177
-9646
-16507
2559
13022
-11447
16979
3831
-170
-311
-789
-8332
-22355
22861
-7041
-1722
-5299
-15106
11626
-4056
-16888
10743
-13731
-890
-3119
-742
-10234
-397
13187
8012
-7360
-4173
7809
9247
-1437
10948
-6897
8500
5077
8469
12867
10867
13621
-6878
12568
-20471
7373
-3034
-20312
-19784
-5254
4573
3671
-7524
14198
2569
-2976
-5787
6134
-1904
-13936
23764
-9690
6476
-3790
-14569
7088
-8377
-10011
14424
-1673
140
5321
-1888
-5021
-4522
151
2803
-13085
-8743
675
1196
-392
10029
-18092
20996
5534
-4267
7558
12847
16362
1915
9177
-19110
17909
-3933
-18348
-20042
-18484
7226
4067
-20346
-6423
10140
-12378
-10743
11783
-7664
-19861
25790
-6324
9830
-6953
-8633
5683
-9675
-4733
6882
-1233
-11735
-4076
6764
-5630
1511
15272
16829
-11881
6289
995
6096
3654
8108
-10510
23025
5194
6300
12169
24274
15620
7200
6958
-15126
18392
6747
-24262
-17656
-22427
2058
17423
-17286
11936
9642
-7008
821
2864
-12683
-10850
25216
-6555
3135
-8988
-17536
8899
1100
-18754
15528
-9691
1091
-451
-2864
-13911
-4323
19586
13312
-3952
-6042
9177
6208
-6088
10383
-12971
6512
5201
1761
16322
11078
8200
-12508
19015
-26516
9828
4408
-19526
-22877
-12332
-8726
-1481
-5525
27039
8394
-12960
-6600
8715
-13080
-16480
29696
-11492
10421
-14734
-13186
8489
-1956
-3739
19347
-4981
-4164
3995
-11349
-2375
-6337
4692
2635
-20232
-9897
-1367
-2390
-9739
2130
-18203
19877
257
-10860
3148
13491
9013
-875
5323
-25720
22124
-14697
-11534
-21212
-21768
5309
14539
-15068
2931
9383
-6799
-3120
3677
-10946
-16094
21853
-10032
7230
-13351
-12011
4942
-7229
-12804
12306
-5274
-7385
-483
1971
-11275
-5693
14624
13432
-7283
-4129
1948
8948
3286
8525
-10910
12833
1028
-3198
14365
20109
14530
-1969
18518
-23075
19821
7467
-21982
-18222
-9447
-74
-6964
3061
24098
3096
384
-21377
10987
-5973
-17909
23201
-8516
10662
-6256
-9581
5624
-1505
2475
7095
6018
-6424
8769
-1371
3843
1162
880
7426
-18204
-1988
-4456
-3915
-1604
-2297
-16434
24521
5755
-9477
-7474
18108
15673
6544
-2345
-18003
17986
-17799
-9096
-17639
-9152
-4223
15684
-14216
12977
8170
-12577
1954
7502
-10405
-6128
20107
-14226
3187
-19918
-13934
7115
-1985
-21494
24080
-9951
-4161
4736
-9239
-12671
-9029
9256
6262
-5507
-14625
420
3088
2558
10104
-13600
15905
44
-10185
13066
9359
11953
-2162
18220
-27079
21834
3351
-16033
-21869
-23428
-3240
9673
-25780
2461
15606
-19903
-2332
8764
-9101
-16198
29400
-9299
7337
-11473
-13549
11022
-7836
-16772
12064
-3902
-8803
-6587
-631
-15399
-213
24125
17798
-8527
3291
4964
7396
-852
10033
-5505
19096
2791
7934
21809
25678
14144
-4530
21285
-23368
10694
10831
-25319
-16470
-11356
4801
7747
-12282
15301
5032
-2555
-7026
2004
-6686
-15856
23397
-8418
3573
-8604
-14368
8227
-4814
-14175
15937
-7180
-5751
170
-166
-11711
-1074
13563
9518
-13075
-4581
8074
4864
-3200
10717
-9748
16483
7483
6568
7001
13015
20278
-1855
11039
-20815
10625
-3746
-21689
-22718
-17216
538
12366
-11390
8808
3988
-11047
-1955
6401
-8930
-17530
21282
-9582
8084
-11335
-12081
4711
-8362
-10144
12733
-3052
-8003
-1351
-1123
-10225
-8234
9714
10667
-7789
-7963
-3433
8803
870
6932
-10702
13612
-736
-6228
12875
19817
14902
-725
18239
-27370
18285
7607
-19858
-17888
-10624
-4369
13095
-9063
14499
4593
-7886
-1152
7099
-12175
-5702
14418
-13037
5267
-22469
-13630
3009
-3333
-16166
20053
-8175
-5547
6257
-8861
-10875
-12369
6606
3165
-8146
-16026
1440
4904
1881
6041
-13497
18245
-1728
-14080
10510
9893
15700
2445
19466
-28802
21420
2582
-14231
-25560
-28123
-6936
-3428
-17347
2176
15424
-18891
-10856
14718
-8263
-28844
36723
-11488
15043
-6864
-6636
16055
-11714
-1642
3450
-1266
-12343
-7090
3113
486
1263
15353
14709
-17676
10537
-145
3289
-4584
3133
-16140
25370
-3314
-21
14185
30340
12216
1102
7019
-23172
19888
4958
-26112
-22365
-20576
-2212
8974
-20197
8735
5265
-20515
-207
7104
-15664
-13470
26635
-5103
7075
-9057
-16916
7353
-4421
-10618
16332
-7848
-4546
-3033
-2653
-14209
-2512
18265
14960
-8875
-5789
4363
6965
-7880
9613
-10582
13057
3020
4605
17079
16897
11095
-2859
16551
-26426
15447
6183
-19589
-14045
-23360
-1049
5575
-19508
5189
7653
-13549
-8468
8087
-9468
-25029
31951
-6655
6589
-3901
-14732
15122
-5968
-11660
8579
-11576
-4908
-6933
738
-4775
2757
19125
13477
-13085
5816
9411
5096
-7120
10081
-13303
18674
4141
10798
16483
16913
14676
-2471
11874
-20003
10572
5267
-25771
-15664
-11175
7276
10085
-11585
12929
3441
2493
-2364
3524
-4674
-13215
22356
-10179
3295
-7210
-11952
8877
-8388
-13178
13676
-5605
-2643
4216
1781
-7498
-6070
8715
7828
-11535
-8672
11270
5431
-3044
11097
-13109
12351
5419
5419
9120
11120
17760
-1945
10786
-19180
12902
-5355
-21836
-13536
-9913
-1459
12041
-6425
26874
-1628
-3292
-2116
5779
-8317
-10044
16527
-9914
3770
-10115
-18434
6364
266
-15570
17130
-12322
5239
6505
-12073
-9483
-4528
3583
-293
-6871
-17828
5910
2790
-3296
5852
-14221
14931
2622
-4390
8086
4602
12148
131
16321
-25411
12725
-1530
-14732
-21098
-24071
-11131
-1097
-12633
14202
11560
-20209
-5401
16188
-9551
-31678
41611
-10046
12198
559
-9292
16416
-5022
-3509
8294
-2288
-1526
-5939
-7670
-233
-404
10430
8900
-16316
2498
360
2748
-11024
7300
-17607
17833
1215
744
12767
21588
5027
-6675
3921
-24825
17363
-3617
-18366
-27179
-25922
-3946
-231
-12590
3959
12401
-18383
-9224
14981
-8580
-24652
32241
-7970
13216
-6172
-7038
12923
-7060
-800
4327
2131
-10535
-7236
3399
-3113
-460
12933
14798
-13448
6853
-3190
4406
-3456
5059
-16306
20699
-3125
-3935
11715
30000
7832
618
7569
-24402
19153
3693
-23878
-20855
-6187
-2204
13810
-6806
15010
4390
-7992
-1150
9804
-9152
-3945
13597
-14703
7475
-22282
-12665
2912
-5016
-17655
21683
-6547
-6732
8564
-8092
-12428
-13186
4095
3574
-5195
-17961
-2532
3583
4358
5348
-13742
18697
-1269
-17416
9074
10579
16187
4780
17538
-30607
23482
1894
-12965
-13286
-12204
-1241
12907
-7649
22454
6364
-914
-1686
-837
-10653
-4685
15900
-9540
722
-18888
-16633
6483
-515
-20219
17692
-14052
-73
4543
-7979
-10700
-8320
12232
2462
-5454
-16036
7066
6554
534
4322
-11038
12444
2922
-9253
10063
4244
13174
-6346
15507
-29325
11727
-3838
-13452
-17233
-14462
-14108
-1667
-4047
30671
8416
-8550
-9493
11474
-8885
-22396
31870
-15494
9428
-10298
-11738
15336
-1156
-7383
14992
-6954
1882
-1947
-16275
57
-2092
5848
-758
-19140
-7400
1206
-3205
-11223
1989
-18003
21958
209
-9185
6147
12039
10730
-4688
7570
-28533
16893
-10316
-13083
-13361
-22310
3056
11301
-21916
4395
5878
-13133
-3883
4750
-11762
-26973
30151
-6659
5116
-1367
-15004
12227
-4060
-12255
9425
-8618
-7625
-7563
696
-8778
2403
18926
16859
-10030
3520
8989
8882
-5105
11661
-8323
10455
4705
14186
20112
19156
12999
-4017
12408
-18887
12127
7855
-24595
-23737
-1975
8277
10397
-4600
11150
600
-7180
-2376
8652
-2234
-10946
18796
-8027
7676
-4954
-12377
2116
-6821
-7846
15777
2673
-1757
2843
-1213
-10163
-9140
-75
6845
-8315
-13314
-3487
3430
387
8965
-15827
12919
5978
-8786
5681
15873
12962
6255
8347
-21522
22237
-3761
-14413
-8585
-10502
9940
1668
-12253
16737
529
1498
-9050
3387
-3140
-15556
18841
-1566
164
-2121
-17471
9847
-3037
-5085
7572
-4048
-4619
4467
4047
237
2160
6629
10465
-17485
-5783
12660
4931
788
10757
-7198
17375
7272
13921
268
9634
19940
1572
7984
-5487
5613
-12759
-20491
-8290
-10570
-7778
8850
-11090
21202
4031
-7342
-2452
8259
-7695
-14235
21483
-9281
-2754
-11554
-18906
15401
1322
-20449
17603
-19600
4635
-609
-7359
-5023
4056
10230
1448
-13081
-9549
8139
5676
-4147
10794
-12292
17358
3445
2849
8868
-226
10069
1418
11837
-17957
8544
-5424
-17781
-18319
-15993
-6621
7929
-22312
8928
9854
-17200
-1051
8233
-10165
-13198
28261
-11410
1963
-12429
-14833
10468
-4266
-16327
17832
-10371
-4601
-1239
-7174
-13143
-1721
14539
9749
-11157
-5048
4410
6659
-2870
11320
-9532
20375
2573
3669
19162
15089
14021
-4957
14031
-25328
14701
4832
-22667
-29828
-23661
-4225
441
-8451
8857
11453
-18708
-9099
17307
-5960
-22737
33182
-10219
14508
-5814
-5204
9195
-9061
-2554
6576
6743
-9204
-6772
1320
-4997
-496
11352
15693
-14792
6348
-5855
4479
-4862
6564
-17199
24422
-428
-4800
11037
30045
7678
-407
6643
-25068
20455
275
-20693
-26164
-15263
2271
10117
-13759
3572
12926
-12087
-2197
9012
-7595
-13229
25337
-9460
8211
-17103
-12307
1333
-9445
-12620
16681
2422
-8575
-1823
-588
-18621
-7181
12108
13682
-10053
-2594
-1177
9862
2125
9269
-10744
16202
2623
-6206
13673
21530
13673
-1522
16527
-28903
19968
3468
-18863
-20773
-8918
14344
3494
-4209
11836
1559
8029
-14029
-91
-6520
-4278
9311
-5844
9310
-8113
-13031
2555
-3429
-3180
7041
4906
-3401
7123
11218
-4420
1316
9929
13410
-5141
-1277
-9204
-1137
6914
1600
-13029
18938
8567
-4624
1712
19772
15690
9110
5016
-12805
17844
-3099
-13339
-15613
-8617
-4322
7120
-5039
15997
7496
-9046
1717
12461
-9332
-3061
12682
-13209
5681
-24195
-7149
4109
-6780
-10819
22913
-12759
-6886
4651
-5624
-8286
-11773
5524
1463
-10903
-15249
2155
4004
-1233
6846
-11123
19834
-146
-10398
701
2554
15854
10572
9588
-19979
24505
-9599
-9057
-25560
-28123
-6936
-3428
-17347
2176
15424
-18891
-10856
14718
-8263
-28844
36723
-11488
15043
-6864
-6636
16055
-11714
-1642
3450
-1266
-12343
-7090
3113
486
1263
15353
14709
-17676
10537
-145
3289
-4584
3133
-16140
25370
-3314
-21
14185
30340
12216
1102
7019
-23172
19888
4958
-26112
