21
91
-22
-123
-60
-12
-49
-52
-45
127
127
46
-52
22
-74
-11
-50
-39
44
-127
-98
-38
-127
28
7
-59
-7
-95
-101
113
-1
14
-63
61
46
-123
118
-16
-28
-118
-127
-61
-58
127
-127
45
-55
-127
-4
-110
-2
-62
-116
-127
10
2
-86
76
-19
-39
103
-79
105
127
-40
127
5
-3
50
-69
-15
-127
25
11
55
-88
1
-41
-57
27
127
88
29
-127
-33
59
-86
22
-38
48
52
38
-127
59
-54
20
-45
-87
-9
-127
-20
31
9
-87
15
-127
-16
-74
-127
-48
-117
-48
-71
-87
7
106
-26
82
-68
123
-12
-62
-12
33
-15
9
-17
127
71
-63
33
-120
-126
-80
-103
48
-61
-31
13
48
127
-16
-23
-94
-123
62
-127
-127
-35
-51
127
-13
55
109
50
-12
-16
-127
127
117
-78
17
38
32
-2
-19
23
-26
-127
-99
-127
-60
1
-127
-8
-71
-80
-126
18
-117
-26
-127
-91
73
-55
-83
31
89
26
-126
127
-49
-11
-127
74
-127
-74
-101
-15
109
-46
-32
127
-43
-127
-44
20
95
55
-83
31
-45
-18
127
-26
-105
-2
-78
-20
-102
-39
-2
2
-15
-103
-14
-13
-85
68
65
-37
-127
30
-19
-9
-76
-44
-4
-100
-75
91
-127
-12
-64
127
22
-96
-24
-43
-14
127
-76
114
-40
44
-127
12
-127
7
44
38
-125
-52
93
3
76
-5
-41
-34
-73
-17
-31
28
127
42
-34
98
-65
-29
-4
-10
40
-9
38
1
14
-3
-37
27
-4
-36
2
-60
-38
-1
28
-31
-26
-11
48
0
-92
12
21
-53
-45
59
5
-61
26
3
27
-5
-20
30
33
10
15
-67
-74
-59
-24
46
28
-41
-2
20
16
-17
-35
4
-20
-9
39
-22
10
9
9
60
-34
-18
37
-12
-24
-75
-40
-5
31
-118
25
-79
-78
-69
-34
-40
-63
21
39
3
-12
-127
-127
43
-59
33
-25
91
-127
-19
-36
-19
-67
-26
-100
-23
106
-53
-127
127
11
84
-92
-20
52
-99
-7
-3
55
-27
-29
24
-97
127
23
30
-127
-23
-103
-33
-41
55
-100
-127
109
-15
-42
41
-27
-19
-82
-127
-83
127
108
-28
-60
13
24
56
-6
-52
14
127
68
103
-17
15
-127
-21
63
18
-3
15
52
-25
-38
-39
-35
-43
6
-42
51
31
-17
127
-118
114
-50
127
-19
-72
-90
-61
-25
-108
37
69
29
-73
-78
70
-109
43
24
8
107
73
106
72
25
12
-98
-121
4
-9
-38
39
-74
-42
123
127
-71
21
-59
-19
-29
-24
-93
-43
120
47
51
-111
-121
-95
6
-76
-84
46
-69
-84
-10
-16
50
-9
-76
25
22
101
-32
-64
57
-18
22
9
-26
74
-77
28
-67
10
-97
-70
5
-13
-127
-22
-62
4
-55
21
-25
-16
-29
31
-103
36
103
35
27
-120
-45
-3
-24
-76
-4
-121
46
35
-127
-80
-71
-79
55
1
46
-20
-17
31
-2
22
17
-4
121
-98
-43
-41
-2
-127
-10
19
-88
-30
70
-2
26
5
-105
-33
-47
127
127
-31
-118
55
-31
48
-2
-126
-25
-87
15
-114
-88
-89
15
-37
-111
18
-127
-31
56
-32
121
-11
0
127
-127
16
21
-62
68
-4
-123
-127
33
-57
42
-81
-15
20
-12
49
-72
-41
67
-81
-83
-99
-50
127
15
-127
86
-34
-127
-127
127
54
3
-44
-5
127
-25
-77
-19
127
82
