7
10
0
14
0
5
1
0
6
0
19
19
20
30
12
2
0
50
0
10
0
0
24
0
11
6
13
7
0
9
8
8
0
0
0
19
9
0
3
27
6
0
0
15
4
0
0
0
32
16
0
4
0
13
1
0
0
0
21
10
3
18
0
0
0
28
0
0
33
0
5
0
0
0
5
0
0
0
0
12
9
0
5
18
6
0
8
8
0
0
0
22
39
3
14
0
0
14
0
17
0
7
6
3
17
0
16
31
9
14
17
0
0
0
0
14
0
0
16
9
0
9
14
14
1
3
0
8
0
1
0
17
18
5
0
7
0
0
0
0
0
0
0
0
0
7
0
9
0
0
10
0
0
0
20
8
14
9
0
0
0
9
0
9
0
0
20
0
12
16
16
7
1
0
4
0
10
0
0
13
0
0
0
13
0
0
0
18
13
0
0
0
27
6
0
0
0
17
1
0
0
0
23
6
0
20
0
0
0
28
0
0
20
0
0
0
0
0
7
4
0
0
0
0
0
0
6
14
0
0
10
6
0
0
0
0
22
0
9
0
0
14
1
19
4
0
21
0
14
0
19
17
20
1
22
0
0
0
0
15
0
0
4
12
0
21
6
21
3
16
13
8
20
9
12
19
0
0
0
15
0
0
0
0
3
0
0
0
6
0
3
0
0
0
22
0
0
0
7
0
14
0
7
0
8
0
13
0
34
0
3
0
0
4
5
0
5
0
0
6
20
0
0
6
0
0
0
2
0
10
0
23
34
26
30
0
0
3
0
5
0
7
0
7
0
0
21
5
11
24
2
4
0
15
0
7
0
4
34
0
0
6
25
0
0
0
0
0
0
0
0
19
6
2
0
0
0
0
0
5
2
0
0
0
5
7
0
0
4
0
4
0
2
0
22
13
4
18
0
0
0
7
0
0
14
0
18
0
0
9
7
6
0
0
0
0
3
0
0
14
0
0
10
16
0
0
0
21
26
0
5
0
0
7
0
0
0
0
22
0
25
0
9
31
6
19
0
0
0
21
0
13
0
0
21
8
0
17
10
33
0
15
12
0
0
2
0
20
0
3
0
50
0
0
0
0
0
0
0
0
9
0
0
0
0
3
11
0
0
0
20
0
10
0
0
0
0
23
0
5
0
0
37
0
9
8
18
4
1
0
0
0
7
7
3
20
0
0
0
1
0
0
0
0
10
0
0
0
0
6
0
0
0
0
14
0
0
0
18
5
14
2
0
4
0
0
0
9
11
0
27
0
0
9
25
1
0
0
0
0
5
0
0
18
0
0
0
13
0
1
0
19
15
2
9
0
0
8
0
0
0
0
8
0
5
0
13
11
14
21
17
0
0
42
0
2
0
0
19
1
0
6
6
15
0
0
4
0
0
3
1
15
3
0
0
13
3
0
0
0
0
0
0
0
0
0
10
0
0
0
34
0
0
0
24
3
27
0
0
0
0
0
0
7
2
0
36
0
9
30
28
0
1
0
8
0
10
4
0
18
0
0
0
14
0
0
7
31
12
14
0
0
7
0
0
0
0
0
13
0
0
0
18
0
1
0
0
0
0
13
0
0
2
0
17
0
0
0
16
1
0
0
0
0
5
0
1
16
0
0
0
6
0
0
1
0
4
0
3
0
0
5
0
0
0
7
0
0
23
0
9
18
0
24
14
0
0
42
0
18
0
0
7
30
0
6
7
36
0
0
0
4
0
4
0
19
8
0
1
17
3
0
0
0
0
0
0
0
10
5
0
0
0
0
5
8
0
0
10
3
17
24
19
9
0
43
0
9
0
0
24
0
23
12
20
1
2
0
5
16
10
0
0
22
1
0
0
19
20
0
0
23
27
10
0
0
17
5
3
0
15
0
13
6
14
0
10
0
13
4
19
17
0
39
0
19
7
0
15
6
0
15
14
13
0
3
0
22
20
0
5
18
1
0
0
15
13
7
0
18
31
17
8
0
34
4
2
0
0
0
12
0
0
0
11
0
15
16
27
4
2
67
0
12
30
0
0
0
0
3
0
0
0
0
6
50
17
0
0
13
2
0
0
20
29
2
0
29
40
13
27
0
0
5
0
0
0
0
18
5
26
0
8
27
0
4
22
1
0
0
8
23
0
0
0
35
0
17
15
35
0
0
0
13
0
0
0
13
10
10
1
38
0
0
0
0
0
0
0
0
4
4
0
0
0
14
6
0
4
0
11
16
10
26
22
1
0
29
0
7
0
0
14
9
6
3
13
19
0
0
0
6
0
0
0
18
8
0
0
21
0
0
0
0
0
0
0
0
0
5
0
5
0
0
9
0
6
0
12
7
7
8
0
0
0
0
0
13
0
0
40
9
9
13
18
11
4
0
0
0
0
4
0
18
0
0
0
0
0
0
0
5
0
0
0
0
5
0
0
6
1
4
0
0
0
0
15
6
2
18
0
0
0
0
0
2
0
0
25
0
2
7
13
7
0
0
0
0
11
0
0
15
0
0
0
2
0
4
0
9
24
0
5
0
23
8
0
4
0
0
7
0
0
0
22
1
13
16
0
0
0
32
0
6
15
0
10
0
0
3
11
0
0
3
4
6
10
0
4
19
0
0
0
11
5
0
0
23
26
0
15
0
4
16
0
9
0
7
11
7
21
0
9
33
7
18
51
0
0
0
3
17
4
0
0
20
0
8
4
22
2
6
0
36
7
0
1
17
18
5
2
22
0
0
0
0
0
0
0
0
0
0
0
0
0
0
14
2
9
0
3
16
0
5
12
0
0
0
5
12
0
0
7
39
0
9
13
38
0
0
0
0
0
0
0
10
0
9
0
27
0
0
0
0
0
0
0
0
0
0
0
0
0
0
22
0
0
0
11
0
7
0
0
0
0
6
0
0
10
0
29
0
9
3
22
0
3
0
0
0
1
0
0
12
0
0
0
0
0
2
0
17
32
15
13
0
6
0
0
0
0
0
14
0
0
0
19
0
6
0
0
13
0
14
0
4
0
0
34
0
0
5
32
0
0
0
0
0
0
0
0
13
0
3
0
4
0
0
2
6
5
0
6
2
27
8
0
18
0
7
15
0
0
0
22
21
24
5
34
0
0
0
0
9
40
0
0
0
0
4
10
0
0
6
2
43
16
0
3
19
11
0
12
12
0
1
0
25
28
13
24
0
0
5
0
0
0
12
0
12
13
0
8
24
0
35
24
0
0
36
0
7
0
0
16
25
4
2
9
29
0
2
0
0
0
0
0
18
11
1
0
22
1
0
0
0
0
0
0
0
0
0
3
0
4
0
17
0
0
0
5
0
16
0
0
0
1
0
4
1
10
0
36
0
22
9
10
0
2
0
1
0
19
0
0
12
0
0
0
0
0
15
0
28
40
17
18
0
5
0
12
35
6
0
6
7
15
0
22
5
17
0
0
15
0
0
0
28
0
5
48
2
5
28
31
7
0
11
1
3
15
5
0
27
0
6
0
0
0
2
16
27
16
0
0
8
13
9
0
34
0
14
0
0
19
0
30
18
0
19
0
6
0
0
0
9
10
12
23
0
0
3
8
2
0
8
0
3
4
0
0
22
9
2
11
0
0
22
7
18
8
0
7
0
22
5
0
11
0
17
0
0
27
0
17
27
0
32
0
0
0
17
0
0
17
0
4
3
0
0
1
22
0
5
0
3
0
0
0
19
12
0
20
9
0
0
0
0
5
0
0
0
0
6
0
0
0
0
25
5
6
0
0
21
13
18
37
0
0
2
9
9
0
0
2
25
1
13
9
35
3
13
5
5
7
0
0
14
1
0
0
43
0
0
0
0
0
2
0
0
5
0
4
0
2
0
12
6
0
0
9
0
7
7
33
5
0
52
0
11
6
0
0
0
0
14
5
7
0
0
8
17
23
0
0
15
0
0
0
7
17
0
0
5
26
15
9
0
18
10
25
32
25
0
28
0
19
0
20
0
30
0
4
4
0
25
3
21
11
0
22
0
8
43
3
8
5
0
20
14
42
10
12
16
0
0
0
8
9
0
15
33
32
12
0
0
28
0
10
0
20
0
9
0
7
0
11
0
10
0
19
15
13
44
4
9
41
0
0
0
0
8
0
0
0
0
12
27
33
0
0
16
0
0
3
2
24
11
0
20
34
24
22
0
0
13
0
1
0
0
11
15
41
0
5
44
0
23
56
0
0
3
6
28
0
0
0
32
0
17
7
37
0
8
0
40
3
0
0
18
22
12
2
40
0
0
0
0
0
0
0
0
