0
41
-29
-65
-61
-127
-29
-7
-1
36
-113
30
-2
-64
29
-35
-52
32
46
-34
88
32
76
1
-21
-93
-22
28
22
-32
-18
-36
95
-2
-36
54
-24
6
15
44
4
1
50
-127
-35
18
32
-3
16
-10
-24
17
-71
7
-100
35
-1
22
22
-27
6
-5
79
4
-13
-59
-13
63
-50
5
-18
38
4
89
-13
-1
-9
-81
9
-61
-4
90
42
68
103
39
58
23
-5
-20
-34
75
-15
-78
66
127
91
8
-67
-117
-25
-26
-58
79
47
-28
127
-62
39
96
15
-70
10
-14
53
81
38
71
-9
-53
-99
58
8
67
35
-42
-19
76
-12
-19
-8
-8
-46
-2
62
-60
69
49
-83
63
84
-1
-67
61
64
-63
9
65
-4
-33
-23
-14
74
60
33
-127
78
5
23
-53
-32
-18
-17
17
-56
-16
22
82
48
112
-6
25
-127
-54
24
-111
64
-20
85
-38
-31
-48
19
1
63
-56
-13
14
17
-47
-6
-33
79
-102
-5
81
47
71
3
35
-16
-26
-19
12
35
-38
77
-36
-40
-6
-47
39
-127
-84
4
25
31
-36
1
-56
-34
24
44
-51
95
21
67
55
-91
89
-4
19
112
48
25
-54
7
126
-65
82
49
-6
25
54
-30
-48
-83
-51
-1
2
4
-127
52
-31
4
98
12
-15
-18
32
49
-11
-15
-3
43
20
-12
-21
-23
81
15
-37
-91
10
-11
96
22
73
-127
-74
19
25
-29
-43
-18
-105
-47
50
-3
26
76
-25
36
-80
-26
30
2
24
-87
-15
91
0
59
-57
127
7
-42
-7
-23
14
45
-10
-28
26
12
-7
11
-32
113
-7
49
58
-11
-32
-33
32
19
19
17
57
-14
-46
79
61
-66
77
-1
-38
-44
-74
-16
-13
-35
-127
7
-5
62
-102
71
17
7
-28
-27
6
-28
47
77
21
-65
-44
-60
23
25
2
-56
-2
11
-29
6
-24
-2
21
81
37
-17
-6
-127
36
9
15
-47
-1
-58
-12
-127
68
2
-64
6
-49
62
28
25
29
19
-25
-28
33
-12
-7
17
54
81
-85
69
26
12
-15
-69
-36
88
46
-38
29
59
-47
67
-48
-50
31
21
71
-24
-12
88
51
-48
36
5
-6
127
-22
-19
73
25
114
14
59
-96
-10
-82
-102
-69
-73
11
-2
87
85
30
6
-16
-17
-36
43
19
31
77
14
-123
77
-5
27
99
-31
-63
73
127
40
-17
-30
-58
-7
51
-28
8
-1
-30
-7
17
65
-40
35
-6
-5
56
40
114
63
21
-47
87
30
-26
65
43
14
-117
18
6
-17
-90
-44
-127
-32
-1
-55
-9
18
9
-59
25
22
-42
12
11
3
-45
-77
0
37
-50
30
46
54
-13
-17
5
-51
26
83
127
-20
-56
-42
-53
-32
89
-102
-125
-77
51
-64
32
-51
31
30
65
78
-77
7
124
-29
53
101
-127
54
-46
-37
41
-23
-32
48
41
47
-14
-26
-83
60
56
-18
-72
47
-14
-26
-41
-1
29
71
-49
24
-127
-5
-94
31
-64
13
46
-23
-41
-35
41
-73
-118
-52
118
-79
25
103
-54
-30
59
-93
-22
-5
-78
48
40
13
63
51
34
95
20
-2
22
-5
77
-26
-69
-32
-88
44
77
-102
-127
10
4
106
60
-37
-36
109
19
-58
-94
58
25
-58
-78
50
-8
-38
-5
15
68
-3
7
26
-31
58
40
2
-57
-13
-26
-6
1
27
-21
-12
27
88
-41
-22
-127
57
49
-58
17
3
-41
-10
-10
103
-1
-38
-70
31
-7
23
124
13
-44
-10
-127
117
-53
-34
38
-44
62
26
59
47
-67
-47
-83
-18
65
61
72
16
75
-47
25
-122
-69
16
80
13
-99
30
17
-51
25
3
-127
33
117
-35
-25
68
-58
101
71
30
-5
-58
57
76
85
25
-29
-18
-94
-43
-31
-84
16
-9
-95
-65
-10
31
40
127
71
29
-41
-50
-91
-22
-45
39
47
-28
80
73
34
52
77
83
32
69
5
25
13
-44
-7
33
88
-13
70
78
-24
-68
-44
-31
46
47
-11
-9
-83
65
15
-37
-3
-57
7
5
116
-40
-38
-41
36
24
-29
127
36
21
-62
-117
-46
66
33
-31
83
11
55
78
-61
66
43
-34
78
-76
15
69
-38
-8
51
-46
25
16
-19
65
-82
29
-24
-52
-127
114
53
42
22
53
-12
26
56
37
-78
47
-100
24
0
-74
48
82
-127
-49
-60
116
75
13
-68
64
108
-13
39
14
42
-3
-87
29
25
-8
-38
36
-13
-32
69
127
-23
89
-2
13
-25
-26
43
-64
-49
48
37
-84
-5
53
-64
18
-38
-6
37
36
-4
-82
9
5
24
-101
-94
-36
-8
-110
-4
28
32
-4
-4
-10
59
29
-36
-58
30
76
40
-127
8
6
-34
-8
-14
-74
-60
1
3
-72
19
56
-33
-74
-71
50
-54
-81
-68
-8
-41
99
0
49
69
-1
105
-28
-16
-49
57
-113
-82
21
-28
-31
-37
-23
70
-72
127
-10
10
-73
-5
-65
24
14
-7
97
-5
-17
45
-32
34
12
-73
-15
53
-56
-111
42
-24
46
-39
15
-88
-50
-44
30
-34
22
-51
2
15
127
55
27
-16
16
-61
51
24
50
-29
26
28
-41
-22
-6
127
-51
45
-77
11
10
4
-43
0
38
64
17
-22
-34
18
-8
125
-9
-43
-93
-5
-16
-121
-127
12
17
90
-29
-80
56
-3
69
-46
-15
89
37
78
-41
-38
-34
-24
-6
25
-110
-65
5
-58
-1
-61
-54
55
13
-91
-14
-127
-42
-1
55
111
-21
-73
-98
14
94
-92
45
32
-46
37
-21
72
85
-35
-9
67
51
54
-72
92
25
37
21
-24
-36
41
34
-19
-49
-12
23
4
31
-9
31
-69
13
13
-34
-25
34
74
58
13
95
-45
4
-55
-5
-54
8
127
-21
-54
63
-21
26
9
3
-43
31
-127
-3
-30
1
-16
-63
-9
-34
-95
39
5
45
26
-84
10
122
-27
-24
-20
9
-14
33
38
-21
77
36
-50
2
-59
-10
-50
-99
39
-38
-59
-1
-32
100
116
-127
31
47
-51
-16
-29
-22
-4
18
20
-42
-11
-3
60
-94
38
-17
25
-36
56
-55
-8
34
-16
-37
-24
-38
-37
-60
-35
22
83
34
62
-8
-127
-58
-71
33
-27
26
-63
-48
34
22
58
-86
-11
-14
-57
-12
45
21
127
8
-35
-11
7
-42
-31
26
-65
8
-32
-48
-53
24
11
0
31
14
-23
-17
64
79
-16
-70
-31
-17
1
17
55
17
-70
-7
95
19
23
25
101
36
15
43
-54
88
36
55
5
-11
-38
127
-32
17
115
79
-39
-22
-29
-43
-44
31
24
-105
-77
124
35
-107
-40
4
-37
-35
-37
32
-28
57
60
-14
37
127
-2
21
20
89
-21
32
10
83
-74
63
-54
2
-66
-42
-39
-49
6
62
41
-42
85
-59
75
68
2
11
-14
35
35
-39
-5
23
-51
16
127
64
-3
82
-3
16
39
35
-53
91
71
21
55
31
55
-17
-44
-47
9
91
10
54
-2
12
-91
74
85
49
-123
-88
17
-16
37
-16
-34
-121
77
127
0
3
-103
-43
75
8
-25
-23
12
-48
-53
10
12
-42
-22
-23
127
68
97
-22
-13
58
1
38
84
-62
-91
77
111
72
62
2
-54
-92
12
-20
-16
75
-12
-70
-26
112
75
53
-16
-14
-13
50
117
6
127
19
-57
-9
20
10
23
-23
-115
-32
-17
74
57
-48
-99
-72
39
-98
-47
41
-14
-20
99
55
-41
-23
20
5
27
14
88
16
-25
23
45
35
-37
-58
50
-76
-56
22
29
18
63
-31
-25
15
-4
-22
-38
127
-14
-40
16
50
-1
-26
59
64
-93
-27
58
63
-17
109
-127
82
-77
-65
76
48
32
-3
11
-3
35
-48
-13
-3
-40
31
22
-5
-8
-63
-66
79
-58
12
-33
-15
-11
102
77
-21
49
12
70
-59
-38
33
-24
10
-23
63
28
4
3
-63
-51
-39
-127
-115
9
117
28
-21
17
79
-38
-62
-27
-45
0
-127
33
2
-33
61
79
52
55
-88
-18
-75
45
70
-1
102
-41
-26
-9
40
-31
59
-73
35
95
-35
-28
86
79
42
80
-15
-5
6
24
-61
-1
48
-78
-14
38
5
-52
74
-18
-24
-127
6
103
16
-3
40
34
63
9
-74
35
49
-79
89
-61
-35
-20
5
-37
39
-54
74
22
31
17
-12
-65
5
-55
31
-16
-31
-2
-61
118
55
-12
-63
-127
12
37
-41
-26
19
65
34
0
25
30
-81
-58
-44
-2
45
127
32
-71
-57
-3
59
-79
-13
-14
33
84
-20
83
29
-34
14
-5
-1
-11
6
18
-3
72
10
42
-23
-46
28
36
-36
-7
15
-11
-51
9
-3
85
76
2
-104
-2
37
-62
11
-15
-49
-17
-64
-64
92
-53
-110
31
-127
44
30
15
5
41
114
51
-12
26
-33
-39
68
-23
-26
-101
-9
-47
14
-78
11
-17
-47
19
120
-101
-39
-127
-68
26
28
-83
49
-106
37
-44
1
14
127
23
-10
17
63
-6
62
-60
58
14
23
71
-70
-6
13
-15
-35
80
47
-22
13
-98
29
22
-11
1
-106
-20
114
-1
5
1
57
-59
-127
-9
87
16
91
26
-4
93
12
-58
-15
34
-14
-73
-70
-57
-26
11
-77
-17
-41
5
-107
105
5
112
-70
-75
-93
109
41
49
-12
-1
-51
-78
93
-24
-7
54
5
20
27
-28
59
-95
-42
-36
10
-101
25
-126
-53
67
53
-127
8
33
14
-68
127
17
80
-10
-45
-4
-63
-42
21
24
-44
8
-16
-32
-92
35
14
-44
43
-33
-76
11
-56
-46
43
1
28
-53
-24
51
-26
23
-32
21
-96
-33
79
-84
44
-38
-39
30
-43
89
-124
39
-51
-55
-9
92
-78
-4
82
71
26
96
1
-82
44
-83
9
127
-20
-33
-127
-12
87
-16
-99
-63
68
-61
3
13
-44
-9
12
47
-57
-50
22
2
-68
8
103
-4
12
-13
19
-14
-43
3
-76
-43
-15
-50
-61
-102
-16
35
-19
3
95
80
-74
77
51
-44
-12
47
-67
-25
61
55
127
107
-17
82
17
79
-49
-18
-26
-51
82
8
-41
-28
68
-90
15
-26
-12
-6
109
84
-127
-63
-102
-116
60
18
73
13
13
-4
-87
-11
-52
-115
72
25
69
120
57
82
-18
110
38
-24
-7
82
-6
-5
-38
-52
-83
-76
27
1
-15
-3
-42
-95
-26
39
-48
-95
0
-108
37
68
-64
-18
11
127
-75
-29
53
-81
16
-19
-127
-48
-75
5
99
90
32
69
55
20
-60
11
33
38
19
26
62
17
-29
-46
-4
-54
53
-23
-89
21
14
-13
85
52
62
22
33
-59
6
5
-53
-52
34
-28
29
6
42
-58
42
91
-30
45
3
-34
57
127
101
-83
-77
-74
127
0
6
-36
-23
-77
30
38
-26
-25
-112
-82
39
71
-62
88
-38
-5
-60
-2
49
-85
72
68
-53
43
31
-15
-15
23
27
-17
-39
26
-7
-2
127
32
-44
-41
24
-31
-48
-75
-24
-127
-7
48
-84
-71
-85
21
25
-14
39
-45
-53
-45
62
65
89
-77
-89
-57
-47
-27
-47
51
8
-23
26
88
-52
18
71
77
-89
22
5
-5
48
93
-66
-14
71
-35
-27
127
-14
35
-61
-86
59
-19
20
9
84
12
58
-15
-5
51
-62
-32
-35
-3
14
26
75
127
-7
102
-6
32
21
16
-9
0
-51
-71
84
53
-5
83
-16
-5
-27
-5
-43
11
29
26
-26
24
110
-55
54
-77
-67
-74
-83
52
80
-51
30
9
51
35
-38
-4
72
55
-32
48
-89
35
-34
-9
-55
-55
-14
-12
127
85
-59
25
48
55
0
4
127
64
53
74
-66
-110
-31
-70
29
-27
1
69
-72
14
-79
-72
117
-86
-127
10
51
-25
-28
-112
27
-78
-22
4
15
-13
-102
-52
56
76
102
-44
1
-31
-27
46
-66
-60
85
67
34
-2
-66
2
31
-67
71
-94
-31
-64
32
87
-58
-127
91
-107
-38
56
42
-47
23
-11
-88
-62
-58
-55
-40
-36
-51
127
62
-42
18
-28
-6
0
-14
30
19
52
25
-21
21
-35
-38
9
-34
45
27
6
74
22
-3
6
-81
-6
-13
13
-72
10
-91
-42
127
39
-103
56
-7
0
-19
22
38
-80
-39
20
2
-56
31
-87
45
78
-82
-36
24
-46
-71
-73
-46
-55
37
8
-39
-19
7
-8
-62
-29
43
4
-16
10
-37
127
61
26
-83
-58
35
104
-10
-43
38
-25
7
48
7
-25
-80
16
-106
-76
-28
61
19
-114
-24
-16
-76
-69
-22
-61
23
15
18
56
17
73
70
-34
-127
-98
33
12
-22
32
-26
38
53
120
19
61
14
13
9
48
-50
-30
-76
-8
-24
-86
88
56
-60
-39
17
19
82
-9
-1
-33
13
-10
-100
127
2
9
43
-22
52
-48
97
-9
-53
85
-52
-30
-43
29
-28
47
127
55
32
5
-48
-27
-57
18
-22
-34
-28
58
42
42
-55
-86
100
-47
2
32
27
-7
-87
-65
46
19
0
80
27
96
53
-114
22
-59
-83
70
-5
58
109
26
15
-101
-79
-23
-46
-71
-25
97
-127
-46
90
43
-26
-54
93
-68
-36
38
21
-31
-15
-127
-8
73
-32
38
2
-79
-13
-39
-61
-35
1
-10
-4
6
-68
-25
-46
-54
23
46
26
-25
-16
-20
-53
-15
3
-8
-3
37
-57
-3
-57
-127
48
-25
52
-6
-114
53
29
-25
-53
-38
60
4
60
95
86
35
52
52
-115
30
-39
-7
-69
6
-71
9
-16
67
18
-2
-1
-13
34
-40
-18
41
-20
63
37
73
66
31
14
-127
-45
-1
-8
20
-13
42
-29
50
26
41
-7
-67
6
-1
27
127
56
-19
60
10
45
-82
44
-13
113
75
-6
21
86
-22
-83
15
10
-86
60
-23
-73
44
107
27
-23
4
-5
-24
-62
-4
26
29
58
45
19
-5
48
-64
-5
30
81
41
-30
-47
-13
-14
39
43
-28
-127
-40
15
-51
14
-2
-91
4
-55
127
33
-26
-10
-18
83
88
79
18
13
-61
71
-107
-77
124
-45
-23
-91
-98
2
-7
-19
50
2
-126
38
67
-30
80
-58
-17
14
-10
52
-82
-3
-53
63
-32
-2
96
53
40
-44
-46
35
-54
-57
127
46
-22
106
-53
-9
60
-6
-31
38
-13
-41
-29
-15
-42
-22
46
-60
-127
-39
-3
-6
53
-79
70
20
-92
9
-44
20
-21
-49
-4
109
36
54
-39
33
19
70
-14
-29
-24
8
-40
-121
41
-127
-62
36
-14
25
31
97
11
-23
81
17
3
-5
35
64
62
34
-29
103
-8
88
-69
44
-18
61
-44
-32
-35
-32
4
-1
-38
-3
21
85
-27
-127
38
46
-61
-71
-6
-38
-8
38
-8
-97
3
-61
-52
113
-12
58
109
-15
-58
15
112
-117
35
-27
-37
-34
-57
33
18
-2
3
-34
-9
-56
60
-3
-19
-9
-93
-54
25
32
8
-7
-17
-35
33
53
127
11
-35
-35
-10
37
-19
-33
-39
-22
-20
-24
-57
0
-64
-22
-83
-127
-20
-61
26
21
-27
-44
67
-12
-38
-86
10
76
41
27
6
-34
52
33
-2
-30
6
-38
-39
87
48
48
-38
-21
-3
-20
-4
99
80
-98
13
16
-61
8
-106
39
-59
36
-74
-95
-8
-50
-90
47
-127
-50
-34
107
-25
108
-68
-1
22
-38
-63
-65
-112
-18
-84
-15
-10
-11
-6
69
93
15
69
-65
-2
-64
-10
63
-16
8
-72
-28
36
15
-127
-27
24
-74
-18
-76
-51
64
86
38
-27
25
-16
7
73
-41
26
29
20
39
-75
33
75
-22
5
127
22
1
26
-51
111
40
-10
-35
7
-39
52
-10
0
-6
127
44
-28
-120
13
-81
119
-5
-40
118
-59
5
-13
72
108
-7
-4
-61
53
28
-40
29
46
-111
-56
-14
-7
88
114
-7
-85
-57
88
64
-46
-27
39
-19
41
7
48
89
82
16
14
53
82
-15
-63
-15
8
69
-10
-39
72
-71
11
-87
-127
-8
68
50
67
77
20
112
127
-5
-27
-5
-55
76
-16
18
40
59
-10
4
-23
-21
59
1
-63
5
-11
9
9
14
53
5
27
91
-104
-14
9
-127
52
-2
12
30
60
-91
10
73
52
65
-10
114
-13
-88
101
18
-73
53
-29
66
-9
39
-95
-7
122
-83
-104
81
-8
23
-27
-77
20
-36
55
-3
-53
14
-57
-19
-29
19
33
9
-5
-127
-66
-33
-10
-71
-27
-73
-78
12
-59
42
-12
-43
56
-20
56
78
-28
-49
-52
-6
-40
16
20
96
23
-127
-51
15
29
-78
67
-43
3
74
-18
81
60
-12
-33
58
61
25
28
7
15
26
-23
-103
-93
-20
23
-18
67
78
23
49
39
-4
51
-35
-24
77
-16
-68
127
7
11
-9
-53
-21
69
62
-47
24
14
19
-28
12
124
-2
-49
125
-89
4
12
74
-11
17
1
-3
46
58
-53
-127
1
57
8
44
100
-18
-15
31
76
52
21
-13
-92
48
-13
2
-71
-93
26
-13
8
-15
34
117
55
51
64
55
75
-35
61
23
-127
7
77
92
11
40
-57
-10
55
70
-24
-84
28
-20
23
-4
13
44
-4
86
127
77
-26
88
-37
-3
19
-96
10
97
39
-11
-68
-35
1
-66
-13
-37
-75
31
-28
6
-48
57
-76
25
-58
-41
25
2
-73
-127
6
-125
-89
60
15
-10
99
-5
62
95
122
-4
-10
17
-92
-4
-48
46
-75
-22
-76
-26
71
-62
30
67
-127
-15
14
16
37
0
-91
-45
104
-44
-33
17
20
12
44
17
7
-7
62
22
-33
-25
17
-21
12
-34
-127
50
-2
82
-28
89
47
49
-27
-23
-17
-12
-36
-87
-31
10
26
-20
32
85
-69
-37
-44
-14
-48
0
25
2
-41
-52
127
32
-33
-26
-56
22
-21
64
11
-11
-1
51
-17
78
-14
53
-69
8
127
-9
69
19
-66
-16
-8
-36
-13
81
61
-22
-111
36
111
-71
44
-58
1
-1
-6
89
-51
78
5
-82
100
79
-45
3
34
18
-36
33
-4
64
18
39
-57
16
-121
68
76
104
72
-31
-57
-1
56
8
45
-101
127
18
51
119
0
-12
-62
13
9
30
-54
-52
34
-86
-50
-107
-15
38
-44
-28
45
79
37
-47
35
127
46
100
36
-55
43
60
42
-57
-19
-46
43
-78
36
-127
-47
-99
-46
42
-4
-39
8
-26
79
63
-18
21
20
25
-53
-41
-31
-15
-60
13
-27
36
-9
7
-35
21
47
-3
52
13
-6
-98
-112
-109
-39
-93
82
33
15
-28
-52
-14
19
26
-68
-5
-55
18
17
85
127
-81
-51
-72
-61
30
-87
4
22
-11
57
127
20
-7
-96
-61
-10
-63
-38
2
-12
-39
-16
8
77
-8
81
-33
69
103
-78
88
90
-14
-91
56
-9
6
-33
52
94
79
-84
-24
-80
-127
17
-107
-45
76
62
-38
33
33
52
3
31
51
-4
58
-2
-14
-86
4
9
-24
-84
73
27
-65
36
-1
-51
-45
45
-89
-114
-64
36
69
-14
-99
55
2
59
71
-28
-37
40
-25
-80
95
55
47
-2
92
55
13
-61
-127
-23
-33
19
-20
-9
-12
21
127
0
-67
-115
-71
41
0
50
70
-81
-101
-68
-44
45
25
100
-79
-32
8
-80
19
67
-76
-6
14
9
32
2
25
61
68
-41
-11
31
8
39
-60
37
127
16
90
-32
-24
-11
-47
27
-11
10
77
-1
-9
-1
-26
-52
-50
18
-15
71
76
-120
63
87
10
23
127
-107
-5
-14
-47
-10
32
-72
70
55
43
-13
31
33
18
-104
47
-119
1
-42
20
-35
80
-44
-20
-83
27
-96
-75
66
37
-56
-56
-47
-38
30
-61
11
127
100
0
77
-19
69
-7
43
70
2
20
40
18
-28
80
-1
-58
-25
40
15
22
31
-16
-113
-44
108
-78
-29
0
50
3
68
-33
-20
-12
8
-14
-78
-23
-76
-127
-22
22
-25
-37
-23
3
-43
69
21
-75
76
47
-40
-96
69
-54
-42
4
19
63
110
-94
71
-40
-85
-55
32
-127
-31
35
-84
-45
41
69
-96
-96
-105
31
-62
-19
-73
-81
41
4
7
-51
64
3
115
61
-38
-38
127
83
94
-65
-41
74
-66
71
-76
-62
5
-5
-31
33
3
42
-43
8
90
-115
-84
-73
-103
-23
2
15
2
-13
-17
94
-13
-12
3
-15
9
53
22
61
24
-46
51
47
-42
38
-19
27
-12
-44
-25
-16
-35
-17
-42
18
44
35
18
78
6
127
-33
71
21
-20
36
-11
-72
14
5
60
26
2
-10
-33
34
-2
-2
99
2
9
62
-127
-85
-32
83
36
-109
-49
-47
74
7
-30
-30
-26
-27
28
83
74
-3
61
-49
-5
-95
-36
-36
28
127
35
62
-14
-55
-21
35
-39
-72
-39
-22
46
-60
38
-103
4
-16
-103
3
-50
-38
35
44
-10
-127
-30
59
-46
1
-40
18
-42
-19
-17
-60
71
7
61
45
2
-12
-20
-49
25
25
-13
-57
92
-8
-64
-15
-42
4
7
3
-53
34
81
0
-33
13
-27
116
35
-80
10
-3
-34
95
30
50
49
-20
1
-81
61
4
-11
49
56
-30
25
127
81
-22
-43
35
32
-1
-35
20
-70
11
-12
59
8
27
24
-36
-127
-60
-48
11
-24
101
-119
-64
-36
-23
-53
-18
52
-61
-70
18
-37
30
-62
18
-27
-104
-10
-24
-16
-36
-99
-55
30
8
28
18
-50
-15
35
26
119
53
40
-2
-98
25
43
-127
41
-18
3
27
81
31
33
-24
-74
67
85
52
-13
62
-15
29
-27
-25
22
16
-19
111
127
91
15
7
-17
27
71
-82
-48
-1
40
53
40
-14
-56
51
77
63
-12
67
-19
3
39
79
-66
-1
12
-15
-97
17
-15
-9
3
-88
-58
-13
12
16
-9
16
-8
90
-34
-48
17
127
-19
38
-18
-28
70
91
-16
10
-39
-36
127
8
-29
-37
1
-21
-17
27
19
41
-50
18
2
-72
-43
47
37
0
29
22
-1
-25
43
6
-2
-97
25
-29
2
19
87
-43
36
-24
56
-18
-101
14
-11
38
63
-17
-9
85
36
26
-61
-16
-127
26
98
-109
-50
47
-65
33
-38
-46
-50
-80
79
-8
-23
50
-31
127
51
2
12
-26
3
7
22
-6
6
-57
42
-34
71
6
-52
18
1
-18
-48
28
92
65
-65
-61
-4
88
108
0
127
70
37
13
47
40
48
-59
-90
0
-23
73
64
17
-19
-17
48
30
11
26
24
-11
91
92
53
7
10
-10
-76
-3
-29
30
-41
-24
43
24
-54
-68
-73
-30
101
-94
-6
31
-104
-118
67
45
96
23
-84
18
127
-8
38
-112
51
-99
-54
80
7
-5
72
29
11
28
52
2
16
-78
-17
-127
28
62
3
-9
1
-4
17
56
48
-4
-108
82
-23
-102
-76
73
53
-62
-41
-40
20
-53
37
39
120
-25
-127
-46
50
36
-64
59
62
43
-12
11
98
10
55
-37
43
-15
23
-71
42
-51
-1
44
55
-126
60
-61
-31
7
52
27
120
12
-122
-13
-9
101
-90
65
21
90
108
0
-3
-21
-31
6
22
-48
127
-66
9
112
-6
-50
127
-61
-112
-41
-5
-101
32
75
45
-20
2
-55
-6
44
71
33
-60
15
30
-12
72
101
-51
-101
-109
5
24
-39
90
19
-16
-61
102
8
-14
-19
-97
-22
19
-9
17
69
23
75
55
-7
20
-44
30
-30
23
-8
-43
-11
45
51
127
8
-47
10
69
-45
6
-2
-116
16
-68
7
-41
-119
-25
60
11
27
-54
36
72
-54
28
-60
-35
6
22
50
127
49
43
30
-53
-112
2
94
19
-109
10
-3
-62
28
6
62
18
-21
-92
5
-50
-48
33
-16
-79
-3
0
-59
-24
12
-91
-3
19
89
-39
5
-127
82
20
14
-82
-64
-11
21
-31
-52
-28
91
-14
26
-44
-9
-92
62
33
3
-29
7
40
65
-74
41
-101
0
50
63
-85
-78
-127
-94
68
-109
49
-26
-18
68
127
17
57
15
-66
69
78
74
32
67
-68
-19
-17
78
-103
4
45
76
31
-52
-90
-26
-91
-122
72
-65
36
-89
103
46
31
41
43
117
-47
-124
-39
41
34
-10
22
-3
-73
-49
10
9
84
80
-80
-126
6
6
-76
24
-76
-3
78
-62
67
127
-33
124
-8
-43
27
-127
25
-103
-39
-38
-22
49
-20
-64
38
77
-65
-23
57
97
-37
-51
-24
0
72
86
7
90
-15
108
33
27
45
-30
-104
-71
8
12
-10
12
-61
25
1
65
127
39
-44
49
-29
13
-2
-28
-47
-14
81
9
36
-2
-75
-67
-35
-69
-74
29
6
-87
4
26
31
-59
38
33
-49
-60
53
-36
-4
0
-67
42
111
-4
-36
-3
-127
-45
-39
-24
34
66
-3
5
-2
-26
-7
11
50
-16
-25
-11
-3
10
127
88
2
-9
42
19
-32
41
-38
-70
33
-71
-35
52
-49
56
-32
-49
-46
-8
-125
43
9
-15
21
-44
5
35
10
59
30
-70
-45
27
1
-24
2
111
77
-20
-9
-65
-92
59
8
-35
91
50
127
96
114
-17
-32
58
-70
74
-1
-30
-63
24
3
-30
77
70
-90
-77
-49
-19
70
-36
-2
-127
32
11
119
101
19
35
-46
-34
-3
16
36
53
-39
8
79
38
-33
13
68
-18
43
9
-42
-84
78
127
2
-85
-8
-8
-14
92
-82
32
-66
23
-17
33
-64
60
16
-27
-16
11
-104
-3
19
-14
-7
-2
-31
14
-120
36
61
127
-75
13
-63
-43
65
-76
11
-98
-77
-65
82
-1
23
21
10
-29
14
-43
-37
16
11
-61
-85
-40
29
-104
-38
77
34
38
10
25
-38
-28
-90
-6
81
11
16
12
-13
6
37
86
-73
53
7
26
-39
-10
-121
-106
-127
-83
31
-26
-21
9
60
10
-35
4
46
13
-5
-21
-53
-8
7
15
9
20
-40
75
-30
-52
-5
-65
34
12
38
-4
-42
-58
-32
83
127
-59
-30
41
-18
9
-29
8
77
97
-17
84
-126
-2
-36
96
79
18
-78
-127
-119
123
-24
-79
-54
20
101
-102
-35
-56
-87
10
-32
-118
62
-109
-56
73
55
44
2
-43
30
26
7
-97
50
25
-12
50
-14
-10
-40
2
-23
-37
84
28
-45
22
49
94
-7
19
-15
127
17
14
9
-69
-12
20
71
-100
-65
69
44
3
-63
-3
-127
-51
-4
-29
16
-31
64
37
-69
-10
-29
12
-44
72
18
0
-21
-3
49
16
-13
38
-40
-16
97
-76
-75
-90
-88
63
-67
47
35
-1
-4
31
102
45
69
8
-62
-49
-19
17
-94
26
-74
-105
41
-127
-37
37
12
-4
-12
-41
42
-40
7
-127
-85
-15
55
21
-33
-66
19
11
57
1
18
25
-6
-48
18
-81
-60
-70
-66
-74
75
-94
12
30
-12
55
58
-54
33
-13
-73
-41
-95
2
30
80
30
-49
-54
-63
-77
-13
15
30
-124
-69
14
-72
-37
77
-127
-36
26
-37
59
-93
45
99
75
-35
-11
-47
-36
-41
71
69
-23
61
58
6
9
55
-63
-14
41
-124
86
71
110
63
-11
14
-36
-59
-38
-127
-30
-106
35
-68
62
-36
57
-48
37
30
-25
-6
36
26
-5
23
35
0
-15
44
55
-120
78
1
-14
14
-112
-32
-6
-19
8
-6
-69
26
12
-16
127
-41
23
28
-52
-27
-59
-39
9
51
45
111
102
-36
-53
107
-28
-83
87
-114
-53
-112
-32
-87
-45
-56
12
-4
-104
127
-29
-102
59
-53
-3
-109
41
47
83
-56
-35
-18
-2
10
-6
17
-23
-16
42
-68
-31
90
-30
127
7
52
-79
3
-42
70
-29
-4
-9
-127
-56
78
-13
-21
-84
-10
-38
-60
-37
66
19
-82
127
44
-7
-19
2
-32
25
54
-38
-122
100
-32
19
-82
7
-72
75
58
-40
-46
4
-65
71
-53
-76
-98
-98
35
61
-34
-2
84
68
-6
-118
13
-5
16
-16
-98
113
-59
-73
92
-36
-104
-72
-127
12
-21
18
117
15
-73
-44
-39
-18
5
-73
-23
45
29
0
-10
-5
127
64
-25
58
-22
7
-6
5
-19
-29
-74
-3
41
61
-28
-35
-25
15
-60
-34
-43
-26
-46
73
123
-12
42
7
-6
-45
45
-1
-116
-124
-10
9
30
16
3
-24
27
60
45
-127
81
-83
34
44
-31
-63
-14
-45
25
-35
-95
-16
7
9
4
-37
29
19
84
12
44
-17
-69
-108
-68
-24
67
28
-3
127
68
82
43
24
-2
-24
31
-44
-34
-54
62
10
-127
-66
18
-55
9
-106
-43
39
29
-74
17
-10
21
-20
22
41
-100
-78
-51
29
81
25
-48
-64
-30
74
-103
11
-3
-70
-44
127
-22
39
-39
-5
-13
-6
59
78
-41
-69
-61
-44
38
-36
26
-15
30
53
-2
110
25
-46
73
66
-20
41
-45
73
36
21
51
-2
15
-66
14
-100
-25
-12
28
62
29
-30
76
15
102
-20
-58
-16
-3
-6
26
30
-1
9
-127
33
-18
11
-27
2
-40
-50
-12
-88
-7
101
42
-61
82
76
78
97
81
-2
-27
-54
15
-70
-64
-10
69
45
-13
127
10
19
2
-30
8
-97
99
-18
-49
-29
103
-34
0
50
-5
-92
-96
69
67
27
13
-78
127
4
-48
43
-49
35
20
110
-8
17
-28
1
69
39
-61
27
21
2
32
109
0
7
-43
-9
21
-88
35
44
-43
-7
-42
-4
119
127
-110
34
56
-122
56
5
-31
20
-12
22
80
72
-85
-59
36
-31
-73
17
56
-16
34
127
-19
53
39
-100
-78
-37
-41
-1
-42
-13
45
-95
75
-21
33
-70
-27
-10
36
60
-73
-121
26
102
-16
56
-51
-112
-61
-60
-5
25
-15
-32
5
112
-36
63
16
-90
-6
15
-9
-127
89
-3
-42
30
-9
17
-25
-20
31
25
-15
27
-31
-4
53
-41
67
41
-74
-17
6
4
-29
-45
25
27
42
43
-19
-5
45
25
41
64
-17
0
-15
15
113
-20
-57
-65
11
48
-127
26
13
-15
19
75
-86
-109
114
-12
46
-26
-33
-8
-81
-28
18
-1
58
68
2
-127
3
-23
96
44
-10
-113
-3
29
7
29
-55
-33
57
-31
-18
-51
-18
55
21
2
-7
-26
-10
11
90
9
-19
-24
48
50
-20
-10
53
-29
-11
38
42
-102
-20
-127
-60
-83
-31
43
-74
-66
68
13
63
11
-43
2
-11
21
55
6
40
46
-17
58
74
-12
-20
-36
71
32
34
-25
5
2
46
40
12
-127
6
60
-81
44
18
12
-119
-32
127
-67
-52
21
33
-43
27
-94
125
24
42
-8
-17
87
101
-70
-72
-46
-1
-106
-5
-53
-49
-69
-111
114
-116
-17
-40
-19
23
19
88
-42
-26
-17
-46
-2
36
-127
36
-24
-28
-24
79
-118
-65
-46
-31
66
10
-24
50
39
0
107
-70
-27
75
-79
-9
-76
-55
-17
50
-35
-61
127
23
50
66
9
-9
32
27
59
-63
-63
37
-10
60
95
40
-69
-61
-10
18
27
-20
-56
6
-58
49
58
-46
2
-61
-23
18
-79
-9
-10
-9
-8
-63
127
-41
29
-28
-80
10
-9
-51
24
66
36
-4
107
95
-28
-36
11
41
35
53
77
-19
65
4
36
18
-38
90
13
10
-17
-64
-1
-34
63
-16
16
53
107
-119
12
57
26
-19
20
19
2
74
-72
-16
127
-20
53
-102
-41
76
42
-21
48
105
11
49
64
-2
66
-58
-31
-95
13
124
-28
-37
45
46
41
51
37
8
-43
60
-36
-127
2
42
-127
-36
60
37
26
-42
-59
0
6
17
62
52
50
-62
16
-71
64
-10
-34
103
15
-38
23
67
28
105
-69
70
-44
-12
-31
-2
-127
-14
3
-13
50
21
23
-2
68
14
11
30
30
-84
-25
-11
47
16
27
-15
67
-63
55
74
-14
24
8
-16
-23
59
-2
-14
5
-63
-11
-5
-29
71
8
79
127
-32
-24
-67
-34
100
-41
52
-1
39
51
-36
-1
44
-27
-45
9
-26
48
-90
-8
94
111
-12
