-11171
-1165
51
888
6240
-13801
-12542
16611
-2360
-11230
-18073
9126
-10488
-5244
322
-4866
2820
3011
-11598
12653
3491
-18510
8057
-6245
-4666
-13349
9745
-13713
5118
-9425
-856
5308
20829
-15013
4908
7654
-4751
-5926
10382
-1472
-13004
-11837
-2038
6112
-6343
1197
9977
4353
15041
12225
-16260
5105
8432
-2821
-18519
560
662
-1859
-7372
9659
-11602
-300
-11207
-2236
2671
-9573
-6171
2956
-6200
-20701
-13312
12522
-16709
-4096
1513
-29589
6505
1540
-5997
-2614
19138
-12668
2795
-1801
-14478
-19006
9624
-2539
-16484
-3720
-2344
19339
-12753
-6802
21936
2024
1794
3559
-5057
-5615
7133
-6211
-13448
6383
-2878
3050
-18099
1514
2149
-3726
8635
4140
2188
3440
-8382
18174
-3787
-18946
-1785
2119
-3130
2016
13514
-19904
-3544
-4173
6552
3551
14960
-15910
622
8403
-8137
-2693
6087
-527
-14191
-11874
1449
1928
2092
-175
3372
6954
-8250
11727
-6466
-10448
11931
-10617
-11283
12969
4711
1243
-17703
7867
1480
3033
6375
1718
3597
7325
-5122
18521
-5742
-7415
-519
2608
-8547
-9199
10164
-28649
4733
-4873
9559
-3727
14739
-14466
-513
-1347
-9493
-1963
11342
-1129
-22202
-25619
-525
-5351
-4410
-2057
790
14739
7363
17915
-15726
1016
12956
-7772
-10030
-4235
-3503
-4039
-6674
9387
-1804
-5353
-8689
-2509
1526
-5614
6724
225
-5605
-14801
-11463
16936
-14306
-9555
10996
-33140
11278
3450
10217
2996
5553
-18514
9493
-11775
-2161
-9639
-1025
4092
-15774
-9650
248
7872
-8346
-3315
17336
-75
3120
-1692
-1015
4901
12002
-16094
-12235
1050
-9483
4693
-13757
-2649
-10913
6773
10873
7368
5354
-3854
-6095
10474
-11239
-1627
-9161
1779
-6333
-9765
9839
-15659
-8406
-1259
335
3431
23511
-2467
4297
14095
-13192
-6260
7282
-13268
-20423
-7377
8407
-1674
-312
3658
2427
11705
8106
10424
-13373
1822
6015
-7923
-4821
-5690
5350
10748
-12364
11863
-9588
11278
-3149
-1029
24046
-3110
-6054
17500
-1728
-6156
-16609
8100
-12951
-43
-13965
-27182
8468
-4290
-14544
-9018
3143
-4660
-8671
5809
-18528
-6895
2522
-14845
-25004
-17138
8641
11584
-8491
10069
9596
12589
-5231
6106
-6022
-5273
7060
-10534
-8768
16834
4925
3789
-24690
8453
6499
-11679
7595
-6409
2027
7377
-2958
13848
1834
-22980
978
-2133
-5551
-6972
6484
-18089
-5861
-12795
6039
-1871
12789
-23667
-2986
206
-925
-6851
225
5586
-15337
-19370
-3195
3995
1640
-4842
-6711
10756
6334
17113
-21275
-754
17392
-10878
-22068
-504
-1918
486
-12183
10151
-110
-10729
-4513
-7002
-3563
464
-790
8680
-11058
-19974
-13635
13240
-17444
-8067
4316
-40998
8403
3453
11054
-5969
13688
-15922
8535
-12429
-6394
-8070
-3965
-3289
-10776
-7082
1145
3642
-7903
-5285
13307
-4062
-4363
-2725
-5253
2557
9963
-29585
-11925
3711
-10579
-6121
-26057
1037
-7982
-2139
10085
852
5478
7982
-5509
15804
1573
-13863
-9396
-5539
-4683
-17251
18529
-21322
2170
266
32140
-3621
17814
-15944
6690
-3876
1106
7672
8753
-3975
-14178
6
9787
7007
4991
13893
7264
4551
-5366
11671
841
4894
10222
-9551
-9663
6721
-5802
2849
-16167
7651
3859
6154
4098
3070
9232
1041
-5492
3515
-3402
-3465
-17195
11601
-394
-13011
4412
-19533
-9793
-2212
11967
-4715
5800
-3521
703
910
-15466
-2846
-872
9668
-35919
-697
1848
-7448
-796
-8872
1552
4351
1316
7028
-9085
-1422
12141
-2901
-14230
5717
-99
-403
-14092
5217
3403
1807
4767
6507
5422
-759
-5083
15068
-617
-12015
-14705
10895
-5000
-6254
9318
-25482
-4369
-8792
12861
-7161
8156
-14973
-357
-6154
-15832
1156
2239
5544
-31790
-1822
47
766
-2701
2739
7650
6536
-6034
6647
-4965
9121
3643
-16989
-10801
8847
-7485
-3882
-21257
-1325
-1198
-6933
-3302
-585
-2345
10005
-15902
11032
-1921
-14445
33
-189
-8152
-12121
8756
-19712
-1078
8536
12519
1306
18371
-17275
9451
16291
-13752
6788
3286
3751
-7913
-7271
10737
-4330
-1552
-1154
3332
3636
-6316
10692
-7088
-4554
19907
-18033
-10232
17541
630
4759
-23398
5368
1701
-716
4920
3745
11703
5691
-2776
15665
2582
-10764
-16029
5895
-11273
-19946
-349
-29702
-3181
-4029
21800
-23480
9505
-7577
-11012
-4859
-15523
2906
-6312
2001
-33187
-4061
1033
-9975
2855
3544
-63
18788
665
8095
-10737
6088
9720
-8343
-3058
1034
-6295
-5891
-10262
3536
3701
5387
3337
-3035
1562
-1352
4806
8188
2203
-6632
-16021
13493
-5060
-12488
-3532
-25284
716
-8645
19063
-12453
2975
-6636
-5228
-10212
-7732
8089
-9056
9762
-24991
2938
7133
-5435
-4119
-457
10856
2248
-3114
7039
1131
2180
-3142
-21391
-12406
-4290
-5985
-5618
-13045
6800
719
4402
7366
-1220
3119
11868
-8806
12699
-10597
-11684
-16792
6483
2829
-2902
23463
-15660
2291
-8601
10928
15543
20350
-16627
23154
5844
-3937
-9522
15222
164
-11474
-3393
3959
-1470
-1280
-4625
6146
-3175
5389
8076
3959
4473
5371
-10716
-14512
22814
4438
-1150
-14014
6613
-16137
5152
-4207
-4551
3813
6395
-16049
7289
6144
-9255
-1687
14
-1558
-4263
-1104
-21648
4172
251
-13954
-4842
26343
-17960
-2386
9333
-17735
-10009
22973
-6296
-26933
-12537
10427
16004
-4482
3068
7878
10822
5497
322
3995
1181
-5520
-618
-8585
-5019
2447
1381
-6002
11137
-17613
4266
-1062
3846
8815
-10270
-7922
14864
-4420
-8131
-9763
5958
-5435
1949
2793
-14059
-3671
-12590
-5492
6409
23218
-6756
2484
7671
-20278
-3513
17566
-19875
-25924
3928
11613
10899
3701
4993
7110
7086
9253
-4268
-262
8584
-133
-5631
-14984
4562
1959
-11450
-5166
11566
-27600
11315
-4451
524
20551
-2968
-15737
14143
-5370
-18815
-9623
3925
-4239
1394
-951
-16264
7719
-8133
-27480
3489
26151
-2434
4498
13701
-18852
-9845
25215
-17171
-19958
-5638
1920
26431
-12999
13385
22030
2571
134
-1268
-11299
-5674
367
-14557
-2650
-16520
2089
4036
-6836
-3022
-3548
640
11421
-8343
7290
2824
-7483
23019
-4863
-6839
-8985
-3310
-2597
-3351
13735
-14723
4568
-17348
19036
1445
18407
-8922
751
2536
-7802
-12456
14015
-8782
172
-2872
-3558
2898
-1541
4086
7284
-1080
-4317
-184
-3190
2315
8601
-11670
-8470
14895
-3901
-3748
-7910
-4752
-602
-4571
248
-2331
3848
14508
-14690
10492
5097
-7718
-245
2024
-2030
-5879
16286
-9543
2073
-5548
4241
2448
14966
-11892
6168
10172
-7363
-3911
10115
6609
-12938
-8457
-2122
5645
-4961
6061
3675
3303
-11104
11775
-3768
-6353
13982
-16274
-5528
15669
6879
6738
-15772
5340
8106
7115
5271
2104
7219
10698
-7256
11372
813
-11709
-10587
6655
-6743
-9797
5968
-28952
-8299
-2643
12328
-10012
5538
-8643
3250
4090
-2057
99
7589
2916
-28226
-13768
2624
-6316
1489
-1308
-8222
17594
694
18125
-13435
-6995
5975
-5722
-7518
5434
5960
1664
-6496
13656
11403
-1877
5075
1780
2104
7503
-1861
10636
-12553
-5978
-13348
18452
-12309
-9450
3837
-31918
6545
3419
1680
-1430
7355
-20003
3656
-12075
-1110
-5533
6783
2367
-20047
-16142
-2335
3433
-8909
-5978
7996
9279
5155
1901
-5636
3207
4116
-11327
-10350
3473
-7413
-10574
-13388
7153
-14073
2159
530
-1457
11029
-4095
-2858
14190
-5438
-19314
-18659
7900
-9711
-9997
4512
-23041
3012
-12001
2159
2983
18100
-12129
8906
-200
-6984
3980
5632
-4231
-16023
-151
1672
12797
-4026
4888
12716
5761
8638
-5828
-5761
3206
2623
-12791
-8144
-4015
-2225
-768
-8676
-5687
-10915
2832
9086
-795
12957
7861
-11241
16496
-7837
-8770
-4051
-3675
-1452
445
13480
-11303
4050
-5152
-4801
6305
20803
-7741
5218
13235
-8310
-14874
19890
-11912
-6652
-12426
3925
14183
-5505
11664
10078
1103
-6340
4435
-6619
2013
-1334
-22041
4552
-9495
4837
7692
-14477
-34
12641
1247
15285
-5267
4097
8990
-6661
18609
1032
-81
-11296
-4586
-1009
-9030
7936
-17247
4494
-13938
25213
3828
10275
-15442
7479
1885
2173
-821
-695
-4377
-5743
-7628
3975
-9145
580
2811
-4505
4154
-3075
20207
-11721
5283
8685
-10419
-927
13255
16023
14264
-18524
10443
2507
4793
-5493
-13087
12887
6054
-760
8155
8625
-8767
-16746
6900
-10993
-4484
-14557
-29007
-2367
-7280
5606
-23358
7645
-12544
-14935
-5055
-11337
-5571
-2435
5238
-32496
-4681
3154
4332
-5085
-3519
-1550
19451
-9081
5426
-5719
-5083
8403
-2197
3651
3479
8342
1741
-13585
11707
8532
-122
12763
-7639
6038
-2265
-191
14269
5941
-15284
-11941
10525
799
-12812
-3500
-13256
-4866
-15315
19583
-12257
3232
-12109
-13131
-17096
-7222
-16
-6113
13184
-18896
3672
-9084
859
3126
109
958
7275
9713
-1316
-6116
-3361
10857
686
-20732
4893
-7133
-402
-7105
5326
-16796
1415
5725
6904
20934
-5467
-8061
13701
-9657
-12235
-4821
4585
-11993
3307
4416
-16469
-103
-10221
-23735
5288
18920
-6530
-486
13816
-14591
-10983
11413
-17035
-14978
-16905
-5165
14326
-12725
7890
18011
11591
-9435
-4493
-1764
6865
-249
-22939
-5125
8115
2606
-324
-15584
3045
-747
-2556
6252
-8729
-931
19798
-12805
12532
8528
-10130
7146
-7806
1411
-7828
10906
-10604
4836
-451
9963
6557
12335
-17761
10567
11334
1956
-2002
10717
336
-4443
-15671
5476
6424
-496
5300
-2215
-645
-8532
22773
-10359
-4418
3846
-8326
-3871
11477
16685
17082
-13440
18092
1244
7548
-3855
-4973
24350
8417
-3379
9998
-5876
-4602
-13079
7633
-11624
3446
-18000
-24133
-6446
-4956
-15751
-11814
2483
-6680
-9403
1427
-6732
2705
3023
-10598
-34288
-14426
5492
524
-3381
-1896
-1338
24995
-4899
-1796
4116
-7356
1360
-9722
-9909
15128
-1726
1421
-20402
14290
1778
-1155
14625
11148
10955
559
1601
17586
-2074
-13403
-10487
-1528
-1127
-8821
5975
-7489
-14127
-14552
6396
-4380
14875
-14256
-7661
-1821
-10469
3828
5324
-701
-30293
-8553
-2351
-2470
9223
-426
730
16666
3535
7778
-8762
-7294
2406
-2707
-20194
-103
-3277
-6521
-12035
16086
5873
-4643
10715
4624
-4228
5435
580
17046
-11397
-22278
-3792
9112
1260
9898
13405
-18126
-3604
-6152
6400
7262
4653
-17141
6843
-12899
-4654
6400
708
2404
-19575
-21042
-1486
-957
1022
-4253
13453
-6676
6207
4227
-14745
-5964
12393
-8821
-17317
2759
-4150
-12098
1984
3063
-876
-8617
-1930
9060
5535
5946
-5700
1008
-18979
-17131
-4559
17315
-3474
-1945
23690
-22929
9417
9408
3436
10192
5650
-13034
18658
-5939
4156
168
11505
2552
-6438
-7278
-3722
10811
-3913
8681
21141
-1298
1391
-206
-575
7079
7195
-27624
-8010
469
609
8209
-13081
-7794
-6182
3946
8524
-2091
6634
8065
-11758
11602
5836
1451
-11222
-8820
-2911
-10066
14864
-17983
5497
-3524
4649
78
24247
-12676
8124
13229
-6398
-11905
14513
-15363
-13086
-6513
11618
6053
-2321
14607
-1594
9072
4191
12102
-4413
6822
-6347
-16021
-9170
8874
-2716
2111
-7558
7171
-18932
6232
-9587
-7619
12269
7672
-8071
10260
-1681
-13439
-12793
9949
-10689
-1920
-5316
-18910
5300
-5162
-22835
-4584
26495
-2747
3211
14418
-22838
-14687
21929
-18963
-18587
-3828
17004
11881
-7877
-368
6887
11364
6393
-352
918
4979
7180
-14839
-17539
-300
-3834
3984
-8414
10834
-17712
15255
4616
14418
12950
-5158
-11067
12159
-19368
-6955
-20110
8709
-13162
-7382
1933
-17018
-9886
5376
-4190
-8248
28495
12765
-4325
16262
-29118
-11826
21096
-24900
-25384
-1921
3404
-4376
855
541
2423
12998
17607
-3144
-2773
10684
-7197
-1720
-8316
-8574
-10012
-8582
85
9677
-23979
8998
-9006
312
14677
-4714
-9974
10263
-1150
-8708
-10967
11642
-6335
1071
-7274
-8183
9554
-1055
-28217
-701
16167
10817
-2453
10333
-18546
-6265
11246
-22442
-17048
-1484
8106
19116
-6460
5531
21133
-5395
9886
-6127
-4607
-3860
-5579
-15036
-8911
-8985
-1815
-1165
-9869
-8461
-8595
1871
13905
1893
11640
7643
-13867
22994
-9591
-8270
-6883
-5029
4409
4580
19009
-10176
8634
-13803
-3005
11066
27238
-14242
9507
11618
-8484
-12623
24908
-18189
-3855
-8996
7739
13506
-2125
14922
12210
-586
