-2652
-1270
-2782
1553
-1212
1694
-106
-256
0
-1254
0
-209
-3729
525
2008
-2047
0
684
-2015
928
0
140
-380
4113
2504
526
6750
-1340
0
104
-3024
-141
-2370
-2188
-499
3285
36
-2127
-249
-977
1179
-574
-535
1373
-908
10
1532
752
718
-1204
-1457
0
-494
-720
-1984
-2882
-56
8382
-762
0
-752
5056
-5015
3348
429
-1094
-108
4990
-2141
-2593
112
366
0
-3211
0
-1287
-610
-1508
14
-2438
0
-2008
-1968
-842
0
4523
-341
-4170
3707
585
1527
-5981
0
2312
-1036
207
-300
938
400
892
-18
1461
-289
-589
392
-1898
-2044
-426
-6787
3329
1340
1016
41
-532
-1040
0
-1777
-536
-8
-379
243
-8456
-738
0
-1968
-366
-1760
4386
0
-1404
-1948
3205
-373
-5269
-2492
-128
2467
-1609
-14
159
-10
-1320
2057
0
-1063
311
-1653
-62
413
-894
-2
-2160
-1145
0
856
-2215
0
0
-758
0
-2509
551
0
9
-252
180
-711
3271
285
-28
-280
458
2690
-514
0
696
445
-542
1547
0
-752
465
550
2739
0
-4753
-58
0
-2368
-605
-4563
2560
0
-1776
-387
921
1184
1717
-2790
508
1796
-1374
783
-623
-1113
-1235
423
0
138
-49
-3475
-1744
455
-742
-65
-819
430
0
4230
397
0
-78
-696
0
-1934
-1634
-381
2874
138
330
723
2131
1098
-250
1023
481
923
1020
144
1418
57
-1002
-1390
0
-2167
-450
-721
-2217
13
-1977
142
508
-2425
2376
-4738
1928
0
-3820
946
760
203
-2083
-984
320
2322
-1768
-156
-234
459
-2793
322
0
-542
-2130
-1469
-3708
-476
5254
-209
-572
1704
0
1142
-2876
0
182
-940
0
-741
1748
-57
2073
-14
1050
-545
-278
896
-328
-1397
-806
-5563
1261
-172
1994
-687
780
-1511
0
-1467
-335
-551
390
0
-932
-39
-32
-1899
54
-1395
792
-4017
3858
567
1668
2477
5433
-1406
-1832
0
-2872
0
-495
1901
-4884
-414
2921
0
2306
-1189
2874
0
215
2652
-2985
-5423
744
3639
470
0
240
-2072
-93
330
-2291
-2400
2419
-567
678
-412
-888
702
-2939
317
14
3063
174
1556
-512
343
-1586
-584
0
-1515
896
-4896
-4274
-150
10424
-642
0
-1408
7034
-2640
3518
-3630
3306
-747
255
-193
-232
-1531
-223
0
-3384
254
-539
-489
-4290
2620
1334
66
-1538
-724
-447
0
482
1631
3098
-422
52
2739
-1930
0
266
-5656
-213
7950
2100
-296
1030
0
-424
3008
-805
-962
-3732
1598
-1164
-6753
1937
1284
576
-1166
-2322
-1744
0
-838
-648
-3586
-1439
-85
-5912
-234
0
-5136
903
-755
4559
3429
-775
-2790
1845
1843
1874
-2091
2919
65
-1509
1044
0
-1777
-1537
2296
-376
-456
-1235
-2502
1194
264
-11
-29
-5478
153
0
4785
-920
0
2215
-955
0
-2277
450
-508
1937
675
713
460
1603
368
0
-1737
-18
-1766
-140
628
0
194
966
1394
0
388
93
-85
8
-98
356
-681
1905
-627
2536
-3487
7752
0
-2278
-567
471
2154
-3850
-930
3023
673
-1794
-269
0
-487
-2410
259
-356
-2237
1002
-2391
-1431
745
2149
-3
-3976
1068
0
2321
-4669
0
508
-560
0
-1355
0
-76
3190
-172
1068
-496
-271
732
0
-562
-266
-2798
956
508
0
85
-384
-1282
0
-800
-90
-1607
-803
0
-1758
-258
-120
-844
535
-3369
3420
0
-979
-651
2898
-368
-1271
-2457
1724
1845
-3265
1482
95
-309
-305
1426
-424
616
-96
65
-3552
2315
-2233
0
-1639
1456
0
403
641
0
-42
-744
-273
84
0
-40
269
-704
-1899
-376
1345
4068
0
163
-1038
2502
-87
216
232
-40
-135
-1068
0
-542
-67
-368
3504
375
-5104
-801
-210
88
-1446
-5799
1586
0
-2121
-3056
2659
795
4022
-5009
-2370
4912
-2011
3142
-23
-1015
-6170
63
0
616
653
-2413
3416
4988
2242
688
969
2439
0
2368
-1606
0
937
-465
-6324
2729
-1469
802
3234
-96
792
769
-9
2527
-2141
-118
-944
897
148
821
2880
1999
-2358
-4425
-1245
-2451
52
-7158
-3169
-3
-5912
-2918
467
-4145
3214
-4799
828
-3060
834
-789
359
-1030
-651
-3284
-2103
8278
-1865
2837
-836
-3118
-4479
2300
0
-3170
-2845
-682
1389
-629
1327
891
5039
1892
0
2769
-787
0
24
-4584
-7240
5286
-790
2567
1390
0
-4253
-950
-1006
1128
-1014
-1473
-1467
-4908
683
320
5289
939
-3140
-3902
-480
-2171
-457
-3526
-1082
-28
1093
-4855
198
-5010
378
-1759
1730
975
-2214
-4003
938
-1234
-2523
-3945
4516
-517
-4852
-42
0
-2716
-2597
154
-1246
-1189
-371
421
-356
889
-2791
63
-6384
-2985
0
4898
-3484
0
38
1432
0
-548
-1356
533
5722
0
-263
70
2523
254
0
308
-1550
2749
-362
762
0
473
-515
-101
0
729
0
-3033
-1959
0
-5791
411
0
-302
438
-2399
2345
2622
1083
-5029
4771
1423
4051
-4583
3387
-441
-3271
-402
0
-813
-2477
1383
-1700
769
-870
-2080
-102
185
907
127
-1366
-2037
0
4166
187
0
1026
-2956
0
-511
1656
-428
4052
-610
-386
-398
650
1342
0
415
-989
414
-49
688
0
-832
-3660
1641
0
-706
125
-5271
-1275
-42
-1414
-277
1245
-1052
3425
-2563
7088
0
-585
-3385
2766
1901
-2461
-7060
-1676
-975
-4006
-564
0
-1750
-3572
-357
508
-682
-940
-2293
-682
-1214
3728
127
381
-661
0
5495
-3051
0
92
-621
0
4042
300
-28
4466
-9
-1975
1637
-646
1700
0
-576
-1650
-2548
668
468
0
-1043
-527
-3204
0
-2019
112
-4994
-3111
-196
-2957
-857
495
-1099
2712
-1339
3051
0
-405
-384
1509
-1228
-3221
-6452
549
-3560
-3139
488
762
808
-2292
-1838
0
-7573
-733
-531
-1301
3718
-2240
102
-3906
-1101
0
946
-2964
0
0
235
-1030
-1761
266
-2921
3103
17
1003
1162
-1428
519
-112
-213
-647
-187
-39
0
-2470
-85
1413
678
1905
-274
372
1843
2537
0
-653
-1265
0
-127
-1629
-3823
368
0
2148
-1436
98
726
3173
-5438
179
-3686
-1295
779
-114
2372
-3995
-734
0
-4183
226
-465
-2286
3572
-547
0
-945
-209
0
401
-1445
0
208
-1224
-901
-329
410
-1199
3706
0
-456
-280
-992
2412
-407
-312
-1561
2931
-419
635
-3486
405
-749
276
-810
-3228
-360
294
520
0
-2044
-1540
1143
-1281
0
-4584
1642
-4635
4680
380
-276
-218
121
-4852
309
-2947
-818
674
-702
-191
-4613
-976
0
-4337
918
300
0
1327
9
0
-3558
1828
0
1562
-1746
0
469
-4566
-3481
-201
-998
-1106
2505
0
416
-202
42
938
-1694
-149
-2497
36
174
150
-212
1746
-2021
-3198
-780
-1509
-268
-941
-1738
0
2025
-2556
2468
-6360
0
-1913
4628
-2070
1575
991
-252
-84
-732
-1688
4549
-1078
-41
-1773
0
19
-2504
-309
0
3060
-2004
273
0
22
-11
0
-2039
1538
0
1430
-109
0
362
-3328
-2670
-52
-188
-174
1349
0
2030
2127
-36
-532
-1359
656
-2510
-3960
704
290
658
-1187
-1851
-391
0
-19
0
349
201
0
-3013
358
-286
-3432
0
-209
2219
66
51
617
2330
-345
1932
105
-720
0
-481
0
0
-2447
728
-102
-1464
0
-792
-508
-1009
0
-210
4
-2122
970
34
476
909
975
224
-185
0
-509
-2753
0
4321
0
0
-24
-1105
0
-128
-472
50
-1678
44
0
962
191
-394
-2086
0
-405
0
-692
-37
0
5761
-123
0
0
-132
-1493
3530
-327
-2317
-5019
2315
735
-1622
-6296
-2213
-223
-3364
-68
0
-566
-2703
-264
1689
-1039
-348
-1231
807
616
-1743
0
-722
346
0
2423
-1796
0
-35
3840
0
-16
-2142
120
6745
1016
-423
44
-790
1008
0
-1648
-740
559
20
0
0
766
1750
-116
0
663
-714
-1790
-901
255
-1135
0
0
-440
2933
-3362
1418
1761
-1435
-4772
7392
-864
4642
-6635
674
-579
-7357
-52
0
2277
-4798
-2160
84
-2018
-2370
-2378
-1036
301
6656
0
-2029
-32
0
4138
-3664
0
45
4914
0
-1436
864
164
7457
699
-423
264
689
81
0
-342
-3240
-3451
-43
-96
0
1940
2515
750
0
-1776
-1829
-3850
-1049
335
-11616
0
0
-1345
860
-1457
-2521
0
-1253
-567
665
1270
-4361
-4400
-1521
-110
-4314
0
0
1058
-5431
-1107
-551
-906
806
-48
-539
-42
690
-3
-3647
-39
0
3602
-5914
0
-2
-627
0
-1703
174
376
4887
-1284
242
732
-622
58
0
-694
-3088
-4076
324
-248
0
295
782
-666
0
-1393
-309
-2404
-1677
715
1773
-535
0
-2120
757
-1190
1514
0
-2606
1475
-1004
590
-3178
-1084
2459
-590
-3096
-340
0
4
-1278
-2134
-370
-72
-2170
535
-355
-1440
-1622
-87
-2910
-2623
0
2334
378
0
36
-714
-403
-518
-516
0
824
-867
950
-559
-692
2999
0
-154
-3712
-647
1274
-156
-360
-120
-461
-2592
0
-38
-13
1683
347
635
-7552
-546
0
-941
-1354
463
403
-276
1683
1530
777
1341
3550
-766
1270
0
-1001
0
0
1415
-3302
-150
3522
0
-926
-148
61
0
504
178
-494
-595
52
77
1263
1079
26
-200
0
-52
-1925
0
2513
0
0
-32
-457
0
-1016
-496
-161
809
110
0
-1548
5753
149
-1161
0
-820
0
-1650
-31
0
7162
-39
0
0
22
-832
1655
-21
-2374
-5447
1475
279
-2864
-4048
-304
972
-6628
0
0
692
-1378
-1846
-1045
-16
721
-2100
1926
1148
-1701
78
95
2716
0
3444
-548
0
89
540
-508
-904
0
212
5253
794
0
748
-1433
2040
-744
0
-1030
369
112
-264
986
0
669
1171
-418
-383
1149
-3276
-160
-19
4235
0
0
-1466
4944
-6391
492
168
-3401
-3927
3952
-741
2386
-2379
-457
2299
-8457
2667
0
629
-3801
-3160
-498
-403
-1399
-3960
2191
2563
5286
204
-1645
4007
0
4395
-2447
0
658
1062
-40
-1576
0
908
6990
-168
0
780
3394
956
-3088
2902
-3826
-5989
-111
-498
2758
940
1826
-1779
-951
-2122
-1548
-1479
-1834
92
-16485
0
0
-4095
731
-4061
-2978
0
-1267
-2549
-236
558
-827
-4403
655
3022
-5682
1568
0
951
-1958
-1802
381
-681
1948
-1950
1045
163
790
186
-1907
2356
0
4288
-2936
0
224
1470
0
1155
-102
2546
5583
1018
-161
-1143
-540
711
-600
-4322
-3311
-4031
-112
-823
4039
176
1811
165
-435
190
-1220
-2190
-3236
798
2795
-195
0
-3670
458
-618
-634
-1518
0
2835
0
1593
1470
70
5080
0
-286
0
0
-527
0
6
2667
0
0
-851
-200
0
0
-609
-1364
175
68
242
5207
924
0
-880
0
-728
-3354
-209
560
0
910
-24
0
0
0
0
-70
-74
0
0
0
-184
0
-828
0
0
-2250
4485
-81
0
0
-195
0
0
64
0
1950
0
405
-4665
1310
-451
63
-5369
-720
1217
-5945
1591
168
1881
-2562
996
5
160
1892
-2810
63
7334
-223
-174
0
1947
0
1914
-2216
0
210
-972
-2154
-488
100
-2756
4874
-99
0
497
-617
3202
-1172
438
-1022
2179
94
968
1878
105
-1781
-712
1017
-121
1774
-2131
-250
-15
7590
-2270
0
-2292
4883
-9164
20
-884
546
-3543
432
-422
4168
-5844
-1518
4528
-6196
4622
604
-990
-5118
818
-364
-686
-3199
-4082
87
9212
823
-18
2565
2892
0
3157
-2477
0
2096
-4329
-4675
-237
2096
1250
5032
-738
-1397
-211
-1006
1372
-1357
1053
-3705
-5099
-168
1630
3136
1055
-3517
-2850
-1335
-975
788
559
-509
-58
-14149
-4661
195
-3096
-80
-5265
1916
-4481
2547
-1323
-18
271
1123
-5334
-7613
6620
-2682
1950
47
-2362
-5401
1912
-213
-3273
-2801
-4642
1377
-227
1224
0
5831
2396
0
3919
-945
0
37
-9091
-6424
799
-3119
2438
3192
373
-3679
-367
-812
917
-1466
-1740
-2873
-1865
-256
1564
4712
2170
-2410
2321
-1029
-1367
-1009
-932
-1890
-146
5170
-5424
37
-4407
-1677
-1619
4764
1884
561
432
-292
368
-1504
-2162
93
6135
-287
-410
-984
-675
-4795
-267
-579
-4853
398
-3750
2657
-2538
644
0
-8294
1762
0
2019
-5586
0
3633
-2997
-5500
-882
-5937
2240
1236
748
1721
502
-630
158
-2571
-7246
-3180
-3263
1359
886
4107
-478
638
156
-84
-644
-351
-1955
-1204
-20
-4727
-1600
-923
-4864
1557
-572
6888
8406
-6
1750
1047
186
0
146
5960
2677
0
-1183
0
181
-572
546
1270
-3710
-152
573
-2899
0
0
0
-7080
88
0
533
-1764
0
5461
-506
-400
-277
1400
1750
-152
244
1498
-88
0
0
0
-1680
-2306
-1110
965
324
0
-418
2940
-1771
0
-2517
-201
2093
4716
351
919
1475
-525
-1105
-456
0
7078
0
1503
-517
-27
921
1264
-2139
1270
-3809
-3853
745
381
2187
-1360
-11
112
-7933
1865
-1281
0
2960
-327
762
0
-4605
0
749
389
0
6
-666
-424
-49
58
-5616
2267
-366
0
-71
-403
1341
-268
176
-1076
2596
60
1397
-3350
-40
-2596
2284
2205
-350
840
42
-370
-14
4878
-1654
0
-21
1862
-3534
396
-1339
1653
-533
-1370
911
2732
-1561
-1723
-5812
-2539
870
959
1300
-3511
-285
90
-6124
382
-1914
0
3268
-1215
6
-1701
-5519
0
855
-2395
0
365
-3098
-1992
1428
1191
-3799
3522
-6
242
-363
-1609
125
-2007
-2106
-2633
-4254
-123
1219
-4510
-315
-4435
-2478
-350
-2287
-114
-2410
-747
3
-6455
-2889
1651
-845
-62
-2450
2492
-7602
2415
-381
-272
959
-72
-3032
-832
-4121
-820
-1089
-503
1873
-3210
-368
0
-3493
-1646
-1451
1751
1012
451
0
-4905
-1822
0
2421
-3120
0
532
-7436
-1907
620
-2234
-3575
2319
-339
1534
1429
141
474
-6044
-1213
-2833
-640
-143
1610
-2630
3889
-6975
-816
-807
-2543
-203
-339
-3205
-39
2797
-2488
3071
-5706
160
-1188
6345
-2204
1518
-1049
-1382
96
-610
-2811
8696
-1581
0
-2824
-936
-509
-1718
-1080
-850
2038
-791
-199
4168
84
-253
0
-2623
-130
0
2658
531
0
419
-5526
-2154
287
-492
-1368
1502
-1323
1365
2070
34
-188
-4419
910
-4556
-1130
161
586
112
-2024
-3937
930
-73
-1781
336
-1176
-2334
-197
-4097
1100
-382
-5625
1989
253
2297
0
18
2940
1947
236
798
84
0
0
-325
0
0
-682
420
27
2794
0
-1456
0
-600
0
-195
-261
-1012
112
0
0
2921
588
0
0
0
-532
-1634
0
1288
0
0
0
-1058
0
-80
203
0
-48
24
0
-640
-400
-250
-621
0
-490
0
2925
-45
0
4026
0
0
0
0
-402
1700
