-75
82
55
24
69
-127
62
31
56
79
-54
61
-121
42
58
-95
2
-6
-65
12
41
-78
-50
71
-28
75
-45
-71
-1
80
-66
-77
-74
41
-30
-118
-22
14
-34
41
91
-54
88
104
49
107
-108
-50
97
13
24
111
-58
-47
0
-1
7
-37
-23
86
54
42
-38
-23
81
-5
-79
96
51
35
93
-37
-41
-74
-52
50
11
10
-57
59
10
7
-24
56
-99
-49
67
-92
2
-47
58
61
13
-36
37
17
-62
-42
31
-20
-17
-74
-66
34
127
62
-39
-39
56
-21
51
92
1
-78
20
-32
-54
62
-21
-87
-11
-103
22
-45
80
-44
-4
11
-17
-36
-39
-4
-9
48
-13
-2
-26
-19
36
-8
-20
57
13
-26
-50
12
14
-19
-33
21
-26
43
-19
6
-32
6
24
-23
34
20
127
-25
-35
-18
-1
9
50
-10
91
22
-10
-5
-43
66
-4
-7
3
9
-6
-71
-12
1
3
81
-33
-8
15
-9
15
-19
-1
-67
0
-54
-50
27
48
-23
-30
5
-20
-43
32
28
13
-19
-42
-38
24
3
-58
-64
14
8
2
-93
10
-9
-54
3
23
-23
52
-6
1
-45
4
11
2
-36
-35
-25
18
12
52
36
-17
-71
62
-17
11
67
11
-8
-17
55
65
53
11
30
19
-54
-15
-23
127
62
-55
-6
20
-25
-32
16
-60
30
52
-24
34
12
29
2
17
38
-39
53
79
-56
-56
46
-107
10
-65
-43
-65
-47
64
-14
-28
15
80
77
25
24
-45
-19
0
-54
23
-40
36
88
1
-1
-17
53
127
5
-19
-5
114
-66
-38
61
64
45
-19
-17
-21
30
-26
-2
42
2
-74
93
57
51
-52
-35
-33
-92
-23
-54
-73
64
-79
-30
-103
-26
-15
-43
-26
43
21
-52
45
58
27
29
45
-64
5
38
42
-122
-37
-22
-9
-48
-3
46
20
-2
-17
44
-1
55
30
61
57
-127
55
-37
40
-37
-52
-33
-86
30
-17
64
13
8
-22
-43
-46
0
-55
-42
-69
96
89
-55
-92
-24
-12
-28
-3
13
-51
9
-12
56
43
26
-34
19
48
-24
-6
5
73
-15
117
-24
-17
-13
46
22
49
-16
-41
-16
4
6
36
9
-53
58
18
-2
16
26
-39
-57
89
-33
-123
0
-63
4
-67
-61
5
-41
-8
-113
-107
-127
56
-45
71
-30
-28
2
-2
-68
107
12
-6
18
49
18
46
46
-7
9
28
-43
106
-3
52
-50
-48
66
-127
-41
-53
-30
-11
-27
49
83
-52
80
-114
56
-53
-45
-55
28
-27
97
107
20
43
46
3
78
11
16
-7
11
-72
86
18
-70
-120
23
105
18
-65
4
-13
-43
34
-127
-76
36
25
-44
-66
12
77
-6
17
-49
2
113
3
13
41
-11
33
110
17
-1
28
-10
28
-34
31
11
-7
61
-10
68
-46
18
8
19
10
-44
2
60
0
-108
35
-66
37
38
-89
-18
22
-47
28
-51
-83
2
-42
35
1
15
-57
25
-87
2
34
-42
-36
45
116
-40
-54
-31
-47
8
-30
-62
-61
53
-20
-34
-57
-32
-66
-48
71
5
57
-35
88
47
-49
66
-35
-59
18
30
9
-127
-46
-13
37
-91
-55
-20
-1
76
-8
93
-62
-11
23
-50
34
-6
24
35
-17
50
53
-8
-30
-6
62
68
61
-63
39
8
-104
27
25
12
-29
48
3
-18
16
12
71
78
28
-36
33
40
-7
37
28
59
-70
-40
-83
-33
-25
-67
1
-32
127
40
-2
-9
-37
43
21
-13
56
58
5
-45
12
-30
-31
-37
50
17
13
-9
-80
68
-24
4
-2
-40
-22
-21
109
-10
1
72
-81
-14
80
-7
-15
52
-1
-81
-34
-30
53
26
5
-7
52
-11
53
-1
23
47
11
54
6
32
13
-46
-48
70
64
13
7
21
-22
79
-94
-45
-34
79
37
17
-18
-24
-33
92
17
-127
25
-16
-15
-7
14
30
57
-23
-124
78
15
-62
11
12
-48
6
2
-41
57
2
-8
-48
8
-18
-79
8
122
4
-105
12
-7
25
-5
77
-80
-35
75
-25
20
-83
-94
-104
17
-1
-45
-23
0
68
-54
-10
-25
16
101
58
-37
-63
-127
-17
3
16
4
62
12
-23
-11
26
-44
67
21
10
21
-1
13
37
51
-39
104
90
-1
36
-49
33
27
9
44
32
34
-4
34
124
-9
3
8
-15
-78
-25
-5
-114
-28
-62
-127
35
-23
47
-66
-40
87
45
126
-51
45
114
51
71
-18
-40
-37
-55
6
-21
-45
-45
-28
13
56
121
-9
-35
-109
-61
46
-8
114
103
29
36
43
-14
-109
42
-52
-118
-29
-18
-82
3
18
16
-107
43
-62
-49
0
-24
-31
1
52
54
13
-14
26
44
22
-36
-31
-76
-26
-42
113
43
25
27
-37
34
9
46
26
-12
23
79
-2
-28
63
21
20
-66
-49
-24
40
-55
14
34
-14
-36
-88
24
-127
-121
39
55
19
-3
58
-3
-81
49
22
-31
14
58
-5
-1
47
-10
-24
33
-56
-25
14
-61
-10
-85
27
47
-36
13
-54
120
67
24
11
-25
65
53
-45
-46
-55
30
-42
49
-78
-11
51
-79
-32
6
-5
-127
36
-36
19
48
58
-2
-19
53
60
32
-22
43
-5
-51
7
114
38
-1
-1
60
61
36
31
75
38
25
-14
-76
-8
53
15
-27
34
21
-63
-36
19
52
6
1
112
16
3
-67
73
78
-38
-22
10
20
10
-6
-62
73
-58
15
127
-12
21
61
-43
33
35
85
-107
-7
-1
68
-9
-8
35
3
-61
-5
-9
99
-47
-73
-43
-85
-35
-12
80
-8
-57
22
-74
-4
1
17
-3
3
-75
-19
-28
-25
2
37
76
-33
-91
-5
-67
-25
-42
-30
4
-23
26
2
17
-75
-61
-69
47
-34
28
25
29
0
25
9
18
58
32
-66
-22
38
45
48
40
24
25
-19
-127
49
-84
27
75
68
11
-98
-5
-65
43
-7
5
-40
49
59
-94
90
-39
-81
6
4
-28
-39
127
16
-50
-15
33
58
92
11
-32
3
-4
24
26
78
57
52
-108
-64
106
42
1
-33
-8
8
-65
-49
17
-3
16
1
29
60
-16
-47
68
8
-17
37
-12
-18
27
-28
38
67
32
-39
-7
-35
-28
-126
17
-7
91
-67
-77
-26
-65
22
-47
-2
48
38
-4
-85
-29
33
-23
63
3
57
-35
4
60
-113
127
-17
64
28
-18
-72
29
-8
-37
-19
-49
-20
-30
16
54
-64
-112
31
-10
62
80
-89
2
-1
10
-48
52
-59
97
24
3
-43
4
87
-66
-40
-57
4
-24
-13
-61
-27
-51
-69
97
72
20
-39
44
22
-23
10
85
-33
16
10
20
-7
-51
-2
-16
31
-49
53
79
-6
104
-40
55
43
-67
66
66
8
-57
78
-40
43
58
14
127
-1
16
55
-47
54
74
21
-36
36
38
-18
-8
-20
-5
-62
-37
-9
-1
-5
-36
-70
-45
-75
-4
-5
84
-53
-8
37
-26
39
86
-3
6
-38
-17
12
61
-34
-62
46
-14
4
64
117
-48
-6
-13
35
37
-96
-32
-1
-15
-48
-6
5
5
-69
28
20
-58
-49
-2
127
-36
-103
24
-19
-54
-25
-68
-9
-2
-57
-49
32
71
8
-117
-73
-39
23
-42
-67
-30
25
51
-55
-9
43
61
-79
9
43
-30
-9
43
16
-2
0
48
-6
-25
1
38
74
-127
-56
49
0
-23
-31
-2
27
7
75
6
-20
-50
-13
48
-15
-66
3
-39
7
5
75
13
14
29
-13
-14
-52
-54
27
51
-6
1
-54
-83
11
19
6
-56
-14
40
61
55
-10
-9
97
12
-16
46
-2
9
53
1
40
45
-8
-6
16
44
-29
60
34
15
-7
20
72
26
21
60
9
30
5
46
-19
-127
39
36
-9
63
5
0
-39
-13
44
-22
-66
11
82
20
-9
40
2
18
-72
50
10
22
-56
-31
13
-38
38
-17
43
-43
-5
39
25
55
-43
-46
49
-78
92
0
36
1
-12
49
76
8
1
74
-26
-26
32
8
61
-63
7
-48
12
46
22
5
37
-3
60
-19
-62
-42
-19
-24
68
-37
90
64
80
-12
37
-20
-35
57
41
32
-42
-72
78
35
11
-54
0
-1
-127
-26
3
-4
-8
86
65
15
-13
-92
64
94
-43
25
37
-15
-17
-41
34
29
32
34
9
25
10
74
23
-22
-21
-74
-6
-4
39
-28
-76
7
80
0
43
20
99
-78
-34
97
-34
-18
62
17
127
-40
52
-1
-44
-77
19
1
9
-61
91
70
-2
-70
70
-6
-38
6
-9
56
-71
124
92
106
19
-35
12
7
33
16
-4
-24
58
29
-20
-65
-71
13
92
3
1
-51
37
64
127
-25
19
3
-86
44
75
-52
-25
-18
-26
46
-96
48
-21
-67
70
-59
-45
-12
-34
-22
-37
1
26
0
62
7
-8
99
28
30
15
-12
-20
-26
11
78
57
-58
-102
-50
-18
64
-91
-3
-27
101
-71
-98
11
40
43
25
-48
-12
67
-6
-13
87
36
-2
25
18
6
-44
9
-23
-39
2
71
-71
35
-59
38
-4
-42
25
-75
103
11
-2
-68
71
127
-12
29
0
-61
-70
45
-47
0
0
-22
79
15
-29
18
-26
8
58
79
44
-34
26
37
116
-97
84
-35
-19
-55
-83
18
-96
19
-34
-20
76
24
-43
-11
-47
91
47
-109
-80
19
-21
-24
26
32
62
30
-32
58
-26
1
115
113
18
68
25
-56
-87
105
28
113
-20
10
69
48
-36
-33
-82
-84
24
-69
28
84
38
-46
-127
-23
78
10
-7
-68
22
34
81
51
-68
-74
-37
-40
21
-54
-34
52
-87
-11
21
-15
-2
14
34
-17
26
-46
-14
25
50
-43
26
-1
46
127
-17
12
42
52
-8
42
27
16
65
74
43
-55
39
8
34
22
3
-30
-13
-23
8
-7
-25
-77
74
36
-15
-63
-18
17
-31
80
-6
-53
17
-7
38
49
38
-38
-26
-46
-18
-6
77
-20
-7
35
56
-21
29
50
-38
-24
43
-47
18
14
17
28
39
-16
35
-45
13
42
75
-9
-21
-5
28
-31
5
-54
-30
14
-67
4
10
-61
31
45
-17
2
60
79
-65
-43
-127
-1
48
-23
-32
-107
31
70
9
54
-93
-31
-2
23
-57
82
-44
-58
-1
75
54
-22
-73
51
119
14
-3
-126
-34
-6
34
-104
17
45
48
-90
40
26
89
-6
-38
-14
24
-19
127
-25
8
75
95
121
0
40
60
99
51
-29
2
19
35
18
-69
27
-65
-22
-18
-13
0
65
-59
-28
-54
-13
-56
-122
34
-3
5
78
33
93
-39
-7
-39
-44
-45
53
-44
44
-35
73
-83
56
-29
49
-127
114
100
83
-81
-76
17
-39
17
-103
-12
28
2
-30
23
-48
33
-29
-74
52
-24
52
88
-117
-36
67
-64
-4
23
86
19
1
-27
21
17
-21
81
-11
16
-57
-74
42
62
31
44
-68
-28
-25
-46
45
-39
-21
-5
71
-3
-44
-17
-44
106
-30
17
-25
-10
11
75
-3
10
-16
-1
-5
-25
17
2
-32
-13
61
47
21
-68
-57
27
-22
47
74
12
48
48
43
-104
47
-62
-17
45
-34
42
-60
-16
-22
51
99
37
-55
-26
-47
-38
-15
94
46
-40
-48
19
11
24
-34
25
2
-9
16
-83
28
-122
11
41
127
-26
-56
5
2
48
54
34
-83
36
-37
55
71
-76
16
-5
44
28
-25
41
26
0
-22
-101
-17
-35
64
-73
-34
2
-127
-32
29
-18
40
30
79
27
40
-38
42
-1
16
59
-27
26
-34
59
21
-4
-11
7
-63
-25
54
64
24
-43
22
-65
17
-43
-74
-70
59
-21
-18
63
35
-75
15
-59
36
-68
-5
-14
-68
3
87
-55
-16
20
67
12
-3
-1
-37
116
45
15
-97
-117
27
94
25
63
-36
72
65
37
-62
17
36
-41
30
-13
-50
49
127
25
71
21
-79
-4
1
-48
18
99
-86
20
-31
22
61
71
77
0
-59
33
-59
79
19
-17
5
36
-40
-39
-49
37
11
-14
5
16
-58
3
-19
49
-17
-28
-3
-68
83
-25
-55
-14
75
-68
-44
31
-7
-11
-76
2
19
14
-4
57
-48
-10
22
-84
49
46
-16
1
-8
-29
20
45
66
25
-3
18
-4
-66
127
-83
34
-65
-56
70
1
-79
-34
-29
15
31
33
71
-10
32
-16
65
-8
25
68
-3
22
80
4
27
71
-22
81
-121
21
69
-18
-30
7
-42
-45
86
1
24
83
-3
-10
-13
91
71
-4
71
89
-73
-126
-127
-43
28
116
-20
-69
56
-33
63
-91
25
91
-23
-27
15
36
-66
81
-18
-18
3
33
52
51
34
-25
-38
-4
-98
126
28
-33
-31
-48
13
-62
71
-61
-31
92
-53
49
22
7
-5
42
-20
-61
53
48
26
4
-7
-80
-18
62
-2
37
84
90
29
-10
-4
-35
-42
-6
26
34
68
-91
127
88
-53
-46
-13
-36
-10
-62
-72
-21
-76
34
69
-10
-4
-26
-97
27
96
-18
-126
-74
-3
6
-12
-20
-87
40
-28
41
-50
-66
46
29
26
-68
-64
-22
5
-13
17
-42
47
72
22
127
75
-17
106
-36
-34
-47
-24
-5
41
2
66
33
-25
44
-34
-47
-17
28
85
36
10
39
19
-10
59
38
61
82
-45
12
11
-74
98
-66
41
16
20
-64
46
-83
-45
10
42
36
31
-24
70
13
34
-38
-64
67
7
58
47
-32
51
93
13
-26
54
-44
-30
24
10
-21
-1
13
63
127
26
33
-51
-79
-103
-47
-80
24
13
-52
-41
-68
57
-9
41
77
-27
-35
8
-11
-75
-33
-7
25
23
21
40
68
0
111
70
2
28
-6
-20
13
-53
26
-6
-35
8
52
-22
-2
27
122
-64
-7
-17
-20
10
-8
-10
1
-57
-52
11
-15
-19
-63
-11
15
1
-6
-102
127
24
16
-35
56
36
-61
-38
-7
50
-32
-2
36
1
-32
-39
-19
119
-29
49
-37
49
82
-30
25
-6
-51
4
40
9
12
63
-29
-52
0
14
13
-12
-24
47
127
32
-60
93
101
3
-7
17
-53
34
1
-44
-55
-16
12
35
-3
76
20
-50
54
-27
7
-50
4
40
14
-15
-40
-29
21
16
-9
78
52
13
32
-13
-16
37
-30
65
-46
-40
55
28
26
-31
6
48
45
47
-7
-38
-12
-8
-19
-7
10
-2
-19
12
13
-4
-8
-80
23
19
-1
24
20
-12
0
-39
28
13
-72
-16
-41
6
-30
29
9
41
24
15
-17
-11
6
-4
28
37
3
3
-5
79
0
-13
-35
-33
18
-57
56
-17
33
-3
11
30
-20
127
-45
-8
11
-7
28
28
9
-35
-99
-22
18
118
80
34
-5
45
-18
-14
-10
-98
80
-127
32
-59
4
22
-34
33
75
52
-15
40
50
-6
125
-1
-64
41
6
56
4
-71
38
56
-12
-48
-87
-11
12
38
1
-4
-91
97
37
79
97
43
1
-40
-12
-34
-83
-32
13
-64
64
14
-25
-58
45
25
-33
-88
-11
-43
35
77
-42
-52
-30
-7
-33
-38
-2
-14
51
-6
2
-76
17
-73
-35
-8
-62
9
-45
-104
-3
61
-53
7
-62
-22
26
30
-22
12
11
2
41
89
-17
-1
-36
48
28
52
127
4
5
40
11
-51
57
17
-51
-1
-56
38
-10
-26
-9
-18
-31
19
-30
8
113
39
35
-20
18
-4
63
-15
-34
5
-51
57
83
-51
73
-101
-70
10
-22
104
-66
10
-14
5
-44
-37
44
5
36
-12
-24
88
89
98
-67
-10
31
34
46
62
42
60
-107
127
62
88
-96
-3
102
47
40
-105
-29
-36
-59
65
-110
-31
-23
19
79
-47
4
10
-56
-36
7
127
-17
42
113
-45
78
39
39
43
4
10
124
52
29
-68
61
-122
60
-18
-22
83
30
60
-99
-63
65
-23
2
-53
5
24
110
-30
17
35
-70
-64
43
17
9
28
-79
-66
4
-2
-71
14
-119
69
-56
60
70
90
10
39
-72
-118
-23
-1
46
16
-10
-41
-28
29
-9
-20
3
10
40
-34
29
-13
26
-32
-23
12
25
11
-51
-41
-4
26
35
-51
33
43
3
-24
-43
-56
16
-48
-127
18
83
57
23
19
-16
8
7
15
6
-41
25
36
20
48
-48
-41
-37
-19
-25
-29
66
-64
40
-1
-30
-3
1
15
31
-4
-43
-29
2
82
86
1
-42
30
-10
15
30
111
11
-126
-2
105
49
20
-11
19
35
-53
-29
86
-6
13
-8
-10
31
71
29
-80
-37
-41
-30
71
-89
34
9
-62
-6
18
73
-68
-127
-4
11
24
-61
7
-38
5
-4
86
74
-12
49
64
81
-29
-58
-87
-13
-82
14
-45
35
-86
-38
110
31
93
-71
87
-17
25
-22
-27
14
127
20
-56
3
-44
70
-60
-2
-50
-24
-53
-66
-101
80
33
-31
-78
22
-99
-94
-42
58
25
21
-113
62
-31
5
-43
-11
0
33
38
-18
71
23
-34
58
34
-79
60
98
-14
-126
-66
69
-23
28
55
-50
-70
-2
45
12
20
24
23
-23
37
-6
-9
25
32
75
-23
-66
-8
43
-45
37
24
31
49
-56
3
-29
-76
21
18
51
-52
127
42
8
-21
37
-11
-82
80
26
-8
-45
22
-12
-30
2
-115
17
29
-70
79
27
36
30
31
-81
-27
-5
2
-21
26
24
32
-52
-25
-42
71
38
-117
14
23
0
127
-26
19
-18
-38
19
-63
-9
-34
-40
-71
14
-42
-100
-13
24
8
20
-64
-95
-94
50
60
98
-43
-45
-15
66
19
-57
-2
-77
41
5
-33
3
-49
-29
-61
11
7
22
33
2
-42
16
31
-91
-37
-58
-10
-6
-55
61
31
-9
-17
-30
-3
-94
37
-51
-14
-38
-58
106
-14
12
43
35
12
103
-42
15
8
68
45
48
42
57
-62
-88
-45
67
30
-8
-66
31
-45
103
1
-13
18
-10
-28
21
-23
-11
-16
62
16
5
-35
-53
9
10
-60
-54
-41
-47
-57
54
-9
-35
-127
-21
-23
-60
-11
-6
69
25
-1
-21
84
-2
58
-2
63
76
-31
-45
-3
-53
52
-37
-17
3
-75
94
-31
28
-42
-13
-53
25
-21
-16
3
22
13
13
51
-34
-25
32
-11
-25
-67
54
-33
89
3
43
125
-38
28
-44
-43
-23
-10
-1
-127
40
-24
-105
20
-34
-65
-59
-30
6
20
10
65
5
-123
68
12
-50
-26
-10
111
-89
48
50
-74
-106
58
2
-34
-14
-32
0
-125
-73
-55
-49
-3
74
4
-11
49
50
5
-58
43
50
59
-127
-58
91
-56
38
11
43
-19
-23
20
-15
78
-24
-11
30
-51
109
-10
21
-25
-7
-49
5
38
-7
48
-55
-27
-75
-89
43
75
-127
-27
-52
-16
-64
5
61
-62
21
36
27
-44
68
-106
-9
-44
-54
74
-23
-44
29
17
-50
15
-9
-11
-15
73
-8
-26
-34
50
-1
-27
-35
-9
-28
-61
-45
27
29
18
-99
10
13
-53
64
-1
-91
-10
-24
-10
-27
-31
-5
-29
-47
46
-17
-86
17
27
34
-29
-10
-22
-19
58
-2
-78
11
-23
52
41
-66
-16
-37
-18
10
-12
4
16
4
-40
76
-5
-58
57
21
-4
-127
11
4
-21
-14
77
51
16
14
6
-74
17
-41
29
31
18
90
37
-49
1
67
3
-51
26
22
4
-42
-33
-23
34
52
15
-22
22
-19
-18
5
41
-13
36
42
45
40
-1
-24
15
-17
20
53
-10
14
19
19
-22
19
56
-23
-14
-15
-1
20
-57
-44
26
127
-8
-32
28
18
-44
-32
-38
-66
6
22
14
-7
-53
-15
16
5
-56
7
8
-91
-35
9
1
36
43
30
16
-8
-42
4
16
30
-1
20
29
28
20
44
-17
-36
43
12
66
-63
-7
21
-2
-45
28
50
21
-19
26
-30
2
-56
-49
15
12
-3
-26
-29
-57
58
-5
18
28
31
-5
-95
-112
-48
-13
-88
127
22
-44
-45
-18
-27
-17
4
-51
17
-46
-54
-18
-40
-94
-23
31
59
7
17
-2
-3
-98
20
-4
22
49
5
-78
104
-4
-42
33
-23
64
-24
24
-29
83
19
-127
-6
-51
46
20
48
-29
-20
12
-23
-23
52
12
-25
47
72
-27
25
67
95
86
-84
21
-53
45
17
34
-19
-18
-31
28
26
57
14
-48
3
-29
-50
33
-50
-2
-30
29
-34
-20
-4
-24
78
93
3
-83
-18
31
-26
-48
-42
-37
71
14
-69
-44
65
29
-5
-11
41
17
22
-14
-40
18
-29
38
20
39
35
34
2
22
-71
45
-51
-28
-127
25
116
12
67
-68
-22
-8
21
85
-76
62
28
-35
41
-32
8
-33
55
76
47
-48
-46
-7
38
25
-62
-59
-17
-5
100
40
92
33
31
117
44
34
-29
-10
-76
-37
88
47
-91
-56
28
-24
-12
45
-47
-13
35
7
-65
-35
-11
6
56
-37
68
-12
-127
-68
-9
3
-22
27
-67
-35
46
19
-28
40
35
-100
-27
70
6
-2
23
1
-5
112
9
-14
43
-33
25
-56
-70
-19
16
22
-18
-5
14
24
-32
40
3
-65
99
22
41
-127
-84
12
-36
44
2
-74
53
-76
57
29
20
-46
76
56
-37
107
-27
-48
-32
-59
53
64
-38
-19
24
-5
77
-58
63
-91
10
-24
96
54
-8
23
0
-30
31
52
-7
-63
31
116
-2
13
-52
