-1458
-3774
1711
4598
94
3273
-3537
-5122
-3781
2260
-1807
-7208
17854
-6497
12498
-9817
-16539
1646
2719
-10967
1879
300
-5014
4084
-2689
4744
6525
-6722
-6650
2013
-8505
-5251
-106
954
-11079
3677
-2004
-6496
2137
4925
-14049
-3180
-1830
3819
-3684
6191
-10678
5414
1918
-5813
2872
464
-6849
-541
10333
-3548
395
-8763
-4104
7235
-545
-6235
-5094
2164
-9994
-2818
-1337
-2700
10095
-2452
1047
14243
-5200
930
-1647
4461
-81
-3881
-7563
-11999
4036
-439
4042
-3084
13611
7198
11474
-9067
-2153
-7380
405
-3097
3713
-4
-7440
-1286
-5149
-5697
7252
-3349
-173
-2727
-13977
-8878
4587
608
-9163
6562
3246
-1862
-2216
5764
-5708
-5496
2095
-11507
8778
7368
4499
-311
1903
629
-812
-8511
-4245
-13361
-8169
1491
-1389
-4194
4735
-3323
-6416
-7815
10494
-2382
-2054
-10521
-6363
44
11525
-5622
2476
11258
-8023
4481
1156
6331
-1925
-243
-4537
-5554
2610
-2446
-1916
-4893
16440
2039
7621
-11137
-2746
-5383
1947
-8007
5828
-972
73
-851
258
-5133
6624
-1684
-5674
561
-15938
-2414
673
3597
-3730
1164
5515
-1263
-1184
8776
-6672
-1442
1460
-3060
8623
7814
2576
-6626
-2094
-1105
-2810
-8860
-6180
-7492
-9767
1588
3590
-10479
-2027
-2271
-4892
-7443
5195
633
-778
-8759
-3997
-710
12923
440
507
8105
-1722
1769
374
8594
-1257
2307
-4432
-3948
4460
-8227
-875
-5519
11998
3120
12490
-8842
-4159
-5806
-2482
-1542
-347
-3992
-2426
-791
-7068
-1578
3546
-2267
4281
-2830
-12129
-988
3443
663
-4570
5301
-1524
1346
83
5294
-3756
-233
2329
-7863
1165
2295
3870
-3709
2504
-6366
1063
-8746
-141
-7412
-2335
-97
-1435
-5297
2140
-5812
-1644
-7022
1710
-4985
-4464
-7304
-3995
-3464
8660
-3380
1428
11009
-10625
96
-2111
4385
-4934
-4115
-4733
-6768
2958
-3119
5852
-5477
14417
6094
6176
-8261
-3299
-3186
-373
-8463
4265
1358
-4913
55
-1682
-4070
4651
-2983
-798
-1379
-12422
-8176
-302
2069
-8053
-1464
4273
-3630
-2611
7679
-4835
-5221
1224
-4864
7278
9668
-120
-4893
-287
1150
-5387
-8017
-5018
-5717
-8122
-836
2888
-8971
-2918
-832
-2838
-2650
7778
1657
4488
-8354
-6853
-1183
9984
-2817
-269
9532
-2814
-4473
2406
551
5324
-9
-3951
-4672
3587
3557
810
-10032
17056
-1128
14890
-1451
-16277
-4806
4904
-2254
4431
-592
1806
1802
5278
2574
2954
-12212
-926
1666
-15958
-2330
9336
2662
-10455
4368
-1376
-8624
7980
1844
-6571
415
1689
3324
1701
10888
-4651
11623
-4812
-5724
-2159
-3758
-8026
-3121
-1920
2904
1613
-10660
-4498
1407
-2014
-3821
-3113
-488
243
-6594
-227
-4925
13933
-1238
-8119
16962
-766
-1855
1316
-546
370
301
-1797
-4237
137
1020
1273
-5035
4842
8114
11367
-6640
-4169
477
3805
1646
2520
-1292
2199
-2869
-8050
1225
986
-6453
783
-821
-10471
-2798
6551
-5659
-6139
5282
-1941
-3493
-768
1636
1930
4279
767
-3527
4461
2778
24
7437
2395
-3180
-1687
-1271
-272
-4514
-2727
3668
-2365
-6642
2984
-3043
-3356
-7062
3703
-3272
-2772
-2859
-1636
-4368
5965
-2880
-3330
10915
-6251
3451
5432
6698
-5139
742
-2416
-2831
-6332
3432
-1434
-5228
2692
-1209
3936
-7989
-3670
-481
4979
-2077
3389
2748
3135
1516
-3073
1430
598
-3348
-4402
1440
-5673
-1736
-793
-1390
637
585
1573
-5091
-3033
3526
696
2510
819
4223
106
309
-1944
-1687
3687
-5232
-4123
-414
1593
2058
-885
2366
2482
-6357
-1902
-53
-3597
2315
-2514
2206
2446
-6776
1369
-5569
7235
412
2715
1765
-2926
-4767
3405
-2159
1715
-3099
-1376
-4580
-668
1730
6225
-10008
12094
5327
10256
-7201
-10784
-4267
3336
-502
407
-215
-561
633
-1089
6384
1191
-7217
-1491
5089
-15432
-1771
4808
55
-11787
3078
2417
-5492
1965
2441
-1414
1143
-1209
-4851
2781
6145
695
5689
-4478
-4499
-2794
-6862
-2946
-5530
-5907
46
-1179
-7745
-1540
-2923
-720
-5064
4705
410
6836
-8681
-1299
-429
6964
-4906
-4771
10916
1022
-8682
-2499
-393
602
2849
-10513
-500
1034
-3807
-380
-4096
13315
-671
11380
-6604
-210
-6109
6116
1497
-831
-1580
6904
-3739
-776
3907
-1223
-8635
92
-5672
-15521
-1122
10930
-1781
-6156
-1346
2618
-5341
2851
-463
-995
6195
-562
-5357
3425
10847
-558
5408
-1696
-11674
-7331
-8303
-2784
-2402
-1549
4043
-4912
-5431
-2202
164
-9045
4044
-694
619
1492
-4388
2206
-1751
9467
649
-5761
13386
-3882
-8013
93
1429
-3291
-7235
-5117
-8099
779
6158
3354
-7574
16785
3450
17052
-922
-4814
-5281
2783
4299
-3235
6753
-2549
-5605
-7534
1440
-3203
-10588
-2328
-3620
-20131
-5438
10455
-5140
-10644
3886
-3707
-8323
795
-385
-1075
7630
2083
-4245
4948
13514
-2445
13101
-3850
-9313
-5794
-1838
-7374
-6892
-2368
3511
-5226
-10456
6101
-2824
-13006
-1400
522
-75
-4216
-8317
-694
-4647
18395
2179
-2391
19475
-81
-2369
-486
998
3568
-11192
-1292
-8317
3922
4281
7954
-9994
15563
5908
8311
-5716
-5525
-6760
1082
8809
-5789
3224
-5292
-2790
-6409
1385
4204
-6386
544
-34
-15666
-2935
6752
-4067
-11145
5292
-171
-5365
-1111
2059
2882
2858
-723
-2910
-1669
385
-909
8219
-6816
-7447
6588
-3810
-9956
-3782
-4236
3713
-6630
-8784
8045
906
-6161
-4963
2698
-6994
-121
-4224
-2699
-965
16878
-5755
-7179
14650
-1775
-824
-1640
3171
1829
-2285
1164
-2105
2213
382
2517
-7327
9853
3315
3872
-9206
-3574
268
-798
-1339
-557
1690
-973
-431
-817
3038
2917
-4597
434
1972
-10751
-594
1365
-3109
-5380
132
-153
-2885
-157
3619
-399
1302
-1278
-2895
2626
445
-468
-2793
-6713
-5470
2523
-4183
-4237
457
-3285
1316
-1334
-8270
-597
22
-1639
-3491
1380
-3780
-54
-2202
-2528
96
9233
-2903
-5031
8657
-10126
-449
656
-2661
-7931
96
-5401
-5981
-3575
-1557
4054
-3338
13066
5883
14230
-7269
-11944
-3885
5223
-8205
10304
-1272
-776
-1076
-2357
-1911
3466
-9796
-2072
4946
-15960
-10819
718
492
-13016
2230
6839
-5778
5512
5609
-11612
-4113
-160
-514
7349
16971
-1962
4334
3599
2890
-13123
-7924
-8232
-6905
-9153
-1986
7166
-10307
-7906
-5914
-832
-3912
11735
7002
4975
-9187
-4939
-2021
6432
-670
-2528
11808
-14749
-3027
7314
2101
-11430
14247
-14000
3314
-8327
1248
-11822
-8657
12295
-5251
29665
-7853
-13588
6587
9110
-17503
13022
-157
15913
-2053
-8681
413
-7337
-13687
-9350
-3144
-18960
-5793
754
-9212
-7731
328
-3406
-12486
5725
-4970
-12070
8779
-1733
4440
-1544
27585
-14671
11336
7939
-10464
-22951
-2971
-3456
3446
3806
1106
6431
-16611
-13645
365
-4875
6466
5246
13585
-7312
-9503
1413
-8270
21162
12627
-44
22602
-969
-8112
2921
-1507
5606
-8561
-572
-9648
892
5195
9037
-12472
15480
4484
12160
-4074
-12907
-4133
2209
2102
-4324
3051
-4591
-1299
-2103
4837
456
-10105
-1988
4418
-19302
-3466
6576
-1914
-15731
6391
-912
-8357
936
1807
-408
656
-1689
-6618
1120
7137
-2981
11604
-7827
-6424
1982
-3925
-7721
-7271
-3690
1528
-5846
-8008
3057
-1601
-6225
-5222
3745
-1882
1862
-8222
-1857
-147
13748
-5031
-5149
17539
-1551
-11240
-1090
-1254
2177
-96
-10897
-2102
2447
1521
-599
-3935
9254
153
13114
-6300
-1602
-2441
5605
745
-1714
390
8232
-2410
-1585
3323
-1925
-10571
-1069
-7470
-11523
-3895
10069
-3730
-8474
-157
-834
-7533
2236
-4311
432
4537
811
-7590
3378
9355
-1878
8414
-1807
-10612
-4252
-4471
-2042
-3059
-839
6047
-9995
-6105
1759
469
-6173
2888
1080
1947
2060
-2413
2980
57
9998
-2858
-2704
13058
4576
1439
4227
9263
-8756
10253
-16122
-981
-4309
-902
-9669
3029
8081
-7381
8402
-23555
5500
-3506
12592
-5907
9203
-5108
5088
3824
-12821
4063
2051
-10798
4924
-9540
-9840
-4014
14041
-1750
5393
3919
-326
-5019
-1853
954
-2870
8357
1827
-9250
6303
11105
8151
-1743
16026
-15136
-2123
-5531
8570
-4272
8882
1277
-627
1010
-343
2117
-11579
2918
-6913
-360
-3926
-5926
5779
-6165
6209
-303
1478
9607
