16
-5
-22
26
26
24
5
-7
-1
3
5
-9
-6
6
-27
16
-5
9
-3
-25
-9
6
3
12
14
-3
-25
31
-16
-22
6
4
0
-6
0
29
2
-16
-10
17
9
-19
-20
-9
25
-5
21
17
26
16
-3
6
6
9
-1
-17
-11
2
-5
-18
26
-8
-18
17
2
-4
-11
13
17
9
-9
-12
7
-16
1
-8
-6
0
-5
-5
4
-22
-7
11
-9
-3
5
4
-2
-21
6
-7
-11
21
7
2
3
15
7
-3
11
-5
0
-3
-1
10
-2
5
-17
-3
3
13
8
-21
4
23
2
1
-1
-5
-7
-9
6
3
-7
-12
-2
4
-6
-12
-15
11
6
13
-9
8
-5
-8
8
-11
8
-4
-19
-5
0
4
-2
-9
0
-3
-1
3
9
-14
-13
9
0
0
4
-14
9
13
-2
3
-5
-18
-4
10
4
-2
-11
0
-9
3
3
2
2
18
3
3
-16
4
13
7
-7
1
17
-10
-6
-19
-5
-3
1
-4
-8
21
14
14
-3
2
-2
-10
9
-10
-2
6
-13
2
-13
-10
2
-17
-11
-2
-4
16
0
-4
-21
13
-7
-4
4
1
11
-2
-11
4
5
-1
8
16
12
-8
-11
5
3
11
1
9
7
3
0
-4
-1
-5
-2
7
-10
2
0
1
14
-12
-14
-13
0
-2
-8
18
10
10
-12
-4
9
-16
8
-7
12
-3
-5
-8
-3
-13
1
7
-10
-9
1
9
-6
-14
-9
-3
-7
21
6
-5
11
14
12
-6
6
-6
7
-21
-8
11
-5
6
-10
2
3
8
14
-16
2
8
-6
4
-11
6
-6
-10
1
1
-4
-7
8
3
19
-7
-13
3
1
-5
2
10
2
2
6
25
-9
8
-6
5
-10
0
11
-19
-1
7
-19
-9
-1
18
-29
11
-7
-23
0
5
6
-26
-7
2
0
-13
0
20
20
2
-2
-2
-12
7
6
11
30
20
7
-24
14
0
10
7
-1
24
4
-17
24
-3
7
12
1
-4
6
-2
12
-4
-6
7
20
-4
-13
10
-19
14
10
-16
-7
-9
3
-3
7
-6
6
-13
-16
-3
-4
-22
-4
11
7
9
14
21
1
-21
16
9
0
-19
2
26
19
19
-16
13
-9
10
22
-17
4
0
-10
-1
-7
11
7
-7
-7
7
17
16
8
-1
7
-2
-11
28
11
13
-5
-3
-1
-8
6
-7
0
-3
-17
-2
-8
-1
1
-9
-6
-3
8
7
10
-2
-15
13
-8
2
1
-3
11
3
6
6
1
-16
-3
-3
3
-2
-14
3
6
8
8
8
15
2
-1
-1
-5
2
-9
6
-13
-2
5
-6
13
-14
-13
4
-2
-1
-3
15
-6
15
-14
-9
10
-23
12
-16
24
-6
-5
-1
-7
-1
8
13
-16
-5
2
2
-3
-22
-22
-8
-5
7
2
-1
15
15
17
11
-4
-10
-3
-37
-11
3
-2
11
2
-3
7
12
2
-19
-6
1
-5
4
-16
7
-3
-16
-3
8
-8
-2
-1
0
5
-8
-4
12
-1
14
-13
12
-5
-10
15
-4
16
-10
-12
1
-9
-1
6
-9
10
-2
2
-1
-7
-5
-6
3
12
-3
3
1
11
11
-3
-11
-8
-12
0
-7
2
12
-9
1
-8
0
5
-1
4
-7
8
-11
-11
-4
-5
12
-12
7
6
4
-5
-4
-1
-5
6
-12
-14
2
10
3
10
11
-19
3
-12
9
-8
-8
-7
-2
-1
-10
12
-7
-5
9
21
-5
-4
0
15
2
7
-10
3
9
9
-10
-9
0
-8
-14
-2
16
25
14
-7
-11
-10
5
2
-12
-13
0
11
-11
4
1
3
-1
-6
-2
13
0
6
-10
-12
-13
11
-10
-8
12
-1
18
15
11
-11
0
-5
12
-4
-11
-15
15
3
-9
10
-9
-6
1
18
-3
-3
1
7
8
5
-11
2
17
5
5
-3
0
10
3
2
6
14
17
2
-14
3
-7
16
1
-3
0
10
-12
-9
3
-9
-17
5
-1
3
-4
6
-7
1
8
-7
-7
3
-1
2
-5
1
3
8
-5
0
8
-4
12
7
-11
-11
0
5
-5
23
-9
7
-3
-16
11
1
-10
-3
18
10
-1
12
12
-2
-9
-21
4
3
-20
-3
16
-2
17
6
10
-11
2
2
10
7
-7
-9
5
-4
18
7
-14
-21
7
13
10
11
-4
3
-7
-5
18
5
10
4
10
-8
-6
9
7
-6
-8
-11
3
-10
-2
4
-14
5
-2
9
-4
-7
9
4
5
5
1
3
4
11
2
-8
-10
-5
-7
5
14
16
8
-13
-1
1
6
2
8
7
4
10
-12
-6
-3
-17
5
-4
1
-2
1
9
-3
-7
-6
4
-10
-9
-2
3
1
3
3
-6
-7
1
5
-2
4
1
-10
-5
-9
5
-4
3
3
8
-6
-6
6
-6
-7
-2
-2
7
7
11
-10
5
1
-6
-9
0
3
10
18
7
7
-12
1
1
-1
1
-6
6
-12
6
8
3
11
-6
-7
7
0
1
-7
6
-2
-7
-19
-12
-2
11
14
-3
17
-6
12
14
4
23
-20
-13
10
2
12
-3
-2
7
10
-1
4
11
-21
1
14
-2
1
14
-6
6
10
-13
-3
4
-12
-12
-6
6
-5
-17
-12
-14
-9
10
-16
-6
24
0
3
-2
6
15
0
-7
0
7
6
-11
-1
10
6
-5
-16
-2
-9
4
13
9
-9
1
17
27
7
10
-15
2
8
2
12
6
-11
5
28
-5
4
-3
5
21
-14
3
0
6
26
7
19
-21
15
-5
-2
-4
10
16
-11
-28
-18
17
-7
6
-2
-10
-5
6
7
24
6
-4
-3
-14
-3
-7
6
-11
16
-21
2
-11
-15
-4
8
11
18
9
-2
5
15
33
10
-4
-25
6
18
1
1
0
-12
12
22
-7
-3
2
7
18
-8
2
15
14
17
7
25
-31
-3
9
11
17
21
16
-18
-38
-14
27
0
-9
2
-5
10
17
12
13
1
-12
-10
-2
-3
-20
17
2
18
-13
8
-19
-9
-1
3
14
10
17
-7
12
8
26
8
-13
-13
13
3
-9
-4
-4
6
28
6
-2
-11
-6
6
31
-17
6
38
20
9
6
43
-10
-26
11
21
13
-2
-2
-8
-28
12
23
6
-25
7
6
-7
20
20
-9
-1
-22
-2
2
-20
-37
21
18
19
-6
-2
10
1
-13
25
-3
2
-1
13
-5
-10
14
23
-6
0
-25
13
-16
6
1
-10
6
-11
-19
-6
6
10
-17
27
6
-12
1
-11
-2
-13
-11
-12
5
-3
8
11
13
-3
-21
2
-4
6
-3
13
29
31
14
-27
-21
-8
7
4
3
28
-3
-23
18
-25
7
6
-5
-10
-17
-6
11
-4
-6
-1
2
-3
2
13
-2
8
-2
-16
-1
-8
0
-4
6
0
3
0
-6
-1
-8
0
-9
6
9
-10
9
-6
4
0
-14
-12
-3
-10
3
16
-3
11
-19
1
-12
-9
9
17
3
0
8
9
17
14
7
-3
4
-3
0
-10
11
5
6
-10
-11
8
8
-4
-2
12
-14
-5
-2
2
-5
-3
-10
-7
-3
-6
-2
-5
-4
6
15
-2
6
-7
8
4
-3
3
11
-3
13
-12
-5
-2
5
-13
1
10
22
11
-11
-5
-22
3
-10
-15
-7
-2
8
-11
1
6
15
2
-4
0
15
-11
-4
-11
1
-10
1
-6
-6
5
9
5
-3
1
2
-9
6
0
-8
3
6
-6
-4
-7
0
-9
1
2
6
4
-4
-4
-1
-3
-11
10
11
12
13
-2
-2
3
-1
-2
10
-5
13
19
0
5
-6
4
-7
-8
-3
-4
3
-8
9
5
5
9
-1
-9
5
0
2
-5
7
0
0
-6
-5
7
6
14
-12
-1
7
-9
10
-13
4
7
-4
-11
-9
-6
6
-8
11
-3
-4
-1
1
0
-14
-9
3
2
5
8
7
19
7
-6
2
-5
3
-11
-6
10
1
10
3
5
1
6
14
-19
7
-3
-10
0
-5
11
-15
-2
0
7
3
0
-3
0
5
-7
-10
-3
0
-3
-6
-10
7
0
10
17
-8
27
0
-6
-16
4
5
-11
10
5
-25
-1
1
15
-28
5
2
-12
3
-1
8
-13
-1
-4
-4
3
7
-4
10
5
-1
14
-10
10
-8
1
21
15
9
-18
6
-5
21
22
-11
24
6
-12
11
-19
1
0
10
-17
-20
1
23
-5
2
22
-16
9
-12
14
-8
-6
-18
-2
6
-11
-8
-16
7
2
16
-11
2
-11
-14
17
-2
-11
13
-14
1
-9
-5
-6
-2
-18
-15
17
11
6
-4
-13
-16
-5
4
-11
8
27
6
3
3
13
24
-8
2
11
5
-2
4
3
12
11
-3
-8
-5
9
17
2
1
-7
-10
-9
-15
-11
-22
13
-6
-14
0
-8
-2
2
-3
13
21
0
1
-1
17
-3
-6
2
9
9
12
-11
3
-1
-3
-5
1
-1
17
18
1
-2
-18
0
-4
-4
-8
-16
6
-5
4
3
-7
-6
-15
-6
11
4
-6
-8
-15
-14
2
-2
-4
9
-7
2
9
2
-5
-6
-2
-6
-13
0
-2
0
-5
6
2
-3
-4
-1
10
-16
-5
23
-4
-3
2
-4
6
5
9
-23
10
-4
-9
-10
13
15
12
12
7
-7
1
-1
10
21
6
11
4
-16
-7
10
-23
2
8
-10
-5
0
7
6
5
0
4
0
-3
5
11
10
-5
-19
30
-4
-4
4
-21
48
-3
-13
-14
3
8
-8
6
-2
-19
6
-7
19
-30
-5
-12
-11
6
12
13
6
7
-3
11
12
-5
-18
1
6
6
33
-2
14
-1
32
46
-9
3
-10
-10
0
-6
14
-6
-2
-20
-9
32
0
-7
3
9
-17
-21
0
24
11
-1
2
-8
14
-8
13
5
5
-21
1
7
0
1
-13
-1
8
12
2
6
-14
-14
18
3
-17
13
-7
0
-5
-5
-1
2
-12
-13
-10
8
6
-9
-19
-5
-11
14
-13
4
19
3
3
5
12
19
-12
-4
6
1
2
-5
2
7
11
8
-14
0
-2
16
6
-5
2
-6
14
-21
-9
-5
9
-9
3
4
3
2
-16
-4
17
16
6
-1
-5
12
-8
-3
-16
2
22
9
1
-2
21
8
-2
-15
10
20
13
5
-12
-7
-4
16
-11
-8
-19
4
-2
13
6
10
-7
-21
7
17
-9
-9
1
-20
-3
19
3
-5
15
-8
9
1
10
-10
7
-1
22
-6
-18
-4
34
0
4
4
-14
-13
1
-4
-7
4
-2
-4
9
10
-8
-2
10
5
0
-5
3
21
12
8
13
22
-3
-8
-18
19
-2
15
9
1
5
7
-15
19
-11
-8
-7
7
17
0
-8
7
0
5
12
-3
-5
-2
8
-5
7
-6
-16
7
-9
-4
-13
9
-1
0
4
3
-9
-3
9
-22
-6
5
5
-6
-16
-9
-8
-7
10
2
1
11
1
15
14
-5
1
5
-6
-4
7
4
5
-6
-5
6
10
-10
-3
-6
11
7
6
-4
-3
8
-15
7
1
-13
-18
2
4
-10
-5
-11
18
8
0
-7
0
5
-7
2
-7
11
-2
-9
-4
-5
-12
-4
4
-19
-18
-14
7
-14
-16
-16
-4
6
12
6
-17
4
6
16
-9
3
2
9
14
6
1
-5
9
-9
2
0
12
8
4
12
13
-12
8
4
5
2
2
12
-4
-17
-23
9
-4
2
-14
-13
-9
3
11
5
-9
-3
8
14
15
4
6
-6
0
-4
8
6
-5
12
12
-13
-1
-1
2
-7
3
8
-11
5
7
4
0
-7
-5
-13
-8
-14
-6
10
0
-12
-3
-1
-4
7
1
1
13
6
-5
11
5
7
6
-11
3
-3
7
-4
-6
-2
4
-8
-12
0
-9
2
5
6
-1
-1
10
22
3
7
-17
8
2
-1
2
5
-3
-2
21
0
10
-4
-6
27
-15
-9
6
-1
21
12
18
-24
9
-1
0
-3
3
18
-4
-24
-16
4
3
-8
-13
-17
-13
0
8
29
7
-4
-2
-7
-7
1
14
-11
17
-17
-1
-5
-13
10
-14
-3
3
20
-8
-2
22
19
10
-3
-12
26
21
-6
2
3
-11
17
18
-2
-4
-2
17
26
-17
4
23
5
14
10
31
-23
-3
1
18
22
7
6
-10
-25
-18
37
8
-11
-6
-18
2
12
11
21
-4
-21
-2
-3
-3
-23
20
7
28
-15
-3
-10
-12
8
-15
20
-1
23
-1
13
19
5
9
-19
-3
33
11
-13
-9
1
2
36
4
5
-15
-18
14
24
-25
1
34
14
14
5
48
-18
-26
5
28
16
-4
-7
0
-10
8
34
19
-17
5
8
-3
21
22
-12
2
-30
-1
-1
-19
-44
26
37
32
-5
-1
11
-1
-15
19
1
0
1
4
-4
-9
20
22
-6
9
-15
12
-20
3
-2
-7
9
-8
-26
0
7
6
-24
32
0
-8
6
-13
0
-14
-10
-15
3
0
11
3
12
-6
-24
8
-8
11
-9
4
28
33
13
-25
-17
-7
16
11
-5
31
-3
-22
21
-29
6
2
