6413
-5277
-1809
-540
-3220
-682
-3784
-750
-5814
3326
8545
-5659
3232
-1271
-2338
-6223
709
-6542
-203
-1006
-2172
-1432
2244
6993
-5041
7357
2702
-1387
4882
4875
-3559
378
327
4295
-4211
925
13140
5347
7433
-898
7920
173
3016
3892
1299
923
-1586
4652
-1227
-2329
17
-7490
5691
-7336
-1649
-6507
3255
-2163
-1050
-1080
7714
-1440
-1757
6152
70
-1258
3272
4168
-1064
4725
-1853
721
-3917
891
-5767
-1743
1535
-2038
-2978
6578
3209
2736
-2648
-1318
1660
-7118
-49
-2311
-2575
-4407
-4783
7652
-7870
-5171
4512
-5798
4699
-7287
4997
-1701
-4064
-4513
-1378
-3369
-3448
-5555
-5468
4280
-1640
256
11511
-5771
5847
407
4514
736
962
-4583
5263
10255
343
-1137
7469
-1670
-2278
-4141
-5338
3727
6586
-7881
2424
-294
-1044
-1477
2297
-6239
975
5299
-979
1467
-8405
651
-5597
128
-2369
4037
-169
-5186
5284
-8295
6290
7034
1219
558
-5759
-5989
-578
-7429
938
8092
8635
3141
7747
-2089
-7497
3609
1074
-5927
-798
-4075
3166
-549
7357
-1248
-97
7472
-4329
6048
-231
2521
11664
260
-2257
-905
12034
5533
1368
774
4390
-1158
-2845
-5520
-3899
-268
-6976
2169
1964
-2705
-2913
-700
-6080
1226
-4413
-7929
4163
-8055
-7487
461
13217
1072
1274
-388
2130
7107
-275
4359
8210
5289
7735
6411
-431
-4874
7983
2590
-6252
-3238
1252
6611
6711
-4450
-1542
-5213
5369
428
-9761
-1294
2897
31
-2796
5446
848
3260
-2702
-4300
2619
-4119
3972
3647
1250
3364
4221
3247
6340
2060
-5145
5979
535
792
-552
3554
-2168
-5591
-602
-4115
14127
-4292
-288
443
367
234
419
1319
-1352
-6241
-4508
-5160
-544
4887
-1541
-128
-3243
-3208
-9189
-1622
11376
3749
-4633
-658
1665
-829
-4638
-1221
-3761
1671
-5036
-1460
-6720
-843
13015
-1781
-6712
-1210
-1523
-3085
5809
-4835
-865
3866
-342
-2601
2894
-2738
-6047
2890
-3803
-3664
-1298
2208
-5705
1789
-4753
-107
-2638
-3237
5129
-1153
6330
-4341
3942
-2781
-916
6924
-3815
-209
1804
6748
926
273
2600
-7030
2110
-6637
1756
1667
863
3107
1381
-5103
9404
3557
-2311
3439
2793
-4369
4122
-922
3607
3298
-1935
-1606
-4899
1863
-4544
-1323
-2438
-3203
-395
10545
-300
-1913
-2306
-3755
72
-3991
-5818
3091
-2871
-3240
-5726
2890
-4725
-2407
2910
-9964
1890
-5925
-741
2233
-2824
-1327
303
131
-6662
-4223
-4961
1204
-1037
-1808
7256
-1993
1544
-1606
-2578
-1388
-951
-8044
2531
13460
7323
2768
8520
-4903
-1837
-4502
-5895
2421
2562
-5892
5425
-60
-1501
-2571
284
-2285
3732
-2632
-3710
-896
-4815
-1928
-7605
6114
-1638
-463
-3260
-5929
5526
-9057
7683
2237
-1385
743
2261
-7978
1057
-5501
1706
5660
3564
4781
8871
-3243
-2887
-913
-1598
-3932
-1350
-5022
3700
-4727
12037
4625
1955
5643
-4923
3512
-4344
3171
14699
451
546
-1772
7285
4133
4778
623
320
2106
-1589
-1917
-1628
1098
-3333
1441
3735
-3297
-2499
900
3866
10292
-1045
-9211
2764
-5481
-3661
1825
12552
-4606
-1978
-605
-1651
2433
262
-1321
1736
-1019
5075
4068
6163
-2793
6936
-2662
-1798
-3952
-3170
3110
4068
-2566
-2119
-5342
2486
2942
-7597
-6647
717
-3012
242
4453
-6793
3048
-1805
-1209
1177
-2946
-476
-1081
1567
-3422
1444
-651
767
-1949
-22
1483
8803
2907
4381
-3221
-4647
-5170
-5044
-699
10138
-3148
3063
4783
3109
-4007
816
-1724
196
-2638
-2209
-6891
716
3835
-1409
-2924
-387
-3709
-9207
-4714
6846
-1535
-3161
-1321
171
1215
-1837
402
-5694
-775
-6497
1630
-6368
-520
12789
-1463
-10224
-1349
-3093
-3619
2203
-4904
1079
1859
235
-4469
-2816
5005
-3820
-5164
-8479
-10140
-4499
2824
-7515
-324
-6498
9486
-1536
-3563
4250
8938
1874
-4065
7252
-473
5062
-1400
2003
6851
4834
9796
-165
-7149
10849
-5753
4173
-7977
6139
7145
-1849
4391
5305
841
6981
393
-2983
9264
14004
-3469
6144
91
4328
1344
-1744
-4101
-3743
-2209
-7296
-2748
-606
2271
2448
15019
-2189
-1820
-5144
-3570
3916
-7470
-8866
2466
-6261
-1852
-8128
3528
-1566
-3464
-1409
-4456
-4175
-5603
-919
2447
-5575
-913
-2493
-2699
-8457
-2026
-5109
-581
-573
-6559
8834
-4842
2095
-1269
-3980
-7184
-2637
504
5502
4228
5623
1023
9592
-3019
-2744
-3744
-7570
-317
-345
-8405
9568
-483
-4475
-10848
219
-7696
647
-4529
-3553
776
-4864
-9591
-10183
7702
-2182
6783
-102
-1475
1800
-11154
-728
9370
-1621
814
1436
-4099
1834
-14677
-5508
-5019
12680
2364
3312
-2256
-1777
14088
-2913
-4736
-1125
-2169
-119
-7267
7358
-4506
727
7508
-3959
7217
768
2399
11610
-4112
-1122
-256
8335
2572
7143
640
1510
1758
3400
248
-800
745
-6035
4465
-129
-2070
-10001
2692
1511
4943
1122
-8308
11433
-5730
-10060
7604
11365
2768
498
-1725
53
4851
2032
6056
-26
375
4302
6512
1006
-4341
-5520
-629
-7765
-6253
1201
7296
1329
-2726
-1667
-289
11014
-5409
-245
-1126
2033
-6325
-463
917
-2545
2104
-687
304
3363
-2731
-3054
93
3344
513
-2520
-1125
3093
-5369
527
-465
3299
7903
-551
-1427
-9531
-10995
-983
-2835
12118
2166
5866
-2125
1148
-2643
6569
-158
-93
-6310
-394
-2589
-5519
4327
5256
-2225
-1945
-4506
-10230
-5024
2457
5003
-436
-5093
5188
-5748
-3727
-668
-1176
-186
-8025
2288
-7964
-4833
6731
-3216
1604
1986
-2815
-2198
2969
-9917
-2643
-1172
-4366
-766
3717
1802
-2593
7802
1308
2286
4071
4546
-2787
-260
-588
1941
-7484
2233
7364
5273
8384
3791
7982
1970
3159
9382
1006
255
609
-723
409
-446
-3442
-6951
931
-7291
-4288
-7088
683
-1347
-2923
5141
3658
3328
-4529
4466
-4148
-553
4534
1984
217
810
-4622
-929
-4010
407
-5004
-2905
1046
1024
-3791
549
1595
5848
-779
-2045
2800
-7688
-779
-1523
-5117
-3770
-4402
1802
-8434
-6083
4519
-3407
5097
-8085
280
-1772
-1698
-2353
1215
-11
-899
-3426
-6344
1585
-2073
1025
7633
-6221
3983
-1945
3587
1195
2950
-5566
5902
5177
7086
-3921
10562
-128
-3193
-1828
-1512
-1948
4012
-8334
1381
-2580
-4484
-3979
467
-2000
-1358
2959
-801
543
-6790
1378
-895
-2236
-5986
-441
-407
-4497
7718
-2431
8337
5266
5473
3955
-2005
-5639
-2415
-4207
1624
8236
2756
3894
8498
-1988
-11052
1337
-1545
-4031
-1645
-2929
3236
-3749
8084
2574
2311
9428
-2689
3293
-5056
7051
1484
933
-514
-3965
4135
6660
-2868
966
1890
216
-2396
-7459
-2165
-1428
-7256
1974
3616
-2689
3008
-1379
-5102
1684
-4857
-6081
562
-11496
-7714
559
8377
3623
-1014
-1074
3592
3083
-1544
3476
7771
5856
2717
3550
3758
-5110
7914
-1367
-7926
-3923
113
4233
4847
-1883
-4767
-6100
3638
2577
-10480
-684
-1486
-25
2815
6163
-1207
1411
-1692
-3414
293
-5274
2773
1429
5976
6200
7923
4295
2203
-540
-6828
3395
1695
257
2333
3351
-1646
-3821
-1643
-4149
8847
-5045
3858
6338
-1209
360
-43
2089
2263
-7184
-1198
-8574
2006
140
-6210
965
-3467
-4022
-7588
-237
11919
4712
-2436
2122
-4222
-3325
-2911
-5529
-3696
-4808
-4207
-3344
-1046
2350
17851
-2254
-11207
-1423
2467
-4475
6908
-3195
-877
3681
1694
-3752
9244
-7486
-3446
4092
-7513
-7994
442
498
-4239
-382
-9970
6484
-1524
-4852
5613
-1697
5316
-6027
906
-3347
-948
7582
1222
-3686
3781
9991
-3016
2509
4528
-8977
-242
-5298
828
3043
-2245
1915
2066
-6660
13244
5405
-3901
11429
7795
-6306
436
2756
3170
1855
-4684
-2545
-9913
3718
-7853
1587
-7262
-3716
-2351
2118
3840
-7935
-6008
-6185
729
-5612
-5981
5467
-7095
-2289
-5068
-6056
575
-935
3714
-8195
5734
-9754
-4899
6954
-3355
-4444
-2194
2032
-4952
-3757
-4095
414
2677
-4726
7996
-3895
779
-4570
336
-4738
-4601
-10035
2944
17729
6051
1998
12778
-6747
646
-2720
-5932
-3388
332
-7324
11517
-2844
-1211
-5507
-2484
-3946
1716
-8002
-3710
-4068
-3786
-1990
-7500
7605
-6015
-1717
-7741
-5357
3599
-12080
5587
-116
-6333
-819
4513
-8462
-3118
-5134
-5883
7822
2855
3666
11848
479
-5051
3965
-274
-2696
-473
-4727
1893
-6041
13116
2738
2442
6096
-7193
3604
-5422
1456
15321
759
-77
-1733
5764
8162
5968
1683
1060
4970
-6859
834
1416
-1366
-3920
673
3262
-4987
-5359
-1846
6907
10552
-4272
-13538
3190
-4665
-5641
919
11866
-7970
-3444
-3576
-5675
4637
-2877
-1902
2367
-688
1625
5340
6783
-850
7731
-5817
-3244
-6147
-6886
2272
486
-2445
-6570
-7717
3735
706
-6797
-8245
1422
-4808
7605
5905
-4186
-2745
2672
2727
6211
-4455
-2434
1234
4712
-4682
1365
-931
665
-3555
3339
4032
11016
2562
11690
-4886
-7680
-3544
-10363
4014
20139
-5403
6468
7058
-455
-4011
-641
-6071
-2731
-3789
-2107
-7342
-169
2521
-3206
-2025
1414
-4216
-11672
-8042
6292
-1019
-2173
-3502
2698
1367
-2647
879
-4738
2160
-9229
3926
-5337
-2578
7098
-3048
-4695
1712
-4389
-4304
218
-6547
-2804
-2729
-3017
-1425
-3419
8743
-4002
-3748
-5045
-5020
-3239
4599
-4190
584
-3754
7962
-4042
-1432
4818
7866
2648
574
8814
153
6192
-1119
5065
5996
1881
4345
2376
-7607
6708
-3606
3214
-6842
3164
474
-1574
1752
3273
3142
2228
496
-2887
4979
8679
-2271
5844
600
2652
1528
-2213
-1732
961
-2532
-6226
-3849
2582
3133
1252
11644
-2560
2115
-2849
-1525
3701
-8536
-4938
-481
-4664
-803
-6500
3937
-4001
-5647
-2740
-2474
-3694
-3918
1453
-915
-4030
-1553
384
-3279
-6062
-249
-4922
2116
-3423
-2777
7206
-5413
3306
-858
-2903
-2817
-1162
35
6537
-1261
4645
-2520
9856
-1217
-5272
-3079
-5012
1659
19
-6361
6200
-886
-4119
-6601
-190
-5928
-1633
-923
254
1881
-5947
-4882
-4966
2421
-2582
7079
2282
-3705
3471
-5862
1096
9859
956
1265
-1431
-3387
422
-11676
-2674
-5602
9930
2446
1212
-1340
-5459
11424
-2511
-5850
-595
-1779
-232
-5690
3599
-3017
-1
7572
-619
5831
-929
5046
5032
-4507
-1755
-1176
5557
1537
720
-1029
2672
-1791
4307
-248
-1519
-501
-7421
3092
1263
-163
-5631
2538
-3873
-404
-662
-4759
9862
-7415
-8705
3671
6145
5317
2022
-2026
1149
4887
931
6364
824
2845
3473
4476
-133
-6952
-4784
1012
-9039
-3385
2900
6235
1387
-774
-1276
-535
9317
-3649
-1300
2248
-471
-4429
-3271
2125
-1967
2844
-3474
-1423
1097
-3964
-1541
-1119
2968
5284
257
144
4824
-5257
-2388
361
94
6282
-4053
2117
-4718
-9546
1234
-3546
7558
1329
2051
-2101
-384
334
4510
2191
1981
-6147
-239
-4033
-4618
3437
3758
-215
-3951
-2416
-8872
-3065
4998
6325
-2379
191
3351
782
-6630
4705
-4561
2043
-6684
63
-11161
-7610
11342
1399
-9298
786
-5207
4362
6407
-4312
0
3919
-316
-5663
613
-3601
-1497
-3906
-6243
-4123
-6250
-1279
-9301
-549
-5286
-1513
-1136
-3538
-1479
-1249
6052
-1757
3753
-2071
804
4362
-11334
1450
1634
3888
4910
-1766
2546
-5534
914
-5491
4299
7631
-2587
9481
1673
5340
5621
8930
-5117
-2104
-87
-3819
7320
-2390
7746
103
-229
-5882
-7212
-2355
-2573
-3057
-1570
757
2163
9270
-6135
-2307
-1864
-4843
3871
-5243
-11333
4302
-10176
-1262
-7960
312
-376
878
2496
-10478
-1509
-3216
-8386
2365
-4609
2528
2495
5472
-9182
877
-4209
-4961
2549
-3091
3172
-303
278
-1437
-4590
-488
1844
-3311
-1288
7888
15150
2258
9896
-5042
427
-3787
-2056
-8250
-2426
-5731
5878
-1446
-4225
-8001
1619
893
3103
-3788
-4542
2093
-4867
-8888
-8660
3321
-2798
-6194
-2318
-1402
8832
-3023
7636
-953
6153
3579
8754
-6001
1798
-5478
1781
-1670
1081
3116
5015
-1075
-2033
-2309
-3821
-3768
-2201
-2967
6839
-9840
11766
4234
6136
5864
-8131
3774
-2453
7941
4222
-1098
4578
-274
4964
-48
6145
-1889
-228
6164
4728
-3831
-3005
3397
-5084
4630
-141
-1888
-2543
1938
7179
14131
3533
-11634
530
-5540
-4302
5732
8722
195
-996
3314
-1626
-1230
1404
1213
-98
-5729
-953
-1021
9625
-577
-683
-2500
-435
-4562
-805
3061
3193
-1844
-293
-2900
451
6628
-2723
-1515
-2371
-5782
5214
-1267
-6519
5521
611
1155
957
-2164
-3177
-8202
6785
-6891
-383
-2051
-677
-2183
-240
-365
13382
7067
4179
-1085
-9224
-6979
-4755
-5445
-1751
1324
8129
9030
4564
-6657
4015
5110
3268
-2834
3081
-2995
-1507
868
4839
-5029
83
-7158
-4804
-2999
3678
1541
1373
-3786
3833
-4711
-389
-1413
-3746
-3607
-1465
-2254
-3099
3992
9926
-4417
894
-2558
-1991
-5046
1347
-5464
663
-545
-220
-2638
3351
5233
-5314
7384
1282
-2879
5173
2335
-2929
-283
-673
5371
-3732
398
11595
5101
7414
-2821
5590
132
2466
3573
2025
-515
-570
6134
-3226
-1703
-312
-7372
4953
-6615
-1993
-4680
3294
-1652
-615
-2827
9507
-1500
-1868
7115
1749
-1503
2167
4707
-24
3044
-2242
1248
-5574
2546
-6470
-311
295
-3276
-2763
4613
4946
-321
-3600
-1910
1796
-5980
-1917
-160
-3888
-4451
-4226
2791
-5257
-3503
5037
-4850
5701
-8504
2862
1006
-4947
-4860
-2804
-2579
-2925
-4544
-4076
3349
-235
-1361
11961
-5342
5476
22
4979
-1080
-295
-5014
4575
13058
536
486
8814
-2436
307
-4115
-5806
1750
5688
-7496
5008
-426
-618
-2730
2472
-7722
1344
3800
-1033
1224
-7756
510
-6573
820
-3220
1788
-2701
-3257
4052
-9451
5637
6064
-695
-517
-4086
-6373
-517
-7052
-1456
8784
7571
2717
9272
-1395
-6203
3479
1803
-4485
-1150
-4561
3304
-2050
8845
-2143
-141
6514
-5438
4528
-479
1239
12128
1918
-2370
80
12313
6752
2936
855
3268
961
-5621
-4900
-2167
-939
-5668
1317
1608
-3057
-4942
-499
-3800
2721
-4338
-8617
2771
-7636
-6973
1160
12697
-531
-698
-997
-692
7597
-817
3121
6910
5117
4990
6256
499
-1804
8275
1466
-5580
-4505
-167
6812
6120
-4741
-1349
-4844
5075
333
-8911
-1987
3920
340
-571
5061
1658
2532
-1218
-2752
3911
-2264
3319
4479
3119
2506
4045
3097
6454
1995
-3426
5701
2227
1329
1974
1884
-4497
-4575
-2760
-2023
16757
-4551
705
557
546
-396
298
71
-2060
-6842
-3351
-3869
-258
3780
-1345
-506
-1336
-4684
-9375
-2577
9665
2233
-4180
-3012
6567
-3968
-4582
4798
-4738
1139
-3446
1132
-10369
-5099
8987
-639
733
-3389
-2884
132
5538
-7101
-594
3689
45
-6090
564
3381
-4272
4332
937
1285
-2075
2461
-6199
822
306
-644
-2278
1332
6834
3939
7309
-191
4803
-366
2804
5211
-5837
1341
-1274
1975
3276
-302
-619
-7727
4939
-6622
2989
-1780
283
2491
-1468
4579
3522
2279
-3341
165
-4286
-1770
7783
-1803
1208
3421
-914
-686
-4849
-1351
-4100
-3339
37
38
-2021
8115
-1338
694
-2756
-3161
3755
-3549
-6599
-1322
-5259
-2817
-7345
5610
-7811
-2190
3976
-5686
2246
-3909
-620
-212
-4769
2208
-503
-902
-5662
-1639
-5602
374
178
816
7538
-3295
1781
2181
1364
1329
3748
-3456
1551
5777
6973
-703
7366
-738
-903
-4332
-3806
-1182
5536
-7068
2039
-2790
-4942
-3871
1272
-2837
3715
2472
-3762
5456
-7771
-5560
-5198
698
-2551
-705
1536
-1893
6472
-3717
9514
4250
5274
3806
-650
-6291
-1132
-6358
4316
5622
7456
2976
5698
-3021
-3453
1580
-2413
-4977
-2343
-3131
6780
-4896
6937
2553
2283
8763
-3866
3630
-2052
4089
6157
580
1074
-1483
10014
2671
1913
-255
2633
2177
1696
-7197
-6439
3285
-6037
3677
3277
-788
-402
749
-2994
6908
968
-8113
2748
-7303
-5082
4584
10714
338
-408
2989
5753
-1030
319
2362
4302
2680
5578
1814
5478
-1978
5516
817
-1295
-1933
4046
7366
7148
-2575
-195
-2634
1720
4392
-4603
1291
1320
-3009
-521
2773
-1584
4568
-931
-2104
447
-2177
1963
-2946
3489
-345
2057
3289
180
1642
-6576
3228
5304
2149
441
114
-4057
-7248
-1570
-4940
2431
-3717
3890
2325
2714
-3538
4517
2436
2582
-3603
-318
-3604
1117
2083
58
-241
-2013
-5305
-4116
309
10113
118
-1149
-814
812
-2736
-331
350
-2407
-2850
-6724
6171
-5142
-5259
6780
231
-2083
-1450
-3040
-3420
2239
-6708
-2508
-2938
-2414
-4846
-1214
9139
-4340
2398
-485
1157
-2789
2538
-3254
-595
852
8266
-2420
2529
8083
13539
961
5425
5149
185
7430
2704
8919
6270
5175
-1197
-2081
-2441
3040
-6144
2424
-5722
3226
-2221
-459
-884
-3066
5862
-649
-1499
-2024
7131
5693
442
6941
-756
-2299
305
-3061
1577
-2671
-1609
-7621
-3260
-502
2058
-4100
1808
3140
3830
-173
-2727
3794
-4582
-3127
-2139
-5084
-186
-3173
-843
-9732
-5488
-968
2860
1252
-7503
851
-187
-3379
-669
-2219
-6743
-1393
1365
-3817
1557
-3694
-553
7052
-7541
-3
2316
825
-4513
535
449
5911
-6242
2789
-4225
8018
1354
-5191
-1878
-3533
761
5914
-7561
2919
-6023
-8311
-7797
-3179
-5805
-1195
6
-943
4035
-4826
-5164
1994
-101
-4317
7133
3995
-1129
-915
-6393
-709
11900
1187
2166
-1574
-2712
-3689
-7580
-1903
1734
12428
1342
1568
-2174
-8279
15130
-4105
-3575
-3003
-573
-1616
-4225
3099
-2757
-879
9561
181
5444
-2977
2773
-598
-3057
-3116
-1893
5742
5289
-1242
-282
3535
-509
488
-4606
-2098
-3478
-7481
4798
4849
-1491
-2093
893
-4861
-3323
-2669
-4764
10694
-9945
-10630
5728
6282
7062
-3049
-3339
6166
315
-2045
8068
2606
9801
2722
6459
403
-6144
1590
-2687
-10069
-1018
5100
7143
3233
2341
-4675
3088
10423
-5598
-1898
3453
2622
-70
-705
3943
-1931
2630
-2834
-238
170
-2920
-875
3240
4057
9956
2317
458
-1197
-4920
-5295
-294
-2518
4010
-376
212
-3342
-8985
12
-2324
7752
-3583
4791
-3956
-2189
607
5258
-1298
3332
-7342
439
-6464
-2007
-1281
-3436
6483
-5239
-1880
-4751
-2784
9361
6467
-1541
1915
1260
-3841
-20
-3148
-3026
-3437
-6630
1391
-123
4912
13237
-4254
-3342
-517
-434
-4902
2572
-5792
-199
-208
-1877
-1294
8897
3051
-4250
6584
-3604
-3969
2635
6426
-3773
-1289
-5308
8588
-1880
-2355
12926
3427
5968
-2020
2968
-4673
1421
4948
5924
796
-261
7827
-4399
1934
5443
-6655
3064
-4453
815
-1862
-1544
-1721
-1068
-4523
9148
2471
-2458
13794
6389
-5593
449
2071
1788
2777
-2822
871
-8767
3377
-6447
2511
-3987
-7271
-3861
2644
5893
-5256
-5275
-4227
-74
-7069
-3801
2142
-5385
-2755
-2607
-3577
-3434
-2858
2115
-4308
6362
-12155
191
1248
-1748
-3934
-4737
256
-5250
-2819
-2395
1386
-2374
71
9854
-6309
1926
-3970
5019
-6886
-3702
-8043
2751
12803
1184
-2801
10072
-3644
25
-2840
-4365
-186
3309
-7213
7031
-3709
-1076
-5058
-2407
-4485
-1974
-3779
-4420
-1239
-6300
-930
-4870
4009
-5205
1248
-4912
-6783
2553
-11904
3646
4293
-4602
2049
123
-7896
-4301
-4904
-4963
9348
9122
3943
9708
-613
-6342
7590
181
-2431
-812
-4896
324
-434
8783
-679
552
6729
-6767
5044
-3694
-113
13623
-148
-196
-1274
6979
6979
3118
1346
3330
2745
-7494
-951
-1430
-2913
-6412
3088
4689
38
-5161
1403
-1527
5147
-7662
-12022
6778
-6609
-8405
1003
9062
-3441
-3418
-3873
-3456
4944
-4032
-214
5353
2139
6202
6923
2874
-2747
10836
-3132
-6251
-1043
-2561
3162
1748
-662
-4390
-4374
5394
-2807
-7949
-2689
4180
-2819
2249
6227
-864
440
1722
-623
6225
-2093
-1354
2522
-31
-892
-635
-2594
2397
-1367
2460
4692
6252
2970
8438
-2381
-3867
-2413
-8489
5042
20606
-6851
1444
2912
-3829
-866
784
-5319
605
-4026
-5856
-7937
-1586
3820
-5068
59
-1702
-968
-10109
-7187
9066
3106
-4964
-1281
4759
2335
-6391
2989
-1966
4911
-10128
311
-9602
-1964
10732
-2765
-7685
4200
-6006
2351
1252
-6864
2183
3257
-3850
-700
1968
-2421
-545
-4086
-6848
-6181
-1947
3512
-7423
-1225
-6101
1176
-5215
-4469
80
884
7068
-1231
8559
-552
-118
4810
-8723
2545
2935
5640
1909
-3881
2665
-5238
633
-6572
648
4944
-2502
6237
1843
4411
7237
8477
-4543
2550
3965
-4592
3895
-1177
9770
1014
-530
-7151
-6135
-1660
-1598
-654
363
-422
2479
9567
-5653
-370
-1926
-2457
4705
-9052
-7912
4415
-7769
-3182
-6037
1997
-678
-2024
3952
-10776
-813
-3978
-6243
796
-3098
-331
1871
5541
-8678
-4153
-4421
-4616
-27
-3246
3082
-3319
1677
-5389
-3155
-2124
704
-3875
1032
12020
12634
3223
10199
-6974
-231
-2745
-2689
-7521
-2949
-5918
5098
845
-2262
-8395
3559
-1155
-381
-3173
-5486
-1962
-5459
-6499
-9365
4992
-2448
-3621
-3472
-4325
10313
-4760
4264
-44
6189
4153
6997
-4593
3782
-4108
-1387
-1091
2015
2325
7329
-3925
-4310
-629
-2315
-3448
-955
-2477
2960
-6185
13254
2671
6597
5411
-9049
4756
-1546
7505
6654
-3409
4056
-2301
2561
403
6404
-205
-3141
4423
3687
-1193
-2799
1561
-6369
4438
-1767
-2248
-3449
2808
3867
11034
-251
-12338
1258
-7053
-7266
2710
7621
437
-500
2890
-2792
1310
1865
1202
2526
-6306
1690
800
7020
-2740
-462
-1842
-6286
-7457
-3998
3044
220
-4131
-1151
-3533
3131
1119
-7249
-3937
-4317
-5901
4750
825
-5672
3947
2723
-1221
2563
-2723
-2706
-6524
5118
-5432
-372
-2924
1375
-681
1746
-754
9787
8234
4301
1185
-6648
-6093
-3029
-5022
5273
2800
4083
10196
1798
-4349
2886
4319
3504
-3737
-2075
-5169
-2644
3344
3125
-7854
-188
-4463
-7586
-3828
2481
3303
-808
-3749
63
-4703
-962
-1344
-3084
-4180
-6801
2345
-1975
-2075
11608
-1930
-3321
-1522
-1041
-3153
3311
-5624
-2017
-1548
-1205
-5015
6483
3420
-2913
4487
-2782
-1157
-1446
2228
-3859
-1117
-2538
9644
-609
627
10791
7800
3287
2575
1993
-2192
4286
4181
5552
1499
2345
1341
-2884
2031
2621
-8387
1627
-3894
2746
-1648
-2739
-1039
-3825
3136
5482
2748
-3195
9132
4438
-2913
3350
1319
-483
1804
-2300
37
-9417
517
-7210
129
-5087
-2988
-4531
-2854
5027
-3551
-3669
-4305
3277
-5382
-4977
818
-7745
248
-2712
-5241
-4066
-2577
1923
-968
6085
-10029
-2970
2982
-4424
-2048
-3617
-1928
-3421
167
-3132
-870
-2122
1
7502
-7417
-589
-173
3562
-4708
-1930
-3615
1374
2788
3255
-2966
10266
-1760
-1390
-1110
-2976
-3527
4402
-7004
5984
-7172
-5811
-7335
-4103
-4762
-1753
-2919
-2406
2087
-6416
-4837
-50
1710
-6187
1200
-1226
-2981
1124
-8055
1944
4620
42
1990
2416
-5704
-6993
-4411
-4176
7011
9583
2082
5916
-532
-8356
10401
-2238
-3935
-1248
-2797
522
-3856
6502
-300
46
9454
-4812
5119
-3871
2602
3712
-1354
-1454
-1839
6718
6674
2256
-665
4141
2292
-4110
-3359
-3549
-2832
-8476
4102
4828
-1968
-4160
-739
-1274
2964
-5950
-12734
8338
-8468
-9615
2643
7259
387
-3553
-2387
646
859
-3760
3376
4768
5691
1368
4890
3768
-3498
6418
-2971
-7422
-1395
1141
5654
1646
1629
-4202
-708
6334
-2132
-3410
2174
2681
-2548
3483
4946
-2289
744
1458
2907
4441
-3602
-2274
68
3600
2211
-646
-1406
-1133
-2859
-1057
3190
5581
4679
6844
-2100
-4446
-5543
-7802
977
12548
-5960
3949
1916
-2820
-1930
3696
-3626
2381
-4580
-2006
-6371
-1818
-319
-3753
3774
-2926
-999
-6172
-6560
10218
3689
-2706
-271
11731
-1277
-4943
6825
-2771
8157
-8098
4656
-13418
-6122
732
-2065
1730
6328
-5051
1739
780
-8660
-1587
-580
-5732
1308
-4446
5112
447
-2182
-461
-69
-953
6341
-5060
415
-575
-2727
-8765
-935
617
2147
8030
5093
12986
1614
2888
3121
-8441
4353
-4277
-108
8856
-6352
252
153
2801
-7356
479
-1719
-306
4873
1241
12133
-1466
5137
-2983
-6152
-5989
-484
8615
-398
4301
2078
-344
-5246
2811
-5482
-2321
-5433
7795
6933
1679
13322
-9732
7784
-1280
1231
5044
-8767
-3629
-2409
-5451
-4647
-9113
11381
-4323
-5261
820
-6580
-3350
988
-931
-7166
-630
2315
4938
3143
-6882
-1542
-6567
1121
-1849
-270
3678
-2758
4850
-628
-4294
4211
6680
495
4579
-2097
11153
-3191
6584
362
-3874
-3212
-150
-3332
-500
-4694
86
1103
-3625
-3157
3307
402
-29
4970
-875
2655
-7109
-4146
-2641
-4210
-184
-731
3701
-2883
11916
4579
8188
4876
9864
6071
841
-2301
3517
-7290
5345
-5275
1661
2562
-190
-2195
-5523
-789
-2981
-5484
-944
454
5100
-3567
2392
2205
4683
7106
-2389
3399
348
10285
-3301
-1008
4243
-2376
3530
-3617
-2849
-1728
1131
154
10346
-5307
-5656
3974
-5976
5292
-2408
3392
2737
1788
-6453
3346
3986
-1758
610
-7176
-4333
2712
5023
6514
5260
5275
4579
1946
3392
5970
3908
-1686
3050
-1592
3565
-6013
-4678
3731
-3925
-1805
3494
3601
3949
-2021
516
-1171
2302
5760
-3607
3659
-4624
-4105
-3302
-149
-1260
6017
-3430
-4632
-1184
-3462
1819
-6236
4090
2933
5036
2978
4592
-463
-7940
919
1528
5117
-6152
7652
-2635
-5210
5044
-9503
-5929
4389
1720
4378
991
450
2547
11685
4537
-5534
162
-1967
-2687
2827
4381
-5837
-2882
-5282
-1835
3757
6823
5749
-690
2531
-719
-2864
-3388
-2060
-2462
-3654
-6878
-3
-4193
-1190
14567
-389
-7052
-347
-2888
904
5837
-5009
-635
2425
-984
-4632
6976
-4956
-3916
5974
-2586
-688
-123
-522
-5970
-1887
-4946
2199
-972
-2403
5687
-132
7478
-667
-913
-2646
564
10013
-2131
-1851
3010
4024
-3697
4432
-645
-8004
-570
-4667
915
1404
-967
3440
-2995
-2364
9971
7810
-4310
6062
1186
-4167
3260
-38
4190
-983
-2946
-741
-11037
3496
-5441
1564
-5420
-6710
-3461
-1084
4120
-4192
-1657
-5821
679
-4474
-6965
5058
-8105
-2063
-2316
-8411
-3503
-49
4491
-7995
7181
-10515
-7525
4196
-2542
-1545
-1615
3865
-5396
83
-2018
-2940
206
-494
5699
-3417
-732
-4169
2460
-3975
-1141
-9820
-197
13888
9908
729
11019
-6210
1967
-3290
-2049
-5900
1920
-6487
5337
-4680
-4243
-6073
-1178
415
909
-4288
-4956
-818
-3773
-2146
-3275
3229
-6572
-6476
-6150
-3444
4166
-8550
6617
-420
-1157
2955
7267
-7803
-1556
310
-695
11117
1684
4300
11631
-1137
-7281
-971
-1633
-1572
-3207
-4660
3951
-5308
14891
5255
4262
7003
-9193
2621
-6356
2405
8350
1348
2232
-389
2915
6722
3880
577
10
6266
-7482
-4084
-215
-1894
-3757
3396
4292
-3410
-1177
1358
5816
11658
-4698
-13790
609
-8597
-6073
1564
8894
-3550
-7231
-1359
-4792
1239
-3682
-889
2748
468
-464
2730
9219
1287
12464
-5789
-3433
-4248
-5152
677
2628
731
-5466
-4586
1140
3195
-9106
-4418
1711
-1830
8816
4254
-6009
1962
1798
1328
3543
-1130
-2358
-182
6193
-4344
1757
-3072
-1409
-2517
2303
635
11981
3919
12286
-4342
-6798
-2371
-10169
1818
12381
-6355
6616
10267
459
-5045
523
-3279
2795
-4481
-789
-9149
1949
-419
-5365
-361
233
-4396
-7941
-7659
7819
1397
-1934
-2232
-4111
-3237
-332
-3551
-2242
-6082
-8956
4334
-2138
-582
13854
-2527
-10209
-702
-1036
-7262
4600
-5863
-2782
-3555
-2257
-2976
6610
3296
-3975
3243
-6046
-4684
-2405
3456
-3132
-1382
-5426
13191
-2004
-958
8971
10749
1525
453
4785
-3523
4837
4245
13257
4599
8464
4531
-5382
-850
6313
-8576
-150
-6492
2963
756
-3128
-176
-1123
-1224
4834
2514
-3031
17602
12947
-4061
3102
1611
727
1630
-5131
-1404
-6864
5
-10946
-803
-5353
-713
-5276
67
5016
-2408
-3851
-6146
1979
-7771
-3908
1707
-7415
381
-4053
-6011
-6173
-5239
-956
-680
4001
-11417
-814
3176
-2463
-5523
-3132
-4970
-862
551
-4594
1622
-1026
-3259
9360
-8789
-108
-1411
1872
-8478
-4889
-4762
7106
5207
2498
-2906
13466
-2612
-6096
-1572
-4979
-688
3890
-11352
8752
-7043
-5856
-9066
-4751
-7764
-849
-6900
-2572
282
-3958
-3442
-1503
4633
-6964
7819
-997
-3933
-697
-12774
-495
10123
-5595
1677
1030
-6672
-6506
-8169
-7484
3929
12199
3080
6332
-872
-8997
18274
-4384
-2871
-1965
-2159
-3463
-4851
8614
-2940
1017
8524
-3274
7158
-5117
1302
7400
-2557
-2602
-3442
4496
9390
2279
865
3364
2433
-4702
361
-343
-6849
-9366
4634
6142
-4362
-5006
-669
133
-265
-7048
-10575
11898
-9831
-13012
4928
9142
509
-4580
-7874
666
4063
-5439
4789
2775
7107
3061
9552
1241
-6379
4567
-6659
-12547
-3019
-477
6013
1234
997
-9577
-1198
12005
-7214
-4106
-880
2912
-2222
4332
6435
-1844
-941
-684
1665
3804
-6896
-2771
4864
4768
5446
1998
-2810
-476
-6083
-974
2648
1488
4043
6088
-2383
-4993
-8672
-5826
2882
21112
-6058
7781
-845
-4030
-1200
3325
-6800
78
-7261
348
-8272
-3370
954
-4787
6075
-3842
-2922
-9727
-7456
9477
6138
-2843
-107
5796
-4670
-3371
1191
-3682
-479
-6235
1712
-7587
-180
9769
-4617
634
148
-4732
-2822
2410
-8784
-1055
200
-3414
-2399
3915
5130
-3441
6288
973
-418
2924
4761
-5175
-301
-129
3288
-5258
1267
10106
6371
8487
652
7870
695
3265
6145
-587
1762
1006
2708
-1770
-1487
-1571
-8163
3524
-7483
-1218
-4402
631
189
-2128
2780
5136
2280
-3989
7252
-951
-1679
4327
2088
1838
1997
-2465
-516
-5478
194
-5742
-2093
1279
-1128
-3489
4725
1349
3165
-2438
-3044
4218
-8030
-3276
-733
-5577
-3694
-5187
3401
-8646
-4845
4633
-5808
4655
-8294
385
-1152
-4332
-3017
-658
-1409
-3141
-3714
-5591
1286
-1350
281
9299
-6191
3655
-725
4709
-510
1678
-5288
4635
9775
5120
-2250
10247
-2329
-2304
-3752
-2897
-1964
5533
-9304
2705
-2079
-3931
-4654
1958
-4619
-227
3205
-2849
1939
-8691
-1171
-4444
313
-5433
2014
-122
-3908
6989
-6295
6706
6686
4306
3976
-2143
-6578
-975
-5717
1177
7708
7632
3290
9360
-2564
-8219
3810
-1279
-4609
-1814
-3120
3610
-3645
9120
921
2543
8832
-4726
5192
-3080
4783
7440
-192
-35
-2028
8885
6460
401
895
2523
1454
-1529
-6114
-4472
-868
-8609
3228
2883
-3094
-933
177
-4798
3412
-3736
-9614
2870
-10344
-9090
2514
11188
2068
-1365
-763
2765
3832
-1251
4880
7235
3847
4897
4682
2615
-4229
8448
-294
-7377
-4475
1011
6876
6074
-3316
-3752
-5053
4996
500
-10080
-896
87
-1337
2125
4579
234
3601
-966
-3459
1933
-4180
2308
830
4736
2872
4886
2248
3412
990
-4875
4046
2989
1756
2099
3106
-3718
-7050
-1442
-4416
12042
-5412
3441
4792
260
-1615
1555
1780
1095
-5997
-2082
-6846
-446
2436
-3115
331
-3223
-5066
-8283
-1055
11258
4188
-3348
-410
185
-4656
-2760
-1302
-4968
-3757
-5968
548
-3417
-2527
13535
-1572
-4334
-2178
603
-2917
4630
-3585
-2163
706
-484
-6869
5453
646
-2899
3020
-2821
-2452
-1742
608
-5145
-1045
-4327
7183
581
-452
9203
4770
2295
1419
1197
-1481
4247
4077
1557
-102
1110
2365
-594
1749
3674
-9377
2228
-2694
4360
610
-3454
932
-1741
3231
6431
3761
-3944
7078
3001
-2118
4072
1775
-645
1952
-2027
-1211
-9860
-375
-6745
-934
-4222
-342
-3591
-2241
3852
-4028
-4522
-4472
3864
-4767
-5405
919
-8161
707
-3321
-3755
-2597
-1642
1945
-4002
4633
-8266
-3861
4020
-6104
-2034
-2577
-452
-5143
-448
-3436
-1595
33
-1610
6062
-5733
-1047
424
2197
-2070
-1389
-3443
736
3479
4752
-2201
9443
-2823
-1319
-1595
-3041
-4820
3657
-5734
7228
-7105
-5556
-6819
-3759
-2480
-919
-2935
-2345
1109
-5902
-6040
-1013
2367
-5585
-221
-765
-2887
1886
-8199
2987
2616
800
510
3883
-4845
-6179
-5253
-3646
6292
7747
1457
5200
1819
-7504
8862
-1390
-5849
-1224
-2058
1695
-5444
6948
711
-193
9684
-4257
5265
-3814
3164
4692
-1911
-568
-825
7408
5209
3467
-189
4887
2699
-2297
-3255
-3339
161
-7151
4294
3432
-2432
-4576
-2033
690
5950
-2565
-13371
7349
-5917
-8621
1816
8348
-15
-1284
-748
399
153
-2571
4070
4335
3906
1223
3311
4515
-3083
4023
-2716
-4586
-2107
653
5432
1399
1129
-4221
-2670
4979
537
-2622
218
1974
-4364
4792
4099
-2843
613
1914
4341
4958
-4359
-2653
-1585
4247
-31
-1481
-45
-361
-2912
-119
4101
7540
4484
6532
-2379
-5760
-5969
-8027
-1008
10199
-4342
5220
3737
-1254
-2753
3241
-2125
509
-3443
-1005
-5297
-1792
-382
-1598
2774
-1870
-1958
-6997
-7297
9350
2906
-1658
-725
-166
-2896
-5137
-1557
-2222
-1661
-7196
-827
-4462
-1969
13341
-42
-6257
1943
-1548
2285
5036
-4782
-640
3028
-1814
-4743
6918
-5883
-1837
4412
-2818
191
521
100
-4548
-1615
-5431
1472
-2388
-3139
4460
-1166
7134
989
316
-778
-671
10333
-5232
-3357
1542
1895
-990
5116
-846
-7348
-1806
-3394
-452
1220
-1457
4053
-3111
1102
8251
8706
-4232
2583
-1420
-3593
3346
251
4328
52
-2537
-2235
-11033
2698
-3983
1146
-3758
-4427
-3364
-3359
2218
-3455
-1455
-4466
2692
-4108
-5556
5046
-9048
-1646
-1482
-7685
-1968
-167
5116
-8880
7016
-7930
-8529
4047
-2360
-2395
-594
4851
-5613
-1411
-2517
-3479
642
-369
2529
-4255
-848
-4267
628
-1274
-696
-8721
-1267
12001
10257
271
10561
-6794
1698
-1495
-188
-8063
986
-4460
4788
-4725
-3340
-6080
-273
2567
-1137
-3648
-3599
-2233
-4304
-2037
-1189
1992
-6444
-7639
-5525
-3501
5996
-5453
6532
-3026
2318
2742
8595
-6231
-1860
1702
-713
9602
-1891
2224
10359
235
-7448
-2476
-982
-2935
-2647
-2292
3489
-4949
13212
6908
4174
6580
-8373
2027
-6829
4816
4454
261
3246
-759
2778
5466
2287
911
55
6322
-5470
-3053
-1343
-175
-3764
3026
3395
-2239
765
-647
5349
11583
-3256
-13789
-1150
-7100
-5162
-161
7215
-2357
-5147
1712
-4519
9
-3081
353
3437
-599
-1509
-521
9090
781
9429
-6378
-2177
-5426
-6047
107
1030
1091
-5608
-5166
-383
4990
-7823
-5268
-631
-2615
10579
3845
-6304
1714
3152
2105
4741
-1557
-2749
-2200
6344
-4120
2827
-1098
-1650
-2336
2726
1482
12830
3804
12068
-1771
-5771
-2255
-9430
258
9225
-4726
5452
13008
807
-4432
-655
-324
2651
-3662
-1221
-8114
1577
-896
-4311
-2082
511
-3188
-6112
-7352
7907
903
-1209
-1499
-2269
1528
-1217
-141
-3908
-714
-8726
4194
-5476
-7480
11249
650
-11523
-626
-2459
-3641
2066
-8687
-2720
-1872
-1241
-5313
-3030
7194
-5000
-5647
-9223
-6658
-7890
1725
-4015
442
-5698
12286
-4680
-1587
3348
15653
-328
1571
8590
-26
6936
461
9116
7048
10099
3933
-122
-7139
8100
-7073
1488
-8075
4460
4359
-1791
1223
1790
5657
2894
-142
-1833
9364
15377
-2660
6992
-1530
1283
-209
-5070
-2446
-2732
-2472
-9096
-3769
-3234
5677
-1274
6740
481
229
-2883
-2232
7581
-7256
-7877
1193
-7214
-175
-7510
-1710
-5427
-5665
-2411
964
-2877
-6314
-2127
4107
-6990
-687
-1588
-6711
-4736
-1269
-6361
-272
-3539
-5995
7604
-8364
466
2141
-6117
-6718
-2396
1150
7729
-5691
6680
-1180
13205
-911
-5751
-2133
-7308
-45
1066
-8548
10818
-4346
-8063
-13555
-2672
-10169
-1168
-5270
-1358
1591
-4724
-10970
-3721
5427
-4207
9090
1080
-1430
1095
-9077
-3156
12545
1054
-422
970
-4217
-1738
-14315
-7937
-7627
13373
1415
762
-3433
-6650
21405
-5096
-5721
-1042
-895
-3414
-8946
6161
-3225
-772
11360
-483
7055
-2522
6074
2484
-6827
-3683
-2946
7055
4262
2904
-2021
614
675
4481
-180
-90
-2144
-8125
4184
3143
-3374
-8260
2276
-239
-721
-1100
-8012
14362
-9617
-12571
7300
7074
5170
-1475
-3340
2650
1824
766
7917
-763
7319
919
6973
1119
-6334
-8601
-4528
-12795
-6563
2598
10271
-441
-800
-2761
3126
15289
-9163
693
1028
845
-4790
345
3459
-5218
1324
-1545
2741
2080
-4190
-3546
283
7443
9086
223
223
-812
-9226
-2388
-1741
444
9157
-185
-1272
-8397
-12270
-1402
-3262
10435
1654
5948
-4011
-619
-1184
7122
-897
3430
-8832
256
-5121
-5269
803
1459
1783
-2959
-3344
-8020
-5175
4197
5843
-1947
-1176
-771
-2313
-1579
-3333
-2466
-2343
-8240
2002
-2316
2124
14090
-3285
-7625
-147
-159
-6142
3312
-4362
-753
998
-3180
-3102
7375
675
-3101
2824
-5130
-4762
-1072
4002
-4368
-939
-6436
8365
-1158
-3522
10097
4783
1964
512
3964
-3392
2730
5580
5784
2278
5130
5413
-3914
578
5704
-8506
1456
-3339
3033
1001
-2912
-159
-851
-2050
7185
3459
-2376
12963
8700
-4154
1404
426
1077
2870
-2460
-747
-8343
1038
-7157
845
-4409
-2099
-3753
400
5245
-3049
-3669
-5028
1670
-6460
-2924
1157
-5546
-306
-2799
-3223
-5221
-3780
1261
-5081
4049
-10140
-894
3452
-3458
-4289
-2640
-1762
-4502
-2609
-3181
-270
-1756
-2181
6295
-7220
-1422
-2693
1416
-5679
-3774
-5342
3161
7943
2961
-684
9799
-5228
-4233
-2153
-4297
-996
3936
-6436
7546
-5558
-3699
-6384
-3854
-3728
-1496
-5510
-3900
-2525
-4209
-4062
-1654
5528
-4928
3606
-1169
-6008
1338
-13123
443
5033
-2860
942
2561
-5052
-4279
-4794
-5580
6628
9517
1837
6884
-820
-7937
11070
-2223
-4278
-1313
-2453
-2824
-3076
10160
-33
292
7459
-4723
7059
-4393
761
10102
-3788
-1065
-2754
4752
6191
3772
1092
2189
1794
-3496
27
-1767
-2553
-6397
4784
3903
-3770
-4954
-364
880
4395
-4720
-13187
9035
-6057
-10882
857
9098
-1030
-2994
-3902
-638
1547
-3358
3039
3401
2968
4710
7340
2353
-5644
6094
-4852
-8334
-2744
-2306
4161
168
554
-6835
-2415
7813
-4592
-6333
-4819
1552
-3443
3323
5912
-4129
689
1637
1996
4561
-4946
-3197
1754
1428
659
-1237
-3454
-458
-3845
2764
2436
4964
4207
7929
-3136
-4032
-5734
-7485
1589
17583
-4356
4553
3101
-2882
-1778
1572
-5750
-45
-3199
-4365
-8610
-2609
2177
-4388
1826
-1907
-371
-9287
-8594
7433
4076
-3237
-167
-250
-1408
-1124
-3080
-3418
-2016
-5927
1623
-3529
-480
11786
-1767
-5706
-1708
-2739
-6179
1664
-8660
-1812
-1143
-1601
-3270
-507
7952
-7082
2392
-3297
-4077
115
3961
-3269
899
-2558
9056
-6136
-625
8934
12130
4165
-789
7534
814
4806
3807
8509
4167
6111
6173
-3994
-4162
4544
-7591
3004
-8221
165
-1583
2220
-1975
1077
-2151
6492
-2069
-1251
10978
10521
-2216
4611
1155
161
1639
-4921
1398
-2827
1934
-8507
-1858
-1032
-379
-2983
7598
4612
1772
-2669
-2145
4080
-6139
-3321
561
-2848
-3371
-4929
-34
-8505
-6703
419
-1929
1637
-9018
2633
2149
-5136
-4143
-2467
-7012
-3259
-4631
-5851
3447
-4353
-3696
10627
-8044
2313
469
-834
-5466
-2418
-4125
7892
4438
1970
-914
11338
-2079
-4149
-3512
-7931
4351
4984
-8986
7124
-2278
-4585
-7808
-797
-9583
-998
-554
-1374
158
-5790
-3526
-4082
4617
-4197
8113
-948
-4122
1330
-11839
-10
12545
-2122
-527
-3526
-5882
-155
-11324
-5230
2335
11588
2596
7255
-3669
-7638
14108
-2053
-5075
-1541
-3188
-1358
-4204
8431
-1779
-1822
9497
-1700
5802
-3632
2327
10888
-2831
-4456
-1963
9716
7588
1656
1032
1395
86
-2795
-2163
99
-3026
-6493
1917
4655
-3500
-5734
1484
-2767
-625
-3950
-6894
9902
-10557
-10606
4154
10676
2125
-2633
-4125
1509
5729
-288
5935
3549
7997
5197
8550
-196
-4727
2729
-3439
-11018
-6769
218
8709
3142
-2749
-4206
-1834
12087
-7038
-6932
-3528
3277
-1048
-519
6183
-2989
2231
-2460
-1775
2525
-2730
-105
5535
4108
8203
3581
2481
2621
-5250
-2749
667
-702
3299
1167
-350
-6027
-8876
-1004
-1202
17658
-4002
2554
-2480
-667
-314
2631
-2963
757
-8741
-2969
-7653
-1909
2833
-3344
1894
-2696
-3561
-11443
-4632
7997
3798
-4000
-718
7670
-5869
-1501
3654
-4281
-1806
-2079
949
-8761
592
9820
-2459
2848
-3250
-2171
-51
3655
-7734
998
3255
-1062
-5882
2700
5547
-4210
7979
3474
593
2324
3526
-5545
-1419
182
2449
-3315
1637
12036
6196
7724
-559
5914
-467
2757
5753
-3920
535
-228
2944
-336
393
-1953
-8562
6004
-7463
-301
-3865
2560
641
-3416
4206
5884
-174
-2750
4285
-2928
-1289
5993
721
150
2829
-2240
566
-7973
537
-4707
-1597
444
-1362
-4741
4389
2577
1620
-2890
-2224
4278
-5259
-5253
-1418
-7194
-5406
-5576
5553
-9086
-2493
6840
-5128
5547
-8005
466
-834
-5108
-987
-3295
-1662
-5280
-4112
-5148
875
592
1425
10647
-5405
4597
1397
5352
-1123
3728
-4583
3390
10228
5105
-2212
7588
-1528
748
-5257
-3574
-2065
7850
-7657
3034
-2460
-4115
-5382
3209
-4341
1993
4959
-4309
3900
-8763
-4488
-5771
-206
-4121
490
-938
-2169
6501
-6965
8620
5334
5177
3707
-3176
-6517
34
-6358
3099
9036
9671
2792
8554
-3081
-6316
3680
374
-4646
-2955
-3298
4565
-3467
8117
747
2868
9746
-6345
5012
-1361
2959
8151
821
711
-265
13358
5748
1357
603
3075
1701
-1267
-8472
-4774
1505
-6847
4938
2428
-1962
-1428
1109
-4921
5649
-1666
-9855
2284
-7726
-7675
4250
12981
1701
-1294
2542
2956
1488
-391
4434
6795
4627
5977
4401
3600
-1707
9080
784
-3275
-3237
2437
8195
7955
-3655
-1070
-3153
3759
1872
-8820
-917
3047
-1280
1910
3004
1426
4332
-280
-3315
3167
-677
3850
1141
4910
1597
4272
3445
1978
3675
-5668
5052
4404
1849
2651
2485
-4841
-6347
-1906
-4905
10106
-4773
2916
3245
859
-1704
3191
3417
1448
-5948
-3842
-3949
770
2992
-2158
171
-2522
-5505
-4957
-112
10885
2273
-3177
-2889
3442
-3883
-5736
-1868
-3416
803
-4295
-3739
-5406
811
11623
-2868
-2040
702
-991
-1820
4989
-4573
-514
3771
-508
-1990
5768
-3809
-3979
6083
-1306
-1354
3823
2381
-4190
956
-3490
-1959
-3824
-2445
6361
-3902
9739
-2340
3633
-911
-2646
8566
-7652
-4023
-2708
5499
1141
3041
-455
-6383
1749
-5026
-1736
-2164
1063
2743
116
-3156
10314
5068
-3365
1096
-4551
-3972
2133
2594
2697
3629
-1296
-1194
-6742
2871
-3406
-792
-419
-4081
-1368
5146
177
-1648
-2293
-3238
431
-4646
-3000
2898
-3942
-4361
-3829
2008
-2683
-1780
5081
-11911
5532
-5390
-2491
956
-2728
-2413
1265
3165
-5969
-5203
-4534
1344
396
-575
5725
-1756
2837
-2470
569
2902
165
-9543
434
15592
6928
1578
8737
-5103
1099
-2999
-3145
-739
2214
-4579
3333
765
396
101
1519
165
2053
352
-2085
-2147
-6006
1907
-5619
2210
-2870
-4631
-4475
-5892
7947
-5433
9285
-1259
2097
890
1779
-7899
67
-1376
2332
8858
-1727
4031
10909
-146
-4699
-6963
986
-3822
-674
-4507
6285
-2892
11182
6290
2538
5181
-6589
2427
-4330
4769
11859
1685
1870
-438
8111
4549
2336
1432
1718
3363
-3339
-3577
-2525
2634
-2866
73
2754
-2202
1043
-1546
2488
10337
-2080
-10293
-2724
-5168
-992
-1596
11944
-5316
-271
2204
-3399
4270
-489
-213
5552
-1585
3005
940
6205
-1190
10028
-2222
752
-5283
-4778
778
3943
-2452
-2479
-8542
-1930
6918
-9555
-6798
-935
-1919
3698
5479
-4534
2282
222
-2435
3654
-2581
585
-1535
2021
-4372
4136
1922
2770
-47
-249
4544
10193
566
6540
503
-3737
-1151
-5376
-1491
9606
-4552
1695
9866
3338
-3041
-2828
1654
-1228
-2474
-2884
-6677
1532
2583
-2735
-5465
574
-3754
-8789
-3312
9276
-1452
-3021
-724
171
1215
-1837
402
-5694
-775
-6497
1630
-6368
-520
12789
-1463
-10224
-1349
-3093
-3619
2203
-4904
1079
1859
235
-4469
-2816
5005
-3820
-5164
-8479
-10140
-4499
2824
-7515
-324
-6498
9486
-1536
-3563
4250
8938
1874
-4065
7252
-473
5062
-1400
2003
6851
4834
9796
-165
-7149
10849
-5753
4173
-7977
6139
7145
-1849
4391
5305
841
6981
393
-2983
9264
14004
-3469
6144
91
4328
1344
-1744
-4101
-3743
-2209
-7296
-2748
-606
2271
2448
15019
-2189
-1820
-5144
-3570
3916
-7470
-8866
2466
-6261
-1852
-8128
3528
-1566
-3464
-1409
-4456
-4175
-5603
-919
2447
-5575
-913
-2493
-2699
-8457
-2026
-5109
-581
-573
-6559
8834
-4842
2095
-1269
-3980
-7184
-2637
504
5502
4228
5623
1023
9592
-3019
-2744
-3744
-7570
-317
-345
-8405
9568
-483
-4475
-10848
219
-7696
647
-4529
-3553
776
-4864
-9591
-10183
7702
-2182
6783
-102
-1475
1800
-11154
-728
9370
-1621
814
1436
-4099
1834
-14677
-5508
-5019
12680
2364
3312
-2256
-1777
14088
-2913
-4736
-1125
-2169
-119
-7267
7358
-4506
727
7508
-3959
7217
768
2399
11610
-4112
-1122
-256
8335
2572
7143
640
1510
1758
3400
248
-800
745
-6035
4465
-129
-2070
-10001
2692
1511
4943
1122
-8308
11433
-5730
-10060
7604
11365
2768
498
-1725
53
4851
2032
6056
-26
375
4302
6512
1006
-4341
-5520
-629
-7765
-6253
1201
7296
1329
-2726
-1667
-289
11014
-5409
-245
-1126
2033
-6325
-463
917
-2545
2104
-687
304
3363
-2731
-3054
93
3344
513
-2520
-1125
3093
-5369
527
-465
3299
7903
-551
-1427
-9531
-10995
-983
-2835
12118
2166
5866
-2125
1148
-2643
6569
-158
-93
-6310
-394
-2589
-5519
4327
5256
-2225
-1945
-4506
-10230
-5024
2457
5003
-436
-5093
-637
643
-921
321
-4500
-712
-8872
4831
-4621
-5532
10383
-478
-8635
-254
-1495
-3319
1682
-6054
-2763
-2399
-2217
-5122
-1802
7256
-3888
-4884
-7077
-5990
-7348
2344
-4366
-362
-5739
11764
-1530
-1338
5566
12250
-1078
1725
6152
-1473
7276
-1220
8141
6025
5880
2953
1369
-5921
8852
-6065
2604
-5624
5786
3671
-2882
1562
1088
5263
2262
278
-2190
7883
12760
-2341
6589
-965
773
647
-3742
-2319
-3485
-3253
-7636
-3160
-2629
4386
-1229
5110
406
-1225
-3431
-2034
5196
-6828
-7113
170
-7622
1182
-6186
-608
-3601
-4286
-2814
432
-2456
-6160
-1376
2872
-6077
-722
-2326
-4811
-6107
601
-4853
-218
-3042
-3354
6727
-7081
1241
1586
-3680
-5799
-2420
1334
5725
-5741
5239
-3258
10626
-837
-4825
-2268
-5074
-1024
715
-6492
9417
-5299
-6974
-10505
-3034
-6826
-1825
-4624
-929
2023
-4956
-9779
-2867
3876
-3827
7505
1707
-2127
697
-8127
-1763
9738
364
304
1821
-3392
-2918
-12321
-5892
-6333
12903
1682
-845
-1069
-6048
19105
-3617
-6371
-1188
-954
-2807
-7146
4064
-3617
-1266
10109
-850
6828
-2118
4792
2209
-6664
-2259
-1586
6031
2472
2466
-2034
2960
-446
3741
56
-843
-1328
-7957
4992
2459
-1256
-8064
2201
-1322
485
-1403
-8247
14233
-6766
-11455
5512
5839
5252
-348
-2660
1452
1613
-236
6815
-691
5986
1760
5470
772
-6331
-7093
-2645
-10232
-2723
3576
7812
-704
726
-1602
2979
12436
-6500
1527
3001
1704
-5417
-419
1976
-3661
1605
-1845
3598
2985
-3986
-3877
-967
5108
6471
-1966
-1613
368
-7442
-459
-136
1662
9029
-908
-1177
-6527
-10633
-2776
-2448
8507
1652
4415
-3608
-1817
-711
6922
-145
3032
-6660
-394
-4169
-5361
1550
3120
2625
-3862
-1461
-6916
-6297
4738
6884
-2183
-449
1261
-4095
-5207
233
-3330
-2315
-6655
76
-6018
-3748
13140
523
-5313
1131
-2274
2676
6780
-4229
-1692
3098
-1791
-6506
6830
-5795
-1730
4894
-1799
1524
-922
-958
-5981
-1803
-4493
-289
-826
-2653
4758
-2251
7428
2323
-733
-1909
250
10728
-7100
-3085
371
404
254
5848
-1817
-7461
-960
-2837
1410
959
-2252
5529
-3918
2802
7165
10140
-4677
719
-4718
-2936
4660
-417
3385
-69
-1678
-1820
-11657
1718
-4360
-94
-3487
-3760
-3930
-3602
1615
-3277
-1401
-5083
2794
-3770
-6350
3899
-10279
-928
-2306
-7576
-2861
711
4873
-9348
7005
-7532
-9651
3243
-2988
-1096
136
5703
-6077
602
-2283
-4171
1288
474
2797
-3268
-1793
-2895
773
124
800
-8386
-2324
10147
11674
-629
10403
-6176
1346
-2073
856
-8641
1565
-4716
3873
-6027
-5109
-5581
-1010
4184
123
-3010
-3880
-387
-4664
-3171
-290
46
-6802
-8928
-3950
-2567
6353
-4256
8511
-3241
3840
3723
9294
-6663
-2842
2113
1600
10232
-1477
2939
9103
1157
-7864
-3614
-1898
-3247
-3251
-2304
5371
-5871
12550
7598
4805
7565
-8518
2600
-6519
5618
2416
1201
4260
-52
3051
4575
1889
-17
1678
7075
-3928
-5304
-2917
1038
-4100
4466
3351
-1905
1425
-940
4997
12505
-1642
-14340
-1534
-7277
-5063
642
7488
-2028
-5068
1996
-3514
-1492
-3463
1166
3524
-664
-2095
-1480
10119
796
10259
-5427
-365
-3548
-4013
685
2622
2549
-5532
-4665
-1657
7724
-6393
-3145
-655
-2693
10080
3004
-6201
3006
2458
2379
3694
-2264
-2682
-4035
6635
-4839
2641
-1085
-2140
-2240
1123
1923
14085
3708
11816
-2010
-6122
-2655
-9700
-936
5532
-5029
7056
13127
1565
-5371
-306
916
3002
-3398
546
-7437
1580
-1879
-4317
-1230
320
-4462
-4687
-6749
9351
1411
-531
-440
2536
-3582
-3522
-1567
-2140
-1833
-3952
-2643
-1939
2521
11175
-3132
-2137
2125
-1997
-468
3080
-5241
466
2565
-1906
-1175
8744
-3595
-1393
5785
-2058
-1545
5422
2472
-2972
-1324
-3951
611
-3747
-3678
6084
-2838
10077
-1869
2405
-1169
-2314
9560
-5160
-3985
-1388
4967
-2514
3314
-2121
-5588
196
-3597
-4114
-2916
-186
1641
-1270
-2910
9343
6658
-3133
4396
-2924
-3942
-166
1840
4284
1080
-1732
-996
-8801
4158
-3128
2100
-1174
-5903
-2392
28
2442
-3112
-2322
-2594
2274
-5827
-2401
4263
-6342
-3520
-1696
-4946
-1472
-942
6659
-8398
7197
-7699
-5311
1802
-1560
-4405
-780
5601
-3984
-4699
-1746
-926
573
153
5728
-3674
1875
-5285
3008
224
-774
-9619
197
17827
5857
1445
10611
-6598
3211
-1661
-676
-4961
2
-4950
4014
-1007
-227
-3219
2024
58
-1273
-1024
-3532
-3455
-5754
2225
-5674
727
-5470
-6946
-6748
-5001
8140
-5028
8143
-2548
1806
2167
3658
-7159
-802
1612
-1158
10826
-2327
2950
12135
-72
-6287
-5568
1450
-1466
-1297
-3192
4769
-2352
11724
4854
3740
3920
-8524
2062
-4119
4439
8731
2737
2719
-534
4408
5290
2614
1621
177
5679
-6267
-3259
-1469
658
-3366
845
1217
-1065
-181
-951
1129
9689
-4556
-11330
-3933
-6402
-4379
-1477
7828
-4682
-3436
460
-5204
3628
-2412
-1252
6013
-2376
1479
119
6055
623
11259
-3709
-1801
-5141
-6230
1412
2172
-2359
-3915
-7636
-1746
5052
-10091
-5952
-1226
-1303
6792
4922
-2379
1515
3262
-1933
5040
-1522
-34
-953
2980
-4191
4301
1127
2538
1087
1617
4010
10635
1512
10226
628
-3831
-374
-6704
1225
12708
-4644
2028
11698
604
-2948
-3377
551
6
-4432
-3540
-6839
1434
1450
-4649
-5607
1297
-4247
-7787
-4641
8145
-35
-2363
-1323
2235
1165
-6212
746
-3692
3618
-6877
-1737
-8882
-2347
12060
-1600
-10361
3915
-5624
816
2897
-7852
854
3406
-878
-556
-237
-1516
-1793
-4205
-8385
-7949
-1408
2619
-7067
752
-6383
1788
-6876
-5277
-1073
1616
9655
-5043
9144
1314
-621
4487
-8072
1758
3030
9397
1556
-5309
3896
-4291
205
-9468
-252
5898
281
6503
5331
-12
8784
6257
-3757
2961
5858
-5664
4570
728
9261
446
-2452
-6460
-3356
-410
-4217
-1923
82
491
3204
15115
-5898
-455
-3259
-3057
5226
-8571
-8541
5716
-6617
-4657
-9205
2714
60
-2858
2337
-10847
-1617
-3746
-5454
1707
-3756
-1353
2384
3564
-7888
-4890
-6393
-1487
630
-5686
5765
-2853
3416
-3738
-5293
-1563
-672
-5379
3633
13599
11917
3655
12638
-5986
49
-3530
-4459
-4813
-3881
-8078
7619
3118
-1080
-8297
3789
-4193
1065
-3209
-3749
-1933
-5692
-4981
-11857
6162
-2849
-1714
-5001
-3435
10380
-5029
5198
2793
3281
2566
4786
-6734
5214
-9216
-2379
-3454
406
3349
8704
-2926
-1976
-421
-2419
-3656
-405
-2843
5151
-7592
12551
3131
5087
4894
-7570
3873
-1682
7707
10994
-1381
2635
-1125
5833
1954
5438
279
-2351
5133
2816
-393
-679
2315
-4759
1169
-1174
-2299
-3621
2205
4832
11070
457
-9335
755
-7596
-5202
3895
10782
-1096
-36
1645
-3347
6556
3005
2067
1370
-5497
1383
1336
5761
-1094
-1661
-2801
-4796
-10142
-4689
3736
2011
-5948
-1119
-6033
4163
1912
-6946
-5371
-2672
-5302
4470
1306
-5505
3538
152
-2083
2698
-2514
-1846
-3470
6369
-4210
3267
653
3833
-3420
341
-463
9090
5932
2876
1919
-9637
-6682
-1420
-4189
8223
1396
5255
8844
4313
-4943
1306
4488
972
-5871
270
-4670
-2358
4440
4633
-8975
851
-7860
-10189
-2267
2680
1999
-698
-4675
-127
-4390
517
-3526
-2451
-5290
-5754
2221
-2596
1953
11745
-2929
-4338
-2703
-552
-8100
3049
-5823
46
-1096
-1442
-3649
2069
7665
-5178
4695
-2232
-4251
1316
3642
-3974
-740
-2741
10492
-3339
31
12627
10901
2059
-41
5335
-753
6161
2560
10407
4139
5359
6665
-5071
-3250
6432
-8229
4277
-5927
1577
-1588
1335
-3259
-161
-2436
6643
-2705
-1212
13517
9818
-1482
3249
2764
-2057
3393
-4476
1292
-5319
1338
-9310
-638
-2225
-1054
-3433
4713
7264
143
-3956
-3755
1400
-5771
-2638
-887
-3960
-2629
-3750
200
-7325
-6488
810
-1178
3016
-11635
4024
1990
-4532
-4824
-3482
-5901
-2648
-3444
-4732
3335
-2823
-3235
11482
-8923
1628
226
3292
-6668
-2323
-3179
6546
5107
-308
-2078
9139
-1043
-4255
-3234
-7245
3160
6326
-7858
7111
-4245
-3871
-7227
-3259
-8945
-252
-1229
-2195
172
-5264
-4113
-3065
4319
-3355
7157
-990
-4981
-881
-14578
-210
11654
-4169
-276
-3374
-4131
-3776
-10305
-6200
5416
13847
2205
6483
-1277
-8469
14228
-1648
-4783
-1993
-3396
-1512
-3069
7074
-4563
-1930
8938
-3202
6541
-2012
-836
11396
-1380
-4662
-1504
10455
8158
2890
1451
4061
-347
-4805
-2812
-795
-4215
-6893
3639
4241
-3636
-7338
-664
-3203
-682
-4608
-8263
11380
-9111
-12006
3640
11775
2403
-2213
-4797
2168
5905
-1754
5871
5012
8099
6455
10830
-1177
-5923
5095
-2005
-10664
-3367
1023
7697
3622
-1320
-5120
-1690
11199
-6776
-6322
-1977
4962
66
-483
6239
-2336
1590
-1601
372
4227
-3619
-452
6894
2215
6807
963
514
2563
-2953
-1838
2980
-760
2743
2533
-1402
-5616
-7121
-3228
425
19406
-5358
3495
-3796
-3420
738
2826
-4978
-1409
-7112
-3001
-6775
-2441
2401
-3950
4840
-3284
-2658
-11400
-6142
9457
5809
-4170
-1666
8025
-6172
-3551
5771
-5085
-1336
-4275
3211
-9859
-3159
8793
-911
2032
-3124
-1929
346
6381
-2767
-608
2492
-1536
-7107
3263
3719
-1525
4887
2982
2137
-2099
2490
-8207
-1415
675
-59
2643
1396
9937
1610
5058
1791
907
-2756
3927
3713
-6595
1655
-4144
-54
3007
1848
917
-7193
5884
-2677
6129
-659
-2347
4085
-3517
5990
1756
4271
-3938
341
-6679
-835
7843
-1054
381
4201
1155
-1173
-8530
-2935
-3503
-2972
-140
-866
-2705
3495
-1082
-992
-3231
-4114
1353
-3418
-6361
-2074
-7914
-240
-5281
4891
-5710
-458
3371
-6095
3001
-5334
-2720
-1499
-4260
1805
-1239
1673
-7053
2023
-2913
-1366
1747
3520
6073
-2594
548
1725
4196
976
3840
-2562
-1886
3702
6337
-3513
4603
-977
-202
-4152
52
-4569
5588
-5471
217
-6580
-5800
-2623
-840
1628
2419
2440
-4361
6029
-6945
-6580
-2986
-1472
-2905
-2246
2515
-2053
4645
-3915
9465
1861
4911
5433
2324
-4804
-3884
-3415
5470
7334
8124
2769
2997
835
-4962
1310
-2324
-4844
-3349
-1986
6490
-3730
4351
1753
2158
8331
-5788
4781
-1569
2694
3586
331
3023
319
8982
1544
2635
-394
6353
2382
1870
-7906
-7978
2889
-6630
6947
2175
1155
-718
-278
-2750
8470
978
-10242
3753
-4876
-6111
4678
9350
1988
-287
3360
4691
-2264
-2136
3696
5542
902
5225
754
5022
-2945
7098
1429
797
3104
5198
4820
6859
1020
-1907
-1461
-804
6874
-2989
3886
1881
-3562
877
698
-425
5677
-308
567
2131
-2358
2
-4344
1221
-3355
-1289
-355
-487
2932
-3957
4581
7817
3277
1981
-81
-3108
-6648
-3814
-4110
-129
-4491
4772
3365
226
-3890
4685
3145
2111
-1538
23
-2601
-407
1189
882
2537
-3452
-3506
-1911
-1975
11606
3451
-651
0
10698
-5196
-1567
2862
-436
4074
-1282
1822
-10349
2651
2939
-4980
8477
-46
-1351
-1721
-903
-7812
87
277
-5355
-241
-1484
6099
-4028
8753
8046
1248
5800
6676
-1703
174
1791
-1183
-8739
3531
8995
5127
7021
1452
11232
1358
1864
5665
-2505
-712
-1145
260
2363
-3215
-5145
-5593
6346
-9939
-5503
-9746
5804
-2192
-3679
5403
3421
-3814
-738
1072
-4564
1434
5581
2348
-782
3634
-4091
-633
652
-781
-3033
-2774
5374
2609
-5336
6943
-1295
9444
305
3300
2613
-6807
1698
-5250
-1477
-7609
-4980
14159
-10623
-5545
7520
-4149
3937
-2815
6116
-5549
-1619
-2235
-47
-3370
-2023
-8739
-6928
6082
-1328
2393
9707
-5097
9119
1283
3390
2706
7420
-3938
8631
8513
3099
-3661
3450
478
-1496
-5566
-3834
2755
7895
-6099
-1115
2251
-1806
1211
6018
-4803
2204
10003
-1820
1514
-8495
1500
-4738
-2896
-633
4428
760
-4078
8256
-2087
8622
6726
5095
3350
-7879
-3679
4213
-5158
6749
5603
6081
2621
5861
-5862
-7916
1406
1837
-4996
-1460
-1843
1828
1596
5380
-56
3111
8009
-1972
2706
-115
4257
5937
-877
291
-2993
10403
3776
-3090
717
755
-3982
2005
-7233
-3651
-386
-5622
2959
4
-2676
1690
496
-9315
-1476
-2135
-1332
411
-7435
-4994
635
11492
3794
1969
3087
6020
3400
2207
4071
7638
6436
8475
4949
236
-5317
5949
3962
-5275
-2407
2127
6755
7562
-7624
-203
-2584
5153
620
-11590
-2477
232
679
-3407
3020
2593
2709
-3792
-6729
300
-2712
7946
3333
4054
6815
8803
5524
5258
6362
-9482
4521
-4014
100
-5292
6728
1448
-5459
6146
-8330
7788
-1679
-1926
-146
-459
3027
1111
6997
688
-7658
-5930
-4146
1228
5166
-2490
-1279
-3618
-3742
-3528
4092
9674
3105
-5065
691
1906
-55
-3453
-3337
-2112
589
-3337
-3977
-5216
3778
10609
-3140
-2746
1595
-5071
-1934
-252
-6174
215
656
-1302
395
181
-352
-6828
5950
941
-1466
5992
769
-2397
934
-1467
208
-5793
-2666
4995
1074
10516
-5056
6419
1678
-1784
8823
-3231
-1750
2977
5598
-3560
-1656
-3855
-6414
1146
-9554
-5438
-3471
7030
1515
-275
-7287
11853
831
-1532
1610
2513
-2376
2081
3167
4616
16
-3616
-295
-3022
4504
-3417
-473
1194
-5481
-861
7906
1594
2924
2300
-110
1353
-5100
-982
4551
-1832
-5759
-2979
2624
-7374
-3309
6600
-9714
4963
-5922
-385
1064
-2302
-5831
339
-1052
-3791
-6475
-4393
3467
-1080
-1571
8876
-2343
6671
-3228
-362
830
-574
-9438
6046
19252
5899
4822
9343
-6961
306
-4732
-4884
3139
2740
-7568
1917
4088
329
-1391
6433
-4135
2328
3246
-919
-2425
-5419
5107
-8559
2849
-3211
303
-5346
-4169
7046
-7591
6909
3139
-711
-1245
-804
-7924
7494
-2999
2817
8263
-648
4592
12791
-5161
-5776
-4814
2340
-2154
-2237
-4632
3667
-3213
15041
4209
2700
3923
-6160
2984
-4166
4146
14882
1683
-855
429
6931
6082
2532
1715
-2022
1568
-5742
-2605
2107
-1111
-2065
-1496
1292
-4583
-578
2097
2145
6676
-5015
-6469
-2738
-8844
-3557
-860
13128
-1625
-4146
-643
-5556
9428
514
818
3894
1647
3162
3244
3763
172
9952
-2990
-5690
-9002
-6890
2179
5211
-5592
-2040
-7118
2979
2430
-14629
-8938
1314
1792
1799
4856
-3791
3102
-3941
-6137
714
-669
2952
4493
5181
987
8766
1566
5928
-561
-440
315
4667
2005
3721
2514
-4001
-4729
-513
-2441
15041
-2528
116
7143
5148
-2125
-3022
1887
-158
-8425
-3284
-8437
2522
4896
-2389
-4915
-578
-5011
-10710
-2724
6980
932
-4515
-2421
-2344
-1899
-2643
-3515
-2533
-4056
-7045
912
-4358
-518
14866
-1415
-8867
-1058
-2555
-3627
4979
-6296
-44
2572
-729
-3985
4667
-993
-4682
3787
-4754
-3982
-448
1345
-4735
-1111
-5260
6972
-2748
-2309
6626
6037
5055
-2096
3891
-831
2834
7762
3968
2139
7262
5862
-4795
-280
2621
-8948
140
-6774
935
1457
-711
1613
-54
-3355
8404
3030
-3849
11226
8243
-3598
2978
153
2953
115
-3886
-978
-7589
2082
-7555
-211
-3962
-2381
-2459
3094
4584
-1225
-2191
-5872
1886
-5812
-5392
3095
-6105
-2007
-3767
-4625
-6178
-3845
2769
-4647
3820
-10477
-2217
4515
-3218
-3663
-2439
-1935
-3334
-2001
-3982
-343
-233
-3263
7930
-6176
-61
-3236
1180
-5930
-2949
-6443
5070
11912
6224
1405
12288
-4856
-2411
-2867
-5161
-1589
3319
-8871
7008
-3673
-4659
-8387
-1343
-4782
540
-4914
-3966
-1289
-3776
-2978
-4827
6006
-6157
1766
-3032
-3661
2421
-12094
2936
6046
-2447
1539
2625
-6225
-1385
-5780
-3943
7673
7198
3055
10615
-2498
-6549
7774
-2539
-2320
-2784
-3587
19
-6504
13344
420
2138
7191
-5201
5141
-5293
1737
10951
-540
-1389
-2261
4403
8160
3769
2098
160
3331
-5205
-2012
595
-2693
-5366
2712
4488
-5324
-3844
216
2686
6043
-4252
-10848
5630
-9372
-9558
3379
11131
-518
-5549
-4276
-799
2901
-2701
2287
2262
3638
2656
6855
4420
-2833
7645
-5982
-8510
-6461
-3256
4609
2459
-841
-6774
-4049
7284
-3040
-7894
-5471
1709
-1733
5307
5823
-4693
538
247
-139
2409
-3730
-1902
3319
5766
1553
2579
-1155
-191
-3878
464
440
5268
3274
7823
-3279
-6484
-7290
-5935
687
17619
-5008
7236
4541
-8
-3063
1836
-4988
164
-6224
-465
-9152
221
1055
-4612
1393
-1466
-4253
-11046
-6359
7253
2533
-1524
-2432
768
-97
-1299
2879
-6659
-642
-9649
5975
-6463
-6265
9706
-1003
-8075
-101
-4108
-2455
2757
-6554
-3304
-2842
-1373
-5552
-1389
6830
-3040
-5221
-7414
-6271
-8312
3233
-6968
27
-4221
11842
-8
-315
5910
10985
-172
588
6379
-1505
7005
-2097
5556
8014
3927
2249
1792
-5418
8958
-5758
2181
-6675
7775
5335
-4824
3888
1703
7076
1223
1994
-4199
7640
11372
-2462
7509
-756
2334
637
-1395
-3546
-3870
-4372
-6791
-4503
-2136
3959
296
7892
-2215
-1030
-4528
-3634
5448
-7964
-9319
236
-9045
1761
-7301
1755
-3356
-3264
-3113
-218
-3518
-6361
-1404
1294
-5292
326
-1948
-3801
-6232
3317
-5282
-2451
-1818
-2400
6730
-5698
1019
1599
-3152
-7305
-2450
2236
4514
-5542
5983
-3660
10500
-269
-5904
-2353
-3624
-2818
400
-9112
7797
-5126
-7645
-11223
-2543
-5329
-1958
-4624
-1395
4454
-6042
-10400
-3913
4103
-5187
7346
4059
-415
1831
-6308
-621
9054
2429
3208
2397
-4149
-2923
-13765
-3272
-5705
13724
2822
-869
-896
-4403
17541
-5035
-5746
-1060
-1316
-1430
-8212
2958
-3611
16
9703
-1780
7847
-1158
5001
1579
-5128
-633
-1932
5331
1978
3317
-1867
4221
58
5237
-1033
-3095
-493
-10354
6094
1957
-596
-7232
2986
-1003
2186
-574
-9101
13536
-6968
-11816
8038
6675
6552
584
-3223
2032
1257
-275
7753
-349
3225
930
4639
1204
-6184
-6181
79
-9067
-2276
5898
8218
1174
1635
-1906
1726
10980
-4312
3305
6031
1613
-7069
-841
-746
-932
2688
-2037
2851
952
-5359
-3888
-3316
4987
3767
-2778
-2458
611
-6561
-2026
242
2836
8206
-2684
-288
-7015
-11498
-2939
-2859
5940
822
6415
-2575
-519
-2542
8188
569
3462
-4995
1952
-2215
-5975
2201
5057
2818
-5218
-2662
-6550
-3984
4772
7454
-701
-1423
957
-4283
-2241
1351
-4026
-4698
-10174
4909
-5778
-3576
12583
-2097
-5094
-138
-4171
-1582
4038
-5975
-657
-1544
-2403
-5313
6859
1814
-792
2610
-3678
-1626
-2735
3268
-7080
-2988
-2436
10383
1329
479
9548
8492
3341
1793
2467
-1802
5403
3935
3349
5120
2484
307
-3328
1357
4025
-8620
500
-4380
4940
2010
-5538
2964
-3167
4951
3493
6585
-5720
11343
5012
-2447
4975
149
3021
789
-545
-3333
-11366
-2248
-6135
-1020
-4272
-2239
-3038
-1616
2432
-2990
-4090
-5730
3284
-6901
-7002
2036
-10572
1870
-2929
-4999
-3968
-1968
1438
-2196
4439
-10707
-3876
2111
-3232
-2307
-3882
323
-3751
2824
-3026
-5063
-51
530
6124
-7126
-1437
-1786
4377
-7062
-2708
-1430
522
3867
5319
-3081
10926
-2409
-2485
-429
-450
-7908
2579
-10405
4159
-8902
-7285
-10420
-2812
-1991
-2971
-4593
-4467
3182
-5587
-5972
-1638
2103
-7800
263
1014
-991
2166
-7312
1971
3984
2298
5790
5983
-5260
-6536
-4936
-3384
7768
10001
2923
5514
-242
-6907
11036
-4237
-3054
-2552
-1960
379
-5247
8360
-1681
2083
8488
-6462
7049
-3472
3162
2205
-998
1136
-2205
2561
5497
4376
982
4355
4473
-3600
-3905
-4607
-2377
-10488
7036
3731
-1214
-3694
-191
-224
5672
-5496
-14141
8475
-9621
-13095
5181
7192
3763
-4085
-3026
1250
-133
-4845
4478
5076
3030
1435
4007
4037
-3223
5908
-3502
-8820
-1543
2075
5095
2003
2463
-5900
-1287
6200
-806
-2595
4588
2788
-3972
5775
2393
-258
2252
2262
2796
3011
-5490
-3816
-1382
4472
-402
-1775
-3824
-1563
-2378
-166
2753
6405
5599
5889
-1575
-4868
-7357
-8494
63
11284
-4936
8080
4267
-2401
-4031
5512
-2758
2864
-4330
1248
-5699
-2452
194
-1740
4182
-4350
-2440
-6584
-6551
10287
7001
115
-1711
10148
-4455
-324
6246
-166
4722
-5631
6521
-6685
-5760
-1785
-1763
5258
3713
-1982
-1578
1590
-7289
-4383
-4778
-5708
2426
3772
7658
-1144
3929
1723
5575
-2518
6149
66
1210
2903
-1728
-5793
1379
7602
1987
6188
9308
8075
-5208
1814
3049
1425
2683
-4847
-4578
6243
-337
-2654
72
2124
-2149
1326
-7139
-983
-1569
-5131
8861
-5324
3939
896
-3132
-8821
-2064
4268
-1387
-1835
4505
-274
1440
1303
-3590
-3383
-2010
2014
1703
-4561
1568
-1989
2922
-1211
-160
2679
-5172
331
-5597
-3391
-1770
-5915
5160
-8039
-4040
-456
-42
2885
-2736
1821
-6752
1180
2678
2867
-60
-1154
2510
-3301
4154
-4235
5047
4150
-4211
1374
3392
644
3981
5067
-2053
1986
-6219
3658
-5429
5041
2981
-5779
-2205
1409
800
5033
-2753
-1320
-4493
-2674
1819
-2749
-904
1408
3396
-129
5499
-7061
-1500
5883
-7943
-327
419
4722
-5284
7628
3585
7887
4717
5870
5021
-1827
-4343
-6201
-1416
4919
907
4840
2265
-2953
-898
-7254
2129
-3493
-3908
-689
-689
3583
1790
-1967
2932
1480
5919
-726
3441
-1413
6715
-6510
663
2002
-4103
4128
-1757
-6528
-4729
4130
275
5050
-4713
-8158
-319
-6649
4988
3114
5084
4618
1063
-9981
-1491
-1489
-3262
2868
-5666
-3432
113
215
1405
1906
922
6775
-1384
-2396
1764
4065
3618
4077
632
2122
-6632
3880
1966
-3601
7084
6297
3886
4458
2607
163
2831
482
4176
-2272
7828
-444
-135
-6899
3505
-275
5643
-3939
-2421
-1555
-3677
2117
-4684
-768
5529
3631
-409
292
825
-9195
4442
159
2059
-2328
4644
3126
-652
-428
-2408
-4034
-2007
-1583
-942
-3599
2011
510
4473
6111
-1760
-1873
-3213
-1796
750
-2193
1152
-3327
-1443
3859
2896
11087
3204
-4532
7878
3312
-299
-3402
2111
-2387
-315
-3641
-1263
-7356
2125
9003
-510
-1713
4142
-7553
7259
-680
-4368
1001
2149
-3179
-4416
2055
-3198
-890
3615
2204
1809
2732
-1957
-5076
-2566
-1044
-2661
-1898
-2105
2409
-400
9189
520
2806
1239
-1824
9350
-11917
-1915
2538
-1284
-3150
3374
-7580
-5330
-1067
-4778
-2526
911
2199
7488
-5608
4265
7513
7928
-4068
-1816
-3842
-813
3116
1030
6690
-4113
169
-2699
-9888
1952
-466
-34
1408
-4521
-3045
-3251
-1275
2042
3598
-1502
5123
-4114
-4066
4903
-8751
-3439
99
-3639
-4719
2240
7955
-10631
6687
-4247
-10213
888
-2840
-2751
-298
4675
-5251
-1137
-1309
-4947
2104
365
1732
-1024
2313
-3320
1245
513
2136
-6581
-882
14344
11682
2094
6734
-8411
3681
-3138
2694
-9395
1873
-5737
-720
67
-3767
-4815
7321
3306
-567
3003
-3750
-504
-4939
-98
-2389
-1409
-6479
-6966
-3455
1996
7909
-1452
5290
-3297
7300
3790
7931
-5119
6653
4565
5085
8498
-3111
1782
10163
-3108
-5941
-6284
761
-874
-4039
-665
3726
-3922
14282
6470
7705
4677
-9747
2810
-3616
6124
1429
130
5638
2459
2538
3555
1380
772
-2431
6922
-2168
-4969
-1615
696
-3409
4103
-1224
-3736
2368
2822
5313
10625
-2006
-12349
-6715
-6954
-4582
898
7366
1134
-6621
3607
-6458
1678
-1280
4020
3278
-2067
-4202
-3094
7348
4218
9287
-3816
-2204
-8177
-5953
57
3174
-990
-3840
-3270
-908
5203
-10450
-4688
-1889
-567
11140
-1145
-1413
4744
1502
-2722
1752
1317
603
-2222
9067
-4755
6554
-2125
1165
377
2153
-1614
10040
4415
8875
3496
-5739
-4222
-3168
-6010
4778
-842
4766
14541
5679
-5496
-1266
6520
3860
-5663
-1208
-5397
1074
321
-1614
-4915
95
-5425
-1619
-2895
4520
3338
-235
-3161
-2269
1528
-1217
-141
-3908
-714
-8726
4194
-5476
-7480
11249
650
-11523
-626
-2459
-3641
2066
-8687
-2720
-1872
-1241
-5313
-3030
7194
-5000
-5647
-9223
-6658
-7890
1725
-4015
442
-5698
12286
-4680
-1587
3348
15653
-328
1571
8590
-26
6936
461
9116
7048
10099
3933
-122
-7139
8100
-7073
1488
-8075
4460
4359
-1791
1223
1790
5657
2894
-142
-1833
9364
15377
-2660
6992
-1530
1283
-209
-5070
-2446
-2732
-2472
-9096
-3769
-3234
5677
-1274
6740
481
229
-2883
-2232
7581
-7256
-7877
1193
-7214
-175
-7510
-1710
-5427
-5665
-2411
964
-2877
-6314
-2127
4107
-6990
-687
-1588
-6711
-4736
-1269
-6361
-272
-3539
-5995
7604
-8364
466
2141
-6117
-6718
-2396
1150
7729
-5691
6680
-1180
13205
-911
-5751
-2133
-7308
-45
1066
-8548
10818
-4346
-8063
-13555
-2672
-10169
-1168
-5270
-1358
1591
-4724
-10970
-3721
5427
-4207
9090
1080
-1430
1095
-9077
-3156
12545
1054
-422
970
-4217
-1738
-14315
-7937
-7627
13373
1415
762
-3433
-6650
21405
-5096
-5721
-1042
-895
-3414
-8946
6161
-3225
-772
11360
-483
7055
-2522
6074
2484
-6827
-3683
-2946
7055
4262
2904
-2021
614
675
4481
-180
-90
-2144
-8125
4184
3143
-3374
-8260
2276
-239
-721
-1100
-8012
14362
-9617
-12571
7300
7074
5170
-1475
-3340
2650
1824
766
7917
-763
7319
919
6973
1119
-6334
-8601
-4528
-12795
-6563
2598
10271
-441
-800
-2761
3126
15289
-9163
693
1028
845
-4790
345
3459
-5218
1324
-1545
2741
2080
-4190
-3546
283
7443
9086
223
223
-812
-9226
-2388
-1741
444
9157
-185
-1272
-8397
-12270
-1402
-3262
10435
1654
5948
-4011
-619
-1184
7122
-897
3430
-8832
256
-5121
-5269
803
1459
1783
-2959
-3344
-8020
-5175
4197
5843
-1947
-1176
