0
0
0
0
0
0
2
0
46
0
0
0
0
0
25
16
0
0
41
2
33
0
5
1
0
8
23
0
5
14
0
0
0
17
0
6
0
26
0
22
0
0
20
0
1
0
22
3
18
8
0
0
0
0
0
25
0
0
0
11
24
0
0
10
0
0
1
2
19
0
2
0
0
0
0
0
2
11
36
13
16
0
0
0
0
26
28
20
0
21
21
0
1
7
0
0
12
6
12
0
0
22
0
0
0
0
20
14
1
0
4
3
4
0
0
0
0
0
0
27
0
0
0
25
0
0
7
0
0
0
0
0
25
0
5
0
0
0
0
0
0
0
35
25
13
0
2
0
24
9
28
20
4
26
23
0
0
8
0
0
20
0
10
0
0
10
0
0
0
0
18
12
1
0
0
4
4
17
0
0
0
0
0
0
0
0
0
14
0
0
0
5
0
0
0
4
7
0
0
0
0
0
0
0
0
3
26
25
0
0
0
0
0
25
1
3
2
27
10
0
0
13
0
0
6
0
0
0
0
0
3
8
0
0
20
7
1
0
3
4
19
8
4
0
0
0
0
20
0
0
0
30
3
0
0
6
0
0
0
9
16
0
0
0
0
0
0
0
0
4
36
25
24
0
0
0
11
0
12
22
0
26
11
0
0
13
0
0
5
15
30
0
4
8
0
0
9
0
19
25
1
0
0
4
0
0
0
0
0
8
0
6
0
0
0
19
6
0
0
9
0
0
0
0
17
18
0
0
18
0
19
0
0
0
0
15
11
0
13
0
55
0
4
15
5
16
25
0
0
0
8
0
11
3
3
0
0
12
0
0
0
9
3
11
1
0
23
0
17
0
0
0
13
0
0
30
0
0
0
17
0
0
0
0
0
0
0
6
5
7
3
0
0
0
0
0
0
18
0
21
10
0
12
0
0
34
0
0
0
12
24
0
1
5
8
0
0
0
0
0
5
0
1
9
0
0
4
13
1
17
10
9
13
0
0
0
0
0
0
14
0
0
0
2
2
0
0
0
0
0
0
31
10
0
6
0
12
0
0
0
0
17
11
22
4
0
0
2
0
0
0
4
28
19
20
0
1
9
0
0
0
0
0
16
0
0
9
0
0
0
15
0
1
0
0
4
0
0
0
0
0
0
1
0
0
0
0
0
0
0
0
0
0
0
0
10
13
0
0
0
0
0
5
0
4
0
1
23
3
4
0
12
9
10
18
10
9
27
17
0
2
1
0
0
0
17
1
6
4
1
0
0
0
0
2
15
6
0
10
4
5
0
0
0
16
0
0
21
2
0
0
17
0
13
0
1
0
0
0
2
22
1
10
0
0
0
0
0
0
0
0
15
17
0
0
0
0
0
0
15
27
25
9
23
6
0
18
0
4
27
0
0
8
0
0
5
0
0
0
0
1
0
21
0
5
29
9
0
27
7
5
23
4
0
0
17
0
0
10
0
0
0
0
19
24
20
0
0
0
0
0
0
0
33
12
25
13
0
13
0
0
0
0
13
7
27
23
8
0
7
34
0
0
13
0
0
0
24
0
7
0
0
14
20
1
0
23
4
16
16
0
0
23
0
0
30
0
0
0
13
3
0
0
0
26
0
0
3
0
0
3
0
0
6
0
0
0
14
0
25
10
9
0
0
0
0
4
17
0
24
23
0
0
27
17
0
2
0
0
0
0
34
0
0
0
0
2
9
9
0
22
4
15
0
0
0
19
0
0
11
0
0
0
26
5
0
0
6
8
0
0
2
0
1
2
0
3
1
0
3
0
1
0
23
0
3
3
0
0
0
0
18
0
16
18
6
3
14
12
0
0
11
25
0
0
3
6
5
13
0
0
0
9
0
0
4
26
0
0
0
0
10
0
4
1
3
0
6
1
1
0
14
0
0
1
0
28
0
0
0
0
0
0
0
3
0
28
23
21
0
0
0
38
12
20
8
16
26
18
0
28
7
0
0
23
15
8
0
7
13
0
0
0
0
5
44
1
0
0
4
0
0
0
0
0
1
0
24
0
0
0
0
0
0
0
0
0
0
0
9
28
10
2
0
0
0
0
0
0
0
36
23
7
0
51
0
22
0
0
18
122
27
25
19
10
8
41
0
0
26
0
0
0
12
0
26
0
0
18
39
1
0
23
4
11
7
0
0
7
0
0
30
0
0
0
0
0
0
0
0
0
0
0
12
1
1
2
0
0
0
11
0
6
8
0
25
9
0
12
16
4
0
15
16
0
25
24
0
0
0
16
0
1
23
0
0
0
24
0
3
0
0
9
7
7
0
23
4
17
0
0
0
22
0
0
27
0
0
0
26
0
10
0
0
0
0
1
3
18
0
0
0
0
4
8
0
1
7
0
0
10
0
0
0
0
4
0
17
34
19
14
27
0
0
22
0
0
23
0
0
14
0
0
0
0
0
0
0
0
0
27
0
13
9
3
0
31
8
0
18
14
14
0
14
3
0
17
0
0
0
3
22
28
0
12
0
31
0
0
0
0
32
27
3
0
0
0
0
0
46
0
0
54
26
10
1
1
0
0
0
0
0
0
2
18
0
0
6
5
2
7
0
1
7
8
16
0
69
0
0
6
0
0
27
0
0
0
0
12
0
10
5
