-12
-8
7
8
1
-1
-10
19
-9
-12
-9
-1
0
-9
-10
10
-12
4
-1
-3
9
-19
14
-12
-4
-19
13
6
2
-9
3
19
17
-15
13
1
-11
-5
14
0
-8
5
-8
8
-5
-8
5
-8
8
12
-19
10
3
16
-16
-5
-3
4
5
6
2
-7
-17
9
-15
-7
7
-16
6
-19
-4
11
-27
-4
2
-12
-5
0
-13
4
7
-15
9
-16
-11
-21
5
3
-12
5
-7
24
-18
-11
23
-7
-8
-9
-13
-10
-1
4
0
-3
-9
11
-11
-16
26
-11
6
22
-2
9
1
9
-4
-12
2
-6
-11
6
12
0
-7
-11
18
12
5
-22
3
-6
-7
-8
3
5
3
-4
-8
-2
1
-3
-1
-3
-12
11
0
-7
4
-1
-4
16
-7
0
-7
6
5
-2
-4
4
-8
3
6
3
0
0
-6
3
-8
-14
12
-8
2
-7
13
5
8
-6
1
-6
-6
-5
10
-3
-12
2
-4
-5
-3
-9
-3
1
2
12
-24
14
3
8
1
-9
-2
-3
3
8
8
-17
-18
2
-12
-4
19
-23
5
-14
-7
14
-28
-15
3
-8
3
5
1
11
0
-18
16
-18
-5
-20
-6
16
-6
3
-16
19
-15
-10
24
-10
-7
-12
-3
2
8
-8
-2
-4
-24
11
-5
-15
7
6
6
23
1
-1
7
-1
-14
8
-12
-5
-5
-9
14
5
-9
-5
18
10
14
-5
6
1
-8
-10
3
-14
0
2
4
-8
1
-2
-4
1
-6
15
-19
1
7
13
5
-8
0
18
1
8
4
3
-5
3
21
-4
2
8
12
4
-16
8
-26
2
-19
-16
-8
-10
-21
-11
-16
-5
-13
-10
-12
-16
-13
-16
-11
-5
8
9
-15
16
1
8
-4
0
-2
4
0
2
-2
19
3
0
-17
-1
14
-20
-4
5
-9
10
8
-4
6
-27
6
-8
-5
-12
7
4
-10
-10
10
9
9
-22
4
-4
-8
-9
3
11
-8
-3
-13
6
4
-15
-11
-1
-2
21
-15
1
15
-1
-18
2
-9
2
4
7
10
-20
-10
6
-14
-2
6
-6
-5
-13
-10
13
-17
-9
1
-24
-3
-1
9
-1
2
-14
16
-27
-4
-10
-9
-2
-2
10
-1
3
-8
-8
9
-13
-12
-11
1
5
-3
-40
1
0
-23
0
-18
-8
4
-6
6
11
2
4
0
6
1
-5
-15
-11
3
-21
19
2
6
-3
49
2
12
-11
12
-11
6
6
10
1
6
17
12
6
11
14
12
-10
-11
2
4
20
-1
-2
2
5
-7
1
-12
6
13
6
-4
11
-4
0
10
-17
6
-1
-13
7
-3
-21
1
6
-8
2
13
6
-2
-6
7
-9
-22
-4
-2
18
-27
9
-13
-2
-3
-18
3
-6
-10
4
-15
-5
10
19
-4
1
-8
3
-9
-2
17
-5
1
9
-3
-2
7
5
13
-6
-15
11
-17
-5
3
-8
-14
-18
9
-3
-7
-20
-3
-21
-12
-6
-8
1
-21
9
-5
-3
-5
4
-6
3
-16
-2
1
22
-6
-18
1
8
-12
-4
-16
-8
7
-15
-8
3
-10
6
-9
-5
3
-9
-1
-4
-5
-18
4
3
0
8
16
9
15
-13
16
8
-15
1
-2
11
8
9
6
1
-2
-2
8
-9
-13
10
-6
-14
25
-1
-4
20
-20
10
-14
-2
10
-7
1
15
7
2
11
9
3
4
-19
9
-11
-17
2
-14
-9
-13
28
-27
-7
-7
-20
-17
-9
1
-14
-13
-17
13
2
-21
7
2
-18
17
-5
8
-12
20
1
1
8
-2
-7
-3
-1
4
9
-2
-5
-8
-8
-4
18
-13
22
-5
-17
13
-15
-19
-11
-5
-6
-4
9
-9
-8
-3
-1
-21
-8
0
-17
15
-19
16
1
-1
-8
0
13
-5
-13
-4
-1
9
-23
-24
5
-12
-11
-2
-4
0
14
0
1
4
-6
13
-3
-6
-6
-6
-21
-2
2
-10
21
13
7
-7
24
30
17
-15
33
3
-2
-14
17
14
10
12
-4
6
-2
-12
14
-18
0
6
9
10
-2
0
-7
22
-4
-2
-3
1
-4
1
-11
4
-6
6
-7
-11
18
-6
-1
-3
-2
-9
-1
1
0
-4
-10
5
20
-18
4
2
-16
-10
23
-6
-16
9
6
20
-4
-3
4
-2
-6
-6
5
11
-13
6
-2
-7
-1
3
5
5
-7
0
-5
10
2
-15
-2
2
2
-1
-13
1
-5
-1
-4
5
-5
-10
-6
12
21
-4
5
0
-21
-11
10
-14
-10
19
8
19
3
4
12
-3
1
-6
-3
19
-6
5
-7
3
-1
-8
3
13
-22
7
-11
-7
13
-9
-5
-3
9
-17
-10
5
-13
-2
-11
1
-3
-7
-38
11
20
0
8
3
-17
-18
11
-14
-13
12
0
38
-21
15
25
-3
-13
-16
-15
-13
-12
-16
15
-21
-9
11
5
-19
18
-7
10
1
6
9
-4
16
-10
3
-16
-11
1
0
14
8
6
-23
41
9
9
-10
-1
-10
-1
-23
10
-2
25
11
-8
1
-2
4
10
-17
-14
-10
-4
9
-5
-7
-1
4
-6
-1
-3
-10
11
-9
-5
5
-9
13
-5
-5
16
-4
1
-4
-4
-13
13
15
4
-5
6
12
9
-15
13
2
-10
-8
10
16
-1
5
-9
10
-9
3
8
-7
-13
2
-3
-4
1
-15
5
10
-2
10
-8
-7
23
7
-1
16
-3
16
1
-5
3
-12
-11
-1
-5
-11
9
-2
-6
-6
29
-1
-3
-12
9
-6
-1
-2
12
12
-15
3
-4
-7
4
-8
-7
2
-4
19
-5
-1
-1
4
-2
10
2
1
8
10
17
-9
-4
12
-5
7
4
-5
-7
0
-12
18
-9
-13
-1
-11
1
0
0
11
-1
-20
12
-21
-5
-7
7
4
-12
4
-8
4
-9
-12
2
-3
3
1
-5
13
1
9
-10
5
-11
-9
-3
5
-9
-3
-7
5
-3
-8
12
-3
5
-22
-12
9
-22
-14
1
-7
-11
-9
-11
14
9
-12
12
-12
-8
-1
0
-3
-15
13
-2
19
-7
0
11
-1
-2
-19
-13
0
-6
-3
6
-12
-9
8
1
-24
16
-2
6
17
9
14
-2
7
-8
0
-1
-11
-10
4
12
7
0
-12
7
15
12
-14
9
-2
-7
-20
16
-6
10
-4
-5
12
-8
10
7
-8
-21
-9
-8
-1
-11
-23
20
-15
-5
16
-5
-12
27
-3
12
5
2
12
1
11
-2
13
-17
-13
4
-8
8
4
6
-16
42
9
2
-15
9
-11
4
-11
-6
0
20
3
1
-13
0
1
-4
-10
-12
24
-12
17
6
0
6
11
14
17
-11
13
2
-4
-10
-20
5
0
9
-11
26
-4
-20
10
-18
-10
-24
-12
-12
-3
-8
-25
-2
-6
-16
-16
-9
-14
-16
7
-24
12
4
10
-11
-3
-2
14
-10
3
-5
4
5
16
13
7
5
-2
-5
13
9
-6
1
-11
-6
-6
14
-5
19
-18
-8
10
-8
-19
-10
7
-15
-10
8
-6
-4
-9
-16
-24
-10
-5
-14
16
-18
18
-20
5
0
-7
-4
3
3
-6
-17
-8
11
26
-10
3
-18
5
4
-6
2
-9
1
14
15
-1
5
1
-2
-8
1
0
-28
8
4
1
-14
-18
-23
14
4
-13
-3
-1
-10
-18
2
-18
-7
-3
-14
15
-21
6
9
7
-11
-16
1
16
-16
-23
3
3
-3
0
-10
-11
14
-7
-2
6
-13
23
-3
-3
12
-7
7
-16
3
-12
13
14
8
-1
23
20
8
-19
20
5
-4
-5
17
13
10
1
-2
9
2
-1
2
-16
-20
30
-1
3
2
-1
-1
9
13
19
3
16
6
5
-8
6
18
2
5
-4
3
9
-11
7
-11
0
-22
-11
-12
-4
-22
-11
-9
-4
-6
-11
-9
2
-5
-12
-20
2
7
-1
-3
-1
-6
18
-2
-4
13
-10
-7
2
-7
18
-11
1
-7
9
6
-1
3
27
-2
0
14
7
-3
-8
-10
-1
5
-6
9
8
-15
-21
8
8
7
-11
-3
-6
-9
4
12
-8
-24
13
-5
-4
24
-11
-12
5
5
7
-13
-3
-5
14
-14
-1
-8
-2
-1
12
12
-12
-3
10
-20
11
16
-2
-1
-31
5
5
-7
12
16
1
-15
-9
3
20
-4
-18
14
-22
-4
3
1
3
-23
-7
-4
0
5
-13
8
-16
-1
-1
-18
-2
-3
-4
-6
-3
-8
-7
14
-1
12
-19
-11
14
-6
7
5
-19
-9
-17
-4
13
-11
-8
20
0
5
6
6
22
-1
-13
30
-12
6
-4
10
13
4
8
-13
15
-6
6
26
-14
-17
-12
-2
6
3
-25
6
-6
-9
17
-1
-20
13
-1
7
9
7
8
-7
1
6
20
-15
-16
0
-11
14
2
8
-9
22
3
18
-14
12
-1
-1
-19
8
-12
13
3
8
4
-4
16
-3
-3
-10
8
-1
14
-16
-16
7
5
-6
6
5
3
-5
3
-12
-10
5
1
-3
-6
9
-2
-16
5
-10
-11
-10
3
6
-6
-16
0
26
0
9
6
-21
-19
14
-13
-1
11
13
18
-15
-1
9
1
-3
-1
13
6
6
-7
-13
9
-18
1
4
13
-18
18
0
24
5
-13
0
1
-22
8
-20
11
2
-8
4
2
-8
7
4
-10
17
18
-8
6
-25
-9
14
-29
-9
15
8
-9
8
-1
-2
8
11
-4
-5
17
-10
11
2
-8
-12
-1
12
13
-20
3
-14
-8
13
-10
-2
-5
17
-9
-13
11
-11
0
-17
8
-4
-3
-36
6
8
11
-1
1
-15
-14
1
-29
-17
15
13
21
-7
9
14
-6
-4
-21
-9
-11
-18
-17
9
-15
-13
7
1
-25
14
-5
12
12
11
14
-11
16
-15
1
-13
-13
7
10
18
12
10
-20
20
21
20
-15
10
-1
-2
-23
19
-11
22
6
5
14
-3
16
16
-17
