2
-1
7
2
4
10
-6
-8
-5
5
-5
-11
19
-19
10
0
-29
3
-4
-11
-6
-5
-17
14
-2
7
7
0
-13
18
10
-7
-10
7
-11
8
-1
2
7
13
-26
-6
-4
18
-19
4
-21
9
3
-6
11
10
-12
6
26
-22
11
-6
-13
20
3
-6
-18
14
-17
1
5
-5
6
-1
9
15
-7
8
0
2
3
-3
-13
-27
6
1
6
-1
12
2
8
1
-4
-13
-10
-1
-2
-5
-22
2
-7
-13
8
7
-4
8
-2
-15
-1
7
-6
12
11
11
-3
15
-9
-12
3
-11
18
6
15
2
3
16
2
-5
-4
-25
-8
-9
7
5
6
0
-9
-10
19
3
-3
-25
-4
0
9
-9
13
8
-14
15
6
6
-2
4
-8
-9
4
-2
-5
-5
17
-6
1
-2
-5
-9
-6
-7
3
-7
-8
3
5
-11
7
10
-12
15
-7
0
-9
13
7
5
16
12
0
24
-11
-2
2
5
18
7
10
-5
-3
10
-3
-5
-10
-11
-11
-9
19
-11
-8
2
-6
-9
6
10
-1
-19
0
-2
12
7
8
2
2
10
4
11
0
8
-7
-5
7
-11
-3
-7
8
-4
10
2
-7
-10
-16
1
-11
-14
-13
4
-12
-5
1
9
3
7
2
3
-3
7
5
10
0
17
3
14
-4
1
4
-4
-4
-5
13
-2
4
-8
6
-5
9
-10
3
-13
7
3
1
-5
1
-8
-2
-4
-7
-14
0
-7
4
-3
10
8
-21
7
-1
2
-9
-3
-8
-12
5
-3
10
-6
13
1
-1
3
-6
-6
-11
-8
0
-2
-17
5
1
-9
3
7
-5
11
1
-13
-11
10
-3
1
13
7
-4
21
-7
-11
2
2
14
11
4
-3
0
18
-9
-4
-6
-6
-8
-15
17
-7
-10
5
-2
2
12
13
8
-18
-5
-3
6
-2
6
5
-1
-2
8
-7
18
4
-7
-7
6
7
0
-17
18
-10
14
14
-28
-8
1
0
0
-7
-5
9
17
3
0
-11
-5
18
-7
0
8
11
-9
9
0
-3
21
4
-10
2
3
17
-3
13
-7
16
-7
-6
-1
3
-16
0
3
-6
14
-11
-14
9
0
-1
-13
8
0
-12
7
-9
14
2
-14
21
4
3
6
-10
5
5
-3
-5
1
3
1
-5
-5
4
8
5
-7
1
-2
5
-4
-8
-5
-1
-14
0
-4
1
-2
12
5
-1
3
-6
1
10
-1
8
1
3
7
12
1
4
5
-4
4
11
4
3
0
7
9
-4
2
-4
4
-1
2
0
-3
-8
3
1
-5
1
4
-8
-2
-2
-2
8
-10
13
14
7
-10
6
-4
-1
-9
7
-4
-6
-9
-11
-5
3
-6
-1
1
1
-2
1
-3
9
-2
1
-4
7
-10
17
16
1
-12
2
18
4
7
4
-5
9
5
7
1
19
-7
-9
0
0
6
-4
-6
9
15
12
5
-7
16
0
-8
6
-3
13
-12
14
4
-13
10
-11
1
7
14
-12
-2
-3
10
-13
8
-1
-2
-6
-1
4
11
-17
9
0
6
4
-19
-7
-3
3
-10
-6
-10
7
2
10
-3
-1
-6
25
-6
1
-1
5
-13
7
9
4
7
5
0
4
-3
2
0
3
6
9
-6
-2
-3
-2
0
-6
-4
-13
7
-4
-7
0
3
-4
5
10
11
-19
5
-1
0
-7
-5
8
8
-11
-2
-9
5
9
-18
5
2
-4
-2
-3
11
-10
8
5
0
-10
4
5
-12
-9
4
-3
3
6
-8
-4
-3
1
-6
3
12
2
1
1
9
4
9
-3
1
16
-1
1
2
13
3
9
-2
-27
-14
-4
1
1
4
-3
-2
2
-9
6
-15
17
-8
10
3
-4
11
-4
5
7
-8
13
-4
-9
3
-5
-5
-8
-9
-16
1
11
5
-11
17
-3
18
15
-8
-9
-4
9
-18
10
-13
-7
-13
1
-12
-8
-7
6
-16
-7
11
-5
-10
8
-5
-2
4
-3
1
19
3
3
7
19
-2
18
-5
-18
-10
6
-14
-9
3
-5
-3
-11
9
1
-23
5
-5
9
-7
-18
6
-9
23
11
1
26
6
2
2
-6
13
-15
-2
-16
6
8
14
-17
15
0
3
7
-10
-12
-8
15
-24
2
-18
-1
-10
1
3
1
-3
14
-6
-1
3
-3
-11
10
3
4
0
4
9
8
-2
5
-13
-9
2
12
-10
-12
19
3
-22
-2
-1
-4
-6
-6
13
8
-9
-3
0
-9
0
-4
3
-2
20
-9
-12
16
1
5
0
-1
8
0
2
1
4
2
3
-11
4
-4
-5
1
-6
0
-12
2
-12
-1
-10
4
3
4
0
4
-3
18
5
4
-7
-1
3
3
3
9
2
9
3
4
-3
5
0
-9
3
-1
-10
-5
10
2
-4
8
1
-10
7
-5
-5
6
1
0
-3
-1
0
3
3
0
5
-2
-6
3
-20
6
5
-14
-17
4
-9
-10
-5
-1
6
-1
10
0
13
4
-21
-7
2
-7
14
-8
-10
3
-1
-5
1
-6
-6
25
-7
-19
-9
6
-16
6
19
3
15
15
-21
-8
-1
10
14
26
0
8
5
24
-27
-4
-16
-9
-10
-18
28
-10
-21
-5
3
-1
22
26
8
-21
-1
-4
-1
4
0
10
-31
0
18
-3
-27
29
-23
15
-12
4
-24
-14
9
-17
40
3
-24
11
11
-20
21
-6
19
1
-15
-1
-20
-14
-17
7
-13
-8
-9
-14
-3
4
-5
-10
16
-17
-22
22
-4
19
-12
49
-30
16
12
-23
-51
4
-1
15
14
-10
26
-26
-33
7
-6
22
6
42
-12
-22
10
-15
29
37
7
33
3
-10
9
-12
18
-11
-1
-20
2
10
16
-23
15
-2
9
10
-22
-7
-5
6
-21
2
-17
2
0
7
-5
-7
-6
24
-14
-3
3
1
-22
12
1
-2
4
3
3
3
-4
-2
-4
6
-3
16
-11
-8
8
3
-15
-10
0
-9
-4
-4
3
3
-9
-4
3
4
3
-18
4
-1
14
-7
-6
22
2
-16
1
-11
9
4
-18
1
4
4
-3
-3
3
-9
11
6
-3
-4
3
4
-15
-4
6
0
1
4
-9
-8
-5
-3
3
-4
10
-2
-4
3
1
0
7
-15
4
12
1
-3
2
10
0
12
-2
-23
-6
2
3
0
5
2
-15
1
0
7
-9
14
-3
14
3
2
13
0
6
-2
0
12
17
9
12
13
-20
22
-27
4
-6
0
-20
14
1
-20
3
-23
10
-6
19
-4
11
-17
0
14
-25
6
-2
-8
4
-8
7
-4
18
2
30
8
3
4
-2
1
-3
21
3
-6
11
14
23
0
23
-39
-1
0
37
-3
23
-10
8
19
-5
10
-20
14
-22
8
-7
-10
17
-12
-1
5
11
5
