11585
941
7032
8860
2416
-4308
-11855
6684
5943
-2105
9418
9728
2965
259
5054
-7236
-10719
-241
-12184
10825
-13015
1637
11058
3633
-2691
-3479
957
10641
-9549
-8913
-10420
118
-5327
-1668
-4461
-7331
-15534
-7360
1877
-7330
-4515
2600
5300
2835
-12166
-609
-7161
-9207
7670
4611
-6486
10507
1032
3758
-3436
106
-12680
-1234
5844
990
-3852
-949
-12897
9061
-8020
2957
-5554
3633
-1863
-3506
6085
4247
-10172
-777
2243
8763
340
-6363
1115
5277
2171
-5336
6235
10014
-1753
-4716
1233
1312
-5269
-1224
-396
-4838
-1291
-2907
5920
954
830
-1700
1524
1239
8557
-16150
6720
6905
-2557
-2241
7635
-1504
-11739
2426
-4022
-381
-12220
-4118
4540
1093
-1712
-1756
-155
-7534
2492
2074
4732
7637
7764
948
-4563
3219
-3170
3151
2620
-5220
4690
12049
-11144
7920
-6371
1325
4077
-1785
-10951
-2805
-5712
-5191
2523
-3728
4641
8447
6430
-4162
-5567
10896
2418
418
4820
11875
1683
-569
2583
-1479
-6364
2262
-6846
3150
-6350
3039
11116
4964
3175
-1520
-840
5614
-1325
-10789
-5080
-733
-4678
-1976
202
-9683
-8614
-4986
-842
-3403
-2347
-9
2706
5160
-3723
-2074
-1440
-7817
6407
3815
-1096
7230
1397
5746
-6326
3115
-9326
1136
2708
311
-1440
2186
-10754
5692
-1165
3722
-1111
-88
-5191
-815
1085
-2423
-2411
917
6390
7358
2975
-6911
-152
7904
1677
-4751
3009
7786
-1167
-3455
4392
-4156
-4818
1584
-1896
2156
-1425
-4042
8081
2173
3561
-1737
1873
4610
1041
-10059
1985
2340
-2615
-973
3955
-4156
-7415
-1737
-1796
-2895
-4989
-3782
2715
520
-470
-72
-5891
-7624
4383
1482
1754
7009
5925
5360
-6777
3977
-4790
1988
2418
395
981
6035
-8358
5070
-1797
-1071
1631
1780
-2790
2845
-4604
-4485
-430
7846
1966
11330
-9456
-4159
-4624
3644
2838
-14373
6214
16244
1618
408
-5107
-5774
-5213
-5487
-3182
10017
-2574
-9637
6387
3085
-6221
2056
-154
155
-168
-17092
3067
1816
-5586
7792
4965
828
-7303
1745
5511
-6898
-12202
-757
11292
563
5701
5600
-8163
-11837
-5305
1892
8578
10317
7777
11658
-6340
518
2045
-6822
-2929
-2679
-2413
8380
-14862
6813
-4467
-4953
2099
-2865
-6213
-3923
1413
-11543
5618
-3055
2255
7439
8347
-5308
-10290
8816
443
2290
2223
10295
4693
-3499
476
-2275
-6452
2923
-5946
7948
-11385
4527
6467
4585
2466
610
1920
10731
-1408
-6159
-7976
-4822
-2316
795
4281
-10671
-11479
-6499
3325
-5854
-1059
2659
-1047
-2902
-6834
-5370
-5840
-4922
3085
5367
-4469
3772
-5683
7692
-1651
3596
-9269
710
1614
-116
-7649
2422
-8013
-1275
-548
1817
2062
-244
-2253
-2212
-2851
-2710
-2690
-3822
-4532
8129
7172
-9233
-352
8430
-4025
-724
-759
10658
-3438
-12450
458
-1786
-2937
1251
1314
1931
-2855
-5509
3268
1053
7142
2744
6301
2409
6587
-9725
760
-1102
1064
-2350
7243
-9080
-9116
7620
362
-1826
-3056
-636
-1429
-8270
2946
-3995
-3662
-8378
977
2975
3018
4286
-2084
5060
-4093
2412
-3777
1439
3011
-4693
-324
5110
-7104
-3168
3155
-804
8012
3306
-9368
3475
-11560
-11889
2763
-3733
2218
8211
4670
-7354
-8120
9205
-6
1903
1919
10327
-503
-2416
786
-1505
-3802
1196
2533
2204
-4361
5124
3469
5976
3985
420
4534
4779
2449
-10003
-3302
-1090
324
-2564
5765
-7158
-9401
-4859
-2127
-4329
-3239
5625
55
-2451
-3897
-2839
-2790
-3271
1062
1900
-4093
4078
196
3496
-946
5035
-449
-506
4585
-4572
-5330
5024
-6905
-507
2289
625
-415
-2905
-6394
-2126
-845
-6150
-4944
-4773
1035
9804
4368
-8770
26
11843
-228
-547
1726
10747
-3545
-5110
1041
414
-7124
2058
4541
-4806
1933
-2156
7008
4769
7690
-686
5132
740
8759
-14110
1612
335
-2890
-2472
8161
-7829
-14402
-776
-2369
-2007
-5351
-1034
-735
-1840
-81
-980
-4781
-8836
1919
3496
3502
6951
2601
6387
-3667
592
-9618
1770
6965
-2667
624
6533
-10770
-1756
-132
1928
813
-2304
-8429
4222
-9547
-7391
-2982
5659
2295
13745
-4613
-10678
-4866
5282
3161
-7986
4060
15583
2997
109
-2422
-4866
-8066
-3683
2516
5292
-1605
-8257
3069
3534
-1303
3330
271
-4145
4188
-21790
3410
2449
-5687
3631
8140
3913
-13060
-2381
9
-4667
-9149
-3956
8435
-2141
368
5663
-7439
-11690
-2325
1397
4978
13217
5250
10304
-260
1695
-5064
351
3981
-1974
-849
8284
-13330
3909
-785
-3634
-419
-2451
-4881
-535
-1542
-6328
14271
-810
-283
10518
6481
-832
-14891
6263
2077
3823
11371
10381
8329
3304
5710
201
-8828
2558
-12991
13374
-14930
4506
12165
664
-4762
-2969
-2582
10696
-7542
-2516
-14840
-5383
-2295
3374
3482
-15185
-12615
-819
7981
-663
-159
2291
2305
8037
-12293
-5388
-7335
-3577
6520
4391
-8959
4944
-3965
5716
-2814
-1028
-15382
-594
3027
5374
-9239
-2797
-10151
3104
-7304
2722
-1801
-3257
-1386
-6690
4883
4730
929
-2572
-1892
5813
6180
-3839
-1655
5011
1375
-2568
-583
7099
627
-6965
183
-1680
-5768
3985
-5625
3420
719
-9487
7332
2158
5731
3039
2722
303
5971
-8099
-103
-1426
-1236
373
4794
-11092
-6735
7130
267
-2070
-2337
-4864
-3488
-8300
72
-3241
-4105
-8219
-1145
4520
2596
3061
578
6336
-5724
-814
-4316
1989
-3523
-625
1060
2955
-12019
-2825
1042
-2749
7103
1185
-5605
-565
-11010
-7305
576
-3875
-599
8098
3416
-5851
-1395
4937
3334
-624
9062
6617
-291
-5198
2166
3481
-7840
-3560
-3863
1198
-1028
-9108
14142
2496
3496
2296
-777
4260
7073
-7480
535
-1623
-2552
2878
8005
-6835
-17173
-1354
4712
807
-10928
-1871
586
-4543
-1731
2348
-2276
-11317
6226
1166
8520
3445
4295
6582
-6698
-3734
-4866
-3153
-333
7345
2911
6193
-13844
2834
-4176
-375
-322
2405
-7623
-4310
-5902
-588
-3587
-7761
-845
9621
6774
-12339
-7868
7941
3772
138
2180
9493
2445
-10373
-4063
3417
-13937
-6484
1442
-2853
6735
-3062
14858
10448
2127
-76
-3355
-9401
12047
-13395
-547
5413
-7008
-3186
9118
-2244
-17590
-4164
-3462
-3246
-9688
1873
1136
-8112
-4347
5851
3639
-6484
2487
2737
2886
7860
6933
5038
-1031
-923
-13409
4667
7523
-2663
3504
7940
-13534
2779
-1013
-3958
4917
-8808
-17208
-4852
-13170
-9857
-3586
1936
-1344
14547
-5189
-5238
-7417
2217
4005
-13353
2252
13634
6681
3035
1885
2344
-7385
-6758
2035
4576
-1223
-6868
3370
-1117
-5563
-111
-1178
157
4697
-17900
4850
2503
-1800
7385
17291
3877
-3962
-2347
2854
-3681
-14721
1609
9745
-7315
-1001
5746
-5032
-2610
-4854
1947
4485
10653
5751
4903
-5549
5321
4251
-4073
-2565
-4694
-2383
10479
-14633
3960
-3949
-7399
12893
-5940
-7837
-5326
-1253
-11177
3912
-3258
-2185
10529
2406
-1579
-3140
7372
3691
-6658
1096
10191
4655
-3714
-95
-3758
-9477
-694
-5773
5758
1946
-11599
8966
2547
451
6319
663
850
4476
-7651
-2907
-1552
-1951
512
12526
-5084
-7832
2700
3279
-6999
-6623
873
-3262
-14483
-2632
1112
-5592
-5563
464
5241
-520
7540
2026
3912
-5058
732
-4871
981
-2519
-1927
-5028
1428
-14322
-3404
-1932
-7159
12641
-6462
-4824
-3975
-11898
-7994
988
-8480
-1415
9856
5033
-7777
-9267
12117
5672
-39
5867
8489
3923
-4171
-3843
6018
-8778
-3984
-4715
-1284
-1400
1672
11830
5212
6765
224
-4980
232
7642
-12695
-2784
-507
-7142
-408
5882
-6342
-14957
-4518
-1297
-4384
-7736
2664
-116
-4762
-8678
1447
1506
-9554
4290
3520
3022
5422
-179
4426
-5406
591
-10402
-1656
4356
-1931
1696
5859
-12937
1144
-135
2191
1087
-2084
-12014
-5255
-4786
-4700
3233
-2545
-1212
12528
5321
-8900
-13605
8535
2598
-2731
4075
12381
4235
-6501
-3589
-19
-9105
-3885
-1226
7151
-4182
-543
5102
6707
3910
4144
-320
1730
6931
-9580
-7310
-4538
-5285
1934
7592
-7541
-7775
-6501
2392
-2860
-6034
2772
-2046
-5952
-4971
2093
-3419
-5920
426
3300
-605
6045
-1152
8082
1295
3495
-7958
-673
4497
-1416
-422
4347
-9541
-160
3627
-167
5870
-2882
-10548
-3454
-5416
-8424
