0
-1016
-54
110
-197
-4496
-5020
0
0
-80
0
0
-900
54
-4299
607
-84
3059
170
-2443
0
120
0
0
0
0
-748
1248
-920
0
-422
2235
-120
0
0
0
0
0
-1997
0
-74
-36
0
-1495
-32
1594
0
1400
539
0
0
0
0
0
0
936
0
525
2001
0
2400
1310
0
0
0
-2855
0
-1463
1379
-866
3333
0
0
1071
0
-154
-285
-553
-431
0
-1621
254
-4
-605
0
39
0
127
0
-2624
0
1207
0
0
42
76
-4754
243
837
0
-1558
-5346
-783
0
-446
0
290
0
-8954
0
-2341
0
0
694
0
-82
229
280
-1136
0
0
0
-7093
-9473
0
112
-4317
0
0
-4576
0
-201
1020
2595
-3637
-10612
1027
0
0
0
-4429
0
-413
0
-189
-88
0
689
0
-254
0
-1957
0
0
-1979
1048
155
0
0
0
2612
0
-2194
-5773
-2519
0
876
-38
-2550
0
0
0
-144
0
-1842
-2604
1460
0
0
0
0
0
4002
-1469
0
0
0
1654
579
59
0
0
0
486
-228
611
-797
-1755
-682
0
0
104
0
0
-594
54
-2083
-3957
-723
3140
50
137
0
78
0
0
0
0
-370
1053
-1016
0
-232
4186
336
0
0
0
0
0
-2512
0
-96
243
0
-607
1431
1210
0
525
140
0
0
0
0
0
0
-360
0
-1658
694
0
1203
-2248
0
0
0
-2195
0
-74
1974
-1566
558
0
0
-972
0
-433
-219
-889
-714
0
1620
-42
0
-845
0
77
0
-28
0
-140
0
640
0
0
112
-27
-1340
1143
-580
0
-3027
-1764
7
0
-252
0
-250
0
4512
0
238
0
0
-1076
0
-1016
248
128
-344
0
0
0
-3892
-5930
0
-1088
-903
0
0
-4492
0
-631
-2159
1550
-3181
-4198
-1036
0
0
0
-2528
0
404
0
182
-2347
0
-898
0
-254
0
-1553
0
0
-846
-1594
87
0
0
0
2693
0
270
-955
-2028
0
-1716
52
-3860
0
0
0
-63
0
1541
417
-381
0
0
0
0
0
2701
374
0
0
0
1190
161
26
0
0
0
40
0
-93
144
-95
-988
0
0
0
0
0
0
0
-1905
828
1524
432
0
-1651
0
0
0
0
0
0
154
381
0
0
-59
2340
0
0
0
0
0
0
0
0
0
0
0
-1596
608
2400
0
486
0
0
0
0
0
0
0
0
0
450
-630
0
360
884
0
0
0
-1016
0
-520
1017
-480
646
0
0
375
0
0
0
-474
-78
0
48
0
0
-308
0
0
0
0
0
0
0
560
0
0
0
0
-1840
68
635
0
-1230
-635
-1365
0
234
-177
0
0
-3885
0
-1744
0
0
-455
0
24
225
0
108
0
0
0
-2856
-1170
0
0
-1905
0
0
817
0
36
0
574
-2266
-105
812
0
0
0
357
0
0
0
-735
1914
0
287
0
0
0
-475
0
0
-2125
-208
0
0
0
0
160
0
0
-960
416
0
336
0
-1152
0
0
0
0
0
-846
-1564
889
0
0
0
0
0
160
0
0
0
0
280
29
0
0
0
0
70
574
363
-496
-4174
-5560
0
0
0
0
0
-213
-496
-3769
-3033
-741
3600
94
-1633
0
0
0
0
0
0
-2608
351
-385
0
-677
-1525
-3048
0
0
0
0
0
-801
0
164
0
0
1762
-2584
-3751
0
823
168
0
0
0
0
0
0
-20
0
-991
4234
0
3353
-1761
0
0
0
-1957
0
-2008
26
-2349
3538
-49
0
-105
0
14
0
-531
-856
0
-160
0
0
-3210
0
0
0
0
68
-298
0
625
0
0
0
36
-2398
632
-238
0
1230
-3161
1441
0
-1381
-177
0
0
-2073
0
1172
0
0
175
0
-508
-419
0
-1055
0
0
0
-4135
-7042
234
1308
-2480
0
0
-3792
0
212
132
3377
-616
-7801
-613
0
0
0
-3669
0
-21
0
1210
-6076
0
-592
0
-224
0
-2506
0
0
-2154
1961
-26
0
0
0
3800
0
-1919
-3294
-4707
0
-686
0
-4307
0
0
0
-81
-141
414
-1263
145
0
0
0
0
0
5213
-1232
0
0
0
264
287
30
-60
0
0
-240
76
0
-230
-3942
-1974
0
0
0
0
0
-576
658
-1577
656
-624
1095
150
-2124
0
0
0
0
0
0
-1296
0
0
0
-574
-3800
0
0
0
0
0
0
-670
0
0
0
0
2821
-3774
-5267
0
748
0
0
0
0
0
0
0
0
0
-426
2295
0
1344
-184
0
0
0
-894
0
0
-2724
0
3648
147
0
0
0
0
0
0
-81
0
-611
0
0
28
0
0
0
0
-86
22
0
330
0
0
0
0
-858
96
30
0
2210
-75
-2204
0
0
0
0
0
2000
0
-333
0
0
0
0
0
0
0
-528
0
0
0
-2896
-3105
0
0
-1526
0
0
-4900
0
-959
0
505
476
-5025
-55
0
0
0
-3318
0
1
0
33
-5352
0
434
0
0
0
-450
0
0
0
1584
167
0
0
0
880
0
-70
-2058
0
0
-122
0
-585
0
0
0
0
0
-1260
924
378
0
0
0
0
0
810
0
0
0
0
1056
0
0
166
0
0
494
56
-3
1594
-366
6
0
0
1016
0
0
0
-762
-2999
1063
-761
2387
0
-1069
0
0
0
0
0
0
364
330
-320
0
-59
123
-1272
0
0
0
0
0
510
0
-47
-141
0
-2068
432
3076
0
-450
693
0
0
0
0
0
0
-1524
0
30
-2667
0
1612
436
0
0
0
-2973
0
-2151
109
-1270
-9
0
0
-184
0
-144
-120
0
190
0
-1562
-64
-100
-507
0
-97
0
0
0
-1829
0
-2518
0
0
-84
40
-2340
92
-234
0
-880
-2855
-1913
0
-885
0
400
0
-6798
0
-60
0
0
90
0
345
277
296
-297
0
0
0
-3503
-6953
0
-720
-1999
0
0
764
0
108
1768
792
-1153
-215
705
0
0
0
890
0
-47
0
-1113
3068
0
-129
0
-234
0
-229
0
0
-2418
-410
85
0
0
0
1132
0
-2878
-1788
-2320
0
63
116
-2656
0
0
0
164
0
318
-4489
1116
0
0
0
0
0
1462
-329
0
0
0
616
290
200
0
0
0
562
-118
151
394
-39
1970
0
0
760
0
0
0
270
-1218
-2872
-48
2756
0
556
0
0
0
0
0
0
-497
127
-307
0
-21
2324
-2848
0
0
0
0
0
-2456
0
136
-255
0
-495
794
451
0
0
84
0
0
0
0
0
0
-1457
0
-1214
-655
0
252
25
0
0
0
-1434
0
-364
424
-870
-1369
-27
23
348
0
1170
-90
616
253
0
1167
20
0
-5210
0
24
0
0
0
-1214
0
-500
0
0
82
-38
-85
0
-498
0
-2243
37
420
0
-1388
0
300
0
4596
0
2020
0
0
886
0
0
-254
-20
-898
0
0
0
-1607
-1779
468
-364
-277
0
0
-1456
0
-150
270
2358
-1362
157
-754
0
0
0
-41
0
188
0
1279
-1674
0
-819
0
-134
0
-2302
0
0
-1424
-561
127
0
0
0
2664
0
80
1029
-3574
0
-123
148
-4744
0
0
0
-60
-282
525
-162
-826
0
0
0
0
0
4671
-82
0
0
0
156
253
30
0
0
0
-1608
254
498
-410
-4522
-3721
-1524
0
0
0
0
0
-336
-3975
1943
552
1681
0
-2973
0
0
0
0
0
0
-1395
564
-690
0
-199
-1596
-26
0
0
0
0
0
56
-64
-74
0
0
748
-2717
-1740
6
2183
77
0
0
0
0
0
0
78
0
634
1048
0
738
1744
0
0
0
-1887
0
-1106
-103
-941
4041
0
0
870
0
0
0
-192
-118
0
-1456
0
-231
-15
0
0
0
0
0
-68
0
954
0
0
0
228
-2949
248
1596
0
1404
-1644
-992
0
-434
-300
0
0
-7017
0
-4292
0
0
611
0
-20
261
0
-1572
0
0
0
-5543
-6525
0
14
-4536
0
0
-695
0
-5
360
2687
-1354
-7898
1295
0
0
0
-4515
0
-89
0
-1687
-1884
0
596
0
-73
0
-1462
0
0
-4071
1346
-282
0
0
0
1210
0
-1008
-4940
-3306
0
664
0
-625
0
0
0
28
-252
-2619
-2480
1380
0
0
0
0
0
3168
-1220
0
0
0
600
290
0
0
0
0
774
-204
428
-211
-1637
-1310
888
0
0
0
0
0
192
-3239
-3204
1629
4131
0
-1021
0
0
0
0
0
0
-354
712
-1327
0
-176
3976
-1258
0
0
0
0
0
-2160
-206
158
0
0
-219
-409
420
-762
660
20
0
0
0
0
0
0
72
0
-1241
296
0
1119
-2357
0
0
0
-2272
0
-611
703
-2197
859
-381
4
-240
0
89
0
-1394
-975
0
1530
0
-220
-2184
0
0
0
0
0
-683
0
904
0
0
0
579
-1523
508
-182
0
-3565
-3009
-1069
0
-328
-177
0
0
2866
0
-1716
0
0
-2509
0
-556
-246
0
-314
0
0
0
-5244
-6000
264
36
-1809
0
0
-4464
0
-431
-573
2356
-3560
-2491
-1296
0
0
0
-2266
0
-409
0
553
-2549
0
-661
0
-310
0
-2313
0
0
-4271
-1643
384
0
0
0
2967
0
190
-1012
-2214
0
-578
0
-5650
0
0
0
-95
-258
186
-433
426
0
0
0
0
0
3232
-220
0
0
0
566
463
48
0
0
237
193
168
159
-232
-2463
-3068
-170
0
-10
0
0
0
-366
-3075
-1655
1167
1583
0
-1628
0
0
0
0
0
0
-70
625
-878
0
0
-67
-2602
0
-508
0
0
0
782
-54
303
0
0
-1500
463
1255
119
162
254
0
0
226
0
0
0
44
0
-370
1708
0
1623
-248
0
0
0
-2163
0
-458
791
-1254
1338
315
6
-432
0
-459
-95
-1016
-174
102
442
0
-1270
-1864
0
0
0
127
0
-3620
0
1041
0
0
0
-652
-182
0
-696
0
-1195
-6260
758
0
143
0
0
0
-4498
0
-2157
0
0
-1302
0
0
225
210
-36
-60
0
0
-833
-8038
-188
1002
-1767
0
0
1836
0
0
354
1771
-1068
-4990
346
0
263
0
-2061
61
400
0
-1045
-1434
0
-355
0
-745
0
-1089
0
0
-3645
-2491
-420
0
0
0
832
0
-3413
-1131
-458
0
-807
0
-1950
0
0
0
493
-270
-559
-3586
687
0
0
0
0
0
3195
-1410
116
0
0
0
182
0
-120
0
0
-43
-68
0
-42
-2648
498
0
0
0
0
0
-102
67
-2679
1778
-2201
4064
64
254
0
0
0
0
0
0
-894
0
0
0
-430
-4968
0
0
0
0
0
0
-1762
0
0
0
0
-1048
-716
315
0
-172
0
0
0
0
0
0
0
0
0
-299
-815
0
2056
104
0
0
0
-1534
0
0
-788
0
1454
-81
0
0
0
141
0
0
-127
0
-2080
0
0
-190
0
0
0
0
23
-585
0
-2732
0
0
0
0
-1981
-168
3
0
3166
525
-2483
0
0
0
0
0
-4188
0
-186
0
0
0
0
0
216
0
-97
0
0
0
-4734
-5295
0
0
-1974
0
0
-3803
0
-273
0
919
1270
-5137
166
0
0
0
-1672
0
-47
0
184
448
0
154
0
-362
0
-270
0
0
-131
3492
208
0
0
0
1382
0
-896
-2546
0
0
26
0
-2112
0
0
0
-44
0
348
-3507
290
0
0
0
0
0
2186
0
0
0
0
736
0
104
254
0
0
370
-268
156
429
90
4018
0
0
0
0
0
-246
35
-719
-1072
-351
3999
304
2882
0
0
0
0
0
0
-408
635
-110
0
-749
160
-635
0
0
0
0
0
-1771
0
0
0
0
-2837
-45
3825
0
-660
0
0
0
0
0
0
0
0
0
-670
-2706
0
-1134
196
0
0
0
-1329
0
-1905
-792
-1044
-1474
-26
0
348
0
0
0
77
-207
0
-1651
0
0
-1915
0
0
0
0
-68
-310
0
-1173
0
0
0
6
-4754
376
-323
0
-862
-15
215
0
-900
0
0
0
-1368
0
1831
0
0
781
0
218
0
0
-934
0
0
0
-3160
-1473
0
0
-856
0
0
-2330
0
-133
0
1875
-657
-606
31
0
0
0
212
0
82
0
339
189
0
-565
0
0
0
-1351
0
0
-504
-1704
279
0
0
0
2864
0
391
-140
-3810
0
-86
0
-3351
0
0
0
0
0
684
-1644
-100
0
0
0
0
0
2952
-336
0
0
0
1250
508
0
98
0
0
-301
66
-31
-488
-2498
-3466
0
0
0
0
0
0
288
-1559
952
2319
1093
0
-1191
0
0
0
0
0
0
-1778
0
-791
0
-54
-1549
-2160
0
0
0
0
0
-365
0
254
0
0
777
-1520
-1832
0
0
254
0
0
0
0
0
0
408
0
326
1683
0
1512
184
0
0
0
-1671
0
-1040
-400
-384
3009
-254
0
375
0
14
0
-237
-210
0
-780
0
0
-856
0
0
0
0
0
-2049
0
800
0
0
0
660
-955
0
0
0
1186
-2434
-2397
0
338
0
0
0
-2562
0
-1951
0
0
-490
0
0
-38
0
-73
0
0
0
-2159
-5011
132
516
-1515
0
0
-3126
0
-123
378
1100
420
-5076
813
0
0
0
-1767
0
-216
0
-575
-1452
0
542
0
-224
0
-595
0
0
-2663
3626
68
0
0
0
756
0
-563
-3006
377
0
448
0
-2054
0
0
0
-81
-183
-545
-943
584
0
0
0
0
0
1186
-770
0
0
0
160
58
30
0
0
0
884
-14
153
1332
-147
949
342
0
0
0
0
-400
-69
-2382
289
-1177
4190
0
485
0
0
0
127
0
0
500
1616
-909
0
-112
-298
-4412
-285
0
0
0
0
-818
118
293
0
0
-3726
1364
4540
-248
-755
495
0
0
254
0
0
0
-298
0
-373
-1701
0
337
1199
0
0
0
-2691
0
-3430
-182
-5629
-1040
-44
0
55
0
0
0
-787
-957
0
-828
0
-1632
-4702
0
0
0
368
0
578
0
-2224
0
0
0
-288
-2137
303
-73
126
-1290
-1064
-1561
0
-2361
-60
0
0
-3259
0
1517
0
0
-239
0
272
482
0
-1224
0
0
0
-6114
-6021
-94
2599
-2430
0
0
-1572
0
229
316
3472
-1254
-207
745
635
238
0
998
0
-299
0
-91
3486
0
-570
0
-75
0
-2288
0
0
-7699
-376
99
0
0
0
4130
0
-491
-1393
-6232
0
-259
0
-7049
0
0
0
-37
-1090
1325
-3323
257
0
0
0
0
0
4385
-1050
0
0
0
902
1177
0
0
0
0
882
144
640
-537
-2566
-1304
-468
0
0
0
0
-264
333
-878
-2612
-359
2463
0
-375
0
0
0
0
0
0
-2094
1419
-24
0
-93
-585
-442
0
0
0
0
0
-848
34
-28
0
0
23
-1681
-1127
60
-200
12
0
0
0
0
0
0
-121
0
-1389
1612
0
1533
-2345
0
0
0
-921
0
458
-167
-1834
1653
210
0
-1188
0
14
0
-1270
748
0
837
0
-66
-2160
0
0
0
0
0
64
0
-188
0
0
0
-603
-877
889
-316
0
1163
-104
-1262
0
-385
0
0
0
2573
0
-358
0
0
-1287
0
-654
-68
0
-391
0
0
0
-3527
-3089
0
-100
-992
0
0
-3317
0
-423
72
1745
-141
-4625
-1448
0
0
0
-2271
0
687
0
1098
-4985
0
-207
0
-158
0
-555
0
0
-2158
3354
323
0
0
0
1480
0
-78
-906
-2515
0
-1766
0
-2098
0
0
0
-80
-198
540
-147
-19
0
0
0
0
0
4829
740
0
0
0
862
192
30
0
0
57
-508
127
0
294
-2146
-378
0
0
95
0
0
0
-657
-1365
169
-864
1729
0
-567
0
0
0
0
0
0
-594
0
-4
0
-86
-3152
-952
0
0
0
0
0
-1792
0
0
0
0
553
-1550
-1456
0
0
0
0
0
0
0
0
0
-121
0
18
534
0
408
64
0
0
0
-1130
0
205
-176
0
1575
0
0
0
0
2081
-30
0
42
135
-393
0
0
-1944
0
0
0
0
0
-2634
0
-285
0
0
0
0
-2281
0
0
0
1328
-1928
2286
0
0
0
0
0
-5131
0
-418
0
0
0
0
0
186
-15
-13
22
0
0
323
-3336
0
-750
-1274
0
0
1990
0
165
48
1043
252
-4164
-123
0
-168
0
-2451
0
0
0
-85
-2497
0
-134
0
316
0
135
0
0
-65
-3080
246
0
0
0
120
0
-1556
-834
0
0
0
0
1009
0
0
0
32
0
-234
-2315
456
0
0
0
0
0
2776
592
-138
0
0
-52
0
11
8
0
0
168
-153
156
-467
-3765
-306
0
0
-20
0
0
0
-120
-3523
-613
-2258
4849
0
200
0
0
0
0
0
0
578
381
0
0
-96
-3017
-552
0
0
0
0
0
-1897
0
0
0
0
-937
-1802
488
0
30
77
0
0
0
0
0
0
0
0
-916
992
0
1524
414
0
0
0
-2813
0
-1278
-32
-870
2609
0
0
348
0
-228
-95
0
-573
0
-2138
0
-74
-1083
0
0
0
0
0
-2632
0
-737
0
0
0
0
-2226
84
-166
0
-286
-3434
1600
0
-700
0
0
0
-3485
0
732
0
0
710
0
545
152
0
-1029
0
0
0
-4421
-9905
0
84
-2077
0
0
-4432
0
-249
300
2390
-1949
-8530
-121
0
110
0
-4390
0
0
0
-287
-2009
0
-457
0
-615
0
-1796
0
0
-904
-5530
11
0
0
0
3056
0
-1812
-1878
-3175
0
-36
0
-1968
0
0
0
-2
0
258
-2022
420
0
0
0
0
0
3679
-966
0
0
0
1129
508
52
-60
0
0
-208
0
-31
-1796
-4425
-2288
-102
0
134
-156
0
0
234
-1339
800
1134
879
0
-738
0
0
0
0
0
0
19
0
-590
0
0
-962
-2086
-24
79
0
0
0
-996
0
0
0
0
0
-825
-331
0
0
344
0
0
0
0
0
0
974
0
-248
963
0
6
468
0
0
0
-4518
0
-982
0
-279
2886
-568
0
798
0
-582
-73
-316
-439
0
-259
0
0
-435
0
0
0
0
0
-1245
0
1208
0
0
228
8
-374
0
762
0
862
-2462
-2557
0
22
-472
0
0
618
0
-2598
0
0
158
0
54
225
0
-118
0
0
0
-343
-10197
264
-1794
-339
0
0
-3088
0
0
-1104
994
0
-7978
-71
0
636
0
-3791
0
-174
0
-891
-907
0
495
0
-1288
0
-300
0
0
-3530
862
435
0
0
53
1224
464
-720
-3250
-601
0
401
222
-1873
0
0
0
-64
-244
-91
95
153
0
0
0
0
0
1234
-1719
0
0
0
0
0
0
26
354
0
327
0
222
-1369
-2207
-864
123
0
0
-366
0
0
0
-330
-917
-494
490
0
-56
0
0
0
0
0
0
0
0
-398
0
0
326
-1334
448
0
0
0
0
-363
0
-180
0
0
0
29
-254
0
0
216
0
0
0
0
0
0
62
0
72
393
0
21
-1059
0
0
0
-1760
0
-236
0
-870
837
659
0
-369
0
0
0
-367
-240
0
966
0
0
-1604
0
0
0
0
0
722
0
88
0
0
0
48
57
0
-696
0
494
-73
-1065
0
-1459
-472
0
0
1092
0
-1287
0
0
1148
0
-1143
-381
0
-780
0
0
0
0
-4571
-36
4
-194
0
0
-1479
0
0
-402
1410
0
-4734
234
0
508
0
-2122
0
83
0
1621
-2520
0
-129
0
0
0
-1338
0
0
-2718
3068
381
0
0
80
1930
-508
-94
-1320
-3636
0
-865
522
-2516
0
0
0
0
13
-238
224
66
0
0
0
0
0
2380
-1061
0
0
0
0
234
0
0
-351
0
5
0
0
624
-105
-1520
0
0
146
0
0
0
-381
-1651
144
3048
432
0
-1397
0
0
0
0
0
0
14
0
0
0
0
990
-1980
0
0
0
0
0
1495
0
0
0
0
0
192
200
0
0
127
0
0
0
0
0
0
0
0
200
-756
0
960
0
0
0
0
-2032
0
-195
0
0
570
0
0
0
0
198
40
0
-65
0
33
0
0
-836
0
0
0
0
0
-3683
0
1260
0
0
0
0
-640
0
0
0
-820
-4318
-1040
0
0
0
0
0
-3675
0
-654
0
0
0
0
0
0
0
0
0
0
0
-476
-2730
0
516
-508
0
0
1032
0
0
315
287
0
-138
232
0
145
0
323
0
0
0
-840
858
0
246
0
-585
0
0
0
0
-750
-248
-66
0
0
0
104
0
-2159
-816
0
0
0
0
-1344
0
0
0
254
0
-94
-2300
762
0
0
0
0
0
140
-490
0
0
0
0
0
0
90
0
0
-117
-106
42
459
-1821
1216
0
0
0
0
0
0
-60
-1026
598
-1640
2599
0
2074
0
0
0
0
0
0
392
0
-805
0
-68
-2187
-48
0
0
0
0
0
-1030
0
-148
0
0
-889
-80
1130
0
0
154
0
0
0
0
0
0
312
0
-243
-691
0
516
224
0
0
0
-937
0
-720
-196
-24
-270
-62
0
400
0
127
0
60
60
0
-2148
0
0
116
0
0
0
0
0
-1827
0
-1423
0
0
0
456
-376
0
0
0
926
-1002
1851
0
286
0
0
0
-3042
0
-1373
0
0
-546
0
0
254
0
-112
0
0
0
-1071
-4721
-124
84
-573
0
0
-842
0
39
360
1514
238
-4662
84
0
0
0
-2166
0
-178
0
-453
628
0
-422
0
-138
0
230
0
0
-1458
-2858
107
0
0
0
432
0
-196
-234
-522
0
496
0
353
0
0
0
37
-126
69
-1702
-116
0
0
0
0
0
2690
-1342
0
0
0
136
48
74
0
0
0
17
56
41
-505
-1659
-1859
0
0
0
0
0
0
-762
-2476
480
1459
657
0
-2475
0
0
0
0
0
0
196
0
-889
0
-59
1642
336
0
0
0
0
0
944
0
-192
0
0
-798
512
1396
0
0
40
0
0
0
0
0
0
-120
0
-6
-954
0
1440
-170
0
0
0
-1763
0
-80
452
-528
1707
160
0
-5
0
18
0
-138
-261
0
288
0
0
-132
0
0
0
0
0
-1380
0
1162
0
0
0
-162
-1998
0
0
0
-1172
-3073
-1725
0
-585
0
0
0
-3222
0
-916
0
0
-1120
0
0
150
0
-21
0
0
0
-2023
-4920
134
-816
-1675
0
0
514
0
108
-762
547
-1442
-3151
-216
0
0
0
-2090
0
46
0
-518
182
0
242
0
-234
0
-335
0
0
-650
-1643
-22
0
0
0
618
0
-1754
-1164
-1450
0
-512
0
-1326
0
0
0
127
54
-464
-1696
1288
0
0
0
0
0
245
374
0
0
0
140
124
73
0
0
0
-46
-158
0
-120
-2579
-1247
234
0
0
0
0
0
340
-4446
99
1278
5687
0
372
0
0
0
0
0
0
-1087
245
-104
0
-467
962
-450
0
0
0
0
0
-1718
-282
0
0
0
308
-1069
737
-240
708
0
0
0
0
0
0
0
0
0
-686
-1271
0
1368
181
0
0
0
-2007
0
-198
-572
-203
486
0
0
0
0
181
0
0
-540
841
-714
0
-36
-1498
0
0
0
0
0
-2324
0
-259
0
0
0
0
-1605
0
935
0
-140
-2070
-2322
116
-848
0
0
0
-195
0
-1830
0
0
1397
0
-26
-20
0
-1567
0
39
0
-7130
-6859
0
0
-2676
0
0
-3582
0
-111
0
1852
-1196
-3227
82
0
0
0
-1619
0
-22
0
652
-392
0
-198
0
-2435
0
-1106
0
0
-1558
2043
620
0
0
0
1758
0
-1512
-1669
-1774
0
3
0
-5151
0
0
0
-23
-51
-346
-2450
444
0
0
0
0
0
4092
-1480
0
0
0
362
234
78
0
0
0
179
-110
595
-1619
-2517
-1774
0
0
144
0
0
-1044
90
-1750
-3291
-455
2832
254
228
0
255
0
0
0
0
-396
1143
-416
0
-635
4116
-555
0
0
0
0
0
-1815
0
-90
294
0
-1425
1364
1749
0
90
756
0
0
0
0
0
0
696
0
-1016
1571
0
721
557
0
0
0
-1835
0
-1206
1440
-1566
284
0
0
783
0
126
-381
539
-396
381
21
160
0
-1196
0
107
0
92
0
1142
0
344
0
0
152
8
-1504
378
-531
0
-2651
-203
-537
0
-1224
0
170
0
2687
0
1117
0
0
1360
0
872
-127
448
-1448
0
0
0
-3927
-6134
0
-1408
-1233
0
0
-3881
0
-635
-1139
2210
-3531
-6564
56
0
0
0
-2208
0
80
0
986
-1494
0
-199
0
-469
0
-2537
0
0
-1032
3071
127
0
0
0
3609
0
-355
-2846
-5947
0
-63
96
-4585
0
0
0
0
0
528
195
-895
0
0
0
0
0
3960
-1271
0
0
0
1602
498
30
0
0
0
40
0
-93
144
-95
-988
0
0
0
0
0
0
0
-1905
828
1524
432
0
-1651
0
0
0
0
0
0
154
381
0
0
-59
2340
0
0
0
0
0
0
0
0
0
0
0
-1596
608
2400
0
486
0
0
0
0
0
0
0
0
0
450
-630
0
360
884
0
0
0
-1016
0
-520
1017
-480
646
0
0
375
0
0
0
-474
-78
0
48
0
0
-308
0
0
0
0
0
0
0
560
0
0
0
0
-1840
68
635
0
-1230
-635
-1365
0
234
-177
0
0
-3885
0
-1744
0
0
-455
0
24
225
0
108
0
0
0
-2856
-1170
0
0
-1905
0
0
817
0
36
0
574
-2266
-105
812
0
0
0
357
0
0
0
-735
1914
0
287
0
0
0
-475
0
0
-2125
-208
0
0
0
0
160
0
0
-960
416
0
336
0
-1152
0
0
0
0
0
-846
-1564
889
0
0
0
0
0
160
0
0
0
0
280
29
0
0
0
0
14
0
13
1170
-309
-1106
0
0
146
0
0
0
-381
-1771
756
1048
720
0
-1442
0
0
0
0
0
0
14
0
-280
0
0
714
-2916
0
0
0
0
0
1456
0
-94
0
0
0
192
290
0
0
325
0
0
0
0
0
0
-508
0
108
-1041
0
960
33
0
0
0
-2797
0
-1923
0
-636
561
-162
0
320
0
198
40
-348
109
0
273
0
0
-736
0
0
0
0
0
-3887
0
244
0
0
0
240
-671
0
0
0
-386
-4318
-1835
0
13
0
0
0
-4917
0
-1164
0
0
-70
0
0
0
0
96
0
0
0
-476
-5861
48
-24
-556
0
0
1482
0
0
939
274
0
-56
778
0
145
0
684
0
-94
0
-1617
1338
0
334
0
-585
0
230
0
0
-3417
511
-66
0
0
0
716
0
-2351
-2001
-290
0
104
0
-1850
0
0
0
254
-381
66
-3824
802
0
0
0
0
0
395
-798
0
0
0
0
124
0
90
0
0
-11
0
122
-1136
-2324
360
0
0
110
0
0
0
135
-534
-400
-612
2318
0
347
0
0
0
0
0
0
-34
0
-392
0
0
570
-2150
0
0
0
0
0
-2299
0
-236
0
0
0
174
-116
0
0
312
0
0
0
0
0
0
-252
0
-672
198
0
168
-150
0
0
0
-1811
0
393
0
-756
0
196
0
-140
0
594
88
216
86
0
525
0
0
-3996
0
0
0
0
0
722
0
-184
0
0
0
-396
22
0
0
0
94
340
-1025
0
-1664
0
0
0
3863
0
-1191
0
0
1400
0
0
0
0
-804
0
0
0
-380
-4758
-102
-384
-84
0
0
-1496
0
0
-770
2320
0
-4660
-578
0
635
0
-2261
0
60
0
1709
-2684
0
-578
0
-335
0
-10
0
0
-2664
2563
381
0
0
0
1634
0
-187
-645
-4263
0
-160
0
-3196
0
0
0
-120
-150
-81
98
-568
0
0
0
0
0
4658
-289
0
0
0
0
232
0
76
0
0
-38
-106
381
395
-2432
122
-52
0
0
0
0
0
-80
-1632
1634
-876
3324
0
952
0
0
0
0
0
0
-1145
875
92
0
-530
-3399
-840
0
0
0
0
0
-469
225
0
0
0
30
-1900
-1982
-432
522
0
0
0
0
0
0
0
0
0
-43
835
0
378
732
0
0
0
-714
0
-180
-1292
-1324
1247
0
0
495
0
0
0
282
-360
518
-1850
0
-900
-371
0
0
0
0
0
0
0
-1552
0
0
0
0
-901
180
-431
0
2002
233
-1710
18
-1970
-123
0
0
-1024
0
-568
0
0
1772
0
-35
578
0
-1932
0
-11
0
-4308
-2710
0
0
-1890
0
0
-3442
0
-41
0
1644
915
-4601
175
0
0
0
-2158
0
30
0
656
-1760
0
-378
0
-828
0
-1383
0
0
-2506
2377
642
0
0
0
1482
0
143
-1647
-4712
0
22
0
-1733
0
0
0
0
-228
-471
-565
33
0
0
0
0
0
2304
-210
0
0
0
320
231
0
0
0
0
40
0
234
225
228
-481
0
0
0
0
0
0
0
-1230
-1610
156
1696
0
-169
0
0
0
0
0
0
-77
381
0
0
-127
3120
0
0
0
0
0
0
0
0
0
0
0
-1106
1045
1320
0
54
0
0
0
0
0
0
0
0
0
-90
210
0
264
646
0
0
0
-632
0
-1016
864
-1305
170
0
0
435
0
0
0
462
-762
0
-336
0
0
-889
0
0
0
0
0
0
0
208
0
0
0
0
-1748
168
-415
0
-1905
-390
336
0
-900
-381
0
0
-1184
0
2032
0
0
923
0
436
372
0
-1320
0
0
0
-2736
-846
0
0
-1440
0
0
-2280
0
-127
0
1778
-2794
-455
161
0
0
0
189
0
0
0
245
493
0
-7
0
0
0
-2413
0
0
-612
-234
0
0
0
0
2540
0
0
-1200
-4064
0
-36
0
-2286
0
0
0
0
0
432
-204
238
0
0
0
0
0
1072
0
0
0
0
508
127
0
0
0
316
-59
183
0
-1340
-4776
-6312
0
0
-44
0
0
0
-1178
-4454
641
743
1731
94
-3353
0
0
0
0
0
0
-45
0
-345
0
-59
522
-436
0
0
0
-294
0
529
0
0
0
0
-798
-343
1346
1
0
262
0
0
0
0
0
0
390
0
455
2047
0
3083
52
0
0
0
-2317
0
-186
452
0
3630
0
0
0
0
-152
-222
0
-259
272
-972
0
0
-23
0
0
-14
0
0
-3079
0
1661
0
0
63
0
-2280
0
0
0
608
-6517
-656
0
0
0
0
0
-8145
0
-1659
0
0
0
0
0
150
0
9
0
0
0
-2455
-10378
0
-951
-2627
0
0
-784
0
108
-95
1566
-1442
-9199
468
0
663
0
-3841
-210
-89
0
-773
-420
0
558
0
-1816
0
-125
0
-116
-353
1721
-100
0
0
0
777
0
-3889
-3815
0
0
62
0
-590
0
0
0
-7
0
-401
-3735
1936
0
0
0
0
0
2430
-1987
174
0
0
114
24
73
110
0
360
-41
-165
-48
-1144
-3386
293
-136
0
104
-90
0
-150
500
-2217
-529
-785
3284
68
-160
0
0
0
138
0
-93
-349
1143
-2111
0
-21
1764
-3494
-169
0
0
-119
0
-2249
-45
-190
0
0
-1503
435
1540
-8
108
263
0
0
0
0
0
0
828
0
-1093
511
34
102
941
0
0
0
-2551
0
-2116
876
-2348
274
-207
-512
860
0
-642
-73
-813
-127
587
-825
0
-1270
-1519
0
39
-31
381
0
-1862
-81
-249
-58
0
168
1462
563
34
508
-204
-1734
-876
-156
0
-753
0
0
0
3880
0
-3813
0
0
-1310
0
30
-104
0
-86
0
60
0
-3259
-10301
-224
-2317
-1482
0
0
-1876
0
-150
470
2979
-1987
-7188
496
0
232
0
-4267
192
-489
0
-850
-1594
-142
-651
0
-918
0
-524
0
-100
-6963
-3923
402
63
0
0
1579
0
5
-385
-2626
0
1378
0
-3311
0
0
0
-92
-1231
-409
-1018
-231
0
0
0
0
0
4651
-2019
78
0
0
208
427
4
13
0
0
-346
926
283
-2061
-5242
-5504
290
0
-60
-366
-55
-849
-750
-6086
-584
-1183
6084
680
-2107
0
240
0
238
0
-50
-1556
3568
-2090
0
-1774
1226
-866
856
0
0
-126
10
-1634
-774
-208
-85
0
-3826
-167
5435
-62
988
20
0
0
0
0
0
18
556
0
-878
994
27
1673
-615
0
320
0
-2651
0
-1688
2760
-4989
3633
-107
-1336
-661
0
1
0
-1935
-992
1719
-1690
0
-957
-2591
81
77
0
-84
0
-1740
213
742
184
0
126
-957
-4437
608
1029
122
-1721
-3260
-1331
228
-2600
-187
0
0
-6166
0
-844
0
0
-1930
0
-465
145
280
-1834
0
11
0
-9366
-12916
92
-666
-4735
0
0
-5227
0
-44
-709
3965
-4375
-11084
-311
0
345
0
-6681
0
-550
0
1417
-725
102
-280
0
-2230
0
-3185
42
-232
-5627
-513
421
-127
0
0
4549
-32
-2535
-4361
-7913
0
-1585
0
-5583
0
0
0
-486
264
-484
-2852
1231
0
0
0
-68
0
6598
-2045
135
-22
0
1659
916
0
0
0
0
470
-1534
1017
-745
-3313
-1192
0
0
78
0
-20
-2781
405
-3350
-1928
555
2586
225
-1235
0
156
0
0
0
0
-914
2677
-762
0
-647
2351
182
0
0
0
-51
102
-288
-635
0
0
0
-117
-34
-208
119
3022
0
0
0
0
0
0
-104
-390
0
-1136
1168
5
633
-517
0
536
0
-1280
0
-711
2991
-2133
2007
450
-635
546
0
-58
0
43
-42
512
368
0
-28
-112
-11
0
0
0
0
24
0
816
0
0
336
-154
-1825
1743
15
0
-1177
-533
-2974
508
-1290
-177
0
0
1126
0
-3756
0
0
483
0
-666
98
128
-1958
0
-127
0
-7959
-4874
67
-544
-2780
0
0
-1619
0
-496
-381
2073
-3374
-5125
-424
0
0
0
-3948
0
661
0
-189
-3709
0
-1115
0
-336
0
-2242
0
-100
-2874
1125
607
0
-475
0
2085
0
-30
-1947
-4038
0
-961
0
-2836
0
0
0
0
0
488
-773
271
0
0
0
0
0
2483
408
0
-152
0
2244
943
0
0
0
0
-264
0
411
-267
-2071
-1469
0
0
0
0
0
0
0
-1965
-2622
-732
2064
0
-286
0
0
0
0
0
0
-792
390
0
0
-107
-858
0
0
0
0
0
0
0
0
0
0
0
1064
-1254
-1920
0
1458
0
0
0
0
0
0
0
0
0
-1044
1410
0
444
-1071
0
0
0
-816
0
-336
558
-1335
884
0
0
-140
0
0
0
-642
108
0
752
0
0
-609
0
0
0
0
0
0
0
120
0
0
0
0
-1219
756
-10
0
195
-500
2877
0
117
-105
0
0
-444
0
-1808
0
0
-1326
0
-388
-102
0
-372
0
0
0
-1824
-2970
0
0
-1125
0
0
646
0
5
0
1960
-946
-3395
-742
0
0
0
-2604
0
0
0
301
-4524
0
-966
0
0
0
-513
0
0
-2465
-1794
0
0
0
0
920
0
0
-540
-1600
0
-390
0
-666
0
0
0
0
0
441
-935
-357
0
0
0
0
0
3856
0
0
0
0
208
57
0
0
0
446
66
-7
0
2674
-359
936
0
0
1309
0
0
0
-272
-2424
187
-212
3109
64
-181
0
0
0
0
0
0
165
0
-233
0
0
-518
-5148
0
0
0
889
0
6
0
0
0
0
0
158
164
-57
0
271
0
0
0
0
0
0
-533
0
-183
-2921
0
1434
0
0
0
0
-3703
0
-682
0
0
-332
0
0
0
0
1487
-118
0
-40
505
-1264
0
0
-1332
0
0
-93
0
0
-7324
0
-2719
0
0
-126
0
-336
0
0
0
184
-3738
-1700
0
0
0
0
0
-5400
0
-435
0
0
0
0
0
0
381
0
238
0
0
-628
-7268
0
-1554
-260
0
0
670
0
0
1133
595
0
-360
386
0
-522
0
798
381
-47
0
-975
1942
0
-82
0
-2214
0
0
0
21
-558
-545
332
0
0
0
831
0
-2771
-742
0
0
13
0
-3107
0
0
0
671
0
75
-6644
1064
0
0
0
0
0
1267
-959
-573
0
0
55
62
0
401
0
457
-1001
39
152
292
-2362
1266
0
0
815
-160
0
0
120
-1301
523
-2734
3030
104
-108
0
0
0
0
0
0
-638
39
-389
0
-86
-3016
-2764
56
0
0
-210
0
-3920
0
-188
0
0
1106
-1866
-2184
10
1143
123
0
0
0
0
0
0
-2290
0
-366
-115
-106
-50
1121
0
0
0
-2231
0
-2814
-396
-666
652
-243
32
912
0
2406
58
-924
84
741
602
0
0
-3520
0
-97
-64
0
0
312
-360
-1323
12
0
123
400
-1679
248
570
0
698
230
2224
0
214
72
0
0
-1741
0
-2306
0
0
-587
0
120
279
-63
-124
188
0
0
488
-7030
72
210
-1416
0
0
1094
0
55
424
2101
396
-3128
162
0
932
0
-2320
-228
-136
0
-106
-3304
116
-687
0
455
0
812
0
-63
-3899
-1742
763
0
0
0
1252
0
19
-1711
-956
0
492
0
-1805
0
0
0
-239
-635
-702
-2299
-532
0
0
0
0
0
4630
666
-397
0
0
-111
147
0
154
0
0
707
-38
285
2479
-1888
3335
49
124
762
-108
-165
0
-1223
-2399
921
-336
4218
332
575
305
0
0
254
0
-93
601
1618
-2197
0
-273
-4528
-9061
-243
-3049
93
381
37
-1486
3
2232
0
0
-229
-2412
-1128
-216
675
1405
0
0
254
0
555
0
-2672
78
-1416
-1548
-1425
-90
-1364
0
0
0
-2580
0
-3239
-1275
-2573
594
-667
188
-1021
0
735
420
-51
-2362
1540
-383
687
-2414
-6342
126
24
0
0
0
-4938
-63
-2833
-42
0
-232
312
-176
12
-1272
-77
-552
-2721
-2077
-44
-2706
-114
763
100
-171
0
918
0
0
-765
40
249
42
296
-824
0
-22
45
-3088
-8972
-357
2441
-1544
-56
0
-2248
0
-96
1633
2726
143
-3145
209
381
389
-193
-1962
61
-566
-635
-716
-2827
-160
-276
0
-3426
0
506
2112
47
-5966
-2741
803
456
635
0
3065
95
-2487
-1840
-7151
594
-396
619
-5042
-127
-517
-578
222
-782
-900
-3457
280
0
0
-344
140
-954
3662
-2731
-174
0
0
208
977
0
0
0
0
716
-524
150
-86
-2187
3654
287
-67
732
0
-312
-685
405
-514
-411
-922
2643
152
608
93
0
0
280
0
-860
168
2666
-835
0
-63
-1651
-1804
0
-1126
0
-398
-127
-1422
-1580
156
0
-111
-1793
12
1134
-164
-1045
1800
0
0
0
28
175
-20
-1197
210
-553
-1981
-674
43
576
0
0
-254
-301
0
188
-433
-4034
-21
580
-1155
-131
0
286
264
1033
60
614
-1632
165
-40
-3875
-26
642
-416
312
0
198
18
-944
0
-920
1590
-1173
-966
414
-628
0
150
358
-951
0
-3720
0
168
0
573
549
83
0
0
1686
279
483
0
-20
-2144
-84
78
-325
-1204
-2866
-127
-638
-513
-113
58
-598
0
26
-1510
2677
340
-2957
-898
0
381
222
-1559
-8
879
430
1826
1359
-153
-1746
-246
-1124
0
44
363
-63
-2623
821
466
-912
-337
0
984
0
-46
484
-5865
-189
-541
261
-3492
23
447
-16
0
14
1029
-619
-459
0
0
-225
0
750
4602
-557
0
0
0
476
2294
330
0
0
0
5
0
0
624
-105
-1520
0
0
146
0
0
0
-381
-1651
144
3048
432
0
-1397
0
0
0
0
0
0
14
0
0
0
0
990
-1980
0
0
0
0
0
1495
0
0
0
0
0
192
200
0
0
127
0
0
0
0
0
0
0
0
200
-756
0
960
0
0
0
0
-2032
0
-195
0
0
570
0
0
0
0
198
40
0
-65
0
33
0
0
-836
0
0
0
0
0
-3683
0
1260
0
0
0
0
-640
0
0
0
-820
-4318
-1040
0
0
0
0
0
-3675
0
-654
0
0
0
0
0
0
0
0
0
0
0
-476
-2730
0
516
-508
0
0
1032
0
0
315
287
0
-138
232
0
145
0
323
0
0
0
-840
858
0
246
0
-585
0
0
0
0
-750
-248
-66
0
0
0
104
0
-2159
-816
0
0
0
0
-1344
0
0
0
254
0
-94
-2300
762
0
0
0
0
0
140
-490
0
0
0
0
0
0
90
0
