0
18
0
6
1
2
27
6
26
0
3
16
43
0
0
3
3
0
10
14
0
0
7
19
0
38
0
20
1
0
0
5
0
4
18
31
0
3
0
10
16
19
19
26
66
0
0
0
23
0
0
0
2
19
34
6
11
0
14
0
0
0
0
1
0
0
10
0
22
0
10
8
0
13
0
7
1
0
0
6
0
0
11
0
11
3
0
0
9
24
19
0
10
0
38
0
18
3
0
0
0
3
25
6
24
0
4
0
24
0
0
3
5
0
22
5
0
0
0
0
16
7
0
0
0
0
0
0
1
0
7
6
1
4
0
0
2
26
19
24
14
0
0
0
0
0
0
0
0
0
13
5
7
0
27
1
26
0
5
0
5
0
22
9
0
0
0
13
0
33
0
12
0
0
0
1
10
1
13
9
20
2
0
5
2
25
19
14
34
0
0
0
22
0
0
5
0
24
23
6
8
0
13
5
0
0
9
1
5
0
22
0
16
0
26
13
0
17
0
16
0
0
0
0
7
0
8
0
2
3
0
4
2
26
19
2
0
0
16
0
0
14
0
11
0
0
0
6
13
0
0
0
6
30
0
3
0
35
22
24
0
0
0
0
0
29
21
9
0
0
0
0
0
0
4
28
0
3
0
34
1
21
19
15
22
0
0
0
16
0
0
4
0
0
0
6
2
0
4
0
0
12
1
2
7
19
22
6
51
0
0
13
7
13
5
8
4
0
0
0
29
0
0
0
3
3
0
6
0
23
19
0
0
0
33
0
14
4
0
7
0
5
33
6
7
0
0
15
23
0
1
4
5
0
22
10
0
0
5
13
0
32
0
18
0
0
0
0
3
0
7
8
5
4
0
0
0
26
16
3
29
0
0
0
21
8
0
6
0
0
30
3
0
0
18
27
0
0
9
0
5
0
22
0
11
0
37
9
0
0
0
30
0
4
0
0
0
0
7
0
8
4
0
0
2
26
16
15
0
0
7
0
24
0
0
6
0
0
0
7
0
0
6
0
8
5
2
3
5
0
22
1
0
0
26
1
0
23
3
3
0
0
0
0
7
0
7
0
0
2
0
0
0
26
19
17
0
0
0
0
0
5
0
14
0
0
0
3
0
0
0
0
1
16
4
0
5
0
22
0
0
0
0
1
0
5
0
0
0
0
0
20
0
0
3
0
25
1
0
0
0
21
19
0
49
0
0
0
2
0
0
9
4
1
5
1
22
0
4
0
2
16
0
0
5
0
22
5
5
0
16
16
0
17
0
14
0
0
0
48
7
0
5
0
2
3
0
0
0
23
19
0
44
0
12
0
24
0
4
10
0
0
0
9
12
0
0
13
5
20
0
6
8
0
24
0
11
0
0
16
11
0
0
17
0
0
2
0
30
0
6
16
0
2
0
7
9
23
17
6
0
24
0
0
9
0
0
15
4
0
0
5
13
0
4
0
10
16
0
3
5
0
22
4
0
0
0
13
0
32
4
4
0
0
0
2
7
0
7
0
9
2
0
0
6
23
18
2
15
0
0
0
9
0
0
9
2
0
0
6
0
0
3
0
0
25
11
1
5
7
22
0
0
0
8
6
0
0
0
14
3
0
0
4
11
0
7
0
7
1
0
30
0
25
18
0
23
0
4
0
7
0
0
6
0
2
0
18
15
0
0
0
0
0
0
8
5
0
22
24
0
0
21
0
35
1
0
0
0
0
0
0
0
0
5
0
1
2
0
6
23
26
19
28
22
0
2
0
3
7
0
8
0
0
0
14
0
0
0
0
8
0
0
17
5
0
22
0
0
0
19
10
0
3
32
2
0
0
0
0
0
0
9
9
9
3
0
10
65
22
19
19
21
0
0
0
0
5
0
8
0
0
0
2
17
0
0
5
0
0
0
0
3
0
22
24
0
0
0
6
0
13
31
12
0
0
0
0
20
0
4
0
2
3
0
8
83
23
19
22
18
0
7
0
26
0
0
8
0
0
0
4
7
0
0
5
0
0
0
0
6
0
22
25
39
0
0
13
0
14
0
16
0
0
0
0
37
0
4
0
3
3
0
9
85
25
19
0
0
1
14
0
22
0
0
11
0
0
4
4
45
0
0
9
13
6
0
3
5
24
19
34
0
0
3
0
0
39
5
0
0
0
0
12
7
0
7
33
2
8
0
10
2
26
19
15
0
0
0
0
22
13
10
4
0
18
0
6
11
0
0
6
0
6
0
3
5
8
17
0
0
0
0
15
17
0
0
10
0
0
0
0
7
0
6
21
0
2
0
20
2
25
19
10
21
0
0
0
9
0
1
2
0
0
0
5
12
0
0
0
0
0
11
0
5
9
18
11
0
0
0
0
0
0
0
0
0
0
0
1
0
0
4
0
12
0
0
0
4
23
13
0
38
5
7
0
0
9
3
1
0
0
3
6
8
0
0
3
0
0
9
0
5
0
22
3
0
0
1
13
0
3
0
13
4
0
0
0
19
0
9
0
2
2
0
16
7
24
18
0
24
12
12
0
26
2
0
5
0
0
11
6
0
0
0
0
21
0
8
2
5
8
22
0
15
0
23
3
0
17
0
17
0
0
0
0
28
0
6
0
0
2
0
20
14
26
18
15
0
0
10
0
22
1
0
6
0
5
2
5
4
0
0
0
20
0
0
3
5
24
23
26
1
0
3
5
0
16
24
2
0
0
0
0
13
0
6
34
0
4
0
37
2
26
19
15
0
0
0
0
21
3
0
7
0
0
0
2
19
0
0
0
1
24
0
3
5
10
18
8
0
0
0
0
25
16
3
0
0
0
0
0
6
0
6
15
0
7
0
20
0
15
19
23
63
0
0
0
11
0
0
26
1
0
0
0
0
0
0
0
6
0
13
0
4
1
19
0
4
0
0
7
0
1
0
0
0
5
0
0
0
0
6
0
20
3
0
0
1
19
12
0
33
0
27
12
0
0
0
36
5
0
0
4
11
0
0
7
0
33
9
0
6
17
19
1
0
0
0
15
0
19
0
15
0
4
0
0
0
0
3
0
0
4
0
22
2
5
9
0
0
0
0
2
21
0
0
3
0
5
4
6
8
0
0
4
38
4
0
3
5
24
22
16
43
0
3
13
0
28
7
27
0
0
0
0
17
0
7
42
2
3
0
17
2
26
19
13
0
0
27
0
19
0
0
8
0
14
0
3
16
0
0
0
11
0
0
0
4
0
15
3
0
0
28
12
30
14
17
0
0
0
0
13
0
0
6
24
2
2
0
12
0
17
19
26
54
0
0
0
3
0
0
0
0
0
0
7
0
0
0
0
26
0
0
17
5
0
14
0
6
0
8
5
0
0
17
0
5
0
0
17
0
0
8
0
14
2
0
0
0
20
7
15
51
4
25
3
0
10
0
0
1
0
6
3
17
0
5
22
4
10
0
0
2
0
16
22
0
0
0
11
0
40
35
17
0
0
0
30
0
9
14
0
0
6
0
9
0
6
7
0
32
6
0
0
6
0
0
0
20
18
25
3
7
0
23
24
0
6
3
0
0
0
16
1
0
1
7
12
0
0
0
20
3
0
0
16
0
0
10
0
0
2
0
8
0
18
9
0
14
0
17
0
28
0
0
0
14
31
21
6
25
0
32
0
9
0
1
0
20
0
19
0
7
3
8
10
0
20
3
9
0
0
0
12
0
0
6
0
10
2
0
16
0
23
18
17
0
0
0
0
17
2
4
8
3
0
0
12
3
0
0
0
15
15
0
6
4
0
24
6
0
0
21
0
20
13
19
0
0
0
3
0
0
0
6
26
0
2
0
28
18
20
19
11
13
0
0
0
0
11
19
0
0
0
0
6
0
0
0
0
0
0
0
19
5
0
24
0
0
0
13
16
13
0
30
0
0
0
13
0
0
0
16
0
12
0
0
0
51
21
12
13
20
4
7
0
0
4
0
15
0
0
0
3
0
0
0
0
0
11
0
12
0
0
23
18
0
0
0
14
9
5
45
14
0
0
11
0
37
0
9
0
0
1
0
13
66
6
5
0
5
5
0
0
6
0
0
16
0
0
0
6
0
0
0
0
0
35
0
0
8
0
22
33
50
0
0
13
0
0
11
12
3
0
0
0
70
0
1
0
0
0
0
16
69
17
13
0
0
0
24
0
22
0
0
8
0
0
7
5
34
0
0
0
12
0
0
3
5
22
22
46
0
0
3
0
0
35
6
0
0
0
0
0
12
0
6
41
1
9
0
18
2
26
19
15
0
0
0
0
