-7315
2954
-1326
5024
1500
-2423
-8327
-2616
2073
4576
3546
-1762
-9548
-1913
-4554
3061
2995
6212
4911
3915
18180
4556
9963
-1896
3902
-2091
1944
7132
5359
-3626
-4075
-2256
-5207
-904
7475
416
-6388
3186
-7068
2990
3201
-3785
5322
-3505
3490
3109
3910
-7486
242
-5310
-7395
9681
-6165
876
-4445
-1798
3080
-1342
691
-2617
223
2325
-1375
2427
-3073
4537
171
4849
131
735
1000
-6326
-2615
957
10564
4578
-4695
304
2469
-11065
-1212
1810
1887
-1823
12240
12493
997
-1563
-4923
2746
-2065
-6899
-1862
-227
1801
-7507
1049
-3393
-9825
-2802
1477
-5896
3301
1007
3802
-3330
-6179
-5933
1943
2178
-548
-9174
-2693
4665
4824
-4073
109
10915
5459
-8896
-2013
554
-1992
1209
-1810
757
3512
-2234
3826
3050
-4481
-5016
-3518
-492
-10247
2456
-4646
-3501
-6261
-217
-4028
-258
352
-9798
-3963
2437
621
3432
1742
-5626
-1109
-2487
6527
2626
3722
-3814
206
9204
-3463
2628
-880
-1891
-278
14185
6218
297
-291
-6696
-742
694
5212
3598
6904
-141
6819
-3239
-6039
-2736
-3868
-2171
-1605
-1644
-1275
-3706
-8528
1070
-237
-7228
-8737
2769
-1595
-968
-11361
-2211
1985
-7218
1309
-4371
-1637
-1110
4424
4868
-788
8704
1804
-2001
-4020
6861
6256
5587
4386
-1957
1123
3488
6257
-2928
-5007
3291
4700
5427
-2735
-1475
-8005
8049
-2425
295
-4756
-2473
1078
4042
-3784
-1472
-3550
-3214
662
2305
5714
4684
1720
-2999
2270
276
-455
871
-3325
10687
3636
6084
9607
1868
-7452
1976
-2169
2902
-427
7935
-5188
515
2792
3241
1859
-3730
3844
441
2595
5002
-532
-1143
-12004
-2682
-3669
2756
8221
5988
6055
1541
14999
6192
15858
-1548
2029
5272
-988
3078
3985
-3390
-1463
-2249
-336
-2857
7877
-1751
-6934
2049
-3767
2841
8292
-1873
3621
-1009
-1873
458
1475
-6030
3149
388
-4654
11160
-5303
-1292
-70
-1227
-2981
-225
-556
5584
-982
-1944
-2499
58
-1083
4949
-447
238
2495
-518
-980
-11746
-995
4063
8322
8337
-1590
-1165
41
-8366
-2004
2328
5422
-230
7061
7387
2220
-3058
-10237
2966
1484
-10003
-6676
-5634
133
-8763
-1905
-2016
-6181
-3741
6908
-5657
9466
832
4576
-440
-7003
-3510
4390
1211
810
-9766
226
3293
4325
-6040
2239
15585
4952
-4041
-4095
1265
-2672
847
1580
3396
2568
-3471
5696
5136
2715
-3673
2794
-2630
-6944
2578
-4247
1110
-2299
1876
-5246
2343
-571
-9791
-3098
-206
749
4966
1671
-4022
179
1906
7929
1977
-1356
379
665
4947
-10399
1213
-680
-414
-922
8153
2938
-4196
-4108
-1581
1646
2992
10284
-1488
5345
-6918
10498
-3857
-2228
-6240
-8592
-78
-680
2717
-2523
-6425
-10472
-1377
2352
-10708
-12488
2004
-612
-3852
-10843
-4564
3152
-13080
2396
-4147
-2461
-1118
6198
720
-4937
9679
4943
-1162
-5122
826
850
7112
2669
-869
-2025
1294
3219
-1551
-449
4354
3480
8243
-6149
1182
-4132
9466
1255
-399
-4169
-1144
2540
3104
-204
546
-2218
-5716
-2517
-642
5834
6210
4609
2395
-2550
-3789
380
2522
-5465
14526
4092
1817
9758
-781
-6179
2208
-1460
2004
1811
1426
-5143
1670
-903
905
-2470
-4622
-2974
5367
2217
4306
3375
-4003
-8336
-6629
-2656
2499
1993
-839
-2741
6541
13541
3026
9147
848
4292
-893
2972
7205
6295
3180
-7408
3887
-4164
2227
2549
-3695
-5657
-870
-5347
2937
1515
-287
-726
-4947
1628
865
2328
-4155
488
-4897
-1824
9954
-5115
3227
-1112
-887
3307
-537
723
3631
2335
-4655
-3142
1368
1200
1789
3171
3618
-5023
-778
2578
-7457
-3447
-1853
7380
7247
-2755
-3720
1359
-14540
-1952
94
4682
291
14630
12848
883
-1986
-4446
2416
3727
-5790
-3708
1114
4168
-4751
2339
-391
-3645
-4144
1426
-3506
9157
-181
3298
1338
-2148
-6352
-36
-1144
-4069
-9370
1185
2223
-1439
-4110
3325
10622
3671
-1423
-915
-4894
2636
-6788
363
6262
3783
-2469
7682
959
-1429
2001
-3743
1751
-6455
-2662
-3132
-4086
-7745
-222
-4132
1208
-155
-3436
-2389
4265
1191
1943
4184
-6082
3414
-3673
2456
420
987
-2330
-979
5832
-1338
4868
-509
-2741
1386
10649
-734
6630
-4251
-2002
-3455
-611
2598
2647
10521
-7823
9112
-5802
-564
-853
-4530
-4113
2914
3386
393
-2730
-6565
-1782
-625
-8302
-804
964
-1036
48
-11835
4119
866
-5298
2194
-5563
4854
249
3924
-1472
636
3732
1394
-3296
-7184
2904
-1096
7318
6553
-2085
316
2788
-875
1901
-7760
3578
1669
3537
-1829
-3263
-6546
8296
-3949
4191
-5218
-2005
947
-969
-8443
1548
2449
-5471
-635
1480
4815
1250
1663
-623
-2145
2581
3709
4575
-2307
8023
785
1694
5051
-5133
-9298
2669
1804
2354
-1997
5147
-5033
-8179
4599
-3061
-608
-1579
-4047
-1420
1381
5956
4470
-3210
-5502
-4214
-1493
-109
7441
6398
-3694
3320
6112
88
4749
3150
-947
1124
-7161
581
1944
1879
-3467
650
-7217
-3851
4337
-4168
1764
-2622
-2501
5865
-1081
5087
659
3969
2119
732
-1228
-2686
3644
-6433
-4600
4711
-8581
5412
-3373
-2851
2586
-4693
-4492
6876
5177
-2270
-3790
-2150
-262
138
3102
3037
1795
-983
1287
-2645
-3801
1850
-3818
6966
-785
-4306
-2621
-9650
-474
-5680
715
2863
5995
11713
1798
2920
-4019
-5459
5678
-1374
4587
-327
2190
-781
-118
791
-3814
3036
-825
-2137
6622
-2979
81
4583
-2505
-6500
-529
1765
-3776
-109
3427
330
6124
-2676
-5926
7310
1068
-2193
-3423
186
1412
-2527
3346
6592
2437
-810
5357
551
-4615
-307
3622
1913
-5948
878
-707
798
-178
-7862
1074
-3386
-6117
-3179
3187
-4605
-4969
2546
297
-5477
3120
3524
5929
-663
-6842
-2599
-3304
-979
1687
-5685
-1182
-7839
1867
3169
3643
-4197
-3887
-3821
438
-5792
1139
2813
10229
-171
1374
826
-2047
-2077
-5608
-1960
-841
5096
-3057
817
-4741
-3261
-1172
-2836
-7407
5260
-4356
1596
-1847
5423
1452
-6371
9522
-5409
-3467
4336
2295
-891
623
159
-1786
-7815
-4417
-8251
-1931
5114
7564
-5073
-596
6433
-853
6749
-7364
1565
-4897
3916
-7965
-6027
-5409
8931
4220
-4622
-7912
-1454
259
3845
-8429
301
6026
-7210
-1452
2711
-414
2679
8026
4006
803
2159
3450
3628
7260
12189
-2606
-762
6174
3043
-880
5928
-2965
-755
-6049
-7239
-7071
-3480
-3944
-347
-4484
-695
-6087
-4857
3519
4481
1133
-6202
-2055
-1117
-4856
5199
1030
3744
-4967
7316
7698
-1308
8870
1616
6041
-1557
710
876
1137
4045
-4189
346
-5465
-1447
3014
-2276
431
-7997
-5323
4000
-1175
1085
1716
-3578
5523
1636
4828
-4280
1369
-11593
-1415
8736
-6399
5603
-4357
-3519
8577
-3868
-7437
-2018
4720
-2894
-2859
-408
-4823
3029
2597
2042
-7489
395
7952
-496
-4567
-1421
2248
2614
2808
-1384
1470
-7556
-2531
-2107
-2973
-3267
4185
16221
1218
1926
-1374
2273
7043
1387
346
3553
2509
-99
1824
-1289
-1874
-5540
-4124
453
1460
-77
-4729
3038
644
-8733
-4962
-717
-3073
-6042
3096
4586
2041
-2585
519
4297
-669
-6850
-1898
-1453
2230
-4550
2170
6595
-1716
4353
3624
626
-7824
3242
1567
5235
-9980
-3515
776
-2219
-1253
-5754
701
-2752
5522
-4107
378
-4088
-4014
2696
3586
-1795
3285
-547
3147
1279
-711
-7526
-1834
5745
3969
988
-1717
-6012
1291
6260
5642
5265
-2465
-5722
-1013
-3477
727
3778
7871
-1389
1857
-2048
-1847
4569
1253
-3842
-820
5185
-1183
277
-4101
-1591
-1320
-4245
2927
5395
-531
-1213
-8886
4642
-7103
406
6435
-7169
3282
-753
3827
5540
2290
-3157
-2731
-6090
-5637
4641
-782
4828
3326
-1649
2233
-1337
-63
3286
-831
3613
-2658
-2400
87
-5622
-6797
7396
-5834
3459
-4483
-5942
442
4077
-12322
-1389
5927
-5473
-1191
1330
2375
4339
702
-3667
-545
2201
-3229
3952
4201
4308
1531
-652
2761
-7523
-11840
7701
-5415
1593
-2713
-98
-3933
3355
-445
4880
-2310
-2293
-5168
-489
302
499
3840
-838
-7836
-5323
-3953
-4780
5027
8388
2026
3723
15432
-295
-324
-3966
5234
-3229
4171
10337
1548
-1635
-3370
-571
-9594
3196
3281
2991
-4360
-1057
-4450
3605
-2493
-1784
2120
324
6969
163
5192
-5266
-5660
-5383
-13316
8913
-8517
3586
-2316
-1636
390
-2427
-1170
-2366
-1865
483
662
824
-2383
6322
4384
6645
909
1705
-1802
-5588
-656
5223
3807
2174
-6200
-1605
4782
-12111
-1860
587
1601
-4682
8616
11322
1215
-381
-228
173
-2713
-5486
-4359
2976
4919
-7682
292
-5271
-9141
-4608
-2858
-4462
4118
-267
2709
-6202
-3148
-6052
-1012
105
-486
-6357
-2553
3055
1149
-914
-2127
3078
4266
-5873
-704
1773
-597
2830
-263
-288
2859
2091
3962
-1027
-9071
-6296
-1954
-3896
-7799
739
-5225
-3256
-4473
-514
2506
-2323
-735
-6052
-2795
3762
-190
3493
1198
-5833
2579
-4154
5672
2641
1534
-3745
-2690
9091
2527
3810
-4357
-3690
1426
15390
10751
-669
-828
-5363
-981
-440
5119
8607
11125
6774
2726
3576
-8352
-2385
-5108
-3694
-3286
-326
-4652
-4099
-7111
-2135
897
-538
-4847
188
-5137
2201
-10268
394
1394
-4458
2019
-5757
1973
3568
3410
6509
1549
8130
-1546
-6525
-9118
6159
6286
1776
1974
-4373
717
7524
5169
-471
-8209
279
905
2721
-4730
-4900
-9506
6287
584
-1320
-6078
-1243
3071
2215
-4570
1336
-2481
-6322
2039
4656
4881
1697
968
-5044
2928
4757
308
-1812
-1677
10368
3459
3940
11688
4560
-4006
642
-4621
6124
-1357
3929
-1219
-1338
5092
3556
-408
-5218
1436
-537
49
-145
2208
86
-10444
-8860
-5460
-1623
5775
5763
-456
2366
8987
1105
5851
-3320
4868
1514
113
-1031
1254
-1869
-853
542
-5251
-562
6535
-1162
-2866
-1198
-2847
1812
3343
52
1183
3496
4263
2425
2333
-206
-1747
1514
-3543
8658
-7599
-2862
2656
-513
-4196
-1039
148
3722
-587
-4978
-3209
-1323
3948
235
299
-1470
1334
271
-4550
-10263
-1021
6913
2916
7617
-5597
-1975
349
-8513
-3755
-5006
5569
-1181
4610
5108
2359
-2228
-5671
-1637
624
-7550
-5317
-4407
-592
-5141
1009
-1473
-6672
-6621
6636
-6414
8322
-1977
1665
-2317
518
126
1876
2118
578
-7788
-739
6986
4850
-3599
-83
9114
4752
-5744
-1071
-1133
1446
-392
-107
2236
5390
-385
3112
-128
1384
-3997
3760
-2073
-1519
-1748
-6044
292
-1108
255
1055
3466
-1119
-6019
-1773
2045
472
-231
12
-6073
400
917
1139
-2999
-3502
2350
-2173
4955
-7881
320
-1010
-2108
926
6761
3625
-5250
-3836
-2008
1932
-1403
6083
813
7293
-3418
4994
1502
-6974
-5872
-11191
-1377
1925
3274
-1431
-4618
-11564
-6166
645
-5818
-5914
-2115
-84
-3429
-7256
1767
7971
-6265
4526
-3766
361
1338
4516
-228
-751
10255
1171
-2710
-6465
-2308
687
3177
1704
-2574
-2306
1969
2603
293
-3086
338
2078
3321
-5274
1635
-3663
10026
2593
-3116
-4030
939
1927
62
-2951
2378
-3384
-7425
342
3367
2634
5447
5757
2779
-3493
-3900
2953
3758
-1826
11585
688
243
7992
3445
-6915
353
92
1351
880
614
-4703
2550
-549
561
1019
-5485
-1352
-188
-1998
3624
2807
-75
-3608
-6600
-1032
449
-2339
-987
-5681
5806
4822
-524
4557
-769
4890
-4734
5609
3323
3321
1236
-6663
1426
-6060
879
4569
-637
-3085
-27
-6541
952
-1467
-2380
-1663
-280
2526
-782
3842
712
-2482
-2889
255
6118
-5486
3066
1667
2188
1428
-436
1709
-562
1770
-3156
-2017
660
2664
508
1250
2925
-5706
-892
832
-8828
109
225
4945
3411
-2723
-4671
-2207
-5785
-3389
-4262
2974
-2262
8248
7513
-645
-2287
-570
3726
-1641
-4586
-4349
385
2753
-2563
3889
714
-4865
-4990
2295
-3631
3505
-271
-485
2130
3111
-3263
754
-1319
-1167
-4595
-831
3353
239
-3062
1739
4938
161
-1673
-897
-2947
2437
-6751
-453
2222
1904
-215
7365
-54
-4900
1112
-2767
2506
-4751
-6056
-4397
-5801
-8086
1388
-1681
5199
3567
-3550
-5569
5888
2623
-1361
6831
-5042
-69
-2629
-120
-3322
645
-2789
-528
3964
2281
4906
1729
-1422
-2231
6915
-1084
4625
-3239
-644
-4110
-3117
-1800
2465
6997
-1936
2166
-4717
232
-212
-1511
-2986
3940
2135
563
-3733
-4663
-374
-1934
-2099
4957
-3727
2263
-1477
-6086
4156
1204
107
323
-3935
6194
-2594
2371
-1582
-181
3485
-873
-1234
-4986
3476
3285
2925
5790
-1750
-942
2691
-1351
525
-3970
3430
2444
-667
2246
-948
-4028
6350
-4664
3424
-2406
-1243
750
-2109
-2289
-260
-1716
-2074
-1520
3152
3315
1013
929
-660
-2945
-43
5176
2775
-1664
1376
2937
3858
1122
-890
-7391
2209
723
47
1696
4943
-409
-4814
2619
-3936
3411
1315
2516
-6032
-1464
-1731
941
-2983
-671
-3229
-612
-5453
5056
5119
-6953
-2770
-6783
-4821
-3042
1477
-1453
-1136
-6763
59
-3269
1120
4136
-949
-3049
-3765
154
186
5131
-3812
4263
2963
-3101
6290
-3863
10148
4104
-6212
-1342
4455
-3384
-658
-7012
1578
-3601
6446
-1497
-3672
-1304
-2042
-5337
5483
4264
-1859
-2570
-3565
1915
-2238
2525
1208
3517
1317
429
-1585
-829
6031
-9145
2850
-1469
-3071
-1538
-1836
-3983
-7928
-61
1004
-3477
3159
927
6503
655
-6441
1598
-1938
4311
-2747
351
1317
937
-725
2960
1560
-1278
-469
1474
-5231
-339
3411
2802
603
-1796
46
-664
6379
3291
1648
3755
-1202
-3761
-618
371
1770
391
-1307
922
4794
3873
2487
714
2735
2057
-1788
-4634
52
5639
-843
119
-3529
-3368
3570
1271
-5346
6839
-3701
-7607
-83
4780
-5272
-2550
-1404
4479
317
920
2742
-1513
-3563
-9418
2473
-2206
-4716
1723
-6051
-2577
-4562
-1356
-2240
5052
-9890
240
257
700
-7365
-878
2442
3552
4000
-4422
6426
510
-1378
-302
686
-510
5253
-6920
169
-4029
-6623
651
3402
-239
2586
-4682
-2597
3578
5091
705
56
7613
-2429
-3087
4705
-2538
-1538
-113
160
-2993
-6336
-1087
-7313
-3109
1057
1646
-4607
-2885
6167
-6351
7919
-5648
-2823
-5945
2573
-3593
-3929
-288
2878
4750
-6612
-4100
1701
1618
1782
-4980
2106
3502
-2579
-1253
379
-3985
3367
6094
4820
224
943
1858
2761
9663
7481
1167
-4151
1714
4833
5139
3318
-4464
-1752
-4170
-11230
-10902
1500
-9133
2424
-2864
536
1408
-5239
5567
763
3755
-9726
2429
-3238
-3881
2028
-2450
4356
-7745
5650
2030
-2778
7272
1134
8138
-3536
5193
1804
-1130
5927
-547
2852
-5340
-1747
-1917
-1418
559
-11679
-3340
1226
-2780
825
-2147
-6726
7825
2766
5182
-959
-5050
-10105
-3617
8562
-4179
9613
-3514
-3941
10107
-1268
-8146
-3637
4083
-4689
-4180
210
-5814
1875
2445
-2563
-11406
3419
10129
-97
-3513
-2274
1675
-250
2495
-1530
4023
-6205
-6855
-3857
-4972
-4925
1604
15480
550
4456
3171
2886
6617
2782
-942
5927
1470
3550
5565
1958
210
-9989
-6524
2402
-1481
-2231
-7000
2186
3074
-9220
-9730
-2002
-4341
-6049
3311
1353
-350
-3234
7529
1195
1083
-8377
-2393
-908
3782
765
2752
4827
-3636
5774
-1257
-1667
-8373
4996
-39
8257
-11872
-4869
-1926
-2303
-4118
-5211
419
-3852
10338
312
2354
-2757
-3198
2752
3272
2378
6048
-4552
-1316
1478
780
-6488
-3142
5300
5262
3367
-7104
-5912
1131
6438
9014
6068
-452
-8888
-166
-5412
895
4328
5380
-2076
-68
-1522
-1534
6537
1806
-3446
-2486
3681
-2899
181
-3380
-7010
-6327
-1796
9961
2553
2603
-1091
-11533
6240
-9806
4861
9193
-7787
8367
-1641
2266
4753
4342
-6545
-4738
-6523
-4055
8634
-2720
2396
-1752
-1148
-937
-461
-1719
3444
3527
2927
-2192
-6463
4419
-5613
-5102
8306
-7057
3893
-1713
-7422
193
1712
-14147
505
9112
-2526
-34
3682
-153
6455
-1245
-1440
-2409
5299
-8190
5808
5845
-402
6340
-4913
190
-8984
-11359
6123
-7202
1724
-4035
-559
-5994
1076
907
6457
-5526
-2472
-5072
-170
-1670
3441
5661
-18
-5272
-5584
-3848
-633
4157
8141
-1104
3371
12061
-2970
287
-5379
7489
-5066
3311
8663
-143
804
-7162
161
-13867
5099
3968
461
-338
-2383
-6157
4818
-4964
-2102
2668
-652
7166
14
5977
-3609
-2241
-8527
-10958
9382
-9919
2609
-796
1452
2504
-4472
-3338
-4734
1630
1116
-805
-365
-4198
4716
2465
7550
-1333
185
2071
-1918
341
2179
3073
3541
-2569
-763
4946
-10959
-3937
-3046
-659
-9605
7918
15217
837
-1410
-795
-1075
-1142
-2762
-5104
5856
4208
-4236
1385
-4993
-6126
-2850
-1476
-3220
4323
-1911
92
-3823
2191
-9088
-3667
-1623
-2043
-4299
-1027
-167
427
-1228
-1898
858
5091
-7618
-1787
2319
1895
435
1945
1067
3668
5865
4052
-1806
-11443
-6029
-2727
910
-6983
-3171
-3645
-2694
-4903
-1320
3436
196
3182
-7545
-2262
1734
-1654
4963
1333
-8216
2301
-1969
5907
1619
-1444
-7242
-4927
8333
5510
4783
-4077
-7875
-67
13435
11686
2705
-1872
-7907
-2083
-1873
5137
9734
8451
4311
-853
1604
-5716
623
-5034
-4308
-972
1539
-3886
-5502
-6654
-5745
-2890
1884
-2180
3343
-1913
3057
-6374
2340
146
-1027
1785
-4474
1919
-204
4624
5578
3543
5064
-4457
-8411
-5966
5777
5954
932
-491
-4692
440
6785
3711
343
-7985
1194
-1246
-1248
-4285
-6045
-8902
8803
-3486
-3284
-6117
-5757
574
2921
-8399
-694
-1151
-7342
3013
5455
4588
2443
-87
-5814
671
5411
-491
65
912
8154
3497
2807
10121
5530
-3262
2640
-5174
1771
-5074
3264
246
-2623
3944
188
-1351
-2930
1493
-4934
-1750
3463
2917
2729
-5341
-4648
-2836
-1214
4774
4890
-4544
6231
4012
-1239
4179
-130
3893
-4886
1430
-1455
-3445
1892
-742
103
-6941
529
6335
414
4258
-4641
-5744
964
-3063
42
2425
4908
1495
1110
4847
1180
2489
-6250
-4182
7015
-11608
1101
1315
345
-371
-6397
-2969
2635
1643
-1191
-5233
-1723
3657
3625
1266
2324
-905
-1218
-2405
-9777
199
5930
-1536
7363
-2181
-149
-2472
-5615
-2259
-2582
1430
-6812
1845
6789
1108
673
-4081
41
2331
-3529
-6602
3908
467
-186
1424
-1697
-3835
-5280
1927
-3680
5402
-2281
-1366
116
5957
-5398
96
-103
-3854
-4659
760
2929
714
1371
-3571
2273
2003
-4797
-1056
2167
4074
-3715
2035
1321
3019
3597
2038
-837
-7707
-4998
1132
1280
-5399
-3983
-2564
-562
236
-2632
1945
276
16
-7767
-522
-3303
-204
612
5703
-7012
-1
1512
5657
-3384
-4821
-5497
-3321
1616
1989
497
-258
-5901
-281
4112
6723
269
-2174
-1013
-1370
-2150
3545
3241
6444
-783
-3648
638
-4913
-2849
-5771
-4278
-1012
2761
-3007
-4275
-7268
-6648
-2407
1987
-2214
1683
1240
201
-1027
3804
2213
1855
4463
-3169
1796
-1326
2865
-675
805
2372
-5867
-4299
-3248
-1841
2741
721
5056
-5279
1944
2410
-36
754
426
991
-4108
-337
-3388
-1819
-3177
8778
-889
-3008
-5515
-1825
484
2160
-4113
-1023
1912
-6189
3983
5168
806
5455
3385
-3397
-901
-301
3378
3352
-386
8801
-432
493
1916
4815
-6016
5113
-1931
147
-2827
-569
-3050
-956
-1584
-2822
1788
-306
-830
-529
-695
2704
1583
-3429
-1201
-2122
-2082
-2683
540
-428
-8131
3110
1362
-2505
1168
3348
1654
-6251
2761
91
467
3838
-513
-1026
-3334
1259
3220
-122
4121
-3173
174
1867
-4191
3053
-1723
3875
2335
-1509
1649
1521
2006
-5467
-2039
-64
-6597
6708
-1511
-2451
4011
-3739
-694
426
2606
-2598
-3721
1039
1726
2546
3224
2252
-1928
673
1304
-7527
-1152
844
-2149
3941
-3275
-3567
-4452
-4645
-1377
-1626
435
-178
1454
6070
989
4928
114
4913
583
-288
-1734
6014
2823
357
4398
-83
452
-2371
-1950
-361
1337
-1185
-1278
5731
6584
-6916
907
-537
-5298
-1347
-821
1245
-3311
-726
-1792
-1001
-2833
-1431
-295
-1726
2268
-2029
572
1765
1685
1024
2139
-527
-9961
56
-514
1323
-7158
-4461
-416
-3557
-4685
-3520
75
-3282
-1995
-2758
-2383
-1075
-1480
-101
5654
-2640
175
-4249
733
-2699
-185
-4168
-1110
-345
7034
569
-1235
-4778
-1182
3090
2889
1632
-382
-584
-4476
-2812
-79
3247
5426
2143
-4393
-2648
383
-427
1435
-5905
-3710
2039
-1550
622
-486
-3355
-1803
4171
3711
1445
296
1121
-1644
3976
-3590
3134
3317
324
3589
1306
-666
-4399
2396
-2393
-4692
-6219
-3101
-377
-296
1568
5458
-2152
-1746
3183
-6498
4239
-1074
860
-3705
1000
-1590
-6067
-4150
2550
-1572
3338
-3808
-2451
908
1257
-4887
985
2520
247
2017
1919
-1890
2323
1415
-1484
675
4583
2421
2337
3496
4794
-1288
874
-1530
-293
-3790
4171
-4086
2357
-3895
-940
-2801
-5059
-1717
2707
-1256
1186
304
-382
-490
-153
5377
-1460
-652
-4759
-2305
-4636
4601
9079
-6495
-6486
-4303
-5092
-1827
817
-1060
-1553
-6189
1590
-2053
6239
1511
-1418
-4657
4293
74
-1138
4850
-5982
6124
4151
-2647
4614
-3560
6166
2768
-4916
-2446
-222
-4821
-2298
-10714
1329
-740
4455
-977
238
-2112
-5285
-6681
8190
6916
-2876
-1862
-3941
-1976
-636
1027
4797
1953
2107
2420
3486
753
4894
-6310
1057
3639
-6302
2929
-5555
-7802
-10958
-2875
-816
1687
12463
996
4182
1216
-1921
982
99
3278
-1546
-1853
373
-2602
3059
2824
-519
1066
3304
731
-6621
-8286
6154
1952
-3400
-2108
1285
891
7605
1909
-2753
4736
-2677
-1127
-4458
5990
-563
-3573
-1117
3046
4729
8378
1243
-2379
7560
2760
-1518
-3833
2163
4881
2121
-1327
-2214
-3970
6239
2003
-3985
7533
-5783
-3943
-1300
663
-6553
-5119
2282
1264
1443
2266
6507
1763
882
-7925
2691
-3046
-4254
5443
-4648
-8047
-6230
-3770
-503
10018
-4786
-1928
-1662
-2156
-11296
-1532
5550
3810
457
156
5221
-1179
6289
-2320
-1379
-956
8526
-9939
-3309
-2155
-8503
-2880
5313
-1846
966
-2712
-2043
1858
5066
-989
-2079
10797
-3153
-1707
2426
-457
3862
2150
-1678
-4125
-8108
-3394
-1389
-4328
532
-5438
-69
-5153
11302
-5645
10651
-7720
-400
-5352
-2421
-4260
-6993
-3457
3465
469
-4533
-1872
-4076
-1888
1295
-9224
-1465
6975
-6476
283
288
-4252
3254
6795
9842
-2054
1514
-3930
1771
12626
2020
-1201
-1783
5151
4876
6248
2734
-7311
-1894
-5211
-12487
-11917
620
-9785
3137
-5817
-2235
-3625
-2138
3960
2810
4738
-9559
3487
-3755
-4966
2094
-1261
5354
-4863
4976
3760
-1265
5648
-818
6323
-2500
3899
5363
1890
7105
-2651
2559
-6478
-2147
-1297
229
-340
-9776
-2878
2784
-1043
1959
-132
-7202
6847
1718
2596
-2050
-2815
-7523
-3409
4316
-3654
8837
-2387
-3543
8330
-1549
-6198
-3657
4028
-5385
-4490
-857
-8639
1762
2866
-1741
-10234
3815
8649
-1230
-2917
-2162
2431
-2144
474
-2533
5796
-8740
-4974
-2762
-7362
-1788
3516
14790
234
4158
2144
2422
5334
3470
-1543
7195
2841
810
1897
2549
-2406
-9234
-6141
5352
625
-1257
-8097
4330
687
-7925
-10086
-1615
-3797
-5193
4041
-621
912
-5336
7075
-540
2431
-10725
-3488
694
4170
-65
2721
3056
-7352
3568
21
-2707
-9693
3443
432
6699
-12566
-2822
850
-2206
-3766
-4556
513
-3081
9110
-1178
471
-685
-5177
2836
2207
-594
5114
-3797
-111
2449
2294
-5749
-2802
4668
5375
3548
-4717
-7316
2843
8882
7069
5396
-1743
-8636
-358
-5008
1109
6198
5858
-1656
2047
-647
-557
9300
1090
-5127
-3289
3251
-3607
-641
-4933
-6525
-7614
-2595
6063
3520
1927
-1308
-12328
7888
-9514
3752
8194
-6608
8175
-2060
2025
4715
3604
-7646
-1674
-6609
-2936
8887
-1417
3232
-1308
-2755
-49
-1210
-1151
3491
2204
1982
-2473
-5886
3777
-6303
-6904
7576
-7811
3475
-849
-7717
-740
2352
-12102
-1197
7826
-3945
-276
3668
408
5224
-1703
-1405
-1872
7070
-8935
4061
5353
-1469
5904
-3894
3493
-7488
-9326
5455
-8299
2481
-5071
-1420
-4656
-3048
-2485
-478
-5625
-6329
-3816
-9097
-87
5625
3253
1366
-865
-2470
-1722
-5775
3755
6668
-1452
3359
4157
-4567
3406
1583
1054
-10404
-68
2019
-5122
2540
1236
2603
-5665
-116
4474
898
3904
-7054
-4024
3614
-2848
-238
1335
4594
2639
460
5196
-1078
-3881
-9641
-9030
8296
-13074
296
974
-2689
3564
-7431
-4942
4708
8166
-685
-3103
-3632
-453
3871
4151
1049
-733
2672
887
-8639
-29
2294
-377
1790
5177
-7940
-40
-8454
-224
-5699
-626
-6439
3942
11715
-144
3728
-926
2447
4522
722
-5474
6384
1827
3065
1279
-2008
-2613
-7735
-4833
790
2310
-5248
-7819
959
8436
-9253
-3980
550
-6226
1698
-784
1999
2984
927
-3893
36
1463
-3242
-3655
11
5304
-2987
4554
2174
-3771
7549
4281
-1222
-9965
-1591
1455
2685
-9434
-3360
-2292
-231
-110
-4753
1147
-1413
4212
-5046
-2167
-8034
-417
1837
8730
-1756
-963
3930
9292
-1601
-4159
-7788
-5312
-3801
2223
-863
-4926
-7790
-1325
5261
9054
2073
-456
-3424
-516
-7888
3042
7536
9480
2018
-3825
440
-1587
197
-1537
-3871
-2413
5935
-6976
-1278
-2533
-2660
-3146
4213
428
-470
-3756
-197
634
4756
-4120
925
9737
-9300
3889
-1473
1981
3062
1880
-2827
-4132
-4719
-8671
5219
1090
1063
1115
-3272
1468
7150
2709
4497
-5125
1372
-7761
-4290
-1876
-7337
-8115
8146
-3322
-868
-6662
-1620
1586
1642
-6427
-3528
5007
-2519
2261
4423
-367
2846
2998
134
-802
2897
-785
3476
3816
4587
1736
-980
2443
3328
-2943
5111
-3214
-626
-2377
-2315
-3663
488
-5072
848
-3783
-2383
-4039
-7252
-4822
2749
2329
-2790
637
-3366
-3666
-9058
-2198
2870
-7452
3550
2248
-6071
-1890
1248
364
-8475
3299
2580
-1870
4155
3134
152
-7640
1672
3169
-504
2601
-7760
2435
137
-5395
6681
-2522
3141
5156
-99
4646
-984
-3840
-6297
-8329
3674
-6196
6731
-2488
-5288
7629
-3558
-3738
216
4505
-4574
-1143
-2821
776
4277
2918
5698
-571
3377
4864
-6345
-433
3910
-4593
592
649
-6241
-1876
-6678
-1178
-5898
-640
739
2297
9119
3953
8926
1784
4873
2159
3654
-2124
7855
1237
2078
3293
1298
-546
-7629
-6167
46
-3243
-2843
-5228
6125
5520
-8938
-3983
1904
-3273
-1245
686
2131
-6197
5230
1564
-2283
-1134
-6937
1408
-1748
4779
-460
2522
336
-624
5376
1619
-4799
-13210
119
1409
-191
-8852
-2795
-828
-3062
-5321
-2534
3045
-4848
2918
-1524
-4966
-3387
-3553
1966
6046
-4149
2133
-2890
2479
-989
2811
-8572
-2456
-2043
9676
4607
-5460
-6592
-903
7114
6621
2119
599
-646
-6855
-4153
-2504
7474
5866
3011
-3144
1267
-846
423
-642
-6793
-7002
2886
-5594
1611
-2631
-6396
-4454
5546
2076
313
1827
-3126
-4675
5733
-4969
3799
7912
-5165
4498
1002
-234
-821
8630
-5132
-8711
-7786
-3993
7242
2569
327
3934
-411
-4741
6925
-5919
5748
-1004
-1804
-7667
-2541
300
-8020
-6392
3490
-3067
5415
-4194
-1302
1406
-550
-7188
-2171
3796
-1487
2273
5394
-2976
1131
431
2834
3073
6259
-1338
1691
6721
3145
-2739
-751
1139
-704
-2929
4401
-5007
587
-2879
-959
-6418
-6487
-4456
4699
-3844
-2521
-2903
-1544
2673
2358
7928
602
-1448
-4076
-2595
-5572
6941
10127
-2002
-5692
-3068
-4969
-52
-344
336
-4823
-7671
3451
-3633
3487
1975
1215
-2779
2738
1826
-1787
2558
-4726
4758
3599
-1270
3221
-431
4878
2131
172
-475
-1690
-4109
-3588
-12860
4060
-1719
1077
-285
-2170
-1648
-5334
-8353
4457
8856
-1040
-2431
-4077
-4325
981
73
2082
2811
3027
3152
2856
-490
4023
-4081
-1165
6407
-5730
4512
-7880
-4755
-11315
-3592
-1631
2833
14952
1760
2605
-589
-2211
-495
337
1545
93
-2622
-481
-4273
-2085
1601
-2520
257
835
-712
-6637
-7102
3901
2652
-4790
-727
733
3057
7182
2816
-886
5220
-1954
-460
-2914
6838
-2131
-4156
358
1683
3666
7028
2435
-4201
6586
1530
-1653
-4194
992
4423
2959
-3904
-1820
277
5856
3253
-6078
5988
-5648
-1870
-1346
-304
-8424
-2715
1548
2844
2610
691
7975
2174
-582
-5817
-1494
-4204
-3212
5484
-2807
-8452
-7383
-987
2428
10726
-4180
201
-4458
-1155
-11479
-1970
6459
5171
1216
120
7173
33
6558
-3166
-1916
-1304
7813
-10793
-1777
-2688
-5461
-3059
5086
-2414
840
-4401
-2513
935
4944
-908
-2472
12004
-3549
-1889
1403
2812
6023
1788
-2383
-1055
-5231
-2659
2257
-4205
-416
-4513
705
-2842
11752
-2049
7864
-8156
-871
-5605
-2976
-5444
-6552
-5222
5395
-383
-2900
-1462
-4742
81
1021
-11246
-2414
6003
-5600
-775
603
-616
3368
5316
5918
-1349
295
-5773
940
10382
4219
-1024
-1646
5453
2100
2970
3486
-7435
-4836
-3055
-8225
