56
45
14
-36
-123
-61
-82
38
-82
-41
-26
-49
-47
-102
-75
-13
-112
-114
69
29
20
-11
1
-77
-23
-2
127
-94
5
-4
127
3
127
48
41
55
69
-47
127
1
-86
-117
-4
-127
-111
64
58
-70
-7
127
-108
-21
-19
-81
13
-12
3
-79
75
-22
-127
-43
23
-127
-7
99
-75
-24
93
127
-78
-76
-86
-39
-34
-45
127
-127
-31
-71
-32
-10
16
21
-36
12
127
19
-70
52
64
-52
41
1
90
-71
11
-119
-7
49
0
-47
-16
4
36
-127
-67
-101
31
10
30
-84
127
81
25
-2
-125
112
-127
5
-14
82
-43
33
-45
14
-18
5
-31
-15
-67
-70
98
21
-127
3
-78
-127
-20
19
59
-39
-88
-85
-60
127
-31
103
-90
-49
62
-72
-127
127
16
-50
127
-13
100
-31
-11
-17
-107
115
-63
20
-8
-41
127
-23
-71
-42
73
-39
127
-90
-36
69
21
85
0
125
-43
-110
-3
-68
-39
83
32
127
24
-66
83
-3
8
22
-42
-4
0
80
2
-61
-41
-117
18
-30
-6
58
6
4
-3
-127
-6
28
-3
-1
44
39
38
-70
18
23
-78
-117
9
92
-10
-10
22
-74
-8
-19
26
-75
-4
-59
-66
127
54
72
-72
-86
-23
-52
-127
-67
-61
102
27
-1
83
-14
-67
-81
-52
7
-46
3
105
59
59
42
14
127
23
-13
-21
-19
-31
28
3
127
54
-112
-37
-20
43
-5
-29
-44
7
34
11
127
42
0
-40
69
-28
-86
-19
56
-2
70
-12
-23
39
-16
29
-10
-2
4
46
-64
-8
-25
-69
-54
-70
-90
65
-9
0
66
-39
-8
2
2
-67
50
-103
-87
-41
-6
127
-81
-22
-87
-65
-9
67
127
66
-68
6
-54
-127
76
-60
81
88
-42
-1
-63
-32
34
121
-87
14
12
-74
-47
-23
29
-127
87
4
22
29
9
29
-7
-5
41
127
-64
88
-42
45
-96
127
127
82
93
-60
-74
-7
-121
-107
127
-33
103
-68
96
127
-127
-2
127
-126
-127
-8
110
127
-43
-14
-123
21
-44
26
-106
-70
54
18
-77
-68
127
34
-120
14
39
-38
-84
70
127
-6
-10
-108
25
94
-33
-121
45
-73
0
9
-19
-40
-63
-111
91
-39
127
-10
70
-3
-32
-85
-13
66
127
127
-127
59
-21
11
-41
2
126
11
-11
-58
12
-29
56
-35
-72
42
-10
-10
52
-80
-85
-10
-89
-3
-57
-127
-31
65
10
13
-70
60
42
68
-120
33
14
-37
-127
-57
-127
41
127
-32
29
-19
-6
112
-14
-127
10
-116
14
-62
94
21
-42
-88
-83
15
-127
-69
-7
16
53
-123
-26
-51
-12
-89
80
-68
-30
-127
49
-62
-28
-71
-91
68
-56
127
56
-102
-13
127
-94
11
-49
-75
-99
127
-52
42
127
67
66
117
-32
-2
-6
-108
-21
28
50
30
28
127
-127
46
127
121
-93
93
49
107
-50
-24
58
29
-70
25
-38
76
-51
-51
-50
51
-127
-127
15
-61
65
-127
68
