-4562
28463
13652
-8493
2826
10073
4049
-6434
-4737
-4499
4201
4022
-3208
-10672
-2365
5053
4575
-2345
11788
5543
-11093
-17492
15095
19295
21005
-4174
-8350
10043
1793
10114
13099
-12371
-7464
30139
7085
-9361
493
9504
10811
-1570
-5558
-3792
9845
186
-3178
-3579
-1282
8203
3545
-7766
7950
-2210
-7983
-17181
13845
11565
19139
1311
-4117
18798
-1372
8108
13170
-8811
-4562
28463
13652
-8493
2826
10073
4049
-6434
-4737
-4499
4201
4022
-3208
-10672
-2365
5053
4575
-2345
11788
5543
-11093
-17492
15095
19295
21005
-4174
-8350
10043
1793
10114
13099
-12371
-4921
30028
8281
-8615
-2159
9599
10862
-2621
-5935
-3179
8730
2047
-3246
-2910
-2590
8622
5367
-8279
6742
-354
-9893
-19099
12209
13417
22953
962
-7458
16935
1370
7069
11714
-8219
-8310
19906
8610
-8369
-3418
3628
2521
-4164
-10048
-3847
8780
2386
-1638
-132
-10316
11257
7867
-5884
6885
-2335
-11672
-15982
10949
14856
18285
-2944
-12311
11140
3302
5813
1876
-13265
-3120
25913
9359
-8937
-1020
8251
8214
-3476
-4235
-2503
7246
782
-2857
-4579
-4068
8308
5697
-5796
8253
-808
-9988
-17640
13804
15105
20595
-1205
-7400
14877
1259
7280
12515
-9592
-5295
19362
10544
-10419
1564
3695
-4097
-6843
-5377
-1253
8890
619
-1581
-6536
-11499
6314
10616
-5282
8742
-541
-13928
-14610
16580
18592
13605
-6628
-14168
6615
5484
6772
6096
-16456
-4562
28463
13652
-8493
2826
10073
4049
-6434
-4737
-4499
4201
4022
-3208
-10672
-2365
5053
4575
-2345
11788
5543
-11093
-17492
15095
19295
21005
-4174
-8350
10043
1793
10114
13099
-12371
-6694
27571
12338
-9083
4746
10628
5417
-5198
-4136
-4872
5287
2658
-3297
-10518
-813
4712
3140
-1734
12289
3896
-9356
-16185
15456
16068
17452
-3896
-5026
12123
-77
10406
14339
-11237
-6694
27571
12338
-9083
4746
10628
5417
-5198
-4136
-4872
5287
2658
-3297
-10518
-813
4712
3140
-1734
12289
3896
-9356
-16185
15456
16068
17452
-3896
-5026
12123
-77
10406
14339
-11237
-4562
28463
13652
-8493
2826
10073
4049
-6434
-4737
-4499
4201
4022
-3208
-10672
-2365
5053
4575
-2345
11788
5543
-11093
-17492
15095
19295
21005
-4174
-8350
10043
1793
10114
13099
-12371
-8257
21965
7470
-7893
-2359
4262
4279
-3991
-9300
-4753
7818
2672
541
450
-7938
11778
4231
-4823
5956
-2260
-10431
-14782
9864
11935
17532
-2225
-9756
11211
1507
6342
2168
-11635
-4921
30028
8281
-8615
-2159
9599
10862
-2621
-5935
-3179
8730
2047
-3246
-2910
-2590
8622
5367
-8279
6742
-354
-9893
-19099
12209
13417
22953
962
-7458
16935
1370
7069
11714
-8219
-4562
28463
13652
-8493
2826
10073
4049
-6434
-4737
-4499
4201
4022
-3208
-10672
-2365
5053
4575
-2345
11788
5543
-11093
-17492
15095
19295
21005
-4174
-8350
10043
1793
10114
13099
-12371
-8257
21965
7470
-7893
-2359
4262
4279
-3991
-9300
-4753
7818
2672
541
450
-7938
11778
4231
-4823
5956
-2260
-10431
-14782
9864
11935
17532
-2225
-9756
11211
1507
6342
2168
-11635
-8054
21243
9988
-8330
-4811
5312
6569
-3650
-5130
-2448
4558
6322
-3147
-3441
-8507
10404
7030
181
9404
438
-9096
-15067
8563
12710
17230
-4492
-10123
10402
4236
5204
6311
-8057
-3814
26465
7650
-9170
-182
7076
6122
-3550
-5800
-1581
9330
200
-937
-3728
-5069
8276
6563
-6571
6492
-3445
-11486
-16703
14401
15722
19347
-1600
-7391
13371
1989
6067
11523
-11459
-4921
30028
8281
-8615
-2159
9599
10862
-2621
-5935
-3179
8730
2047
-3246
-2910
-2590
8622
5367
-8279
6742
-354
-9893
-19099
12209
13417
22953
962
-7458
16935
1370
7069
11714
-8219
-1700
22037
8986
-7629
-4777
6579
6219
-4159
-4214
-248
6335
1990
-2480
-3100
-6565
9000
6971
-5593
5767
-1038
-10242
-15471
8781
10243
16988
-2956
-11602
11878
4694
4353
8559
-5898
-5494
21157
14048
-8644
402
3845
-2175
-8308
-4555
-3607
1190
3092
-3010
-11822
-9995
8004
7284
-2114
14364
2353
-12371
-15767
17501
25007
18082
-9034
-12037
5537
394
11773
7089
-17489
-4562
28463
13652
-8493
2826
10073
4049
-6434
-4737
-4499
4201
4022
-3208
-10672
-2365
5053
4575
-2345
11788
5543
-11093
-17492
15095
19295
21005
-4174
-8350
10043
1793
10114
13099
-12371
-8310
19906
8610
-8369
-3418
3628
2521
-4164
-10048
-3847
8780
2386
-1638
-132
-10316
11257
7867
-5884
6885
-2335
-11672
-15982
10949
14856
18285
-2944
-12311
11140
3302
5813
1876
-13265
-6582
19709
7331
-9645
-5703
3112
3806
-3589
-6380
-2381
6183
3611
-1432
-2794
-10254
11377
8270
-3346
6812
-2164
-9175
-14570
12586
11628
17225
-3472
-9518
9919
5690
5014
5085
-9980
-5527
28447
6671
-8426
1541
7887
7400
-1564
-8602
-3321
12491
-3051
-973
-1217
-3273
8672
4161
-9196
3050
-3917
-9311
-15900
14240
11619
19442
3148
-4920
17686
-487
6603
10449
-10544
-3120
25913
9359
-8937
-1020
8251
8214
-3476
-4235
-2503
7246
782
-2857
-4579
-4068
8308
5697
-5796
8253
-808
-9988
-17640
13804
15105
20595
-1205
-7400
14877
1259
7280
12515
-9592
-7121
20908
7222
-11208
-5178
4700
1273
-4471
-8565
-5559
7855
-831
-4174
182
-10725
13439
7394
-9857
6368
-836
-12249
-15661
9689
13420
18293
-3756
-8283
8785
4299
10078
4043
-16246
-4562
28463
13652
-8493
2826
10073
4049
-6434
-4737
-4499
4201
4022
-3208
-10672
-2365
5053
4575
-2345
11788
5543
-11093
-17492
15095
19295
21005
-4174
-8350
10043
1793
10114
13099
-12371
-4562
28463
13652
-8493
2826
10073
4049
-6434
-4737
-4499
4201
4022
-3208
-10672
-2365
5053
4575
-2345
11788
5543
-11093
-17492
15095
19295
21005
-4174
-8350
10043
1793
10114
13099
-12371
-4562
28463
13652
-8493
2826
10073
4049
-6434
-4737
-4499
4201
4022
-3208
-10672
-2365
5053
4575
-2345
11788
5543
-11093
-17492
15095
19295
21005
-4174
-8350
10043
1793
10114
13099
-12371
-6531
24364
13969
-9380
329
5529
-254
-6998
-4219
-3691
2593
3297
-3176
-9881
-8544
7560
7569
-1274
13803
3411
-12372
-16639
14689
21528
17888
-7554
-12478
6988
2393
10158
9131
-14774
-9340
21544
12642
-7841
1722
3572
-980
-4645
-6583
-2536
5712
2902
-1150
-6975
-8006
7887
7925
1196
11769
-746
-13123
-14589
10957
16263
13031
-6822
-11132
7240
2949
7815
8234
-13266
-8310
19906
8610
-8369
-3418
3628
2521
-4164
-10048
-3847
8780
2386
-1638
-132
-10316
11257
7867
-5884
6885
-2335
-11672
-15982
10949
14856
18285
-2944
-12311
11140
3302
5813
1876
-13265
-6531
24364
13969
-9380
329
5529
-254
-6998
-4219
-3691
2593
3297
-3176
-9881
-8544
7560
7569
-1274
13803
3411
-12372
-16639
14689
21528
17888
-7554
-12478
6988
2393
10158
9131
-14774
-4562
28463
13652
-8493
2826
10073
4049
-6434
-4737
-4499
4201
4022
-3208
-10672
-2365
5053
4575
-2345
11788
5543
-11093
-17492
15095
19295
21005
-4174
-8350
10043
1793
10114
13099
-12371
-5606
29325
12225
-7846
1606
8838
4200
-6758
-6909
-3412
4908
3664
-330
-9562
-2991
6186
4927
-2940
9685
1710
-12488
-16789
15103
20188
21003
-4952
-8267
9007
1797
9336
12398
-13202
-7464
30139
7085
-9361
493
9504
10811
-1570
-5558
-3792
9845
186
-3178
-3579
-1282
8203
3545
-7766
7950
-2210
-7983
-17181
13845
11565
19139
1311
-4117
18798
-1372
8108
13170
-8811
-8310
19906
8610
-8369
-3418
3628
2521
-4164
-10048
-3847
8780
2386
-1638
-132
-10316
11257
7867
-5884
6885
-2335
-11672
-15982
10949
14856
18285
-2944
-12311
11140
3302
5813
1876
-13265
-3714
25711
10050
-5575
-3358
8168
7130
-4560
-3951
-778
3969
4205
-2212
-4460
-4160
8668
5622
-2495
7252
-178
-11258
-16240
6353
11853
17426
-4178
-10540
10111
2850
4884
10495
-5816
-5295
19362
10544
-10419
1564
3695
-4097
-6843
-5377
-1253
8890
619
-1581
-6536
-11499
6314
10616
-5282
8742
-541
-13928
-14610
16580
18592
13605
-6628
-14168
6615
5484
6772
6096
-16456
-4921
30028
8281
-8615
-2159
9599
10862
-2621
-5935
-3179
8730
2047
-3246
-2910
-2590
8622
5367
-8279
6742
-354
-9893
-19099
12209
13417
22953
962
-7458
16935
1370
7069
11714
-8219
-6531
24364
13969
-9380
329
5529
-254
-6998
-4219
-3691
2593
3297
-3176
-9881
-8544
7560
7569
-1274
13803
3411
-12372
-16639
14689
21528
17888
-7554
-12478
6988
2393
10158
9131
-14774
-4921
30028
8281
-8615
-2159
9599
10862
-2621
-5935
-3179
8730
2047
-3246
-2910
-2590
8622
5367
-8279
6742
-354
-9893
-19099
12209
13417
22953
962
-7458
16935
1370
7069
11714
-8219
-8310
19906
8610
-8369
-3418
3628
2521
-4164
-10048
-3847
8780
2386
-1638
-132
-10316
11257
7867
-5884
6885
-2335
-11672
-15982
10949
14856
18285
-2944
-12311
11140
3302
5813
1876
-13265
-4921
30028
8281
-8615
-2159
9599
10862
-2621
-5935
-3179
8730
2047
-3246
-2910
-2590
8622
5367
-8279
6742
-354
-9893
-19099
12209
13417
22953
962
-7458
16935
1370
7069
11714
-8219
-4562
28463
13652
-8493
2826
10073
4049
-6434
-4737
-4499
4201
4022
-3208
-10672
-2365
5053
4575
-2345
11788
5543
-11093
-17492
15095
19295
21005
-4174
-8350
10043
1793
10114
13099
-12371
-6664
22929
5761
-6825
-8906
3955
10743
-1487
-7845
-2127
7294
3911
-1355
2005
-8082
13348
6672
-6518
4390
-5137
-8713
-16061
8279
9407
21339
166
-8299
14659
1759
4209
3932
-6721
-3175
25660
10434
-9230
1968
8573
2374
-5943
-6106
-3590
7471
1689
-2567
-7878
-4431
5913
6025
-5081
8809
2598
-10868
-16764
16528
17203
20303
-2880
-9143
10651
4101
7837
11284
-12472
-6569
27185
9747
-6052
1564
13233
11362
-2738
-3118
-1460
8791
1207
-6310
-6797
1417
4645
2890
-3662
10010
-675
-7707
-16686
9874
9160
14230
-2197
-4361
17723
-2042
7333
17812
-3843
-4921
30028
8281
-8615
-2159
9599
10862
-2621
-5935
-3179
8730
2047
-3246
-2910
-2590
8622
5367
-8279
6742
-354
-9893
-19099
12209
13417
22953
962
-7458
16935
1370
7069
11714
-8219
-6531
24364
13969
-9380
329
5529
-254
-6998
-4219
-3691
2593
3297
-3176
-9881
-8544
7560
7569
-1274
13803
3411
-12372
-16639
14689
21528
17888
-7554
-12478
6988
2393
10158
9131
-14774
-7073
23156
14120
-7545
383
3022
-821
-6260
-5620
-1771
1909
4718
-232
-11846
-7059
7526
6071
2298
12531
977
-11409
-13053
14522
19115
15462
-7548
-9207
5488
1117
9561
8309
-13360
-5928
20016
7131
-7432
-3705
1509
-1034
-4701
-12068
-3773
10132
-704
287
1456
-11916
12047
8830
-11332
2172
-5167
-12133
-15564
13479
14257
18547
-746
-11656
10629
3351
4824
-262
-16360
-1415
23290
11509
-5160
-5125
6672
6172
-6463
-3588
-1211
816
3142
-2306
-6862
-5389
8769
4532
-3448
8681
-29
-10379
-15737
8622
14821
18336
-5662
-10565
9193
584
7615
9537
-7965
-3714
20949
10203
-5695
2568
4160
-1875
-7273
-9296
-2230
7542
1054
2418
-6409
-6472
5752
5711
-3933
6312
-2941
-13592
-13816
14971
15322
14708
-5599
-9297
5950
2561
5702
7053
-15374
-8587
30838
5400
-9199
-1319
8015
10946
-1703
-7310
-2757
9647
1038
263
-2538
-2121
10240
3856
-8345
5046
-5184
-8866
-16579
13852
11195
18561
1017
-3971
17642
57
7171
11505
-8216
-4921
30028
8281
-8615
-2159
9599
10862
-2621
-5935
-3179
8730
2047
-3246
-2910
-2590
8622
5367
-8279
6742
-354
-9893
-19099
12209
13417
22953
962
-7458
16935
1370
7069
11714
-8219
-5494
21157
14048
-8644
402
3845
-2175
-8308
-4555
-3607
1190
3092
-3010
-11822
-9995
8004
7284
-2114
14364
2353
-12371
-15767
17501
25007
18082
-9034
-12037
5537
394
11773
7089
-17489
-7708
13634
9180
-8596
-6424
1393
-1763
-4358
-6266
-887
6353
2069
-3616
-2867
-14438
12390
10259
-5770
7231
-3255
-10630
-12697
9557
12992
11040
-5165
-13750
8082
6318
5996
-86
-10731
-8518
13197
11923
-5521
-2083
3339
-289
-4502
-6735
510
5785
4262
-3104
-5687
-9800
9760
6760
2270
8974
-344
-10360
-10526
5593
11760
8343
-6808
-11815
6861
4030
6784
1929
-6691
-4921
30028
8281
-8615
-2159
9599
10862
-2621
-5935
-3179
8730
2047
-3246
-2910
-2590
8622
5367
-8279
6742
-354
-9893
-19099
12209
13417
22953
962
-7458
16935
1370
7069
11714
-8219
-14866
18468
9174
-1829
253
-1806
-250
-4359
-16548
394
6939
3609
1064
-2411
-8526
7974
8726
-3395
2854
-5784
-9481
-12586
13288
16856
11076
1647
-11740
11097
2031
369
-3058
-11009
-6531
24364
13969
-9380
329
5529
-254
-6998
-4219
-3691
2593
3297
-3176
-9881
-8544
7560
7569
-1274
13803
3411
-12372
-16639
14689
21528
17888
-7554
-12478
6988
2393
10158
9131
-14774
