0
11
15
24
14
7
1
3
3
0
0
0
0
12
0
0
0
12
0
20
13
8
34
0
0
21
18
21
0
0
0
12
14
20
0
9
5
0
16
22
15
28
21
0
4
8
0
0
0
11
13
19
16
5
4
0
10
0
0
36
9
29
8
0
6
3
0
17
2
4
6
4
0
10
14
23
8
2
1
15
1
0
5
0
0
8
4
0
3
12
0
0
13
5
0
0
10
15
18
0
49
0
0
0
12
30
0
4
1
0
14
0
10
11
21
7
14
7
0
0
26
11
11
19
16
5
7
0
2
8
0
0
13
0
3
0
6
1
15
16
3
9
0
9
0
7
13
21
4
7
1
0
5
0
0
3
2
10
2
0
1
12
0
20
13
5
10
0
3
0
18
23
0
0
0
0
8
20
0
0
7
0
14
0
12
8
21
5
18
8
13
0
0
11
0
18
16
21
0
0
14
8
0
23
10
11
0
0
6
5
3
12
2
9
0
9
0
18
2
22
8
1
0
5
0
0
16
0
6
8
3
0
1
12
0
0
13
8
0
0
6
0
18
15
6
0
0
0
0
32
0
0
4
0
0
0
7
14
21
0
19
8
0
0
6
11
5
17
16
5
0
0
0
2
0
17
9
12
2
0
6
4
7
9
3
4
0
9
28
14
10
21
0
1
0
16
0
0
0
17
0
11
1
0
1
12
0
3
13
8
4
5
2
4
18
0
0
0
0
3
0
26
0
28
2
51
17
0
9
6
21
0
11
5
0
0
25
11
11
20
16
0
0
0
14
3
0
17
12
0
0
0
6
0
0
15
3
0
0
6
0
17
3
24
10
10
1
10
2
1
16
6
0
9
11
0
0
12
0
28
12
8
14
0
0
0
15
20
0
0
0
0
0
0
0
0
4
0
13
26
7
2
21
15
9
9
6
0
0
11
6
18
16
2
8
18
7
0
0
0
3
6
4
0
6
0
0
17
2
17
0
0
0
13
0
20
7
8
1
15
5
1
61
0
0
3
0
1
0
12
16
0
13
6
0
0
0
0
18
0
0
0
0
0
0
0
0
0
3
0
15
0
0
0
18
46
0
8
0
0
0
11
9
20
16
2
14
0
8
0
0
0
5
0
0
0
5
0
6
8
4
11
0
0
0
22
1
18
16
0
3
7
5
0
0
0
0
10
0
0
1
12
0
29
12
10
0
19
3
0
13
0
0
0
2
0
0
0
0
0
8
0
12
0
10
0
17
37
0
8
8
0
8
11
0
17
16
0
0
0
0
0
0
0
0
0
0
0
5
10
5
8
3
0
0
4
0
11
12
16
13
0
1
4
8
0
28
5
3
9
0
0
1
12
0
0
12
8
0
3
8
0
13
0
0
0
0
0
13
23
0
0
2
0
0
0
23
0
21
43
0
6
0
0
7
11
5
16
16
19
0
6
0
0
0
0
10
4
0
0
5
0
12
14
3
5
0
3
36
21
8
20
5
2
0
8
0
0
0
0
0
18
4
0
1
12
0
0
13
8
0
0
3
1
18
0
2
1
0
13
6
52
0
17
5
29
17
0
13
0
21
25
0
0
0
0
1
11
11
18
16
0
0
4
4
0
0
3
11
0
0
0
6
2
0
19
3
0
0
3
0
21
12
20
8
9
1
12
8
0
11
0
0
11
6
0
1
12
0
30
15
8
28
0
0
24
18
25
0
0
0
9
0
0
0
21
4
0
17
30
15
11
21
0
8
8
38
0
0
11
0
17
16
15
0
8
0
0
2
0
11
28
13
0
6
4
11
17
3
4
0
2
7
20
8
17
9
0
1
9
4
1
62
0
0
9
0
1
1
12
0
0
12
8
0
0
0
13
19
0
0
0
0
0
0
0
0
0
0
0
0
0
0
0
17
4
12
8
0
0
0
11
0
16
16
12
0
20
12
0
1
0
0
0
0
0
6
3
4
7
4
7
0
0
0
5
2
23
4
0
0
0
3
1
29
0
0
13
0
0
1
12
0
20
9
10
0
0
0
14
20
0
0
0
0
0
40
0
0
0
2
0
0
0
0
7
21
1
1
5
0
0
15
11
15
15
12
0
0
19
0
0
0
0
6
0
0
0
5
0
45
17
0
0
8
2
16
9
6
15
2
2
2
31
13
4
23
0
0
18
3
0
1
12
0
3
11
7
0
24
0
9
13
0
0
0
0
0
78
6
0
0
0
0
0
0
0
0
21
22
0
0
0
0
6
11
6
15
15
0
0
0
14
0
9
0
24
0
0
13
6
0
7
20
1
0
0
0
24
26
9
20
0
4
0
17
0
0
14
0
0
15
5
0
1
12
0
0
12
8
0
28
0
0
18
0
36
0
0
19
0
0
0
24
14
41
3
0
8
0
21
0
11
6
0
0
25
11
12
18
15
0
1
0
0
0
6
0
15
0
1
0
6
15
8
17
0
0
0
6
14
16
5
21
3
0
3
9
2
0
63
16
0
12
2
0
1
12
0
1
8
8
1
47
0
22
9
0
0
0
0
3
1
0
0
13
4
0
8
5
5
8
22
0
11
7
0
0
0
11
2
16
16
4
0
17
0
0
0
0
1
0
0
12
6
0
0
15
3
0
0
0
0
1
29
24
2
0
9
0
1
0
11
0
0
17
5
3
1
12
5
21
7
8
0
6
0
1
18
0
0
0
0
0
40
0
0
0
0
0
7
0
7
0
21
7
8
4
0
0
0
11
20
14
21
12
0
7
8
0
5
0
14
0
0
0
5
2
2
20
2
3
0
0
16
20
0
16
3
3
9
22
9
0
35
0
0
15
9
0
1
12
0
38
12
8
0
0
0
4
17
0
7
2
0
0
0
0
0
0
2
0
6
0
17
0
19
18
0
0
0
0
0
11
13
17
15
1
2
21
0
0
1
0
20
0
7
0
5
9
0
17
4
0
0
0
