-127
54
-78
-6
-37
4
1
5
50
61
76
-5
-113
-26
-74
2
-63
40
-59
37
-65
76
-75
-126
11
-125
1
4
-92
-66
-7
60
-40
-37
57
-65
31
-127
30
-31
84
9
51
-4
-18
-115
50
-89
-18
102
55
52
-11
-77
45
59
32
-110
4
36
29
-88
-26
127
83
-13
-53
-70
-57
52
11
54
39
-30
-51
41
-40
85
-106
71
64
13
66
-14
55
46
6
-71
45
-6
127
24
-13
57
77
83
30
-33
22
-115
-105
-72
2
48
-110
-52
-24
-75
-25
-55
-20
14
83
44
46
-127
-61
-13
28
33
-120
20
-48
28
-34
44
-89
-94
-33
-23
-63
-9
-46
-93
-94
22
-122
8
-82
46
-107
23
-127
-86
39
-127
38
3
-27
46
57
-18
40
-4
16
-28
9
17
25
12
84
26
-65
-59
38
-76
18
-49
-15
-40
46
49
-29
75
-55
12
127
-8
49
-7
-20
64
-45
27
-29
35
26
7
38
64
-86
66
25
-21
33
18
4
-40
66
-46
1
-11
-16
39
17
127
6
-16
39
1
0
44
63
8
-27
-32
-116
-15
-80
69
-59
46
9
-80
-5
15
45
41
-30
-24
-91
-3
10
-65
-20
-6
5
13
-22
-127
72
45
98
-44
-50
-6
-35
21
-62
-66
-40
-118
-79
107
-37
-40
5
-108
-1
-127
84
113
67
-37
11
-26
15
21
54
7
-47
-127
41
-54
102
-48
-54
-8
-46
-19
-8
-7
-54
60
10
-53
-108
-10
21
-17
-24
3
104
56
1
25
61
-65
-36
27
-62
14
-38
-2
-11
54
127
52
-55
-25
-1
-2
-26
-59
-46
-94
2
70
18
-127
-53
-33
-66
20
-45
34
-41
15
42
-29
52
26
83
-46
-72
-79
-73
-35
-5
0
-35
-77
53
-35
-46
-35
10
-7
-26
-47
43
-8
-45
-5
-32
41
2
-127
28
-11
-93
-73
-78
-31
-104
51
82
42
-15
92
7
-24
-11
7
122
-45
-32
44
-127
-9
-55
37
80
-95
13
-100
-17
35
-5
53
28
-84
70
-20
38
19
-7
9
-127
8
24
51
-94
4
-45
82
-27
-39
-45
107
23
-88
-30
-19
-124
-36
-89
-92
-107
116
-86
127
-54
-15
-115
-104
-17
33
60
39
-69
75
-10
-21
46
-62
-98
-2
-64
-31
44
-24
9
-88
-26
-17
-15
-17
39
28
-8
-127
33
-12
-66
-30
27
-43
25
-109
-17
-56
-111
-24
-77
0
-120
-99
-2
-9
-15
-127
-31
-55
-28
-61
-22
-15
19
-43
3
43
-28
-1
4
-62
-57
33
14
28
-107
-37
-107
-35
-106
75
26
-96
19
-127
-49
57
-9
50
85
88
39
6
-127
-19
-6
-121
77
11
-56
1
-49
-22
-88
84
77
-43
-3
-32
-33
-84
-5
59
50
-12
36
-54
-108
-44
-20
5
-127
3
-97
15
-121
28
-6
54
13
-52
47
-51
68
52
-17
46
4
-21
31
-36
91
-60
55
-127
10
-12
38
23
39
-42
1
-9
77
17
-39
4
96
-102
-22
-44
-36
28
-73
-26
-127
6
29
-61
-7
-26
-23
5
-28
58
12
57
112
-66
53
42
77
-22
-124
-36
17
-31
-78
27
46
-53
-17
-127
-94
46
107
-26
-15
57
-114
12
-36
61
-38
-37
-41
46
3
-86
-31
-86
-61
16
127
40
-16
83
-35
25
-43
-3
-7
18
29
6
10
-61
89
38
-3
34
34
-90
-46
-127
-86
20
-75
-45
-9
-99
31
-72
21
-76
-29
15
55
-77
84
79
57
28
-65
52
-23
90
-10
-65
-34
83
-19
-28
27
-29
66
10
127
6
-74
-61
31
77
65
42
-36
-4
-31
5
-17
-50
-66
-118
-90
44
-22
33
22
-12
32
14
19
-32
-9
-19
8
11
127
-27
88
42
15
-52
-38
-36
36
-40
82
-113
-11
62
0
-3
7
5
-89
-42
50
7
-8
105
-3
33
79
-127
97
29
43
99
26
78
-3
16
39
-39
-49
-80
-6
-76
41
85
-6
125
67
-127
36
-88
66
-2
78
-57
45
3
-54
-47
-127
104
-19
7
3
4
-10
85
-115
-91
-89
-51
-23
-67
125
-41
58
28
10
-17
30
-31
-4
67
58
-127
-57
-16
53
-97
-30
-28
-45
111
-11
17
-72
20
-41
-3
-45
-46
124
-12
-13
3
7
78
62
-93
77
-87
111
6
-58
81
5
86
-80
-72
-73
71
-71
-62
79
-38
127
-43
50
28
-67
18
-77
-38
-74
-127
-103
22
30
-17
48
42
-45
-5
98
-43
-86
18
14
-112
119
42
68
18
68
-40
-52
75
-99
127
-94
-4
72
11
-2
28
51
-48
-34
-30
-115
-18
-42
39
-119
49
-116
90
-23
-110
-92
-12
34
15
59
-11
-22
14
17
-62
1
60
22
4
55
35
39
53
51
-89
-73
-127
-55
-78
-52
-33
8
14
12
-92
81
-14
50
-26
15
78
6
-34
71
89
6
-3
-10
-41
-127
58
14
40
70
27
-19
10
-41
20
40
-39
-94
-20
-19
-29
6
127
0
-44
1
-73
32
5
48
39
-116
-34
-20
-44
-74
40
-49
-58
124
-102
103
3
-64
-86
-83
-115
-127
59
-68
108
-120
82
-72
-73
90
18
13
24
67
27
-60
38
5
-86
-101
-127
58
12
-10
-14
-12
76
-43
-33
98
-69
54
-69
-16
-6
-36
-14
-18
-3
-6
-74
18
-29
34
-15
29
-52
-28
-7
32
-9
-21
-6
-36
-23
-127
7
14
-98
-26
8
-10
-1
-127
3
-14
-28
-8
-92
-12
-50
17
-33
23
4
29
-88
-50
-9
-62
19
-78
-31
-51
-10
-89
-25
23
-47
-85
-47
-127
-89
3
-98
25
65
-52
-80
-9
-21
23
-70
-42
28
20
15
-50
10
-34
25
30
64
-38
-2
-9
37
-43
-34
26
-10
-7
2
42
-62
37
73
127
30
36
72
80
19
21
-127
-6
-34
-14
99
-32
-25
34
-63
-12
-41
-109
-37
48
-61
-70
-17
93
58
6
-82
1
-51
-2
-47
126
-1
-127
0
23
-38
51
18
44
-24
-103
68
-95
17
-21
-35
63
-78
-51
94
-43
120
35
16
-92
99
-29
-56
34
-31
-127
40
50
-52
24
-52
-92
9
-86
-26
15
-31
-34
-127
34
74
-38
4
-106
-26
0
-13
-45
-108
3
-36
23
21
81
88
25
-50
-11
-6
-76
13
-32
-127
74
50
78
-33
-29
-14
-6
13
87
-86
0
-42
48
57
43
17
-89
27
11
-89
-45
-27
1
-8
7
-23
33
8
-50
-48
-34
6
-31
17
-12
16
-31
-98
-25
-46
-37
7
-2
-59
-30
-127
-24
-127
-45
33
-22
0
67
57
15
3
20
-34
4
-88
-35
-3
57
-5
27
6
-67
-82
21
-99
-40
13
6
23
-71
67
-22
15
-17
18
-62
16
-29
-99
29
-39
22
-127
14
13
59
4
25
5
-58
127
20
5
-34
46
-86
-51
-12
12
-42
90
-37
-9
80
15
-89
-78
100
60
25
90
-84
19
50
41
-54
16
13
-34
36
127
-15
15
-98
-19
50
25
46
59
1
-127
-2
-64
27
41
74
84
8
-80
-32
-112
-31
-5
-101
-125
61
36
-3
-70
-64
99
-37
-127
126
8
21
-115
-2
4
0
-3
-33
12
-17
-11
63
-13
-39
-10
-19
-2
-91
13
-52
25
-43
9
-2
-127
42
-126
59
1
67
-35
-89
58
-39
-7
2
43
14
4
-110
7
1
29
-67
5
110
-25
-127
-59
27
-48
76
59
-11
69
-45
-5
-127
-4
56
-24
12
31
-42
24
22
-22
-46
-44
38
-12
-83
32
-3
0
-55
0
46
-53
-56
47
34
13
-4
30
-26
-45
-64
-34
-99
55
-98
-1
12
127
30
-83
-15
-73
54
-20
-22
-15
-10
-54
-17
-35
-52
12
-12
-62
-9
-54
-108
-24
-65
-70
-47
35
16
-127
7
-11
-52
9
-81
-46
-127
-37
-41
42
31
-8
-29
-26
62
-44
66
-37
4
-27
49
-33
-41
43
-63
18
-81
-59
-27
-33
-32
27
-90
28
47
-56
-6
85
-69
42
26
-54
-39
-39
65
127
23
-24
0
-11
-17
2
40
7
-33
-74
26
-127
-60
4
50
15
-70
-27
-15
77
45
50
-75
57
46
-29
45
54
86
-15
-39
-40
39
-32
-2
-102
-36
-72
39
102
56
-72
-51
52
16
120
-42
-85
-102
-38
-127
-39
32
-13
12
-73
-40
-61
-46
8
-57
62
9
2
-39
16
72
-5
-2
-25
3
24
-16
-5
73
72
27
0
-127
-68
23
24
-42
40
60
-94
82
29
-127
-11
-93
8
7
-4
73
-2
-59
-28
29
72
116
-43
52
70
-14
-5
47
33
-96
1
12
-101
66
-71
20
-28
15
-28
5
-15
-45
44
12
-5
5
1
-127
-62
15
19
-58
11
-20
26
-8
-25
-27
-28
8
-7
-10
17
-5
-56
-41
9
31
24
-44
127
-25
21
114
63
49
127
30
14
78
71
6
-14
123
80
39
91
35
-6
72
66
-44
58
23
29
-31
57
-30
-17
-8
-9
25
8
14
7
11
13
-29
22
-6
68
52
127
51
6
1
-20
-3
-15
-8
83
-127
-38
-40
72
-30
1
-20
50
-62
42
39
26
-43
-44
28
32
-28
-25
-31
68
-74
47
14
-71
-28
-10
13
33
48
-42
127
26
-49
-34
5
-67
10
-32
76
35
-54
-39
-62
-6
31
-92
10
24
-70
-30
38
-21
-16
37
-11
7
44
-127
-1
-11
-24
-50
-72
-73
-13
29
-51
-101
4
14
-56
-61
-41
44
30
-17
42
38
-7
-27
127
-50
-21
-60
-48
-35
-47
-57
-35
39
42
-58
-53
-43
29
-14
-97
-52
1
-85
10
-46
127
30
38
5
-84
1
-63
19
-67
99
-69
-39
81
-60
49
-113
17
-28
47
-2
32
-8
-63
30
28
-28
62
55
40
-40
54
43
-33
32
-81
30
-27
86
-70
-36
-127
10
16
-105
55
-84
-48
35
24
-37
-18
46
-56
-7
-58
21
-30
-3
45
-1
-5
-24
-127
60
53
16
-25
-87
-70
92
90
-70
-6
-37
-81
-53
90
-29
-39
127
121
73
118
70
-35
-40
1
-38
30
-108
-28
-11
-40
3
10
6
-66
-28
-31
3
19
-18
127
-23
10
-43
-64
-10
-84
-23
-73
-27
-43
-39
9
-26
-127
-1
-64
37
-27
61
-87
29
34
-55
-27
9
22
-44
-7
42
-100
47
27
32
46
-37
51
-5
-72
-10
38
-3
7
-18
-127
-43
-98
-102
-72
-57
13
38
63
2
-41
62
60
71
-61
83
71
77
-18
-4
-39
-20
-54
50
-29
18
-44
0
-34
-30
-94
-127
-60
-50
66
-50
-120
69
24
-74
-68
51
-56
-93
-21
-5
39
-3
8
49
19
73
23
127
-72
102
54
-78
82
-49
-98
-74
2
-120
58
-98
-111
6
-9
16
-79
-9
-25
5
-80
-118
-119
-127
-46
-27
54
4
85
-22
-41
36
-25
40
-95
-57
-86
42
-2
-39
4
-11
-45
26
91
13
29
-127
72
-25
-79
65
-93
27
-71
-31
-47
-98
-60
-43
76
-32
-116
-91
110
0
-81
-20
-103
10
-92
-17
-16
119
100
-102
87
-106
15
-127
14
-37
-115
-122
38
-30
22
58
27
127
-46
112
-98
-106
-95
-15
26
-6
52
-52
-16
-76
-22
110
65
10
99
47
67
-30
-26
93
13
-30
-20
0
59
66
73
127
126
32
91
53
-42
127
46
-34
-27
31
-100
10
-3
-125
-23
127
-37
-77
-122
40
-43
-127
14
-66
24
16
33
31
-49
54
30
47
58
-68
-54
45
11
-36
-28
-35
1
33
5
-32
-30
4
4
-58
-36
23
-26
-13
-127
8
-5
-55
0
-50
-52
93
-51
17
-13
-45
-67
-64
-26
74
-6
97
-36
33
-127
-85
-28
41
39
28
-26
-4
-45
-24
-22
70
79
-63
-6
8
7
-127
35
-18
14
-90
36
-28
21
-25
-36
2
-43
-39
-11
-29
-22
-50
-65
87
6
-107
-116
20
42
-18
24
-81
-50
39
-32
-50
-51
79
23
-38
127
1
68
-47
-59
-77
-20
26
-43
-75
-9
41
36
31
-44
22
24
-1
32
36
15
54
-96
-50
58
-111
72
2
65
127
40
0
-19
-16
-5
-91
32
-27
-21
27
-68
-78
-44
-28
-13
74
59
-96
26
-127
31
-56
49
68
14
-87
-18
121
26
-21
63
37
-66
16
-81
-93
28
-83
-112
16
83
42
127
-18
17
-110
63
-30
68
87
63
-58
99
127
-38
54
88
-18
123
-100
33
62
99
17
56
96
55
33
118
18
32
43
-26
71
-52
-47
49
-82
-83
85
12
-55
-9
-66
-52
-2
-20
59
56
-9
-46
-92
124
16
127
-42
-102
53
-49
-59
18
14
-44
-74
-18
-45
-25
0
-121
75
43
31
-63
-51
15
6
-10
-5
-127
79
-91
-47
-58
-29
-30
-3
-16
-51
40
-39
11
29
33
3
-18
-7
38
-27
-52
49
-19
1
-127
-67
-125
-24
0
-12
-97
46
78
-8
-9
-16
-33
-19
-15
42
-46
78
-9
-7
40
108
93
-65
-127
-28
-52
88
-48
-30
39
-32
35
32
-91
54
-74
25
-72
66
49
9
11
-127
-29
-94
54
26
-39
92
-79
68
-2
60
10
-2
82
-75
-35
40
-127
-34
-68
-2
-90
-55
72
-13
108
44
-93
-60
-33
-87
17
16
-30
75
8
-39
14
-52
46
-45
-23
-4
-17
-36
-34
-60
54
-92
40
32
24
68
-125
127
22
-29
26
-80
-127
-20
-52
-27
15
-73
4
-107
31
-67
-30
3
-8
4
15
-107
26
-46
1
3
-42
-56
-20
100
-9
-49
11
-11
47
-54
-14
9
-13
5
-11
-19
-53
49
66
0
-114
127
34
-6
17
17
112
-79
-88
106
2
-65
38
-37
49
127
15
-35
-48
15
44
-10
-63
51
2
-19
-26
60
-34
15
-56
-13
67
20
86
63
8
-13
83
75
-26
87
45
-11
117
-75
-10
23
85
28
15
127
39
-56
90
-77
-18
-39
-75
-27
127
-90
30
61
26
41
13
-6
74
105
-52
-107
-14
-127
-10
-51
-23
-127
11
9
-14
-25
8
15
-15
-28
-6
-52
19
-126
15
0
37
31
42
29
-30
-96
-18
4
14
70
74
-44
-48
28
67
127
79
54
-66
-11
66
-111
122
73
-24
-90
47
-106
103
32
83
65
43
30
38
-26
19
59
-36
9
-57
109
-127
80
-54
-62
47
-58
-12
-36
27
-24
-13
-32
-2
-16
-65
41
-111
19
127
-48
59
-9
-23
3
-2
2
-24
21
10
-108
18
-95
80
75
-79
69
-38
-74
-11
-67
-25
50
41
-24
6
-23
-34
16
13
-71
50
20
-8
97
127
11
19
-15
-15
12
50
32
-36
23
38
-20
1
-11
-20
-50
45
-127
-1
-73
-8
-71
-66
-66
-47
-35
31
-22
-121
44
-22
-68
13
11
15
-41
37
-21
44
-15
-90
32
55
110
-22
-5
-50
-108
-127
-35
-9
3
107
-21
-45
-84
90
89
122
-83
-73
-93
55
65
127
77
73
53
-66
-67
-46
51
-41
-59
74
-33
-25
-8
42
-9
-26
-58
-3
31
-15
-13
50
-102
-34
15
58
96
38
94
17
-57
-108
16
23
90
-1
-90
16
-127
-40
-82
52
-127
-33
-12
-10
45
40
37
-70
4
26
-27
61
58
-10
98
-25
-71
18
23
34
23
68
74
127
43
-36
21
58
59
105
60
34
-6
37
11
0
99
63
61
20
-29
34
-11
11
8
30
22
-15
-42
-24
-47
-81
-17
-71
-32
-43
-19
46
-11
2
0
-43
-127
30
3
29
46
30
33
76
-120
24
-71
-109
11
57
86
-26
8
-119
-127
81
-108
15
27
56
-116
25
-64
14
-117
55
92
-40
-4
-39
30
-35
20
43
-27
-67
-37
30
-41
8
-76
34
-39
-44
16
47
-37
-31
32
-127
-4
79
-26
107
-48
-28
-45
12
5
86
-22
8
86
127
69
9
3
6
-10
-51
-42
15
33
87
-4
24
38
-40
63
99
-95
-9
-83
-82
-39
-26
47
72
-30
-48
32
-69
15
29
10
-105
-1
-127
-55
-72
-41
19
8
60
-90
-23
-14
-28
29
-85
-52
-23
-20
-67
-9
-89
-98
-127
-51
-74
-6
-19
-18
-19
87
49
-115
61
39
119
-58
-124
9
-127
25
-83
80
-15
72
-67
-25
-40
14
83
50
17
-33
-92
127
-30
27
94
-37
-47
-2
-114
62
-72
71
15
41
82
-67
-35
-63
11
115
-54
38
95
-5
-74
-100
-12
38
68
28
68
-22
17
9
1
-117
-7
-127
-84
20
17
65
126
42
-26
-43
-12
-89
13
-20
-10
6
26
-15
-7
-38
-114
37
-24
-24
-20
-10
-17
-1
-25
12
11
-3
-21
-127
-37
-118
61
-39
33
57
-127
70
3
-20
61
-65
37
-51
63
8
-58
-124
-94
3
5
-14
-125
108
-73
0
-19
-67
-47
-30
-2
-34
-1
64
-5
54
-127
-35
-12
31
28
-2
94
-47
-5
-31
94
-21
48
-40
-73
69
44
-28
-72
-12
28
-40
-60
-29
-127
53
-14
-18
-13
94
-5
-48
-37
-21
52
-48
66
2
-24
0
-36
-28
24
24
87
57
-65
23
-101
-9
2
-127
37
-9
-23
35
79
-46
21
-26
-34
46
-27
49
21
18
127
-7
-40
19
-100
-16
-52
50
-7
15
106
60
-33
-41
-11
-71
37
68
6
98
-67
-77
13
-68
-28
95
-15
-22
71
15
35
32
-13
67
-62
-41
127
-31
13
-57
35
-103
-16
-20
-53
-37
-116
31
34
27
14
-56
-127
27
-38
15
18
-11
65
-59
95
5
54
51
12
-61
-78
-36
39
-40
10
-77
-108
15
-48
-46
-24
-24
-39
-64
-42
63
64
106
55
21
22
-109
84
-4
-5
127
-35
116
-18
67
-10
16
-67
-25
-16
56
21
127
-92
-12
-6
-60
-83
19
-18
37
80
24
-60
-54
-71
-37
-39
-4
-41
-22
75
-5
0
19
19
-49
1
-64
83
15
-58
9
17
-22
37
-127
13
-31
-2
25
21
-46
-127
-15
2
7
61
-93
-77
20
33
5
-81
74
83
7
-5
-117
37
64
17
74
25
-11
-25
60
-5
46
-35
-17
26
-19
50
9
-22
16
48
41
77
72
45
21
6
62
-67
127
-30
-62
-17
7
-57
-56
-37
-11
21
-31
6
-127
6
-26
-44
21
77
17
32
-64
-23
5
-5
58
-11
57
-26
-4
-2
-10
78
25
-80
-5
-115
-17
-63
15
-12
41
13
-127
-11
-38
85
-2
-20
-9
-26
-24
30
-24
-4
-98
-24
-28
-59
-69
-48
-43
-5
-8
-55
-15
-29
-127
-7
58
-80
29
-49
-35
-62
15
-76
7
13
66
-127
-13
82
-58
-15
-10
-36
-31
-51
63
12
29
34
-13
-8
-16
-10
-96
3
-38
-56
-79
-18
-26
-45
-101
-82
-47
-82
-34
-116
-127
12
-101
-95
-88
2
-48
-26
-41
-75
11
43
-40
33
25
-63
26
-46
32
55
-11
1
-10
-48
90
-127
42
109
-51
-49
-32
-16
38
-46
-17
-31
-80
40
-66
13
-73
-86
19
-100
12
-8
-50
127
53
-10
-19
-20
-39
71
-73
-2
57
-26
22
21
26
64
-96
-114
-59
21
-82
19
57
-17
24
22
-40
-83
10
-78
-32
40
-43
-55
0
-127
-7
-127
-21
-47
62
-37
37
40
-120
86
-72
104
15
28
20
-59
-55
-71
75
-82
-6
-98
-47
-58
-79
44
-28
-26
-99
53
46
-127
-34
65
-66
23
-56
-10
77
-25
39
-61
-18
-37
-6
37
-52
-67
48
-97
25
-54
-9
-81
-29
38
-59
-66
24
-97
-127
25
-11
-15
68
11
-50
62
-31
87
48
32
-92
-76
-88
-127
18
-12
35
52
-87
-33
-9
-75
21
17
-5
-16
71
38
41
-24
-22
38
-51
-103
28
-60
-70
-127
27
20
-71
-62
-14
-76
-52
-27
35
26
50
-6
41
-113
-3
-22
63
60
65
8
-73
-49
-84
-3
-81
-126
-40
-80
-33
29
-26
40
-94
-57
-62
-26
-25
73
7
34
-127
-9
-25
-102
18
-114
42
-22
-80
6
-108
-18
-21
8
-8
32
127
-7
-50
-85
78
-33
-30
14
-97
54
-61
-8
1
-24
2
13
78
-127
92
-89
81
22
-14
31
-54
74
41
-19
-34
-3
68
-6
93
32
45
-111
-13
5
-73
43
57
-62
-47
93
100
-20
97
-127
59
66
-71
-54
-70
36
-53
-25
-127
-49
-65
-125
86
-52
-32
-99
-12
53
2
111
-93
-32
2
-58
-64
-70
71
99
30
9
27
75
-127
62
-62
-33
108
24
57
25
-51
85
37
-58
-21
-6
-126
-49
-58
-1
54
-127
39
-43
-52
47
-34
3
14
28
29
-65
-31
-61
-90
-93
19
-23
-98
33
-48
6
-28
-42
48
-127
16
-4
-126
13
-59
36
66
-91
49
-102
-64
-127
-1
-69
27
50
-18
-51
-32
36
-45
21
-110
83
0
24
39
-66
6
-3
-9
-22
-99
-51
52
-28
43
-79
-49
-54
-82
-96
69
35
13
127
18
15
-23
46
-41
35
-44
-14
-19
-52
-68
44
-20
78
23
30
-6
-14
25
127
19
-3
22
10
-40
-11
30
-14
-7
35
32
14
80
31
40
53
-63
-38
-121
-92
-3
-4
-68
-67
5
17
-64
16
76
69
79
40
72
78
-127
101
-21
7
89
-2
4
15
-70
-88
86
-127
-38
-30
-93
55
79
-39
94
76
-105
-59
-56
2
73
70
-12
28
-21
-34
-94
-60
83
-39
-30
-36
-14
-10
-49
37
-127
24
-25
38
5
34
-34
104
-14
-33
50
-104
-5
-12
-4
-102
-2
16
36
77
-26
12
88
28
5
14
103
29
-95
2
24
20
127
66
-67
47
-84
-10
58
-29
-101
46
-34
3
7
-65
-16
-73
-49
-115
57
127
20
66
-107
14
-50
125
-38
85
97
-64
33
37
-87
-46
49
20
-54
46
41
19
-127
-64
-17
-6
-1
20
7
-58
-81
21
-27
0
-52
22
125
110
-50
-5
-33
-97
-80
-127
-22
-12
97
-37
-9
-7
106
-93
-100
-21
58
-11
57
-54
17
98
60
50
-19
-37
-62
-19
109
-66
12
-91
32
25
-34
-127
72
9
-113
30
-45
12
-24
91
-3
-11
17
8
-98
-21
-44
-27
-116
-95
96
-127
20
72
15
-42
-22
3
48
70
-18
-59
7
-23
-98
27
125
96
-73
-43
-38
-43
-113
-14
-10
41
-10
0
56
-72
-23
-127
-71
-46
-14
69
-87
-95
10
-127
-11
-70
10
-8
-3
-10
-20
-32
-69
12
29
-6
-38
16
25
24
10
0
16
20
-26
-77
-42
27
16
29
-69
-56
-27
-49
-127
26
-86
56
-25
30
16
-2
-59
17
70
-69
-98
9
-12
-51
-31
44
4
-15
88
21
-17
59
-25
-77
121
-99
19
-54
-26
-43
84
-47
-127
-59
107
78
-38
33
-68
86
49
-45
-109
-60
103
79
93
-75
84
-26
12
-28
64
7
65
108
41
-81
127
99
-39
-9
-37
-44
-127
33
55
-27
92
69
-48
-88
94
-40
43
-39
67
-29
-71
3
-36
-51
-74
-60
-32
-46
67
-54
-54
-83
73
3
-23
-12
73
-29
73
52
-117
56
29
46
-37
82
-24
66
6
-54
108
-70
127
-31
41
-93
-26
33
-98
51
64
-91
107
-56
-77
-62
-8
65
16
-46
-17
-7
-64
55
-127
49
3
46
46
20
-77
-35
-69
19
-5
-83
-56
-127
-41
35
49
-92
-87
-26
-84
-54
-84
16
-25
-33
0
45
-100
10
19
-66
-59
-96
-13
127
-101
69
-85
43
-66
-41
61
109
76
-112
-99
0
-67
-106
71
-66
-73
-83
-127
-18
-78
-74
-51
-26
0
-43
-7
-83
-18
-98
-70
49
30
-33
-125
-33
-95
39
-96
-14
45
-37
-3
-28
33
66
-40
-127
9
-77
37
18
17
1
4
-61
-71
-23
42
39
-57
21
-64
-70
-102
44
27
-64
23
-119
-64
30
-70
-1
-8
-1
-27
45
9
22
51
-100
23
-20
-81
-127
27
68
-44
67
47
106
82
-96
-35
-12
1
6
-127
21
81
-100
70
-77
32
38
33
-2
-80
6
-35
-45
-91
20
73
-92
-54
-47
-82
53
49
-91
42
53
-56
-72
-10
-127
44
7
-25
69
7
36
-51
-64
-15
-32
-10
-22
-36
-52
-127
-99
-37
0
-18
-37
-43
-7
-41
-35
16
-123
-88
-97
-29
-31
-85
