12
-13
-2
8
20
21
5
-20
-5
4
4
-8
-8
-1
-10
24
1
11
6
-17
-10
19
-10
12
-3
-11
-31
10
-11
-24
3
13
-12
-18
-17
30
-13
-2
-3
12
17
-21
-21
-14
19
3
24
27
14
20
0
-8
7
-7
7
-4
3
-3
-3
-7
11
-19
-26
33
-1
-10
-16
11
14
7
-1
-13
0
-7
18
-3
-9
7
-11
-9
-3
-9
8
13
-19
5
4
2
-2
-9
1
-8
-3
22
2
2
-7
9
0
0
-2
-11
0
5
9
-2
-5
5
0
-3
6
13
23
-8
-6
20
-6
-2
13
-9
-4
-6
-2
-8
-10
-11
-11
12
-13
-4
-16
7
3
9
-10
6
-13
-14
10
-11
1
-3
-6
10
-9
-6
1
-3
0
2
3
0
9
-10
-3
7
0
8
-1
-10
11
3
-11
10
-12
-12
-7
21
2
-9
-14
4
-4
19
7
17
7
9
-1
-5
-21
-3
3
3
-8
0
10
-12
-1
-23
-5
8
3
-10
-7
11
4
18
-2
-4
-2
-10
11
-6
-4
2
-6
6
-13
-5
10
-17
-9
5
-2
7
-2
-1
-19
8
-5
-9
2
7
6
1
-7
13
-3
0
12
19
6
-8
-12
5
12
12
7
17
10
5
6
-13
-6
-14
-6
14
-2
5
0
-3
11
-15
-9
-3
0
-9
-10
13
7
11
-3
-9
4
-6
20
1
14
3
-13
-9
0
4
12
4
-16
1
0
7
-6
-3
-13
-3
-3
15
3
-7
-1
11
12
3
-1
-13
14
-2
-4
5
-2
0
1
-4
14
7
25
-11
-1
9
-11
2
-1
4
-11
-6
0
-7
-8
-7
-2
11
5
-23
8
-21
14
3
11
7
11
21
-11
23
-1
11
-14
-12
9
10
17
-19
-10
28
-23
-2
-16
9
-48
6
-18
-27
2
7
-14
-27
-11
3
-8
-4
-9
6
18
0
13
-6
-15
6
-4
-5
24
25
8
-22
21
-2
21
0
7
20
-7
-18
27
1
2
30
11
-1
11
4
9
-10
-12
11
3
1
-12
7
-5
1
6
-11
-4
-10
-11
2
19
-9
0
-11
-25
5
-19
-9
5
-7
10
6
18
13
-3
-3
3
17
7
-15
-5
10
33
19
-10
12
-6
2
4
3
-9
6
-15
5
-8
1
3
6
4
-4
2
7
7
-20
-2
-1
-8
12
7
11
0
-2
-6
-6
8
-5
-11
-2
-4
2
-5
-7
3
-9
-10
2
4
7
6
2
-15
8
-11
2
-1
8
2
-5
-17
8
-4
-7
-9
-2
4
-12
-11
4
6
25
6
28
10
-1
-9
-6
-6
2
-7
-3
-2
-5
-5
-3
17
-17
-9
16
2
-3
-2
6
-7
13
-6
-14
8
-15
14
-10
15
-2
-4
4
-6
5
9
7
-22
1
1
5
-3
-14
-18
-7
-9
9
2
1
7
6
10
16
-6
-15
2
-18
-10
-2
-5
5
7
3
13
21
8
-15
-8
1
-6
6
-11
8
-3
-15
-6
-2
-4
-5
-8
9
-1
-13
-7
8
-12
8
-13
5
-13
-18
24
-1
7
-4
-3
15
-15
-9
8
-3
-1
3
4
-5
3
3
1
8
11
3
-3
5
7
3
-2
6
-12
-8
4
4
-5
8
-14
3
-4
8
7
1
11
-6
5
-20
-16
-13
-12
14
-9
12
-2
-14
-4
-10
-7
0
-11
5
-3
-10
17
1
-5
8
-10
4
-19
8
7
-11
-16
0
-2
-12
14
-2
8
2
14
2
-4
-4
2
5
3
-20
9
-2
8
-13
-2
11
-6
-14
-3
10
12
17
3
-15
-15
0
12
-11
-4
23
8
-3
-2
-4
2
5
-20
-5
18
-4
6
-20
4
1
0
8
-5
13
3
19
-1
15
-3
4
-18
21
16
-21
-17
14
6
5
7
-14
10
-13
10
-1
-15
-2
-1
7
15
-27
8
6
19
2
1
10
20
0
10
5
5
18
11
-17
-5
-6
28
8
1
14
5
-4
-21
4
-11
0
-3
-4
20
-2
1
-19
12
11
-10
-4
-1
-3
3
-3
0
-1
1
-12
2
10
-5
6
14
-4
-14
-7
-3
-6
17
-2
13
-8
-9
14
1
-10
-6
22
5
-5
15
0
-12
-2
-18
0
0
-12
0
5
-9
22
7
17
-7
6
-5
1
4
-12
-9
10
-9
17
3
-9
-17
4
12
10
5
5
-12
-5
2
2
5
3
-1
6
-14
-7
10
-4
-15
-3
1
8
-11
-13
1
3
5
2
2
-3
-6
11
-10
0
4
-1
1
12
4
-8
-28
0
-17
2
-2
7
12
-8
-8
3
-1
17
-7
6
-2
7
0
-15
-1
-1
-12
2
6
-3
-1
4
6
-2
-7
3
3
-8
1
-9
9
-4
-2
-3
-5
-3
-2
0
5
2
4
-6
-4
-8
6
3
9
4
5
-4
-5
5
-14
-13
0
-6
7
-1
7
-12
-1
8
-17
-7
-3
2
7
5
7
2
-9
4
3
-10
-5
4
-2
-7
9
13
2
10
-10
-6
17
2
-8
-3
-1
1
-5
-25
-6
-6
1
2
2
12
-8
2
15
4
20
-11
-7
18
0
10
-6
0
0
11
0
5
19
-14
7
20
-4
7
6
1
-4
7
-3
4
-4
-10
-10
5
-2
-7
-16
-16
-13
-1
11
-22
0
13
-4
0
2
4
8
-5
-11
2
-2
-8
-9
4
5
-2
-8
-15
6
-11
3
0
6
-2
4
13
12
-3
9
-8
4
11
-3
5
-3
-2
5
22
-6
6
0
0
8
-5
0
3
5
17
0
9
-16
17
-4
-3
-2
8
3
-12
-19
-17
8
-1
-3
-13
-11
-4
5
13
22
8
-2
-2
-11
4
-7
-2
-8
19
-16
2
-6
-21
3
-1
8
10
14
-1
10
17
21
7
1
-19
6
7
11
4
-9
-13
2
23
-7
2
-3
9
-5
-3
-2
9
6
11
-1
16
-16
-1
11
11
19
11
3
-14
-17
-10
18
-5
-13
-13
-7
5
12
16
12
7
-12
-5
-2
5
-18
9
0
22
-10
-1
-7
-17
-6
-2
-5
13
20
-17
-5
-3
40
11
-16
-6
7
-5
-3
0
-10
3
11
10
-3
-13
-2
21
17
-7
4
26
6
17
-8
30
9
-8
7
27
15
11
-6
-5
-9
21
26
-3
-16
9
5
-4
14
2
-16
-6
-24
2
2
-12
-43
-2
11
11
-12
-13
10
-17
-8
12
-14
8
17
-3
-9
-8
27
22
-12
0
-17
9
-9
16
14
-18
-8
6
-18
-9
-5
15
-22
14
5
-14
-9
1
-21
-15
-4
-1
-7
-1
19
14
12
-6
-17
0
8
4
3
11
28
21
15
-31
-18
-18
0
9
13
22
-12
-29
8
-17
-11
13
-7
-6
-6
-12
10
-5
-2
-9
3
0
-2
11
5
1
9
-12
1
-6
0
-5
3
6
6
-6
0
2
-16
-5
-7
3
0
-14
7
-16
-8
4
-20
-15
-3
-15
5
6
-7
8
-17
6
-4
-11
3
11
-4
-3
9
10
7
18
2
-4
3
3
-6
0
4
11
-6
-6
0
6
22
-17
-5
10
-7
3
0
-8
4
8
-7
-5
-15
-2
9
8
-5
6
14
-6
6
-4
-8
-6
7
8
5
-24
7
-21
-16
-2
-12
-33
-2
-2
21
-3
-16
-11
-20
0
-6
-36
-2
-3
1
4
9
14
17
-2
-10
0
25
6
-15
11
-4
0
4
-8
-1
-3
6
1
6
-4
4
-4
5
0
-4
0
11
-7
1
3
-5
-7
1
6
2
-1
-4
2
-9
-4
-10
6
4
6
4
-3
2
8
-5
0
10
-3
9
6
2
3
-1
7
-6
-17
-5
-5
-3
-7
9
10
4
10
-4
-3
6
-2
-3
2
1
-1
9
-24
-16
2
-11
19
3
-7
-2
-13
28
6
-4
12
-4
-19
-7
3
8
-15
1
5
-2
-10
0
16
-9
-3
0
-1
-3
17
-6
19
19
7
-7
4
9
3
-4
10
4
15
16
4
0
5
19
-16
9
-17
-14
-8
-11
14
-5
5
-13
-11
8
0
-6
-6
13
-19
-1
-12
-7
-3
12
-10
-3
16
8
26
-8
23
-10
-6
-6
16
16
-20
-4
17
-23
-7
-6
12
-33
9
7
-20
-1
0
-16
-16
21
7
-7
-8
18
-2
2
5
8
0
5
-1
-9
-10
17
15
12
-25
8
-5
11
17
0
30
-1
-25
2
-11
-12
3
-1
-12
-7
-13
19
-4
1
10
-9
8
-13
8
-8
-8
0
-1
12
-8
-4
-6
6
14
6
-8
-3
-11
-19
4
-5
-10
6
-2
-2
-14
-15
0
-10
-6
-19
9
16
-2
-7
-14
-16
0
7
-7
3
19
4
-9
5
5
22
-5
1
4
0
2
-4
3
11
18
-8
1
-3
3
28
-1
-9
-4
-3
-12
-9
-5
-5
9
-4
-6
-10
-15
10
-2
1
11
26
-6
-4
1
5
1
-10
-2
4
-9
19
-9
3
9
-13
-19
1
-5
10
13
-9
-3
-14
0
16
-5
5
-5
5
0
-4
-1
-4
-1
-29
2
22
9
-3
-9
5
-2
0
6
-3
2
1
3
15
-5
8
-1
-6
3
-1
-11
6
2
2
13
2
-7
-1
3
6
-14
-9
21
-13
-4
-2
-12
-1
-2
12
-20
8
2
-7
-8
11
8
14
4
6
-7
-3
3
14
13
6
7
3
-10
-7
12
-18
8
-2
-9
2
4
4
2
7
5
15
-33
-13
-2
-18
24
18
-24
11
-11
24
23
-24
46
-12
-19
-6
15
21
-30
-19
8
-13
-4
-7
32
-29
7
-12
-21
-8
31
-12
10
25
16
-4
14
8
3
-7
13
8
33
18
4
6
33
49
-7
10
-29
-17
-14
-16
19
15
4
-37
-30
30
-1
-14
-1
-6
-9
4
-12
23
-3
-8
-2
3
9
-20
-4
7
-1
-11
8
14
-1
-6
-4
-5
13
0
15
4
-22
-22
13
-2
-14
8
-5
-3
-10
-10
0
0
-2
-16
-10
7
-2
-5
-23
-17
-6
10
-21
0
22
2
7
11
5
28
-12
-4
6
3
2
-10
-1
5
15
-4
2
8
-5
14
-5
-18
7
0
-1
-22
-11
6
1
-10
13
-8
-4
-6
-8
5
-1
8
14
5
-10
6
9
-3
-27
6
11
10
-1
7
25
7
0
-9
5
3
13
7
-17
-18
-5
23
-19
-3
7
5
11
4
-3
11
1
-27
10
24
-11
-8
-7
6
-4
6
14
2
6
4
7
-6
13
2
12
-18
21
5
-17
2
34
2
14
-1
-9
0
-3
-11
-5
-14
-7
-15
4
17
-22
1
11
16
-5
-9
6
23
13
8
4
19
-2
1
-23
4
3
21
10
-2
13
7
-5
8
-3
-3
3
5
6
11
5
2
-7
16
14
-12
9
-15
10
0
17
5
-8
6
3
-8
5
9
-1
-2
-18
15
11
-4
-1
-17
-7
6
2
-9
-8
-1
-8
-3
13
-5
2
10
2
16
5
22
-2
2
2
5
5
12
9
1
-5
12
25
1
-5
-9
13
-11
11
2
-3
1
-14
-3
-4
-3
-17
7
17
-8
-18
-35
27
0
7
22
12
-15
3
14
20
-5
16
-15
-25
-2
15
1
-15
-37
-13
-6
-4
1
4
16
6
16
33
-3
1
-14
0
17
-14
24
-4
2
31
11
-9
-3
14
7
4
-1
25
19
-16
-3
-7
-27
20
12
-15
14
11
-18
-26
-3
-7
-1
4
-1
-21
-1
-21
-2
7
6
-3
3
5
5
7
-2
11
1
6
-5
5
6
-4
3
19
-14
4
-9
-2
-10
3
1
-10
4
19
-4
-3
-10
2
-15
-4
-16
-5
4
-4
-13
-12
-3
8
2
3
5
9
8
-7
14
0
11
3
3
1
-8
1
1
2
-3
10
0
-14
3
-13
0
0
7
-1
4
11
10
-1
8
-10
5
-1
-2
1
0
-2
0
17
0
9
-6
-6
17
-11
-12
2
0
12
4
8
-9
12
0
-2
4
2
10
-2
-12
-15
2
2
-9
-19
-11
-8
2
15
26
9
-6
-2
-10
-1
2
2
-5
13
-13
0
2
-14
8
-14
-1
-3
26
-7
3
28
9
11
-4
-6
19
5
7
10
-2
-15
14
19
-8
-2
-9
9
6
-10
-2
15
1
8
-5
22
-7
-3
5
13
19
1
2
-9
-7
-18
32
4
-20
-6
-18
-2
13
14
21
0
-16
-6
-3
4
-22
14
8
22
-11
-8
-9
-6
-1
-21
3
7
26
-9
-7
5
19
13
-28
0
31
-7
1
-12
-9
4
20
8
3
-18
-20
25
10
-20
-5
26
4
27
-5
25
-8
-7
5
33
5
5
-5
-1
6
23
33
12
-12
21
2
-6
12
-3
-21
-2
-29
1
6
-25
-52
12
27
21
-3
-4
18
-32
-17
8
-20
14
23
-7
-9
-8
37
32
-10
13
-19
-4
-10
17
17
-27
-13
7
-19
-10
-3
20
-29
28
3
-20
-10
5
-22
-5
10
0
-12
2
22
11
5
0
-12
10
10
4
-2
4
35
24
16
-37
-20
-21
4
17
12
32
-15
-33
14
-19
-9
1
