-12058
-2642
-3367
14046
12682
-6811
-9703
3602
4250
-3754
12637
-6831
-6652
14441
-2362
-15423
22975
6591
18866
8261
18717
22764
4306
10374
-343
-3735
-1765
5831
1785
11048
-7261
3950
7823
3708
7089
8374
-12719
249
-422
16042
8034
-10625
-23148
-3461
-430
-11179
-3899
-3468
4848
6598
6320
-16500
-3812
-1722
-2069
-5724
-2623
-3247
-5933
4574
-5015
1383
-2444
9909
-2573
3365
-388
8781
-7021
-7807
-860
1428
-3455
1723
-7969
1122
-604
12701
-12512
-3647
5452
-2232
2010
-3011
7802
360
-609
9072
2860
-5651
487
-1547
932
-9901
-3079
-4024
7247
-153
4772
2972
-5358
-6764
-3425
4787
745
-3661
-2326
14954
-3662
-616
5808
3165
-637
5590
2771
-4551
-3689
-7154
-5586
1942
-2302
3411
-2080
-2502
-3559
-3890
-5110
-11963
-9938
3292
-638
5645
2585
-10336
3288
-4911
-4944
-4356
-9563
-178
-7625
-458
-3913
-2926
1659
3655
3753
5331
8271
8792
3130
12474
3046
267
8360
-6238
1409
-9346
-3508
3457
4367
19743
4303
-8301
1624
6641
5503
1957
-207
-3091
-9503
-3127
1362
-5837
8823
-4132
-2973
8571
10817
-5633
-1062
817
-32
1583
5066
-3069
-7457
-9688
-5344
1844
-6260
-4264
-9212
-5926
-476
2642
3572
-2125
-1159
-2418
5568
-2098
1913
-1570
-6919
6166
-3695
-3222
10661
-552
14065
3861
16481
8773
8322
5417
9785
-287
3695
2863
31
-2903
-95
4597
4321
11894
7477
940
1796
7959
6948
11663
5662
-2553
-9353
323
336
-6148
4309
-1390
3453
8680
7453
-11871
-2219
-2195
2948
-2413
-301
-2352
-2893
649
-6371
-725
6076
4290
-7462
-3482
-2805
3583
-6250
-571
2256
-105
2325
784
-2980
-297
-7646
10226
-10443
-6311
9644
-4404
6953
-4172
8395
-1479
-605
-124
4090
-4810
5911
-2712
-3469
-7397
3579
-6847
7789
3087
6167
3004
-4280
-4986
1527
4336
6286
-3935
-204
10532
2644
-5040
9165
1145
-3561
4398
2036
-3157
506
1594
816
11425
1973
3801
-2622
2871
394
733
-1020
-4268
-7229
-14046
-482
2081
9960
11591
-10004
5767
27197
-391
22413
-8079
-8360
1953
13194
-8445
9711
-1463
14474
228
12714
23133
7337
-13473
-4582
-11802
-18651
-1139
2382
3593
10020
-1773
-6790
-6799
-4263
9696
-14134
-6646
-2338
9747
-3452
1976
-4729
-1263
-1935
272
-22404
-264
-6049
8970
-10169
836
3130
-648
-8350
-20192
-7008
-4590
-3980
4285
10962
-734
-4132
-3165
759
-4801
11595
-8627
4613
12317
-1331
-1032
7417
-2187
-1791
2433
2131
-10084
175
13680
-15444
-2303
956
-4403
-12142
-3346
2419
-11253
-531
13689
-442
-6086
1306
13
7503
3525
-12413
-3648
2002
-3208
7045
949
2698
-8656
1758
12246
4942
492
-5466
11078
-3583
9050
187
-4203
3850
4996
3667
171
-5148
-4738
-2890
1147
-1504
3183
4687
-1397
10969
3685
-10723
-60
-35
7874
756
-6806
-4515
-480
-1235
725
-6851
-2572
-6581
4181
-3919
-2151
2009
477
13355
2868
8328
8461
4819
12282
7466
1770
-1737
-5092
4714
-5550
-2638
4567
2008
7423
2388
-4073
-3914
6680
2685
5641
1853
-1005
-14325
-1572
-2790
-2527
7088
-856
3217
5172
3958
-11442
-2349
-3715
-4780
-1002
-1717
6497
-6457
2674
-4879
-4252
-4057
-1655
-5310
-189
-1135
5522
-2697
-2031
-5445
555
182
5896
2229
1357
-7088
6608
-7897
-4565
2111
2801
13825
4367
6471
-2199
145
417
9131
1848
4987
-1681
-3579
-3837
2781
1423
6930
840
3770
-1755
-8030
-995
-4625
468
5872
-5730
-6479
1909
951
-10193
15777
708
-574
13
-586
-7594
-3703
3026
2573
16994
2487
8354
-2242
7019
-5697
1330
5692
4983
-5872
-1856
-2668
1498
-4755
545
3772
-8873
2345
1923
-9658
2486
-8390
1937
-3352
-1858
3689
4326
5262
6852
9535
4356
13211
4387
9840
-4744
4869
3797
-1939
-6201
1375
-585
5218
19064
2032
-5103
7001
11662
9513
7010
925
-4026
-577
-599
3569
-5508
8099
-6314
-4080
13757
4529
-5595
392
-436
9276
2725
7508
-7170
-8656
-279
-4057
5377
-2398
1453
-5236
-4886
-2146
-3869
6561
-2208
-3532
3112
2368
-8157
-4361
2439
-6153
-7426
3863
-10902
6434
1930
-659
3331
-4777
9448
-2624
2622
-7498
-628
3193
-687
304
473
6084
-6436
-5765
8715
5861
-2241
-2995
555
294
-236
-6012
-4558
3106
-11067
3068
-3114
-2436
-13303
-10554
-3175
7200
1499
7670
5250
-5488
-186
6572
-11244
-13347
-5649
2611
4648
-12200
2407
-22949
-8642
735
-3806
317
1346
3693
-863
3239
-15872
-3806
-3087
-7872
-954
-2530
-8742
14950
-1820
-1346
-1615
-4770
-53
562
1232
-4610
2609
15491
6194
1364
11299
8701
-11757
-597
11144
5228
-5632
5285
7172
10077
-787
11010
-103
243
-8361
-853
1279
878
-10476
-7965
-7817
13650
-2015
11573
11132
-4891
5411
752
-1232
-10597
173
3532
-615
-8251
12303
2537
-3697
2885
-3454
-4468
-5257
-11
-3513
-4386
7742
-1912
-2278
-5763
-2114
6102
1836
-16362
-3430
11467
709
948
70
10603
-5012
8667
2734
-11380
-2500
4169
-7315
2859
2570
-6252
5651
-740
4835
6400
11592
828
-8988
-7587
7610
1035
-1032
-8737
4342
6332
1241
4455
6803
2531
-4787
5434
-10602
-2128
-741
-5061
-2657
-8733
7238
553
-8603
5783
-3410
-3735
-360
4423
1995
2953
-2503
-4715
-5880
-4873
1750
-5955
-438
798
366
2957
1648
-4595
208
7252
4791
5203
8792
10165
5839
3871
4909
-5934
291
1486
-7421
-6819
4921
-2697
10288
-1521
617
696
10204
-908
3807
-3565
3720
-5129
-7386
-6669
2033
1268
103
3116
6030
-1911
-5197
-142
-4862
-3009
-8667
-1504
-4877
-3969
-1866
-2016
-4211
720
2177
5989
-170
1496
-4274
5031
-93
-7529
-2030
5168
2385
1228
3093
58
-3694
7980
-4066
-4520
1865
985
3663
601
4955
760
-7549
-4862
4756
-5724
-105
-2760
-4141
3678
431
-6842
2905
-74
3327
-4631
-1624
-5960
-6610
-10856
-1272
4771
-5185
-3131
-5716
2966
-5590
-3946
584
-1425
-3281
3046
-199
-1179
1744
679
-9843
-2545
-229
-1662
652
-1983
3827
-5184
4826
-8233
5419
2079
-348
4833
-4205
-5533
-1028
-3112
-2272
-7063
-2986
5953
-9328
4257
10210
-6219
8207
3494
4236
-2312
2240
-8593
-13460
-2447
-1698
3455
5094
-2762
-452
8664
3662
-2900
3842
1851
-1587
2062
1777
-5500
-5099
1776
2579
11605
-3715
-1947
-6964
-5046
2270
788
4785
-3706
8032
4223
1310
12397
-7493
-4587
-6054
1465
15436
-4705
2713
137
-317
-3437
112
1817
-2350
-1877
1786
-5554
3921
6358
-1433
5714
5780
7852
-3721
1628
5997
2289
7907
1120
1392
-2255
720
-4681
-6568
-9512
6169
628
9292
-11753
2213
7480
-7997
-4876
13760
1819
-3648
-4894
-802
-6502
-3973
4052
917
3860
-3303
-6721
-2409
2104
-3590
-7029
-1656
-5536
4842
3893
-5997
5218
-10957
-3039
747
-12
6767
4580
4512
-6819
-6844
-326
-3100
-2562
3075
5543
-3370
-8821
1527
5980
-3775
6059
12329
7020
-66
6763
-2862
511
-1472
5483
-1600
2567
78
-986
-6296
-8103
7185
3971
11632
-11830
-657
9266
-8313
1475
24592
7421
-1963
1695
2145
4132
923
3042
4898
411
-1404
-8602
4494
7766
-3403
-5827
-1656
-3231
3933
6697
-9738
-4306
-5852
4505
3985
4683
-2427
12388
715
-668
-514
6637
4018
-17628
-3745
10863
-3906
-10883
3211
-5264
-2014
10533
18393
-2826
9630
1728
-8293
10819
-2129
12710
-7206
15096
367
24935
-4053
-1806
12024
10680
1308
-4031
-6600
14079
-3508
1688
24720
11686
13890
2761
2914
10337
-616
7849
16914
-1560
8240
917
9759
14391
13615
5071
-1865
-3932
-14238
10070
-6168
-7213
2384
4215
9802
14
-4278
13224
-5490
-9623
-7490
-3242
8566
-2557
4666
13011
-8093
15770
495
1332
-8230
-6985
16651
-11
-2108
23910
-2989
13363
484
30144
18095
19970
3746
11851
-11873
460
8317
2699
-4822
5465
-4071
6151
20357
754
2326
2164
12503
14818
23007
9031
-4215
-10522
2626
-1183
827
-3436
684
449
30369
2782
-4599
5274
-3623
5642
-9944
-4239
-5568
2808
3220
8058
1041
-4255
3451
5359
-2938
-2367
-3072
3129
1052
-5674
-4549
4235
7647
705
1276
-7017
-2267
11947
-5643
-10155
1799
2722
2621
1768
7395
1692
-9578
-4663
-2003
-12959
-5627
-1824
-7941
5623
2166
-8437
2392
2098
6015
-7170
-3380
-4089
-8458
-12789
436
-2074
-4705
-7072
-7728
2881
-2586
-4898
3985
-3665
42
5515
1507
-4107
4059
-3727
-5265
-1865
1752
5197
-5365
-4960
-238
11456
2430
-6563
-8438
4544
-2789
1608
-3707
-4734
7624
-5446
-53
-5293
-6922
6511
-9395
-4098
1486
-10058
-2883
2845
4501
-3247
823
-21443
-3511
-10270
-7864
-2422
-10636
-2345
2748
-10126
7904
-3616
-6252
-4608
-14533
-3505
-1047
-19102
3721
5424
-2494
-5111
1704
2159
-7360
-6465
-1213
-10356
3506
6182
1190
-5050
851
-284
-19143
-1679
-10856
-177
-2047
-7593
-8139
2898
2155
299
-3964
2226
-314
-4074
-819
5852
5849
1464
1154
1596
-338
5381
-644
-2676
166
1475
2194
4492
507
2246
-7742
-2312
2289
-7852
1534
1098
-3535
4405
3192
-3626
-2259
-221
9481
987
-1260
-2029
-4913
-8122
2093
3454
3306
-409
-297
1971
-231
1037
1022
-2199
-3020
628
-429
3637
-2533
-1978
-4325
862
3293
-1871
-1149
4932
1241
-1750
-5880
1762
1071
-11481
3449
3119
-4636
12315
2540
-531
-1815
-2673
9855
-547
3559
3410
-7307
14644
-698
17345
-14
16095
-5933
21612
-5293
-781
10687
395
-3600
9377
-8835
5275
2590
140
9258
5720
11823
6577
7497
3909
-2427
6093
14485
308
-322
1135
1103
6221
16089
4559
-9980
-2433
-9714
10045
1041
-3805
-1987
-1835
9313
-2483
-1667
3347
-3300
7424
-10171
-1776
196
2134
13888
6549
441
27899
6014
12358
-4219
-4623
7305
9530
-1940
18009
-830
11993
-786
20589
17537
10730
-12776
5288
-11182
-7196
6596
-1085
-1320
12660
-2893
-1136
6309
-1465
8875
-79
-1776
6571
8995
-1020
-7693
1441
5385
168
-640
-12842
2028
-4396
19143
-3033
740
3904
-2867
7523
-9521
-5934
-12216
6233
4692
9610
4735
-2019
6929
-2572
-154
-160
2847
9506
-3793
-4414
-1498
3805
-3938
3122
-2418
-2572
-6265
10559
-9454
-2774
3971
-7574
1259
1488
11763
2416
762
-12200
-7152
-12136
-1921
2120
6415
-1312
-3892
-4619
359
116
4761
-3850
-2508
-3110
-2382
-6599
2085
-2261
-4839
-4416
-1252
-10629
-6441
-4914
-1042
-2483
2398
3326
-1937
-8613
-11131
-2780
-6683
-6250
-5911
2499
-2164
-9880
-4444
-453
-3072
-3518
-6665
2868
-5916
-6513
2191
-1222
1535
-9724
5883
-9979
-5896
-2125
-11599
-1700
437
2174
-2957
-2807
1273
241
1114
-4913
396
-3553
-1118
-1778
-1505
3627
-135
-5841
8966
9400
-1963
-1263
-3386
-1645
-969
-10942
-501
4219
-544
1941
-5094
5654
-13559
-5100
-3830
5970
-6747
6671
-3785
-2660
4546
2827
-12813
-15888
2255
-5033
-1359
-8688
-9499
-7491
-4731
2122
-3571
-1472
-3177
-1062
-1400
5482
1391
2298
-3392
317
5507
4548
-5537
7549
-4313
6673
-3061
9092
792
4526
-6333
2854
4984
-19
5888
1695
3201
7666
-3130
-232
7452
-409
3182
-4220
3892
-3803
-2694
3908
5178
-1933
-8932
-3589
-1219
6929
-7539
373
1210
3525
-1209
11793
-137
-2697
4901
-6157
-3162
-369
7581
-1743
-5845
57
3212
-9675
-12172
4312
9662
-16016
9103
-3340
242
30703
5710
11237
-7723
-7787
22971
-5243
2161
12892
-8846
39215
-725
35332
8205
24292
-11702
41754
-11231
-5441
17132
8283
-5677
20215
-6890
10584
-4108
525
9871
-3875
13429
3970
18547
13630
-162
-6676
22889
-1003
2664
-5198
5788
11079
25747
7539
-11782
308
-21609
10926
-5195
-9721
5062
-2940
23287
-2485
-4541
8683
-877
-2996
2127
-4192
3550
14784
3451
-9478
1813
-948
-7078
6022
-207
-8466
-6781
3347
-13343
1092
7744
-7656
97
-6072
12230
-9555
506
-20116
-6895
-6629
-6228
-1138
7980
-3663
2560
-2031
-7516
5711
1753
-9756
-15388
-4952
215
-4501
-2569
-5724
-3641
4688
-4331
-15060
-2250
-7205
-11588
-4627
5355
253
6778
-3573
-4828
3920
-3669
-2145
-5356
4482
4570
-5885
110
-4766
2792
-3845
-3604
13033
1144
-10196
6086
6113
-11390
-2301
5351
-6067
-10070
-3845
-8955
2905
9887
-4012
5714
-11557
3715
-9352
1574
-13168
2575
4524
1187
-581
8536
2096
3080
-219
-580
5229
-9391
-920
-9454
-619
-1237
-5066
-2049
587
-3979
14808
-3912
-9151
-11870
-9399
-10845
7594
4624
3480
7863
3128
-380
14923
-8719
-12137
-4099
-3384
13220
-4737
5044
-15364
-8165
124
-1093
7712
-369
-22
5260
6376
-10461
8268
-5027
-3280
-1815
686
-7163
14515
4453
-3441
994
-2384
1695
1563
-3503
-10862
2477
3777
6765
793
17096
-1411
1147
-301
8651
-1009
-1433
4745
6288
6839
-1815
8183
2051
-5083
-9508
-3862
4951
-5640
-3623
-7229
-7844
5267
1078
7515
8479
-9654
-5141
-5577
2761
-968
-1378
1202
-3553
2631
15435
-11290
2504
4548
4447
-7409
-8311
-39
2660
-1431
-6117
-3427
-2639
1227
8367
-8131
-1439
5389
-4685
837
-6526
734
-7768
-6760
-1099
4058
2585
9103
-1133
3643
-1689
8122
-5753
6079
-3261
3266
682
-4806
-4357
-4101
-10909
10403
1493
-3322
6388
-5778
878
10311
2089
143
-5517
6431
-1683
3881
2094
-5080
8403
-8464
14828
2427
2187
-2874
-9191
-7052
-5087
-9219
4770
6373
11699
-20660
-11391
24465
-3656
1930
-399
-11894
-11712
3455
17790
-10140
1955
15007
-11115
-4596
-12586
24801
-6144
4234
10969
9845
-15280
4323
2219
15993
-12134
6460
-12016
12773
11080
-8469
-4569
7965
1123
9008
-1520
10926
10178
2701
24603
-10157
19039
9029
3769
6107
15644
4702
3661
3745
-17446
59
-6812
-12213
7854
9117
-7071
-7444
-8414
-8932
-19406
-62
-3782
-1471
6901
3119
-815
-8533
1794
6225
3274
10599
-3258
-3682
1373
8595
-7051
-1361
4231
9704
8318
6533
10632
5104
-5699
1326
-11080
-13739
4819
-2460
3991
-2519
1440
1156
-3137
-4390
10545
-3276
4333
-5556
3645
-8329
-4754
323
897
-3219
-16
-11751
834
-1763
3212
-4815
-4938
-4547
-1523
-6355
-7419
396
-5746
-3621
1891
2151
2263
2260
6709
2125
-993
-3906
-2909
-278
-2641
-3882
3649
-2655
6337
4895
1844
6969
2879
6766
-801
-950
3534
-649
7632
-1980
-3563
-4441
-2345
-4819
-4548
-10819
5019
-520
5388
-4832
1611
1899
-10745
-5170
13735
1620
-3795
-6084
-2191
-10776
-4430
8611
2101
2169
-4667
-1663
-3390
884
-5178
-7234
-3485
-5257
5697
2179
-4967
5419
-9013
-3303
1052
-271
5171
6030
1680
5437
-9503
-441
-3173
-3162
1230
7595
5654
-6508
8948
13574
-4711
11882
6460
11794
7759
1334
-4204
1810
-1454
-356
-5257
451
-5184
3824
-5330
-13373
8864
875
14600
-8958
-1625
4852
-13138
-5646
26089
13993
4973
-2091
-2180
-37
-2971
9396
2895
-1440
2218
-9123
7255
9332
-3758
-7107
-3949
-5860
-173
3186
-12487
-5183
-7113
4097
7406
5059
680
15482
3947
-2582
-4452
13799
3546
-15570
-8963
-481
3315
-9413
7618
440
-3533
17014
10431
2376
15004
-12391
-10006
14322
-2365
2801
-7707
17179
-3466
29035
2361
-11223
11398
13618
3394
-3871
-7797
6946
-9145
-2682
26067
12225
20506
-6932
-5579
12028
7608
5610
8568
-9099
14427
-3338
11712
17136
5552
2285
-3648
-3169
-21477
276
-12002
-12211
7342
-4080
14135
-1534
-12102
14856
-5529
-7172
-10925
-3328
8688
-5205
12506
15897
-11354
25775
3030
1731
-8758
-10358
17252
3793
711
25755
-3840
18435
-230
38063
19684
23787
-3932
19570
-18287
-2012
9353
3254
-5568
14004
-5031
5753
20029
3053
7554
5253
14646
20058
26396
7425
-6192
-7740
11201
532
-58
-5559
3018
2224
37769
6475
-7886
2774
-5989
10049
-9690
-3683
-8327
5564
6819
10389
3977
-2819
4821
