1103
5793
-3115
3044
-2411
5132
-3881
261
1691
-6747
3333
5709
5968
10206
2427
421
-6960
12540
-14871
1342
-5086
-902
4951
-1894
3928
-1525
2780
682
-905
3718
1795
1277
-2679
-629
-2502
6688
5466
-2469
-554
6856
6349
-6715
-7765
3637
725
-2387
-4841
967
9622
8606
-8044
876
-991
8401
-3724
-7500
-1051
-5760
4122
2747
-3193
5759
-1945
-1865
-2766
6578
-10523
-6838
12939
-5248
-1820
-12250
-5565
-5162
-814
-3335
440
-4225
-1790
2463
1003
-3054
914
6227
4260
-8301
1635
1689
3263
-576
-6949
6198
14835
225
5049
-5716
-3221
7715
-3115
3766
-4451
5731
-1125
2014
5705
-4222
2252
9690
320
4259
3569
-668
-4767
-7631
-6431
3600
-1455
1293
2099
2679
-5604
-153
3479
3518
2435
1634
-4953
1355
-3854
3589
-1770
5696
9156
1688
-3423
1472
-11022
222
-4068
-1874
-2670
-1559
-1666
2087
-1763
3807
38
1943
-1272
-758
889
-3155
-1810
-8156
3600
2043
2621
2156
-2135
-1416
-7706
1512
-8686
1198
-3732
-2095
3315
-2945
4418
3175
4144
718
2391
548
252
-4860
1434
1806
-3134
2945
-2157
-3876
-2533
3251
-3698
-4145
-3381
4792
4077
-772
-3146
384
8055
3433
-9922
-3735
-3996
9786
-4129
-10390
-2975
-7212
4936
1379
-7438
6483
-3320
-6028
-4712
6647
-10959
-11587
7853
-1221
-3610
-6534
-9974
-9917
-20
-793
-2866
-4186
-2846
-5850
-2410
413
1173
3758
1718
-8602
2555
1153
-1860
-3607
-8904
-4049
7716
-4659
2964
-4178
-1449
7851
1293
4266
2386
-4212
6769
568
4789
-6694
3201
4966
6040
-744
4613
-2725
-6560
-2235
-3180
3972
-717
252
-1959
4005
-3484
5456
-401
6273
3445
6386
3628
1290
5025
8211
4211
6883
1251
-1002
-1975
3599
-4013
-5289
291
-2977
287
-2612
-6913
67
900
-1915
1950
-6604
-48
-2012
7233
-3996
-5435
-6796
-1118
-2136
2768
-6709
1445
-1775
3393
-9191
4776
-4918
13536
-8707
-2320
-8182
-2002
-2823
-845
-5144
4343
-6678
-1189
747
5115
-7778
-4668
-1675
-4348
-3413
-7189
41
-6668
4317
-3263
6631
12612
6873
12253
845
-2810
1975
-2853
1027
-4965
5864
-5199
3572
-2782
-7151
4134
981
1107
8019
244
1299
-6360
3286
-11662
-115
-5648
4107
8417
-3475
-1144
-1559
8244
-4865
1387
-2308
-1870
-2515
-6664
2079
-4222
6602
4288
722
-5293
-435
-3943
-1980
-7383
88
-49
-3123
-3038
4785
667
3849
-6623
-351
2490
693
-2464
-12207
501
-11272
4383
3583
-2480
5719
-5513
-6045
-5268
1148
-10401
-7340
5166
-2854
2820
-11146
-8304
-236
-61
367
-954
-2130
-2260
-7463
-915
-643
-2822
3284
489
-6588
2855
3927
-7734
-71
-3628
6053
9412
-2562
1056
-9048
-2224
4037
-2
-1815
-4482
-6586
7539
-1056
8770
-10022
-295
9515
-1561
5943
-2150
-7563
-2904
4656
-8804
2867
-11161
-664
3766
2356
-5982
3838
1446
11555
1024
6203
3284
-8631
-4526
4221
-2340
7344
1242
898
-8550
13198
-2063
-10981
34
-2224
-9253
-4065
-15049
120
2036
-481
-3112
-486
310
4196
1216
-8659
-2595
-9805
3552
-3166
803
-1550
-2381
-947
-6313
5319
-9433
-975
-4888
1629
9362
-1037
2869
-462
4980
-621
2492
-5036
-3819
-5695
450
6949
-363
7255
-3264
-2720
-7081
-138
460
-711
1191
-4668
3067
-8832
-7043
-1788
-1717
3420
-2732
-643
-1637
124
3303
-7999
-2689
-7767
2902
1044
2863
-276
-3053
1308
-4038
-8040
-7431
1059
3836
-3804
5966
-5957
-3228
-206
8324
-2079
2283
-767
-6279
-4360
-499
-1969
-3858
6119
783
-2768
-7316
3152
-11410
884
-419
5251
5015
55
2704
-1603
-3865
4336
-3965
-4566
-2458
2062
-106
365
1317
-10996
922
3097
2551
6913
3583
-3314
-4776
10480
-12097
-2265
-7021
1484
3052
-812
-2902
-1633
-351
4062
71
-1991
414
-6294
-4880
4628
-979
4105
3095
-1798
-3981
3181
5017
-6140
-5446
-6464
-4602
-3686
-7235
-6288
-5873
-911
4080
-1091
-848
-10659
13784
-6116
-3845
-8833
5031
391
9897
-6984
-5368
-4028
-4216
-12569
-5769
128
279
-5384
8945
-10284
2953
10024
9689
-2961
2388
-875
1676
-12682
1279
5291
-3515
6283
-9087
-3883
-9043
3429
-17379
-6740
3938
9475
3915
3345
-4964
-51
1358
-2831
-4128
-9421
-361
-1011
2725
-11279
-7301
-7701
3001
-6037
-4452
-3335
-6282
-2735
-813
2517
-8073
-6057
291
-3385
2596
-6690
-4129
-4639
4363
-1815
-1408
-6040
-3341
-9969
-244
-356
-1260
4732
-5668
-4213
-5423
1100
-4121
-1695
1862
-2485
445
-3098
40
-5384
-979
2968
-1825
-802
-1646
5879
-6240
-1619
8192
-11656
-332
5309
-9613
7761
2969
-940
-11327
10421
-9074
5574
-8247
2315
-1105
11427
-9205
-1401
309
12792
797
-309
-5976
125
-1992
5324
-3038
6835
5167
-1812
-1489
4239
4685
-2144
-6480
-13539
-6352
-10252
-8099
-2821
2213
2825
-2690
-506
8
1402
-1720
3882
-1759
-8910
-215
651
4193
7911
4089
3161
-1925
10616
-9536
1014
-966
-3609
4713
-6190
9077
1187
5913
-1951
2948
-2924
657
3853
1536
-5389
-5170
8963
2274
-5955
-5299
4790
13534
-4442
-6572
6562
9681
2347
-3041
-3627
4405
3042
1971
-791
5903
-1617
2643
3216
4947
-5711
-85
-483
2167
223
3907
5845
22
9554
-2483
6199
2428
44
1667
1437
-5818
2900
3167
2899
950
1564
-1574
5734
4986
-2372
575
5823
2327
-84
-5005
3585
10258
3353
219
5005
11615
4126
2502
1030
10410
2342
1378
-2855
777
1911
2221
-3320
-762
-3041
305
-1563
3352
4896
5745
1232
1422
17122
-1709
2771
11597
-9395
-4421
-9871
-4599
-2999
-2964
-5690
1219
-2740
932
14198
3949
-9574
-2645
3032
2621
-497
-2264
5083
18427
1260
-9419
8797
14954
3226
10658
-1167
-3515
3181
200
-3277
-1629
2177
4923
2966
9228
-3982
-619
8349
-8592
445
4542
38
-5639
-1156
2582
7845
-5991
-3035
-6788
13326
-13937
3815
3812
12391
-127
-993
-7370
2833
-2703
-14
-2499
2830
5736
2961
-1274
9986
-14296
-741
-4740
-8007
-11064
-886
-4809
1200
182
2223
-5138
-2595
-5166
8454
-1175
-1389
931
-5085
477
4725
344
8514
4533
0
-5106
6968
-9012
106
-3259
-3585
1341
2688
1507
-3177
3030
5488
-1138
215
-3168
726
-4414
-664
-3847
6292
4985
-3689
-2302
5397
3516
-7466
-8399
-5335
-4473
-3809
-6202
-3528
-6626
2913
-122
1044
-5437
82
86
-4490
1829
-10315
566
1899
-864
1879
-2662
-2812
-5305
-4539
-6410
3194
-6261
-3163
10465
2717
3022
1679
5006
2112
3961
-3274
-3916
-4534
-3024
5295
-4750
6257
454
-3445
-8832
-1056
-6670
-5039
-3897
67
-2003
-5839
-9084
852
566
-108
-6786
1258
1328
4415
-4643
-8864
-1441
-11886
1745
1369
-3465
5777
-951
-3964
-7358
-2148
-8271
-2585
-1019
-706
5049
-3472
-156
-1260
3049
588
-711
-5061
-7197
-3590
1857
-1680
-6417
4095
689
-6468
-1762
213
-3037
2056
-3778
1679
8802
-3006
1221
-3414
6635
4526
-2015
935
-491
-1254
-661
-6520
-1093
-8098
4252
-186
2215
4748
-850
-1096
-3705
7795
-11883
-290
5743
-3513
82
-10223
-8220
-3065
1909
-3542
-388
1563
430
647
1368
-424
179
6634
1733
-2986
-2615
2493
5965
-1846
-3819
6696
9439
-1053
5395
-453
205
8856
-1990
1963
-3439
5719
1662
3745
7360
-2899
-313
10333
-1196
5679
10870
-1999
-2408
-2369
117
4998
1225
-3711
-6521
7347
-6579
-794
-1093
6690
2883
2477
-2015
9796
449
-1295
-1317
5256
9132
1493
-1023
5676
-3200
-2807
-9879
-3802
-3102
-906
-971
366
-10308
-729
494
-6053
-798
-886
3179
1830
3021
-10581
-2690
4868
-7564
836
2543
-2788
-7190
-5779
804
2705
-13115
2085
-972
15219
-7798
26
2653
13529
1362
555
-6680
-5742
-2006
819
-3693
969
1847
2879
-5558
6937
-15730
-1659
-1352
-13041
-12913
-3688
-7496
1996
-2158
-7544
-462
-12951
-2826
-2899
7570
-4292
-16465
-11587
427
-13615
-1256
-4304
-5592
-785
852
858
-1215
-7239
3699
-6075
6425
-13976
2777
-2934
7012
-10572
3338
-13431
-2302
-6806
-1643
-5550
-5404
2295
-9284
-3363
-12562
-2060
-4406
1347
-4184
4518
11801
3727
4783
-1240
915
-7011
-3306
-5805
-1216
1843
3099
-5802
-8865
-3987
3242
-9871
-1582
-2434
-7131
4626
-3173
2787
-5603
-1177
-3266
662
8162
-5401
-4538
-2073
11268
-8224
-3069
-7419
-8334
-6164
-4337
-2221
-1980
3075
-3447
833
-7526
657
-9221
698
2073
350
1102
-1069
1673
5753
7968
4631
-1430
3924
-1372
5737
3762
-1679
-351
-1109
4285
6413
8285
705
7150
-942
-3325
-3803
-4694
1262
15834
-7080
-7967
-8345
-4063
-2621
1453
-3751
-783
2496
-657
11824
3424
-633
-34
7041
6334
-3085
3428
2757
-2738
893
-9507
7435
10200
3141
9393
1647
-3656
3045
-3440
-1604
-5708
7849
-6200
5691
4507
-7722
-928
7345
-4578
12056
5008
-400
-3498
8692
-9691
-91
-11485
2309
2140
9069
594
-3527
947
9646
525
1325
-1547
-890
-4979
426
-4461
6037
6187
310
-3525
5602
3899
-7732
-6990
-9046
-11638
-5783
-11896
-676
-2179
-9457
1813
-4160
2302
-3775
4540
-2539
-7233
-12484
-1909
-8539
3805
-6647
-2310
-2216
1210
-7357
591
-2869
3406
-3325
8971
-5701
8758
47
1397
-4592
2846
-8056
-1023
-1123
4647
-2259
-6376
1947
-8747
-3235
-7679
-5118
-2113
6510
-994
8570
15277
4100
6915
2738
643
-1485
4794
7800
3146
-3320
-1201
3542
5131
-5081
4578
1178
4649
-1584
-1842
5310
-5223
-2417
-10445
10504
-5018
4934
12986
-230
1089
8982
11179
711
1612
4359
-776
15
3309
6029
-2853
12399
-708
1785
-6157
-957
42
1458
7116
8085
5292
-534
-5073
8237
3280
5229
-4379
7490
817
8759
-14066
-4667
6662
-2622
7243
5469
-6249
5843
-5627
1833
-1971
-1622
-15839
859
3443
8065
4393
-4535
-4371
-2840
603
-1327
925
3559
-2451
11
-828
3263
-4565
9031
5499
458
3370
-1558
-3666
9111
3808
4936
2000
-5935
2006
1485
6118
2980
-9654
2372
-3691
9704
-6542
-11648
9599
-3708
2587
8148
-5342
11075
-815
-7762
-3797
3683
-10950
-4054
6534
-2253
-2069
75
-10296
-5801
-2834
6959
-7061
2409
-3419
-203
-4479
2920
-1882
6801
6721
-8214
7088
2082
2474
-4549
-8219
-3010
972
-7241
-3150
-5886
-6900
3580
349
-4688
-789
-3262
9178
2983
1811
-10285
-4483
6186
2079
5612
7750
-3746
-4830
-316
2861
1288
-6080
-4943
-2693
9165
-730
1982
1165
12336
3501
5213
733
358
408
-2469
-2605
3635
2324
-2360
-6168
11282
-3689
-10235
-8765
-6206
-2927
119
-9468
-2186
652
-25
2122
-8995
1633
-2865
2063
3105
-2265
-11071
-498
-3720
-821
1460
6894
1460
-4042
13092
-2658
2071
1923
-7939
-3357
-2613
-899
2259
-636
441
2108
-7188
1857
4095
5945
-4399
-5189
3993
-2849
-4843
-5109
1460
11918
-3140
-9473
213
9643
3759
3016
-4329
4950
5467
9222
7105
9251
-9137
10670
-1552
6651
-2425
3763
-519
11434
-7240
829
1402
-2249
5803
155
7004
4039
-2252
4108
-4124
2414
16290
-1585
835
4161
186
6183
3086
12652
8675
4106
4765
-8822
-1205
-1764
1806
8059
-4192
6875
10126
12050
2734
-5078
597
8225
-2494
4096
-5681
7572
-1818
207
548
2273
-922
507
-5323
713
-4864
4079
5315
5209
10809
360
1322
16110
-4867
-7261
-7390
-6621
-723
-3351
-4648
-1646
-1521
3374
7217
9604
-6974
-1627
4749
-2265
-2816
-210
33
15871
4840
1478
5603
12905
6100
8834
-2496
-1411
7145
-584
267
-1059
2773
1631
6870
14619
-2250
-2057
13697
-5812
7385
11898
-1201
-3806
-146
1633
10719
-3192
-2264
-8561
12297
-11596
3641
293
12950
2334
3403
-3777
11002
-1190
-3383
-4545
6180
10955
3611
-1015
10457
-1716
284
-6709
-7257
-7360
-708
-2710
-710
