10
-11
28
13
1
2
-1
14
11
8
15
8
1
-11
0
4
-21
15
-11
-7
-14
-9
-2
20
7
-8
15
21
-23
2
17
3
4
-3
-26
-8
-23
-2
6
1
-26
-8
-3
24
-35
3
-28
-3
28
17
0
-2
-2
18
22
-34
-22
-11
0
28
9
3
-26
20
-22
9
-10
3
19
-10
6
24
-16
7
-11
11
-6
2
-12
-22
3
-7
1
12
-14
-8
13
4
13
7
-8
-30
1
-15
-5
2
10
-5
14
-8
12
-2
39
-11
13
-3
-9
2
9
28
-6
23
-4
-30
10
1
18
-14
11
-21
5
4
9
-9
17
-21
-8
-14
-4
4
4
-11
-2
18
10
12
-16
-16
5
6
4
-1
-10
-8
-4
-11
27
14
6
0
11
7
-6
15
-2
16
-2
-13
-15
6
4
14
1
-8
5
8
2
14
20
-21
7
15
-1
15
1
16
0
-2
-12
-15
2
9
-8
17
0
-4
1
15
15
5
5
-9
17
28
8
-20
5
3
-10
-13
-15
-12
5
23
7
-5
9
9
9
-1
-19
-3
19
-3
5
-4
-4
6
10
29
6
7
4
4
2
-9
12
1
-9
-3
-7
12
2
6
-5
-11
-7
-19
-6
8
2
-3
10
0
6
-3
18
1
17
-3
3
-9
-7
29
4
6
-1
-1
-2
9
-10
-4
26
-17
9
10
14
-15
24
11
-24
-11
1
2
1
-1
11
13
-8
-6
-2
-5
-10
2
-6
5
-10
-6
-20
12
18
19
-42
-8
4
-20
-9
-19
12
21
3
-3
-26
-10
-9
-12
0
14
8
-22
-1
18
0
2
1
-2
6
1
15
10
-8
3
-17
-4
8
12
7
5
-25
-22
34
-8
27
21
-31
-13
-18
23
17
0
8
24
-3
-6
1
-17
-22
20
4
11
7
19
19
-25
-9
-2
6
-15
9
-6
0
-15
4
5
8
12
-9
9
-2
0
-4
-8
10
-11
7
9
-9
13
-8
-9
-6
-4
16
14
43
2
19
5
0
8
9
-7
8
0
-7
-10
3
0
25
-2
14
-11
-27
23
4
-16
-22
-7
3
2
-20
-5
-24
15
2
-7
-20
-16
-9
6
-6
6
-10
-6
21
-4
-4
2
17
4
-27
-2
4
-9
-23
0
6
16
-8
-13
-31
-21
-18
5
-21
-17
17
-7
10
23
-4
-26
-1
-33
13
-11
12
15
38
-16
16
15
35
-17
10
-6
1
-2
23
33
18
4
46
-26
-19
8
32
-35
-13
-29
-7
-5
-25
-1
-15
-15
-9
-6
-21
-12
19
-15
-20
11
11
-27
11
-12
9
16
-7
15
-37
-34
-14
-4
28
8
-21
-7
7
4
-29
21
-17
15
-18
-19
-17
7
4
13
24
-4
0
6
1
12
11
-12
15
17
3
21
12
11
3
-6
-6
-8
1
-4
4
0
11
17
-13
11
6
-7
-10
5
12
12
-3
-8
14
17
10
0
-5
-13
7
23
6
5
7
4
20
-5
-18
-6
12
2
4
-17
-2
-2
2
36
24
-18
-6
32
-22
-22
21
-12
15
6
-31
7
-21
-18
35
-38
-4
-13
-33
3
10
9
37
6
8
-7
1
-31
9
0
15
5
-9
39
32
-22
-12
8
-4
10
-10
7
37
-18
9
15
-2
7
6
-18
-27
-7
18
13
15
-11
12
6
4
-7
-32
-7
-8
5
-17
36
-2
-27
-14
3
11
3
-41
-6
6
-8
-8
-12
-17
24
13
-20
-7
-12
-11
-8
24
17
11
-34
21
11
10
1
-3
-23
12
-4
2
24
-9
-14
-8
-5
-1
-2
16
-15
7
-11
13
-4
10
19
-35
-11
-16
-16
-11
19
-10
33
17
14
-14
-14
-9
24
1
14
8
15
53
-3
-7
1
4
4
-16
2
6
-17
12
-3
3
1
-5
-3
0
31
23
1
-4
-3
-5
31
-5
16
-14
13
-9
8
20
-4
-14
-18
-12
3
-27
25
-29
-1
10
5
-15
-24
-34
-8
16
0
13
29
-24
29
-11
5
6
10
19
5
-6
-24
0
28
0
-17
-24
-35
13
27
-5
-1
-14
-12
-9
3
-18
-18
11
-2
-11
35
9
-11
-5
1
12
-3
-9
-14
0
8
-5
-23
-10
-12
0
2
3
10
-13
-13
-13
-18
1
-13
24
14
13
-11
8
18
16
-7
13
-6
-15
1
5
24
7
3
14
-3
-40
-6
1
-25
8
-11
-22
3
22
-12
-9
-2
1
-16
-18
-13
5
1
-5
1
-8
-25
8
-16
2
9
19
-4
-36
-3
-8
-9
18
8
-2
-24
7
-6
-3
26
12
-3
-8
-16
-25
12
-10
-4
-1
1
7
-11
20
7
14
-2
3
9
21
26
3
10
3
9
-6
-8
-23
-2
9
12
-7
2
-15
-10
16
7
8
-8
7
8
31
-13
13
22
0
-20
-14
-10
-1
40
25
4
-1
-5
5
1
-12
26
2
-14
-19
12
3
-20
13
32
11
-32
-12
3
-1
-1
35
8
10
-17
-33
8
-50
-13
23
-5
52
7
-11
32
21
12
9
-32
31
2
-10
6
-19
-26
1
13
-21
5
-6
18
-16
5
-13
-11
-10
36
15
9
24
25
-3
11
0
-17
-1
-11
-8
15
11
-11
25
-2
38
25
13
-17
-1
10
-22
-8
-25
-9
-23
4
15
4
-42
12
-14
-3
-15
-30
-19
14
4
-31
19
8
-23
-11
29
10
21
-17
23
-1
-24
1
-21
-26
7
6
-2
11
-14
-19
-1
10
-1
-11
9
-2
-36
9
19
-10
13
51
-34
17
7
-23
-22
3
5
19
11
12
27
-27
-33
7
21
31
15
31
9
-21
21
6
13
18
0
2
19
-14
-3
-8
6
-3
-6
-13
7
-4
-4
-20
2
-7
2
-5
-19
-5
-15
-7
-13
-25
4
-10
10
21
-1
-19
-4
21
-1
-12
9
-12
-15
11
-8
21
20
-10
-13
5
-30
-26
-6
-6
-2
1
-21
9
12
-8
-4
-5
-3
-8
-2
-8
-13
-5
-17
-3
-21
-15
-1
-39
20
-4
11
-15
-28
5
2
-41
9
9
-1
-12
-10
8
17
11
0
5
1
-12
-7
11
-15
-11
5
-4
-1
0
20
18
22
-5
-16
-11
16
-12
0
8
3
-14
-11
-4
-23
-8
3
-11
0
-3
-5
-22
-17
14
-3
2
2
-3
7
7
-1
9
7
4
-25
2
4
12
-1
18
-3
6
25
4
6
6
4
-21
-5
12
17
-3
2
50
-1
-5
-38
27
-3
-11
20
16
5
-30
-39
-7
-9
-19
21
-9
32
-22
-14
32
-4
18
7
-3
16
-7
-6
-25
-1
-2
34
5
-2
16
13
-4
-9
10
-25
-4
-13
21
21
-2
33
-18
12
16
14
4
14
-3
12
20
12
6
-4
19
6
2
2
-1
24
11
-8
7
2
-21
