-4463
1314
-150
-251
124
648
1338
0
2258
0
1616
1088
2993
-1163
-2754
42
-272
-8906
-1651
1015
-3801
0
566
564
-836
1895
-1007
-854
414
104
272
942
-1868
1143
1444
-251
-675
0
534
-1171
762
-1270
0
1385
9219
-530
-284
0
174
-1882
-152
-2753
308
1831
2070
0
338
0
2675
-2659
-2028
-4898
-2415
-254
-728
-8546
-1573
-855
2797
0
931
-600
-781
-1812
-824
-2681
371
-1807
-1402
1192
-2525
603
665
-3575
972
0
589
-4546
366
-380
0
-2060
2350
-774
4208
0
-567
210
0
-1823
0
715
1104
-27
2060
0
1699
-2022
1174
-1023
-1887
0
0
-4872
0
297
0
0
-2179
-1543
1902
-2715
-2702
-4233
38
-1476
-476
-104
-860
146
72
-2499
-162
363
0
-6848
0
0
0
1188
2841
0
0
0
-3465
-557
0
-1363
0
242
-274
-117
-153
0
3854
-1355
1379
-1471
-782
-364
0
-6014
0
569
-1929
0
-2921
-9
-1155
1088
-4032
-1958
181
-69
292
240
-37
925
855
-2221
2052
-120
570
-1882
0
-127
0
-89
5312
-26
-90
0
45
-806
0
-531
0
2162
803
0
0
0
2585
-606
-1472
-2297
0
-328
0
-5812
0
-472
2089
0
2780
0
-1311
-1203
-2816
-1488
242
0
-168
0
-322
469
285
-3714
0
0
260
-2086
0
-38
0
-1531
662
-60
1872
0
-4957
1018
57
384
-240
-736
-2881
0
628
0
-120
-3292
-546
3139
-2556
-14
-992
1884
117
1825
-3078
0
-274
-1524
-143
491
1680
-2415
-366
380
933
-1942
-1046
423
-230
-505
-1443
0
-615
2661
-54
-950
0
17
3778
-1844
-212
0
-768
-702
-288
-629
-252
251
-2470
0
-695
0
1702
-3978
-2695
806
-1421
-166
200
-964
91
380
5935
0
-4527
-11
946
-1867
-42
-2497
685
-773
-206
-942
1727
309
-901
-4743
90
0
49
-1681
-108
-510
0
-3341
-567
295
3656
0
-1076
282
-450
-200
-184
889
1946
-63
-74
0
1288
915
1109
-1368
-1429
84
0
-6982
0
664
-1210
164
305
-50
-243
957
-3744
-1191
-2
0
-520
0
-726
709
69
-2288
327
198
570
-3491
-162
0
-568
-1465
4644
-420
-32
0
-43
594
-170
-295
-240
252
1676
-273
-2515
0
2997
2908
-1456
-3483
-92
-508
0
-5926
0
-1232
1630
444
4161
-472
-459
-4202
-3399
492
127
1065
868
0
-1110
164
77
-4204
684
333
260
-3796
0
0
-624
53
466
-392
878
0
308
-167
0
-374
-252
-875
-1925
108
-1429
0
1890
-2839
-375
-137
-1326
0
0
-7831
0
-27
424
0
2750
-1328
0
-314
-243
-3203
-120
156
876
-316
-328
56
45
-3174
-2566
-73
1263
-2924
-282
0
-79
231
-1216
0
-359
0
-4459
363
-105
962
-135
-891
-1723
-263
-957
0
-747
-5382
-1064
1328
-944
-1969
0
-11102
0
-1182
-1418
0
-2033
-1368
-1461
-3117
-2166
-5475
-21
246
-128
3850
-1095
621
-441
-5728
2669
-295
-655
-3441
-3524
-984
0
-1883
7145
-649
-198
0
-2691
-644
-205
90
465
567
-1170
-464
1778
0
1708
-2022
-942
1300
-4002
-1782
-68
-13503
0
277
920
0
1597
282
-780
-1249
-990
-1690
300
6
-172
9266
-312
252
-155
-6827
-28
0
-130
-4341
-5197
-571
0
-3917
6551
-955
1449
0
356
-367
629
235
0
-595
-3096
252
506
0
337
597
-674
1755
-1988
414
296
-5959
286
-1325
1550
16
-1808
305
1359
-4286
-3071
-1344
-123
0
1308
114
1820
-87
25
-1621
-629
-148
0
-1635
381
-640
-406
-1010
648
2406
-3690
0
-1763
-579
-930
1069
499
-29
-3618
-91
609
0
1698
-2479
-182
1213
-2272
-40
0
-8078
0
139
-120
72
-588
-28
-1149
896
-121
-3169
60
0
416
516
-332
804
54
-5132
824
-60
-720
-3206
183
-508
-198
-1515
3020
28
-113
0
-1675
-117
-90
119
235
-176
-4275
-35
-2746
0
1608
-4112
-4388
2449
254
-332
0
-2869
0
-1449
425
72
630
-754
-1152
-6318
-1681
-1785
623
561
524
762
63
376
121
-7255
576
-340
-130
2106
-470
-152
-195
-2309
3942
28
596
0
-2055
-103
0
-372
0
688
-2682
1016
865
0
-1147
-4272
-1896
-2294
-3036
711
0
-10915
0
1819
-495
0
2225
-3698
3965
-3671
-764
-7949
-348
-975
715
96
-1968
110
-138
-4560
-171
-177
26
-1715
1131
0
0
1610
3845
-640
405
0
-2522
500
150
0
-690
333
-3030
690
-1705
0
857
-1606
-385
-4170
-4235
2028
0
-13710
0
-760
-701
0
1977
-384
-1865
-3323
2884
-3334
120
213
365
-594
-1379
-10
325
-2274
804
0
127
-1159
3386
-739
0
518
3679
-1188
-125
0
-3391
391
-179
0
-900
-60
-2986
-366
1120
0
1210
-741
-3248
-2640
-5089
-498
-248
-16443
0
1811
-822
0
-3173
-762
-859
-1880
2741
-1991
161
24
552
-956
870
168
-256
-4504
-93
0
0
-1386
4350
-594
0
938
3376
-616
890
0
612
-482
-213
0
-945
0
-2531
-234
-126
0
1111
-625
-1393
-1584
-3871
-2407
50
-11498
0
1914
4605
0
-2103
-6
0
-1695
-614
-1401
0
-69
438
10
2410
0
-250
-3111
96
0
0
-1273
4476
-194
0
-2389
-1885
314
1618
0
-16
-737
0
387
0
-63
-1290
-241
4747
0
174
42
84
-2
-4635
21
0
0
-307
2632
-164
0
0
-3505
0
1963
-31
-3772
-4
12
0
2351
-287
0
77
-37
0
960
66
-1086
0
0
0
0
0
0
0
0
-12
967
1270
-635
0
1778
-4168
-56
411
0
-311
-563
-2198
13
-2346
21
0
-2719
-605
-584
-422
0
-686
207
2109
-4804
-1526
-2325
-324
0
520
-78
-360
-346
-65
-1112
-339
-54
0
447
-27
-254
-126
-521
3652
-1035
-117
0
-1706
-457
230
-962
-46
508
-1981
-74
501
0
625
-3217
-5025
-4696
295
-1310
0
-2657
-475
723
-344
0
-3745
-3088
-1216
-4861
-1280
-8295
250
0
120
180
-1173
172
-233
-5811
1200
-408
0
-4262
87
-456
-1049
-2806
5787
684
955
254
-3219
676
430
-1043
-60
508
-1383
0
-54
0
1274
-957
-4185
-1550
0
-1066
0
-5162
0
122
-1257
0
-214
-9
-476
-3394
-2504
-1839
772
213
780
-138
749
240
351
-5975
0
-18
0
-71
255
-304
-192
-2896
4022
1358
1424
116
659
121
0
-514
-63
-325
-557
0
-2530
0
1212
-1450
901
-1286
-308
-156
0
-2782
0
-578
2005
0
2472
-1140
-142
-1314
-875
-1245
0
24
292
-490
1634
-72
-27
-4342
-856
-132
-72
435
635
-16
-147
-15
-1169
0
1258
60
-12
32
0
-360
0
889
-1494
-128
-452
0
307
-4236
756
-830
-4869
-7
0
0
229
1975
508
0
0
-860
0
-1444
1981
-3443
136
48
0
-1222
245
0
25
65
-1052
195
39
3150
0
0
0
0
0
0
0
0
-148
207
-105
-110
-36
270
-2761
-354
1383
0
-281
-1944
-1039
2316
-1572
-7
-34
-2464
-473
498
-1140
0
-1690
-3688
2925
-1389
-229
-4885
-654
4
17
-348
-452
-72
0
-1734
-657
885
0
539
-107
-2095
0
1010
8824
-1181
-175
0
-1444
-175
-555
2723
197
-536
-2926
-550
-1370
0
242
-5276
-606
-1339
538
-421
-91
-3988
-384
-1808
860
-485
-4496
-729
-641
-3601
-2990
-9129
136
1197
-7
75
-1418
-113
0
-6960
2165
97
0
-5291
-54
-1222
-1252
-2774
5139
-480
3038
1138
-3871
-129
-591
4341
545
-704
-2111
-196
398
0
-70
-401
-2328
3503
0
-1503
116
-1268
-380
-86
-610
-1024
-2752
220
-1148
-994
-1262
-1610
323
1074
158
-27
-3082
731
-424
-6449
-720
253
-77
862
0
-3816
-1673
-3986
795
-446
-209
378
-81
-104
0
-720
0
889
-1350
0
0
0
1122
-840
2592
-295
-3774
0
0
0
0
1143
5080
0
0
0
0
332
190
0
0
48
146
-559
560
0
75
741
-99
0
312
60
0
-51
0
-150
28
26
3048
0
-315
-317
10
0
-202
1524
-2626
-298
1064
0
102
-1974
-67
-918
-6067
-455
-124
-8494
-923
82
-1144
0
3004
-128
3507
-1702
1232
-4270
-594
42
143
2509
-2149
0
0
-896
-94
-171
0
-770
-1471
-1573
0
1377
7758
-2243
-268
0
-2527
-1226
-734
-2237
-679
432
-1925
58
-3178
0
1004
-4191
1379
-5152
-3898
2023
25
-9260
-1098
-2864
1085
-270
646
-847
-1153
-5297
1234
-10557
889
-565
-62
3329
-2922
-310
288
-5994
1381
-15
0
-8225
-2604
-1049
-2029
21
7399
587
2794
420
-3654
723
-2686
-4342
137
14
-1041
-285
1111
0
1776
2086
-738
445
-3807
-1055
-315
-9121
-791
1606
-2148
-443
-1186
-254
-1384
2146
3181
-1373
13
656
-901
5763
-3220
1505
924
-5034
-891
758
606
-1189
-4137
-3777
-2045
-4142
5083
847
-3211
-428
-2111
-192
-983
-7798
2167
1795
1094
-273
-83
0
3502
2374
-3187
-65
-1101
-4136
-1183
-6378
-769
-67
-2049
1047
563
-179
-763
-5108
-1142
-906
635
166
-1970
3076
-4570
850
540
-5797
-1269
-123
1486
-1431
-3054
-1548
-1703
-2261
2838
-1056
1933
-152
872
-677
-170
-2446
1540
2663
657
0
2185
0
4314
-2286
-310
-4301
-1349
-942
1508
-5295
-380
-531
1156
1332
616
-381
0
-849
-189
-2484
0
-144
-984
2373
-3097
0
0
-3227
918
-48
2112
-209
-1296
-638
-175
278
319
-672
-22
0
-635
162
581
0
416
324
-4865
561
-586
0
56
-3432
295
1199
-5817
395
-110
-6026
291
332
-610
0
2146
-1975
2424
-1919
1519
-4359
-36
160
1447
-456
-2057
0
0
-684
-988
-30
0
1730
858
-1110
0
-454
2782
-1976
-243
0
-2916
787
2471
-4834
-304
-240
-4207
-57
-4244
0
-60
-4687
-3693
-5009
-2629
2281
-30
-7377
311
-1332
427
20
1190
249
1583
-9596
2614
-7653
-257
-257
2978
-702
-2639
-610
1248
-3889
1170
-503
0
-4242
2647
-853
-1158
-260
3522
643
945
-272
-5184
275
-1456
1052
-2460
-938
-4667
-325
-2549
0
557
-1548
-1578
650
-3444
1273
-1575
-14035
145
1308
-1128
138
-2347
96
1219
-3112
4228
-1773
202
404
2680
-776
2473
360
300
-3870
-963
-328
-621
-695
3404
-3727
-2458
-4476
1802
677
-3119
-336
-2205
-23
-639
1212
-3105
-761
-2172
-35
-4724
0
767
-4081
-3929
3694
-2293
-1480
325
-7007
88
2513
5810
306
-4345
-86
-138
-5481
686
-2003
575
-211
70
-567
5470
480
-600
-5151
-2085
-414
-1505
-192
3597
-1723
-1088
-4248
-2103
72
2717
-448
0
-169
0
-40
0
0
-990
-135
3280
0
255
-1760
0
-1357
-6216
0
0
-321
42
3556
0
0
0
-4064
0
1411
133
-3848
0
64
0
-520
105
0
0
702
-198
1188
52
200
0
0
0
0
0
0
0
0
