0
0
0
1
0
7
33
0
3
12
0
6
0
31
21
0
21
2
0
22
0
0
0
47
18
0
16
8
0
0
0
20
0
0
0
0
0
0
0
0
0
13
4
39
0
0
0
1
0
0
0
0
10
1
0
0
0
61
10
0
9
37
0
1
4
0
21
29
0
0
34
0
3
0
0
2
0
17
0
0
21
0
0
7
0
43
0
0
24
0
0
0
0
16
2
23
0
13
0
0
0
23
0
0
0
5
0
21
0
32
0
3
0
0
0
0
3
2
13
3
0
0
10
0
3
0
12
8
1
0
0
15
0
0
15
0
23
9
0
8
0
19
21
5
13
0
2
14
0
0
0
0
0
0
0
2
0
0
4
21
0
11
0
0
0
7
0
31
0
16
7
30
19
0
0
1
0
0
23
0
8
8
18
32
0
0
13
0
1
0
0
0
1
0
18
0
11
7
13
0
18
11
6
5
0
19
2
5
22
0
0
0
0
0
0
7
7
0
2
21
0
0
4
21
0
0
0
0
0
9
1
18
0
15
20
30
6
5
0
5
0
0
0
0
1
3
7
0
0
0
14
0
1
13
0
0
1
0
36
0
4
0
26
0
22
8
0
6
3
9
1
5
17
0
3
0
0
51
0
9
13
0
0
0
0
0
3
21
0
18
0
0
0
18
0
0
0
14
0
18
0
8
0
8
0
9
0
0
4
3
8
10
0
5
13
0
4
0
14
0
0
27
30
2
20
37
23
0
3
0
0
5
15
0
0
24
21
10
5
39
0
0
14
0
0
0
0
22
0
0
0
21
1
0
0
0
0
13
0
0
0
0
13
26
22
0
0
0
0
0
2
0
4
10
0
0
0
73
10
0
6
54
7
2
0
23
13
0
1
0
22
0
3
0
0
5
0
0
28
14
21
0
8
10
0
3
4
39
2
0
0
4
0
0
0
20
63
21
0
0
0
0
25
0
0
0
26
14
0
16
0
0
0
0
0
0
8
2
0
0
0
0
12
0
0
0
18
9
24
0
0
3
16
8
18
16
3
10
9
7
0
17
24
2
17
0
0
24
0
0
0
0
5
0
5
11
0
15
3
21
0
10
0
0
0
14
0
13
0
16
0
25
0
0
0
0
0
11
22
0
15
6
12
7
0
13
10
13
10
14
3
29
1
0
15
0
18
0
27
17
9
8
0
7
0
11
0
3
5
4
0
2
0
20
0
0
10
0
0
0
0
0
5
21
0
7
0
0
0
18
0
0
0
16
4
23
0
5
0
0
0
1
0
0
8
5
0
0
0
0
12
0
9
0
3
1
1
0
14
12
0
0
16
8
18
0
15
8
0
26
14
2
25
0
13
0
8
0
0
0
12
0
0
23
0
0
4
19
0
7
0
0
0
0
0
10
9
16
11
15
18
0
0
0
0
3
0
0
9
5
10
39
0
0
9
0
14
0
0
0
1
0
0
10
8
26
0
0
44
6
34
7
0
0
0
5
25
2
0
43
25
21
0
21
17
0
0
6
0
0
5
0
20
0
1
0
0
15
2
0
0
3
8
16
6
0
0
12
10
0
0
0
0
6
0
0
0
0
0
0
0
20
0
0
0
3
12
0
0
0
10
0
72
7
30
4
0
0
24
5
0
0
8
26
0
11
0
54
14
0
0
12
0
0
0
0
41
2
12
0
0
0
0
0
0
10
0
11
0
1
0
25
0
0
0
0
1
3
0
0
0
17
0
0
0
0
12
0
7
0
0
0
0
0
5
27
0
0
0
7
0
10
0
0
12
0
15
11
0
0
0
0
0
0
6
0
0
0
13
21
0
0
0
17
0
2
0
23
0
16
13
10
19
0
0
0
0
0
6
0
16
5
0
0
0
0
16
0
12
0
9
0
18
5
0
27
13
26
0
20
0
0
0
7
0
11
13
0
26
0
0
13
0
7
0
2
0
0
2
20
0
0
0
21
0
18
0
3
0
0
0
2
0
16
14
16
3
0
0
0
0
0
24
0
9
6
0
0
0
3
12
5
8
22
8
25
1
0
0
11
16
0
0
0
0
0
0
7
0
4
0
8
16
0
0
8
0
35
0
16
1
0
9
0
0
0
4
21
31
9
0
7
0
0
11
0
0
16
4
9
0
1
0
0
0
0
0
0
1
6
0
0
0
0
9
0
8
16
15
0
1
0
18
1
0
0
0
0
0
0
3
10
6
12
0
5
0
0
9
3
17
0
0
0
0
0
0
0
0
0
8
12
0
9
0
0
0
17
6
0
0
15
7
19
0
0
0
0
0
14
14
15
11
7
28
30
0
7
7
0
13
0
1
0
1
14
4
0
8
19
0
0
0
11
6
7
18
1
0
5
0
0
9
0
16
0
0
6
3
0
0
7
0
0
2
13
0
10
0
1
0
0
0
0
0
14
6
10
21
0
0
0
0
0
10
0
0
3
15
11
0
0
6
4
7
0
0
0
0
34
28
0
1
0
0
0
0
15
5
4
0
0
0
5
0
3
14
14
2
0
0
0
14
0
0
5
0
0
0
0
0
1
0
0
0
10
0
0
0
6
8
1
0
0
0
0
7
0
0
0
4
4
5
0
0
23
1
19
0
0
11
9
0
9
36
0
2
0
21
28
0
20
0
7
0
11
0
5
43
0
14
14
0
0
0
0
13
0
0
18
0
0
0
0
0
6
0
0
0
29
16
0
0
8
16
1
0
2
0
1
0
0
3
0
12
5
16
8
0
0
15
0
0
0
21
0
2
0
31
7
0
9
34
0
3
17
0
7
0
33
0
0
21
0
9
6
0
0
0
0
10
0
0
25
0
0
6
21
0
0
0
6
0
5
0
0
0
15
5
26
0
0
0
2
0
1
0
0
10
5
7
6
0
45
13
0
13
0
14
2
0
0
0
7
8
0
0
0
1
0
0
7
0
9
0
16
13
0
5
21
0
0
0
7
6
0
0
5
0
0
24
21
0
0
0
25
3
0
0
0
0
16
0
18
4
0
0
0
0
16
6
0
16
1
0
0
0
4
13
0
11
18
3
0
13
0
0
49
0
31
0
1
0
0
0
7
18
0
0
5
6
0
0
5
0
65
0
0
4
0
1
0
0
0
29
21
0
13
0
31
0
0
0
3
0
16
6
0
0
0
0
0
9
22
15
0
3
0
0
0
0
0
13
0
6
0
14
0
1
0
15
0
12
0
1
0
2
0
0
7
8
0
0
1
14
3
12
10
0
5
0
0
4
0
0
0
0
0
4
21
0
8
0
10
0
8
1
0
0
16
3
0
0
0
0
0
0
9
1
0
5
4
0
0
0
22
11
0
3
0
15
0
1
0
43
0
7
0
26
13
0
0
0
7
0
19
0
2
20
0
16
11
0
0
0
0
0
0
0
21
0
0
4
18
0
4
0
0
0
16
0
0
1
16
8
0
0
8
0
0
0
1
0
0
12
5
27
10
0
0
11
0
9
0
25
0
0
10
43
0
12
22
28
5
3
13
0
7
11
5
0
28
21
0
11
15
0
3
0
9
1
0
0
28
0
0
6
21
0
0
0
0
0
5
0
0
0
10
5
24
6
0
0
0
54
5
0
0
8
5
0
6
0
54
13
0
13
0
17
0
1
0
0
0
5
0
4
0
11
0
0
7
5
18
0
0
21
2
0
31
1
0
0
14
19
0
0
14
0
0
10
17
0
7
0
13
1
5
1
0
0
12
10
15
2
0
0
3
0
9
19
0
10
12
0
5
0
36
13
0
6
36
0
0
2
0
0
21
0
12
16
0
22
0
28
7
5
2
0
2
18
0
0
33
10
51
0
0
26
0
3
0
0
0
12
21
0
7
1
27
0
5
2
32
0
0
40
0
0
0
0
12
0
17
0
0
1
0
0
0
0
0
13
0
0
0
0
0
1
0
0
0
7
0
1
1
28
0
16
7
7
14
0
7
16
8
0
23
0
6
0
0
17
0
2
0
0
0
14
21
8
7
12
16
3
3
0
0
0
13
0
0
0
0
0
18
0
17
9
0
13
0
0
0
0
28
12
0
0
0
19
0
0
0
61
0
14
5
34
31
3
19
0
7
0
28
0
22
21
0
7
12
0
0
0
2
5
0
0
57
0
0
3
21
0
0
0
0
0
16
0
0
0
16
10
25
0
0
0
0
0
4
0
0
12
0
51
6
0
11
12
0
13
0
22
0
1
0
0
0
0
0
0
0
13
0
16
8
14
10
9
5
22
8
0
15
40
0
0
13
15
0
0
2
0
0
3
2
0
8
0
10
0
5
0
0
2
9
14
16
15
0
0
7
0
0
0
8
12
15
0
4
0
56
2
0
2
35
0
0
0
1
0
0
0
27
0
0
40
0
51
9
0
0
7
2
16
0
0
15
52
6
0
34
20
0
0
0
0
13
0
0
0
21
3
11
0
0
0
0
0
8
21
0
0
0
0
14
0
0
0
0
7
10
18
2
0
0
0
0
0
0
0
0
0
17
5
0
5
2
0
0
58
1
20
7
0
0
20
3
0
0
0
26
0
10
0
61
17
0
0
11
0
0
0
0
5
0
11
0
0
0
0
0
0
7
0
0
0
0
0
22
12
0
31
0
5
0
5
0
0
42
0
0
0
0
13
10
13
1
29
0
5
0
18
0
54
19
0
3
0
0
0
1
0
1
0
37
0
5
0
0
14
0
0
0
0
35
0
0
0
0
10
0
1
26
0
0
0
1
0
0
0
9
0
19
0
8
9
0
9
3
0
0
0
0
5
0
0
6
19
24
56
0
46
0
4
0
35
37
25
21
0
7
1
24
3
13
0
0
16
0
0
0
0
0
5
0
0
5
0
60
5
18
0
16
7
0
0
23
0
0
0
16
0
3
0
5
0
0
0
25
0
0
0
4
31
50
0
16
21
0
8
0
22
25
1
9
16
0
9
3
18
5
0
0
6
9
17
18
0
6
0
8
4
14
12
0
0
13
0
0
0
21
0
0
4
18
0
8
0
0
0
5
0
0
0
15
12
15
18
0
0
0
0
0
31
17
11
10
13
3
0
40
5
0
13
8
2
0
0
10
16
0
9
15
22
0
0
2
7
11
10
4
0
5
0
1
1
14
14
0
0
0
0
0
0
0
0
0
0
4
10
15
0
0
0
8
0
0
0
4
0
0
0
0
0
0
0
0
0
0
0
5
0
0
0
0
0
10
9
0
8
0
0
16
18
0
10
0
11
0
0
15
0
5
14
6
0
5
0
0
3
29
0
3
0
0
0
0
0
0
0
0
0
4
3
0
0
0
0
24
9
0
0
0
0
0
0
0
0
0
32
0
0
0
0
4
10
0
0
28
1
26
0
0
15
20
0
9
9
0
3
0
13
56
0
21
0
4
0
16
0
0
36
0
11
50
0
0
0
0
4
0
0
22
0
0
0
2
1
4
0
0
0
21
15
0
0
0
19
0
0
0
0
0
0
0
17
0
3
7
3
0
0
0
19
0
0
9
23
0
1
0
62
4
4
0
34
0
3
18
0
7
0
30
0
23
21
0
12
9
0
0
0
5
5
0
0
40
0
0
7
21
0
0
0
0
0
5
0
0
0
16
12
25
0
0
0
0
0
2
1
0
10
5
38
6
0
35
13
0
13
0
20
0
