-1
-1
11
13
-6
9
-1
8
-6
-1
-3
-15
11
-4
-9
11
-14
12
-2
-13
8
-12
3
2
3
-9
5
3
4
-2
1
12
5
-10
12
-1
-11
5
12
0
-4
11
-4
8
-9
-10
-4
-12
-7
6
-4
9
-6
16
-1
-5
-1
8
-2
-5
15
-11
-6
6
-18
15
2
-14
19
-10
12
8
-14
-4
-2
-4
-7
-2
-14
6
-5
-12
10
-13
1
1
0
6
-6
1
-3
9
-16
-1
1
-8
-12
-9
-10
-2
-9
5
14
-9
-6
13
-5
-23
33
-10
2
14
0
19
-4
-5
3
-3
2
-1
-9
0
0
2
3
-9
13
5
-1
-18
6
-12
-1
-3
3
5
13
-1
-10
1
-16
0
-3
-8
-4
5
9
10
-10
5
6
10
-14
-1
0
-3
4
-10
-9
-8
-10
4
-2
-14
11
-4
-11
9
2
-10
3
1
6
-4
1
9
3
1
4
1
2
2
5
-5
1
23
-2
9
-11
-5
-2
-14
-6
-3
-12
21
-13
14
9
-4
5
1
-6
-3
12
-15
-9
-4
-12
14
-1
-19
18
-12
6
5
-19
-9
-9
6
-1
3
-16
6
5
-10
8
-2
-5
-9
-2
14
1
6
-19
21
-21
-5
9
-9
-12
-7
-2
-2
-4
4
9
-4
-16
9
-4
-17
21
-5
0
10
0
15
1
-5
0
-3
-5
0
3
-1
7
4
6
-6
20
4
-3
-13
4
-9
4
0
0
-4
16
2
-4
-1
-12
-4
-5
-10
-17
12
-8
2
4
20
8
-2
-4
13
1
-6
15
-19
2
-6
0
11
-6
-6
20
-1
0
9
-18
-1
-12
-12
-12
-8
-14
-3
-12
-9
-1
-14
6
-8
-15
-4
7
4
2
1
-20
9
-10
-1
3
-1
5
17
-7
9
4
8
0
-4
-3
-14
11
-7
-11
6
-9
14
-3
-16
7
-16
3
2
2
-9
0
5
1
1
2
11
7
-8
12
2
-11
2
10
5
-2
10
-10
9
-12
-9
-2
-11
-10
11
7
5
-3
5
2
6
-7
3
6
-6
12
-10
-4
8
-8
8
-8
-10
13
-2
4
10
0
-4
-6
-7
-6
-5
-6
5
-4
-7
10
-12
2
3
-2
-2
1
13
0
6
-11
1
-4
-8
-10
-3
10
5
-17
-19
12
-2
-12
8
-2
-12
14
-6
0
3
1
6
-10
-6
1
-2
-10
1
13
-5
3
6
14
-4
20
6
3
-3
8
-3
5
3
8
4
16
12
6
4
-8
1
9
-15
-7
-7
5
23
-14
3
11
2
1
-1
-9
-3
13
-6
-7
0
-13
10
4
-17
15
-12
5
4
-2
-12
-5
10
9
6
-2
12
3
-13
11
-6
-13
3
4
10
-2
3
-17
16
-18
-7
6
-10
-14
3
-8
-2
-1
21
10
-3
-8
5
-9
-9
19
-12
0
-8
-6
10
0
-5
21
-6
-1
9
-15
-2
-8
-3
-6
-14
-8
4
-8
-16
-1
-13
1
-5
-8
-8
2
4
-3
2
-17
5
-16
0
-12
-6
8
19
-11
-8
11
3
-3
0
-7
-8
9
-10
-3
-6
-4
5
-7
-13
10
-6
-5
4
6
-10
-7
6
9
2
2
6
7
-4
8
-3
-6
-3
-1
7
11
11
-4
15
-15
3
10
-13
-8
6
2
-10
8
17
3
9
-25
8
0
-10
11
-9
0
4
-1
6
1
-1
1
7
-4
14
1
4
2
-7
0
-12
5
1
-10
-8
-7
-10
6
3
-6
-23
8
12
6
-6
-10
1
-20
3
-7
7
-2
21
-10
4
9
-2
3
4
-6
1
7
-15
-7
-16
-7
8
0
-19
29
-12
-1
10
-12
-11
-12
1
-1
4
-16
5
-1
-4
10
-7
-3
-5
-7
5
-4
8
-5
15
-18
4
5
-6
-13
-8
-1
13
-23
-9
19
-8
-3
5
-4
-9
18
-10
-3
-3
-7
13
-8
-16
9
-5
-6
-2
2
-14
0
15
15
0
15
9
5
-8
10
4
0
-1
10
17
18
10
-8
18
-15
-6
14
-17
-6
4
8
10
-8
7
5
6
-8
-1
-1
-8
11
-9
-6
1
-8
9
-4
-14
16
-9
-3
5
2
-10
-1
5
3
-5
1
11
1
-10
11
-2
-2
6
8
-3
1
18
-4
8
-13
-6
-3
-12
-14
-2
3
16
-7
-1
4
-1
-2
3
-4
-10
9
-10
-2
-3
-4
5
-8
-10
11
-4
-6
3
1
-9
-11
1
5
1
-5
2
7
-6
6
-3
-6
-6
-3
5
10
11
-3
15
-18
1
10
-10
-8
5
-3
17
-5
6
5
2
-1
4
-8
2
0
-14
-5
-20
-7
3
-2
-15
22
-10
-3
11
-11
-10
-16
-1
-6
0
-19
6
1
-5
5
-7
-1
-7
-11
2
-3
12
1
16
-20
4
4
-3
-17
-13
-6
-5
-14
-9
19
-7
-13
11
-3
-21
27
-12
4
3
4
19
-13
-4
-4
-2
-11
-2
7
1
2
7
11
-11
27
5
-1
-11
0
-10
7
-10
2
7
25
8
-1
4
-15
3
7
-18
-13
-5
0
12
-17
-1
5
-9
0
4
-13
-6
15
-5
-3
0
-12
8
-3
-11
16
-9
-1
2
-1
-13
-3
9
11
0
-1
8
4
-14
10
-3
-6
-1
7
11
6
7
-6
13
-18
-1
9
-10
-3
-8
1
7
-16
-5
9
-3
-10
5
-5
-17
22
-6
-4
8
-8
18
-5
-12
4
-14
-2
-2
4
-4
4
10
9
-5
19
12
2
-14
10
-6
0
1
12
10
6
11
-5
8
-12
-6
7
-17
-5
5
11
13
-7
4
3
10
-3
0
2
-6
10
-11
-7
3
-4
10
-9
-13
12
-7
1
9
5
-7
-8
0
1
-4
-6
14
2
-10
12
-6
-7
3
7
0
-2
15
-4
7
-11
-4
-5
-12
-2
6
1
16
-2
21
-4
6
-2
2
-3
-3
3
-10
-6
-1
-14
7
3
-15
18
-15
10
11
-16
-8
-6
-4
-11
2
-22
9
-1
-10
4
-8
-4
-1
-2
-2
-11
8
-2
13
-17
-4
-1
-4
-12
-9
-10
-2
-9
5
14
-9
-6
13
-5
-23
33
-10
2
14
0
19
-4
-5
3
-3
2
-1
-9
0
0
2
3
-9
13
5
-1
-18
6
-12
-1
-3
3
5
13
-1
-10
1
-16
0
-3
-8
-19
-11
-2
-1
-9
-7
15
-7
-11
12
-3
-17
22
-8
3
4
3
15
-7
-3
-3
2
-9
-3
8
-2
0
4
11
-6
21
2
1
-10
3
-10
2
-10
-1
3
24
3
-1
4
-16
2
6
-15
-11
10
0
18
-2
6
4
2
-1
6
-4
3
-1
-16
-3
-19
-5
3
-4
-16
25
-8
-4
14
-10
-11
-18
-4
-5
4
-22
3
0
-2
4
-7
0
-7
-14
0
-2
13
4
14
-21
6
3
-2
-2
4
1
17
-3
15
7
8
-2
-4
-6
2
2
-10
-9
-14
-11
7
2
-18
19
-17
4
9
-10
-10
-11
4
-7
4
-19
10
4
-6
2
-3
-7
-1
-6
1
-11
9
-10
12
-20
-5
-3
-2
-7
1
-14
-3
1
25
10
1
-11
8
-4
-15
21
-17
-1
-2
-4
18
1
-8
14
-8
6
3
-22
1
-2
-2
-11
-13
-4
6
-9
-18
-1
-12
3
-5
-6
-4
0
6
-8
4
-20
0
-11
-2
-2
-7
6
15
-19
-6
6
-3
-4
1
-8
-19
19
-7
-5
11
-9
14
-3
-12
5
-10
-5
-3
4
-8
4
10
14
-2
15
12
7
-12
13
0
-9
2
15
15
9
9
-7
9
-11
-5
10
-16
-15
14
12
14
0
2
-1
2
-3
5
5
-4
6
-8
-3
6
-5
2
-6
-9
15
3
2
8
1
-9
-12
-8
0
0
-14
2
-1
-6
9
-10
-6
4
-6
-5
5
9
5
5
-13
5
-3
-4
4
5
14
2
-8
8
-1
10
-10
0
4
-8
6
-1
-10
10
-13
11
-1
-7
2
-5
-1
9
9
1
4
-1
5
-11
-1
15
1
-6
11
1
-1
6
15
-12
-4
18
0
5
1
-11
-14
-11
4
5
-6
11
-7
14
4
2
-3
5
-2
-7
9
-10
-12
-4
-15
18
4
-18
18
-23
10
4
-9
-4
6
2
-8
-5
-8
11
2
-11
11
-5
-2
0
5
-1
-17
5
0
8
-10
-8
-5
-8
-8
0
-5
10
-19
-1
11
-6
-1
5
-6
-6
17
-12
-8
-5
-9
12
-3
-15
19
-12
-1
4
-8
-12
-2
6
4
-3
0
8
4
-10
12
-2
2
-1
6
13
4
10
-8
11
-17
-2
7
-13
-23
-8
-2
0
-4
-1
14
-7
-10
14
0
-15
23
-11
4
5
6
11
-9
-5
1
8
-7
-2
5
-4
0
3
12
-8
20
0
1
-11
5
-11
6
-6
-2
2
24
2
-3
3
-16
3
1
-11
-18
0
5
13
-10
-7
16
-2
-2
6
-2
-6
14
-10
-2
-12
-5
1
-10
-12
17
3
-6
3
2
-17
-9
4
10
-2
4
4
8
-5
9
-3
-3
-1
-3
6
13
10
-4
13
-20
3
5
-9
-11
7
18
4
0
3
1
15
-16
-3
-1
3
-6
-6
-1
1
-6
2
-2
-5
1
6
0
12
20
-4
2
2
9
4
7
-3
-7
0
-2
-6
0
8
-2
-10
10
12
9
2
-6
1
-3
-2
-5
7
-3
9
0
8
8
1
2
9
-4
4
-2
-14
-4
-22
3
4
-6
-11
27
-15
-4
10
-6
-7
-16
-2
-8
-3
-17
6
0
-8
6
-4
1
-5
-7
-12
-13
13
10
6
-12
7
-10
3
-17
-13
-6
-5
-14
-9
19
-7
-13
11
-3
-21
27
-12
4
3
4
19
-13
-4
-4
-2
-11
-2
7
1
2
7
11
-11
27
5
-1
-11
0
-10
7
-10
2
7
25
8
-1
4
-15
3
7
-18
