7398
-2168
-10579
-5592
-10722
-7110
-5401
-6327
-3413
6232
18297
2157
-6617
-10264
-6405
-9200
5015
-12875
3963
13819
-6371
-5765
23545
7877
5806
1914
-12965
7507
23954
-18555
-1081
1096
11304
17037
-15548
16341
-5395
13860
-2375
25453
-11816
5811
-8264
17102
4623
1049
11268
-4332
17268
-15392
4004
-11742
-6036
-2272
-2664
12906
-7945
5269
602
18067
5000
10406
1402
-4354
-3220
-10074
30255
-1567
-1790
881
-2498
5154
15870
-40
-2705
-3829
3818
-1372
-1795
2929
435
-3642
-8934
9204
-3647
660
1239
-1415
-5645
-9447
4517
-8591
-5551
-920
-12261
-3622
-14312
18750
-12273
-2752
-9918
-8110
267
-816
7281
9314
2933
18816
-5068
13141
-8829
13075
-10666
-2924
-5430
10296
5379
-7408
5828
-786
197
-7133
-6276
-2525
-3668
-2320
-1090
-5184
5717
1592
-841
1884
-3665
11129
6503
-1786
-4389
623
3792
-5402
1621
7952
1502
-5691
11368
-2142
732
-5712
3322
-4012
-2700
-1076
747
-10482
-2703
10216
-709
2468
-3440
-94
-3963
-9701
2147
7140
-3435
601
-834
-855
-6774
13830
-15629
-1846
1202
-8116
-1976
2457
9143
16287
3467
18528
-6887
16626
-6760
17157
-6188
3591
-2950
18348
7608
-6109
2453
2545
9146
-9095
-9906
-6945
-12329
-1618
-3030
-491
-763
-2703
-5994
15147
385
9475
6864
-1983
-4924
-1485
8812
-846
-7170
3711
-3942
-6131
7681
1500
706
1994
639
-2644
-2407
7744
6216
-7091
-685
1613
-2644
-2256
47
102
-5031
-11380
4994
-7273
-3326
-2831
-4104
-1891
-6551
6214
-9806
2523
-3536
-6451
227
7378
7191
5943
389
16711
-1077
7727
-371
20319
-10271
10370
-5256
15362
2820
-3129
13034
-4431
9829
-6976
-7842
-5744
-6276
7829
1507
6020
4351
3451
1011
4756
-2327
9149
4181
-1357
-2945
-6619
4750
-2390
-572
2606
4243
-3353
15457
-998
-3877
-6265
7519
-757
-1811
-5123
31
-3443
-6949
8662
-945
3199
-3486
-5769
-1594
-6122
8248
5908
-7783
-724
-1495
-5888
-7263
15973
-11693
-2523
504
-7564
1180
-5669
4553
13500
5240
18591
-8290
13198
-6034
9677
-6116
68
1520
11824
9875
-5533
-2519
2412
4813
-8021
-4265
-3976
-9627
-3722
1482
2966
-2855
-213
-5374
6839
2804
8626
6461
-1464
-898
974
2081
3175
-4375
5069
-4554
-5127
521
-3869
-11197
1522
-12288
-5407
-7226
-4366
-1457
-1210
17991
9290
-3701
-10050
-7719
-11698
-8150
-12379
-10173
15136
-2423
-10600
12824
15230
1340
-9669
-13745
5630
14887
-12055
-6420
-1511
7533
15734
-8563
5355
-8096
14156
-8061
20355
370
1932
-13393
2365
-9911
-3639
7852
-2217
17570
-3331
7297
-2325
-6791
-3049
-12526
1506
-889
559
-636
11014
-3448
11542
-4564
-3940
-6172
-5368
21505
-8475
-4320
-1673
-4657
1056
466
-5
-5975
-1149
-2000
-2062
-2153
-176
1814
225
1492
119
-765
-4798
-916
-3465
-750
-6416
738
-874
-4241
-4856
5774
2399
1753
-3453
-7825
3777
1319
-5661
-253
3023
2175
2392
-4478
78
173
2264
-5323
7904
1088
4748
-5991
-2995
-4689
-1133
6246
-2333
1249
-3180
-366
-3478
-1356
-147
-2625
1618
336
3597
4283
383
-2061
5596
-607
-17
-2910
-7959
1189
-2733
2195
2361
5211
-1942
-3034
1579
-3927
-5888
-5193
-6624
-5358
-1517
-3534
6066
3844
-6969
4547
1529
-4680
5538
398
-6343
11828
9719
-6121
2037
20826
3407
3633
5586
-14658
-1583
12338
-3370
933
6540
6467
11993
-310
2430
-2075
10362
-1972
8139
807
10684
-346
5856
6172
632
-2581
875
13228
-9416
-4816
-9163
72
-837
-1529
15325
-9023
3929
2214
13029
4581
-1276
-805
254
-4060
-4720
6871
5808
1194
4177
2056
4633
4008
-9005
-12301
-2433
-943
-1566
651
-5204
9538
2512
3005
5655
-2889
-1950
-9013
-10865
-1154
-4591
-4285
9870
1048
-10518
5930
9205
87
-3182
-10982
7516
2638
-11562
577
-3523
671
7146
-1268
2631
-3724
9848
-10155
14839
-2072
-998
-584
138
-6215
-3844
9424
509
12528
-936
5845
223
-3027
370
-6503
-961
-5609
2310
-3315
6411
-1800
8318
1789
-5240
-589
1597
6380
-1225
-5574
-3172
-10336
1049
-3701
-1889
-2037
2730
-6304
-3903
1051
5310
443
-2922
16816
4090
-7360
-6068
-2963
-1002
-7570
-5724
-5851
2559
-3100
-12437
9102
9364
-2354
-9862
-5107
2623
7684
-1320
-3595
9623
7000
14322
-2033
-597
336
5687
8928
9188
8675
11758
-7987
-500
-11072
1990
2196
-4699
11351
-3817
144
1647
-5242
6264
-7325
-1681
1288
4699
5107
2009
-5645
5359
-5556
5143
-10546
-3200
6582
-7585
-3258
-6423
-4418
-2694
-1753
-4329
-11252
-1067
-3248
-4376
-2487
-5865
-1555
-2959
24026
11283
-10172
1547
-5781
-7924
-8306
-11011
-10847
9458
-3671
-7268
11112
15675
-3177
-6312
-9297
3648
4310
-14447
-1797
2170
5371
17163
-8414
4238
-12632
7435
1472
10992
8903
996
-12916
3065
-6648
295
10289
-3539
10360
-8184
1326
-2641
-6493
-337
-5974
6016
12148
-743
4192
-4408
-3251
13528
170
9639
-8153
-4893
2144
-7972
-5636
-5430
-4829
-12471
1711
-6165
-12425
-5759
-3745
527
-3561
-3671
-2583
2152
9622
5469
-6734
-2083
-10932
-7899
-5365
-11907
-11218
-3245
2820
-4440
1371
11079
-1173
-6764
1049
10836
-8409
-17622
-1518
3152
-1775
2235
-6751
-6216
-13878
5747
-11192
9072
3590
-7211
-2119
-1056
-8426
-1312
13447
-387
16054
-5212
3074
156
1423
4809
563
3291
1100
1561
-1091
-754
5222
9601
7381
-511
-2807
-5115
3021
-4701
-735
-554
930
-3504
721
-3558
-3530
-2724
-1921
405
-3197
-1503
2250
322
1143
253
502
826
-7897
-2976
934
-6714
35
3016
1369
-2394
5326
4123
3830
-892
-1239
7824
-1199
-8360
-1940
2464
-520
3757
-1060
-435
-5134
4394
-6445
10222
-961
73
5466
4783
1004
-861
5659
2417
12200
-1844
-1717
-3019
-2243
1806
2741
4038
-3810
1274
-3143
6819
6312
1372
6415
-3416
617
-1718
4572
5412
-2821
633
-1269
2180
18743
-2087
-8966
-7364
6025
-6143
-1468
-10422
3518
-4272
-994
15839
-2778
-5383
-1266
-12132
-563
-3477
4647
20363
-10911
-6701
10644
-7319
-7767
12759
-20847
-3506
15152
-8178
4678
-14948
9343
21131
2391
22568
-1395
18090
-10483
11160
-3979
1988
-8616
8280
-1299
-5722
38
-2460
3023
-8416
1405
-3443
-14384
-6095
-8479
-2489
-5052
316
-1805
9136
-5024
12681
-594
-115
-5765
-1047
4786
-5339
-3310
2533
-12126
-6820
1988
1222
-6223
2328
1949
-18362
4815
-13130
2546
-4017
39009
17477
-4275
-6198
1442
-10384
-4224
-4182
-675
45940
-12640
-4474
43131
8014
7814
-11730
-28698
-5640
58709
-5406
-1410
-5797
29364
34952
-5904
26861
-9148
14507
13901
22259
2841
26057
-19741
18641
-3059
7188
2529
-9921
10519
-16197
2383
-12808
-18884
588
-14084
13259
8843
-6736
3312
7014
-4103
18522
-16667
14287
-13647
-15921
9899
-6516
-11377
-12950
-22438
-16103
3622
-11202
-17830
-2307
-3265
367
-1142
-7688
5745
3898
12543
9665
-7954
-2082
-10856
-15003
-3449
-8576
-12578
6563
2409
-10321
5657
16751
-5
-7707
-6627
10466
-201
-18284
-2365
-3729
-751
7518
-8788
-1952
-12355
8933
-11260
14977
357
-8149
-3254
-1205
-8143
-3661
14416
-426
14283
-2370
9173
278
-1188
-329
-5124
289
1229
1390
-3339
281
755
11652
4120
-2416
-1718
1331
8318
-3675
-6182
-4358
-7664
-1363
-5261
-803
-5223
688
-7884
-2763
1099
621
-3802
5276
14853
3012
-7773
-4884
-1907
-2253
-2892
-3807
-3326
1196
370
-8185
7962
16257
3529
-8540
-3020
3437
8073
-2133
-2317
6611
3351
6821
-5605
-6677
1257
4304
7504
5585
10916
6054
-6549
-5049
-8042
1474
2243
-4293
5839
-2607
5570
2135
683
903
-7619
-2337
1559
3460
3574
-2086
-6396
3714
-7761
2953
-7606
-2794
3194
-6681
-163
-4911
-3954
-2198
-8154
8302
9803
-1521
-11329
-13151
6247
21257
-3563
1685
11667
-11964
-7627
-7851
-888
7911
-8353
-4783
9029
-9451
-4958
-11457
13725
-2020
-12144
-893
-13963
-3653
12908
5885
-3824
25684
19407
14980
-109
12920
10022
6344
19046
12088
-9145
26783
-17520
4058
-5847
6896
7392
-7227
1382
-13058
-9654
1617
4481
8646
-9305
352
8694
3615
16576
6252
-10099
-1228
-6614
10807
-20766
-7491
25892
-9734
4950
2601
6679
6706
