-3125
-1160
215
60
1257
460
0
-1252
237
-104
113
-1902
-126
-600
-445
0
-371
0
1936
280
0
0
-128
-2161
-246
-433
0
1841
-10
0
175
-1483
1145
2646
0
-2291
-16
-4769
40
-371
-722
-280
0
2086
-303
78
-606
0
-2461
0
434
0
0
-100
379
-400
-59
454
-346
3513
-1416
1737
1366
0
0
-119
-1336
0
-175
1650
1052
-28
-2015
-1367
108
-222
201
-426
0
338
-209
-180
1019
-1671
-1338
-1652
180
286
210
0
-1341
-3730
0
-536
-4702
-1683
1484
-1166
0
-2698
6141
0
405
-3602
1028
3878
0
-2896
-480
-5588
-166
-5728
-1346
-2159
0
4466
379
-250
-3010
-207
1357
0
305
0
0
-34
763
-1411
-1081
2934
-25
-3151
-325
-4164
645
0
0
-306
2493
-250
-39
2145
371
695
-1483
-1758
38
-548
-500
498
-93
-2394
507
88
532
-1275
941
-1304
-69
-677
0
0
-277
250
-74
-482
-2101
-2236
396
-6490
0
2060
-188
0
404
-3447
715
2661
0
-3463
265
-5437
-171
-4071
-1163
-2442
0
4211
690
0
554
-21
-1371
0
-1071
-166
0
2276
-406
-1641
490
2864
811
2200
-1314
-142
-197
0
0
104
867
-880
-167
2209
-14
614
-3067
-180
-648
-407
248
-506
-285
-1030
-1146
204
1847
-3810
1465
-1697
60
-706
0
0
1292
-2357
-26
-104
-3671
-3051
767
-3933
-32
916
1361
0
227
-3659
-8
4193
60
-3700
-57
-5322
-2543
-4242
-1764
-1824
0
3187
779
-60
-2196
480
274
0
-310
-323
0
-150
-716
-3280
-1408
2157
-104
1652
-1389
51
392
36
0
-49
1432
-1452
0
1636
-27
654
857
-712
-138
-618
-1983
-520
-321
471
-2723
0
505
-21
0
-1026
-185
-127
0
0
1122
-1525
-122
0
-2537
-575
138
-2712
21
-2553
98
-58
-331
-2547
-679
3329
92
-151
-366
-965
157
-4784
-1565
-2718
0
870
209
-635
-2832
40
1270
0
298
112
0
-2089
-348
-1116
424
2331
162
1579
-826
-3887
-1465
-24
0
-930
491
-378
0
709
-21
200
-3710
-325
-635
-60
458
1042
0
-358
15
352
1882
-984
-26
-1428
947
0
-266
0
1230
1149
-222
0
-1779
-2572
-1339
-4557
-224
1672
-696
0
8
-3019
-753
-3201
0
-5319
-92
-7765
-258
-29
-1769
-3114
0
5786
26
164
8
0
-2923
0
-216
-166
0
-568
940
2119
-490
-452
787
-4130
-3036
-656
790
-44
0
-581
-240
0
-60
3059
219
-1082
-1836
-919
-871
-786
39
663
0
272
594
364
5517
-5806
-680
-2862
-652
1389
-350
0
5004
-5778
-189
-387
-7475
-2372
-893
-6772
-13
-1656
-918
0
47
-4106
-1924
35
0
-9019
-164
-9178
-26
-7012
-2940
-5300
-405
11302
-1516
90
-4718
-560
-1086
0
127
92
0
-589
1703
-2248
-330
1296
891
-6258
-2544
-9838
-692
132
-44
-569
1279
-1520
169
2381
30
-1086
-2187
435
-766
-1220
1664
-1201
273
-680
587
-104
343
-3941
257
-1302
-329
391
0
0
1889
1218
-237
163
-3377
618
337
-5392
-406
-3072
32
0
1214
-3562
-2327
-1842
0
-7724
426
-9239
-415
-5337
-1320
-5318
-605
9731
-1588
0
144
341
391
0
-2089
-284
0
-2699
-153
148
-1958
1898
1090
-4378
-4254
-4711
-1360
0
-127
569
1105
-1510
52
1019
-243
12
-2493
-1197
14
-1611
1129
-1179
-40
-1165
1141
-56
2808
-1065
1077
-1444
-1042
-1513
0
0
565
-2080
-305
-54
-5158
-743
1099
-9886
-368
-1911
532
-58
-227
-3523
1109
2959
36
-5849
-339
-9372
-4873
-5820
333
-6167
-45
10689
-778
-486
-2794
-246
361
0
-289
-483
0
1967
-799
950
-2017
1313
825
-2622
-1159
-830
-596
915
-76
-755
2108
-580
0
1821
-170
-155
1461
277
-249
-790
-380
-376
-637
-572
-3631
0
214
-4998
0
764
196
-11
0
0
800
-3582
-88
0
-5443
-1690
266
-3090
30
-1931
816
30
262
-1330
590
6611
-32
-1354
26
-2394
193
-7739
-995
-3381
0
7569
-1499
-2726
-3454
492
22
0
304
-252
0
-2505
-84
722
-826
1369
-191
244
-882
-9274
-483
-1002
0
-301
163
288
0
-1067
-105
-148
-1666
310
0
-866
157
842
0
-26
1100
0
1482
-2795
-16
-986
381
0
0
0
76
1332
319
0
-618
-1474
-1049
0
-21
2297
-388
0
-8
-1862
-809
-4555
0
-961
-104
-6682
160
282
-743
-2142
0
856
0
0
2598
0
-1680
0
-2385
-332
0
1392
-355
1081
-2873
18
1464
-3276
-1005
1620
2210
-1716
0
-40
1997
0
-36
1676
-190
-376
-927
236
-242
-1476
272
-932
-93
-418
251
374
5543
-1806
-287
-1534
-345
1404
0
0
1333
-3714
-216
-76
-4702
-5192
-3054
-1506
99
-1307
-1598
0
-23
-5105
-2414
-556
0
-4172
-532
-8559
-2116
-4815
-2859
-4468
-635
4018
259
-36
-4866
-157
-3027
0
-801
-474
0
899
-702
2391
163
-6
1365
-2120
-3835
-4365
90
-67
103
-158
1045
-1720
254
1938
-259
-1681
-4955
-2017
-680
-183
-611
-1327
-214
-5186
108
396
2910
-4445
-415
-532
-524
504
0
0
1221
275
-769
236
-5650
-2060
-580
-1393
129
-6221
-1654
0
299
-9925
3183
-24
0
-4624
-355
-8951
-5114
-5164
-3439
-2594
20
3409
-502
-645
-736
163
782
0
717
-593
-495
-2786
-407
2301
-3043
1876
-1094
-5285
-2195
-6453
-2054
61
-69
-1560
6469
-150
-516
284
1205
-378
-178
-1543
-383
-1783
-971
-375
159
2420
2128
610
2468
-3466
-368
749
50
-1204
0
0
435
-1485
-447
-152
-7623
1018
-332
-1991
-406
-5861
-3641
-689
-781
-6342
6047
911
0
-6022
-2233
-6462
-2822
-6148
-4015
-8589
35
7067
-1587
-4612
-2396
245
286
0
-239
-693
-100
-2541
-168
-1000
406
1777
2186
-1437
2505
-3000
-657
3376
-10
-558
1360
350
-240
366
-67
-1631
481
997
-220
-814
-1881
-72
-887
621
-1970
0
1727
-2085
0
44
327
-800
0
0
-1692
-4249
-196
0
-6274
1295
-91
-3469
-9
-3392
4724
-1573
-1155
-603
-4032
-1411
0
-637
1118
-1609
-1421
-6565
-1629
-4510
0
480
172
-321
-2700
0
1280
0
374
-254
-95
-787
0
-754
-2430
1167
1902
-775
0
-3787
315
-1848
0
1114
1532
0
-672
-163
-176
192
-378
-381
-465
-541
-687
-1597
273
-508
-135
-72
5620
-56
-48
-779
-23
0
0
0
38
-1783
-989
0
-2816
2901
-2496
-297
-707
-4560
-1058
0
0
-2550
196
-231
0
-1854
-138
-4756
-818
-1803
-2053
-2469
155
2383
182
-126
-1560
-196
-685
0
-624
-500
0
-212
-380
2087
-2617
-363
328
-715
-3644
-3634
-1834
3270
55
-638
-236
-450
0
959
-23
-630
-3569
-2617
1130
-49
-995
-772
1180
-5603
-288
-52
1443
-1852
-99
587
324
1696
0
0
3302
429
-1250
0
-3497
-487
-368
-3054
-4
-6786
-386
-435
-96
-6554
3194
-5200
0
-7370
-755
-6448
-894
-4390
-1743
-5746
35
4415
-52
-807
-2782
492
-489
0
1154
-825
635
897
-138
1011
-308
412
1784
-3005
-234
-4917
2
1154
-61
-204
698
480
-168
1562
183
-606
-139
127
-900
-1524
-761
-150
1263
1200
1258
-28
3414
-6096
-156
154
757
336
0
0
1966
2168
-338
0
-3219
-2006
-1589
-2673
-71
-2858
1463
225
108
-4036
-7300
-12025
0
-7078
-304
-4701
-1087
-2633
-473
-7507
-290
6416
-967
-2415
-739
-508
-293
0
448
-416
-90
-733
140
2509
-2643
1048
1356
-3278
1442
-5174
1260
1157
-40
464
-1219
-30
168
-299
33
-930
