4658
942
-6315
10673
11164
4904
2394
-952
7118
3112
924
2334
-1381
3879
-10964
2428
-3582
2054
1711
-11872
-3427
2337
-3354
9072
6073
930
-11061
11266
-12168
-7113
-3808
1972
-2321
606
110
9152
4664
-2592
-8948
333
-2692
-14378
-3955
1983
9927
-866
7470
7439
17437
3400
-4700
4959
5204
827
-4103
-7408
-7942
4122
-4250
-4454
16198
-2523
-4262
12492
-1129
1699
-910
7042
8469
178
-2710
-2392
10331
-4462
-508
2542
-1232
2081
-1961
-3262
331
-7187
571
7208
-3553
-1557
-2756
6180
-297
-4593
-998
-1002
-10069
8255
-3302
1625
-993
6840
2192
673
7762
2386
-5232
-4681
-6423
-1953
1386
6754
-3418
131
1174
6139
11199
-8995
-1407
10855
3936
-1181
-3944
-3720
-6385
160
281
2054
2294
-3974
571
7315
-4067
-3728
-3069
6325
5151
1590
-2695
2844
5045
-1288
1956
1674
2823
1133
-7838
-3085
-1529
680
2003
-3571
-351
-1559
-4587
5910
4147
-2424
-7250
4006
-5465
610
-4871
-2511
1035
6234
-620
2237
2108
-3140
-6649
-1455
-4555
-6969
-1167
5068
-848
2920
1122
1863
9152
4205
-1651
3977
-976
-399
690
567
-6301
3804
4208
-1851
2779
-6514
-227
4624
-1371
1940
631
9239
7782
1854
-512
1339
6350
-2127
2429
2075
-254
3837
-5452
-1197
-7509
-3453
3268
-7525
-4343
-1497
-5456
10362
540
801
-9643
5361
-8339
-867
-4797
1185
1982
1808
-3273
2462
5622
4266
-2546
108
-1836
-9433
-1279
6741
2876
6303
683
4424
10745
-1012
-3258
1800
3100
-2472
-4451
377
-7722
3924
-2291
1549
11290
-3972
-3066
709
-1974
3139
690
8320
6503
581
-3654
-212
11465
-4382
2162
2785
3956
1474
-2093
-3851
-2851
-4542
3204
5033
-3891
-4435
-4100
8024
-1666
-2363
-5745
35
-8378
8180
-3404
-127
1923
6630
3772
-138
6279
1793
-2923
-9295
-9260
-1160
460
7067
-1153
2393
1063
4037
13411
-7461
-2462
5955
1783
-335
-7308
100
-5839
-210
-1944
1535
3474
-2105
3620
6947
5897
-288
-2078
4041
3754
-3999
1356
3376
8281
2566
1372
12416
-2168
4218
-2529
-541
-5748
-556
6313
-8879
-645
2879
-9610
1294
15
7568
-12233
4764
-8226
-7654
-6711
2283
-83
-5188
-1933
2094
3990
-1201
-5345
1217
1246
-5089
1540
4213
-1725
4359
2185
5166
18715
4768
297
-4932
7453
-1486
-572
591
-3506
12003
-819
-3990
15424
-754
3313
10414
-1542
1723
7302
2571
6913
-3943
-1700
2591
16530
431
-6270
7763
-5055
5931
4064
-6063
-4749
-3257
3761
-39
2271
-2966
-2472
124
-5556
1154
-4358
-5939
-7065
4499
-2927
3274
3009
8785
293
-4016
9847
8678
-5299
-8763
-5598
5139
7642
11557
-3225
7360
-2867
4892
16159
-7602
-1345
3213
706
-1691
-6032
1893
-316
835
-5055
3252
12526
6135
3826
5532
887
3196
-1092
11157
6832
1505
-1289
97
7031
-1192
1235
3008
417
1409
-6829
-2372
-4861
-839
2977
-3626
-2385
-1690
-1900
7282
4452
1377
-7937
5301
-8726
1478
-6258
227
1885
3410
1892
3084
4207
-2424
-6526
-4497
-5212
-6838
-2169
5893
3717
4858
3027
4184
13757
-1029
-3522
2734
2045
-1025
-6614
21
-8622
2743
-370
-573
10775
-4688
-2523
7539
-2644
4185
3106
7626
1653
1993
-4394
-1439
11849
-7079
3544
337
7285
615
-2215
-2096
-4728
-731
5295
8115
-6003
-2461
-3678
5611
-560
-4838
-9963
-1361
-7326
3330
-5867
867
3310
7099
5309
4438
2381
201
-6616
-13306
-10376
-4817
1304
8658
2584
51
2677
5574
9317
-8405
-6164
3440
2082
-337
-9154
449
-4664
-2307
-3184
3655
2092
-420
1028
5854
27
-912
2437
6785
3029
1976
-3993
4054
5024
-2193
5013
3813
5229
-505
-5110
-1635
-5325
-934
4671
-3349
3308
-1322
-3742
4529
-2142
515
-4926
2153
-584
-289
-5434
1204
1744
5888
-895
-1352
764
-765
-5381
-5592
-5428
-1056
-729
5262
-447
1483
2031
951
9963
-4312
678
-722
342
-2262
-5542
2065
-8446
5848
-21
2449
3027
-1126
1101
3722
477
-3600
-2687
3920
6554
-1566
4371
3839
-1245
2989
-5642
7642
-1829
-105
-2831
-2451
-1706
-3684
6518
-2525
-2125
3812
1744
3051
-934
1995
1795
1810
-2680
-2751
-5136
3371
1034
-530
-2625
1500
909
-1321
-6178
224
3248
-202
57
1288
-1062
3584
1041
-3251
4049
-1901
2193
-663
4525
-1151
-2907
-2385
-5888
2693
2769
1070
7681
-3293
-2254
728
2729
-2363
697
6837
3119
3029
6298
3788
2532
2049
-3123
8544
-615
-798
-5975
2266
181
-3205
6011
-3217
-2358
187
851
3542
-678
2242
-861
3682
-3434
-3239
-5900
5248
-285
3823
-832
1355
7509
5884
-4615
-2233
-929
1223
2534
276
2900
-1652
5674
1705
7388
-1834
1673
-971
1026
-665
-6789
-7541
-863
3157
-839
-47
7937
-2089
1659
8873
-4408
62
5891
2927
3872
-4018
851
1727
10791
47
-893
7206
-696
5411
3026
-4794
-6440
-421
4450
-1293
8212
-4622
-2247
3590
-5823
5501
-2689
-2051
-6553
7324
-1645
660
2277
6032
-338
-948
-3797
6510
-4442
-8838
-7387
702
1582
10651
3924
5892
-3468
1820
9244
1505
117
836
1056
-325
-5254
3954
-171
-1586
-10379
3249
10756
3846
4630
4039
-491
-35
2043
8554
4830
591
2090
3548
4076
-356
2347
7008
-1231
-86
-4710
-1025
-5888
-1195
4152
-6020
1488
-1113
-1781
3327
-2004
4853
-1639
2748
-3217
1019
-4998
2109
1695
2945
-2432
-1110
2141
1651
-3524
-393
-352
-2742
-1723
4498
2384
4172
984
4263
10882
-552
1573
-1073
1738
-2027
-9371
-87
-4845
3652
-2987
1567
9159
-806
-662
3317
-131
-2330
-14
2792
4265
-2131
1780
1688
4909
-744
-540
6526
-123
3242
372
-4422
-3759
-3232
4278
-938
1043
757
-2002
2439
-1766
4001
-4881
-1122
-6406
60
-3202
2817
1959
-591
1787
1708
1664
661
-5522
-3200
-2493
1559
4254
7320
-1748
1618
694
809
8777
-4061
-374
-919
5156
384
-2669
1661
-5602
968
396
1250
5851
-2197
3119
5160
-4465
-7993
-1566
2623
6829
1830
-601
5165
4634
6841
4650
6087
7045
-3374
-5225
943
-569
3185
1595
22
2333
4004
-4469
6189
4726
-4436
-2857
5727
-6220
896
759
-624
-56
5538
-3709
570
5207
-814
-9719
-5284
-4039
-8335
-3202
737
-2459
-2729
3509
-4650
6439
6108
-3432
3971
2980
125
1113
-1979
-6125
3460
388
2957
859
-194
4301
8001
-3869
-6398
3589
559
4511
1552
4004
-1516
7821
8890
9779
6975
3323
-1937
897
275
-534
3246
4574
-4496
1698
12341
-5604
6194
-578
3423
3644
-3492
-4002
576
-3525
7638
434
8109
-6071
5334
2126
3507
-6720
-1304
-366
-11052
-6449
-1056
7250
-1646
2211
534
4931
-3536
-447
5579
10103
132
-5203
-2865
-9334
2152
-4921
3018
879
6227
-5156
6445
-6332
-5829
2560
5612
6670
2927
3955
298
9609
7974
12157
7755
-738
-4482
2545
2875
-752
-185
2600
-4825
4333
9466
-6411
3746
1310
4130
2627
-1387
-4756
5941
587
5318
522
9878
-9317
553
7362
9285
480
1547
-390
-14070
-9507
211
10510
1390
-2942
1952
6743
1545
4857
7140
7117
-1263
-7890
-5256
-4010
2211
-9930
6181
6165
6947
-2645
8908
-9349
-1182
3959
4179
7618
492
6690
-873
12708
4982
9438
7172
-3356
-1479
5176
-932
-5335
-1752
1263
4657
10049
2289
-4829
839
-1988
3848
6753
-4561
-2898
14483
3470
3184
1
15404
-2943
-5295
7890
13585
-656
-4290
-6778
-9832
-6459
9158
9174
3973
-8567
3700
10708
-4107
6612
9798
1094
-1630
-11109
-2425
-2244
-3627
-16338
7393
12750
7134
-535
5077
2176
5251
-2111
10401
2343
-1981
364
4188
5047
-1944
4677
11598
-1205
2095
-10331
1697
-8631
1238
3017
-4036
2114
-5435
-9644
2398
3069
5189
-8327
10061
-3060
-3564
-6221
-1709
-2999
-1555
-3147
-1847
5789
3129
-2444
-1169
-1438
-7461
-4241
5671
698
4132
-857
5995
18388
8683
3416
-6021
-2424
-3213
-1592
-653
-2072
13190
-3481
-5879
13060
-8921
3433
8247
-3811
-2406
-4106
1413
6619
-3912
-1616
496
8198
822
-413
8719
-259
4291
-601
-6090
-1843
-2905
2578
-859
1906
-608
-3535
4646
-1818
1799
-5468
1181
-8993
2725
-1867
-1605
1081
708
1480
1420
-1181
-439
-6335
-6287
-5004
710
1273
8813
-3911
1567
-3819
-2050
11728
3871
-2014
3041
5715
645
1734
2891
-71
2257
-667
256
5525
-3153
4821
7856
407
-2345
-874
5700
5810
-3837
-177
3849
1086
8
-2004
5611
-967
1276
-4001
-3762
-2654
-2399
1999
-1089
-1526
2212
35
4049
2807
-107
-347
2599
-6624
1602
-972
231
2786
-1000
-1345
952
5624
-1276
-5070
-1409
1965
-1129
-1409
3107
-4815
2693
-3390
-4420
6202
-2627
877
-488
3608
53
1202
-1067
-5004
3363
3469
-2212
3742
-3559
1586
1667
-1573
286
1479
4734
6045
-988
-595
1191
8147
-1516
1321
4982
-1875
3003
2596
-3411
-3268
-2668
2750
-3558
318
620
-2566
6313
-1146
643
-3363
80
-9956
4127
-1080
4019
2607
1782
-387
2159
3660
3798
-1787
-5240
-1342
2043
2203
6767
106
2969
-2089
-1753
7382
-3323
-1969
502
6007
-192
-2237
1065
-3594
246
-165
1218
5981
-1452
3413
5661
-1991
642
1838
5352
5352
1854
-3582
525
10403
-1483
2832
1163
1715
4131
-1639
-4648
-5324
-2321
4552
-2708
3694
-1657
-5336
4412
888
1962
-7438
-1730
-4087
1505
-4176
3083
230
8035
2320
-166
4797
2233
-4244
-6628
-8626
-1607
2440
8528
2798
3482
576
3476
13210
-8168
262
2006
571
-1299
-5543
1725
-9853
2579
-2306
3146
6538
229
423
5994
368
190
-435
2411
3307
-3603
-1524
-1775
10402
2093
3094
9873
-1950
9471
191
-3576
-8527
763
4461
-4680
3243
1891
-11490
4459
835
6781
-11869
2664
-4413
-3476
-5099
733
639
-1444
-178
491
2551
5686
-3066
-4869
-2668
-3861
1690
9826
-1240
5778
-2513
1576
15550
3277
1054
-2899
5250
-2525
3145
5553
-8024
11929
115
-2470
9885
-6784
1634
5825
2239
-7234
-5493
3586
10507
-4270
1456
6507
287
5552
-5809
9186
-1884
646
-7259
-2499
1428
-3748
221
-7038
2297
364
317
609
1359
-1518
-7423
6587
-6184
-3353
131
-2552
-1778
-336
-1235
-193
2990
-3443
-10777
439
-2285
-3674
899
652
-2977
-1120
1424
-2813
11173
7318
-365
4078
4203
1674
4114
-4588
-2469
7147
-383
502
6820
1424
4888
10189
-2882
-1105
1800
5991
8540
-1986
877
-1085
2974
-1486
-7088
1717
-5971
5754
-2283
-5451
-1197
-2864
2204
2414
-1367
5519
1803
4764
1055
1846
2270
155
-7735
1370
-2067
3413
2348
-673
997
1253
2734
2257
-5031
-4129
65
1913
2313
4202
-3651
1469
-1271
-438
5744
-7297
-225
1431
4474
-678
-5997
-3752
-9603
1107
1917
2211
2602
-2438
-3293
361
-1081
3523
2411
5885
1166
-2050
3821
1328
5287
-488
-1684
3162
-3254
2197
-955
-1736
-3705
1269
3474
-469
-1492
-835
-1369
-979
-1408
9037
-4327
122
-4653
-839
-3413
2338
1110
-4406
3017
374
550
399
-934
28
-1770
-1122
4257
2535
2263
710
3489
9141
10545
1754
-1542
-2341
1439
910
-11481
-1207
364
-247
-4126
1092
8199
2412
2719
5956
-23
4498
3148
4714
6802
503
-1073
-4169
20911
500
-2521
6251
-5718
15151
-1033
-5415
-7982
311
5376
-3074
1882
-1275
-9823
6791
-2069
7988
-12475
-452
-10586
-3164
-3782
4027
2535
4170
2266
545
7995
10030
-7186
-8349
-5988
-3585
3999
16203
1307
7663
-249
13130
24223
-5060
-1755
-389
791
-1489
-5630
2879
-5797
2594
-10010
-1689
19053
450
-933
7069
1761
-6886
-5878
3148
10569
782
368
1274
4050
7736
-4185
8724
1768
3606
-8701
-1505
1954
-594
3131
-5606
-571
3215
-947
5325
3098
-2482
-7458
7035
-4355
-5298
-154
-638
-2227
918
-1229
1228
4446
-559
-9944
-6403
-3283
-3657
-764
-1343
381
-3821
5065
-3688
9808
4446
-1638
4261
4987
1539
2482
-6042
-5035
5425
-1823
1615
3059
1145
3325
10155
1393
-4545
4531
2625
8401
-618
-1349
1458
4622
7515
-9188
2415
-1080
4707
-3577
-1096
412
300
3436
-7159
-1577
7541
386
7021
7
573
704
-1428
-6844
-5251
-5747
6693
1305
2652
-596
6925
6653
3848
-10559
-1453
1282
-478
3626
1034
-196
-345
5602
-2867
5924
-8264
-1445
2539
7189
-48
-410
-4250
-12249
5756
4396
-1541
1368
641
-4756
4443
5816
6596
1870
7578
1111
271
1176
3527
2990
4877
-1291
11348
-1176
-2674
-1455
7119
-1414
596
4085
-6310
-4902
156
-5425
2041
1968
1266
-4186
4039
-1217
-2027
-7859
3657
-200
2408
-1501
2277
11693
10013
-2447
-543
1871
-7249
-323
-1289
8097
363
5291
4427
8890
-312
5
-1988
8790
-3930
-6545
-4094
-165
9503
-2139
-1398
8475
405
2964
10595
-3102
1414
3669
5514
1961
-281
-1575
-3332
10729
-1724
-2531
1112
3065
1955
-87
-883
-144
-3178
1773
6367
-8403
-3118
-3020
6557
-1792
-2973
-6028
-1353
-8466
4310
-5809
1211
1960
2667
4625
5131
2127
4989
-3516
-5282
-7843
-3001
3356
6567
-56
-1021
2355
4934
5249
-2998
-6294
6927
5410
67
-5111
-2807
115
-1976
661
1504
-72
-6369
1821
7502
-5918
1133
-1032
8288
5772
-2518
-2066
860
9608
-779
-257
2765
3705
1545
-3521
-3019
-3451
-4004
1564
3622
-7017
-8749
-8193
7091
-4959
-3097
-8250
-85
-2758
5027
-3875
-3314
-843
4244
5052
-1010
5017
5326
-2235
-239
-4008
-5576
567
8055
-781
2304
256
5475
11184
-352
2654
7434
98
500
-2487
-318
-2461
4069
2566
-16
-1944
-8197
4171
4175
-864
-5071
-1715
622
4451
864
2642
-1495
6252
5044
4456
9263
1678
3756
-2618
-1735
-3267
1870
4555
-1323
4205
5006
-8037
4413
184
2504
-5150
2250
-2270
-3327
-4246
2881
-886
2553
-2060
255
-895
1065
-10202
-5360
-2419
-6307
-1635
4111
1508
-652
2532
1426
8857
2513
-272
1382
6600
-151
-1396
165
-7967
4487
-3158
3348
3457
-1921
825
7322
-4831
-3508
4300
737
4081
-1004
2911
668
7178
5830
7475
5745
2574
-2338
3515
-1225
-2007
230
4496
-115
-880
9142
-4311
8389
-1045
152
5574
-3797
-9029
2703
-7448
6360
2192
7919
-7236
3742
3576
4663
-6441
-3074
628
-7934
-5338
-343
3368
2480
-2579
-3859
2605
-6210
-3450
5756
11463
299
-5195
-2562
-6429
803
-1967
5478
889
6621
-3911
5308
-3747
-4306
9249
-671
2462
-1557
7780
-1161
6356
10735
6512
7847
-336
-1169
10668
3845
-3977
104
3712
-4544
5986
7942
-4978
3216
-278
7215
5280
-4552
-3807
8918
-4241
4474
1324
11647
-6688
577
4341
12498
2430
-2092
-4106
-10367
-5612
-1181
13637
5118
-3586
-1134
2319
-1348
2462
6747
9165
-2277
-10654
-2680
-4301
2290
-10897
7133
8384
10700
-3284
4431
-5563
-3800
8316
-886
9449
-2754
8982
665
13225
9571
902
7528
-4972
1328
13679
1046
-7126
-3110
3168
2150
13018
1267
-2975
-730
-6349
6416
4495
-6924
-5105
12942
459
4528
-228
16911
-5320
-5359
5571
16929
164
-4783
-8730
-6193
-1065
7763
12731
9776
-5876
2867
11195
-2836
7078
10426
234
-992
-13770
-2243
-3671
-3534
-19222
8877
21141
11943
-188
5371
2511
3799
-2872
8649
3760
-2688
970
1992
5629
-1495
6795
11272
-1332
4699
-6184
1418
-10326
502
2056
-2654
3165
-3816
-11788
4866
3287
3956
-10730
11563
-5527
-2211
-3644
-2388
-2044
-1706
-2788
-2487
5007
4555
-1535
-3047
-1850
-8564
-5246
7707
-546
6146
-3094
2711
17928
9161
3095
-5189
-1266
-3046
1424
1842
-5423
14434
-3350
-5395
14297
-10319
3211
6443
