606
10
0
-494
0
1255
0
-1312
0
675
-286
-30
1134
957
0
182
-219
0
0
-518
0
0
-771
2298
0
-3427
-630
0
-256
1045
0
-25
204
-248
0
264
-1965
660
-603
671
-159
77
235
-4583
-2579
-961
404
942
37
244
-380
0
445
0
1529
-1905
581
-5267
-1562
-895
3530
-474
-61
579
-1272
0
-3929
-2128
1036
902
324
635
-119
-788
0
0
65
72
-60
1646
518
386
0
-4
3145
0
174
2555
0
0
0
231
0
0
-1406
0
3294
-15
-456
-320
0
-175
-1128
-3268
0
-498
0
-249
508
-145
3685
124
1447
0
1134
7
259
-152
-5126
434
-2137
0
-6077
-43
84
0
0
-410
2715
0
-2858
-604
0
0
-1571
795
-1689
36
-272
-362
0
254
0
-854
0
-3940
-291
0
-1287
0
-3938
-4359
1384
-3880
2640
0
0
0
907
1917
-579
204
5581
0
0
99
-1016
0
0
0
-4018
0
-1302
405
-590
306
0
-4052
-58
964
-644
169
-1249
579
-506
-2671
1211
96
-817
523
210
0
0
-1227
0
152
-167
-412
0
0
1728
-6095
1651
0
3087
0
0
570
-3532
-485
-1057
0
78
4692
-586
-4232
-3261
-511
-489
740
-4868
0
3937
-620
-14
0
-424
1940
1004
0
0
0
222
-2456
12
1380
364
0
1651
1549
164
3102
142
0
381
0
1083
854
-478
-2516
235
1505
-1015
28
0
-3136
-3975
-1738
-1085
503
0
0
-43
0
1367
-182
-3377
-1146
-1304
0
-1750
852
-835
0
-784
0
249
235
-3712
0
0
0
0
-578
-1692
-1158
225
0
919
-127
0
598
0
-1385
0
45
0
612
1278
96
-322
1299
0
-273
1974
0
0
-399
0
0
70
1278
0
-2754
370
0
-1808
2375
0
-26
243
-2464
0
-80
408
-4530
2396
475
-434
58
187
-3487
642
-3181
311
-421
-398
284
468
0
1030
0
-180
-135
-883
-1350
-2987
-417
1592
1819
-45
-2106
-900
0
-687
1568
771
-406
-204
-115
-889
-508
0
0
-1157
-592
-492
2124
-14
-481
0
103
3109
0
-408
-1221
0
0
0
516
0
0
798
0
3915
45
-534
-1375
0
-238
693
-442
0
-30
0
-2379
144
-10
1397
78
1214
0
903
-395
116
-254
-3274
-1934
-682
0
-4034
147
381
0
0
95
2501
0
-2323
229
0
0
3
-59
-859
130
92
397
0
92
0
436
0
2183
-183
0
569
0
-3950
520
-1518
-327
1480
0
0
0
387
2222
1368
27
7865
0
0
-726
-592
0
0
0
418
0
1807
-1558
-1300
2763
0
-520
88
2634
3473
-380
2708
584
2619
-2063
23
246
-326
-875
-2687
0
0
3378
0
-1186
81
314
0
0
-1884
5705
-1573
0
1604
0
0
476
2315
560
29
0
606
-128
-1312
-289
702
-1425
363
3423
-3627
0
2375
-1275
-127
0
-997
-4531
-598
0
0
0
28
1176
-795
753
-170
0
390
-1960
300
-927
64
0
198
0
647
504
-1456
240
1044
-1647
-1090
161
0
2893
3985
-2890
-2309
-2179
0
0
81
0
680
686
-1405
1668
-1711
0
30
-1207
578
0
509
0
258
-410
-3260
0
0
0
0
-568
-1638
-1662
635
0
510
-10
210
0
0
-72
0
376
0
-1105
290
0
-1270
-63
0
0
-22
0
0
-60
0
0
-2454
2093
0
-941
-84
1106
-314
-1199
0
0
179
507
0
37
4832
-3155
-1328
1650
-532
328
1981
-3718
-507
-2627
1237
2102
0
-420
-448
0
218
0
-220
728
238
-1296
-2834
459
3932
36
0
100
-1446
0
-981
-903
-42
372
0
-792
0
1498
0
-412
147
-1069
-81
-396
-2046
457
0
-77
2177
0
-252
-16
0
0
0
45
0
0
-1012
144
3530
0
-12
-699
0
0
-126
-1108
0
336
0
415
0
-462
5182
0
884
168
-3239
474
1018
-472
-5830
833
-2348
0
-4717
1242
28
0
0
0
3331
0
-2780
108
0
0
-395
60
-220
724
44
-1425
0
124
-459
134
0
605
-427
0
-2013
0
-1344
-2087
672
-704
66
0
0
0
-189
-4205
1000
195
4550
0
0
660
368
0
0
0
-2088
0
-742
-712
-342
1002
-66
-4275
-145
97
3036
1412
-53
244
520
-3241
-204
654
-371
164
301
0
0
860
0
-168
543
-360
-1005
0
0
-211
148
0
2214
0
0
2450
-2165
1065
-1
0
2344
3285
-564
-2665
-2761
629
-345
913
-2588
0
-2628
0
0
-390
-60
-305
-166
-1397
0
240
-174
-1284
-1138
854
606
0
1192
2002
0
-437
355
0
-600
0
-443
2459
1616
968
411
130
-331
0
0
74
-580
-690
-537
636
0
0
0
-889
1471
117
1764
-392
-714
0
-240
-943
1694
0
-133
0
747
221
-1239
1500
0
0
0
-1050
-3045
-1064
0
440
367
276
-56
-266
0
3602
0
-494
0
-549
1084
0
810
-35
-252
98
147
-2
0
-291
-381
0
-661
1039
0
-2621
-441
-341
-607
885
0
0
68
329
0
396
-2031
-148
-294
414
-170
324
-3056
-6768
-2859
-12
1137
1226
27
902
928
0
438
0
3019
-355
52
-5074
-1297
1251
2474
-454
0
-2006
-692
0
619
-2893
1223
199
216
-215
0
-1046
0
135
319
-503
1557
-488
475
494
0
-40
3144
0
116
3611
0
0
0
-6
-6
0
-1744
0
8368
0
-48
-422
0
0
-861
-4563
0
0
0
-2
72
-740
1276
0
2295
0
-1104
-6
202
-372
-6059
3727
-3373
0
-5377
-282
-81
0
0
0
2304
0
-4348
-290
0
0
-1452
240
-186
176
-18
-637
0
508
180
509
0
-769
0
0
39
0
-4314
-1696
2256
-4694
2082
0
0
0
639
-1890
-204
119
10949
256
0
-28
150
0
0
0
-1755
0
-91
-289
-1098
2605
0
-2991
220
-3044
-166
254
-1188
-81
674
-3992
140
396
-231
507
2370
0
0
-578
0
-1127
729
-420
-600
0
1210
-3806
-120
0
3376
0
0
1400
-2669
-280
371
0
374
2566
-855
-1788
-3939
-1530
-2426
2330
-5183
0
-823
0
0
36
-1003
-1494
300
0
0
0
1676
338
-1016
-68
-808
0
3533
2099
0
1711
615
25
708
0
553
1800
213
-919
515
1456
-397
0
-32
-2961
-3185
-2596
-3879
303
0
0
0
-662
1957
-1528
1261
-304
235
0
-832
734
-300
0
-30
0
774
-2338
-2205
-57
420
0
0
-736
-2671
-1965
0
102
937
50
12
322
0
-318
0
-214
0
-1126
-29
0
-230
2485
42
-147
744
-72
0
-315
339
0
-1624
501
0
-3866
259
253
-360
2140
0
0
81
-3102
0
-120
579
-2419
3232
-738
30
648
-1057
-4341
234
-821
-543
-345
-48
480
117
0
42
0
-156
84
-316
-720
-1325
1379
3916
1360
0
-3481
-977
0
69
-917
1144
-422
-136
-220
0
-1771
0
316
-246
-147
-1125
976
646
-582
0
29
2795
0
-272
-1709
0
0
0
0
-39
0
1066
0
6222
0
-186
-1915
0
0
-57
-1215
0
0
0
-1106
-304
-340
2023
0
874
0
-1054
-618
-142
0
-3594
-54
-1637
0
-4618
-18
-39
0
0
0
1914
0
-2658
-904
0
0
149
60
-415
264
-13
207
0
184
324
887
0
490
0
0
-325
0
-3049
339
-2496
2433
878
0
0
0
-891
467
1162
88
12821
-120
0
-264
-38
0
0
0
665
0
2552
-831
-1170
3343
0
-868
0
438
5670
-741
2311
150
1105
-3520
-28
-221
-118
-399
-840
0
0
1519
0
-981
-689
314
1500
0
-1471
5398
0
0
1050
0
0
78
3242
-220
-208
0
-308
2389
-627
-360
-935
-1725
1130
3237
-863
0
1929
0
0
-312
-889
-2569
-335
0
0
0
-11
-222
0
-165
198
0
184
-3538
0
-200
-795
-118
2756
0
-99
809
-1866
15
2314
-1778
-227
0
2
2425
4410
-2622
-2685
-1689
0
0
0
-108
1488
99
1680
3707
10
0
-78
-181
-268
0
0
0
-738
-4487
-1778
126
44
0
0
-824
-1827
-1983
0
249
1139
-10
0
-52
0
-2547
0
11
0
-1017
-7172
-26
-574
-309
0
-507
-1444
0
0
-693
0
0
-921
1868
0
48
-130
0
1664
2177
0
-47
210
304
0
-344
-2186
2270
-526
50
1455
111
-2470
-1917
-1873
23
-29
-304
357
-508
-144
0
2335
0
542
15
1194
-4417
-2969
1150
2771
402
67
-1275
-288
0
718
496
622
156
24
-130
-287
-778
0
0
353
-661
260
-614
-413
1673
0
19
1200
0
-570
1921
0
0
0
-246
0
0
-398
0
-104
-8
-642
-236
0
-154
171
-2957
0
-26
0
85
72
-315
2057
-40
-2220
0
-672
53
453
18
-2266
1684
-3617
0
-2055
-285
-156
0
0
-295
308
0
1325
-134
0
0
703
143
-2741
1360
-72
-2162
0
-44
0
-1376
0
-3821
246
0
-3265
0
-2081
-2302
3049
-2966
-290
0
0
0
-1249
-2419
366
-294
-4346
0
0
1397
136
0
0
0
-1714
0
-476
-2151
-1709
-731
0
-1744
-16
-3397
2386
-516
1260
-183
1598
-1231
983
-102
-792
1503
1674
0
0
-1362
0
1436
-407
-623
0
0
583
101
845
0
259
0
0
921
-3643
-425
387
0
101
-562
4
-984
-363
1735
-1029
1465
-3173
0
1849
1245
65
0
808
2246
97
0
0
0
-51
-2492
-339
-268
-1031
0
1482
-2588
-160
1531
-12
0
216
0
-141
210
2485
-1540
-517
-262
515
889
0
335
-2977
2175
1077
498
0
0
15
0
95
210
3974
-570
-3469
0
-1628
-1182
1971
0
2153
0
-144
-481
-204
0
0
0
0
-104
-607
-44
120
0
-1124
-84
0
0
0
-3006
0
609
0
-666
-2718
-130
252
551
0
-403
-1006
0
0
-609
0
0
-1513
-2146
0
711
670
51
-1584
1002
0
-59
45
5352
44
-422
2177
-1568
-2888
758
2404
235
-1386
-3698
668
54
-155
231
665
-694
372
0
977
0
2291
780
299
-3226
-581
2063
8174
-733
1
-1764
60
0
4108
27
-213
-619
-381
24
-805
-130
0
0
-125
-613
400
-797
-1580
744
0
439
1940
0
-678
537
0
0
0
-284
0
0
-1306
0
586
69
984
-1227
0
889
-204
-2209
0
-990
0
-1606
-304
147
-3366
-152
1468
0
-2222
-562
-459
-186
-3125
362
-1973
0
-5854
-189
-36
0
0
-405
527
0
-1510
-426
0
0
-1940
-523
-626
1072
-52
-1181
0
54
-444
-994
0
1812
-381
0
2207
0
-5208
-1302
-14
-2703
-1580
0
0
0
-1149
-931
-549
-252
-1596
45
0
-458
-328
0
0
0
2630
0
-979
-343
-1061
5219
0
-4607
-2
-5121
3544
-58
-423
-146
1447
-5300
-153
198
-509
1265
2680
0
0
1317
0
-1323
1148
-308
0
0
-1104
5855
481
0
1608
0
0
1917
-5409
-550
372
0
-1046
-3812
-564
-246
3781
-2038
-1874
306
-2717
0
-2811
-1795
-71
-52
-2985
-4759
-539
608
0
0
1066
3472
-819
76
63
0
444
-1151
-124
493
30
25
-955
0
-718
384
-1152
-821
-41
-854
-2305
-763
0
-103
4613
-1769
-991
-2134
0
0
-29
0
112
-798
2382
2127
-2395
0
-1565
-40
-187
0
-111
0
-288
-1566
-1964
225
0
0
0
-225
360
-1760
90
0
1757
0
-127
822
0
-464
15
-1746
0
825
475
0
-98
2540
0
-77
867
0
0
-381
0
508
-2521
2896
0
-3654
-837
330
-304
691
0
0
111
-2600
-127
296
1777
-2158
1025
3512
-254
169
1903
-6430
-120
-1763
1050
797
-320
-1725
0
0
404
0
-237
0
292
-2708
-215
-528
5160
354
-61
-1379
-225
0
-5095
-2315
394
759
-204
801
-204
655
0
-103
-850
312
-750
1710
-267
626
0
598
3514
0
29
1640
0
0
0
270
0
0
-1887
0
5735
450
-286
-509
28
-336
1430
-2197
0
-36
0
-471
0
-912
5029
0
920
381
-1792
1254
1894
-304
-4807
-599
-2083
0
-6952
848
256
0
36
-94
3928
0
-2796
-909
0
0
-1116
588
-1266
-322
0
-1537
0
254
-318
-12
0
50
-456
0
-2190
1394
-4746
-2456
1705
-3284
2552
0
0
-330
514
-1533
2469
254
7736
-71
0
-594
-1397
0
0
216
-5797
0
-1226
956
-1370
982
0
-3729
323
4190
1858
-754
2175
395
-441
-4400
128
495
-706
470
-1382
0
0
944
0
292
472
-683
-1995
0
1118
-3799
-1555
15
903
0
0
400
-809
-679
-2846
-28
-218
3855
-1024
-4473
-4998
115
608
1580
-5402
0
719
-1810
0
-208
-1185
1690
-426
-636
-127
0
-33
-2309
-265
2261
1019
-198
3273
380
246
1521
251
66
951
0
-338
1379
-311
-1454
-412
2826
-1015
76
0
-1456
-3299
-2011
1146
-258
0
0
-559
0
1505
144
-2730
-794
-1988
0
-1132
-1161
1021
0
226
0
-524
-210
-2138
990
0
0
0
-2102
-4053
-1243
0
-32
915
0
125
-874
0
-2114
44
-1428
0
748
240
0
254
2260
0
-362
1795
0
0
-261
0
-140
1395
3448
0
-2753
-314
332
-1991
1845
0
0
316
-845
0
735
-16
1093
3966
1517
-1131
-79
956
-4338
-1982
-2559
1144
-296
-746
-406
0
0
1219
0
33
0
-926
-1666
-635
1073
-245
1608
-45
-1685
-186
0
-1380
1966
86
-379
-216
-673
-1524
96
0
2
-2734
-2345
762
1773
33
126
0
117
2978
0
-68
-420
0
0
0
2389
0
0
1012
-486
9143
-190
250
-1637
42
888
-946
-133
0
147
0
-1104
0
-738
1879
0
1096
102
323
-1657
1129
-168
-5723
161
-2511
0
-2812
1393
1382
0
-94
-6
4707
0
-1522
-945
0
0
969
336
-526
-985
0
-3152
0
92
1680
123
0
2722
598
0
54
1768
-3944
-205
-1841
371
1566
0
0
-378
1570
-2097
2623
220
9771
0
0
-432
-814
0
0
-345
-461
0
2623
-678
-1410
1418
37
-2260
204
2194
2062
1074
-2046
136
2020
-2176
24
196
-793
-906
-2437
0
0
3622
0
208
459
128
75
0
-1157
4045
-137
72
936
0
0
1416
-33
1800
-842
276
2223
-1133
-2634
-2249
-2275
-3635
761
1586
-3034
0
-3605
-1212
0
-231
-1642
-281
-482
-363
11
-180
-440
1008
31
793
-16
-90
690
7
450
-1086
160
0
618
0
42
2202
-185
1350
1796
-1275
-1090
185
0
2023
2418
-617
-1965
-2486
0
0
1053
0
803
1424
393
2125
-1936
0
-844
-3843
3462
0
554
0
400
117
-1046
-1872
0
0
0
-1686
-3720
-1650
0
632
705
-22
-25
1092
0
-1270
0
997
0
0
6113
0
-184
0
0
-128
-517
0
0
685
0
0
-2878
3201
0
-2487
7
152
254
10
0
0
583
6362
0
321
3275
5253
463
950
941
54
-2062
-4267
-3759
-1263
1086
40
336
-1653
-167
0
623
0
3158
-896
-224
-3645
-1456
2638
843
168
0
672
-1608
0
2504
-26
164
-201
0
1016
0
-513
0
69
0
-771
405
-654
-1015
-362
0
0
5331
0
0
1027
0
0
0
-11
0
0
1743
-261
3927
0
-104
-374
0
-366
0
-20
0
-957
0
301
0
-234
3591
0
357
-465
-1733
-618
-330
352
-6445
1040
-2635
0
-6429
-485
90
0
0
0
4047
0
138
42
0
0
539
343
170
304
0
-1197
0
0
900
-1227
0
-5443
447
0
-1585
0
-555
-3524
-2318
1061
146
0
0
-357
-1873
-2219
624
12
5778
0
0
1166
0
0
0
0
1052
0
1088
1656
-186
4462
1
-2590
-505
-1935
2406
-427
-3003
-182
2330
-4004
-494
-58
-775
-73
-435
0
0
736
0
-832
1287
-140
323
0
13
882
-548
0
846
0
0
3181
3020
-611
-526
0
-421
1024
-1128
-1260
-314
-1759
-1744
-555
3085
0
-1799
-428
0
255
-1848
245
744
217
0
348
-269
-1972
579
-584
-655
0
2282
-696
0
-350
-130
0
539
0
448
2864
-2001
-3000
577
-1108
155
138
0
2444
-1599
-2211
3841
-136
0
0
0
-127
171
54
1417
2392
-1046
0
-3106
-386
1117
0
-295
0
-112
-384
791
-134
0
0
0
-1214
-1519
1141
0
68
792
-4
-248
18
0
-1138
0
-1494
0
684
-3957
0
-221
-593
-981
-273
-41
-118
0
-671
-21
0
-3787
114
0
-1738
-980
-1065
650
3028
0
0
162
-764
264
-839
-430
-6508
1004
277
1582
411
1378
-6574
-887
-1469
3213
-501
42
-1682
964
0
39
0
1466
-1024
32
-4902
144
-3283
7118
458
0
-5588
1108
0
-712
-1618
775
190
16
635
0
-2215
0
145
-365
-233
-279
-142
-436
3166
0
33
1866
0
-380
2602
0
0
0
-42
243
0
-561
0
6878
0
-100
-1642
0
0
-291
-3687
0
88
0
-674
-184
-1255
-299
0
-1430
0
-3568
-6
128
-372
-7781
1966
-2540
0
-10669
-432
100
0
0
0
706
0
-18
-1142
0
0
296
-26
-852
-297
78
583
0
-88
-295
-384
0
4540
0
0
-4920
0
-5533
-4552
4322
-4449
746
0
0
0
-577
-4479
220
-75
4681
397
0
-1270
-522
0
0
0
-2130
0
-413
-854
-2049
2537
0
-8630
-5
-1157
6381
-1223
1389
-69
484
-4441
219
-226
-993
2194
-517
0
0
-1517
0
-744
372
-642
76
0
122
1342
-268
0
5602
0
0
728
1420
145
-724
0
-593
1654
698
-4427
-3733
3387
171
3675
-4568
0
2203
0
0
255
-617
-2572
-3104
-306
0
0
-623
-868
176
769
-509
0
2663
-3851
-154
1050
-518
246
2697
0
-1999
1298
791
-2750
-1464
388
-860
-424
254
-2997
-2811
2103
2767
-52
0
0
0
574
1212
-362
386
534
-1386
0
-1094
-705
783
0
-184
0
-864
-1269
623
1554
-80
0
0
-32
-4523
-1053
0
-33
-537
-50
8
-46
0
-2272
0
-1269
0
-34
-381
0
33
-264
-244
-133
1592
-36
0
-597
-261
0
-3188
225
0
-581
126
-444
-871
3655
0
0
87
1110
-384
-837
-54
-5513
-1515
-189
1321
612
-9
-6547
-183
-765
-833
177
105
-1612
93
0
324
0
1246
164
-520
-4171
-575
-1771
8805
-1111
0
-9690
102
0
89
-413
-55
-375
-254
-115
0
723
0
-383
-155
-84
-81
-176
-427
1263
0
127
3502
0
-452
3240
0
0
0
381
381
0
-1015
0
7519
0
-173
-3295
0
0
-270
-4474
0
-42
0
-1282
-140
-15
-3995
0
70
0
-2819
-926
-990
0
-3743
-876
-1489
0
-10326
-762
108
0
72
0
480
0
-1644
288
0
0
-1522
821
-190
-693
127
743
0
108
-610
-1073
0
652
0
0
736
0
-6103
-615
-2039
-814
30
0
0
-770
-1017
-5664
586
-2
5900
279
0
47
-262
0
0
0
-1465
0
104
2555
-1142
5160
0
-3621
0
452
3857
243
-1679
388
2204
-7186
-141
488
-465
2196
836
0
0
1326
0
-1979
-131
-344
-606
0
111
2311
0
0
1981
0
0
457
2090
26
1
0
1054
-2166
-517
-2109
1337
-491
-52
3911
-2249
0
-7377
0
0
-381
-329
-5047
-2357
390
0
0
127
-734
-111
807
-1225
0
2830
-4401
-254
-340
-354
-651
1633
0
-2548
501
-1636
-213
639
-1396
-668
244
30
4487
922
-2088
-1601
-1529
0
0
0
44
601
143
-1596
2941
-918
0
38
-704
497
0
0
0
-1892
-775
-826
699
-543
0
0
-150
-3657
-1706
0
-144
1574
0
-35
-778
0
-1872
-33
-1724
0
-847
2548
74
-998
-89
0
156
-1189
0
0
-455
0
-124
1589
2826
0
-1206
435
57
-1511
-2102
0
0
73
4566
-107
998
1789
4390
-1229
528
56
553
1544
-4882
-4963
612
272
1329
1132
981
-190
0
-428
0
1370
-900
-1364
-3767
-251
-1138
4309
-763
261
1612
-2304
0
-1432
550
380
538
66
-625
-1320
-138
0
0
988
-3358
-322
-12
-5
898
0
-814
2123
0
31
1269
0
0
0
379
0
0
1202
0
5344
-149
1072
-2688
-254
-678
-1254
-1215
0
188
0
228
160
-173
2470
-34
384
0
729
803
1173
340
-8731
1964
-2597
0
-8789
919
77
0
-24
589
2755
0
-1308
-1101
0
0
2
-168
-56
2191
0
-1700
0
10
360
677
0
-4397
756
0
-4938
867
-4259
-6276
-40
-4320
2522
0
0
0
-1753
-2106
-874
0
3460
-30
0
506
-77
0
0
381
-98
0
-766
-688
92
1379
0
-6652
-609
700
3526
368
-38
-768
389
-3221
-525
312
-1158
526
88
0
0
-1583
0
-597
2051
-1073
-938
0
2159
3227
104
-381
2769
0
0
915
447
889
-3697
28
-1205
1856
1200
-5340
-2051
-322
-1939
-752
-1249
0
1567
82
-64
170
-1632
3593
1828
244
-74
0
-69
-3074
-92
-302
-1778
204
-1182
884
12
2887
-204
-118
1828
0
-690
3155
670
-3153
-437
-292
127
399
27
-5182
-237
951
-1943
2047
0
0
1001
0
2020
-155
628
579
-1295
0
-1312
-2270
2636
0
-979
0
0
-2482
766
252
0
0
0
-2258
-3419
-634
-465
248
2539
0
-40
-1993
0
-4362
-2
-690
0
-2260
-1218
0
-637
-667
0
-233
58
0
0
-540
0
32
-5746
2844
0
-1017
699
-767
1532
2731
0
0
741
-697
-37
616
3366
-1569
-1467
511
749
396
-1418
-6884
-2838
-2429
2715
869
993
1982
234
0
1251
0
1300
0
-462
-4325
-717
2595
4979
-14
77
-8526
-2536
0
242
523
68
74
-381
-924
-492
-694
0
127
1951
-962
-54
166
-1348
1067
0
-407
7693
0
-95
2163
0
0
0
599
0
0
-1210
0
8729
690
104
-538
88
228
308
-3653
0
-46
0
1294
0
-783
-1157
0
-1345
168
-3464
281
1317
36
-8188
2768
-3172
0
-6411
-574
-508
0
34
265
3858
0
-2831
144
0
0
-1646
-140
-3213
1509
0
-48
0
-44
648
740
0
-3773
476
0
165
2159
-4536
-7675
417
-5723
-418
0
0
381
1858
-9286
977
136
4471
-58
0
-618
647
0
0
-45
-934
0
547
-2052
-2094
4158
0
-3502
-124
-5006
3775
288
70
-496
3480
-4615
144
-122
-962
1440
1150
0
0
13
0
-318
-392
-963
-687
0
494
-662
127
120
3221
0
0
1475
2886
-595
96
156
-615
2449
-1118
-4039
-1594
959
-2504
3888
-2578
0
-3236
426
0
-254
-1032
-755
638
-368
-30
0
690
804
-325
-1447
-1583
-160
4055
-3264
-415
2066
-530
-81
1417
0
-2079
2334
406
-4750
-812
834
323
1963
-16
2454
-3668
-1187
-646
823
0
0
195
0
860
208
1438
303
-1488
0
-3147
-196
1230
0
-59
0
151
-6611
-874
1530
0
0
0
-2178
-6283
-1893
0
136
1168
0
-49
1529
0
-5598
34
-2479
0
-1333
-1526
0
-63
2088
0
198
484
0
0
-693
0
-200
-408
3136
0
-730
-537
-1814
-1984
1447
0
0
814
-2341
0
702
6
-6487
-2301
-2737
1677
542
-3339
-7951
-1011
-4643
1893
1352
2159
1359
0
0
1795
0
923
0
-2573
-4082
-513
387
9729
-1200
-97
-3370
-1236
0
3617
-1409
-236
169
-270
-444
-1380
-955
0
40
-1366
-1722
708
-145
705
-806
0
446
5542
0
-113
-531
0
0
0
-210
0
0
-1944
-1143
6868
-1270
-422
-1055
6
-756
-3089
-3766
0
-512
0
-2734
0
-1929
-3727
0
442
48
-2256
-1405
-657
-56
-8451
1166
-3206
0
-9196
-922
570
0
-254
767
261
0
-1429
-164
-381
0
-1102
469
-836
189
0
1526
0
149
-1620
596
0
678
-802
0
-2327
1105
-7762
-2085
-2931
-3248
-684
0
0
336
-2750
-1815
2457
145
8072
90
0
-1074
730
0
0
216
1304
0
-712
1654
338
4277
7
-4007
175
-4458
7009
-102
-3874
493
2051
-5372
-34
426
-969
1170
849
0
0
-701
0
-1482
-201
696
1298
0
-431
2609
-250
-156
414
0
96
1723
3818
-218
1557
412
314
1296
-608
-1223
1349
1738
-1307
3049
-2199
0
-1474
-2262
-70
-366
-219
-4527
-3745
-150
64
762
-187
-1313
408
-2600
-2233
102
94
-3236
-571
169
-564
0
104
0
-4282
884
-2053
-1415
1001
-2304
-2663
-1273
0
-523
2646
-2069
-3835
-4509
0
0
-377
0
308
-2032
2850
1675
-52
0
-3909
720
-1583
0
-355
0
-317
-7221
-962
-2840
-127
0
0
-2008
-4191
-565
0
408
1021
0
-211
-4
0
-216
0
-3408
0
-673
-6749
0
-889
434
0
0
-923
0
0
762
0
0
-4451
402
0
-2996
282
-678
660
-33
0
0
73
148
0
-79
3265
-1194
2349
-3071
805
316
-2354
-3840
-3039
864
-2343
-848
-38
-2975
-109
0
-74
0
925
0
-198
-1060
0
-2523
1343
84
0
2078
192
0
797
-1482
0
-411
0
195
0
-2007
0
-60
196
-196
0
0
210
1357
0
0
-940
0
0
-76
0
0
0
63
0
0
382
378
3068
0
351
-871
0
0
-301
-45
0
185
0
-1684
0
-299
4183
0
-617
-150
972
-1112
328
-372
-5676
2576
-2201
0
-3584
-1270
82
0
0
0
2789
0
1409
-952
-12
0
1392
343
490
853
0
-1928
0
-235
-1410
-357
0
2576
0
0
-4105
0
-1046
-668
-700
-2692
-443
0
0
0
-72
-3745
1890
-92
5101
-142
0
3188
404
0
0
0
-4514
0
274
1519
-507
558
-54
-5509
0
1476
2790
-742
-1577
134
-268
-4876
0
-722
-1179
760
-394
0
0
728
0
-702
-1579
730
50
0
3
200
0
0
5407
0
88
1371
-2220
104
-172
0
-303
1525
0
-965
-2339
-3153
2480
1064
-765
0
3417
0
-55
-222
-1487
2012
-193
898
0
-672
-432
-1630
-36
-611
-1396
0
332
-3085
-156
589
-166
0
2912
0
-1033
1987
1307
-242
768
-713
-253
32
0
-1646
-1607
287
2633
398
0
0
0
519
1556
0
5221
1943
-1373
0
-109
-1591
526
0
-412
0
162
244
0
-638
118
0
0
-791
-1482
4
0
-96
1844
-110
-76
-889
0
-2144
0
-844
0
-1394
-7607
0
567
384
-36
-889
-1169
0
0
-230
0
0
-3280
1552
0
-3670
-441
-93
864
2624
0
0
136
1270
-282
410
-1990
1021
-244
-274
1846
162
-2364
-4090
-479
-1274
136
-137
18
-61
319
0
1201
0
1541
-512
52
-3318
-448
163
3830
978
0
-8435
435
0
1337
-179
1651
245
124
-130
0
-577
0
-444
339
0
405
-152
-1485
-516
0
0
4054
0
0
1818
0
0
0
45
0
0
-106
0
6506
0
-132
-125
0
0
1143
-376
0
-110
0
-408
0
-397
2273
0
-562
0
1026
-2
289
0
-3912
10
641
0
-1042
0
-50
0
0
0
3659
0
1211
112
0
0
-499
-508
-171
176
0
-2449
0
0
224
-739
0
-1392
0
0
-288
0
-2559
-997
-909
-4524
-2413
0
0
0
568
368
2019
-84
-792
576
0
-220
68
0
0
0
204
0
964
-1024
-1941
1585
0
-1144
0
-4028
2305
-984
-634
-171
745
-6982
-161
323
-1330
2386
-1765
0
0
-418
0
593
-619
879
-80
0
-63
2912
0
0
231
0
0
1121
-5277
0
-342
0
169
-1481
-979
-426
-2574
-2643
-1464
4525
-977
0
3862
0
0
147
-1055
1263
949
42
0
0
1881
128
-40
-262
-206
0
1781
-2026
82
-38
-61
125
2065
0
1155
1128
622
-378
661
1022
-69
16
0
761
-1428
-635
-1034
998
0
0
0
662
1547
66
6090
168
-746
0
-2159
-1106
-371
0
-120
0
0
-577
658
288
0
0
0
-552
-814
-1085
0
0
-104
95
-28
-175
0
224
0
-927
0
-894
-12119
0
-161
-1303
6
284
-1602
0
0
-550
0
0
-4623
-535
0
-2973
259
179
-2277
2242
0
0
162
8
-642
9
-415
-976
-1535
-200
1662
324
-3110
-3483
750
53
-312
392
381
3832
59
0
664
0
372
-672
-316
-2201
264
156
6921
-493
0
-2591
891
0
2548
5
-202
-362
14
200
0
-1644
0
-276
-346
0
549
0
202
282
0
0
1218
0
0
4627
0
0
0
-6
0
0
-899
0
6065
0
114
-1219
0
0
-153
-2197
0
-206
0
-766
0
188
-1159
0
1008
0
1585
-206
-373
0
-1989
1358
-3785
0
-2001
0
-461
0
-24
0
3038
0
-162
-480
0
0
1045
98
7
264
0
-1829
0
0
232
-677
0
742
0
0
-2961
0
-3582
246
1284
601
-2899
0
0
889
-813
1466
-318
-84
1743
-14
0
921
-164
0
0
0
1546
0
114
-1729
774
3081
0
-3317
0
-5689
2899
1755
-738
63
1409
-6304
-17
477
-968
3175
-1649
0
0
-293
0
-750
-1231
98
-269
0
215
3082
0
0
3536
0
0
346
-7776
0
84
0
-99
-2835
-44
358
1280
-3225
-337
1241
-1766
0
-1020
0
0
144
-983
-3686
355
48
0
0
-35
-1586
-213
-256
-6
0
2408
-1175
150
339
-18
-590
805
0
843
156
1697
-131
1325
-935
-621
92
-16
-556
816
295
-4538
-1514
0
0
0
-427
266
-792
4821
2240
-967
0
-1277
320
-291
0
0
0
581
-1731
-280
-190
105
0
0
-618
254
-1027
0
0
-943
455
0
-378
0
0
0
-296
0
0
-2377
0
0
-399
-36
3
-1673
0
0
-475
0
0
-520
48
0
-2554
0
-155
-64
514
0
0
0
654
-222
-30
-102
-930
-573
-208
1905
0
-1962
-3519
240
441
-617
48
174
2954
0
0
250
0
2080
-480
0
-3336
512
-551
3574
-1892
0
-1371
254
0
2853
657
348
-98
28
0
0
-740
0
0
86
0
-612
8
278
372
0
0
-584
0
0
76
0
0
0
0
0
0
-837
0
5652
0
0
-994
0
0
-594
-1330
0
-68
0
0
0
-58
-247
0
1032
0
786
0
-508
0
-730
-624
-1198
0
-2010
0
-108
0
34
0
1840
0
-857
-336
0
0
-2117
-818
68
0
0
-693
0
0
276
799
0
-3
0
0
1582
0
-3112
215
-2575
-1368
-283
0
0
784
71
3725
144
0
4374
-642
0
-28
0
0
0
0
2811
0
-151
-1306
664
3733
0
-2133
0
-1101
995
-847
-1259
-111
1254
-2719
-670
256
-304
519
-1020
0
0
1140
0
-2539
-132
-180
-280
0
306
6138
0
0
1396
0
0
48
-3620
0
-159
0
-110
-350
55
1248
1044
-1925
117
762
2059
0
3994
0
0
0
-1016
-3021
270
426
0
0
0
1828
-381
-308
-147
0
-1089
-1013
0
349
-1022
-405
1542
0
270
0
-1031
0
140
-254
0
0
1
1541
2245
-4
-6720
-430
0
0
0
0
469
-671
4230
3526
-782
0
484
492
795
0
0
0
602
-680
70
420
11
0
0
0
1166
-814
0
0
123
-10
0
0
0
0
0
-502
0
0
615
0
0
0
0
0
880
0
0
-54
0
0
0
1947
0
0
0
0
0
628
0
0
0
-508
0
0
-1262
2819
680
230
210
54
-1442
-1009
-3325
-1508
-1674
159
0
0
-1261
0
-110
0
945
186
0
-504
-1990
1380
738
0
-61
988
-3192
0
-192
-254
176
0
0
0
0
0
0
0
0
-681
-1125
2130
0
72
0
0
3673
0
0
-477
0
0
0
18
0
0
0
-116
0
0
0
-1942
0
0
0
0
0
0
0
0
0
0
815
0
285
-279
0
0
0
-250
-3528
0
-309
0
-4848
-188
0
0
0
0
321
0
-1976
-339
0
0
5
0
-95
0
0
-287
0
0
0
673
0
-4670
0
0
352
0
-1092
-4592
576
-1330
206
0
0
0
0
0
-1380
0
2258
0
0
3827
0
0
0
0
-252
0
376
0
0
-330
0
-1537
440
-1402
1802
0
0
635
-189
-1512
144
24
0
-172
350
0
0
808
0
-665
150
-72
0
0
0
540
-484
0
5271
0
0
2321
3014
-522
-644
0
252
2931
-919
-2183
-128
-553
-378
1202
-742
0
0
0
0
0
116
789
-635
0
0
348
262
0
-1006
432
-724
0
0
219
0
-84
0
-118
384
0
-146
380
-754
-1608
0
312
-185
0
0
0
140
-2059
-266
0
0
0
0
0
1146
185
315
0
7
0
-256
-72
984
0
21
0
0
-3671
-3198
-114
0
0
0
0
-230
-1093
0
0
3968
0
0
-2413
0
-3484
0
-3776
0
450
-3313
0
340
833
0
-523
73
0
0
-105
0
28
-672
4420
0
-1429
334
-142
-22
62
0
0
74
-662
-32
-92
-1737
3066
-2996
-643
1750
314
-592
-6739
-8606
-3283
199
104
146
-1629
-832
0
91
0
1396
-45
699
-4764
-960
-4144
5404
-302
120
-1672
-3007
0
-1883
-328
254
228
186
-564
84
-3
0
0
-861
-1472
270
-385
-1158
-2306
0
421
5949
0
0
1480
0
7
0
18
0
0
-908
-186
4745
560
570
-2882
-208
-534
2584
-2895
0
23
0
608
0
-594
1594
0
-1043
92
-820
655
1452
-140
-8352
-249
1460
0
-8293
-466
196
0
396
-490
2834
0
-2438
126
0
0
626
471
-437
891
0
737
0
0
-664
-340
0
-1742
-193
0
-3820
-952
-2903
-5528
-3038
-8599
999
0
0
-880
-270
-532
1752
0
1626
306
0
1337
0
0
0
48
-1526
0
-1254
2424
-1470
52
0
-4236
-404
-2697
-492
36
-2025
362
-349
-7038
-34
241
-613
1135
-4904
0
0
-1342
0
587
1048
1225
-440
0
860
-2191
-1605
-90
2294
0
0
775
-2260
-2
-3332
276
-45
901
-1780
-5265
-1473
1060
-989
1130
-3547
0
958
616
-28
98
548
5123
1091
633
-9
-355
-290
-1882
-294
-1271
-26
0
2865
1646
0
1419
121
-397
1201
0
-419
2995
476
-2443
-634
-603
210
0
1
-1004
-1655
-3120
-2369
1572
0
0
-442
0
2104
168
-1000
-1455
168
0
-3771
-1688
-2140
0
-367
0
-749
563
-932
-798
0
0
0
306
-3599
388
0
152
718
0
0
-739
0
364
0
-2350
0
68
801
0
-2061
-1075
0
-52
247
0
0
-601
0
80
-4627
2618
0
-1636
-69
-713
-593
2325
0
0
67
-3559
7
174
3342
-5496
-2738
-1779
1230
447
-1963
-8007
356
-2514
979
475
3391
-3328
1122
0
1324
0
860
-370
948
-3767
-779
-6320
4686
2348
-122
-4271
-1338
0
1611
-594
424
259
21
840
156
-260
0
-324
-1589
-974
366
-110
-442
3628
0
371
3475
0
0
1534
0
33
0
-357
0
0
-672
48
9173
70
-89
-2443
-142
-390
-244
-2704
0
448
0
-181
0
-1133
2546
0
-1187
56
-1470
-69
299
-450
-6084
3162
-106
0
-9638
-307
1381
0
188
-329
4841
0
-2506
-592
0
0
348
-821
-1163
2993
0
-1494
0
114
-1199
1217
0
1838
371
0
-5942
595
-6213
-1584
4307
-5843
614
0
0
-1956
-2249
-7496
3320
-196
7358
68
0
410
405
0
0
33
-3765
0
1245
-456
-1598
3877
0
-5672
-32
-2635
1845
2388
78
701
-196
-6847
-306
864
-548
1052
-5418
0
0
-2206
0
-1209
-1488
1541
-1046
0
-1007
-120
750
-54
6824
0
0
1685
-2650
1022
556
76
615
1999
-80
-2436
-255
-2705
-798
4610
-3054
0
-4815
1684
-254
96
286
-2320
-253
-281
-104
200
436
-1752
-1237
-711
107
0
3115
-1698
-390
955
679
129
893
0
74
2520
19
-1157
-780
1118
342
340
-25
-39
-4966
-3379
526
427
0
0
-754
0
1836
-440
1779
576
-749
0
-1566
193
-493
0
94
0
-728
202
-990
674
-381
0
0
-729
-5216
-1226
0
-44
-1335
0
0
-1026
0
-288
0
-2001
0
-136
-7591
0
1233
1365
0
-229
2323
0
0
-85
0
4
-1660
-34
0
-3979
-618
228
-935
1769
0
0
219
1076
0
273
-2034
-1097
3131
-1845
3474
959
-3809
-5746
1080
429
-358
19
1580
-2607
0
0
1002
0
41
0
-422
-3682
316
-4195
5314
525
-90
-4006
320
0
4001
-1813
188
750
42
324
396
-1576
0
-105
1901
-728
-408
-245
184
1376
0
1397
1419
0
0
3685
0
0
0
-255
0
0
-1594
0
10747
-690
-58
-919
58
-468
-1685
-1212
0
621
0
-1070
0
-1271
426
0
2358
0
-932
-807
-2377
-372
-4399
4135
-3396
0
-4970
-1160
1108
0
-451
-21
3335
0
-1388
-1507
-84
0
-2648
182
-580
1612
0
-1969
0
341
-265
339
0
-284
0
0
-2942
1955
-7237
495
-2919
-1941
-1467
0
0
-1765
-2133
-5653
-16
-100
9916
-339
0
-64
-569
0
0
-123
-3520
0
2015
11
-253
4028
0
-3229
-4
2626
858
-374
-3216
637
1260
-5722
0
202
-412
2265
-1966
0
0
1568
0
-2522
-735
-174
-1296
0
-253
3578
-1005
-267
1939
0
216
1497
-3938
91
-1886
-508
-1
-245
100
39
-3393
-2551
-23
3574
-3026
0
-1058
-1760
303
0
-1369
-4055
-878
-1754
41
0
1905
-2798
7
-540
-532
0
1742
-2088
205
236
265
0
2123
0
488
1190
-594
-298
890
656
-1727
-376
0
-1916
1288
-970
2944
-1713
0
0
208
0
1508
-976
1723
6341
-3339
0
-33
-480
74
0
-370
0
219
1294
90
294
177
0
0
-1063
-3072
-1144
0
-192
431
0
-35
756
0
-568
0
-1585
0
-460
-3103
0
-299
748
0
54
-2401
0
0
336
0
0
-5430
1383
0
-4219
232
-48
863
1266
0
0
243
1659
0
27
2116
279
1445
-604
770
0
-2741
-4260
-3150
-1758
-632
-548
35
2328
-3
0
999
0
943
0
-929
-2985
0
1376
5648
-1032
0
-1971
-132
0
3036
-720
-30
-77
0
-92
0
-2921
0
138
-67
0
0
0
-471
-340
0
0
2625
0
0
1290
0
0
0
-14
0
0
1871
0
4318
0
6
-823
0
0
98
-975
0
155
0
-1319
0
-284
1039
0
1217
0
228
-518
-337
0
-4602
-376
-1852
0
-3459
-9
357
0
0
0
2837
0
2235
169
-234
0
411
-301
258
186
0
-390
0
353
0
-458
0
-2882
0
0
1194
0
-3388
631
-3104
1347
1115
0
0
-915
-760
877
1704
-159
7578
-202
0
-24
-846
0
0
0
1984
0
467
190
581
3958
0
-1291
0
-1000
4695
-1508
-3869
-131
2936
-2181
-122
-439
-660
885
294
0
0
2924
0
-1676
-1759
48
-264
0
1492
5473
0
0
-322
0
-254
1001
-1180
0
72
0
-132
710
0
1359
138
-2546
592
1639
3043
0
1383
-428
-355
0
-1369
-1489
708
130
0
0
-30
1336
107
-855
-1487
0
-1255
-4893
375
-14
79
0
2175
0
379
689
-1360
-416
1827
-1400
-399
520
0
1135
773
-374
2970
-1357
0
0
0
67
-671
0
5031
5366
-2220
0
-940
-849
-215
0
-200
0
-584
785
0
-3048
365
0
0
-1019
-466
1206
0
0
0
28
0
0
0
0
0
-664
0
0
-5614
0
0
0
0
0
10
0
0
-60
0
0
0
1148
0
0
0
0
0
1244
0
0
0
1284
0
0
-1336
3590
91
-880
1194
57
-3591
-479
-3169
416
-2742
-22
0
0
-156
0
617
0
105
224
0
-1366
-2570
-1890
2255
0
67
-2028
-549
0
3419
-162
-42
0
0
0
0
0
0
0
0
-359
-81
-396
0
901
0
0
1031
0
0
-140
0
0
0
45
0
0
0
-348
0
0
0
-1139
0
0
0
0
0
0
0
0
0
0
1853
0
-372
-120
0
0
0
504
-656
0
-187
0
-3548
-288
0
0
0
0
21
0
1224
108
0
0
-635
0
-220
0
0
-905
0
0
0
-989
0
-6400
0
0
614
0
-864
-3522
776
-1190
-1028
0
0
0
0
0
315
0
709
0
0
2351
0
0
0
0
204
0
-78
0
0
73
0
-673
-145
-3673
1870
0
0
150
1005
-2070
-204
117
0
76
-1041
0
0
1016
0
-8
60
-204
0
0
0
1905
148
0
-3191
0
0
2962
-2255
245
126
0
-24
993
-584
-20
-184
2422
-249
1738
-315
0
0
0
0
0
1376
-757
295
0
0
-72
-543
0
-538
-630
-156
0
0
-823
0
18
0
-16
779
0
137
304
391
-2076
0
-132
-215
0
0
0
635
-845
-9
0
0
0
0
0
949
-459
3024
0
-714
0
-3504
30
-1284
0
-63
0
0
1066
-1419
-360
0
0
0
0
852
334
0
0
636
0
-140
-608
0
0
0
-861
0
-1206
-4602
0
-1177
-187
0
-298
305
254
0
-328
0
0
-2552
4245
0
452
515
759
-384
453
0
0
508
1668
660
-12
508
4000
-1365
649
1376
75
-1483
-4332
-10091
-1785
-1927
-90
98
1562
-493
0
-319
0
2076
260
-1308
-4298
-660
704
3088
100
24
-4013
-2178
0
-1853
-1247
0
978
1080
-501
0
-1183
0
0
0
-592
0
-95
11
-700
0
-40
4970
0
0
2057
0
-15
0
250
0
0
-1395
-87
5209
0
-150
-2090
0
-125
-42
-4121
0
-1049
0
-1020
127
-780
503
0
-402
-152
-4196
273
793
54
-6801
1096
-3644
0
-6098
-36
-364
0
24
-110
2176
0
1884
0
0
0
4
1330
-841
-9
0
-116
0
0
560
-1563
0
-9667
193
0
-2923
0
-3070
-6739
2024
-5122
-444
0
0
1016
1237
-7254
-49
0
-216
718
0
3424
0
0
0
0
-4820
0
-283
-1285
-1208
258
0
-3827
0
-2249
3460
1545
236
574
668
-1671
0
-95
-1122
1800
1710
0
0
-1875
0
1370
431
-922
-702
0
380
-3916
508
0
1376
0
0
2063
1626
-425
-92
0
-2118
2241
0
-4949
-1328
1248
-3542
2750
-5050
0
-3016
-762
60
-416
-1340
3955
-2
116
0
290
103
-4764
-547
1176
-2932
0
2854
-1844
0
3086
90
-354
1607
0
-1875
1457
1771
-4354
-383
-336
13
610
34
-482
-2889
-438
-100
-23
0
0
0
0
1131
104
1000
-531
-999
0
-3718
70
1503
0
482
0
581
-3958
-1414
64
0
0
0
-328
-5274
91
0
0
3783
0
30
-673
0
3159
84
-2363
0
-1378
-8683
0
-2364
-158
0
-269
674
208
0
-620
0
0
-4301
2314
0
-1906
313
-787
-315
-242
0
0
1295
-1233
-960
504
3144
-5830
-651
1065
839
455
-3238
-8315
749
-2356
218
117
-25
3607
1213
0
132
0
3155
235
-1346
-3450
128
660
7177
-254
544
-11395
835
0
1005
-1155
110
-46
-680
-616
-204
-2613
0
381
435
-1054
0
224
-1136
2447
0
-1093
5198
0
-1397
1122
0
100
0
1187
0
0
-775
78
7610
-30
1045
-1248
0
-170
-77
-5218
0
-874
0
1465
36
-3417
-1624
0
-1104
30
-4099
733
2016
-558
-8244
2027
-2437
0
-5258
292
-752
0
173
946
2611
0
-645
-803
0
162
-381
-600
-2249
-66
0
2018
0
262
300
933
0
-1715
-418
0
-3312
0
-6650
-4553
-435
-8413
-98
0
16
1658
2624
-5242
2712
0
3771
8
0
-892
-53
0
0
0
-3213
36
-934
-3309
-2414
5459
0
-5713
-96
-4017
3457
1889
2297
613
3267
-6485
-122
-291
-1143
1557
1133
0
0
1190
0
-3149
-1126
-645
-1082
0
-530
6129
-484
-188
3110
0
0
1975
1648
-715
-629
0
-2154
361
-585
-2697
-2325
1553
-2064
5080
-4484
0
880
-2485
-777
192
-2246
-4085
-1017
789
0
145
1319
940
-1508
587
-2370
267
163
-3969
-305
518
-591
-243
2187
0
-4670
2402
-557
-3705
-947
-1028
-172
937
-14
-3249
3531
-2688
-3650
-1058
858
0
-2032
0
-996
-1016
4245
2151
-1814
218
-2834
-179
-448
0
54
0
421
-6108
-1575
1860
315
0
0
-1549
-5913
-2006
0
0
2837
0
0
-747
0
112
254
-1569
0
-1455
-629
0
19
554
0
352
-532
-250
0
60
0
-12
-2582
-1106
0
-1946
-2502
725
-1650
2043
0
0
676
417
-1905
-1261
-932
-4554
-2116
1037
1742
828
-861
-8507
1782
-16
-814
1156
-340
-365
0
0
2042
0
-631
0
-3226
-5196
256
-1226
8041
-1375
276
-1965
2032
0
1675
-1540
285
-769
-720
216
-102
-651
0
120
-606
108
0
773
-400
3330
520
524
2072
0
-194
1148
0
0
0
627
0
0
547
0
10025
90
503
-689
0
105
425
-2872
0
262
0
841
-25
-3947
-3832
0
-1791
56
-2999
45
650
0
-7447
18
-3279
-128
-7400
-3
236
0
-1030
222
61
0
632
-2413
-210
177
-1747
-237
-1720
-2366
0
1438
0
1177
540
473
0
1487
-183
0
-2520
0
-6478
-4596
-2199
406
-2854
0
27
1312
-727
-4124
750
283
4300
-896
0
128
934
0
0
0
-280
-488
523
460
24
4792
0
-4639
176
-3128
6186
-2717
-6190
-398
2673
-8146
0
1019
-516
877
-2162
0
0
1420
0
-2015
-1609
508
-592
0
-75
4059
-76
20
2858
0
142
850
4054
-291
-1824
0
990
3455
-876
-1898
-1280
885
-1041
-175
3563
0
445
-1640
76
-1664
861
-5315
-4288
-342
0
0
-525
-1156
-342
583
-535
679
1976
-2827
-893
-623
-1864
0
2624
0
-5963
2366
-2106
-3569
-1676
872
-1139
-76
0
-694
-1287
-954
-3547
-1291
22
0
-688
0
1037
0
3138
4143
-623
254
-1280
-976
-639
0
-228
0
-1776
-9885
-315
545
13
0
0
-692
-4231
-766
0
0
0
0
0
0
0
-1775
0
0
0
0
-1692
0
0
-507
0
-62
-468
0
0
-180
0
0
0
0
0
0
0
0
0
889
0
0
0
-56
0
0
0
342
700
0
352
216
0
-1905
0
30
-424
-176
70
0
0
0
0
0
15
520
39
-1800
-2834
210
2160
-387
0
245
-144
0
1008
-405
-252
0
0
0
0
-76
0
0
0
-37
-99
-396
0
30
0
0
1560
0
0
-1584
0
0
0
15
-13
0
-272
0
0
0
0
-324
0
0
154
-1584
0
0
0
0
0
0
2286
0
658
0
0
0
0
0
-532
-1652
-858
31
-2376
0
-12
0
0
0
0
0
-396
612
0
0
-1778
0
-264
0
0
-412
0
0
0
110
0
0
0
0
4191
0
-1540
-252
1080
-1800
-684
0
416
0
0
0
0
0
2976
0
0
0
0
0
0
0
1020
0
18
-630
-902
-60
0
-493
0
-2726
1760
0
-54
60
84
-381
-119
78
0
342
910
0
0
1524
0
-56
0
-204
0
0
-530
4445
74
0
0
0
0
762
-1568
0
90
0
0
1924
-846
-13
-552
0
230
0
-1248
0
0
0
0
0
0
195
413
0
0
0
0
1270
0
0
0
0
-484
85
0
66
0
0
381
0
380
0
-304
0
168
416
-301
0
0
0
3048
75
-1397
472
0
0
0
0
254
91
2413
1545
-2040
0
14
-234
246
0
-12
0
0
1768
-1121
0
22
0
0
-276
800
-72
0
0
1534
0
-635
182
0
0
0
-2589
0
450
-1130
0
-1397
206
0
-1055
-673
-4
0
-389
0
0
-3459
2771
0
-2602
203
-901
-96
184
0
0
-4
5961
-521
315
1286
4717
-899
-448
534
0
579
-4581
-7581
-159
-1692
14
177
-4333
-548
0
1145
0
2366
-501
78
-5051
-212
-3419
2230
954
-122
-234
-2487
0
-2221
-1156
0
1227
296
889
0
-1023
0
0
0
120
-125
610
601
583
0
33
5144
0
0
887
0
8
0
105
0
0
748
-323
3296
0
-390
-1816
0
-110
254
-2077
0
-425
0
-732
18
-804
2877
0
-452
179
-1274
621
1423
-216
-3535
440
618
0
-9223
114
196
0
504
-235
3957
0
354
0
0
0
142
-1562
-785
1152
0
-801
0
0
-540
-327
0
-8935
-229
-41
-3496
0
-2483
-7943
582
-8562
-924
0
0
-768
-807
-2905
225
0
1081
460
0
1999
0
0
0
0
-2868
0
-591
-2167
-1426
292
0
-5259
0
-2076
1870
1165
-111
-349
-191
-4601
192
643
-2383
2597
-2458
0
0
-1220
0
2310
843
-226
-334
0
-90
-827
260
0
-428
0
0
2265
-1626
-459
-1132
0
-1473
2057
0
-6056
-2428
1454
-1579
1663
-3072
0
3383
-330
339
-1258
-1246
2181
1233
66
0
-202
-165
-2890
-201
2398
102
0
1535
-168
-35
2169
230
-150
1609
0
905
1418
-299
-4056
-244
502
-129
80
0
-2765
-4576
-3364
2652
31
0
0
0
0
2387
-531
-493
-1128
-777
0
-6539
-1215
-1512
0
112
0
-336
-1778
-2561
-577
0
0
0
-508
-4103
-625
0
0
2167
0
122
-942
0
2655
-122
-2300
0
885
-5185
0
-4932
192
0
561
614
-144
0
-513
0
-96
-1333
403
0
-3352
226
69
-2453
-1104
-504
0
1535
-3300
-2753
531
1915
-10246
-1779
2435
-153
252
-1578
-5856
2012
-3439
485
-699
421
-4329
1687
0
1184
0
1064
-966
1009
-3621
-760
-3498
1873
671
1166
-6294
1193
0
666
956
254
1651
-1082
-865
-932
-1277
0
-45
890
-2555
127
555
-3
1749
0
-1644
3402
0
-1582
2009
0
97
0
858
0
0
-927
211
8190
-46
2173
-1565
-210
460
-1525
-1296
0
-256
0
2763
-76
-2957
100
0
1359
-500
-262
995
2652
-1701
-9283
2025
-453
0
-7498
1129
70
0
646
-295
5896
-71
-668
-1637
0
573
1261
-2219
-1383
3314
-252
-1049
0
154
-2613
1643
0
7410
152
-49
-5069
224
-5978
-2366
2283
-8242
-3322
0
-107
-728
1495
-5087
1620
0
-963
-217
0
-1217
-1203
0
0
0
-764
133
998
482
-829
4913
0
-6680
-254
-1473
243
-1410
-1672
-903
1388
-2370
36
20
-2135
4512
-692
0
0
35
0
-2758
379
-774
-930
0
-290
6899
148
-508
9928
0
0
2456
-2614
1036
-2668
0
-2191
-2363
754
-3170
-2844
-3538
-1243
4525
-2500
0
2101
-1287
-263
644
-4334
-4656
693
-262
0
-840
1034
2470
-1645
3920
-825
381
-597
-2045
-779
2427
171
-268
2135
0
825
2499
559
-903
-616
-41
-327
619
0
-2402
2377
-2718
3783
401
7
0
1232
0
468
-43
1476
2357
-616
-138
286
-1568
-994
0
-212
0
-545
1108
-1243
2495
-60
0
854
-4093
-5329
-3679
0
-1020
1301
0
-28
1928
0
-2078
30
-2375
0
149
-7209
0
2529
1040
0
562
411
30
0
-340
0
985
-3697
2529
0
-4127
-1061
-616
1199
3595
-246
0
1260
-3719
-1825
27
-993
-3157
-2212
3759
-30
815
-835
-7474
-349
-3187
1566
375
181
441
0
0
1416
0
1721
0
1799
-7522
0
596
8593
-1967
-84
-4735
-300
0
840
-1746
880
-163
-708
-344
-382
-792
-20
-333
1343
-261
0
-188
-585
1482
1861
-945
3032
0
249
6756
0
99
76
392
0
23
-4635
-62
8662
228
-558
-438
98
-543
729
-1527
0
539
0
404
256
-4030
1616
0
1586
582
-1956
151
117
0
-5514
3168
-3370
-12
-5862
-133
-301
0
-99
-538
4066
36
-250
-2519
-84
376
-2843
421
-444
844
-204
243
0
810
-4534
-195
0
-758
-1254
1023
-2818
1148
-8251
-2325
-1911
-257
2278
0
-640
-2190
344
-3942
1000
204
2147
-1397
0
-726
-1922
0
0
0
213
-618
-2481
1424
121
4668
0
-4544
-58
214
-1849
2129
-6384
-376
1300
-5803
-165
17
-788
3273
784
0
0
75
0
-4054
-704
86
-3421
0
2292
-1800
-120
160
1614
0
0
982
-6523
-31
-690
0
435
1116
-437
-3188
-2522
-1207
-78
1287
842
-549
-3991
-1635
112
-1800
-2360
-2704
-947
-702
0
-355
-33
-4221
-871
2867
482
719
2064
-1454
242
2316
1041
66
611
-160
681
2840
206
-2779
-249
1761
-677
626
0
1460
-5128
-1467
3072
297
-1273
0
240
0
1
0
-725
1762
-2108
-98
367
484
-435
0
-698
0
-550
2508
-343
1722
-312
0
-420
-3154
-4302
-1983
0
-160
698
0
6
-56
0
-4694
88
27
0
248
-7522
0
-1060
3042
0
-441
-160
0
0
-408
0
-272
-4041
1191
0
-4064
-1206
2312
-4594
2324
-12
0
927
-1126
0
-485
803
-471
3125
3547
91
794
448
-5484
-884
-1462
1198
146
-474
1086
0
0
1007
0
-455
0
-2329
-1863
0
1210
6693
909
-694
-538
-341
0
-345
-1220
613
-1433
-556
-352
-1706
-3029
-23
-207
-1595
-777
0
-318
-775
-723
-891
385
2206
0
-948
845
0
0
508
731
0
127
592
16
8979
-292
-621
-477
147
147
-667
650
0
528
0
-4455
72
-2369
1724
0
3480
392
-308
-2894
220
0
-6098
719
-2259
124
-3332
741
2367
0
-182
-247
3861
-36
-702
695
-234
408
-3443
-112
87
-1806
69
-94
0
2124
-1696
-887
0
901
-549
-451
-982
1456
-5307
129
-5467
3372
2795
0
41
-2166
-697
-998
1961
27
11358
-254
0
-120
-2252
0
0
0
-315
-340
302
-1266
-958
2722
0
-3744
88
2449
1831
435
196
1645
1794
-5858
254
680
-120
-104
-955
0
0
1853
0
-857
-534
1092
-455
0
-933
4251
0
-208
252
0
0
104
-5642
-330
325
0
2214
1745
-531
-1871
455
-2596
1317
1166
-2617
378
-2389
-1933
0
-2912
-1194
-2306
-1193
-1524
0
200
-200
-242
-456
1276
670
-927
890
-1174
675
-1816
914
0
-484
195
-508
3089
193
357
2929
-1910
-1463
18
0
3936
-38
-279
-3106
-4160
2590
0
-464
0
1319
0
164
3602
-2761
64
-326
-1899
1526
0
127
0
-198
2419
0
-96
-174
0
-1778
-2485
-2781
-1689
0
2540
299
0
0
-184
0
-789
0
52
0
-82
-634
0
-21
2188
0
-1344
-459
0
0
164
0
-50
-95
16
0
-3188
-182
1080
-893
590
0
0
0
-182
0
0
-432
1167
1840
516
209
340
-852
-3925
-1092
40
-282
-393
0
-1311
0
0
50
0
75
0
-2735
-2512
0
-144
735
125
-90
1568
-264
0
1103
916
-606
0
-360
0
0
-836
-50
0
-709
0
0
-260
808
-490
-1630
219
2407
0
-204
146
0
0
228
-2
0
-44
2932
0
5166
0
0
-1095
0
0
-321
0
0
0
0
-1008
-50
-405
2500
0
1410
0
-178
-1023
288
0
-2295
-2914
-3741
444
-1792
0
274
0
-752
-15
2031
0
-492
287
-321
0
3474
686
172
-1133
0
-406
0
644
0
458
0
-452
0
-539
-865
0
-916
-302
-3054
1514
-234
0
-1001
-1666
-1210
837
-176
246
9948
0
0
635
-584
0
0
0
83
0
3667
2001
-701
1540
0
-442
0
236
2192
351
-4445
506
1251
-3842
-34
150
0
-196
0
0
0
832
0
-528
225
0
599
0
-245
2581
0
0
945
0
0
508
-350
0
0
0
66
-1633
-90
561
-694
-1475
-530
1468
1707
1143
1783
0
0
0
0
-523
-102
0
0
0
-15
-1720
0
0
-77
-360
1027
-849
0
-1393
-231
0
460
-310
-201
1369
-1944
-308
3844
-889
-560
122
0
54
416
-771
-1383
-2128
0
0
0
0
2020
0
2981
5213
-2656
0
18
-2350
980
0
-3
0
-794
1510
0
-95
0
0
0
-240
251
-499
0
0
2791
0
-200
-2040
0
0
0
-2376
0
-678
-9208
0
374
-48
0
-127
-1437
-236
0
-138
0
0
-3050
3212
0
-460
517
-1397
624
647
0
0
296
-703
-373
1316
173
4920
-211
-1234
678
0
-3418
-1356
-5307
-753
-1172
362
147
-1041
-168
0
1282
0
1387
468
762
-3784
-872
888
2256
426
134
-4232
-541
0
1825
450
0
207
636
-182
0
-156
0
0
0
-518
-9
-110
-1497
509
0
0
2340
0
0
808
0
-225
0
5
0
0
804
-29
1482
0
-405
-475
0
-445
0
-725
0
-1240
0
816
-46
-834
2114
0
-1211
-37
268
294
780
81
-1310
34
-570
0
-2188
-826
0
0
204
-55
1715
0
310
0
0
0
92
-1210
-1546
536
0
-2308
0
0
0
-788
0
-5258
526
-127
-968
0
-1116
-3359
-585
-6362
-805
0
0
0
-828
-4205
3280
0
-3031
116
0
2706
0
0
0
0
-30
0
-329
-426
-454
-1059
0
-2767
0
-2337
1003
161
-8
-624
1687
-3909
381
26
-3165
1266
-67
0
0
103
0
2504
-260
-42
-40
0
0
1424
-428
0
-1601
0
0
3095
-3493
-341
-312
0
422
-1046
0
-1461
-1056
1774
-909
1856
-1705
0
1796
266
35
-2029
1012
3788
1285
-228
0
116
-468
-188
-657
-1977
-718
0
1596
-1136
-78
382
-36
-93
858
0
-525
345
1729
-1956
0
-356
189
570
0
-1953
-1504
1327
492
117
0
0
0
0
240
65
6173
-220
-132
0
-4070
-830
1897
0
830
0
0
54
-851
-3644
0
0
0
68
-1799
443
0
0
3935
0
51
-965
0
-2925
-66
-3911
0
-676
-6022
0
-2005
-22
0
74
-1333
-72
0
-171
0
-248
-1207
2217
0
-1730
1072
-1577
-2247
95
-186
0
788
832
-1698
2161
-198
-2595
-615
-2989
2644
100
-7150
-2992
1584
-64
-1238
86
1297
-83
921
0
2037
0
3444
423
-1422
-2258
-8
370
2743
-509
510
-1543
2169
0
5090
472
0
1006
-160
-232
-838
-516
0
0
-280
-2024
118
-336
226
-1967
0
22
2530
0
-100
-576
0
255
0
9
0
0
1771
-28
2484
96
813
-625
-889
-479
-167
-833
0
-205
0
-2431
-35
-2284
-665
0
-784
787
884
1391
2389
-837
-6985
500
-1753
0
-1998
504
0
0
-10
-485
2757
-86
-824
182
0
682
1060
-710
-1833
3264
132
-3734
0
20
3584
1211
0
2135
461
7
-4096
714
-3192
14
497
-4765
-2658
0
77
0
-3644
1005
1315
0
-1577
-114
0
1437
-77
0
0
0
-66
-398
-378
-597
-555
3439
0
-4115
-202
-4490
2011
466
-563
-810
1498
-5046
-51
369
-2401
1193
-109
0
0
-1618
0
-750
-908
-423
-1496
0
0
3287
200
-120
6456
0
0
3079
-4142
-733
-2477
0
-282
-2606
-1157
919
214
-3399
-272
1334
-657
0
3492
1086
230
-1287
-2409
-1644
850
100
0
-92
1060
-675
-1993
-2033
-748
306
-616
-1137
59
1629
-762
-199
197
0
-992
200
-1002
194
-1204
-1821
-9
2491
0
-2842
2391
-1229
-1849
2233
-1582
0
-544
0
333
-635
5547
806
-30
0
-2437
-2145
2007
0
-429
0
-240
54
-1120
-803
0
0
1442
-1617
-791
-1763
0
1240
-311
0
-127
-971
0
-2450
-4
-1719
0
-684
-3867
0
502
-437
0
-792
-2448
138
0
-301
0
71
-2015
729
0
-2714
434
-2198
213
3925
-372
0
1230
1047
-265
-827
-1009
-677
-1082
-1736
2335
605
-4382
-3843
20
-112
471
-407
1671
2705
0
0
2642
0
3049
0
1660
-4962
0
-1154
464
-933
-206
-2508
80
0
4921
1390
766
-496
-381
1016
-250
-1704
-18
0
-449
-249
0
-95
-106
3155
1531
358
1162
0
-749
2505
0
300
-272
-653
0
54
-1385
-29
5488
152
-776
-34
308
499
560
-2736
0
-641
0
-943
76
-560
-921
0
-3169
-701
708
-334
-1908
0
-3508
2939
-3408
-508
-30
-1789
-880
0
-332
-269
2221
-80
145
-1121
171
144
2903
-136
-1302
4629
-54
-3167
0
-18
1920
-193
0
-3180
738
-957
-2403
1778
-5324
-1539
1673
-867
-198
0
-255
1778
-5015
-2710
94
-294
-3345
-878
0
-44
-625
0
0
0
1898
42
704
-3300
-1753
3285
0
-2982
-16
-5642
1543
660
-604
-554
1394
-929
-363
-80
-1088
1062
-771
0
0
-686
0
-2838
-492
-1409
-1583
0
400
1100
-268
-72
2895
0
0
848
-5138
-22
386
0
89
-2252
-319
60
1527
-225
-958
1709
392
-1098
2218
1112
-320
3021
-765
-3342
390
1224
0
290
381
-679
-644
-1358
-1131
576
4695
-2826
-285
1871
-618
-81
159
-80
162
611
2789
-2398
-2117
-1396
1190
1605
0
-578
-3548
356
-1826
2316
-2802
0
-928
0
-274
0
3637
-397
-4409
-6
11
-1111
2808
0
-480
0
-676
-2034
35
533
0
0
-882
-1279
259
-2071
0
680
-1489
0
4
1134
0
-3966
68
-1523
0
-1272
-4690
0
143
140
0
-651
-1542
0
0
-198
0
-380
-1484
-1466
0
-2089
911
-571
-152
1482
-762
0
915
892
0
-719
256
-1305
-1990
-2563
3999
1009
-2048
-4223
-775
-1056
-981
-147
1046
1633
0
0
460
0
1042
0
2506
-2987
0
1160
6761
-690
-222
224
-66
0
4338
150
-219
-1001
-905
-184
-722
-1753
36
0
948
-546
0
4
-529
3021
-680
2513
2021
0
-2004
1122
0
0
-456
-500
0
55
-2759
26
3828
-392
1202
-687
21
-427
-1615
-2060
0
-374
0
-2336
-152
574
-2750
0
-382
-434
751
-2568
-3451
0
-3962
218
-312
68
-2657
-1061
-316
0
-998
-299
1258
-19
2756
-1626
-18
861
-4618
-572
208
3041
-39
-1133
0
-200
3456
-1411
0
1117
-1143
-1397
741
910
-4518
-75
-2980
-1070
-1967
0
-121
1568
-5304
1356
720
-252
-5341
0
0
-5
-1119
0
0
0
4076
-48
-528
-789
-996
2735
0
-1269
-2
-5502
2763
-1295
-1997
-492
1053
-2463
-64
41
-228
1733
1114
0
0
1010
0
-2083
-784
-50
1186
0
-677
5941
0
-356
136
0
0
196
-3401
39
195
0
-735
-3133
53
1290
3286
-1896
-590
430
178
-837
4818
-2746
0
-3556
-3370
-2122
-156
420
0
145
-10
1414
-508
-1092
-1231
-487
-1533
-4312
-279
375
-536
0
508
-55
90
500
-109
-542
-90
-1137
-642
-2212
0
1683
3011
-651
211
-3223
1105
0
256
0
-423
0
4896
3668
-2980
-88
-538
778
-218
0
-50
0
-1347
-2942
0
-467
0
0
-1120
-1900
58
-293
0
1660
0
-20
0
0
0
0
0
182
0
0
-1551
0
0
0
0
0
-390
0
0
0
0
0
0
1440
0
0
0
0
0
635
0
0
0
-368
0
0
-512
3363
50
230
330
54
-1988
-889
-2436
130
-1749
-48
0
0
-216
0
66
0
225
312
0
-504
-872
1470
450
0
-61
1274
-648
0
1428
0
0
0
0
0
0
0
0
0
0
-777
0
-66
0
42
0
0
2210
0
0
-288
0
0
0
0
0
0
0
-116
0
0
0
-1053
0
0
0
0
0
0
0
0
0
0
2921
0
329
-279
0
0
0
54
-988
0
-429
0
-2520
-188
0
0
0
0
594
0
-576
0
0
0
0
0
0
0
0
-1133
0
0
0
99
0
-1760
0
0
508
0
-330
-1036
576
-500
-228
0
0
0
0
0
-368
0
480
0
0
3683
0
0
0
0
0
0
5
0
0
-140
0
-812
0
-2162
0
0
0
0
108
-1524
0
0
0
0
1190
0
0
0
0
-280
150
0
0
0
0
0
0
0
2583
0
0
1905
-1078
-425
0
0
396
518
-235
-23
0
-735
207
882
-336
0
0
0
0
0
260
555
0
0
0
348
-63
0
-710
0
28
0
0
187
0
18
0
-118
254
0
76
244
-336
-1100
0
312
0
0
0
0
0
125
-254
0
0
0
0
0
635
104
2667
0
0
0
56
-36
984
0
-12
0
0
520
-531
-114
0
0
0
0
1040
-312
0
0
