97
17
-21
-25
-33
11
-94
-15
-53
-58
4
42
-117
-2
18
60
33
-49
48
-36
15
35
-17
-33
-37
11
-5
92
-3
44
-18
25
-46
30
-38
-83
-67
-8
47
33
24
-19
-75
78
-15
-17
127
43
55
-53
-76
8
16
55
-9
-41
64
-77
-67
-112
-6
71
10
74
-85
-44
-23
103
-25
-40
31
18
-64
-27
127
-102
-63
80
59
-29
106
-12
33
32
-52
-53
75
-37
-40
-74
92
-36
-77
-17
57
-25
54
-37
37
24
4
-50
10
-18
32
37
13
99
-55
34
-1
-7
57
40
45
101
31
-54
-63
-33
-41
51
8
-19
31
-65
38
-30
22
77
33
127
-43
-7
-7
-80
-28
20
-46
-95
45
15
-35
54
28
-44
-5
-40
17
54
-127
9
-8
-31
-3
30
-30
78
38
94
2
8
-13
6
-110
-6
35
-10
-10
21
58
-15
-23
34
-1
41
18
-15
-15
-19
17
24
62
8
-36
-43
-40
-12
56
-29
-29
-29
8
32
77
43
3
34
-12
-25
-28
8
116
36
34
-27
54
21
-55
-44
-36
-25
-31
32
-38
4
77
4
-40
-1
-29
-9
-23
37
27
52
-15
-18
-33
-11
-64
-127
-20
29
33
-21
28
-34
-17
-84
2
-12
-80
30
-47
73
-54
-46
56
-10
-13
80
84
-74
1
48
-21
108
-45
-30
12
6
32
-58
9
20
54
76
32
67
-43
20
-32
-26
-49
28
-30
-13
32
45
-7
-22
-127
10
-79
-31
65
-68
-38
-25
-13
10
87
-43
-15
-27
3
72
-30
-34
-67
16
76
1
84
-32
-50
-48
-51
78
-31
-31
-66
-92
22
-6
9
-26
58
-64
60
24
-127
-1
-60
17
-44
-15
-27
65
-52
7
-21
107
40
96
73
44
27
-30
-112
7
40
-38
28
88
-98
-50
-49
-52
13
-36
-50
20
50
-2
13
22
78
-113
-9
17
-70
98
7
-5
-11
27
53
-83
-94
94
-37
-14
80
-99
89
-8
49
22
127
-13
-50
50
-16
-22
-3
-91
-41
-4
-30
-53
-42
-29
15
-44
13
-1
-60
127
45
-7
-45
23
-42
-101
-21
11
43
74
46
63
47
61
33
45
-51
62
46
-40
-58
-6
46
-57
23
23
46
6
118
31
52
-97
79
-127
45
-93
14
64
-17
-6
38
-36
-4
-40
-48
1
45
-9
-41
-46
53
33
13
-37
49
54
40
107
41
115
77
63
-52
-105
-40
90
-49
27
33
-47
-29
23
18
-71
-63
-37
56
47
104
-14
28
-40
-74
-22
56
4
-24
49
-53
21
-10
16
-61
-43
-14
-16
-36
30
127
52
-50
-20
25
39
10
-15
-11
17
-14
-21
15
28
3
25
9
9
-77
-26
0
34
-37
-4
12
-42
6
-52
50
16
63
-27
-18
-63
-21
-40
-91
-15
-76
-64
-18
-11
47
-38
30
127
11
27
-21
90
24
9
61
-35
-6
34
51
-44
92
28
71
21
-18
-55
26
7
-49
-21
13
-38
7
-66
-15
17
-45
39
98
4
-81
-41
76
1
127
32
-57
101
-38
-4
-11
-40
-41
-22
-5
62
50
-74
-55
-23
0
7
22
-26
-30
-50
31
-19
-69
9
-36
16
5
-1
-25
80
-91
12
-6
-41
-13
-16
-12
-58
-4
84
-20
65
-4
-59
6
12
54
-20
-33
73
73
-27
-40
-5
-12
-36
37
8
-95
66
2
-15
-1
-42
51
53
60
-14
51
-42
64
22
-17
74
40
-127
94
-59
6
-39
34
23
55
-21
48
99
-43
73
-16
14
11
-31
51
57
-23
28
70
39
-44
6
10
-127
19
-33
4
39
44
71
-23
42
-42
56
7
17
-2
16
-5
23
21
-22
-71
30
49
-5
19
50
-67
-55
0
-19
43
-40
16
62
-43
23
-31
-13
-6
-18
62
-4
-51
81
17
-29
-18
13
59
35
-32
38
-31
-53
-53
-50
-38
37
104
-14
32
47
27
103
10
52
-56
-67
15
24
18
2
-19
10
-84
-51
31
26
29
36
6
20
81
-33
-127
-3
74
-38
-18
28
21
21
-5
-54
73
33
19
12
-30
-1
-43
-15
42
49
13
-20
16
-4
85
-21
-3
75
-70
-4
-7
56
32
-48
-50
18
-48
8
-33
69
19
-20
-36
17
64
32
83
127
43
-35
-40
-49
68
89
4
-57
-43
12
-7
-49
21
84
-99
25
-71
-118
-46
-29
-11
-37
14
-63
39
-12
-2
-63
-20
15
22
4
22
58
127
33
4
49
-79
-47
28
19
24
61
-30
66
-13
-24
45
-84
40
-62
31
-46
75
-44
40
-127
125
34
77
-25
27
65
53
-62
100
-51
-38
21
-23
36
-17
8
70
42
-53
-43
28
51
-10
-26
3
82
-27
36
11
-108
-27
-4
1
-42
-25
26
15
66
-82
28
-10
-76
1
-70
-68
5
17
-13
-7
-35
7
-15
18
55
30
-8
49
2
-51
109
-49
-28
-35
29
61
39
2
20
-82
-106
2
-13
127
24
27
38
-8
21
79
7
-90
51
-21
-46
25
-13
-5
2
57
-40
-127
-54
31
73
-92
-32
-48
29
39
3
-29
-33
-97
26
84
-13
-34
-37
26
-37
-36
77
-97
64
72
21
-56
57
-95
-60
-96
61
18
71
20
-90
-30
-72
-24
27
30
34
-17
1
42
-10
110
42
47
29
-28
53
43
-80
44
71
-84
127
-8
-64
48
-37
-28
-2
67
-29
-86
19
107
-18
82
4
-5
79
-26
57
48
117
47
-114
13
1
-37
21
-62
-5
-17
-4
40
-98
126
12
8
7
-106
-14
102
-42
-30
-23
-77
90
98
-25
-38
74
55
5
-15
119
20
-55
-51
-7
21
-48
29
11
50
-30
-88
22
-99
-13
39
-127
-24
-49
96
-65
-20
-36
14
85
-92
1
19
-31
113
4
-31
-9
-79
-42
7
-21
-29
11
114
-127
110
-14
87
-18
57
78
12
8
0
2
8
-41
-33
76
29
-51
48
-12
9
77
63
-73
72
112
-12
0
67
57
-17
-6
24
-4
38
-15
15
-41
90
16
-51
-13
-56
117
83
-16
29
-18
-39
102
40
-11
-7
-5
-64
70
25
65
-17
107
-22
-73
127
126
120
-80
81
21
28
13
49
39
1
-23
-41
-17
-62
1
-58
28
90
-12
-115
-70
15
-63
-104
-16
23
95
6
-13
46
-54
19
-73
-54
57
-47
8
32
-11
-20
4
8
31
-18
-1
4
53
-42
4
-50
83
69
34
35
0
-22
-28
28
-61
32
75
-63
-18
-127
-51
43
-31
27
26
19
-8
73
-25
-44
15
83
63
63
-46
0
30
22
94
32
-29
12
-33
27
-61
-39
-3
-4
-40
31
-20
85
47
-88
-41
26
42
-12
22
-36
-127
92
36
25
-65
-69
8
-60
-11
3
72
-25
96
-75
21
32
24
-65
52
-32
-6
16
-4
-61
-63
-41
-54
-23
40
55
1
30
-18
4
60
-56
-18
22
14
51
127
-48
-55
1
19
60
21
50
-2
49
69
-34
-16
70
-4
1
24
44
-19
85
54
-4
-48
3
54
44
-10
78
73
-18
18
45
-46
-24
-22
48
21
-107
-20
30
127
11
-24
-23
18
-7
73
-29
1
-68
-85
-16
15
14
-33
-2
3
-10
7
40
-24
-1
13
-110
-59
26
16
-73
-81
23
-30
41
42
-4
-2
-4
-127
33
-43
45
11
-66
-66
-39
21
-3
7
-34
-35
38
4
-51
-43
25
0
8
81
80
-6
-42
-21
105
-5
47
-42
12
82
83
16
92
0
97
69
-67
-83
-99
-55
11
13
99
82
-10
28
-40
-17
-2
-3
31
-67
-20
-8
-70
-21
-52
-64
-115
-40
-38
-4
1
-6
127
-30
-37
-6
50
-69
-20
-53
76
-3
28
57
-70
-65
-24
64
-13
30
17
-20
10
-76
-41
-80
126
33
53
-22
-7
5
-65
-127
-13
16
-1
45
-58
4
8
16
58
-17
9
99
81
9
36
59
-11
-32
-109
-36
36
3
69
92
-29
8
-81
-92
-126
-19
59
-8
-45
61
34
-52
94
-21
4
-12
-15
96
-67
7
50
-54
45
-18
-3
18
-45
-11
-13
-29
-52
-15
69
67
-9
65
21
48
-19
5
53
4
2
93
-6
64
-47
-19
-48
2
-16
-12
-17
19
28
45
-9
-3
-48
-20
54
-127
-25
-41
48
-46
-31
-26
-36
-1
27
-10
45
6
-10
-75
-67
-19
-85
19
46
2
-18
-27
-38
16
73
11
56
-87
-87
-16
-53
5
-127
55
58
43
-67
52
111
57
36
37
-39
101
-72
87
-47
80
-15
-34
-57
-114
66
-73
3
65
35
-28
-38
47
49
59
23
-43
-24
-11
-7
-50
-48
73
-15
28
-51
-127
29
-28
-58
58
25
-75
-57
12
32
-3
-49
65
20
11
29
60
-10
44
32
14
-42
31
54
48
-31
18
52
-57
13
40
23
-5
-44
65
-45
-3
-57
58
-109
25
1
-41
36
-50
-21
66
24
54
59
-99
11
1
-27
-12
43
41
60
72
-49
-74
-16
-5
-6
-71
-42
-21
0
20
66
-17
-59
127
43
20
20
-45
28
24
36
-104
-37
-32
-20
51
-12
-13
-18
4
4
-42
83
-16
1
27
-1
-46
-127
27
-16
-32
71
-9
17
37
-20
-38
-39
-9
4
65
99
-95
27
14
68
15
8
51
-15
-29
0
53
-28
-3
31
-43
10
-83
-50
49
-1
-30
10
-24
76
-11
-127
57
10
18
107
-26
17
5
47
119
-70
-18
31
-48
43
73
-71
34
-34
-13
-20
-3
84
34
-21
-37
-9
58
-14
-4
5
1
-53
-14
34
15
-14
-63
61
47
-35
4
47
25
-14
48
-80
-41
102
6
-45
-26
-86
-13
-55
2
26
-35
-57
51
81
-21
4
127
51
40
20
-12
-44
49
-14
93
47
-21
47
1
-27
-19
111
30
-97
-75
-33
-5
25
-68
-55
-24
41
3
59
14
-64
-18
-35
-47
-27
25
-75
-13
71
-6
12
-5
-44
16
49
57
-12
-94
23
-64
43
10
61
-22
75
-26
32
-84
-30
-127
-9
-27
35
-59
22
-5
-11
41
-78
78
66
-80
95
13
44
68
-70
-17
-15
53
20
-62
-9
15
-100
50
-48
41
-23
-1
-82
-72
41
3
-27
-4
32
-7
16
63
34
55
-127
54
52
19
74
104
-52
36
68
-1
-37
59
81
64
35
33
65
18
-6
26
31
13
-74
68
-30
-87
42
66
-10
61
49
-52
6
-72
89
-11
-37
36
-116
-17
43
73
127
125
-95
-23
-95
-83
-19
95
-22
-20
-50
-19
5
15
-42
9
-107
-8
80
-28
-25
-71
37
-101
44
-48
5
-31
-52
18
-17
-47
-62
51
-14
85
-39
75
43
63
-105
-27
0
34
3
44
14
87
127
4
-28
56
-32
37
21
18
-70
2
-113
-51
6
90
-126
-46
-37
43
83
-23
115
-61
40
-41
-1
7
-29
-7
24
-9
-98
107
28
-22
80
72
-82
-2
-83
63
-17
-25
-73
87
-16
-29
68
-32
-81
79
-10
-124
-71
-85
46
-79
30
56
-34
-67
-14
67
86
-89
-127
26
-35
62
2
56
-24
25
8
70
53
-48
35
24
-75
18
56
104
24
40
-24
-29
-57
57
42
-127
-7
-42
-21
5
-54
36
-58
26
-42
-99
13
31
-80
13
72
-13
40
-23
-79
-78
35
-61
-125
14
-2
68
23
-15
9
56
26
-44
-62
-47
-48
40
-3
-11
59
60
46
32
-36
-42
-22
-10
-1
-30
-32
38
33
18
34
-29
-53
-47
-16
-45
47
-2
-42
-61
66
-73
-127
28
-35
44
33
-91
27
38
62
-26
28
23
11
52
15
66
-21
-36
-9
57
21
-54
67
-58
10
-12
-26
21
-11
-48
43
-36
24
94
-45
-77
-19
44
-61
51
-92
-22
22
-84
-127
55
35
-28
-8
-26
-39
3
-67
-4
17
-66
10
-22
-45
29
35
46
-32
-36
55
-52
-23
-17
84
-14
104
30
-14
127
-50
28
72
30
47
-53
96
63
-6
-95
24
-126
-64
-45
19
95
-25
9
17
63
-26
-25
-62
-49
14
-19
18
-51
8
-89
-48
8
91
-5
9
127
