396
186
3066
10739
-1185
1389
6932
6776
5544
-2913
9691
7799
-5123
4359
-42
7551
-2826
5770
788
-3260
6025
-6672
1789
7522
5475
-722
2646
-3006
5073
-8970
10788
99
6989
1740
-2991
-9830
-1444
839
-1328
-281
-2258
-2248
-1821
11036
-6467
832
1613
-6457
5275
5146
-9388
-3010
3775
8936
-3579
-13716
-5245
-3808
-5771
-2315
1056
3433
-10682
1418
2749
6215
229
-5291
-5408
-470
-8671
3847
4768
7083
-12092
10404
-1835
6607
-5026
-3309
3380
-5814
2397
6243
-5461
2310
10206
2228
2151
7119
-7989
-5257
3505
-6385
5188
4776
5391
4751
2046
-9173
1929
-4875
14107
-9501
6914
2424
-1097
-10143
6735
6537
68
2962
8735
-4280
3079
10695
-1500
-11420
2274
-19653
328
-5933
-10672
1131
5160
1532
-5246
-10551
-1705
-3580
-6312
-9264
-2622
1088
-7001
2709
148
3600
2845
-1306
-4822
4872
-7681
-1012
4235
-575
5818
10099
-225
2368
9485
1385
1062
-416
5679
7466
-3707
-132
-1557
5503
-1968
7382
3347
2820
6828
480
781
7019
3222
-2459
389
-4479
7596
-1796
5551
4505
4359
1687
-3615
-11295
-3078
1640
-3267
407
2846
221
1699
8417
-1648
2194
2237
-5514
2932
5841
-5450
-5555
6165
4815
-3462
-9623
-5846
-5007
-1395
3555
1789
-1254
-4436
497
2914
7688
-3803
-5538
-4321
-1295
-5310
355
2317
4768
-5012
15869
1038
5988
2452
973
2908
-3837
13121
4568
-1200
6196
-1976
8831
-4373
4710
-2075
-1596
2738
-4607
515
6158
105
3640
1785
-8972
4114
-7967
5666
-5386
9620
1499
3616
-13680
-2974
7961
1117
-1150
2665
3549
106
12548
-7615
-1058
14651
-14209
-164
5346
-7669
-1785
6072
8924
-10446
-7697
678
-2561
-5929
-8143
372
2647
-10769
-1199
1370
7707
-2004
-3983
-16638
2189
-7620
-646
1443
1770
5312
11439
-5810
488
5246
-5239
-502
-3584
6645
7176
283
1925
99
-706
-10759
-1391
1007
9291
5948
-5289
5463
10289
4013
3317
-2149
-6417
7897
-4460
3462
3122
1091
-2549
-5865
-10797
637
842
177
-1395
-1121
-4013
4272
2323
-1462
2420
-5615
-3562
-1832
3507
-6665
4599
1381
8507
-1941
2225
-4996
-1324
-7632
4837
-34
-2597
-3767
3411
7277
3054
-747
-2644
-7750
-1885
-3209
7859
395
2242
-6423
11018
-4426
8280
1898
3247
2849
-9101
4972
1035
-1396
4341
6243
2607
-755
6771
-6914
-6046
6633
-5956
10037
5262
12061
1752
7693
-6413
5397
-8188
10690
-3058
2
682
3033
-9200
8035
3186
1837
70
7932
-5970
-5659
15116
975
-11275
-280
-20350
1664
-4040
-15852
3519
-325
5457
-6051
-6502
-6823
-6360
-5064
-9730
-1781
922
-9139
1750
5759
5398
-1810
-1871
-8710
3232
-9013
-5162
5402
4065
-14983
9453
-2056
12582
-5588
-7725
-2165
-13455
239
3886
-560
3077
12617
-2793
-954
8879
-10635
-12544
4200
-11503
11338
-682
2003
6102
15082
-11553
5219
-1284
13507
-10663
350
5442
2843
-5303
16907
7260
5683
38
18449
-11605
-1280
15966
4333
-18458
-2324
-29280
-4252
-7561
-23065
4105
-6713
-5076
-7974
-5618
-7711
-9031
2146
-11781
-8149
2577
-5511
-4274
630
-872
615
-311
-8516
5969
-9834
-8032
-1029
3596
5629
7284
-5873
467
8187
-1046
-1932
-1396
634
9192
-1207
-132
662
4661
-4248
5234
4224
2068
4945
-4105
4085
3585
1213
-4017
4146
-2054
4843
-105
2427
1980
2602
2915
-7411
-7713
680
-1806
3316
-1356
3955
1674
-525
8491
1881
1738
-626
-5148
3503
4830
-7142
-1161
3799
6140
-4966
-3109
-6416
-7394
-2544
8237
1805
-4626
-3033
3354
2043
5750
-5922
-2139
-2762
1447
-5487
2636
6341
9457
-7672
23992
3901
-1298
-4867
11406
-1432
-14179
13871
-914
15118
10337
-9524
3193
-10585
-7848
10708
-12248
1307
-5230
-13158
389
-4824
3542
14598
-1576
-359
-12850
746
-18787
4418
5113
15349
-1600
1277
14880
10699
-8729
-3287
4311
5299
12492
-8929
4468
19756
-19379
4775
3702
-12672
11128
2492
-7131
-12423
1126
11090
5509
-1540
-12702
654
-1336
-5588
1037
-12858
5924
-2358
-892
-15319
15012
3525
-9406
-3090
5603
1486
7062
-10354
2173
10413
-6293
452
-4527
-1611
7581
4679
-2423
4103
-3228
-11359
712
2708
11013
10600
-9030
12011
8729
3915
-2634
-1017
-8727
5461
-1296
-135
5236
-9959
-5617
-3505
-13634
4163
-1546
3311
-3881
8526
-4149
-64
6938
-2181
1157
-7676
-8132
-3394
-1318
-14360
15285
-7673
11431
-3054
9682
-2312
-9793
-9678
5552
1443
-4347
904
5621
15165
8537
-2595
-1679
-10228
1116
-7757
4002
-1055
1514
2504
5416
-893
3582
7144
1710
3415
496
8802
3812
-13876
1103
-4858
11889
-3823
8170
354
-1486
11852
-5269
10677
5321
352
-4008
-1818
-7800
-1890
1264
-171
2439
-360
6914
-332
-12934
-10619
-3633
5
-511
3282
5812
-8424
14201
-3979
702
11705
-10567
4337
2806
-4020
-11361
8535
15859
-6081
-7384
-682
-15905
-3405
-938
3987
251
-11138
-5859
4260
9724
-4341
-7122
-15615
1270
-12341
4655
5360
2277
-5798
9700
-974
5817
-5115
-2604
2823
-3329
2901
-3413
-6817
2678
6561
619
-1692
6308
-6228
-9879
2138
-4980
6080
-1872
7710
4970
1909
-8375
1581
-1563
8855
-5685
4066
2616
-793
-2566
1421
3936
1826
-264
3517
2124
-6380
9514
-1696
-10295
7858
-16164
-4886
-503
-8108
-56
3787
-238
-2761
-7870
-3603
-7787
-774
-11347
-2355
-710
-8755
-487
593
953
-430
-1943
-6153
1975
-7293
884
-838
3724
8061
10402
-2962
-6313
1218
-4018
1302
3325
6672
4972
-147
1018
-4150
4720
-8542
-1095
1353
6855
8118
-1071
8279
6101
995
-1747
563
-4108
7432
771
-1456
1096
3027
7630
-2292
-8051
-1238
-3695
-816
-87
2989
2706
-1094
4407
2239
5151
6441
-791
1183
3821
-5743
-1277
5464
7603
-2523
-2588
-5771
-1814
-1854
2795
4442
-2744
-3865
607
4253
5058
-2214
2982
-8127
-968
-5403
7183
12551
1265
2877
22797
3989
-7229
-722
1702
3437
-6043
21436
4621
4161
2733
-8262
1986
-20114
-1355
3976
11332
14155
4502
-7799
11305
6654
8365
5625
-7762
9190
-9310
-2928
1172
-6179
-8199
8504
-747
-5395
2400
-4391
2663
4632
3879
-1396
5053
-9432
6554
4750
-641
8126
1420
-6343
13593
1222
-4863
-5295
2247
-3172
5922
902
-10547
3995
-5907
5691
6438
2372
6795
168
7036
-8453
-19
-4438
3272
4346
5748
-117
5360
-4716
965
2738
-5037
700
-9715
5756
8380
-4480
-7729
2643
2453
-9694
-5875
3630
18040
5460
-3716
8383
5870
-2615
2524
-4914
-10069
7385
-1096
-1309
2004
-8186
-5370
-1872
-5522
-2732
-1535
-2323
3440
510
-1979
1428
2536
3509
6048
-158
-5693
5391
-7181
-8791
2939
-65
4766
-2973
5221
1478
-2481
-6058
-1595
6231
-529
1403
3555
7468
8602
1254
6506
-10520
2104
-5075
2508
8541
4890
-6915
5423
-2146
3693
-3378
-1964
4264
-5579
1420
-2498
-5309
3883
6178
-2019
-6344
-489
-8903
-4964
913
-6854
6125
-2574
2834
3806
-1730
-9850
-2486
-3130
4742
-7356
2207
-1424
-1151
-2237
-3941
6965
3963
-2065
-3294
1992
-2057
6543
-4810
-8566
6250
-12795
-5448
377
-6739
-1538
2595
2541
-4923
-1845
2914
-4875
-7311
-11089
-4241
-1266
-12599
678
-249
-2758
2278
-952
-9639
-98
-5296
4498
2993
-612
2320
12512
-3597
-791
4088
-2072
5873
-2842
5270
4469
153
4022
4205
1354
-11948
-2683
437
5674
5686
-3101
4781
9893
1848
-1058
-3421
-5805
4957
-7935
214
1487
365
-1313
-2320
-6154
-3822
-2141
-792
337
2928
-4862
3073
1808
-6740
3288
-1303
-3095
-1388
1459
-7620
10570
508
5438
-2303
1578
-350
1044
-5767
-2531
-1439
-657
-5364
2937
6261
4617
746
-891
-2352
-2936
-2532
8058
4198
4067
-6553
20972
1525
-2348
-5424
8376
3484
-8176
20892
1215
2286
57
-8030
5295
-13327
-5998
-437
-3040
14172
-7663
-5076
10650
355
4745
3034
-4112
2252
-5705
-1477
-10788
-7067
1441
9990
-1695
-798
8410
3325
-1790
-728
-2228
-2894
11682
-9350
5666
7415
-6291
9015
-180
-4737
16534
-2359
629
-8851
-2731
7549
3428
-1044
-7459
691
700
1304
4585
-2070
7759
4157
4352
-8148
4427
-2237
-3454
