31
53
-3
127
-25
43
-121
-9
4
121
26
119
-127
94
-101
-13
32
-35
-127
-17
-69
-62
-35
-76
37
-24
-106
24
24
-56
15
100
-62
30
-94
30
37
-76
-93
-127
32
-2
-115
21
-27
127
-75
101
-109
-15
91
29
-30
50
19
-27
102
-69
-10
-127
-120
-17
16
-24
127
21
61
80
-49
61
-22
42
0
127
64
81
-88
110
-127
-68
23
-18
-12
47
-52
-127
-93
-124
87
-81
-64
83
-28
-53
12
82
-114
-22
-127
2
26
-37
-25
-14
-53
72
-95
8
8
-24
-26
-5
6
18
127
68
127
-13
63
-86
127
90
-37
-88
-73
55
48
-91
113
46
-22
1
-67
72
71
59
32
111
113
39
-24
59
-78
-66
-105
-85
-4
64
-5
50
-39
-127
-63
-68
-6
-1
-29
-127
37
-66
-127
-93
26
24
-127
-46
127
75
-63
127
-127
-127
40
-3
39
-127
39
-127
101
56
96
-113
26
-107
-43
119
-1
25
-127
127
11
-127
-30
127
48
37
-47
10
-127
37
38
45
8
127
-50
29
-25
-127
49
86
-123
24
17
-58
-65
67
39
-23
-127
64
51
-77
53
127
78
20
69
5
80
-65
-95
-52
62
21
-16
10
2
69
-127
101
-127
-46
6
43
-102
127
48
-7
95
-86
97
-106
-37
31
114
-28
-30
77
127
10
-74
90
-71
75
11
87
25
88
-46
-77
-57
-108
-36
118
89
78
35
-95
-127
-61
127
-72
-66
127
127
-12
62
125
-12
-31
-12
-18
54
-95
-32
115
45
74
-48
69
47
-32
-68
8
-14
18
117
93
22
9
127
-97
46
86
1
-86
97
120
81
59
19
31
73
-88
-127
127
110
107
41
57
127
36
69
-52
-57
-96
-127
19
-35
127
-72
106
-84
-77
60
-127
-72
53
21
14
69
103
-22
-127
-51
10
1
-127
100
112
58
73
8
-112
127
-21
-13
-69
29
113
67
127
-8
-56
122
-102
-76
127
4
4
9
17
16
87
8
94
80
-68
-75
-82
-66
28
34
6
-42
81
100
-125
9
-81
89
111
-65
-13
73
-54
3
20
26
-26
-51
53
81
-9
-127
59
76
6
115
91
26
-62
-31
-101
-36
34
25
14
57
-42
-72
-23
-61
-39
-16
52
-89
113
63
-46
35
-64
127
-57
-21
71
127
1
8
62
99
-107
-88
-67
-115
127
127
27
-25
85
46
-127
-15
-117
-19
127
84
42
127
-84
-18
-69
74
-47
3
61
116
35
-96
50
104
-59
51
127
62
-87
-51
-53
103
68
25
58
117
-83
-91
-21
-20
-19
18
92
-117
21
99
-127
-31
36
62
-73
124
41
76
90
-36
31
43
-84
-102
-51
93
84
113
19
-16
13
55
-114
-47
-58
-71
97
-24
39
-39
82
-21
-32
82
-110
-24
20
55
87
-85
104
88
-126
-27
103
35
-63
-20
23
127
-13
16
-95
55
-5
-54
-27
35
86
70
80
-89
-77
108
-118
-13
100
37
-10
93
-49
1
125
