458
2331
-994
-9619
657
10267
11976
-3836
-8741
432
-9367
-10971
-4345
392
11123
5084
10579
12840
2942
12687
-15752
-1839
-4699
-4107
-881
-7483
6740
-3744
-10173
-8742
-1318
13065
-670
-9277
-5756
-9171
-4961
-6584
9136
-10833
-14086
-361
-13617
2273
8707
5446
-2649
-2128
-597
-7562
-17956
-2146
-8388
-16386
-12787
-7035
-12836
3193
11312
-13883
9814
3067
-8828
140
-15999
3293
-13064
-4260
-270
-5652
15013
-11539
-6478
2008
-13675
4382
-5749
-5409
-610
-644
7151
-7987
-4958
2277
662
-4112
-7669
-4701
301
2211
-11252
11250
-14224
-12043
-4877
-13329
13477
4900
-2346
-5333
6280
9026
12279
-1037
-14886
149
-6042
-10660
20909
-11753
-608
-14129
-3359
-8413
-18405
-719
1748
-2145
-7052
-5926
-11382
-8930
4585
13096
-1499
-2436
3527
-10373
-12576
17056
-1400
1587
-4587
3705
5856
19307
2229
-8255
-1393
-15944
11045
-4354
-13228
-21314
1750
12885
-7630
-306
-7981
-944
-1580
1775
-9139
-2378
493
16491
3680
-10934
-5887
1063
6930
-1383
5885
9530
-738
-8310
-7202
-3878
7335
-9781
-7750
-20168
1588
-6077
-3423
12549
7692
-14808
-2454
-17450
-2014
-13952
6974
-11930
-5077
-11084
-1559
3837
-3954
3958
2921
-3867
-1696
2876
-657
259
-7188
8157
1917
-7299
-7879
-2700
-6015
-8060
5176
-9638
6971
11150
1624
7241
4997
8259
-13814
3805
-2031
942
-380
-4069
3427
2984
-6385
-10154
-55
12657
-4229
-5057
-9153
-7556
-8061
-8653
-1353
-6770
-12745
-2804
-7983
9682
11100
11463
-2749
6306
-3840
-8965
-10471
-238
-8172
-12796
-7775
-9022
-10643
4446
9616
-12319
6693
13425
-14250
1962
-7437
2063
-14475
1033
4661
7633
7563
-9458
-6501
7064
-6538
-4651
-12208
3655
-2411
-2845
11360
-8900
-1284
-1897
-4391
-7102
-7868
369
2972
-6293
-9320
1071
-11272
-8681
-11437
-6943
13004
16282
125
-1112
5830
-4801
14489
-6203
-1176
-178
-5347
-7944
17566
-10529
2862
-12893
-2207
3644
-13927
4287
133
-4563
4257
-7255
-8581
-9282
5301
1260
-4624
-8703
4857
-9983
-13773
8929
2459
2589
-5686
6226
12532
10702
3669
-9361
-7539
-9505
8045
-1670
-8268
-20764
-2317
18272
-3917
833
-7659
-5362
-1719
8741
-11326
-3299
3519
10338
2237
-6739
-6765
399
10099
-557
-5771
7053
14501
-12687
4666
-1928
4206
-9491
-7345
-22309
-1515
-2523
4158
8068
4928
-15114
-3092
-17916
-4198
-13868
6393
-19043
-7591
-4079
-1716
7965
216
1663
935
-3698
458
2331
-994
-9619
657
10267
11976
-3836
-8741
432
-9367
-10971
-4345
392
11123
5084
10579
12840
2942
12687
-15752
-1839
-4699
-4107
-881
-7483
6740
-3744
-10173
-8742
-1318
13065
-670
-9277
-5756
-9171
-4961
-6584
9136
-10833
-14086
-361
-13617
2273
8707
5446
-2649
-2128
-597
-7562
-17956
-2146
-8388
-16386
-12787
-7035
-12836
3193
11312
-13883
9814
3067
-8828
140
-15999
3293
-13064
-4260
-270
-5652
15013
-11539
-6478
2008
-13675
4382
-5749
-5409
-610
-644
7151
-7987
-4958
2277
662
-4112
-7669
-4701
301
2211
-11252
11250
-14224
-12043
-4877
-13329
13477
4900
-2346
-5333
6280
9026
12279
-1037
-14886
149
-6042
-10660
20909
-11753
-608
-14129
-3359
-8413
-18405
-719
1748
-2145
-7052
-5926
-11382
-8930
4585
13096
-1499
-2436
3527
-10373
-12576
17056
-1400
1587
-4587
3705
5856
19307
2229
-8255
-1393
-15944
11045
-4354
-13228
-21314
1750
12885
-7630
-306
-7981
-944
-1580
1775
-9139
-2378
493
16491
3680
-10934
-5887
1063
6930
-1383
5885
9530
-738
-8310
-7202
-3878
7335
-9781
-7750
-20168
1588
-6077
-3423
12549
7692
-14808
-2454
-17450
-2014
-13952
6974
-11930
-5077
-11084
-1559
3837
-3954
3958
2921
-3867
-4105
4417
-2536
-2512
-2342
9768
4870
-1842
-7785
-2170
-4538
-11676
-622
-9050
7802
10968
5627
10593
1969
9240
-16438
1891
-4608
-1378
-2380
-4149
4946
574
-6740
-10063
-1234
14351
-1618
-4126
-8779
-9168
-8630
-8070
1001
-8115
-11998
-2271
-12968
7072
11149
8857
-1374
3837
-1433
-6981
-15267
-1522
-6514
-16534
-10153
-6704
-13572
4348
6987
-14330
4258
12530
-13045
1362
-10433
3168
-15656
1673
2105
6076
11779
-11674
-6409
5535
-11584
-5343
-10060
3026
979
-2427
10471
-11153
-965
1793
-3526
-6285
-9683
-2220
-2368
-4481
-11021
4925
-11896
-11474
-9176
-7296
12531
11771
-98
-2583
6037
-424
14838
-3713
369
1168
-6632
-8964
17983
-13382
4268
-15553
-3745
4526
-18016
2745
2804
-4470
3611
-8910
-7954
-11065
6546
8128
-1782
-6247
5337
-9669
-16710
11240
2814
978
-5219
7781
11546
17584
5032
-8400
-6296
-13160
12604
-5906
-12112
-22720
3297
17232
-5779
734
-8244
-3821
-3316
9395
-10322
-3790
8521
14157
2548
-7135
-8475
2149
11162
-1646
-4794
10059
15685
-12451
242
-3179
6993
-10760
-9899
-22696
-858
-1805
1986
8491
5358
-16701
-1688
-18497
-4240
-14288
8626
-13672
-8305
-7111
-2392
4429
-909
2246
-741
-4610
-727
1442
-7667
-4109
261
8580
2524
-1701
-7055
-1736
-2618
-9421
-2350
-12765
-978
4645
13574
4061
330
1867
-11063
-2662
-6672
306
-3401
-5080
-3075
-1917
2609
-1098
-8606
4145
11652
-1733
-3654
-4611
-4748
-5276
2659
-9357
-2577
-3613
-10490
-3540
-3558
-431
-4238
-2711
3320
-7709
-13478
-1547
-2951
-11835
-12082
2591
-9558
1871
1881
-3215
1202
4131
-3718
-2202
-11041
3638
-8950
6339
-7620
4672
6113
-8002
-733
5195
-10271
936
-6225
1549
1268
-2038
6905
-5521
-2788
10061
-4405
-1917
-6550
-3076
-3240
3980
-4791
4670
-4273
-12348
-4231
-1354
1509
2866
-2968
-3800
-1548
5196
8250
-2881
3928
-2943
-995
-3378
7995
-8810
3909
-10422
-2234
5759
-8724
-2061
-1106
-2445
-2479
-4768
-9875
-7664
-1501
14389
2355
3462
-3523
-5303
-12092
4457
-843
-2583
2041
7171
-6760
20176
4713
-4974
-1297
-9393
10600
-3832
-8880
-16531
3241
5298
-1200
-1645
-4382
-2937
-2765
4597
-1843
-4691
10628
12076
1786
-4188
-5059
3265
9984
-2755
-2159
7936
14341
-8625
1812
91
8710
-9247
-6115
-10355
-2418
59
-4013
5126
1553
-7417
-707
-10059
-6316
-7848
7876
1934
-6987
-9986
-4585
-1788
-678
3140
-1822
-4727
-1071
3964
-1383
-3177
-1825
10133
5572
-2193
-8434
-568
-5016
-11337
-510
-6635
7194
7247
6921
9675
2105
8324
-14807
1309
-5139
-21
-2102
-4847
2597
561
-3691
-7891
-2939
12199
1479
-3223
-7360
-7302
-7595
-8221
3692
-8841
-9948
-1183
-11485
4160
8780
6540
-1950
1982
-1020
-7145
-14119
389
-6583
-15020
-10519
-4458
-12012
2393
8207
-11638
4780
9600
-11217
2064
-12063
4305
-14243
2660
966
3675
9399
-11966
-4870
4677
-10819
12
-8243
-370
180
-1408
9075
-7299
-521
3696
-3890
-6020
-7608
-2534
-414
-1370
-10296
7471
-11569
-11259
-7390
-6729
10011
9456
-1713
-1086
4686
2212
12305
-3043
-2036
-330
-4759
-5921
15920
-11123
1849
-13146
-1533
1703
-15216
3010
1390
-1371
407
-7660
-8948
-9042
5942
9796
-2864
-4777
2710
-9833
-14392
11506
1696
-708
-2548
5639
8193
17040
5149
-5572
-2201
-10921
12125
-4275
-12219
-21432
3576
13722
-5075
812
-6820
-3175
-1519
6406
-8924
-3335
5774
13947
4081
-6566
-7259
2250
10067
-1223
-1583
9807
12567
-11087
88
-1437
6244
-10187
-7183
-18755
1396
-2694
763
9550
5340
-14869
-1616
-15621
-4985
-13037
7790
-10659
-7694
-8393
-1822
5859
510
1119
-105
-2842
1577
2394
-7076
-4401
2180
11610
6790
-1435
-10899
3834
-3629
-9238
-4264
-6355
-3067
-1585
17056
1289
-807
-533
-9399
-3139
-10403
-1292
-1118
-9232
-10003
-4756
3284
2129
-11072
5197
11672
-4266
-2864
-2642
-3961
-8987
8512
-16256
-3315
1585
-9476
-11846
-7322
-4884
-8366
-5436
6465
-10251
-14374
-1030
-2313
-14615
-15823
7515
-10960
2394
6486
-4174
2301
-2976
879
-990
-16312
6452
-8669
8138
-11087
-1185
6148
-9974
-266
3366
-12637
9465
-1257
-7913
3518
-3727
4761
136
-5002
13018
-774
-234
-6595
-4955
-4565
10170
-7435
14841
-8189
-15563
1583
-4030
2873
-3917
-7198
-6692
-5327
12252
4970
-3041
-4757
-2213
2952
329
12415
-10121
138
-8037
-2350
-3112
-5551
-5056
-1790
4215
-13332
-1817
-12269
-3861
-227
21119
-2293
4845
-8948
-7865
-11793
6036
-2870
-620
6927
2570
-9647
26190
4155
-4463
47
-10313
12179
-4350
-10230
-17983
3446
558
-4760
-2676
-7341
-3777
-1954
-1952
-6848
-3131
5056
12950
2419
-5892
-5631
3469
7156
-4380
8191
11846
10991
-8362
-2062
3922
7152
-11564
-5068
-6778
-2287
-3988
-8764
5904
-1375
-5639
-3670
-6475
-11874
-7339
8259
2820
-11399
-17240
-3992
-116
-935
3998
1126
-3747
458
2331
-994
-9619
657
10267
11976
-3836
-8741
432
-9367
-10971
-4345
392
11123
5084
10579
12840
2942
12687
-15752
-1839
-4699
-4107
-881
-7483
6740
-3744
-10173
-8742
-1318
13065
-670
-9277
-5756
-9171
-4961
-6584
9136
-10833
-14086
-361
-13617
2273
8707
5446
-2649
-2128
-597
-7562
-17956
-2146
-8388
-16386
-12787
-7035
-12836
3193
11312
-13883
9814
3067
-8828
140
-15999
3293
-13064
-4260
-270
-5652
15013
-11539
-6478
2008
-13675
4382
-5749
-5409
-610
-644
7151
-7987
-4958
2277
662
-4112
-7669
-4701
301
2211
-11252
11250
-14224
-12043
-4877
-13329
13477
4900
-2346
-5333
6280
9026
12279
-1037
-14886
149
-6042
-10660
20909
-11753
-608
-14129
-3359
-8413
-18405
-719
1748
-2145
-7052
-5926
-11382
-8930
4585
13096
-1499
-2436
3527
-10373
-12576
17056
-1400
1587
-4587
3705
5856
19307
2229
-8255
-1393
-15944
11045
-4354
-13228
-21314
1750
12885
-7630
-306
-7981
-944
-1580
1775
-9139
-2378
493
16491
3680
-10934
-5887
1063
6930
-1383
5885
9530
-738
-8310
-7202
-3878
7335
-9781
-7750
-20168
1588
-6077
-3423
12549
7692
-14808
-2454
-17450
-2014
-13952
6974
-11930
-5077
-11084
-1559
3837
-3954
3958
2921
-3867
1351
1413
911
-6339
-3451
9040
9456
-6984
-7906
-608
-9765
-8028
603
739
11290
6830
6661
10161
4784
11780
-13173
469
-1824
-2919
503
-6413
5716
-1020
-9665
-8878
1055
11864
-3367
-9813
-5751
-8280
-4976
-6933
6074
-8251
-14398
-582
-9267
6340
9992
8418
-2835
1882
-2635
-9268
-13310
-1277
-9229
-12911
-9815
-9437
-10140
2805
12194
-12638
11460
4794
-10388
2053
-12791
2320
-12154
-5164
3490
-3378
11531
-8871
-7568
2658
-9478
3058
-7762
-4500
-1912
-1178
7763
-6481
-4515
-1354
191
-5228
-6969
-2009
3469
-622
-10577
7672
-13916
-9421
-7431
-12669
13895
9226
-1144
-4135
7550
4359
12508
-2736
-14769
-57
-5011
-9895
19855
-9902
-1333
-11584
-2484
-7723
-14584
950
441
-2420
-4328
-5318
-11447
-6832
4090
6807
-3140
-4826
4487
-10032
-10560
15291
-1313
3460
-5341
2606
8186
12410
1390
-8642
-2029
-12151
6876
-1369
-10303
-18375
-1375
13990
-6372
613
-7793
-2280
-212
1556
-9859
-2102
-2350
12802
3644
-10545
-4622
415
6508
-82
5580
7189
-1075
-8109
-3209
-2110
4929
-8400
-6030
-19882
1051
-5919
-602
11701
7094
-13679
-3297
-16532
-1431
-12822
4941
-15940
-5118
-7352
-1566
6509
-2869
2492
3730
-2427
1351
1413
911
-6339
-3451
9040
9456
-6984
-7906
-608
-9765
-8028
603
739
11290
6830
6661
10161
4784
11780
-13173
469
-1824
-2919
503
-6413
5716
-1020
-9665
-8878
1055
11864
-3367
-9813
-5751
-8280
-4976
-6933
6074
-8251
-14398
-582
-9267
6340
9992
8418
-2835
1882
-2635
-9268
-13310
-1277
-9229
-12911
-9815
-9437
-10140
2805
12194
-12638
11460
4794
-10388
2053
-12791
2320
-12154
-5164
3490
-3378
11531
-8871
-7568
2658
-9478
3058
-7762
-4500
-1912
-1178
7763
-6481
-4515
-1354
191
-5228
-6969
-2009
3469
-622
-10577
7672
-13916
-9421
-7431
-12669
13895
9226
-1144
-4135
7550
4359
12508
-2736
-14769
-57
-5011
-9895
19855
-9902
-1333
-11584
-2484
-7723
-14584
950
441
-2420
-4328
-5318
-11447
-6832
4090
6807
-3140
-4826
4487
-10032
-10560
15291
-1313
3460
-5341
2606
8186
12410
1390
-8642
-2029
-12151
6876
-1369
-10303
-18375
-1375
13990
-6372
613
-7793
-2280
-212
1556
-9859
-2102
-2350
12802
3644
-10545
-4622
415
6508
-82
5580
7189
-1075
-8109
-3209
-2110
4929
-8400
-6030
-19882
1051
-5919
-602
11701
7094
-13679
-3297
-16532
-1431
-12822
4941
-15940
-5118
-7352
-1566
6509
-2869
2492
3730
-2427
458
2331
-994
-9619
657
10267
11976
-3836
-8741
432
-9367
-10971
-4345
392
11123
5084
10579
12840
2942
12687
-15752
-1839
-4699
-4107
-881
-7483
6740
-3744
-10173
-8742
-1318
13065
-670
-9277
-5756
-9171
-4961
-6584
9136
-10833
-14086
-361
-13617
2273
8707
5446
-2649
-2128
-597
-7562
-17956
-2146
-8388
-16386
-12787
-7035
-12836
3193
11312
-13883
9814
3067
-8828
140
-15999
3293
-13064
-4260
-270
-5652
15013
-11539
-6478
2008
-13675
4382
-5749
-5409
-610
-644
7151
-7987
-4958
2277
662
-4112
-7669
-4701
301
2211
-11252
11250
-14224
-12043
-4877
-13329
13477
4900
-2346
-5333
6280
9026
12279
-1037
-14886
149
-6042
-10660
20909
-11753
-608
-14129
-3359
-8413
-18405
-719
1748
-2145
-7052
-5926
-11382
-8930
4585
13096
-1499
-2436
3527
-10373
-12576
17056
-1400
1587
-4587
3705
5856
19307
2229
-8255
-1393
-15944
11045
-4354
-13228
-21314
1750
12885
-7630
-306
-7981
-944
-1580
1775
-9139
-2378
493
16491
3680
-10934
-5887
1063
6930
-1383
5885
9530
-738
-8310
-7202
-3878
7335
-9781
-7750
-20168
1588
-6077
-3423
12549
7692
-14808
-2454
-17450
-2014
-13952
6974
-11930
-5077
-11084
-1559
3837
-3954
3958
2921
-3867
27
981
-6778
-2722
-948
4616
2393
-2410
-3578
-3099
-1375
-8492
-1271
-10077
1946
7307
9838
4316
2718
4017
-10402
-2779
-4607
-687
-3797
-3887
806
-294
1275
-1605
-5368
3514
7496
-1250
-4129
-5151
-2532
-1151
106
-5713
-2899
-6253
-10830
1327
1116
1051
-4238
-1633
482
-5852
-11839
-1209
-1935
-9269
-9037
497
-7975
1350
2557
-2920
2138
4563
-5561
-2200
-8383
1497
-6665
2413
-3960
3855
5005
-6300
410
4941
-7930
-399
-7326
4335
-1330
612
4938
-6489
-1569
6443
-2922
-2369
-5849
-1705
-1157
17
-3999
2045
-1306
-10210
-5235
-1324
2334
6621
646
-1785
211
1442
7742
-1203
3822
-2320
-2102
-5490
5708
-8536
4152
-8550
-536
5236
-10385
730
-1677
-3573
-195
-6140
-9648
-7577
-1007
8944
3438
260
-1012
-2350
-8691
4394
-995
-1901
584
7128
-1491
12401
2970
-4580
-2092
-6052
8309
-2028
-7455
-13136
1883
8323
-1398
-487
-1471
-2143
-4028
7700
-1659
-1854
9428
9179
2392
-5245
-3182
4615
9354
-95
-4330
4769
10229
-7533
2110
-1174
7568
-9118
-6322
-10947
-1944
1510
-3431
3985
4291
-7306
-718
-10093
-1798
-7307
7510
-1202
-3824
-5323
-1887
-1182
-727
854
-2792
-3744
-4105
4417
-2536
-2512
-2342
9768
4870
-1842
-7785
-2170
-4538
-11676
-622
-9050
7802
10968
5627
10593
1969
9240
-16438
1891
-4608
-1378
-2380
-4149
4946
574
-6740
-10063
-1234
14351
-1618
-4126
-8779
-9168
-8630
-8070
1001
-8115
-11998
-2271
-12968
7072
11149
8857
-1374
3837
-1433
-6981
-15267
-1522
-6514
-16534
-10153
-6704
-13572
4348
6987
-14330
4258
12530
-13045
1362
-10433
3168
-15656
1673
2105
6076
11779
-11674
-6409
5535
-11584
-5343
-10060
3026
979
-2427
10471
-11153
-965
1793
-3526
-6285
-9683
-2220
-2368
-4481
-11021
4925
-11896
-11474
-9176
-7296
12531
11771
-98
-2583
6037
-424
14838
-3713
369
1168
-6632
-8964
17983
-13382
4268
-15553
-3745
4526
-18016
2745
2804
-4470
3611
-8910
-7954
-11065
6546
8128
-1782
-6247
5337
-9669
-16710
11240
2814
978
-5219
7781
11546
17584
5032
-8400
-6296
-13160
12604
-5906
-12112
-22720
3297
17232
-5779
734
-8244
-3821
-3316
9395
-10322
-3790
8521
14157
2548
-7135
-8475
2149
11162
-1646
-4794
10059
15685
-12451
242
-3179
6993
-10760
-9899
-22696
-858
-1805
1986
8491
5358
-16701
-1688
-18497
-4240
-14288
8626
-13672
-8305
-7111
-2392
4429
-909
2246
-741
-4610
458
2331
-994
-9619
657
10267
11976
-3836
-8741
432
-9367
-10971
-4345
392
11123
5084
10579
12840
2942
12687
-15752
-1839
-4699
-4107
-881
-7483
6740
-3744
-10173
-8742
-1318
13065
-670
-9277
-5756
-9171
-4961
-6584
9136
-10833
-14086
-361
-13617
2273
8707
5446
-2649
-2128
-597
-7562
-17956
-2146
-8388
-16386
-12787
-7035
-12836
3193
11312
-13883
9814
3067
-8828
140
-15999
3293
-13064
-4260
-270
-5652
15013
-11539
-6478
2008
-13675
4382
-5749
-5409
-610
-644
7151
-7987
-4958
2277
662
-4112
-7669
-4701
301
2211
-11252
11250
-14224
-12043
-4877
-13329
13477
4900
-2346
-5333
6280
9026
12279
-1037
-14886
149
-6042
-10660
20909
-11753
-608
-14129
-3359
-8413
-18405
-719
1748
-2145
-7052
-5926
-11382
-8930
4585
13096
-1499
-2436
3527
-10373
-12576
17056
-1400
1587
-4587
3705
5856
19307
2229
-8255
-1393
-15944
11045
-4354
-13228
-21314
1750
12885
-7630
-306
-7981
-944
-1580
1775
-9139
-2378
493
16491
3680
-10934
-5887
1063
6930
-1383
5885
9530
-738
-8310
-7202
-3878
7335
-9781
-7750
-20168
1588
-6077
-3423
12549
7692
-14808
-2454
-17450
-2014
-13952
6974
-11930
-5077
-11084
-1559
3837
-3954
3958
2921
-3867
27
981
-6778
-2722
-948
4616
2393
-2410
-3578
-3099
-1375
-8492
-1271
-10077
1946
7307
9838
4316
2718
4017
-10402
-2779
-4607
-687
-3797
-3887
806
-294
1275
-1605
-5368
3514
7496
-1250
-4129
-5151
-2532
-1151
106
-5713
-2899
-6253
-10830
1327
1116
1051
-4238
-1633
482
-5852
-11839
-1209
-1935
-9269
-9037
497
-7975
1350
2557
-2920
2138
4563
-5561
-2200
-8383
1497
-6665
2413
-3960
3855
5005
-6300
410
4941
-7930
-399
-7326
4335
-1330
612
4938
-6489
-1569
6443
-2922
-2369
-5849
-1705
-1157
17
-3999
2045
-1306
-10210
-5235
-1324
2334
6621
646
-1785
211
1442
7742
-1203
3822
-2320
-2102
-5490
5708
-8536
4152
-8550
-536
5236
-10385
730
-1677
-3573
-195
-6140
-9648
-7577
-1007
8944
3438
260
-1012
-2350
-8691
4394
-995
-1901
584
7128
-1491
12401
2970
-4580
-2092
-6052
8309
-2028
-7455
-13136
1883
8323
-1398
-487
-1471
-2143
-4028
7700
-1659
-1854
9428
9179
2392
-5245
-3182
4615
9354
-95
-4330
4769
10229
-7533
2110
-1174
7568
-9118
-6322
-10947
-1944
1510
-3431
3985
4291
-7306
-718
-10093
-1798
-7307
7510
-1202
-3824
-5323
-1887
-1182
-727
854
-2792
-3744
2338
479
-24
-4504
2216
10063
1148
1587
-3757
-1556
-3710
-10018
-471
-2931
7189
5770
13109
10777
856
7187
-10535
1922
-6204
581
-5104
-1311
2168
680
1783
-4510
-3579
5149
10104
155
94
-4675
-3721
-6587
4477
-884
-3635
-3448
-9968
6119
5629
3800
2052
1477
3374
-5231
-10423
2975
-4068
-9888
-6624
-540
-9811
96
870
-6322
4384
5544
-8579
860
-8834
3119
-7176
-670
1019
4866
4941
-12181
-3711
2295
-8108
2952
-4347
-2065
6741
-538
3692
-3358
3519
8044
-2896
-2747
-4455
551
-4152
1028
-7504
7124
-6634
-8217
-4868
-4365
327
3617
-3095
-631
5571
5845
11839
-1575
1491
-1529
-2147
-2771
10152
-8043
3278
-6884
-905
4127
-9082
-161
2343
-3917
3516
-8048
-8732
-6922
1507
11957
284
2959
4776
-5669
-8400
11407
583
-3704
1893
7776
1287
13470
5134
-486
2615
-7569
9509
319
-10437
-13109
7057
4740
-3613
4454
-3433
-743
562
3859
-712
-3321
8672
12769
4871
-3441
-8606
1764
7429
-593
3389
6113
7542
-5282
-335
-585
8100
-7026
-3023
-12292
2796
1475
3038
10806
5395
-11418
2481
-10112
-4229
-4943
7621
2140
-4938
-4186
-5295
-450
390
701
-279
-1603
-1540
4746
-4613
-2917
-1820
9688
5703
-2798
-9616
957
-2431
-11273
-203
-9107
3326
7118
8489
5788
2248
3657
-13306
-823
-7619
-687
-1936
-6373
-1273
1209
-1207
-3138
-5805
11363
2031
-3277
-8401
-5897
-5432
-7481
2741
-11490
-8298
-1581
-9925
-550
4191
3483
-4539
303
-188
-8329
-14229
-1153
-4438
-15136
-11063
287
-10748
3153
8327
-9052
1605
8528
-7995
1494
-13036
3567
-14371
5880
-2416
4628
7471
-10906
-2769
4893
-11165
-608
-7782
590
-1510
-1089
7755
-7237
-2548
5455
-2210
-6254
-7855
-2784
-2208
450
-9517
8772
-9743
-12786
-4706
-4283
8664
9261
-2026
-3008
1734
1907
9917
-2457
-338
-329
-2179
-3415
13763
-12170
3025
-12601
-1878
2713
-14029
1794
513
-198
-1710
-6775
-9327
-8484
5339
11187
-2596
-4340
-912
-8688
-14327
7844
1448
-70
-1045
5367
4811
18260
4581
-6673
-4081
-10228
12694
-4998
-11108
-20093
3491
12246
-5460
-1397
-6685
-2960
-4445
6351
-9602
-2001
6847
12615
3773
-6449
-6169
3182
10759
-1118
-1931
10531
15106
-12396
1502
-36
6774
-11555
-8541
-16262
-1400
-2982
-3229
7371
3838
-12502
-3107
-13220
-7548
-12309
8359
-7650
-8856
-10495
-1305
5374
977
559
-753
-3558
-4105
4417
-2536
-2512
-2342
9768
4870
-1842
-7785
-2170
-4538
-11676
-622
-9050
7802
10968
5627
10593
1969
9240
-16438
1891
-4608
-1378
-2380
-4149
4946
574
-6740
-10063
-1234
14351
-1618
-4126
-8779
-9168
-8630
-8070
1001
-8115
-11998
-2271
-12968
7072
11149
8857
-1374
3837
-1433
-6981
-15267
-1522
-6514
-16534
-10153
-6704
-13572
4348
6987
-14330
4258
12530
-13045
1362
-10433
3168
-15656
1673
2105
6076
11779
-11674
-6409
5535
-11584
-5343
-10060
3026
979
-2427
10471
-11153
-965
1793
-3526
-6285
-9683
-2220
-2368
-4481
-11021
4925
-11896
-11474
-9176
-7296
12531
11771
-98
-2583
6037
-424
14838
-3713
369
1168
-6632
-8964
17983
-13382
4268
-15553
-3745
4526
-18016
2745
2804
-4470
3611
-8910
-7954
-11065
6546
8128
-1782
-6247
5337
-9669
-16710
11240
2814
978
-5219
7781
11546
17584
5032
-8400
-6296
-13160
12604
-5906
-12112
-22720
3297
17232
-5779
734
-8244
-3821
-3316
9395
-10322
-3790
8521
14157
2548
-7135
-8475
2149
11162
-1646
-4794
10059
15685
-12451
242
-3179
6993
-10760
-9899
-22696
-858
-1805
1986
8491
5358
-16701
-1688
-18497
-4240
-14288
8626
-13672
-8305
-7111
-2392
4429
-909
2246
-741
-4610
-512
4634
-220
-674
292
9897
3560
4472
-2960
-396
-1274
-10398
-4200
-1828
6069
6580
10140
9970
1785
7752
-11179
1579
-6541
-1488
-5378
-1509
1317
1691
1898
-3878
-1361
9053
5691
326
-1795
-4522
-6245
-5553
3283
-3889
-3297
-3157
-10500
4342
8560
3799
1297
2305
2659
-4404
-11164
1307
-1266
-10290
-6401
881
-10523
1124
2479
-7062
-148
6001
-8653
1412
-8003
2438
-8220
3002
309
5100
8051
-11486
-2737
3329
-10602
976
-4212
-1567
7533
528
3014
-4843
4180
7665
-2340
-4850
-6387
-3830
-5754
-972
-9739
10493
-7759
-10359
-2430
-2799
2998
4600
-569
-1045
3326
1618
9340
-614
4675
-133
-1848
-1781
9465
-11121
2659
-7045
-1303
5939
-10489
1809
1626
-328
2977
-9475
-5258
-4702
4989
12318
-1103
-384
3269
-2992
-11451
9583
2312
-2950
1960
5963
5923
15239
7204
-1950
-1862
-6195
12284
-3630
-10316
-13421
9146
7246
-5765
4753
-3840
-1219
-2053
5551
-3648
-2040
9973
12098
5945
-3577
-7249
5538
8438
-278
1210
10119
14367
-5948
-1083
1288
6217
-7903
-5835
-12230
1797
1396
2028
6773
3955
-12557
-705
-9376
-4270
-4950
8583
491
-7937
-5831
-2631
1953
1798
-1008
-4182
-2449
6855
-606
-4446
-14935
4201
12271
10107
-5311
-13006
1798
-8758
-11198
-3821
-3975
5042
-4174
16737
10099
3188
6585
-13770
-4966
-10614
-65
-94
-9388
-79
-6117
-1925
-2456
-10819
5475
13453
-5352
-4009
-5366
-1539
-7569
14752
-15807
-9476
-2120
-12161
-9024
-2793
-3097
-3728
-9294
1237
-7399
-16885
895
-10421
-13081
-16903
842
-10636
396
10055
-7065
8188
-2905
-1167
-1552
-20926
7813
-9790
-99
-9071
-6926
9625
-11877
-1685
1493
-11495
14949
-2625
-7481
-4098
1838
6223
-1709
-6428
9695
-1551
-2226
-2902
-4326
2913
11545
-6386
14252
-9515
-13987
-1935
-10902
2615
-3540
-6014
-3073
-548
15589
7197
-991
-14918
-4947
-1848
-6063
13828
-7066
-453
-10446
-549
-9716
-13316
-2387
-485
3088
-14452
-150
-11107
-8451
-1025
20400
-750
4407
-5582
-11981
-8525
13509
-2650
-5017
1015
3477
-9966
23454
1801
-3392
6785
-14793
11042
-2010
-14010
-21431
1859
5931
-5133
-2344
-4871
584
300
-4478
-2488
-826
224
18229
7237
-9552
-4935
-223
7057
-880
6794
7107
-2194
-9919
-6659
617
8708
-9384
-3047
-9858
3099
-6456
-8094
14484
5888
-10394
1808
-12258
-6552
-12513
4630
-2236
-1040
-15728
-3194
1498
-4272
3557
5015
-2492
458
2331
-994
-9619
657
10267
11976
-3836
-8741
432
-9367
-10971
-4345
392
11123
5084
10579
12840
2942
12687
-15752
-1839
-4699
-4107
-881
-7483
6740
-3744
-10173
-8742
-1318
13065
-670
-9277
-5756
-9171
-4961
-6584
9136
-10833
-14086
-361
-13617
2273
8707
5446
-2649
-2128
-597
-7562
-17956
-2146
-8388
-16386
-12787
-7035
-12836
3193
11312
-13883
9814
3067
-8828
140
-15999
3293
-13064
-4260
-270
-5652
15013
-11539
-6478
2008
-13675
4382
-5749
-5409
-610
-644
7151
-7987
-4958
2277
662
-4112
-7669
-4701
301
2211
-11252
11250
-14224
-12043
-4877
-13329
13477
4900
-2346
-5333
6280
9026
12279
-1037
-14886
149
-6042
-10660
20909
-11753
-608
-14129
-3359
-8413
-18405
-719
1748
-2145
-7052
-5926
-11382
-8930
4585
13096
-1499
-2436
3527
-10373
-12576
17056
-1400
1587
-4587
3705
5856
19307
2229
-8255
-1393
-15944
11045
-4354
-13228
-21314
1750
12885
-7630
-306
-7981
-944
-1580
1775
-9139
-2378
493
16491
3680
-10934
-5887
1063
6930
-1383
5885
9530
-738
-8310
-7202
-3878
7335
-9781
-7750
-20168
1588
-6077
-3423
12549
7692
-14808
-2454
-17450
-2014
-13952
6974
-11930
-5077
-11084
-1559
3837
-3954
3958
2921
-3867
-727
1442
-7667
-4109
261
8580
2524
-1701
-7055
-1736
-2618
-9421
-2350
-12765
-978
4645
13574
4061
330
1867
-11063
-2662
-6672
306
-3401
-5080
-3075
-1917
2609
-1098
-8606
4145
11652
-1733
-3654
-4611
-4748
-5276
2659
-9357
-2577
-3613
-10490
-3540
-3558
-431
-4238
-2711
3320
-7709
-13478
-1547
-2951
-11835
-12082
2591
-9558
1871
1881
-3215
1202
4131
-3718
-2202
-11041
3638
-8950
6339
-7620
4672
6113
-8002
-733
5195
-10271
936
-6225
1549
1268
-2038
6905
-5521
-2788
10061
-4405
-1917
-6550
-3076
-3240
3980
-4791
4670
-4273
-12348
-4231
-1354
1509
2866
-2968
-3800
-1548
5196
8250
-2881
3928
-2943
-995
-3378
7995
-8810
3909
-10422
-2234
5759
-8724
-2061
-1106
-2445
-2479
-4768
-9875
-7664
-1501
14389
2355
3462
-3523
-5303
-12092
4457
-843
-2583
2041
7171
-6760
20176
4713
-4974
-1297
-9393
10600
-3832
-8880
-16531
3241
5298
-1200
-1645
-4382
-2937
-2765
4597
-1843
-4691
10628
12076
1786
-4188
-5059
3265
9984
-2755
-2159
7936
14341
-8625
1812
91
8710
-9247
-6115
-10355
-2418
59
-4013
5126
1553
-7417
-707
-10059
-6316
-7848
7876
1934
-6987
-9986
-4585
-1788
-678
3140
-1822
-4727
3535
309
-2760
-2197
3088
9177
-620
266
-6370
448
-325
-10311
-373
-8404
1590
1739
12180
4674
121
1217
-9959
682
-6809
2221
-4184
-3267
-1864
-447
4672
-992
-8710
4352
11076
3498
-2132
-2956
-1688
-6081
3194
-5422
-2896
-2849
-9595
216
480
-238
-817
-1969
3871
-4520
-9626
2821
-2258
-12383
-8956
4462
-11606
57
1543
-4104
2414
5159
-4919
-1289
-8732
4471
-6074
2925
-3437
7230
876
-13051
-103
2723
-5491
4043
-3636
-1139
4399
-976
4165
-1978
1560
8978
-4679
-790
-2014
1713
-4297
2309
-4373
7471
-2950
-9891
-3760
-2145
-1686
2718
-4204
672
125
5578
7431
-2386
5538
-616
204
-607
6299
-6005
5220
-5216
1487
6218
-7605
718
812
-795
768
-6481
-8121
-8287
1909
12037
-861
3796
838
-6153
-7142
6552
-911
-4306
3760
7939
-1764
16560
4193
1677
1758
-4968
11102
207
-10350
-13917
6117
3570
-1469
1268
-2732
-3396
-1179
5327
-3315
-2191
8911
11052
2895
-2070
-7358
2656
8853
-811
427
5875
11430
-8202
3200
623
7666
-10287
-2953
-7808
1998
2429
-1164
8125
2699
-8399
1248
-7391
-7267
-6868
7113
2916
-5739
-7058
-2922
-606
904
53
-982
-2137
-4350
4832
-4354
1926
-7101
5479
2440
-6296
-7323
-1490
-2893
-7637
2156
-14163
555
9555
1552
2202
3424
4024
-11953
58
-1712
1234
-757
-5737
734
2294
-4544
-6833
-3014
11258
-4809
-4003
-10212
-5739
-7617
-5902
-3023
-9747
-8929
-1647
-7605
2636
4914
7074
-6332
2306
-2536
-7713
-11444
-2773
-4159
-12971
-8991
-4037
-9536
5315
8654
-8152
2344
11711
-9575
-821
-6845
457
-14023
6674
-849
6568
6343
-7213
-2785
7837
-7759
-6468
-10592
5430
-4546
-3346
10099
-9899
-3233
461
-4021
-5982
-7918
-2517
1406
-4177
-7039
-138
-8170
-9637
-7385
-2773
12303
14470
-363
-2384
757
-4789
9774
-4944
1803
-386
-3408
-4925
13209
-9962
2336
-13563
-2315
5103
-12758
2750
-1772
-3856
1291
-5894
-8558
-8743
4313
2561
-3264
-7594
-30
-7287
-14570
3621
1703
3032
-4058
4720
8398
13339
4097
-9795
-10066
-8509
9205
-4594
-5870
-19235
-2258
15054
-2344
-3183
-6681
-4944
-4479
9755
-10973
-4120
5114
8096
-256
-4564
-3841
1485
9622
-2056
-9252
8117
17947
-11832
5615
-3253
3632
-9641
-8335
-18935
-3619
-2445
-475
2373
2073
-10481
-5712
-14746
-5038
-13407
7584
-15356
-8663
-6601
492
6694
2076
2452
-1867
-5235
-1071
3964
-1383
-3177
-1825
10133
5572
-2193
-8434
-568
-5016
-11337
-510
-6635
7194
7247
6921
9675
2105
8324
-14807
1309
-5139
-21
-2102
-4847
2597
561
-3691
-7891
-2939
12199
1479
-3223
-7360
-7302
-7595
-8221
3692
-8841
-9948
-1183
-11485
4160
8780
6540
-1950
1982
-1020
-7145
-14119
389
-6583
-15020
-10519
-4458
-12012
2393
8207
-11638
4780
9600
-11217
2064
-12063
4305
-14243
2660
966
3675
9399
-11966
-4870
4677
-10819
12
-8243
-370
180
-1408
9075
-7299
-521
3696
-3890
-6020
-7608
-2534
-414
-1370
-10296
7471
-11569
-11259
-7390
-6729
10011
9456
-1713
-1086
4686
2212
12305
-3043
-2036
-330
-4759
-5921
15920
-11123
1849
-13146
-1533
1703
-15216
3010
1390
-1371
407
-7660
-8948
-9042
5942
9796
-2864
-4777
2710
-9833
-14392
11506
1696
-708
-2548
5639
8193
17040
5149
-5572
-2201
-10921
12125
-4275
-12219
-21432
3576
13722
-5075
812
-6820
-3175
-1519
6406
-8924
-3335
5774
13947
4081
-6566
-7259
2250
10067
-1223
-1583
9807
12567
-11087
88
-1437
6244
-10187
-7183
-18755
1396
-2694
763
9550
5340
-14869
-1616
-15621
-4985
-13037
7790
-10659
-7694
-8393
-1822
5859
510
1119
-105
-2842
-1697
3614
-12839
-3832
3027
7481
3514
657
-7736
-3225
1309
-10335
-1722
-12064
-839
4477
11355
1301
1977
-755
-10716
2124
-5410
-1269
-1668
-12797
-2706
-4890
-1125
-740
-8861
5369
10469
2750
-5452
-4406
-4354
-3630
2634
-15536
-5178
-2393
-11656
-6614
-2316
-4664
-7187
-3240
-1648
-7173
-11680
-289
-5494
-12546
-17661
3124
-12236
210
1457
-6359
2386
7665
-1330
-524
-12164
9690
-4728
4335
-10081
1810
3398
-3743
-2058
6420
-7640
809
-3759
2098
1378
-2453
12610
-4490
-5959
7298
-6487
-2653
-7904
-3302
-4399
2452
-4148
6943
-2108
-16932
-9511
-8984
3304
-2591
387
-1676
-4272
6124
4750
-5634
-274
2617
422
-5344
5275
-11386
4548
-6101
2665
2101
-11636
4808
2690
212
-7260
-3489
-10688
-6488
-543
15293
3520
2349
-6877
-5929
-10632
5561
-4558
-663
-623
3859
-5960
21423
-2874
-4395
3773
-6149
8744
-7924
-10407
-15693
6437
11621
-267
-2760
-5945
-3858
-2033
5810
-4923
-1007
11969
10946
6454
-7290
-4317
6151
13076
5121
-862
6839
11716
-13109
666
6862
6173
-9356
-10474
-7044
326
306
-9404
3950
-2762
-5640
516
-7899
-3708
-10900
4982
-1914
-4502
-12136
-4502
-3295
-8317
-1829
-2869
759
458
2331
-994
-9619
657
10267
11976
-3836
-8741
432
-9367
-10971
-4345
392
11123
5084
10579
12840
2942
12687
-15752
-1839
-4699
-4107
-881
-7483
6740
-3744
-10173
-8742
-1318
13065
-670
-9277
-5756
-9171
-4961
-6584
9136
-10833
-14086
-361
-13617
2273
8707
5446
-2649
-2128
-597
-7562
-17956
-2146
-8388
-16386
-12787
-7035
-12836
3193
11312
-13883
9814
3067
-8828
140
-15999
3293
-13064
-4260
-270
-5652
15013
-11539
-6478
2008
-13675
4382
-5749
-5409
-610
-644
7151
-7987
-4958
2277
662
-4112
-7669
-4701
301
2211
-11252
11250
-14224
-12043
-4877
-13329
13477
4900
-2346
-5333
6280
9026
12279
-1037
-14886
149
-6042
-10660
20909
-11753
-608
-14129
-3359
-8413
-18405
-719
1748
-2145
-7052
-5926
-11382
-8930
4585
13096
-1499
-2436
3527
-10373
-12576
17056
-1400
1587
-4587
3705
5856
19307
2229
-8255
-1393
-15944
11045
-4354
-13228
-21314
1750
12885
-7630
-306
-7981
-944
-1580
1775
-9139
-2378
493
16491
3680
-10934
-5887
1063
6930
-1383
5885
9530
-738
-8310
-7202
-3878
7335
-9781
-7750
-20168
1588
-6077
-3423
12549
7692
-14808
-2454
-17450
-2014
-13952
6974
-11930
-5077
-11084
-1559
3837
-3954
3958
2921
-3867
458
2331
-994
-9619
657
10267
11976
-3836
-8741
432
-9367
-10971
-4345
392
11123
5084
10579
12840
2942
12687
-15752
-1839
-4699
-4107
-881
-7483
6740
-3744
-10173
-8742
-1318
13065
-670
-9277
-5756
-9171
-4961
-6584
9136
-10833
-14086
-361
-13617
2273
8707
5446
-2649
-2128
-597
-7562
-17956
-2146
-8388
-16386
-12787
-7035
-12836
3193
11312
-13883
9814
3067
-8828
140
-15999
3293
-13064
-4260
-270
-5652
15013
-11539
-6478
2008
-13675
4382
-5749
-5409
-610
-644
7151
-7987
-4958
2277
662
-4112
-7669
-4701
301
2211
-11252
11250
-14224
-12043
-4877
-13329
13477
4900
-2346
-5333
6280
9026
12279
-1037
-14886
149
-6042
-10660
20909
-11753
-608
-14129
-3359
-8413
-18405
-719
1748
-2145
-7052
-5926
-11382
-8930
4585
13096
-1499
-2436
3527
-10373
-12576
17056
-1400
1587
-4587
3705
5856
19307
2229
-8255
-1393
-15944
11045
-4354
-13228
-21314
1750
12885
-7630
-306
-7981
-944
-1580
1775
-9139
-2378
493
16491
3680
-10934
-5887
1063
6930
-1383
5885
9530
-738
-8310
-7202
-3878
7335
-9781
-7750
-20168
1588
-6077
-3423
12549
7692
-14808
-2454
-17450
-2014
-13952
6974
-11930
-5077
-11084
-1559
3837
-3954
3958
2921
-3867
458
2331
-994
-9619
657
10267
11976
-3836
-8741
432
-9367
-10971
-4345
392
11123
5084
10579
12840
2942
12687
-15752
-1839
-4699
-4107
-881
-7483
6740
-3744
-10173
-8742
-1318
13065
-670
-9277
-5756
-9171
-4961
-6584
9136
-10833
-14086
-361
-13617
2273
8707
5446
-2649
-2128
-597
-7562
-17956
-2146
-8388
-16386
-12787
-7035
-12836
3193
11312
-13883
9814
3067
-8828
140
-15999
3293
-13064
-4260
-270
-5652
15013
-11539
-6478
2008
-13675
4382
-5749
-5409
-610
-644
7151
-7987
-4958
2277
662
-4112
-7669
-4701
301
2211
-11252
11250
-14224
-12043
-4877
-13329
13477
4900
-2346
-5333
6280
9026
12279
-1037
-14886
149
-6042
-10660
20909
-11753
-608
-14129
-3359
-8413
-18405
-719
1748
-2145
-7052
-5926
-11382
-8930
4585
13096
-1499
-2436
3527
-10373
-12576
17056
-1400
1587
-4587
3705
5856
19307
2229
-8255
-1393
-15944
11045
-4354
-13228
-21314
1750
12885
-7630
-306
-7981
-944
-1580
1775
-9139
-2378
493
16491
3680
-10934
-5887
1063
6930
-1383
5885
9530
-738
-8310
-7202
-3878
7335
-9781
-7750
-20168
1588
-6077
-3423
12549
7692
-14808
-2454
-17450
-2014
-13952
6974
-11930
-5077
-11084
-1559
3837
-3954
3958
2921
-3867
4126
667
-3658
-11363
3515
11980
8793
-2458
-10662
2026
-7799
-11501
-3329
-2213
6692
190
16670
10740
1773
7779
-14064
-1991
-10234
-2233
-1297
-8783
-1
-5389
-3177
-4506
-7621
7384
10399
-5695
-3130
-5662
-3577
-8708
12434
-12844
-9431
-894
-13850
-4184
1074
-603
-3346
-5028
2497
-8126
-16710
1183
-8204
-14663
-15396
-164
-11630
2121
8450
-9710
7275
114
-4188
-607
-18586
6686
-9515
-828
-6191
-4263
10424
-12840
-3255
2571
-12676
11041
-2582
-7486
568
-397
6332
-2995
-3940
9092
-914
-2450
-6071
-4115
-853
7911
-8867
14201
-10769
-13871
-2112
-10923
5324
-2210
-5585
-4221
1396
13735
9625
-1807
-12646
-2629
-2604
-5990
17374
-9763
29
-10772
-1644
-8038
-13486
-2410
998
-221
-11117
-3206
-11505
-8223
529
19377
-983
3463
-2192
-11261
-10189
14534
-1591
-2604
1233
4223
-5114
22795
1695
-4491
4034
-14805
10859
-2768
-13599
-20994
3794
6989
-7044
-262
-6935
33
53
-1982
-4593
-1522
3120
17146
6447
-9330
-7484
536
7282
-1597
7839
8861
942
-8841
-7032
-454
8197
-9811
-5557
-13919
2141
-5395
-5228
13484
4708
-11296
715
-13322
-7036
-10738
7218
-3273
-4895
-14242
-4181
1213
-4730
3780
3699
-2537
2558
1807
-4496
-7710
107
10324
6644
-2484
-8165
3376
-4949
-9074
-419
-2901
3353
3420
17293
5808
2173
2347
-9274
-2773
-9795
-2622
-2317
-6591
-5375
-968
2362
1907
-6661
4465
11072
-6020
-1374
-2801
-1771
-6960
7791
-9762
-4189
-1948
-8682
-3606
-2827
-1023
-3595
-2702
4173
-10854
-12701
-126
-3574
-9990
-10369
4885
-5547
3034
5598
-3355
2836
1098
-2348
253
-14407
2291
-8198
3754
-6265
61
6202
-8974
-1846
3961
-10988
6507
-3460
-4681
128
226
3062
-2552
-2755
10019
2071
-3677
-5856
-3592
-2816
6402
-8396
12226
-8126
-11339
1876
-4049
2218
847
-4673
-6155
674
8058
7536
-905
-6903
-3490
789
-540
13030
-9430
670
-8211
-2360
-2834
-6988
-4122
-438
-1308
-7563
-4068
-10448
-4343
-356
16651
-264
4682
-3328
-7069
-9036
8464
-657
-1301
2310
3773
-8155
17151
2205
-5586
1471
-9974
7800
-1486
-8558
-13896
4171
2740
-7026
-229
-5979
1346
-1557
-2516
-1582
-1046
5224
12182
6456
-6548
-5214
1690
7360
-1305
7485
9481
5073
-6109
-2187
925
7544
-8220
-6149
-10949
-1764
-3890
-5603
10398
2248
-7923
-1939
-8314
-8137
-5288
7048
2940
-7284
-11082
-4859
2264
-1650
2698
1318
-2147
-727
1442
-7667
-4109
261
8580
2524
-1701
-7055
-1736
-2618
-9421
-2350
-12765
-978
4645
13574
4061
330
1867
-11063
-2662
-6672
306
-3401
-5080
-3075
-1917
2609
-1098
-8606
4145
11652
-1733
-3654
-4611
-4748
-5276
2659
-9357
-2577
-3613
-10490
-3540
-3558
-431
-4238
-2711
3320
-7709
-13478
-1547
-2951
-11835
-12082
2591
-9558
1871
1881
-3215
1202
4131
-3718
-2202
-11041
3638
-8950
6339
-7620
4672
6113
-8002
-733
5195
-10271
936
-6225
1549
1268
-2038
6905
-5521
-2788
10061
-4405
-1917
-6550
-3076
-3240
3980
-4791
4670
-4273
-12348
-4231
-1354
1509
2866
-2968
-3800
-1548
5196
8250
-2881
3928
-2943
-995
-3378
7995
-8810
3909
-10422
-2234
5759
-8724
-2061
-1106
-2445
-2479
-4768
-9875
-7664
-1501
14389
2355
3462
-3523
-5303
-12092
4457
-843
-2583
2041
7171
-6760
20176
4713
-4974
-1297
-9393
10600
-3832
-8880
-16531
3241
5298
-1200
-1645
-4382
-2937
-2765
4597
-1843
-4691
10628
12076
1786
-4188
-5059
3265
9984
-2755
-2159
7936
14341
-8625
1812
91
8710
-9247
-6115
-10355
-2418
59
-4013
5126
1553
-7417
-707
-10059
-6316
-7848
7876
1934
-6987
-9986
-4585
-1788
-678
3140
-1822
-4727
4126
667
-3658
-11363
3515
11980
8793
-2458
-10662
2026
-7799
-11501
-3329
-2213
6692
190
16670
10740
1773
7779
-14064
-1991
-10234
-2233
-1297
-8783
-1
-5389
-3177
-4506
-7621
7384
10399
-5695
-3130
-5662
-3577
-8708
12434
-12844
-9431
-894
-13850
-4184
1074
-603
-3346
-5028
2497
-8126
-16710
1183
-8204
-14663
-15396
-164
-11630
2121
8450
-9710
7275
114
-4188
-607
-18586
6686
-9515
-828
-6191
-4263
10424
-12840
-3255
2571
-12676
11041
-2582
-7486
568
-397
6332
-2995
-3940
9092
-914
-2450
-6071
-4115
-853
7911
-8867
14201
-10769
-13871
-2112
-10923
5324
-2210
-5585
-4221
1396
13735
9625
-1807
-12646
-2629
-2604
-5990
17374
-9763
29
-10772
-1644
-8038
-13486
-2410
998
-221
-11117
-3206
-11505
-8223
529
19377
-983
3463
-2192
-11261
-10189
14534
-1591
-2604
1233
4223
-5114
22795
1695
-4491
4034
-14805
10859
-2768
-13599
-20994
3794
6989
-7044
-262
-6935
33
53
-1982
-4593
-1522
3120
17146
6447
-9330
-7484
536
7282
-1597
7839
8861
942
-8841
-7032
-454
8197
-9811
-5557
-13919
2141
-5395
-5228
13484
4708
-11296
715
-13322
-7036
-10738
7218
-3273
-4895
-14242
-4181
1213
-4730
3780
3699
-2537
458
2331
-994
-9619
657
10267
11976
-3836
-8741
432
-9367
-10971
-4345
392
11123
5084
10579
12840
2942
12687
-15752
-1839
-4699
-4107
-881
-7483
6740
-3744
-10173
-8742
-1318
13065
-670
-9277
-5756
-9171
-4961
-6584
9136
-10833
-14086
-361
-13617
2273
8707
5446
-2649
-2128
-597
-7562
-17956
-2146
-8388
-16386
-12787
-7035
-12836
3193
11312
-13883
9814
3067
-8828
140
-15999
3293
-13064
-4260
-270
-5652
15013
-11539
-6478
2008
-13675
4382
-5749
-5409
-610
-644
7151
-7987
-4958
2277
662
-4112
-7669
-4701
301
2211
-11252
11250
-14224
-12043
-4877
-13329
13477
4900
-2346
-5333
6280
9026
12279
-1037
-14886
149
-6042
-10660
20909
-11753
-608
-14129
-3359
-8413
-18405
-719
1748
-2145
-7052
-5926
-11382
-8930
4585
13096
-1499
-2436
3527
-10373
-12576
17056
-1400
1587
-4587
3705
5856
19307
2229
-8255
-1393
-15944
11045
-4354
-13228
-21314
1750
12885
-7630
-306
-7981
-944
-1580
1775
-9139
-2378
493
16491
3680
-10934
-5887
1063
6930
-1383
5885
9530
-738
-8310
-7202
-3878
7335
-9781
-7750
-20168
1588
-6077
-3423
12549
7692
-14808
-2454
-17450
-2014
-13952
6974
-11930
-5077
-11084
-1559
3837
-3954
3958
2921
-3867
440
2788
-4037
-11534
1153
9546
12018
-4383
-10461
1537
-6303
-12086
-3759
-2717
8173
5425
12224
10871
3668
8397
-15511
-4765
-8943
-4573
-807
-8194
4550
-2559
-7307
-4060
-4641
12260
852
-8805
-7501
-7931
-2077
-5449
8708
-12158
-12430
-2325
-12472
-1852
5211
2763
-4053
-3634
-712
-7629
-18685
-3506
-7198
-16011
-12816
-2270
-10545
3704
11318
-11557
5600
2556
-6248
144
-18089
2668
-13911
-1791
-3006
-3860
13598
-11509
-3893
1968
-14381
3378
-6095
-2678
-4098
1679
5134
-9152
-6378
4147
2003
-5542
-7597
-4811
-1283
4011
-10159
12186
-11889
-13245
-2207
-10519
11224
6255
-1867
-6666
4620
8167
10694
685
-12118
-286
-4115
-8737
18143
-12743
1874
-14655
-3415
-6132
-19112
-1375
1240
-1412
-7488
-5552
-10224
-9761
4158
14275
-416
-2823
1101
-9520
-12585
14163
-350
458
-4116
4722
2797
19613
1958
-9070
-2616
-16295
12261
-4764
-13254
-19959
2661
12699
-8808
-2475
-6453
707
-5858
2653
-8492
-172
2860
16048
4295
-11210
-5001
2070
8653
-795
3348
9734
1699
-10878
-5993
-3055
8841
-11099
-9246
-18271
-1005
-6073
-6665
11604
8474
-13663
-2316
-16231
-4125
-13549
7613
-8036
-4463
-12346
-840
3272
-3266
2585
2136
-4572
-1696
2876
-657
259
-7188
8157
1917
-7299
-7879
-2700
-6015
-8060
5176
-9638
6971
11150
1624
7241
4997
8259
-13814
3805
-2031
942
-380
-4069
3427
2984
-6385
-10154
-55
12657
-4229
-5057
-9153
-7556
-8061
-8653
-1353
-6770
-12745
-2804
-7983
9682
11100
11463
-2749
6306
-3840
-8965
-10471
-238
-8172
-12796
-7775
-9022
-10643
4446
9616
-12319
6693
13425
-14250
1962
-7437
2063
-14475
1033
4661
7633
7563
-9458
-6501
7064
-6538
-4651
-12208
3655
-2411
-2845
11360
-8900
-1284
-1897
-4391
-7102
-7868
369
2972
-6293
-9320
1071
-11272
-8681
-11437
-6943
13004
16282
125
-1112
5830
-4801
14489
-6203
-1176
-178
-5347
-7944
17566
-10529
2862
-12893
-2207
3644
-13927
4287
133
-4563
4257
-7255
-8581
-9282
5301
1260
-4624
-8703
4857
-9983
-13773
8929
2459
2589
-5686
6226
12532
10702
3669
-9361
-7539
-9505
8045
-1670
-8268
-20764
-2317
18272
-3917
833
-7659
-5362
-1719
8741
-11326
-3299
3519
10338
2237
-6739
-6765
399
10099
-557
-5771
7053
14501
-12687
4666
-1928
4206
-9491
-7345
-22309
-1515
-2523
4158
8068
4928
-15114
-3092
-17916
-4198
-13868
6393
-19043
-7591
-4079
-1716
7965
216
1663
935
-3698
-727
1442
-7667
-4109
261
8580
2524
-1701
-7055
-1736
-2618
-9421
-2350
-12765
-978
4645
13574
4061
330
1867
-11063
-2662
-6672
306
-3401
-5080
-3075
-1917
2609
-1098
-8606
4145
11652
-1733
-3654
-4611
-4748
-5276
2659
-9357
-2577
-3613
-10490
-3540
-3558
-431
-4238
-2711
3320
-7709
-13478
-1547
-2951
-11835
-12082
2591
-9558
1871
1881
-3215
1202
4131
-3718
-2202
-11041
3638
-8950
6339
-7620
4672
6113
-8002
-733
5195
-10271
936
-6225
1549
1268
-2038
6905
-5521
-2788
10061
-4405
-1917
-6550
-3076
-3240
3980
-4791
4670
-4273
-12348
-4231
-1354
1509
2866
-2968
-3800
-1548
5196
8250
-2881
3928
-2943
-995
-3378
7995
-8810
3909
-10422
-2234
5759
-8724
-2061
-1106
-2445
-2479
-4768
-9875
-7664
-1501
14389
2355
3462
-3523
-5303
-12092
4457
-843
-2583
2041
7171
-6760
20176
4713
-4974
-1297
-9393
10600
-3832
-8880
-16531
3241
5298
-1200
-1645
-4382
-2937
-2765
4597
-1843
-4691
10628
12076
1786
-4188
-5059
3265
9984
-2755
-2159
7936
14341
-8625
1812
91
8710
-9247
-6115
-10355
-2418
59
-4013
5126
1553
-7417
-707
-10059
-6316
-7848
7876
1934
-6987
-9986
-4585
-1788
-678
3140
-1822
-4727
-1332
5153
-633
-5985
872
9883
7280
4851
-2372
-438
-2045
-11090
-4318
2069
10468
9681
11515
13638
3249
10287
-12366
628
-7764
-5114
-5588
-1922
4213
2138
-1056
-3726
918
10386
4229
-2626
-2611
-5654
-4844
-4261
4566
-3094
-5522
-5174
-11060
5760
11243
4264
2535
2617
-61
-5264
-12669
-26
-2066
-9455
-5064
-460
-8444
2269
2935
-8705
189
7129
-9679
2247
-10297
586
-9162
-624
1700
1927
11522
-10270
-4186
2779
-12831
-307
-4737
-626
5090
3368
1874
-7844
3148
6306
1626
-7162
-7735
-4052
-5538
-1470
-11955
12038
-9388
-10199
-1344
-4612
5124
5964
1414
-3200
6915
1336
10973
1924
-370
36
-3940
-4431
11319
-13565
2717
-9082
-2963
2872
-14069
1431
3567
-2505
2946
-9709
-4645
-4343
5329
12920
1224
-1669
4859
-3102
-11328
12125
3546
-2457
-1689
5580
6702
12957
5266
-4290
-1628
-9550
10914
-4353
-10537
-12134
10154
9269
-9700
5445
-4530
2198
-3424
4166
-2325
165
9828
13308
9357
-6745
-7245
5109
7954
1505
3317
10015
9380
-5929
-4039
-683
7508
-6631
-8440
-14699
1007
206
995
9073
6755
-14295
-133
-11471
-1594
-4996
8211
849
-5246
-5412
-3541
2212
-355
-1671
-3257
-1519
1577
2394
-7076
-4401
2180
11610
6790
-1435
-10899
3834
-3629
-9238
-4264
-6355
-3067
-1585
17056
1289
-807
-533
-9399
-3139
-10403
-1292
-1118
-9232
-10003
-4756
3284
2129
-11072
5197
11672
-4266
-2864
-2642
-3961
-8987
8512
-16256
-3315
1585
-9476
-11846
-7322
-4884
-8366
-5436
6465
-10251
-14374
-1030
-2313
-14615
-15823
7515
-10960
2394
6486
-4174
2301
-2976
879
-990
-16312
6452
-8669
8138
-11087
-1185
6148
-9974
-266
3366
-12637
9465
-1257
-7913
3518
-3727
4761
136
-5002
13018
-774
-234
-6595
-4955
-4565
10170
-7435
14841
-8189
-15563
1583
-4030
2873
-3917
-7198
-6692
-5327
12252
4970
-3041
-4757
-2213
2952
329
12415
-10121
138
-8037
-2350
-3112
-5551
-5056
-1790
4215
-13332
-1817
-12269
-3861
-227
21119
-2293
4845
-8948
-7865
-11793
6036
-2870
-620
6927
2570
-9647
26190
4155
-4463
47
-10313
12179
-4350
-10230
-17983
3446
558
-4760
-2676
-7341
-3777
-1954
-1952
-6848
-3131
5056
12950
2419
-5892
-5631
3469
7156
-4380
8191
11846
10991
-8362
-2062
3922
7152
-11564
-5068
-6778
-2287
-3988
-8764
5904
-1375
-5639
-3670
-6475
-11874
-7339
8259
2820
-11399
-17240
-3992
-116
-935
3998
1126
-3747
-4105
4417
-2536
-2512
-2342
9768
4870
-1842
-7785
-2170
-4538
-11676
-622
-9050
7802
10968
5627
10593
1969
9240
-16438
1891
-4608
-1378
-2380
-4149
4946
574
-6740
-10063
-1234
14351
-1618
-4126
-8779
-9168
-8630
-8070
1001
-8115
-11998
-2271
-12968
7072
11149
8857
-1374
3837
-1433
-6981
-15267
-1522
-6514
-16534
-10153
-6704
-13572
4348
6987
-14330
4258
12530
-13045
1362
-10433
3168
-15656
1673
2105
6076
11779
-11674
-6409
5535
-11584
-5343
-10060
3026
979
-2427
10471
-11153
-965
1793
-3526
-6285
-9683
-2220
-2368
-4481
-11021
4925
-11896
-11474
-9176
-7296
12531
11771
-98
-2583
6037
-424
14838
-3713
369
1168
-6632
-8964
17983
-13382
4268
-15553
-3745
4526
-18016
2745
2804
-4470
3611
-8910
-7954
-11065
6546
8128
-1782
-6247
5337
-9669
-16710
11240
2814
978
-5219
7781
11546
17584
5032
-8400
-6296
-13160
12604
-5906
-12112
-22720
3297
17232
-5779
734
-8244
-3821
-3316
9395
-10322
-3790
8521
14157
2548
-7135
-8475
2149
11162
-1646
-4794
10059
15685
-12451
242
-3179
6993
-10760
-9899
-22696
-858
-1805
1986
8491
5358
-16701
-1688
-18497
-4240
-14288
8626
-13672
-8305
-7111
-2392
4429
-909
2246
-741
-4610
4126
667
-3658
-11363
3515
11980
8793
-2458
-10662
2026
-7799
-11501
-3329
-2213
6692
190
16670
10740
1773
7779
-14064
-1991
-10234
-2233
-1297
-8783
-1
-5389
-3177
-4506
-7621
7384
10399
-5695
-3130
-5662
-3577
-8708
12434
-12844
-9431
-894
-13850
-4184
1074
-603
-3346
-5028
2497
-8126
-16710
1183
-8204
-14663
-15396
-164
-11630
2121
8450
-9710
7275
114
-4188
-607
-18586
6686
-9515
-828
-6191
-4263
10424
-12840
-3255
2571
-12676
11041
-2582
-7486
568
-397
6332
-2995
-3940
9092
-914
-2450
-6071
-4115
-853
7911
-8867
14201
-10769
-13871
-2112
-10923
5324
-2210
-5585
-4221
1396
13735
9625
-1807
-12646
-2629
-2604
-5990
17374
-9763
29
-10772
-1644
-8038
-13486
-2410
998
-221
-11117
-3206
-11505
-8223
529
19377
-983
3463
-2192
-11261
-10189
14534
-1591
-2604
1233
4223
-5114
22795
1695
-4491
4034
-14805
10859
-2768
-13599
-20994
3794
6989
-7044
-262
-6935
33
53
-1982
-4593
-1522
3120
17146
6447
-9330
-7484
536
7282
-1597
7839
8861
942
-8841
-7032
-454
8197
-9811
-5557
-13919
2141
-5395
-5228
13484
4708
-11296
715
-13322
-7036
-10738
7218
-3273
-4895
-14242
-4181
1213
-4730
3780
3699
-2537
-4105
4417
-2536
-2512
-2342
9768
4870
-1842
-7785
-2170
-4538
-11676
-622
-9050
7802
10968
5627
10593
1969
9240
-16438
1891
-4608
-1378
-2380
-4149
4946
574
-6740
-10063
-1234
14351
-1618
-4126
-8779
-9168
-8630
-8070
1001
-8115
-11998
-2271
-12968
7072
11149
8857
-1374
3837
-1433
-6981
-15267
-1522
-6514
-16534
-10153
-6704
-13572
4348
6987
-14330
4258
12530
-13045
1362
-10433
3168
-15656
1673
2105
6076
11779
-11674
-6409
5535
-11584
-5343
-10060
3026
979
-2427
10471
-11153
-965
1793
-3526
-6285
-9683
-2220
-2368
-4481
-11021
4925
-11896
-11474
-9176
-7296
12531
11771
-98
-2583
6037
-424
14838
-3713
369
1168
-6632
-8964
17983
-13382
4268
-15553
-3745
4526
-18016
2745
2804
-4470
3611
-8910
-7954
-11065
6546
8128
-1782
-6247
5337
-9669
-16710
11240
2814
978
-5219
7781
11546
17584
5032
-8400
-6296
-13160
12604
-5906
-12112
-22720
3297
17232
-5779
734
-8244
-3821
-3316
9395
-10322
-3790
8521
14157
2548
-7135
-8475
2149
11162
-1646
-4794
10059
15685
-12451
242
-3179
6993
-10760
-9899
-22696
-858
-1805
1986
8491
5358
-16701
-1688
-18497
-4240
-14288
8626
-13672
-8305
-7111
-2392
4429
-909
2246
-741
-4610
-727
1442
-7667
-4109
261
8580
2524
-1701
-7055
-1736
-2618
-9421
-2350
-12765
-978
4645
13574
4061
330
1867
-11063
-2662
-6672
306
-3401
-5080
-3075
-1917
2609
-1098
-8606
4145
11652
-1733
-3654
-4611
-4748
-5276
2659
-9357
-2577
-3613
-10490
-3540
-3558
-431
-4238
-2711
3320
-7709
-13478
-1547
-2951
-11835
-12082
2591
-9558
1871
1881
-3215
1202
4131
-3718
-2202
-11041
3638
-8950
6339
-7620
4672
6113
-8002
-733
5195
-10271
936
-6225
1549
1268
-2038
6905
-5521
-2788
10061
-4405
-1917
-6550
-3076
-3240
3980
-4791
4670
-4273
-12348
-4231
-1354
1509
2866
-2968
-3800
-1548
5196
8250
-2881
3928
-2943
-995
-3378
7995
-8810
3909
-10422
-2234
5759
-8724
-2061
-1106
-2445
-2479
-4768
-9875
-7664
-1501
14389
2355
3462
-3523
-5303
-12092
4457
-843
-2583
2041
7171
-6760
20176
4713
-4974
-1297
-9393
10600
-3832
-8880
-16531
3241
5298
-1200
-1645
-4382
-2937
-2765
4597
-1843
-4691
10628
12076
1786
-4188
-5059
3265
9984
-2755
-2159
7936
14341
-8625
1812
91
8710
-9247
-6115
-10355
-2418
59
-4013
5126
1553
-7417
-707
-10059
-6316
-7848
7876
1934
-6987
-9986
-4585
-1788
-678
3140
-1822
-4727
-4105
4417
-2536
-2512
-2342
9768
4870
-1842
-7785
-2170
-4538
-11676
-622
-9050
7802
10968
5627
10593
1969
9240
-16438
1891
-4608
-1378
-2380
-4149
4946
574
-6740
-10063
-1234
14351
-1618
-4126
-8779
-9168
-8630
-8070
1001
-8115
-11998
-2271
-12968
7072
11149
8857
-1374
3837
-1433
-6981
-15267
-1522
-6514
-16534
-10153
-6704
-13572
4348
6987
-14330
4258
12530
-13045
1362
-10433
3168
-15656
1673
2105
6076
11779
-11674
-6409
5535
-11584
-5343
-10060
3026
979
-2427
10471
-11153
-965
1793
-3526
-6285
-9683
-2220
-2368
-4481
-11021
4925
-11896
-11474
-9176
-7296
12531
11771
-98
-2583
6037
-424
14838
-3713
369
1168
-6632
-8964
17983
-13382
4268
-15553
-3745
4526
-18016
2745
2804
-4470
3611
-8910
-7954
-11065
6546
8128
-1782
-6247
5337
-9669
-16710
11240
2814
978
-5219
7781
11546
17584
5032
-8400
-6296
-13160
12604
-5906
-12112
-22720
3297
17232
-5779
734
-8244
-3821
-3316
9395
-10322
-3790
8521
14157
2548
-7135
-8475
2149
11162
-1646
-4794
10059
15685
-12451
242
-3179
6993
-10760
-9899
-22696
-858
-1805
1986
8491
5358
-16701
-1688
-18497
-4240
-14288
8626
-13672
-8305
-7111
-2392
4429
-909
2246
-741
-4610
458
2331
-994
-9619
657
10267
11976
-3836
-8741
432
-9367
-10971
-4345
392
11123
5084
10579
12840
2942
12687
-15752
-1839
-4699
-4107
-881
-7483
6740
-3744
-10173
-8742
-1318
13065
-670
-9277
-5756
-9171
-4961
-6584
9136
-10833
-14086
-361
-13617
2273
8707
5446
-2649
-2128
-597
-7562
-17956
-2146
-8388
-16386
-12787
-7035
-12836
3193
11312
-13883
9814
3067
-8828
140
-15999
3293
-13064
-4260
-270
-5652
15013
-11539
-6478
2008
-13675
4382
-5749
-5409
-610
-644
7151
-7987
-4958
2277
662
-4112
-7669
-4701
301
2211
-11252
11250
-14224
-12043
-4877
-13329
13477
4900
-2346
-5333
6280
9026
12279
-1037
-14886
149
-6042
-10660
20909
-11753
-608
-14129
-3359
-8413
-18405
-719
1748
-2145
-7052
-5926
-11382
-8930
4585
13096
-1499
-2436
3527
-10373
-12576
17056
-1400
1587
-4587
3705
5856
19307
2229
-8255
-1393
-15944
11045
-4354
-13228
-21314
1750
12885
-7630
-306
-7981
-944
-1580
1775
-9139
-2378
493
16491
3680
-10934
-5887
1063
6930
-1383
5885
9530
-738
-8310
-7202
-3878
7335
-9781
-7750
-20168
1588
-6077
-3423
12549
7692
-14808
-2454
-17450
-2014
-13952
6974
-11930
-5077
-11084
-1559
3837
-3954
3958
2921
-3867
-624
2227
-3406
-1682
436
8129
-2069
992
-4140
-2857
689
-11132
613
-13059
3385
8006
8290
8287
1709
3670
-12240
924
-5947
2669
-5851
335
2243
3197
3708
-3841
-5859
6401
9142
4321
-4927
-5304
-4332
-4375
-1540
-2032
-3045
-6845
-10221
6020
5383
4055
1925
1064
598
-3344
-10414
1502
-2593
-10233
-5726
980
-10136
1414
-608
-4957
-548
11381
-9262
-803
-5575
2209
-9809
4931
-398
11457
3572
-11174
-1099
5658
-6386
-4515
-8455
7609
1870
1053
5623
-7814
3738
6878
-5781
-4238
-3756
1303
-4083
-3338
-5301
1832
-2551
-8035
-6749
967
-403
9511
-192
1913
2885
-1943
11195
-1469
12491
-1651
-3189
-3093
5163
-8099
7706
-9302
-333
13724
-11656
2899
2085
-3857
9293
-8949
-4771
-10191
3028
7906
1589
-240
3887
-4769
-10731
5086
3009
-5517
-962
10969
3623
12697
6664
-958
-1793
-5955
11789
-1922
-9643
-15291
6849
9500
-1916
2178
-1735
-2194
-2913
10504
-1065
-2345
13715
11328
4098
-1014
-7640
2919
11342
-152
-8686
5977
18626
-9957
5398
-1674
8455
-8694
-5555
-12722
313
4570
2954
7074
4656
-12539
2463
-11128
-4186
-8210
7580
260
-4164
-2021
-3111
516
2617
-590
-3783
-3231
-348
3149
-2283
-4891
-6
9661
8828
-3025
-8645
395
-6242
-10113
-4459
-3836
5395
3673
10085
7109
2162
8126
-13771
-1909
-4128
-2039
-1250
-7641
2414
-3219
-5883
-5704
-4037
12109
-117
-5772
-5796
-6812
-5339
-6650
6090
-12193
-10388
294
-11612
-1279
4489
3318
-5018
-2455
984
-7364
-15786
-2261
-5271
-17032
-12942
-3117
-14084
2530
10083
-10411
7145
3546
-7293
-718
-13759
3362
-11922
448
-2569
-2054
10916
-11169
-3760
2580
-12205
3276
-5238
-4399
945
-2462
7113
-6552
-4756
4350
-1105
-3151
-7165
-4160
-1303
2698
-9359
9842
-11456
-12827
-3796
-9202
11070
5104
-3157
-4632
2565
7035
9662
-2624
-7969
557
-3247
-7023
16578
-10910
419
-12014
-1975
-3676
-14322
-466
50
-465
-6486
-5817
-11402
-7705
4124
12640
-2308
-1711
638
-8628
-12460
12122
-2089
1636
-1393
3562
4214
20992
3650
-6684
-3563
-12371
12273
-4668
-11781
-19752
1668
9745
-5014
-1631
-7566
-3675
-2337
3882
-10403
-3623
2050
13940
1581
-8295
-5013
2270
7343
-2194
3660
9819
5980
-8957
-3071
-2013
6502
-10873
-6703
-16179
739
-4367
-4395
8046
4661
-12076
-4136
-13872
-4216
-12772
7834
-9206
-7778
-12166
-404
3152
-1467
3195
887
-4281
-2920
4730
6190
-798
-10091
10774
5431
-3367
-4475
-3430
-8631
-5427
4327
2401
12255
13993
2253
11713
7152
13168
-11096
5901
-1023
-1937
-187
-967
4126
6018
-6870
-10601
8612
14463
-7086
-9579
-5079
-6438
-10433
-10049
812
-1449
-11644
-2310
-2369
14392
16988
15811
1847
12947
-4431
-10818
-6531
-545
-7864
-6823
-1770
-11629
-5924
4261
9507
-12404
6875
11677
-16540
6816
-6713
-845
-14268
-2355
11277
4467
11623
-7123
-10981
4636
-8703
-4760
-11281
-1213
3119
-1229
7301
-7965
2046
-3042
482
-11085
-9485
-1988
2318
-6983
-14512
4738
-17174
-5944
-8298
-7617
14275
17369
2086
-4278
12367
-7172
16515
-4361
-5743
-251
-4858
-6611
19357
-12603
-1116
-10914
-5015
1213
-9828
2570
1276
-3428
7078
-7817
-4959
-1492
6398
467
-5832
-9957
8963
-7513
-14180
13067
5268
4227
-7069
2426
16080
5422
6134
-11093
-7465
-9817
4917
-1400
-6194
-13293
951
14553
-8820
6330
-9109
-1955
341
2302
-8727
-3765
723
9800
7165
-7999
-6632
741
6724
339
2774
9389
11089
-7475
2012
783
2394
-3487
-5478
-22271
-922
-3782
9998
9332
6681
-17010
-4122
-16360
-1453
-7463
4848
-16253
-8667
-1189
-4223
10534
1926
-116
856
-1173
-4105
4417
-2536
-2512
-2342
9768
4870
-1842
-7785
-2170
-4538
-11676
-622
-9050
7802
10968
5627
10593
1969
9240
-16438
1891
-4608
-1378
-2380
-4149
4946
574
-6740
-10063
-1234
14351
-1618
-4126
-8779
-9168
-8630
-8070
1001
-8115
-11998
-2271
-12968
7072
11149
8857
-1374
3837
-1433
-6981
-15267
-1522
-6514
-16534
-10153
-6704
-13572
4348
6987
-14330
4258
12530
-13045
1362
-10433
3168
-15656
1673
2105
6076
11779
-11674
-6409
5535
-11584
-5343
-10060
3026
979
-2427
10471
-11153
-965
1793
-3526
-6285
-9683
-2220
-2368
-4481
-11021
4925
-11896
-11474
-9176
-7296
12531
11771
-98
-2583
6037
-424
14838
-3713
369
1168
-6632
-8964
17983
-13382
4268
-15553
-3745
4526
-18016
2745
2804
-4470
3611
-8910
-7954
-11065
6546
8128
-1782
-6247
5337
-9669
-16710
11240
2814
978
-5219
7781
11546
17584
5032
-8400
-6296
-13160
12604
-5906
-12112
-22720
3297
17232
-5779
734
-8244
-3821
-3316
9395
-10322
-3790
8521
14157
2548
-7135
-8475
2149
11162
-1646
-4794
10059
15685
-12451
242
-3179
6993
-10760
-9899
-22696
-858
-1805
1986
8491
5358
-16701
-1688
-18497
-4240
-14288
8626
-13672
-8305
-7111
-2392
4429
-909
2246
-741
-4610
4126
667
-3658
-11363
3515
11980
8793
-2458
-10662
2026
-7799
-11501
-3329
-2213
6692
190
16670
10740
1773
7779
-14064
-1991
-10234
-2233
-1297
-8783
-1
-5389
-3177
-4506
-7621
7384
10399
-5695
-3130
-5662
-3577
-8708
12434
-12844
-9431
-894
-13850
-4184
1074
-603
-3346
-5028
2497
-8126
-16710
1183
-8204
-14663
-15396
-164
-11630
2121
8450
-9710
7275
114
-4188
-607
-18586
6686
-9515
-828
-6191
-4263
10424
-12840
-3255
2571
-12676
11041
-2582
-7486
568
-397
6332
-2995
-3940
9092
-914
-2450
-6071
-4115
-853
7911
-8867
14201
-10769
-13871
-2112
-10923
5324
-2210
-5585
-4221
1396
13735
9625
-1807
-12646
-2629
-2604
-5990
17374
-9763
29
-10772
-1644
-8038
-13486
-2410
998
-221
-11117
-3206
-11505
-8223
529
19377
-983
3463
-2192
-11261
-10189
14534
-1591
-2604
1233
4223
-5114
22795
1695
-4491
4034
-14805
10859
-2768
-13599
-20994
3794
6989
-7044
-262
-6935
33
53
-1982
-4593
-1522
3120
17146
6447
-9330
-7484
536
7282
-1597
7839
8861
942
-8841
-7032
-454
8197
-9811
-5557
-13919
2141
-5395
-5228
13484
4708
-11296
715
-13322
-7036
-10738
7218
-3273
-4895
-14242
-4181
1213
-4730
3780
3699
-2537
7863
-560
-1111
-11644
2463
9764
7403
-5212
-8873
3968
-6556
-9705
-1472
-717
6391
-1608
15571
9543
4730
5280
-10359
-5114
-9623
-162
-2061
-5740
1214
-1331
-157
717
-7733
4536
9622
-5102
-1629
-3386
2564
-4733
11268
-8833
-7196
-3595
-8970
-3221
-782
-1105
-808
-7734
2920
-6287
-13558
1003
-6612
-9463
-9594
3124
-6714
1604
8860
-3799
5637
-2456
-1497
-2274
-14845
1800
-7607
-1186
-5466
-3302
5804
-12377
-538
984
-8203
11501
-2602
-5858
-3738
3701
468
-2132
-2714
7713
2225
-2758
-208
-2286
833
7890
-5957
13008
-6967
-9172
2337
-7126
540
740
-5305
-3028
1473
10595
6252
1069
-11612
-4212
-112
-2566
11981
-5729
692
-7062
-193
-6626
-11160
-3028
-976
19
-8715
-3310
-9177
-7820
555
14760
-1992
4404
-852
-7882
-4692
11844
-1376
-3950
943
4566
-6198
14915
1784
-2950
3207
-10247
9195
1778
-10080
-14479
2222
4046
-5958
-644
-2418
2898
-1869
-2995
-795
1260
-141
14107
6224
-6533
-4051
-204
5262
-167
6156
5746
-3764
-5866
-4414
-1525
7912
-8384
-2619
-10014
1668
-4317
-6117
14256
7174
-9503
25
-9293
-6069
-7972
5120
206
-746
-9575
-1248
3066
-1262
2547
3163
-3177
-1429
2702
-11708
-3033
995
6526
2239
-1986
-8308
78
950
-8816
-4169
-18838
-7353
1039
11689
-1198
-217
-2479
-10304
-4743
-6635
844
-3047
-7416
-5550
-3020
3821
2446
-13439
3828
11302
1064
-6440
-3219
-3381
-2718
1141
-14403
-1543
-3689
-9788
-11190
-9048
-5216
-7012
-7752
2172
-6012
-13522
-3269
-44
-12822
-13346
7644
-10220
3166
1352
-33
-2678
4031
553
-6482
-10118
3187
-8125
11299
-13654
4810
4589
-6840
3640
6729
-9141
153
-4980
4538
-2752
-1577
7358
-5894
-5791
10572
-5669
-234
-4281
-4391
-2800
5117
-1540
4211
-350
-13352
-2332
1639
986
1519
-3318
-3411
-8330
3900
2728
-1789
7779
-2897
-21
-1579
2889
-7120
4595
-10430
-1086
7170
-8567
-1793
-2460
241
-5811
-2557
-7765
-7940
-1285
14729
3141
4067
-9075
-4161
-11185
-1808
-1794
-3396
2160
6081
-10579
23275
3752
-4377
-3782
-7733
11991
-5542
-6981
-16646
2002
3963
624
-5482
-3124
-4093
-4948
6098
-3001
-3453
10905
9959
613
-2428
-2564
3599
10094
-3322
-7131
8096
18577
-10604
4301
-866
8120
-10316
-7507
-5682
-3876
850
-9202
775
-1577
-3402
-2797
-7476
-7227
-9591
7113
3660
-6123
-12934
-2348
-2216
-259
3106
-3830
-6155
2845
3731
70
-9706
2108
9908
8261
2372
-4189
-694
-3598
-11511
-4832
1607
10994
4918
10986
15819
5182
11959
-13327
-873
-8463
-2544
-4948
-2401
6619
1068
-1011
-4015
-1249
9137
7162
-1333
-2937
-5794
-3172
-3031
8175
-4950
-6760
-6612
-11472
3432
10841
3052
3415
-1241
-1692
-3101
-13111
1630
-5098
-7908
-6760
-862
-8173
710
5043
-7608
1842
4477
-8366
1073
-12552
2650
-8444
-1933
234
-1063
11591
-11348
-2617
2351
-11310
5232
-4490
-1129
708
6482
2341
-6174
2003
6104
-225
-6933
-4071
-5120
-1199
1043
-9499
12741
-8112
-9797
-2429
-6861
2868
4098
1281
-86
5531
3793
9266
2906
-3214
-2309
-4279
-5465
9377
-10579
1782
-8474
-483
26
-15814
3131
2640
546
-160
-7370
-3470
-5790
4702
13281
852
-897
3313
-4305
-8645
13606
2523
-5973
-2254
5180
4078
13131
4998
-2268
2442
-9087
11158
-2832
-12013
-13777
8880
9909
-8181
4703
-1364
3423
-2073
2543
-31
1647
6877
15009
11238
-7071
-5654
4120
8032
3178
1561
8090
4811
-6848
-5297
-113
7526
-5925
-5925
-12392
3975
-662
72
11785
8906
-14749
2122
-12083
-13
-7179
5924
139
-323
-5605
-1938
2965
-775
-2220
-2075
-1098
1378
3451
-6990
-7538
-94
7116
10881
-3479
-7411
3377
-1636
-8651
-5167
-5098
-82
2248
13975
2448
3848
1439
-9162
-8374
-8097
-3907
-2069
-7224
-3779
-639
1881
5888
-7865
6204
5829
-6313
-5200
-3799
1188
-410
5761
-13152
-4289
-4102
-7446
-8907
-3946
-3504
-6607
-7394
1353
-8478
-14632
-4902
641
-10339
-9935
7607
-5904
3404
7805
-242
-107
-2687
891
-3235
-14522
-713
-9358
5803
-8668
-3327
8508
-6759
2372
3017
-12122
4407
-4255
-1141
-5149
3672
150
-5236
-6565
8282
3610
-3131
-3923
-6302
-2001
6214
-6337
12393
-4763
-12211
3885
-1255
4353
4174
-1418
-6946
-2987
5353
2572
3905
-4221
-2966
1159
-2045
6754
-9883
767
-9546
-1856
-1952
-10019
-3716
-3032
3639
-9827
-3449
-8799
-3669
1498
14703
1724
1717
-6204
-2518
-8448
4195
-2157
-769
737
2534
-6510
17439
3404
-6557
-3312
-8127
10628
-3831
-7603
-11824
2807
2879
-6535
-3739
-2218
513
-7102
655
-3781
1222
3686
10135
4478
-7167
267
4883
7407
-1093
3110
10045
6002
-6848
-810
52
7835
-10193
-7408
-7096
-3942
-2870
-11579
4914
4078
-5583
-5762
-6888
-4536
-7618
6372
3330
-5241
-12073
245
2388
835
784
-2120
-4654
-1060
2233
-2967
-614
-5668
6559
830
-7243
-8922
-1350
-2316
-9094
5360
-12152
4513
11109
2360
5071
4324
3916
-13317
1215
-5778
65
-632
-3365
2350
3766
-3497
-5698
-3036
11023
-3027
-3718
-10053
-6426
-4005
-6952
-2359
-6290
-11226
-4743
-7772
7129
8318
8867
-2757
5084
-2780
-7592
-10504
-1276
-6155
-12893
-6685
-4279
-9008
4565
8163
-10496
2475
13088
-11688
1357
-8048
1099
-13709
1547
2740
10915
5404
-10551
-3639
5527
-5794
-5601
-11760
5904
-4667
-653
8547
-9763
-1828
-810
-3030
-6981
-6859
1608
837
-5384
-7328
1394
-7763
-9051
-8911
-3938
9703
16991
665
-1797
4584
-5676
12236
-4192
3128
272
-3915
-6401
14085
-10159
6553
-12332
-2376
6527
-14491
3695
48
-4927
5089
-7450
-6431
-11119
5366
1571
-3456
-8380
4350
-8540
-12333
5656
3540
1322
-4534
8240
10337
10177
3023
-8531
-8816
-8889
9033
-879
-8335
-18349
-1334
17616
-4335
-647
-5438
-4111
-6156
10334
-10714
-788
6419
9253
1314
-6478
-6246
1557
11352
-339
-8585
5951
15731
-14348
5889
-2309
5891
-11496
-8455
-19764
-3701
-1447
1456
7120
6051
-13387
-2205
-16311
-6115
-12831
6826
-14566
-6530
-4390
-809
6018
551
458
263
-4892
-4105
4417
-2536
-2512
-2342
9768
4870
-1842
-7785
-2170
-4538
-11676
-622
-9050
7802
10968
5627
10593
1969
9240
-16438
1891
-4608
-1378
-2380
-4149
4946
574
-6740
-10063
-1234
14351
-1618
-4126
-8779
-9168
-8630
-8070
1001
-8115
-11998
-2271
-12968
7072
11149
8857
-1374
3837
-1433
-6981
-15267
-1522
-6514
-16534
-10153
-6704
-13572
4348
6987
-14330
4258
12530
-13045
1362
-10433
3168
-15656
1673
2105
6076
11779
-11674
-6409
5535
-11584
-5343
-10060
3026
979
-2427
10471
-11153
-965
1793
-3526
-6285
-9683
-2220
-2368
-4481
-11021
4925
-11896
-11474
-9176
-7296
12531
11771
-98
-2583
6037
-424
14838
-3713
369
1168
-6632
-8964
17983
-13382
4268
-15553
-3745
4526
-18016
2745
2804
-4470
3611
-8910
-7954
-11065
6546
8128
-1782
-6247
5337
-9669
-16710
11240
2814
978
-5219
7781
11546
17584
5032
-8400
-6296
-13160
12604
-5906
-12112
-22720
3297
17232
-5779
734
-8244
-3821
-3316
9395
-10322
-3790
8521
14157
2548
-7135
-8475
2149
11162
-1646
-4794
10059
15685
-12451
242
-3179
6993
-10760
-9899
-22696
-858
-1805
1986
8491
5358
-16701
-1688
-18497
-4240
-14288
8626
-13672
-8305
-7111
-2392
4429
-909
2246
-741
-4610
6855
-606
-4446
-14935
4201
12271
10107
-5311
-13006
1798
-8758
-11198
-3821
-3975
5042
-4174
16737
10099
3188
6585
-13770
-4966
-10614
-65
-94
-9388
-79
-6117
-1925
-2456
-10819
5475
13453
-5352
-4009
-5366
-1539
-7569
14752
-15807
-9476
-2120
-12161
-9024
-2793
-3097
-3728
-9294
1237
-7399
-16885
895
-10421
-13081
-16903
842
-10636
396
10055
-7065
8188
-2905
-1167
-1552
-20926
7813
-9790
-99
-9071
-6926
9625
-11877
-1685
1493
-11495
14949
-2625
-7481
-4098
1838
6223
-1709
-6428
9695
-1551
-2226
-2902
-4326
2913
11545
-6386
14252
-9515
-13987
-1935
-10902
2615
-3540
-6014
-3073
-548
15589
7197
-991
-14918
-4947
-1848
-6063
13828
-7066
-453
-10446
-549
-9716
-13316
-2387
-485
3088
-14452
-150
-11107
-8451
-1025
20400
-750
4407
-5582
-11981
-8525
13509
-2650
-5017
1015
3477
-9966
23454
1801
-3392
6785
-14793
11042
-2010
-14010
-21431
1859
5931
-5133
-2344
-4871
584
300
-4478
-2488
-826
224
18229
7237
-9552
-4935
-223
7057
-880
6794
7107
-2194
-9919
-6659
617
8708
-9384
-3047
-9858
3099
-6456
-8094
14484
5888
-10394
1808
-12258
-6552
-12513
4630
-2236
-1040
-15728
-3194
1498
-4272
3557
5015
-2492
3303
505
-4189
-2136
2402
9936
-1842
2315
-5877
-260
-800
-6942
-2090
-7798
-3241
-1795
14100
2676
-161
-1111
-5381
892
-8236
3090
-3483
-3438
-6855
-1465
7972
2435
-8971
-509
16664
3561
2516
975
-3377
-7060
5229
-6840
2016
-2118
-5587
-6134
-6659
-4011
-449
-2605
6240
-5008
-6315
2933
-2500
-6080
-9049
7266
-7894
-1163
-1546
861
-1378
1436
163
-1310
-7955
5485
-2089
6527
-8364
5894
-509
-8427
110
2318
-5380
7211
161
-4219
7047
-1941
3853
1697
1635
12649
-4611
-700
-2436
-2215
-4461
7393
-3004
8315
-2532
-10132
-841
-456
-7063
-5522
-5288
-907
-3888
6917
3444
-4153
5273
-3025
3713
3578
2578
-4707
2668
-1715
213
5458
-702
-1459
-258
482
-3337
-2373
-5326
-2648
-2472
15648
-871
8120
-5004
-3389
-6696
2852
-46
-5281
7807
4620
-11400
18089
4673
951
3558
-3613
8477
-926
-6618
-9797
6333
-2125
718
1810
-2532
-1610
779
-1069
2337
-3670
9122
9720
4460
-229
-5729
2572
6289
-845
2367
5767
12358
-5214
1371
5298
5943
-5359
-766
-754
1125
1254
-1256
5146
-1760
-3448
2003
-2146
-9077
-1064
5170
9610
-5597
-9347
-5654
-2798
-136
1069
-1452
-1601
2941
1361
1293
-3331
-1028
8444
1961
2153
-716
-1236
-4017
-4558
-2088
2826
3150
2644
14110
7126
3386
4337
-2514
-1062
-5446
1005
-4405
131
-1965
2497
5946
2541
-757
-396
11616
-2072
6225
318
-2123
-4021
5451
231
3555
-3243
-2286
979
-1369
645
2311
626
6384
-5685
-5144
1345
-2146
527
-2705
3643
-1574
-1319
-534
2562
970
-1837
-1810
1788
-5757
-154
-2146
2099
-1932
1180
2351
-4813
-2368
479
-6845
5659
-954
-5123
6894
1222
-1900
536
3458
9976
2208
-3806
-3015
-4042
-3622
5554
-5938
7415
-4987
-5415
2966
-688
-5612
-1523
-2514
-3458
3181
4340
5793
-951
-1128
-4370
3698
3223
4070
-5651
-536
-552
-1675
2265
415
-3478
-676
-1707
-311
-4465
-5885
1312
-2709
12166
-377
6628
197
802
-4838
7389
411
-2948
4949
2627
-6820
8158
5801
-2096
2893
-2582
4730
955
-3882
-2232
6407
-3128
-2578
4334
-1195
3356
1122
-3997
6401
-3005
5338
8284
6580
-1263
-2697
2616
2740
651
7055
5383
3068
1525
-1862
4371
4828
-596
608
-3753
1044
-169
1531
6758
2433
-5576
379
-1525
-3284
3719
4809
9716
-3795
-2903
-5034
-737
2056
504
-1743
-774
-4105
4417
-2536
-2512
-2342
9768
4870
-1842
-7785
-2170
-4538
-11676
-622
-9050
7802
10968
5627
10593
1969
9240
-16438
1891
-4608
-1378
-2380
-4149
4946
574
-6740
-10063
-1234
14351
-1618
-4126
-8779
-9168
-8630
-8070
1001
-8115
-11998
-2271
-12968
7072
11149
8857
-1374
3837
-1433
-6981
-15267
-1522
-6514
-16534
-10153
-6704
-13572
4348
6987
-14330
4258
12530
-13045
1362
-10433
3168
-15656
1673
2105
6076
11779
-11674
-6409
5535
-11584
-5343
-10060
3026
979
-2427
10471
-11153
-965
1793
-3526
-6285
-9683
-2220
-2368
-4481
-11021
4925
-11896
-11474
-9176
-7296
12531
11771
-98
-2583
6037
-424
14838
-3713
369
1168
-6632
-8964
17983
-13382
4268
-15553
-3745
4526
-18016
2745
2804
-4470
3611
-8910
-7954
-11065
6546
8128
-1782
-6247
5337
-9669
-16710
11240
2814
978
-5219
7781
11546
17584
5032
-8400
-6296
-13160
12604
-5906
-12112
-22720
3297
17232
-5779
734
-8244
-3821
-3316
9395
-10322
-3790
8521
14157
2548
-7135
-8475
2149
11162
-1646
-4794
10059
15685
-12451
242
-3179
6993
-10760
-9899
-22696
-858
-1805
1986
8491
5358
-16701
-1688
-18497
-4240
-14288
8626
-13672
-8305
-7111
-2392
4429
-909
2246
-741
-4610
4250
-1975
-814
-5533
-3477
7474
-2340
-9902
-4943
4215
-7090
-1153
-47
-15330
-6743
-1577
11761
3317
-1523
1552
-3725
-8992
-5137
3815
-6810
6670
-3097
4292
6440
5899
-11158
-155
9962
-5949
1187
-1819
1340
-3691
1085
-1354
2135
-5522
-393
-5040
-13817
1582
3225
-7655
9908
-5562
-9600
-4602
2730
-4167
2559
6005
-399
7201
-2312
9102
-3926
-250
194
-10185
-1260
-9571
-9480
9807
-9716
8334
6129
-8984
4520
3800
-6642
1073
-6792
3428
-5373
349
-1649
-4418
-4410
9199
1768
1709
3540
-1591
896
7904
1962
-2845
-1095
1319
6499
11039
-6088
6735
-9578
-6966
-2503
-130
5611
2176
10088
-12753
97
3421
4113
2411
3831
-10303
-10020
9274
566
-13168
-5847
-7142
2857
-885
-3617
-9553
-4812
8171
328
9315
-3261
-1904
-3144
-5509
2420
-5781
1906
9311
-14622
12208
10013
-5720
-11497
-8571
7219
6606
2673
-8764
-7942
-7999
1354
-4333
-77
-194
-2477
-1666
6088
-6334
2352
6694
-4994
6263
-1371
-7713
-1634
-11641
-7121
4856
12544
1130
3646
-11091
9128
-2202
874
-6016
-8567
-567
-685
4596
1241
-3068
-3901
-6572
-9283
23
6217
10748
-3159
-3524
-4593
-1383
7796
10908
367
-14220
4126
667
-3658
-11363
3515
11980
8793
-2458
-10662
2026
-7799
-11501
-3329
-2213
6692
190
16670
10740
1773
7779
-14064
-1991
-10234
-2233
-1297
-8783
-1
-5389
-3177
-4506
-7621
7384
10399
-5695
-3130
-5662
-3577
-8708
12434
-12844
-9431
-894
-13850
-4184
1074
-603
-3346
-5028
2497
-8126
-16710
1183
-8204
-14663
-15396
-164
-11630
2121
8450
-9710
7275
114
-4188
-607
-18586
6686
-9515
-828
-6191
-4263
10424
-12840
-3255
2571
-12676
11041
-2582
-7486
568
-397
6332
-2995
-3940
9092
-914
-2450
-6071
-4115
-853
7911
-8867
14201
-10769
-13871
-2112
-10923
5324
-2210
-5585
-4221
1396
13735
9625
-1807
-12646
-2629
-2604
-5990
17374
-9763
29
-10772
-1644
-8038
-13486
-2410
998
-221
-11117
-3206
-11505
-8223
529
19377
-983
3463
-2192
-11261
-10189
14534
-1591
-2604
1233
4223
-5114
22795
1695
-4491
4034
-14805
10859
-2768
-13599
-20994
3794
6989
-7044
-262
-6935
33
53
-1982
-4593
-1522
3120
17146
6447
-9330
-7484
536
7282
-1597
7839
8861
942
-8841
-7032
-454
8197
-9811
-5557
-13919
2141
-5395
-5228
13484
4708
-11296
715
-13322
-7036
-10738
7218
-3273
-4895
-14242
-4181
1213
-4730
3780
3699
-2537
