0
41
11
19
0
36
5
13
0
30
0
11
11
40
0
0
0
3
1
0
0
30
15
0
72
13
3
23
0
0
0
0
60
13
0
0
0
0
24
31
13
21
0
2
55
24
18
0
0
0
16
0
11
8
40
0
9
74
0
0
32
0
35
0
0
15
8
0
0
14
8
0
0
10
0
0
7
0
6
0
0
16
7
22
0
0
13
0
5
0
25
3
0
0
0
3
30
0
7
0
9
13
2
0
0
0
0
11
7
2
8
0
0
0
9
0
3
0
22
18
8
0
0
0
0
27
0
1
0
5
19
26
0
3
21
0
0
15
0
5
4
13
8
0
0
14
0
31
0
17
0
0
1
0
0
0
0
0
0
0
27
0
0
0
5
0
6
10
5
0
0
7
14
12
0
0
0
0
22
0
17
0
26
5
1
20
3
0
0
5
28
0
0
7
27
0
5
32
15
4
0
15
0
2
15
16
3
0
3
14
10
24
0
14
2
0
36
0
7
13
0
0
10
0
47
19
0
0
0
0
5
8
0
4
0
4
20
8
0
0
11
2
22
0
6
5
41
7
0
25
0
0
20
0
12
20
0
5
14
5
7
7
8
0
0
2
6
0
0
0
14
0
0
20
5
33
0
0
7
13
0
0
22
2
0
0
4
0
30
0
3
0
7
15
3
0
0
0
0
6
3
0
3
0
0
0
14
0
3
0
30
36
2
0
1
4
0
27
0
8
0
8
25
36
14
27
0
5
0
27
0
0
29
7
6
23
0
0
4
2
0
29
2
12
36
2
13
28
0
16
0
0
0
10
0
23
0
0
1
44
6
17
13
6
21
3
0
8
19
2
17
0
2
0
34
0
0
66
0
0
16
0
30
16
39
0
17
0
13
7
0
17
0
9
0
0
15
0
16
0
0
4
14
8
0
0
1
39
0
0
24
20
0
20
28
0
0
4
13
13
0
19
0
0
0
0
12
18
7
0
0
0
11
16
0
0
0
0
18
31
0
0
6
0
0
35
0
29
0
19
18
8
1
27
18
7
0
21
0
0
4
21
4
0
0
18
0
16
0
9
1
4
23
0
7
16
0
0
0
0
42
0
0
0
0
0
13
10
2
0
0
0
24
6
6
0
0
0
19
0
6
0
34
6
0
19
1
0
7
11
18
2
0
5
14
0
20
4
19
17
9
0
16
0
0
0
9
0
0
4
13
32
3
0
0
7
4
0
22
0
0
0
8
0
33
0
4
0
10
14
22
0
10
0
0
8
3
3
4
0
0
0
27
0
8
1
19
36
14
0
6
15
0
21
10
0
0
0
21
12
8
17
23
2
13
5
1
0
2
10
14
0
11
16
4
18
7
13
0
18
0
0
9
11
0
0
3
0
7
0
0
15
2
4
12
1
10
0
7
2
9
0
0
0
5
11
18
0
6
0
20
26
0
1
1
0
0
15
17
4
0
27
22
3
0
23
32
0
12
19
0
0
9
12
13
0
8
1
15
0
7
36
0
0
0
0
3
5
0
0
0
0
3
0
0
18
0
0
2
27
0
0
0
10
11
1
0
12
0
16
13
0
6
0
0
0
0
23
0
0
28
0
15
2
0
35
12
7
0
12
24
0
19
1
3
0
0
21
4
0
0
0
12
0
0
29
0
0
2
0
11
15
0
13
0
0
0
0
0
21
0
0
17
21
8
2
11
12
26
11
5
5
5
4
0
0
1
0
0
0
0
38
0
0
17
0
9
0
27
0
18
3
6
0
7
36
0
0
2
0
9
0
22
0
6
12
5
5
0
0
0
38
0
0
0
6
0
17
42
0
0
18
0
19
0
9
0
0
0
0
14
15
5
0
0
0
10
25
6
0
0
0
8
25
0
0
0
0
0
7
0
44
0
17
22
1
0
27
25
5
9
6
0
0
9
25
12
0
12
3
6
0
0
19
0
17
2
0
6
18
0
4
3
0
6
0
0
16
0
0
6
12
0
0
10
6
17
2
0
0
14
12
12
0
0
0
17
7
0
19
0
0
3
1
8
17
0
7
22
20
0
16
14
1
4
21
0
0
11
0
14
4
0
0
14
7
0
3
0
7
0
0
14
9
0
0
0
0
0
0
0
19
5
0
2
15
0
0
1
11
4
0
0
0
0
4
14
0
2
0
10
8
0
15
0
0
8
10
7
11
0
0
13
30
0
0
0
0
15
7
17
0
7
6
14
0
2
2
0
18
16
33
0
0
21
0
0
0
0
7
0
13
10
0
0
2
0
9
3
14
23
0
0
9
20
0
0
4
0
2
15
0
14
0
1
8
0
15
9
0
0
0
38
0
0
0
13
0
8
0
17
11
41
0
13
6
7
13
9
0
47
0
9
0
40
4
0
0
39
0
3
0
0
0
1
41
3
4
23
3
0
3
17
0
16
16
21
9
10
0
0
27
0
13
27
15
10
4
11
0
0
0
12
0
31
0
30
0
0
0
11
0
2
0
6
14
33
0
27
0
20
27
13
0
51
3
0
0
25
11
0
15
36
0
0
5
0
18
16
47
16
26
6
3
0
0
4
3
6
15
28
14
16
0
0
14
13
19
17
0
0
0
6
4
0
11
17
9
19
0
8
17
45
0
7
0
0
0
20
27
18
0
28
0
11
16
23
0
51
18
15
0
4
0
0
46
0
0
3
13
0
38
52
41
7
30
6
4
0
29
0
0
0
0
28
16
9
0
0
0
27
29
0
0
0
0
11
23
0
0
27
20
0
0
0
42
0
17
23
34
3
22
10
0
0
17
0
0
17
26
6
13
0
3
0
21
0
42
3
18
10
1
0
27
13
26
0
0
8
1
0
25
0
0
2
41
0
8
10
1
27
11
0
7
47
4
6
0
6
0
35
1
0
64
0
0
0
0
9
21
3
0
19
33
3
0
0
4
0
25
0
0
18
0
21
14
0
7
0
21
0
6
0
5
0
0
8
0
0
5
6
0
4
0
0
17
0
0
0
16
0
0
0
15
6
0
0
0
0
5
20
0
3
0
13
12
0
16
0
0
0
13
10
24
0
15
23
19
0
17
17
0
1
27
0
0
11
6
14
0
1
14
0
15
7
31
0
0
0
0
4
0
0
0
0
0
10
0
0
14
0
0
0
23
0
0
0
10
3
0
0
0
0
8
6
0
9
0
8
2
0
24
0
0
7
9
11
6
0
0
23
11
0
9
3
0
4
15
0
0
14
0
15
0
8
10
8
16
0
1
0
7
1
0
14
2
0
0
3
0
20
0
0
17
0
0
0
7
0
0
2
14
3
0
0
0
0
12
15
0
0
0
9
15
0
13
0
0
2
12
4
20
0
0
18
3
10
21
16
13
6
10
0
0
6
2
10
0
0
22
11
19
0
0
3
21
0
0
16
20
0
0
12
0
21
6
0
5
1
11
11
0
2
0
2
4
11
0
0
0
5
3
15
0
0
0
33
23
0
0
5
0
0
24
6
8
6
0
31
27
18
18
1
10
0
26
0
0
24
0
12
35
0
8
4
19
0
0
7
19
15
0
7
21
13
16
5
0
5
21
0
23
0
0
0
27
0
0
6
6
14
0
0
15
27
7
19
0
1
0
43
4
0
29
1
0
0
11
10
31
0
17
10
52
0
4
0
0
0
41
0
0
25
14
7
1
0
7
0
3
0
52
0
0
10
0
0
3
0
0
0
0
0
0
0
12
0
0
0
44
9
0
0
13
27
7
0
0
0
0
0
0
9
0
0
0
0
57
0
0
0
0
24
0
0
19
21
0
0
37
31
0
8
29
0
0
4
10
11
0
0
10
15
0
0
0
0
0
0
0
15
7
0
0
0
0
14
0
4
10
8
0
2
1
0
0
0
13
18
0
0
0
0
3
4
0
0
14
8
0
5
8
0
0
5
27
0
8
0
23
18
11
0
24
20
7
6
7
0
0
2
25
8
3
0
0
0
0
0
0
0
12
0
0
4
14
0
1
0
0
0
0
0
17
10
0
9
16
0
0
5
17
13
14
4
0
8
0
5
0
0
1
0
0
5
42
0
0
19
0
0
10
33
0
27
0
27
35
5
40
0
22
0
0
17
0
2
21
0
0
23
10
0
0
21
31
25
2
22
41
22
22
22
0
26
39
11
10
0
13
2
0
0
0
0
7
37
0
0
0
23
0
12
0
0
25
69
9
0
0
5
0
0
32
0
39
0
17
11
40
0
4
0
0
5
31
0
0
14
9
5
2
0
4
0
0
0
37
6
0
24
0
0
0
0
6
0
4
12
0
0
8
0
0
0
31
14
0
0
11
38
6
0
0
0
0
1
0
6
0
2
0
1
50
0
0
0
6
29
0
0
12
16
1
0
22
17
0
20
20
0
0
6
7
0
0
4
15
16
0
14
7
0
0
18
0
9
10
0
0
0
0
6
0
24
9
6
0
15
5
1
8
0
8
20
0
11
17
0
0
5
11
7
3
13
0
0
7
0
0
25
14
18
0
0
20
12
4
6
10
1
0
21
0
21
0
10
16
0
0
11
0
15
0
15
23
0
0
34
0
14
19
0
16
0
0
2
0
0
22
0
0
18
34
4
32
33
10
10
13
7
20
20
3
0
1
8
0
0
1
0
45
0
0
32
0
11
0
0
7
10
2
4
0
12
3
5
0
14
0
0
0
5
0
0
0
1
17
0
0
0
0
2
0
12
0
0
0
0
0
19
0
11
2
13
3
11
0
0
0
0
18
0
7
6
0
0
0
23
0
11
3
2
15
13
5
0
0
17
6
0
0
5
5
16
17
6
0
15
0
0
0
19
0
5
0
10
10
0
11
0
37
0
0
0
0
0
0
7
0
0
0
2
0
16
0
6
0
21
4
0
0
0
0
0
11
0
19
0
0
11
0
18
0
16
0
29
27
5
14
0
0
17
15
0
8
0
0
19
17
7
7
14
10
17
8
6
0
11
2
12
2
1
0
5
0
4
10
0
0
23
0
0
7
0
15
0
15
0
0
0
15
0
0
8
14
13
0
9
8
21
0
0
14
5
4
24
0
6
0
15
0
0
19
4
0
2
0
24
6
0
0
15
0
4
0
8
0
34
0
13
3
6
0
18
0
61
0
10
0
46
9
0
0
25
0
5
0
0
0
9
25
5
2
24
0
3
0
5
0
7
12
17
11
0
0
0
22
0
26
30
10
10
5
2
5
0
0
14
0
25
0
27
1
13
0
10
0
3
0
10
29
44
0
27
8
9
15
18
0
68
13
22
0
36
0
0
27
18
0
0
5
0
21
37
42
0
47
25
3
0
11
5
0
6
9
44
14
0
0
0
21
17
38
1
1
2
0
0
8
0
0
25
13
20
0
0
25
68
0
5
0
0
0
8
52
21
0
15
0
16
13
21
0
53
20
32
0
0
0
0
59
0
0
0
21
0
43
71
40
0
56
21
4
0
32
0
0
0
0
42
18
10
0
0
0
33
42
0
0
0
0
5
27
0
0
25
25
0
0
0
53
0
6
28
33
4
19
6
0
0
25
0
0
22
15
9
22
0
13
0
30
0
39
9
23
16
0
0
23
14
28
0
0
19
19
0
23
0
0
0
46
0
5
7
0
24
6
0
10
50
10
9
0
7
0
45
5
0
61
0
0
0
0
6
34
