9618
2283
17397
-528
-7298
6356
-10759
-4226
806
-12064
18009
-5134
20
-2763
-11425
7823
-1690
4694
1602
6941
-2909
9240
-3126
3738
16579
-6079
-849
6384
-5644
5323
6913
9791
9097
-1742
-7525
-9927
9544
3973
-10374
9987
2085
16408
20908
7116
23301
-6818
3574
-5474
-2639
-3642
-9316
-15329
2672
-4736
3827
-7793
18452
8031
15649
-4815
515
16966
-2150
4912
-8161
27421
-12919
13097
13722
6023
2103
858
13267
9666
4141
-2348
5068
2212
4430
-1376
-1514
4497
2612
11571
-5253
2823
6851
632
-3512
-2413
-771
6859
4662
2828
-3765
6279
-1137
-2387
-941
-10918
-3675
-6212
830
1652
-2883
268
3276
11272
9759
3718
3798
-9820
2242
-8132
-14503
-6854
-26281
-2906
1745
-1297
1708
4173
-7101
362
1410
9555
1267
26699
-10049
7717
13209
-12984
8402
-1845
-2931
-796
-593
-8724
-8768
9515
2633
10448
2455
-11066
4653
4893
-40
2321
4648
5000
-619
-3176
2420
-718
5841
1125
-2497
3637
-3563
748
1554
2713
5972
5379
1330
1904
1018
4323
1141
-6279
-900
-5946
-2151
-1897
1487
-2733
3442
-9736
-1877
-2597
1222
4150
-3820
1349
692
5674
-145
-6015
-5473
-4311
2185
-5236
5983
4695
1018
3852
1226
-971
-1632
774
126
6857
4717
-1693
7493
5509
1679
-6605
3006
2156
-1085
15424
3025
832
532
479
8370
5847
4460
-2230
3716
5007
782
-3313
-569
4240
2655
8825
-3817
4425
-80
-1611
-1827
1499
4953
6191
8177
11466
-1817
9710
-1193
-2459
-477
-11214
-9118
-5572
1286
2177
1717
-2873
406
7497
4254
2414
-1692
-3260
1608
4275
-1297
5009
-11028
-814
1526
-1706
6686
5810
-5065
3785
-2773
9801
940
11238
-3732
13527
10586
-488
8471
2198
-3073
-1525
2553
221
-6992
10582
-1657
51
2697
-2240
-11676
7789
13943
-8255
603
-3329
159
-9846
350
3054
16823
13608
-9764
4427
803
-9828
-7848
7947
2220
4581
-498
8250
-1743
16283
6191
4476
-11285
-4077
930
-7181
4864
3778
9443
13566
-1572
11613
8085
6406
-11803
-5328
513
-4248
-1558
-16844
-21485
24222
29243
-12341
9116
-678
-10647
-8004
6116
21149
-2082
14325
-2928
11660
18551
9147
11931
6490
-8350
1246
5216
-4637
-9614
20265
4516
8023
20049
-7817
2617
-1760
6188
-161
-933
5298
2811
-770
9804
9945
899
-4853
5379
1879
-2045
10548
5239
1846
7766
-10582
6664
3707
-1086
-3738
-2398
-968
-442
824
4045
-1110
329
3814
5966
-3783
-2434
-4565
6052
-245
-1587
7666
-696
2495
16008
7567
14779
-14696
-5148
-2770
594
7590
-1541
7844
2549
-5470
1392
-12421
8872
-2107
7832
617
2839
7315
-7079
-18542
-2524
12824
-1278
2663
11130
-13219
4508
4597
2100
-2725
-7032
3711
3397
4628
13294
-330
5985
12495
-8976
4937
7650
7162
8099
3021
8639
4569
12881
-12505
17799
6652
-2995
-550
-14413
5274
2669
-10607
703
-9687
-1067
-791
-3196
-1111
8598
15101
-4028
-1429
7685
-6510
-3192
-6897
-7623
11225
-17453
-8660
-3608
6644
9366
13702
-5673
19354
-6895
3528
916
13385
-9712
-255
-1097
-6190
12831
-8530
-5901
-13290
8066
-6859
2418
-9437
-6919
-12755
-2930
-756
3766
-5390
-1581
1849
808
196
15998
-3417
2951
8498
-1287
-3343
11437
7223
4461
-38
2269
2998
3405
-16241
4300
2620
-1461
-11641
-16132
-1914
667
-8927
2840
-6899
-3143
8519
6215
4812
5486
1543
-726
1846
1284
-128
-11
-2203
4323
445
-9091
3824
-841
1984
7680
1843
-471
4985
-8789
-5606
3379
3245
2833
1817
1308
-4072
9561
-9193
-2779
-10955
2597
262
1249
-8518
-360
-6470
-954
5685
10005
-2809
-6365
-757
-1688
2385
11502
1426
8126
11854
-4822
4881
7955
564
8701
4375
6889
-273
9250
-7267
12368
1298
6324
-3899
-17976
11704
-490
-8579
3375
-9238
-5406
8062
-3961
-2004
5369
14717
6005
-102
-3423
-8613
-196
-8769
-584
12740
-13659
-9305
-8093
4518
8002
10880
-1018
14740
-8433
1502
-4404
14322
-12034
-3503
2942
-10245
15946
-1382
-6548
-19068
4284
-2312
-6756
-4751
-5515
-16998
3266
-3377
-4277
-1749
9884
-4883
-11413
-5844
6141
-4809
1659
10758
3213
9947
-930
2140
2873
-6591
-583
9804
1806
-8608
1092
9840
2446
4935
-4677
12915
-3973
498
-3300
534
-5567
6903
1336
17862
5308
8222
4960
1570
-4295
-2763
2543
-9537
7195
3021
-7474
16336
7337
1104
2337
6240
-6965
1398
5709
13245
-3505
12576
-5278
4719
8233
12058
511
3261
-3158
-4008
3103
527
-4687
-6912
-2768
-2515
12709
6296
-836
5364
10021
3104
-1066
8336
-11670
4413
6395
-5454
8533
-15304
-853
-2879
-12649
15970
6126
555
-1243
3799
804
-1812
-2449
1075
22570
-10144
3134
9869
-3711
6496
6909
-2546
11943
-4445
-15917
-20487
6345
1698
5056
21598
-3913
17442
13256
4112
31905
-15166
-6725
-3490
-5203
-4289
2293
-14210
17730
-7138
5343
-24616
21034
-6416
7156
3806
-7157
7731
991
-1553
-8420
21696
6142
8840
8234
-823
-2451
10919
-916
-4528
-2274
-2492
5808
9458
9003
-2587
10631
15113
1449
7843
4433
2574
1141
4953
8968
-1025
12183
-3657
14717
12238
-2252
2676
-5190
1187
-2935
-13647
2120
-9350
-25
857
5293
-5701
3648
10778
8264
389
6597
-3156
-1295
-207
-5719
12290
-484
-14604
-5843
-2547
6545
7293
-3928
15168
-1196
7157
45
1989
-240
2966
8562
-751
15605
-2953
-11431
-21211
-362
-694
4202
-1703
358
-18080
2781
-9083
8106
3638
2616
-3607
-5244
2990
-3870
3643
-2336
2618
3260
14736
2531
-1636
5829
1268
8145
7199
11908
3233
9503
14872
4710
9598
-6087
6420
-3896
-5119
-4497
-1047
2586
4990
-3417
-6023
5337
9118
8122
1754
-10745
-1976
1753
2073
-730
11980
-9301
-5808
-655
5690
10149
7417
-3080
7199
-890
5731
-6585
5901
-6098
3096
10246
-1064
18896
8064
-4771
-9569
11197
3494
-9215
11458
-10953
-18877
8570
-6979
8934
-1830
2977
-8249
-13730
-13496
4284
-470
8638
11693
-1607
7458
-475
-10402
12439
-3538
3116
7181
4954
-10270
2344
-12145
7683
-6414
-20804
19177
-7990
-2364
11488
-2794
-7087
12831
-4667
10441
11065
15812
17896
-4096
-11983
-11595
1707
-20119
-185
155
-25691
-4095
-5419
-178
4540
7982
1651
9493
-920
616
-11626
23553
-13724
-7945
3949
-10779
3869
7141
-11486
-9519
403
-7149
-10646
-878
-6165
-9385
10242
-3909
-9698
13412
24733
-10127
-15292
-17034
-4632
-199
-2972
2390
-8497
-4680
-12971
998
-1159
-12460
-8540
3889
-1530
-7699
-5440
-1801
-7006
8946
-12905
8213
-5094
15512
712
-2086
-2230
14889
10049
26109
-5255
-2682
573
-8368
-10674
-1265
2441
-16198
29893
-4032
-19139
18568
21016
-4622
-900
9022
-2501
-14058
10187
22815
387
8078
3165
7099
15571
15563
-7126
18552
-16562
9910
5818
-901
-16005
10234
3119
10390
22867
15119
-3574
-4548
8385
-11506
-6421
2811
6114
-3718
18608
12410
-691
8461
-2380
-6774
-70
5246
4604
-5216
7361
-5211
10434
6944
-588
5108
-6336
10259
-5025
-7992
6746
-7801
1456
4880
10693
919
-136
11045
9216
-5983
3068
260
-2307
-5232
5959
12657
4148
-12258
-4986
-6885
8369
9318
-5639
8615
2234
9106
-5961
386
1384
-2514
12587
1083
7174
6872
-19853
-17478
-5716
2732
-1639
-2777
5297
-17377
5196
-6251
9960
-5540
3831
-4047
-12519
-8086
7519
8234
3341
5933
-4595
8072
5104
-8379
8221
6673
9653
6332
187
-10188
-2801
1822
10946
-4102
-14549
16068
308
449
1210
4634
-8235
-433
-4788
2031
6364
3192
4243
-3801
-294
1379
3544
-6341
3135
8105
2356
-5835
-11578
12074
-808
6423
3459
7646
1064
-6351
-11486
7738
-8975
-10564
-4879
1323
-111
7267
4232
-8189
4473
2576
-340
-14860
-14173
-19595
3766
8618
-7275
-16873
9256
-7840
-16945
-9002
13043
-9839
2443
10555
4294
8394
6284
1192
4186
-6578
4415
10488
4080
-22875
3583
9439
-2600
-10204
-15760
5350
-6072
-452
5566
4017
-4676
15750
5526
16649
18077
9256
6881
-3410
129
1961
1464
-7645
5533
2144
-5851
15053
-6515
2775
4903
3169
2490
7257
-1495
809
-1699
8995
-2574
6565
-1830
6967
-5784
-623
-806
-7341
-124
-1099
739
-21799
-7905
-2889
-4139
11672
