-2997
-2539
11105
-4841
1201
8859
851
-7095
-5311
1098
3413
1474
-3055
-3191
-2590
5368
3372
3130
10720
-1761
-477
9909
-9717
4073
-9560
-3679
-7870
-3217
-575
-9565
3566
8233
-5996
-5955
-8734
4715
-9404
7099
811
-39
6606
-2113
-2469
-4470
689
3000
10153
11363
695
11217
2442
-9727
-1832
-9792
5398
2778
5950
-3261
-1259
4200
-1414
-12534
-5883
15675
-4337
-1693
-9024
4077
2572
6599
3526
-265
-5767
2174
12461
4642
-3975
4624
-13680
-2807
-4551
4117
13866
442
-5306
4497
-1526
1104
-2321
7567
-2841
2607
3498
378
2276
3373
-4132
1926
-4198
453
-7077
-3994
-1696
4174
6177
-3542
-606
501
10013
-1818
6318
7109
18527
10225
-4236
-122
-9260
-4605
8875
-6567
1358
-506
-4938
-5252
356
-4973
-3477
7559
-7520
5703
-6185
2286
-70
5643
-1719
2965
-7834
-5933
5624
858
-3682
279
-3808
5807
-6463
-3524
6447
-450
1233
2757
1051
-263
688
3078
2004
4940
-488
966
1344
2703
2983
-620
-6178
3822
-6263
1632
-4825
8273
-947
-2711
-2291
1911
1033
8617
7511
11777
9407
3047
-678
-6544
-11678
-6617
-1752
-4212
-875
-1512
-2820
-2113
5236
-9966
2925
8590
-2496
-1448
-2422
252
-3492
11329
338
-815
-3298
-2768
6396
3848
-2344
-1301
-7037
1615
-3095
1596
11194
-6024
1080
3758
-1067
-1394
-2747
4671
-3229
3401
-548
-8469
3755
6157
-710
5051
-2093
4791
-6026
1845
2268
5025
-2581
1974
-924
132
7887
1054
8309
9864
9130
7264
5058
-8392
-7973
-8264
-1317
3565
3034
2025
-1463
-1873
4443
-7927
4103
5725
-3416
-2013
-5197
3060
846
9008
3824
-1311
-3897
3201
10926
6462
3341
3099
-15259
-1884
1540
6970
12227
-3147
-3413
4748
-2602
2569
-2924
8122
-4687
3793
1191
-4248
3652
1237
-4092
4148
-1365
3097
-5091
-4900
4439
7813
815
1376
3234
-2277
6145
-4475
12153
5551
17056
5532
230
-930
-9538
-3654
4982
-2521
-2931
304
-2252
-4296
36
-4876
-2529
7840
-7405
-8004
13647
-12353
10414
10713
6217
2356
3059
13795
-4705
6375
3639
2969
-16361
-8130
11562
5823
11329
-6072
-3514
15524
-7806
5252
-10624
368
-15555
2810
-10681
-11883
5662
4232
-9153
-1667
-4542
561
-6135
4023
-7626
-4700
2195
2700
11468
-2579
-5614
-609
-1883
-57
6963
12597
3483
-5424
4098
-4148
8487
-6216
4713
1312
-6836
-2949
10241
-1736
1057
15226
863
3940
4249
6421
968
514
-4338
6442
-9461
2446
2098
3269
6538
-5631
-9922
-707
630
-1226
-2530
-52
8904
-3792
-4221
-335
-9835
8279
-9544
8537
5699
-14825
8460
2730
4485
2557
-3709
6252
-6472
8446
3366
-649
-4297
-3008
14790
2443
633
602
3610
3337
-4402
14832
-6186
859
-10336
-48
-298
-7471
-310
7103
3223
-4477
-2811
-6292
3841
-10420
-6537
2723
-2300
-2483
232
7032
2855
2981
-5702
-812
5663
2994
-8232
234
-3850
781
749
-2482
6539
-4851
-1478
2648
-3268
3112
-2166
5017
-3406
3365
-4766
-3600
2468
8592
-2554
-1451
-10315
1811
-5085
3701
-6820
186
1131
-4867
1182
1020
1631
9735
3512
14499
3944
4230
-3906
-5290
-5691
-2879
1173
-7652
4099
-3714
-6422
1333
8700
-8558
3564
10358
-2225
1708
-1541
-308
-1191
6941
2812
-2591
-2278
-218
6333
3459
-1755
1634
-9059
1632
-553
3815
7182
-3862
-4527
2974
-1874
4619
-2036
4515
-2360
3829
-4409
-1516
4792
3942
-1773
161
-3100
3758
-3827
-4456
1183
4773
-1438
214
-906
-1547
4796
1768
9330
10127
10761
4631
-968
-2334
-5639
-1524
1475
-1080
67
-3165
-3774
-4095
5008
-6531
-1578
7563
-5673
-1574
-5204
1976
-7212
4547
-1697
-95
-8204
-8477
10458
4368
-2937
1665
-4628
5523
-6986
-3393
7857
-621
-2811
2699
61
-2127
3419
7819
1668
7776
1536
-874
394
4853
18
246
-2267
7213
-5543
1686
1308
5487
-4299
2648
-3335
908
1695
3282
5655
6061
11187
4939
734
-9804
-10623
-8612
-2926
700
484
4374
-4778
-9275
3823
-8290
-732
4303
-10455
11270
4900
-4514
8173
5201
-6806
2745
-742
1047
-1810
4251
9496
-3351
-16722
-352
-463
-1580
8583
-799
7751
-2677
-2385
6383
-1766
312
-5784
6883
-2279
-13300
9817
-1910
1235
-479
-700
5360
-2322
-2048
-3264
-763
-4498
9044
7156
-3708
-6899
-3616
11663
4236
9058
20330
1157
601
-8101
-5633
1202
1336
-7008
-3368
2832
-1420
4874
-12238
12381
8638
-7150
11818
-1389
5147
3898
10382
-6592
7019
50
2555
-4184
10175
13934
-8616
-13348
731
2525
6254
5670
-7619
8993
-9870
-3525
2420
-9546
962
-4396
4776
8148
-17543
9874
-459
8112
2479
-1250
5241
3750
-142
4708
926
-3516
7767
8959
-3618
-6075
-1913
16081
8229
7339
14417
265
586
-15698
-2213
-1250
5257
-2871
-3034
7777
1193
1911
-13202
11171
5345
-5638
3107
-4505
1767
2293
6657
-220
393
-5786
-6536
4341
5390
-1884
-1858
-2780
964
-4679
-2501
1169
-4203
1981
2693
3413
-3565
-148
7165
-1332
2474
-3265
1941
2462
605
3254
-2791
-6506
1401
-3874
-845
-2816
1348
851
-1386
-3292
4840
2275
4324
4209
7141
444
1681
535
-6745
-6798
-440
-1704
-209
-490
291
-2595
257
5320
-2064
1212
6725
-10003
2906
4029
-4732
1487
2858
-1987
2243
-7207
-2972
5879
-2807
-7990
1789
-2466
1953
-3100
-5135
3935
5909
1978
1948
-4557
1386
-2021
6419
-8250
1638
-535
-5589
3282
7806
-1984
-2535
-10834
3498
-8546
5601
-5883
-1754
438
-7039
2731
2078
-2034
6151
-2264
5124
-595
8263
-2918
-5899
-2266
-2655
1305
-4357
5251
-3450
-1800
2845
3650
-3825
1837
6318
-3428
2315
4250
-2554
5610
2187
-1956
-960
-3574
815
1682
378
4497
-364
-7283
-256
-67
-425
6593
1239
5231
1334
-2311
1600
-1881
3525
-6590
-1015
579
-7667
5915
-605
-203
415
-4151
3530
-8837
124
-3541
144
-413
-2346
3501
-1714
-733
513
4918
1298
305
10323
-2545
-1556
-827
110
1541
-1617
-2436
-1167
4614
1718
-2128
-2887
-120
3342
-3608
-4024
996
-839
-4434
-67
2965
2895
-5071
-5195
6328
3804
2588
1656
-7628
4099
-1140
1021
2761
-2148
-1237
2744
-1186
3434
5075
3732
2335
10243
-2613
-465
1258
5632
-3873
3852
-44
2513
-5652
233
-2403
5647
-4137
1639
-971
-3839
-3239
1460
6913
531
8232
2965
-933
-3503
-1864
-3463
-47
-6420
-2302
748
-5455
-6232
3176
-416
1949
-2186
-5522
333
4623
-667
715
-374
365
5440
-1224
351
-389
-2187
1018
2033
-6965
1577
-3098
-1348
1358
1395
1823
1482
-3200
3939
-57
465
-4736
7215
-1752
-2713
5060
1390
-2078
528
-2629
2682
-2503
-512
-1317
810
-5603
678
2397
-2356
-4075
1240
-1452
39
2150
5622
2020
2365
-808
-1182
2105
-2893
280
3661
-2665
-2854
3774
1097
2741
2654
-2787
-3477
4060
-1841
928
3375
5313
2342
546
3724
2140
2890
2879
-664
-7896
-3553
7554
2187
-295
-5048
-2377
4772
-3011
4804
-3900
5632
-10556
5814
-3128
-5544
1333
2463
-2932
2280
34
69
30
3180
3291
-2515
-5677
2689
8908
-412
-1368
-4473
-1480
-749
2559
3962
1551
1523
-1743
-411
107
-1426
471
4436
-3566
-1029
2800
1882
2646
-2537
-292
-3758
-6728
333
-9872
10179
5265
-5089
-10610
-6720
14722
6284
-5589
2082
-10581
-4064
2443
2230
1058
-3036
-3604
3557
-3046
-2301
-227
14777
-3601
7154
-762
-5395
-2170
9308
-5686
2655
3639
5498
-2931
8996
2139
7231
-3552
4424
9419
5958
8362
-5668
5085
6859
5650
5947
1225
-9822
-11948
-6064
-2912
-496
1285
581
-10221
-9743
2006
-5549
-2129
-5594
-2039
-8333
-1217
-913
-7662
11033
10875
-5596
-5502
-1128
12481
6957
-5792
127
-8333
-869
1327
6422
13620
-9845
-5097
9450
-4088
-2874
-6927
8645
-6217
1301
673
-8156
-3982
7853
-10139
-671
-828
3803
-7788
1690
7233
3526
1838
529
293
-722
9010
-1505
7085
5995
10163
4444
4534
-9828
-6207
-9478
-923
1020
6110
1077
-6954
-6790
48
-3558
-8164
7473
-4957
3248
4050
-2677
1990
4088
1706
-2510
-1596
1161
1620
4312
3889
-3469
-1789
-1161
1352
883
5292
-3766
826
3784
1085
-3570
834
5053
-6258
910
-1154
-5236
-226
-1267
940
-4377
-6396
1514
-7074
-2763
-2203
-4708
1622
-238
-1073
-376
-3224
1400
7404
3196
2379
4561
-2150
-4397
-1737
-1472
-1226
2482
-877
-1702
-1655
4008
-252
605
603
6501
-8084
3165
5763
2784
12677
-3919
-2084
3622
-1331
4239
4004
-2875
5830
6826
-9402
-784
-9743
1722
11825
5223
388
894
165
-2792
-368
3851
-8806
-1506
6873
-297
1873
-9484
-621
-4790
-6916
-1020
-9958
-14733
-3471
-5174
2685
-4975
-3539
-4014
-3758
-2445
4568
-5045
7449
4239
-1743
4639
1829
2000
4808
-5052
-2769
-904
5679
9133
-4119
8809
-372
6155
-2319
175
605
-1963
985
3600
5186
-601
-1003
1072
4234
3274
929
-1456
-3878
-1971
3206
4809
2320
-3332
1446
3506
-3017
-2123
-2088
6430
-5596
3052
-2363
-5244
1066
937
-2180
1907
-1407
2593
-4447
1833
414
499
-567
-2789
3410
-889
1772
1336
2950
573
2390
4308
-1965
-3034
-1961
-309
1295
-294
-557
1705
-698
-318
835
-273
496
1072
777
-9476
-13329
848
-10018
12435
7458
-1422
-7034
-5404
14757
12608
-5020
4437
-10105
-5914
-613
4238
7791
-8325
-2069
4604
-1382
-6093
-2058
14347
-619
6401
-1718
-5567
-1017
9088
-5192
6963
3039
5534
-6402
5953
3300
6640
-548
5490
3824
4149
11585
-1197
3250
5645
11990
4376
4129
-11603
-9713
-7154
-2421
1460
3886
3796
-8187
-8864
7394
-3986
232
-2162
518
-6009
4151
-4051
-4077
4943
9593
853
-7578
10945
4207
11649
-1776
2796
-16149
-1733
3975
7230
13125
-10265
-4432
8839
-5050
-3334
-5998
3822
-7859
7129
4181
-11963
2275
3359
-11098
-1239
5892
4911
-4224
-5816
6965
944
-3775
4514
8251
-5486
9866
-5880
1303
732
6601
8225
5152
-9543
-1370
-4041
-450
-2475
4586
8299
-4102
-8908
-545
-2012
-5677
3940
-7017
2624
4671
-6602
3199
5983
503
-1382
-1945
970
1454
1527
-1703
-2759
270
-615
6171
935
6529
360
2290
8782
-4979
1516
-3660
663
-5692
-1162
-3326
-5952
1709
7143
-1454
-2005
-6629
1559
-6955
5489
-7149
-1685
4983
-1382
-440
-3010
-4987
1286
6617
5613
2705
5149
1244
-9373
-1841
-5275
3910
-2327
972
-3506
-3471
2620
-914
-2932
4503
8426
-6265
6795
-1071
856
12798
4476
-5316
3214
-695
-4604
4620
4568
8094
-217
-9275
1290
-7237
-3637
12480
-4435
2863
1502
5258
-3127
-4530
4622
-5082
5882
-5335
-6502
3034
-5550
5774
2844
-2088
5189
-7963
-9030
-1674
-2373
-1303
3814
-4761
-1145
-870
-1040
17598
4202
13920
9291
1891
-72
-9573
-5037
1999
-1058
-8363
3699
5647
4640
4240
-5768
14339
7106
-3736
6919
-1509
293
5365
7436
5910
-1039
3756
1671
1077
7584
5388
-7165
-4382
389
4187
5008
6066
-6046
2609
2778
-2522
-1249
-4553
6509
-6445
3183
-2804
-10254
109
-682
3695
723
-2128
2129
-3179
67
-286
-1728
2735
-575
2541
-1372
-3735
926
8790
4394
6741
4988
1368
-1825
-5660
-580
586
2111
-3301
-1946
1431
3397
2616
-5156
5123
4872
2168
-17641
-11807
-1054
-18034
17825
13354
-4205
-8367
-5957
18133
15756
-6592
7490
-16402
-5374
2847
6879
14563
-18167
-10958
6186
-973
-4998
-2948
16061
-5557
11024
-2543
-13296
-4800
15421
-10631
7968
5358
9279
-8005
3911
6341
9643
-5744
10585
4626
4659
15457
-4914
8486
9386
17837
4994
6403
-15609
-11803
-10249
-4799
3258
10050
2956
-13420
-13613
8035
-4405
-3227
-12
-8847
4387
15499
-5447
5032
-1832
-3529
492
2041
-1338
-4032
-5375
2009
-2937
-6340
2509
6657
232
1281
598
-548
4874
-7892
12979
-1279
-5909
-7314
4346
-3666
-5717
3496
2938
-1042
-383
-4510
127
-2884
5580
-6654
-1689
70
-876
2699
-4725
-11831
-377
3700
374
2986
10509
1581
633
966
-5341
8647
-4783
354
591
-349
1337
-191
-5279
3016
6193
-8046
9851
5227
-195
3295
-582
-7752
6384
-693
-8330
-401
-359
6946
-3446
-12069
4086
-8243
-2239
963
-549
5796
-8861
-3608
9910
2052
-1480
-2820
13693
-1485
-14943
8217
162
2508
2377
750
5210
-2149
1895
-281
-1177
-7111
6257
4097
-4228
-11710
-2717
12385
551
7415
18990
2753
4731
-8110
-6661
3268
1344
-5078
2800
4847
-2253
2522
-9374
17447
930
-7310
9633
3276
-279
7749
6667
-3537
6648
2222
4602
-5718
6335
6587
-2501
-5470
3668
1138
5866
3161
-2164
6500
-3212
-7208
1901
-11969
-1425
-7257
2910
7401
-15012
5711
5189
6574
-48
-4288
1772
1505
3642
-356
-3031
1615
3307
6647
-5323
-8752
1217
11002
7062
2576
11063
2533
927
-8529
-991
3050
2720
835
-5087
4070
7173
1764
-8385
11956
4827
-7958
10661
-15047
5376
4001
14772
5751
4526
-2132
5497
550
11725
1942
-218
-10598
-10166
9274
8855
4067
-7312
955
-2420
-152
167
-4414
5306
1478
3112
1576
-437
-629
3513
1507
4169
-375
-3480
9807
-1365
-3399
3500
4483
3813
8091
2568
3951
-2058
9331
12902
11387
3362
-1807
198
-16532
328
3821
-3590
-1881
-2536
-5624
-2025
7614
-6488
7407
10575
-4165
-5749
-27216
12083
-3558
11094
16300
10793
-14020
4798
10567
18345
-9663
11203
-15295
-10888
1040
12384
7959
-14026
-11052
-38
761
-5771
5239
13780
13099
9633
8947
11657
-1402
10274
-8282
693
6
-4788
8078
-2221
-4756
12800
4395
-4028
2313
3980
10407
313
2692
12118
15004
-7103
-6550
-12240
-18192
4007
6025
-16372
7254
6500
-15411
-13228
9275
1684
-1624
6599
-4288
-3968
6036
-7044
-1753
5135
1657
4409
-55
-1632
947
347
-4052
4279
-5556
1987
-1381
402
6713
-2780
-1603
6830
-4911
5901
-6431
874
-3545
4536
-3997
-5908
4230
10531
-3158
1828
-4447
2881
-5124
2026
-5814
-498
-2415
497
-912
-5421
-2408
5329
1898
5982
8018
5300
3914
-4542
592
-5412
4420
-3753
6000
-1078
-4655
-1788
6119
-74
2153
6261
-979
-154
529
-2126
195
3029
1921
2383
-343
1977
413
1207
1776
1473
-9772
-1584
-464
451
2797
-2638
1979
1232
-1450
3136
-3315
1882
-2382
4055
-4987
-6016
4714
1061
-2128
448
736
2629
-1930
-555
2066
-90
-2563
4630
5518
-2259
-1167
-1376
1712
1055
5706
5882
3024
2951
-757
-1215
-145
-3351
-1572
1934
-1286
-3808
5306
-3493
2897
2406
-622
-567
-773
55
1467
2034
7276
1692
-528
7854
637
5295
-1517
1747
-9217
-5060
8183
5009
3254
-6902
2816
3809
-6625
2656
-6522
1006
-8251
5252
-4719
-5244
1929
1395
-5750
3295
1205
-1405
-415
648
31
-2242
-1522
1697
9291
-2667
4880
-2491
-4557
4435
1443
3646
3740
1025
532
-1751
866
-6411
0
3595
-4573
596
5329
-2619
3202
-1658
-4496
4339
-8696
-4119
-7054
11653
6244
-2832
-11942
-7002
11346
7234
-10805
1084
-4223
-7329
7294
-2296
-610
-898
-1516
2896
-2107
-3929
-5772
13914
-4873
2698
-5301
-3383
-429
12702
-4355
-2691
-479
6150
-1965
9627
-5733
5183
-115
2914
10588
8491
7258
-2785
3701
12498
1504
2889
-588
-13855
-13418
-4679
-2983
-1294
4248
-8172
-12456
-3493
4326
-5517
3706
284
1210
-16257
-7429
-1238
-14186
15664
13174
-3811
-6431
-2314
15990
13192
-4405
4386
-14398
-6855
2608
8038
16780
-16914
-8725
8408
-1967
-6386
-6171
14093
-7657
7452
2281
-13954
-6889
10986
-11277
7199
4082
5692
-8958
2382
7810
5584
-3176
6795
5438
1823
13165
-3498
6823
5535
16700
5079
6002
-13670
-10330
-11701
-2249
3738
8833
6369
-8479
-9601
3160
-2613
-5908
1645
