1483
590
740
499
497
1146
396
891
485
328
231
694
342
1218
900
815
1205
796
503
725
613
698
394
740
384
442
798
385
698
1454
406
686
846
749
768
456
692
396
538
618
734
326
172
665
743
511
993
386
692
381
648
344
426
436
883
457
488
481
390
514
616
818
355
996
779
205
407
385
524
572
461
669
434
448
635
870
442
585
879
514
845
529
619
924
889
477
222
555
669
384
345
757
439
341
413
762
310
1810
605
642
722
456
1004
721
873
342
430
670
532
475
565
533
703
1205
481
885
471
370
980
239
746
366
378
466
463
683
655
377
705
825
529
333
496
724
877
463
1053
461
641
866
1031
913
926
609
781
422
566
1246
462
197
540
745
577
397
520
919
596
603
384
840
481
741
1238
687
584
512
738
519
807
464
915
515
853
821
621
933
897
514
750
514
461
527
575
763
279
330
417
469
557
1088
1041
727
