-36
38
51
-40
17
-10
29
-4
14
-33
-18
-9
31
35
-61
-73
-85
29
31
98
44
-7
63
36
-82
103
50
-6
-92
127
-2
9
-52
-72
45
-68
18
64
34
104
-8
-21
62
-75
-75
-56
55
-5
-100
-15
-11
20
-16
-13
-11
10
-28
-60
-17
62
-20
60
7
33
60
-60
-15
-27
-35
-59
-1
8
56
36
-35
-17
49
42
-17
9
-41
1
-15
-21
9
10
2
4
25
-62
18
-13
13
-12
5
-59
32
64
-4
61
-13
-13
-16
-48
-45
48
20
58
-47
127
17
-30
-5
39
-32
-45
-34
-19
-55
-25
9
25
-40
27
-7
-54
1
-22
-70
-13
-30
5
-16
-4
56
4
36
-18
2
-43
43
-16
25
-43
40
4
21
84
7
-11
119
88
-17
47
-103
1
-24
-73
-72
-26
16
33
-32
-27
127
28
-36
36
-61
-75
41
88
17
-6
-15
-42
-27
54
13
-38
-54
-57
-68
47
15
37
-17
-7
-21
15
-61
-37
10
26
-20
-26
-32
12
-65
43
0
-59
-95
79
-77
60
-44
48
87
8
18
-11
9
-13
93
-13
70
30
10
51
-113
-62
-17
23
-46
-3
20
10
-40
105
-73
-5
-7
89
-31
2
62
-2
-10
50
-21
-60
35
-1
52
-1
-127
13
-19
-26
-35
-49
-76
48
54
41
66
49
92
28
-58
37
36
0
-77
47
32
13
-13
43
-28
-31
-54
-3
-89
7
82
14
-42
-27
-105
28
38
93
-7
-35
-27
26
-62
35
-34
-10
26
39
-10
15
9
-27
43
-127
26
9
-8
1
-22
11
42
53
2
-10
-6
10
-62
-65
-25
31
5
-57
-26
-16
47
-15
1
-37
-8
-109
-2
25
3
-2
42
37
49
14
67
15
-15
58
-41
-23
-1
42
8
77
43
28
39
14
1
10
-49
29
-15
-31
-28
14
-19
52
-37
-6
-4
-69
44
-2
40
5
-3
-45
-56
34
22
-12
-68
-127
-62
-35
-4
-19
-41
56
-9
-63
86
38
-14
49
-56
17
6
7
107
-26
-44
-28
40
62
-40
56
-34
27
13
-15
7
-63
72
-73
-1
-45
-25
-47
-45
13
-82
44
18
-7
-2
42
13
-39
-25
-38
23
18
96
-38
22
-83
-22
-30
35
75
-8
-41
-66
45
60
-2
-33
-52
-91
5
34
73
-35
-111
-65
32
88
-44
-28
-123
67
-52
-95
19
-56
14
-56
52
4
8
86
-78
3
94
-69
23
-57
-15
-30
-59
29
-32
-39
-28
23
-64
-59
-56
14
15
9
15
-36
100
126
-100
3
15
14
-47
-72
-55
50
-29
79
13
127
-88
51
60
124
-41
-81
39
51
-26
-100
-9
-22
-34
-17
-61
14
104
-54
20
30
-52
14
90
89
44
-9
53
-50
48
-66
-65
-1
-30
-44
-98
45
-42
31
52
-43
-53
-5
-72
1
10
43
-1
119
44
-5
58
22
-6
26
-7
-38
64
25
50
-26
-4
-60
15
19
35
66
28
-48
-127
12
41
-75
86
13
47
19
-41
3
22
18
-71
-24
-51
-62
-46
-36
-73
-37
-7
-47
86
56
29
-33
-56
52
18
-43
32
91
76
-16
53
90
-15
35
4
-19
-30
50
21
15
27
-6
11
-19
-18
-3
71
10
-7
81
-5
-45
72
-52
-77
-4
15
34
20
-61
74
-9
-72
-15
50
67
-75
27
-78
-66
51
7
-12
127
18
-19
-102
-55
2
12
-29
49
127
-44
-68
84
-35
-37
-16
5
37
-11
119
-58
17
81
85
-2
-30
0
-32
12
51
-27
-36
-16
-9
10
-16
36
2
-25
-78
-1
-69
-100
67
-9
-66
-65
42
37
-44
101
10
-70
-6
-82
91
-20
-24
39
-26
8
90
74
-50
-56
23
-43
42
-5
-34
8
22
52
7
57
-49
9
-43
-22
-42
-31
-76
25
8
-72
-120
3
8
1
41
7
67
25
-5
50
109
58
49
59
-26
66
82
-49
3
-47
88
28
61
11
40
27
92
-31
-61
50
-2
-18
7
79
-18
55
-3
24
62
89
-127
79
-31
9
19
-19
-49
19
29
23
-32
46
42
-10
-122
-4
-18
72
41
6
-42
79
17
12
-73
62
-20
-43
52
1
55
-26
-37
-5
80
79
39
58
-127
-8
87
-36
6
33
49
-9
29
-40
-1
110
32
23
53
-48
44
-68
28
-34
20
35
22
27
-15
24
-46
64
72
-79
44
57
-24
-13
96
-1
94
-19
-40
-37
33
91
9
-9
70
38
-67
-9
44
19
-3
26
57
7
-57
-79
22
58
71
-33
-6
-32
66
50
-50
48
-32
-10
-49
-109
34
-78
52
-49
17
13
32
46
-54
60
68
45
-12
-10
22
3
-4
-10
9
22
-25
27
-55
6
84
15
18
41
-30
92
-127
-8
-6
39
-5
-78
-9
37
-111
29
3
71
21
-19
9
-22
-113
25
51
10
22
-47
18
-58
63
8
44
-11
8
85
0
67
-6
-8
-5
-11
-76
14
105
-125
-87
94
-8
-84
1
127
36
-58
-41
70
86
5
50
90
-11
-50
-11
4
41
-73
17
-70
-96
-81
39
85
57
5
30
38
-32
49
-74
-32
-24
24
-68
-84
21
-19
-3
-97
50
56
65
-67
52
-8
-19
-3
92
-69
-15
13
-112
6
21
28
-38
99
109
-65
40
26
-8
126
39
-127
-36
-14
43
55
-40
22
17
41
-56
33
-51
16
32
-101
-52
-14
53
-40
-10
23
59
-2
29
11
113
-19
71
25
56
46
-64
-46
10
16
-65
13
-45
-41
53
34
14
38
14
-19
-69
-22
-15
76
-57
-13
-1
35
39
25
67
-4
-20
-38
48
91
-82
42
55
76
85
-34
-75
89
-22
-93
-29
22
-18
-24
52
8
-41
-45
84
-38
77
-34
-13
-1
-4
16
1
-43
2
15
-93
18
-44
20
20
14
71
30
-59
-15
-10
46
-52
-25
46
34
-22
-21
-2
34
68
65
45
34
6
18
20
-75
-15
-76
-7
43
62
-2
-127
113
9
10
-19
-113
35
58
19
75
30
6
17
-49
-45
-23
-13
41
27
7
-14
-41
-20
6
-22
27
-83
-8
10
-1
-50
-3
20
-24
0
12
-23
-28
-32
33
-5
5
11
-17
-73
-23
20
-17
8
-2
61
24
-22
-32
-10
-53
1
62
19
13
-104
12
-1
-4
39
-26
-3
48
-59
-53
2
-36
-46
-74
-49
24
-57
-36
-1
-6
-127
-8
-41
-50
-20
-65
50
58
-3
127
38
-9
25
-15
-48
-2
10
54
-87
-36
-83
-22
-41
-78
-29
54
-18
-16
8
-43
0
50
42
22
-98
-6
-40
-13
19
-42
-7
-9
-16
-20
13
40
-85
-41
-4
18
-35
48
-67
-93
117
-57
8
14
35
71
45
14
-37
-52
29
-114
-6
14
-11
38
-70
18
-98
3
16
2
7
-21
80
-82
18
5
26
42
30
-43
-38
-36
61
-11
-18
-24
-49
26
6
-23
-96
-58
-19
-127
21
7
-99
-9
-1
61
20
-30
2
40
5
-46
-94
30
57
1
-4
79
13
-39
103
-64
2
-35
12
-25
9
-32
-1
-25
22
-6
-26
-42
-71
-52
-34
56
-38
12
-51
-2
36
39
-15
54
-65
-19
-39
71
44
-16
4
40
18
18
86
8
-2
26
-25
45
-2
46
-20
-2
-56
1
92
54
31
115
-18
-10
53
-15
50
-127
-16
-61
11
-68
-21
-9
74
60
71
61
27
-52
14
-3
-61
28
-45
-3
-18
-31
3
91
-5
6
-44
32
17
-23
51
3
26
-36
15
13
8
-3
-5
9
-40
11
-45
-47
28
-10
-15
35
-101
18
-41
13
21
83
-44
26
-48
-69
7
-68
-46
-4
61
-16
-127
-52
79
-106
82
-4
-59
-39
-49
-33
69
-38
-28
46
41
-57
-21
-13
-16
-29
-108
46
1
37
-31
49
-16
-28
-2
37
-54
-57
10
-10
-41
-53
30
30
-20
-26
-34
63
-24
37
0
-25
-21
15
6
35
25
8
-31
-110
-27
15
-20
5
22
119
21
76
-25
-127
20
-25
-25
6
93
80
49
28
95
43
9
10
16
64
-25
-59
72
20
-25
37
36
18
-47
-106
-68
27
-26
-18
39
31
-23
-73
84
93
-2
7
11
-28
-125
-32
10
10
-9
-8
-18
23
-23
48
-39
-14
35
125
-85
68
57
-79
32
-18
28
-43
-37
28
-66
65
-13
43
-24
-69
18
18
82
19
-25
97
85
-18
-81
17
45
-54
-3
-65
69
-22
48
12
-36
94
-44
-58
-22
-76
-115
51
-11
0
58
-32
-91
27
37
-77
-71
63
-62
-1
69
93
-14
33
76
19
50
-61
46
-29
31
-7
-19
-15
127
88
106
-39
45
-24
-12
76
92
-36
42
-2
8
10
84
-72
-59
-7
-1
-11
9
28
-127
-38
95
32
11
41
-17
42
1
6
66
3
-32
72
29
13
-17
-22
-87
-26
18
79
-5
101
21
33
-126
-32
20
16
-19
11
41
18
31
51
17
-19
70
-16
-22
-51
35
92
53
-24
49
32
-44
-44
36
48
-59
72
1
45
9
-33
-31
26
14
-39
-53
-108
-41
43
85
40
2
-24
14
-54
7
43
-47
-19
7
-76
7
38
-22
13
62
-50
-67
-127
0
-11
-46
47
-18
-32
-37
-66
-31
8
50
-35
-48
-61
-31
-40
-19
30
-97
-11
49
24
60
-82
8
-60
76
-10
19
-5
48
0
31
15
-45
-7
-29
12
43
22
44
11
64
-12
-27
24
39
78
57
13
-127
-36
21
-44
-80
4
45
-12
64
47
-27
9
-12
-9
49
22
58
20
64
65
13
-8
54
-62
16
-26
5
-21
-54
23
69
-57
49
27
32
-69
2
85
-57
-32
-49
101
-2
-29
46
-59
-17
-43
-17
-25
-51
-63
-49
-99
78
26
-11
-12
-45
6
-43
-23
-33
-4
-15
-2
15
-4
31
57
47
-116
73
-88
-22
-38
-11
43
-43
19
-62
38
76
-5
-25
68
15
-65
-17
18
-8
65
64
86
37
34
25
40
-34
38
1
18
57
-43
77
37
-94
-7
27
-69
-6
46
26
-78
80
-91
-12
29
11
75
40
-17
-30
88
-44
9
1
127
-63
1
41
-84
-39
-36
-40
9
-49
11
-64
-73
24
-75
-24
-78
48
-47
90
29
35
-41
-57
-102
47
3
27
-44
34
73
0
22
8
31
80
-36
-36
70
0
-13
-47
36
20
-49
-50
0
-44
-70
-25
-87
-11
29
-23
2
127
73
42
-37
-31
10
38
-17
-15
83
7
44
15
-24
49
101
-29
-17
-6
-14
22
-33
29
1
33
-34
39
64
-30
-1
11
30
4
17
-28
65
-29
13
1
11
7
-6
-12
61
-8
-32
9
-16
19
28
50
6
-7
-13
-6
-127
24
59
-18
-16
-16
85
-42
33
-49
61
32
-2
-34
-88
-11
-28
-62
25
-96
-1
40
-2
-5
-18
-5
-3
25
-33
43
-5
-18
7
35
2
-56
17
-28
73
-71
15
-13
13
29
51
56
29
14
-23
-16
-23
-39
-20
-19
-105
-29
10
102
8
100
35
49
9
-122
-68
-51
-96
16
53
77
-38
13
15
-39
-24
-47
-115
50
-36
51
-10
23
-21
-58
98
24
-109
-127
-43
81
17
36
-14
-67
30
27
63
-65
4
-115
11
27
-81
-59
-114
-28
-22
-63
-10
-40
-121
61
-58
-22
4
-7
13
-97
-88
-26
65
-8
-45
27
21
11
-25
23
18
-6
-72
4
27
40
-11
-38
-41
7
-69
-19
-58
-94
54
50
-127
-32
-6
-35
39
-10
102
-94
-50
43
46
79
-29
-34
47
58
-22
-21
-19
-42
-3
7
22
-27
-43
-54
61
11
2
17
-6
-14
-20
-75
-4
-35
-91
-11
-67
-84
-14
-1
-10
-63
29
-67
-14
-53
12
-38
47
-6
80
28
37
35
-48
87
7
29
-48
-56
-21
-7
-112
-67
77
-25
-87
-90
41
34
-127
30
34
-25
64
20
72
37
11
-70
4
20
-60
35
-86
-61
25
20
-61
38
22
-20
-103
25
-40
-37
14
44
33
-26
-52
16
3
-53
11
-46
30
49
-8
43
-105
71
-36
25
8
-8
21
13
-74
-9
-27
78
-80
18
62
78
-31
-25
-80
-10
-28
37
-34
-54
-41
47
29
-40
58
-27
24
0
-27
14
16
18
-5
-6
36
-64
0
35
-16
-59
-75
56
12
-41
-81
-23
9
-60
-58
11
6
-76
21
-23
-24
45
-15
76
30
9
127
-7
29
29
-56
-17
-74
26
13
-21
26
-73
37
-68
-38
-68
6
20
35
43
-35
11
-7
21
47
-49
91
17
14
-47
30
-15
86
-17
-33
-20
-33
-5
-43
-8
-44
-49
46
-14
-33
9
-30
19
-127
24
-5
-36
-53
99
49
118
-18
-17
-6
51
-28
-50
-26
58
115
-15
59
14
106
-32
-29
-4
40
91
-28
-43
9
28
-19
-36
-59
-26
44
-54
-5
63
-23
-21
-79
-14
53
100
6
-24
-38
18
-65
-78
-63
95
71
18
17
127
-4
-29
90
-9
-3
-72
-70
8
-14
96
9
-70
12
61
49
69
45
-35
-3
-39
-64
60
87
-31
-59
-26
90
-57
60
13
-34
-1
94
-63
54
39
101
51
-23
-77
-23
-41
-92
63
60
-68
62
-89
-10
19
-105
-16
51
114
81
88
-9
-16
62
21
-60
77
-91
-17
52
12
-64
37
-71
-41
-55
57
-25
43
28
2
-54
-127
38
-56
-32
19
27
-66
-84
-24
40
14
-38
59
-3
7
-35
83
34
-22
54
-8
-23
54
6
-13
-48
-59
-102
55
-2
-27
25
-124
-6
-86
-72
-28
-74
32
-15
35
58
-43
-109
-3
-73
10
1
56
9
27
2
-60
-36
43
-11
-116
-45
54
3
-2
43
30
44
-12
-23
-61
44
62
-61
3
-42
22
-13
-13
-77
-15
-31
-68
-51
67
53
90
-14
16
-80
-42
78
35
16
56
-21
-127
-7
21
-77
-50
70
52
31
-7
20
-42
-9
-74
-77
-38
22
-20
9
60
-76
17
-30
23
-33
45
-10
25
-109
-54
12
-66
-19
-41
-54
-60
64
-16
-12
-32
70
48
16
-37
116
-76
-10
-80
-20
-42
-33
20
-62
-68
69
42
-48
-83
-48
121
64
-7
24
-32
-6
-77
-48
17
-44
106
-83
83
49
-48
-123
-40
-11
5
-26
52
24
-127
-1
-40
-28
26
45
46
16
-121
1
55
-38
-93
-117
37
-17
87
41
-100
6
-78
-68
-62
21
12
72
-32
-25
-17
22
22
-105
-28
-85
123
91
100
-62
-5
46
-19
57
-5
-7
91
-96
-51
53
-5
17
1
32
38
-58
-61
-8
-23
-23
-25
8
40
82
44
-1
38
-22
-72
-3
-53
-51
-21
64
8
73
22
110
78
-95
-21
-33
-20
-42
66
-24
-47
42
127
-38
-105
-42
-109
18
-11
-26
-61
-23
50
-37
-18
13
-15
-60
-15
-16
-17
-49
-66
23
-40
8
68
-68
47
-53
41
-5
-46
-52
1
-27
-118
-54
51
-76
57
51
7
-72
-66
-54
-13
112
-12
0
-21
-31
-8
11
-96
12
-8
-89
-68
56
46
-5
-24
-84
-3
43
-57
-41
-80
20
84
56
-40
77
14
-1
75
98
71
127
31
49
-18
45
-13
-51
5
11
-81
33
-11
12
-21
-15
-37
20
2
127
-6
32
-11
-125
-32
-25
-25
2
35
90
-18
-74
5
-22
17
-73
-12
-69
-53
-28
23
102
-97
15
-22
57
43
-32
-59
-69
18
16
15
89
-17
-60
24
-59
-66
-36
-6
13
14
7
18
46
-11
-15
-11
63
-26
80
89
-54
-59
43
14
-7
23
-57
-6
13
-11
-2
-30
29
23
40
0
-39
-22
-32
-1
-19
-38
53
42
73
84
64
-30
65
127
-63
-14
-60
-64
-105
67
36
53
6
-63
-40
-44
23
16
28
-4
107
-52
18
-6
40
50
-41
16
40
-3
22
-22
-69
-64
36
-36
-35
35
-6
-46
62
39
52
-46
-8
1
-58
2
-16
90
91
89
25
26
-15
32
-41
17
-20
-7
-23
20
-30
-34
32
14
17
16
-11
-26
8
-15
0
-36
56
-15
22
-11
21
1
7
-61
10
65
29
24
-34
10
19
127
75
-14
4
41
-8
-5
21
6
-23
-7
57
-22
-18
-7
-9
-11
-15
-61
-3
-7
-25
9
25
15
12
-39
-27
4
28
5
-11
-28
-45
17
-41
27
27
-104
-4
-24
-33
11
13
-7
-52
-72
84
-29
95
-2
-17
-108
-43
84
5
-37
23
-85
25
18
-14
73
-37
-75
1
-18
-27
75
59
43
-80
-7
48
-24
77
-23
-45
-30
-10
41
127
25
105
-24
26
-8
21
84
19
-108
57
-59
26
10
13
24
16
35
15
-96
58
-80
-54
-13
35
116
-14
-62
-16
-80
-16
9
10
57
45
-1
55
42
69
-63
63
-35
14
32
0
-54
56
-20
-54
-46
-31
-47
-5
50
-42
1
37
22
-19
41
39
105
-23
55
10
-104
-17
-5
-67
83
127
-11
-17
-16
90
-30
-7
33
-67
-62
-51
35
28
13
-77
42
-72
-105
-30
-6
19
-55
70
-68
-41
-33
-26
57
42
9
-35
10
-67
-70
109
91
-71
41
-31
5
84
-37
-41
36
45
-94
-17
-40
-20
22
-101
20
-55
-24
-38
66
-28
-127
-49
88
65
0
56
18
88
55
76
-75
58
64
7
-17
-55
17
-95
28
-23
-31
77
16
-99
31
-16
114
19
-20
10
-6
47
69
-30
15
9
20
34
26
81
-113
-71
50
41
23
-17
33
29
58
-32
-61
73
-78
-23
-59
-7
51
7
-23
-8
-33
15
15
-42
-100
-35
-4
44
6
-107
-90
64
-21
-45
-127
78
-66
-3
12
58
-65
33
-23
-60
-8
-82
-5
62
-65
3
40
-38
-8
-2
-11
45
59
-4
-64
47
125
36
22
56
-49
30
-24
-12
11
1
5
-16
36
23
-41
-65
38
-64
-69
-14
4
8
97
-59
-22
-29
36
-19
-11
43
53
-50
-56
40
14
-71
19
0
96
39
-65
-69
-4
51
5
-25
127
1
-35
27
-18
20
-39
-19
33
51
-13
-127
-13
47
-23
20
67
-27
-8
-58
2
-45
-10
-31
3
42
31
82
-42
-28
54
54
-71
-33
48
15
-33
77
12
-70
-9
-56
-40
22
60
-8
23
-54
13
-67
17
18
-95
35
-16
13
19
-26
1
26
34
-65
-60
-4
16
-23
-38
-2
82
-28
-32
51
-3
29
36
27
5
38
-127
66
5
13
32
54
-6
-8
-16
48
41
40
16
49
1
-64
22
-64
22
-28
-8
-3
48
13
32
-18
51
-62
-16
44
15
18
-30
37
10
41
-24
71
48
30
23
-16
15
36
4
4
39
-8
26
26
-26
1
54
-27
-11
40
63
-37
12
-28
-17
12
40
47
15
-28
-2
-18
-42
-32
8
-59
-21
-10
43
-11
19
-44
15
-51
72
-3
4
-37
8
-27
44
4
57
-21
46
12
-17
-55
35
12
-7
-14
37
-37
-56
-35
-16
-127
3
61
0
-33
-79
-16
17
-43
-85
-31
-22
-25
-99
87
64
-62
17
-1
-15
6
66
-23
-51
12
60
-73
-76
-96
-41
-44
-47
14
-26
41
-44
43
75
-24
-42
58
127
-1
-67
-23
12
82
-3
24
-67
48
4
89
-59
27
-76
4
-20
8
-4
15
81
9
22
0
-39
1
-118
-59
12
60
88
-59
-4
24
-109
22
67
27
51
-27
4
-17
11
65
47
-2
51
-4
127
7
-12
-18
19
-21
-59
-34
5
28
36
19
-2
24
11
10
31
-46
41
-37
59
37
26
66
-21
75
-22
5
18
10
13
-78
28
-42
37
-15
-9
52
-112
12
-4
-48
-7
21
24
43
72
89
6
-63
12
21
29
26
85
3
31
-26
17
-13
64
-24
-29
56
53
27
0
72
-55
-25
14
49
45
-1
-34
109
20
32
-37
5
-11
-63
28
58
52
29
-19
29
-39
15
-49
74
63
-93
74
-19
49
9
-127
2
58
-17
-27
62
4
-83
15
37
-43
-86
-23
-12
-17
-20
-5
-18
-82
-25
63
30
-7
72
-9
22
-24
63
-20
-15
4
-49
-17
88
-52
-48
-49
22
-38
-78
-26
-28
-127
6
6
42
25
11
8
42
71
25
23
40
-9
57
-34
-26
-25
32
-29
-49
-49
-31
-76
-37
22
-35
-18
-36
88
-103
21
13
-50
126
21
27
34
97
-21
-27
22
0
80
42
-59
-54
63
34
-47
27
42
85
-66
22
8
-34
-79
9
34
-15
52
94
0
57
90
-31
-28
-59
24
72
42
50
-13
-37
-7
-73
-48
-6
5
0
-27
20
31
39
16
36
-3
-15
7
-70
-13
57
38
-16
-1
12
37
66
-77
-14
-28
-15
75
28
22
4
31
-103
-90
30
13
-32
-49
19
-50
-23
-12
-2
25
-2
6
-9
19
-65
-50
-34
-9
15
-3
-32
-3
-11
-51
-127
-106
-76
10
-21
20
46
-56
47
39
64
-24
-1
-52
26
37
67
-61
48
-4
42
9
-36
39
3
56
-37
-60
28
106
4
4
-8
8
-44
22
-84
-29
127
12
59
-83
-5
29
-7
-2
-5
14
-49
-5
39
39
1
-35
-46
-36
-44
-23
-41
7
25
-52
23
-53
49
-32
15
18
-95
46
-1
97
0
90
-10
82
-92
23
-14
-22
20
-55
-19
56
-17
-13
-13
-118
-56
-55
-16
-38
-20
27
-8
-21
-113
-8
-39
8
-10
-68
33
32
39
64
-73
-51
14
3
79
80
30
-30
-96
10
-23
-28
-31
63
-72
-52
127
-16
20
-46
72
-18
-49
-77
4
60
-29
30
-75
-75
-72
-10
69
-22
4
-39
15
-30
-55
-14
-7
114
2
3
86
20
65
80
61
40
-14
-15
-6
-46
-58
80
37
-85
-21
-55
-11
-82
-92
-3
-67
-62
-52
18
63
-117
-33
22
53
51
71
18
37
-108
82
-8
-46
60
-89
31
65
-41
-14
34
-68
94
-81
-9
-30
62
56
127
-8
16
32
-13
3
77
-78
21
74
-80
-15
41
-94
-19
-31
18
-42
-13
28
24
-2
39
-7
82
-27
-41
-21
-50
-36
20
-91
50
27
-1
67
47
-33
10
13
31
70
-17
-19
1
-15
-15
6
-42
69
61
-83
-59
27
7
18
15
72
-5
-30
71
-29
-25
-76
11
-62
-55
-45
3
-1
9
14
-12
-109
-6
-21
-38
94
127
37
-24
22
20
-26
6
124
-4
13
46
51
8
-62
14
14
34
16
-30
-31
0
49
-20
0
13
-18
30
-75
-7
32
52
-23
71
11
-58
-37
-39
-48
38
-49
41
13
37
23
35
-15
-20
44
-21
-23
14
2
-29
31
-105
-30
-34
105
-44
54
15
-14
-97
-20
19
-51
6
-47
18
-31
31
-19
53
-30
-23
-17
-127
106
36
-28
-19
36
-65
-48
-9
103
-91
-44
-28
-36
12
31
24
35
-52
-78
83
-23
42
-4
8
-18
-11
-11
29
-127
-100
11
24
-25
38
64
99
16
-22
13
50
8
36
-7
-63
-45
-115
-89
-9
10
9
-24
-18
-54
-17
56
-46
7
16
-47
-13
20
3
41
-48
16
95
29
3
-4
34
-58
-2
33
84
35
-29
-66
-40
20
87
-29
107
-1
-14
-67
24
-9
9
-1
-41
4
30
-40
24
84
10
-19
18
-65
-73
-127
-54
71
-21
13
7
61
-69
-89
-42
66
3
-82
15
57
37
26
21
17
-24
-61
21
29
3
-94
21
101
64
66
57
36
53
-15
-54
-48
-33
-43
-33
-13
-11
-36
73
-42
-50
-15
4
45
5
-32
56
-67
-78
-8
6
-46
-12
-4
111
7
-14
-3
-17
40
-70
-13
-19
-127
26
-9
18
58
-12
1
-19
-21
-101
-81
-30
-74
-14
29
95
-58
42
13
-28
-16
-120
7
10
-9
-46
-68
-20
0
-5
49
7
57
-80
-12
-51
-58
-117
-11
-62
-62
11
72
-48
-27
1
44
-94
-74
16
-53
-43
-11
64
26
58
5
-12
-46
7
46
49
-46
18
39
17
-43
-24
46
31
15
-49
53
-12
-68
14
-78
-73
-35
-10
63
15
-2
-39
34
83
57
32
12
31
67
44
-68
-13
93
-33
-78
43
-45
-33
56
-33
-2
127
44
12
53
-24
21
10
-11
-43
59
-25
-22
116
61
88
15
-43
23
61
56
73
39
9
-9
17
0
-31
-1
-50
-27
53
-23
-22
42
-43
32
8
6
26
-2
-26
2
34
15
74
43
-10
-54
7
45
-70
-27
-64
-40
61
29
18
-43
29
-20
-127
-7
16
-40
-33
-97
-48
46
13
-37
40
11
-2
-51
-20
-49
63
20
-18
-16
-26
-5
2
48
0
30
-46
56
-35
-16
63
-65
15
31
16
-14
-64
-60
-127
70
-17
41
17
-31
4
-45
13
-40
-20
88
13
-6
-55
54
-3
42
72
-14
-50
41
-50
88
-2
56
-23
-6
67
31
-11
-26
1
2
7
9
-51
-21
26
12
-44
-26
25
-18
-53
-14
8
-14
50
-39
73
-24
50
35
15
12
14
-6
-5
13
3
51
31
44
12
7
-14
-12
13
43
52
-91
16
0
-53
-123
-3
-9
24
38
-66
94
23
-96
91
120
15
-47
116
65
-124
27
87
-23
108
-11
-46
-27
17
101
114
24
-67
-40
-58
20
13
53
63
58
-23
-64
-32
-26
-14
4
-21
-66
-13
-54
-37
-86
-16
1
-24
-25
45
-21
19
-49
17
102
-20
83
10
3
127
6
112
105
78
2
0
-69
-3
-35
100
63
32
-55
3
-77
29
39
-84
-13
69
-73
8
10
29
25
12
-25
17
0
-127
-32
-33
19
20
-27
-36
-20
44
-33
-15
-25
35
-33
-19
24
-54
23
16
25
-45
-45
-2
-75
-100
-20
21
39
-35
-53
-22
41
-41
26
12
-48
36
-70
19
-46
-31
-65
-55
24
-39
-58
21
21
42
-22
77
-30
9
-35
-17
16
5
-65
-53
-45
52
18
15
-38
-45
-127
-57
-1
-95
-54
30
46
-48
-91
-34
-17
119
-35
43
20
46
-67
13
80
-34
37
-2
51
63
-17
62
9
-61
-79
64
11
1
-16
8
-54
-66
-4
24
-61
65
-114
-62
-87
8
-94
-26
-99
-2
34
1
6
-18
-34
-28
23
-65
-52
-27
1
-46
17
42
13
-45
55
114
44
11
21
5
71
10
-30
-25
25
-65
-22
-33
-53
-67
-24
-50
-32
42
-42
-39
54
-7
-58
79
58
-4
18
-16
-84
-12
11
-5
-17
61
-38
53
-13
-17
35
127
-5
25
-54
-5
17
-21
-43
-32
108
39
-25
-3
-5
81
42
17
-22
8
-14
24
64
93
10
28
-18
46
56
9
82
-7
-41
42
-127
-49
31
21
-29
23
-4
-79
-10
33
-39
22
101
-49
-41
-19
-25
-3
-25
-22
-23
49
-33
-59
7
55
47
66
113
-46
51
115
-94
-30
2
16
59
27
-25
4
36
-78
-51
23
15
34
-2
41
-10
26
-11
34
-54
-16
-46
58
26
-18
-15
-29
1
43
-21
-40
-49
39
76
-39
37
-85
36
-12
-53
-49
28
-19
68
-63
27
-28
-22
47
-9
-49
72
-40
-21
56
-15
-70
1
47
79
100
15
45
53
53
-6
-55
-21
77
-49
56
-20
-59
-18
-34
58
-9
-81
-45
-12
-127
-10
48
13
16
-53
87
15
-1
-64
51
-57
-11
49
12
51
17
-86
48
73
-39
