0
4
0
19
10
23
14
0
0
23
11
0
0
0
0
13
33
7
0
0
0
0
0
19
0
32
25
0
11
0
27
26
23
0
19
0
0
0
5
20
6
0
20
14
0
0
13
12
0
0
21
23
22
0
18
0
22
0
0
24
20
20
34
16
0
7
10
23
9
23
22
0
0
36
18
0
0
0
7
18
0
0
0
0
4
0
0
15
8
29
30
0
18
0
22
39
26
29
24
27
0
0
0
29
16
0
26
21
0
17
9
59
0
0
26
45
30
0
27
0
32
0
0
18
23
23
21
23
0
0
0
12
0
20
0
5
28
0
27
0
0
0
13
23
0
0
0
0
10
0
0
9
0
11
17
0
12
0
21
0
10
0
19
0
0
0
3
21
12
0
13
7
0
0
5
22
0
0
18
17
14
7
21
0
2
0
0
17
31
6
21
28
0
0
17
1
0
30
0
0
11
0
14
1
0
0
0
9
36
0
0
0
11
0
16
0
0
0
39
8
5
0
17
0
0
17
31
7
8
0
0
7
0
0
0
0
0
14
0
31
0
0
4
34
0
12
14
3
0
0
0
2
25
0
22
24
0
0
0
0
0
11
0
0
10
2
17
3
2
0
0
8
27
0
0
0
13
0
14
0
6
0
24
5
0
0
15
0
0
0
18
0
4
0
0
0
0
0
0
0
0
0
0
0
6
0
0
8
0
0
3
0
0
0
5
0
10
0
5
12
0
0
0
17
0
17
0
0
8
0
0
0
0
0
0
0
12
0
0
0
1
0
0
28
0
18
0
0
11
0
15
0
19
0
9
0
0
0
7
22
4
0
22
10
0
0
9
0
0
11
22
10
16
7
0
12
2
13
14
34
18
11
42
0
0
0
21
16
0
27
6
0
17
0
27
0
0
2
0
15
0
0
0
1
5
0
0
30
0
29
39
0
11
0
35
0
19
38
25
25
0
0
0
21
8
0
33
13
0
29
9
52
2
1
20
55
21
2
17
1
11
1
5
28
26
15
47
18
0
2
0
4
0
23
11
14
38
4
24
0
0
6
24
19
0
11
0
4
6
0
2
7
2
35
22
0
3
0
38
7
5
7
14
0
0
0
15
5
2
15
12
4
0
5
5
14
0
0
6
29
10
12
18
0
10
0
7
12
27
7
44
18
1
11
45
0
0
12
0
0
3
0
13
8
12
0
0
7
24
0
0
1
18
0
22
0
3
0
22
9
0
0
1
0
0
46
16
19
14
16
0
0
0
0
0
0
0
36
0
28
0
25
0
39
0
23
11
33
0
24
2
0
12
0
13
15
0
0
0
0
0
0
0
0
0
0
14
9
13
0
0
5
30
0
0
0
14
5
19
0
1
0
0
8
0
0
0
0
0
0
7
0
12
0
6
0
0
0
0
0
0
0
6
0
7
0
0
0
0
1
0
0
0
0
28
0
0
0
0
4
0
0
0
7
0
14
0
0
22
0
0
0
0
0
0
0
1
2
0
0
0
0
0
16
0
0
6
0
4
0
27
0
8
0
6
0
0
0
0
9
0
0
12
0
14
0
0
0
0
0
11
9
7
8
0
0
0
0
14
24
7
2
50
0
0
5
4
1
0
23
8
0
15
2
12
0
0
0
0
7
0
0
0
0
5
8
0
4
11
0
42
0
5
0
50
3
2
11
19
0
0
0
0
1
0
0
13
1
6
13
0
15
0
0
3
43
6
19
3
12
10
0
8
6
15
2
55
8
0
11
0
0
0
17
4
0
7
7
13
5
10
0
20
14
0
0
4
0
17
0
6
0
9
0
13
9
0
0
25
8
0
2
13
0
9
0
3
0
0
0
0
0
0
2
0
3
0
16
0
24
0
24
18
31
2
15
4
0
20
0
20
20
0
0
46
0
0
1
0
0
0
0
2
11
16
0
0
0
0
0
5
1
0
0
14
0
0
0
0
7
0
0
0
0
0
42
5
24
11
27
0
0
0
0
0
0
0
41
0
23
0
13
0
13
0
8
7
11
0
12
0
0
0
0
0
0
0
0
0
0
0
0
0
0
0
0
6
8
10
0
0
0
33
0
5
0
11
0
10
0
0
0
0
5
0
1
0
0
0
0
7
0
7
0
0
0
0
0
0
0
0
0
0
0
0
0
0
0
0
0
0
0
0
0
19
0
0
0
0
3
0
0
2
0
0
11
0
0
2
0
0
9
9
0
0
0
0
0
0
4
0
14
0
0
2
9
16
11
0
0
31
0
0
1
8
6
10
12
0
0
0
0
0
0
4
0
0
0
0
0
0
16
0
13
0
7
0
0
0
0
3
0
35
0
0
0
0
0
0
5
0
3
0
0
0
11
15
0
0
0
4
2
2
13
3
0
5
0
5
0
7
8
0
0
16
0
0
0
3
0
11
0
0
0
0
5
0
0
0
0
0
0
0
30
0
8
0
17
0
34
0
31
0
0
6
0
10
4
0
0
39
0
0
0
0
0
0
0
2
9
13
0
0
0
5
0
0
3
0
0
15
0
2
0
5
7
0
0
0
0
0
36
6
27
8
29
0
0
0
0
0
0
5
29
0
27
0
4
0
13
0
0
0
0
0
2
0
0
0
0
0
0
