-17099
7761
-19118
48015
9067
40507
19628
-7308
2847
24920
16391
-48876
-54041
-3698
-5238
20635
17203
5739
-2693
-5301
-4716
-20071
-10343
22973
-3713
17930
31770
-21336
20372
-28729
30801
19840
54416
-9740
39476
-752
-38847
-10446
3930
35174
7187
-1656
21959
27926
-17124
203
14885
11175
-11715
-10907
43828
20055
34367
-6841
22409
-2692
33818
-8090
2125
30468
30680
29212
29030
20192
-9881
12528
14764
60018
7852
40640
29693
-11860
1533
37339
24468
-58883
-55187
-4361
5665
27232
-5516
-4654
-10528
-9612
4415
-25474
-15092
18818
10261
16705
37715
-33023
32576
-29734
26222
29181
60739
43372
47611
33123
-47536
-20716
-3358
53319
23777
-8410
27562
42097
-27085
21826
11032
49926
-7968
-11376
55493
36874
48322
-10890
32283
-2142
50442
-8351
-10554
23768
33907
33769
19176
28467
-16865
-8013
-24791
30794
-6766
37362
-4955
10985
34512
1239
35875
-23490
-25943
-5332
9936
33356
-10321
-3363
-7449
-8509
11450
-13186
2487
12394
3240
6272
23599
3233
21287
-17409
25096
-817
21993
-5226
38463
-6345
-7042
-23067
2895
38480
16905
-413
14231
13545
-7084
-12797
6342
19515
207
-11212
35793
15220
19206
13644
25781
-11800
1512
-9988
-287
22250
44380
7361
19098
33920
-11385
-4534
26556
-257
-6867
50453
-14558
-41437
16185
-4849
19562
15773
-4076
-18641
-12417
15778
18563
-12224
-12132
-12673
12251
-20859
17119
-7329
4221
-22696
46870
29343
9111
-26995
20660
-8679
-7119
26000
58620
11239
30139
-2725
-11583
9930
-3324
-34402
-4879
-7599
1404
19144
-22712
26720
-16098
1308
4245
28744
-4923
20276
17939
5481
-13771
1181
-14118
5658
37294
-7141
19438
30098
-11520
-4571
-28793
-10846
-1816
23759
-11480
-17692
16107
4309
24327
21426
8653
-19697
-10042
14075
14040
-3631
-11613
-22287
13854
-7308
15320
-12541
9224
-6525
31407
20196
953
-14544
19180
687
-11076
-23356
36782
-14557
20767
-14547
-2097
-10217
-6500
-16946
-8012
-9313
1192
-15147
-3734
-5283
9445
-7785
-10104
8372
-9035
5265
4807
-6459
-2103
-4922
5496
-1696
17735
-8108
6083
15959
-13165
-6876
-16605
42334
-5792
32447
-8717
-14658
13612
-2157
-1198
-28195
-39223
-3300
-11647
93
7503
133
-4177
362
531
-10982
-13962
33241
-16473
10386
5653
-4769
20111
-18290
19107
-2018
44151
-10930
22107
-5117
-17094
-4216
4966
40483
4950
-11838
24014
18605
-3392
-2778
10622
-166
-34386
15104
46129
10507
23339
13374
1559
17181
594
14736
12320
42399
27745
15713
36056
-590
-9442
-4504
33135
41198
-13856
47117
9513
-6401
22570
275
35986
-26227
-30998
6991
-9191
22574
-3423
-7973
-12799
6270
5443
-14755
-5010
36354
-2298
16378
46885
-19774
19321
-24039
38989
561
43917
57000
49457
31184
-27442
-17576
-8414
37482
11147
-7153
35079
25270
-14434
35742
11027
43780
4156
1718
40855
44925
31913
7995
21724
3270
16185
2422
5266
34672
37869
20725
39662
23096
-13168
4925
-7244
8824
-1616
41508
16043
23618
45273
6870
32349
-6987
-4651
12596
18074
27780
-16458
8728
-2211
9928
6435
20
5625
9159
6056
19837
29431
-2053
5381
-11807
41670
5746
9821
10486
31343
-2959
-7724
-17270
9652
6582
1899
24440
13216
7836
-16201
8700
6550
12929
2084
-9138
9753
25158
13059
20840
22386
-4866
14587
-8452
7355
16999
39098
9045
37515
22779
4184
19289
71153
-18305
-7039
25475
532
-21641
7707
-3152
19363
35717
28418
-9277
-4563
12108
12670
-15090
-6299
5859
19534
-270
22010
-10002
6490
-19044
29347
30681
-4470
-9594
5089
-2648
-18648
69129
33728
23723
45378
22668
-2723
-14257
-8481
-11752
-4723
-6160
-2808
43602
-7256
24217
-1561
31804
-16665
32802
-10238
34030
13787
43216
-6399
27415
3088
-3479
21220
-8423
12232
19553
-6123
-9284
-33882
-30715
-7605
-9747
-14160
436
-1023
-6104
20328
38219
30835
-13651
-8535
9526
15697
-2752
-10551
-21918
15726
4990
19622
-17159
4500
-8141
5860
28248
-15563
-3059
-332
-7433
-30843
-34028
19118
-22157
38987
-16338
4366
-24044
-4340
1784
-16633
-23128
2630
-17674
7564
-13276
10786
-10169
-30029
-434
-26297
6453
1068
-5524
-20715
-6737
23259
-13615
-3636
-24308
-2386
6563
-12616
-10182
-20450
14815
-9007
28342
-3103
-23007
27900
-8231
1095
-4074
-10465
-7506
-20332
-8248
2370
1910
-6712
-6860
-7881
-7235
-5645
19433
-12821
-6596
12650
-7049
7278
-17227
31168
-5172
16952
-19843
16797
-10198
-12908
-13499
-3564
15043
-4905
-7129
12779
-4931
13211
-3746
-1703
-7325
-35102
-6530
20070
9684
7098
15758
-7207
-3235
-4450
-4767
12419
30162
14827
606
42354
-8702
-8258
10260
6204
321
-10794
40959
11972
-17865
21068
4188
18223
12853
4783
-1154
-11306
12475
1010
-2418
-9690
-2314
5371
7547
2207
6019
13535
-3589
50094
5299
10072
-22617
53990
2573
3914
16650
38352
3428
4488
-21067
-1635
-1106
-5823
-10353
13723
-21
6826
17792
-2244
13687
-5684
-3875
2071
35385
6587
28939
5122
16750
14454
-2376
7605
10698
24025
660
46474
11144
-7321
18148
-6337
-20749
-3962
32603
5893
358
12772
9288
19412
26620
24826
-12873
15467
21895
1094
-1562
1195
-2343
18553
-138
8541
-12286
11627
-11228
19985
29773
-3254
-16485
28439
6229
-16501
2377
29789
-11952
32693
-5370
2799
-19517
-18677
1576
-1490
-8706
-6852
5052
-3872
3813
-1821
20492
-18326
21369
-12796
35760
22521
40331
691
17344
5142
2614
30218
-5234
18265
24696
-4889
-4350
73035
-26378
-14104
9079
-17556
-28566
2907
-8624
4760
43120
36585
-10026
-4321
-10259
-10287
-4027
2100
5510
-1666
-20102
15574
-20376
3240
-26395
1261
26725
-8751
-8878
-4505
-9017
-29385
62969
15811
29594
37433
35077
-24559
-23424
-19593
-6272
-11233
-23248
442
49702
-16340
20652
-14525
17148
-27370
12641
-23505
14956
8947
15231
-21624
13558
-798
-3104
467
-20634
-8437
-1283
-6891
-16965
-33500
-28182
-9746
-3838
-14259
999
-3624
-9807
10647
33201
25299
-10976
766
3222
17038
-2945
2291
-18077
12301
-618
12457
-8463
-3879
-5341
-3022
20677
-19797
2849
-10552
-9759
-26321
-32504
19619
-19418
27033
-22785
971
-23650
-17140
-2383
-11591
-25176
661
-15039
475
-8558
-29
-15546
-29472
-3689
-29044
3470
-1724
-11717
-28014
-12598
15932
-3099
-923
-22531
-6812
5043
-9386
-9788
2388
-25943
-11713
23835
-16352
-19303
6766
-4530
-1587
36726
23293
4310
-8328
-1802
-8797
-3634
-17431
10779
-5470
12789
-5612
-8768
5765
5076
22429
35606
-9502
-13370
34470
-5317
-21847
462
21207
9351
35006
17061
-918
-21263
-18777
-13634
-6706
-22701
5447
-102
-14773
-1172
-12781
-290
-22873
14715
-20188
21128
-276
10233
-15481
1241
-3958
-2422
9201
-19503
30399
-1463
-4806
-1685
-13162
-31181
-13126
14789
-15179
8368
3541
-4210
-3227
42541
34131
2767
-8424
1664
3365
1965
44
23421
3158
-4728
7841
-10457
7863
-17415
13589
27832
-10362
-2116
19771
-5689
-24652
-12288
12956
-21815
37757
-2824
-1878
-27523
-23570
10310
-5685
-19072
-4801
2641
-10672
-18110
-677
38798
-27925
8925
-23872
26536
1286
44774
-15345
34663
-683
-3079
12746
-14384
10314
5699
-5048
-2671
62002
-20935
-13113
7959
-10519
-32259
-3369
-10393
5140
36110
30354
-5376
-5563
-18144
4159
-8799
-1646
8834
-16561
-17132
16349
-17253
5493
-17192
11096
25801
-7523
-6356
-3116
-9962
-20998
54442
16804
32389
31186
37825
-23206
-20213
-17704
-6788
-10470
-21101
6594
36554
-21062
23338
-9458
6134
-23074
12665
-20563
4123
-6716
-1265
-19098
2659
-8777
-3668
-6938
-18284
-8339
-7779
