11188
2045
-8818
-6250
-2741
7425
-5168
3042
-1672
-11838
-4082
-8549
191
11523
-6805
-4822
15332
8733
-5984
-6166
-2758
-5756
6276
9106
16584
5286
-284
-2467
-184
2548
-3249
5195
5415
-13814
4740
-16506
1872
1399
-13611
-1388
24722
6778
-1462
-7631
-11622
-5154
16330
10174
24682
14147
-1939
-17254
-5627
15289
-19586
-5133
-13444
-1062
-7152
-4113
2796
12532
-6695
-17281
24008
-6934
-4022
-2801
-950
-9043
7582
1772
17106
5232
-8464
-5043
888
11097
-6425
4777
-2095
-7311
-4083
-7069
-1866
7433
-7131
-1497
14762
9134
-4220
-5497
-2716
-4007
7899
4632
15103
7509
-4503
-6928
650
3938
-3141
7616
-2926
-15572
-2480
-17373
3585
2842
-7146
-6511
20896
6180
6699
-7675
-10306
-3405
15523
6927
13417
24310
7584
-8252
1223
12210
-7393
-15536
-13135
-5822
368
-10251
-2133
6901
-15253
-16371
13400
-4084
-1581
-3805
-4717
-11880
4215
16531
20327
11821
-4295
-5930
1773
14388
-333
2389
2134
-7238
1751
-5113
-1577
1280
-2924
-4737
15937
-7118
-4283
-10203
-6099
-2594
5941
-1308
13406
-9930
-14199
-8583
-5331
13141
-2404
10857
938
-9454
-8841
-5957
516
19105
221
-8437
18726
8214
-11139
-4342
-2426
-1658
11792
4148
13216
3921
1114
-5907
-2879
1458
-7314
4044
-2094
-6401
1373
-10071
3225
1846
-13528
-6590
21943
4678
2094
-1131
-11369
-3071
16445
8067
8355
8721
-5983
-8169
-3101
3512
-9593
5497
-7589
1315
-17555
-1782
108
608
-12957
852
25487
43
7274
-5680
-7073
-10179
10527
6133
-3656
4873
-1773
3419
2419
5097
5080
-3050
2869
-9727
-10
-7738
-2177
4522
-2029
4726
13704
1189
5159
-12930
-5847
-3669
1205
12060
13069
2800
-4956
-14768
19369
16059
6775
3079
9905
-17787
3972
-82
7382
8074
15260
-10782
-622
-11941
7113
-8921
-2389
12261
-10284
4592
-3065
9857
-5660
5916
-3280
-112
7638
6098
3260
2443
-7175
1858
-9600
-3595
-12186
6451
21162
4920
-2703
-10822
-8085
-6506
4742
12889
18385
3664
2288
-9190
6470
19729
-10121
-4569
-3610
-4059
3529
-10602
4548
10740
-658
-6900
13276
-10214
-2263
-3450
-1355
-5018
-1229
-1160
-547
2892
-446
12398
-3117
1821
10276
2904
535
-6926
5338
-654
-2932
-1491
-4439
4041
14095
4933
-2056
-11493
-8509
-3074
4457
6923
1932
4852
-1664
-1164
-4304
-635
659
957
-2898
-3297
2312
-7064
-3124
-4151
-13770
-6000
16613
2500
-513
-7614
-10743
-7481
5412
10758
-1435
19862
8432
10473
-5928
-6629
1822
-5224
-4944
-435
-1163
-7174
-8512
-4159
-19469
-761
16067
5463
4505
-9865
-14709
-6542
12779
13127
5048
12154
1849
-584
1258
-2423
-261
959
2596
-8876
-1506
-13910
-10499
-4825
-27629
-7630
19648
17528
-4289
-6890
-24931
-10484
20422
23636
-567
13960
5032
3504
-5037
-14454
701
2649
5805
6104
6499
-320
-12572
-15870
-26887
84
24795
12304
-5308
-16595
-24327
-6091
16055
14429
17288
26204
-6592
-24187
-4873
-298
-9153
5725
-17240
-14985
-20227
-8590
10379
-9909
-22758
-6053
30767
12581
10375
-11505
-4371
-6562
19757
18399
2749
11309
1242
-4127
-4065
-2456
4544
-7073
-8546
-8243
-41
4027
8518
5729
-4903
-2855
4701
-2039
9405
-9640
2366
326
-1219
6131
1043
-2392
-1422
1908
-4070
2117
3184
-1233
-3803
-1048
6920
4657
1417
2022
-1069
-3610
7541
-1274
-1506
-4439
-3981
-2701
-1156
623
5598
6019
1083
3038
-6756
-3513
1288
2036
3489
-130
7333
697
-2025
-58
-10449
912
18095
3217
-1524
-9163
-8596
-3575
7432
6212
-6202
3792
-893
-1555
-4157
-5016
-1469
4400
5839
50
-3490
-3746
-4547
-4927
-17082
-3385
19965
-1441
242
-14121
-12346
-11775
3883
11765
14409
19246
-394
-14784
-3343
-971
1002
-2490
-11540
-1502
-3300
1077
2202
-6380
-17160
-12557
20466
-3030
-2529
-9159
-3863
-7987
5019
10778
25843
13144
-5320
-22531
3228
12884
-6553
-6755
-6027
-16714
-7351
-7450
12248
18961
-6627
-13386
9531
1135
-1375
-935
14932
-2662
2697
8802
2551
584
-655
-904
179
5111
2301
2912
1670
-2237
-330
-7020
888
6150
-4253
-1805
18952
2496
-4729
-1730
-2739
-3116
6969
8201
5060
-2967
3225
-5793
1456
4017
-2210
2911
3230
-1085
5520
846
5549
-7797
-2027
-2039
15877
-11
-3220
-4885
2634
4439
7355
6006
21843
17424
1852
-9446
2289
12118
-8399
1663
-1927
-7191
-3086
-15080
-3294
-1262
-15354
-9856
29255
-6874
-1256
-11205
-17781
-10225
11422
14846
5850
13145
-2017
-5312
-4721
-2627
-139
-10824
-9351
-13167
-6726
-3669
10409
5670
-5697
1823
9433
7032
6324
-6460
6531
-7929
847
10494
3211
2729
3765
2763
-1792
2
6035
-347
766
-5370
9367
-8463
936
5721
-1799
-7968
13011
5608
-4573
3010
-7379
-3171
4643
7478
128
-3472
-8894
-17530
10496
1825
1408
10093
4312
-16302
-1651
-2406
11822
534
1104
-2870
5937
-2256
13026
-5413
-343
6665
-2844
4823
-582
-1401
-10892
3068
-1069
394
4704
14574
1751
-13846
2733
-4721
2419
-4131
-3758
-1621
11380
11226
3836
-6427
-6447
547
1490
12428
7773
6326
-10940
-11650
311
-4104
-4265
12383
-4818
-15343
-7838
-6327
9981
-5073
-11165
-6514
22744
10507
14190
-16125
-11951
-3124
2248
12622
12538
21769
8339
-9786
-4287
8328
-6386
-15461
-10294
-10909
-4011
-6782
4125
11216
-11342
-10140
8590
-3506
6087
-6036
1018
-8855
2405
9980
-3184
15270
11658
9500
-5783
-3203
-2188
-8131
-455
1985
8068
-8563
-10005
-7559
-20004
2355
18534
5306
-1027
-10893
-14598
-7724
7507
17322
-1000
17061
15457
11429
2050
-4386
-2353
-11163
-2848
2909
8527
-10650
-15824
-8992
-21607
-2276
7754
9668
-6028
-2334
-21665
-7391
11832
15856
1909
7891
5350
12352
-6346
-4354
-155
-1050
2163
5956
-2240
2515
-13698
-7866
-14075
5385
14528
13536
-12250
-14274
-13826
-11172
12682
9730
20822
35842
-1389
-29329
-8370
2247
-22995
1707
-25046
-11987
-20764
-10950
9098
-10403
-28032
-11309
39000
4676
16698
-3098
-4180
-7100
23045
21096
