-1543
5674
1363
-1451
3913
-3262
-188
-1824
-4839
3370
-7051
6741
-3469
8279
-8426
-3571
-6333
-7568
-4582
4390
-1726
-1208
9591
-2370
2382
8249
1402
-1735
-2808
1057
-1184
-2202
6754
3805
3246
1596
4448
3169
-3363
111
5047
-5840
1358
486
8117
3593
2471
4783
-8802
12566
-1850
2427
1934
759
2235
-917
1846
-1176
4771
4415
-1043
3017
-1986
2454
-4303
8012
-654
319
1184
1494
-9792
-5700
3693
-762
-2011
-29
13403
12540
7921
2045
13129
3535
5966
11950
3116
-3626
1473
-4041
6535
-1453
650
4556
3875
1211
12068
3700
-1293
972
-249
-6420
12579
9810
4264
697
4463
-3293
6052
7457
9515
-2161
2484
-7636
5370
1218
-4070
-4368
-2319
-868
3717
-1127
2901
163
3898
-1209
5399
-658
4396
1111
7464
2320
15739
4895
1184
-5835
1401
7358
6523
800
-1485
13257
8204
646
7565
1284
6322
13754
4649
-3722
13765
-9270
1262
773
-210
-1375
8364
1211
3751
3060
1754
1061
5076
-5929
-11372
5610
3214
-9546
6982
-6604
6305
17049
2708
-3128
5161
1303
2786
41
-8292
-4351
-1622
1172
996
-10340
-9243
3018
-523
-7343
-4102
-8695
14386
5181
-528
13049
-1255
787
-2688
-1444
-5230
11099
-3920
2334
738
-1208
9413
2345
3898
13691
1449
2950
-7510
2765
-582
-5518
3255
4681
-9988
-6132
-1551
-7491
-3999
-442
1494
5003
10692
4838
11933
357
3336
36
-7363
1245
-4496
-5125
1908
-1292
-5384
-79
1038
-5441
8492
6942
2414
-2827
4035
-6847
4842
-6182
1512
-6169
-4148
3864
-9193
9359
-2163
-4182
1611
-8144
8961
9617
-186
-12408
1470
-7234
1292
2306
-2677
3343
885
5135
8356
-6114
-5991
19680
9887
127
6906
-1875
272
-1553
-5623
13461
9293
4648
4113
-1587
6277
-6958
591
2914
971
-1927
11474
-176
9103
-3248
7796
4958
-12415
262
-1773
-4962
4677
-4297
3594
-5840
-2444
-10524
-713
7312
2033
-262
7430
-7180
-2506
3870
325
2688
-4267
-6851
-2687
-575
2421
4235
-4704
12397
-10049
786
-5324
4970
1934
-2254
-4256
-11307
-434
4100
-6234
3250
-929
4043
8551
-1417
622
11697
8567
4530
519
-4724
1398
15546
3425
5217
9592
10850
-3032
-9126
3569
-1173
-2353
2206
-93
-5428
-2631
12829
267
-4279
3570
6972
4438
2293
10785
4531
13602
1275
-297
10122
967
-710
789
-9183
1249
-252
-312
504
-3977
-1040
6626
-3603
-1042
-6522
9856
5178
3218
-3928
6046
3087
-2959
3367
10487
-981
2890
-9134
1025
7015
-9877
-8597
-739
106
-7267
2594
-1146
3982
4785
7125
-1814
-12949
-1614
2285
5515
2496
17713
4759
-7948
1175
-1603
1582
2021
-2142
-2894
2677
8250
-2491
-1820
-299
2035
16359
4247
-6570
18006
-4533
9541
5478
-1163
1541
5428
-411
9927
3107
2619
560
1984
-12582
-6122
9609
2016
-8082
3889
-6190
9194
13375
2942
-5912
973
-376
-822
6114
-9652
879
-2471
10942
-2105
-9286
-6070
8896
-3958
-7858
-807
-10707
17071
5309
2392
13907
-632
473
-1739
-912
-3094
11722
-4629
422
-2399
-4967
9846
9757
3663
11630
-2610
6728
-8417
-3190
-8
-3691
1264
5368
-11344
-5988
-905
1488
-4134
-2140
2702
5143
15266
4612
15936
-3551
11583
-3654
-6343
3136
-6550
-5839
2527
-3141
-7001
4172
1691
-1653
5449
1619
4135
-2229
3079
-6691
5701
-5448
4716
-6415
2538
7519
-10062
13262
1538
-3952
2268
-5447
9129
7811
-2877
-14252
143
-7253
-2993
6245
1693
5767
2579
5454
10774
-10926
-7796
12561
9794
2185
9353
2680
-3268
1265
-2598
9939
5895
3176
1059
-3405
10490
-9491
148
8187
8967
7497
6327
-3505
10620
-4946
2248
450
2773
204
14253
-5993
7014
-4554
11439
2504
2258
-6798
-4276
4951
4538
-5557
-1882
-3711
8430
13009
-2337
-1871
7315
-952
749
2279
-18899
1953
4855
-2718
-2553
-12157
-12262
2227
-6347
-963
-1189
-6235
106
6655
-2018
14535
-2505
-5966
4255
-8365
-5483
9361
-4373
1299
-4457
-7478
2209
-4314
4003
15388
5535
579
-2682
-4063
-1033
-1189
-5046
6224
-11862
-5327
2750
-5875
-130
-1157
-8679
3323
1528
10254
8586
1395
-1195
-6294
-11051
-2342
-13472
-7818
-1308
-287
-2203
3038
4002
-8529
9601
951
3367
118
4928
-5561
-1082
-4822
6290
-13015
-3804
4945
-15931
5096
-2592
-112
1385
-4326
-478
3260
3224
-9275
2666
-11100
4852
6423
-1250
1008
503
10246
-2085
-6272
-11790
20975
7216
1234
-2186
-1857
-735
-4948
-8388
8771
7653
988
4315
-5751
957
-8079
858
8884
614
-2365
5593
3567
7314
-2417
7344
5667
-14888
-1711
-9149
-4286
4957
-2013
-4757
-10004
-7455
-12522
-505
11281
3256
1618
9799
-7334
-7345
-1974
-6378
2858
-5181
-5373
-6352
3505
10476
1972
-6348
16294
-6022
4568
-247
5919
1666
-4412
931
-10929
727
5324
-8643
-2726
3962
2628
5592
2503
6276
9291
9211
6529
1049
345
-858
17037
-1421
1589
3621
11458
-2842
-8631
4109
-738
1013
-3810
845
-1998
-1759
16871
-2261
-7128
4735
3939
6285
-3712
8520
3088
15931
1732
351
10660
4006
3105
4740
-8869
-1750
2180
-118
1587
-5387
-2768
2130
-2403
-3426
-1593
10563
3781
5254
4307
8523
3486
2308
5401
12224
-5626
4202
-8030
26
4137
-12959
-3838
-4328
4869
-9901
2248
-1646
3642
6446
4956
2935
-8911
2560
-8460
4920
3908
19583
8181
-6686
5008
-258
644
-2315
-91
-6129
4450
10639
-1805
-1424
-3413
-3163
20678
3742
-4543
16528
-6930
11261
7555
1205
6173
7970
689
9956
2598
-2929
1928
4751
-12041
-2743
12231
650
-13530
6809
-10213
8054
10018
5716
-7099
2429
-3438
4938
8540
-4625
-3763
-6232
14706
362
-10235
-2431
3930
-2530
-227
3167
-9945
19758
8010
11778
13427
875
2358
-2252
94
1553
11439
-2941
721
887
-2878
15487
11298
3618
10042
-3497
9332
-11829
-1985
-4872
-5526
10505
9441
-5815
-7316
-2000
1929
-6525
-2836
5971
4783
16795
2351
14001
-2062
14147
-1748
33
9463
2770
-5661
585
-223
-1588
4388
-1126
3524
4720
-3825
6719
-4179
-2896
-8124
1266
-1506
-643
-4560
4700
8829
-5800
10280
-3906
-3201
6204
-3194
13075
9088
-986
-9393
1582
-7059
-7855
6737
4227
9992
378
-1029
12610
-8673
-4785
8822
8543
1118
9591
7394
640
2962
3423
5286
-4788
3932
2295
-7681
16295
-1457
-795
2486
3695
7321
-375
-1227
7955
-2029
5620
1401
-2083
1331
-724
402
7990
1826
-3317
-1870
-3940
-11379
-3462
10550
2953
-2780
153
-1569
5690
4806
-23
-2395
2556
2946
-3822
2802
-2472
2565
773
6783
2677
-4298
-4159
4120
-1206
-6718
5979
-4134
3364
8003
-1311
8826
-1489
1647
-32
2180
-654
2720
-1505
3244
-1677
-1390
-29
4080
-1318
6027
-4546
4778
-5595
-132
1178
461
442
-610
-9818
-3648
3579
-2413
-2641
-4838
286
6492
7521
5811
13260
931
5906
-110
-3564
-2178
-4877
-4083
6718
-989
-1376
4130
3483
-1973
10256
-5149
-785
290
-1639
-4324
5075
-1494
6940
-786
4713
3786
-2774
9776
2089
-2644
3621
-5020
1044
-546
-1375
-4489
-1848
-2668
2273
2906
2263
2992
4643
4938
4677
-1404
-1027
5888
5651
5521
5614
4542
575
-835
-1773
6373
3149
3373
-198
977
8231
-4059
4773
5042
2899
11047
-117
-1386
13825
2213
13179
4622
3941
-429
7177
-2066
13436
1865
2365
2988
-883
-14173
1846
16766
5688
-5424
-3447
1006
8350
2371
-360
-5675
3605
2421
-4834
11142
-13801
6057
4878
4822
2501
-12608
-378
9163
-6475
-1050
10185
-2202
4506
3453
-4206
13946
2606
-4736
-819
-3120
-2374
7528
-2534
1109
-3192
-3013
2045
-1628
-1030
10895
-10102
2106
-4771
-4414
-1219
1589
2419
1325
-10996
213
5329
828
-6093
-3252
-10617
2326
7624
8263
15152
-3783
5968
-9382
-6507
1814
-8557
-1178
7327
4855
-1606
6197
6653
-3272
7188
-5208
-64
3519
5261
-2420
-3419
-6121
6074
-6915
2459
9667
-10681
13342
-1971
-5144
10293
1046
-825
-1975
-468
26
-1657
-5232
1799
11105
5154
6867
-1170
7880
5863
-3194
-8753
4208
2304
8097
-2878
-892
-1464
815
-3272
4737
-3353
2581
495
-11422
12273
-5805
432
12224
2575
9871
3591
2889
16703
-1260
12345
5264
-3127
-801
6689
-3657
13555
514
626
823
986
-14556
-2186
17949
7584
-5428
2753
-3612
2023
2884
3329
-5642
2286
-2109
-3207
8562
-6495
4664
-1433
12456
-2079
-9660
1567
7149
-2068
-174
5669
-7787
5781
4764
-3930
10550
5889
-1716
607
-413
-2485
11563
2633
5999
-239
1520
5872
7603
2778
10238
-5348
6797
-6624
-7367
2064
-718
8228
3077
-3728
-591
631
2926
-5930
-3980
-4592
2045
10408
6059
13736
-3456
11988
-6085
-4116
10431
-1644
2483
4857
2357
4059
1334
2601
204
3193
-4703
3849
538
2592
-4206
-2632
-6651
3104
-3803
5309
9426
-6391
10731
-1613
-5048
10615
-579
4452
2948
-4668
-2092
-1274
-348
-5071
8705
2107
11575
662
7108
8392
-6707
-4285
2843
4245
7242
5472
1255
-3490
3472
-2320
1858
-7544
1974
-459
-12160
15831
-1566
-3262
5921
-5707
3517
-3884
-4064
2754
3004
-2576
-333
1813
8544
-12199
-1940
1473
5421
-3710
-8288
-14614
-10939
4451
1794
-5451
9554
-4905
6451
7853
1789
-11999
-9589
-2477
1239
-11810
6124
-999
9586
7662
6557
3223
6218
-5817
6600
-5427
-7900
3994
3287
3266
5862
9518
1480
-8395
-1362
-1045
2900
10461
-6807
-8878
-4700
-6043
-4195
-1779
2851
-2867
-1891
-7370
656
2496
170
622
9626
-12108
-3498
-14152
-4674
11127
8508
1630
-2046
10976
4254
5925
-643
7927
-1645
3696
3921
-4771
-12285
-11047
-9509
5923
-4212
-8500
17321
3099
3279
11727
-4524
-2778
9354
-4777
222
10061
7336
15705
229
10320
256
4524
4968
14324
1424
-3508
4424
-4443
-6450
-295
-4915
-2119
144
5241
1738
2842
-7059
4535
-1005
1890
600
-3922
-6837
8805
4059
6495
16309
2334
-6522
-1309
1550
6883
734
-6734
12979
3783
-7367
12894
9200
-407
1879
-2774
2502
1821
1485
-7497
-8829
10674
13006
8231
-4588
4902
566
6563
3890
-4867
-6264
2546
-4043
-1152
4160
-13429
4391
10972
5430
1952
-15704
5790
-12
-817
-2743
-11406
8426
9098
1368
4943
1867
-6135
-491
-2752
5527
3899
2605
-4678
10774
19531
6833
-5293
-2743
1245
-587
5032
-9982
-9661
-2792
-7069
-566
3186
-4403
5142
4306
-3734
-8741
915
3574
1573
3776
-8217
9968
-12934
-7564
8984
-9556
2914
3700
9211
2336
1572
10157
344
-5363
-7296
6737
-6275
-10626
-14200
-12022
-1148
3833
6941
9400
891
7882
22894
-10042
4415
3995
-5077
-4851
-6653
3118
4991
-9134
8366
800
3960
-3415
-1534
10075
-2905
13231
-754
-7764
6819
-1744
4934
-2966
4175
-2234
2852
-2158
4862
-1108
-3422
5291
-6552
6788
10399
2222
-8816
15220
5821
-12686
-2869
-2551
4618
-394
1768
1270
-3581
3760
12784
10567
-1659
10929
1745
24
14473
-893
9407
8003
-8186
-916
-5339
1500
3031
7559
-9640
-5912
-5151
-12797
-2647
18159
964
-3804
15652
-4681
-189
2494
-1450
-4064
-5689
-2826
-6183
8632
7064
1178
-517
8221
-159
-3860
1563
6580
1906
-5572
5746
-5405
14648
1854
-3706
5632
2946
4641
-3288
2740
5581
12203
3928
3397
3194
942
8259
9805
859
7342
-7210
13127
-6929
-1506
-1268
-127
7879
-1492
-3237
-2926
2255
11171
-5041
-5522
6915
4910
15361
-1663
14625
484
17031
2751
1793
8919
5356
4095
9336
-1722
-2783
7943
2403
3460
475
3914
2429
2049
4582
-704
10676
688
6060
2848
4220
4815
-818
13856
6998
-7774
10187
-6121
6735
6147
-8969
-1179
-3485
1489
-5669
9060
3686
9402
-3088
3636
12861
-7469
694
-7444
4251
5329
17814
3078
-2805
5587
2512
6045
-6932
3128
-5430
673
20687
-4609
-3451
994
-683
9009
-1740
2318
6960
1665
9264
4969
-1308
476
-2862
590
6936
-1151
-6246
-1586
-9626
-14676
5060
19057
6970
-4334
1491
-137
8335
-2177
-3527
-3856
2365
4928
-7078
6964
383
851
5629
5079
4470
-8346
-124
8217
-726
-4208
13520
-640
1941
5594
-3348
12389
448
-975
-277
1476
7926
3032
713
1882
-2181
-387
-2611
688
-3082
5049
-8742
5584
-5838
-301
-2732
3129
1229
-5257
-10240
-2697
7016
6594
-2028
-8140
-4921
6921
8458
7328
14725
-338
7686
-3074
-3797
-954
-4430
-423
8909
606
-3557
12998
4033
-156
10848
-6950
281
3900
-586
-1518
5356
1537
11380
1490
4293
6727
-2560
12734
1189
-4066
10189
-4044
-5221
-4182
-2308
108
-1567
-1119
3399
7510
6918
3269
1928
8789
5548
446
-734
-4294
3497
8458
1947
9159
3134
1240
658
4990
-984
5662
-823
-922
15098
-5455
5455
2890
-267
9987
853
2789
9739
3103
11409
4315
6781
4486
6943
-3911
12285
-1329
-88
3869
-4593
-14664
8684
18700
5049
-4257
-3551
-578
8683
-2905
-628
-8580
3167
-737
-4050
12129
-8789
4455
9445
4564
5080
-10288
1363
6681
-4197
7270
17241
942
918
6251
4359
14409
3798
-4733
1904
-3323
8930
4137
-457
-267
-3550
-2007
2507
-3265
47
10888
-10406
1727
-5330
-2381
-5459
3051
2923
4679
-9637
-1481
8136
5311
-4593
-5142
-4897
4301
6709
9537
11438
-4597
5957
-4141
-2779
3040
-7003
-1534
5235
6445
3574
13560
4078
3435
12170
-11855
2936
4083
2008
-2095
-6968
2239
6511
-6037
6095
8441
-3967
9051
-4184
-1281
15243
7679
-3387
-5477
-401
4902
1677
-3267
-1491
12867
10065
7417
-2798
6813
4590
897
-5531
-4948
2117
7826
-5832
8277
2104
-1345
1491
-402
-8493
3056
-39
-12929
16181
1082
3098
9292
180
-569
11870
6016
15260
-493
-3691
2526
-7244
-1696
-1049
-7719
-4016
5400
2624
-10516
-3117
-4462
-134
8450
383
6893
17860
-5081
-9366
4579
-9739
-5460
-6986
-16047
-9521
9744
2133
6481
4339
707
-5594
3336
-3714
4192
1739
3125
-5366
-4432
8205
-5891
-4859
-1897
4930
-938
2649
-5377
7105
17985
6129
4315
2694
2817
9561
6875
8061
14990
3107
5362
4347
-6116
4340
3806
9
2279
2920
-987
3759
18506
-1059
-111
9822
356
5525
-5273
3768
-958
11728
4819
-2366
12478
306
7110
513
-1813
1879
7683
1977
6193
-2859
11303
8470
5281
12015
1968
5667
5137
5369
-3060
887
1344
527
3432
13052
-4678
8927
447
3391
9464
-14141
-2483
-1021
7398
-7661
10005
-2952
5508
-7598
4142
5656
-10544
-4558
-10246
6903
1628
18258
740
-8245
1588
-3791
2263
-5906
-4186
-9157
-1338
15816
-1969
-8057
4790
-2020
4850
-657
5151
14088
3409
-14811
-3720
982
-6103
-2720
-5258
-19115
15540
-1451
-13022
-2475
8373
-4622
1927
581
10563
24332
6265
-10388
6307
-18300
-9635
-6143
-12151
-15198
12758
-2139
5881
12353
-18456
-171
2438
2699
280
711
-3445
-10360
10486
16479
-18226
-6549
-4595
495
-8013
-11614
-6591
1837
12767
-2734
1900
3408
8307
9379
-4366
7770
10055
-5158
-9052
10057
595
7313
14225
-590
-9249
-109
7094
9386
11208
2434
3740
6316
-10341
5718
-10535
-2502
-9628
915
2754
-6193
2916
-2874
13433
3846
8177
-2459
9367
6683
5270
-529
26662
1828
17642
19083
12868
5176
-1199
8512
4804
-8679
-3654
2861
7108
12229
-6806
5062
4336
4416
5158
-7203
2067
-4072
11303
4969
10035
-7645
1961
-15493
-2486
12962
-596
-8774
-13745
3699
-462
9280
-7901
-2112
345
-9227
4980
-5147
-6129
-9805
1729
13003
-9691
-10629
9288
-8691
4156
16452
9920
11583
4292
-9008
3092
-4295
-11580
-306
2970
-24410
6452
2465
-520
2016
10315
3364
5034
9061
397
31783
-5399
-6443
7956
-3149
-2409
-6217
-15387
-2954
474
7968
2174
15017
-24484
-4430
-4133
5175
119
12712
5576
-12324
8431
12985
-25755
-9737
4440
-2214
5780
-4737
-10755
5046
20941
13636
-1026
7193
6435
10438
-5682
14019
7747
7987
-2080
6785
4958
697
2579
4244
-1920
7015
2049
3549
16697
2935
8157
4085
4988
2079
-904
1821
31
3439
6449
1017
10501
6778
18576
-6192
5663
6124
5628
1780
4230
-1977
31610
12913
8668
24074
3755
8060
11444
3321
71
-15215
-6241
2167
2510
5292
-2331
14755
-6795
2688
12821
-12257
-3246
5136
9571
2929
10343
609
6959
-19085
7233
10295
-7236
689
-12530
1634
-880
13087
-10413
-4411
-839
-894
3835
-1651
-2228
-913
-1466
15201
-2527
-12070
-871
1594
10554
10358
1113
8214
-5194
-5342
-1662
-948
-9485
15844
4840
-18479
4008
4061
9699
21292
19261
-12612
-6643
4532
-15022
28087
-12810
-9149
15804
15992
4315
-3636
-11295
14969
-7011
4259
-12863
-77
-18466
-5849
-8712
7420
-10059
14277
6903
-17063
274
21214
-17052
-3184
5506
1594
6424
-7563
-8896
-7963
18426
11069
172
10964
4684
18647
88
15392
8524
11515
-4603
-4796
7492
-682
-10119
13941
9572
12916
-259
-12090
-7751
228
8592
6061
-36
7993
-136
-8140
-5039
-561
7458
6709
16144
14807
14108
-10925
6630
10097
-15098
-4371
5103
-8772
26048
12531
-6730
16197
-1372
-1008
-1805
-17445
-774
-17851
-6917
-762
-138
-13040
-173
6027
-4320
20721
19436
-1727
-6689
6488
284
-6617
2228
-1212
13116
-15973
173
12265
-5898
2535
8857
-2752
-11143
4214
-19089
-3177
2785
881
4660
-2987
-3559
8907
-11773
5128
6332
-18483
-5808
-6258
-20023
39841
4693
8273
6439
9633
9754
-21013
-2628
-5820
-13100
-209
-15279
22351
-8199
-9012
-11106
17797
6453
4945
10418
10616
-9954
-5462
-725
1958
9275
-14513
-20157
-9596
-6601
4196
16381
5771
9057
-25238
2816
-11358
11560
8934
7520
-12441
-11693
-18551
-8265
-15370
5403
-4999
10217
27929
-12285
6525
24269
25134
3615
3582
-13364
-3243
22998
13732
8045
29167
18271
6188
-20583
5517
5693
-16493
5948
11608
-10637
-334
42027
9486
-4225
4351
17863
-9138
10145
14777
12926
21291
570
1832
21763
315
5159
-5604
-18733
10555
5432
-2010
3600
-14046
404
24416
-988
7423
-11662
16873
24937
11703
-17063
6006
647
-4833
-6124
23049
6495
11541
-12355
-13943
12599
-23444
-14010
5686
3949
-8907
8324
2346
3657
-2290
23784
-19347
-29579
-3041
-7151
781
5058
29704
4602
-21129
-3002
-1393
-7575
4995
-8827
-7296
2182
12075
-2828
-4389
-1483
6606
-3073
-3633
-3970
1853
-8183
10087
5275
-11435
-951
-6752
-4430
2190
-604
-7702
-10142
-3286
-6470
-4816
9171
-5683
-1046
7214
-2756
-4722
-4197
-10557
6406
-4942
2694
-5807
2476
5105
-6837
-4526
5840
-4189
4451
-2768
4285
-3695
-6692
5174
-8758
97
8272
-10691
-3029
2912
-5784
2260
5053
6526
3843
3664
625
-1064
-3918
-4872
6077
-6087
3156
2797
6533
-7169
-4938
-3567
-1361
-2279
-7637
-5964
518
-3051
8363
-4803
-9140
-1139
-4525
4534
-6807
6528
1895
6014
3536
-270
3111
-21
-261
7879
-9073
-12116
2919
917
-4939
-4989
-595
-9227
-3983
-2798
3574
10008
691
220
2787
3504
1514
-2720
4473
11042
-6667
1806
-6791
-1532
484
-5464
1487
-4455
-1278
-8667
3506
-2619
-3149
3655
-400
91
-3290
-5662
-5343
2352
612
10697
2664
-1744
5800
-2635
7005
3162
2202
-6219
5128
4775
-5706
-2794
-4122
49
4618
2455
-1813
3371
-1479
7174
6651
-4750
-1356
-2393
-238
-3074
-4105
-2519
-4002
-8552
-7891
5128
14572
2968
-5586
7996
-680
8870
-4
-7058
1882
-311
5150
-6356
1220
-212
-4704
7546
-6155
-981
-8902
-6626
7070
-8
-5758
7381
-1083
25
1864
-8555
12693
-3977
-2503
2490
-1648
8500
6750
2159
-1433
-1107
-5873
-4320
-3174
-1429
6709
1813
6734
-5161
-6
-7073
3102
-5003
-7667
-9857
-5103
5115
10616
1983
-8571
-7309
5741
4102
5923
13537
4572
3926
-1158
-4446
-2118
-4624
-1080
6916
-4812
-10523
14236
3160
-4910
6268
3023
931
2959
3350
-219
12937
5777
10987
-2480
-3617
3571
-8447
9056
5657
-3227
7432
-11501
-8978
-28
-2134
-2449
430
-5010
5780
7794
4180
-2607
-1958
10560
-1297
-3943
-5903
-203
2864
4269
4882
4578
2872
626
-1633
10083
7017
5018
-784
5418
11069
-11632
2519
-2636
9912
6734
2777
3351
11611
-3755
-1852
3943
1733
-9239
11676
-797
-6218
6256
-718
4311
6803
1738
-8266
14032
3857
-4656
16070
-1881
-1583
6124
-1367
-2937
-850
-4339
-328
6618
-6415
-4913
9473
-20185
1830
-12396
473
545
1336
4183
3993
1066
9617
-5705
-12324
9276
8550
-5005
-4360
-6753
-540
13725
1720
893
2422
3022
7921
-16436
3641
19487
-2685
2213
-2223
4917
-5492
-2683
8964
2693
-2832
5412
709
-5208
-5736
1604
-7227
-3375
4015
228
751
228
-2919
927
-3961
6472
231
9170
2171
8492
551
2574
2612
-5942
1789
17976
-1643
3767
21097
4915
-4472
-6675
-2643
-5356
-13837
841
-9603
6949
-6297
-7614
15485
1169
3491
5984
-1104
8016
1881
-1960
-30
14277
19
9035
-14717
8318
7618
64
-5886
2092
-393
-240
-2026
-16381
-345
2153
-5477
9917
-5361
2318
1097
-11869
10876
-3261
-12494
1952
12158
6787
7045
5201
17514
-3587
-9696
-4001
6525
-9035
18526
-6573
-5131
9379
7054
1638
15429
9280
-14148
103
4379
-3464
17801
-7517
-10430
14652
-504
-4954
2044
-14261
2397
5332
-10563
-2985
3509
-16732
1147
-8242
-893
-6642
1859
6367
-8351
-1847
14202
-7542
-5579
2507
11109
-7071
-6348
-9824
-8081
19912
393
8134
6287
7485
15709
-5608
11827
20800
1196
-4828
1407
1468
5337
-3358
10385
8328
4598
3345
-624
-9142
-4648
5356
661
-8804
3680
-1862
-5522
-5021
-3109
1139
-5177
13205
536
10097
-1935
11094
8736
-8662
2068
1367
-161
17840
7213
1045
18919
4768
-10725
-11485
-7909
-5580
-13227
-422
-6226
2797
-9336
-4161
9532
4545
13105
14001
-3774
1522
2763
1581
-5236
9159
-7568
13237
-16056
2768
11669
-2063
-8344
10104
1795
-3430
-142
-17469
-4828
1297
-9054
6290
-8290
-1949
1740
-18715
6473
1072
-16509
7789
-2895
-3235
20915
3251
13931
-1897
8263
9697
-11960
-1865
-3473
-9712
6328
-5368
6765
-8135
-169
-10730
6231
10127
2764
2701
10468
-11380
-8002
912
-3762
1602
-7238
-16455
-5696
7290
4995
4176
-5440
17150
-12525
1421
-4099
9967
2161
3933
-6433
-14115
3506
-1722
-7019
405
6072
280
11746
-4448
8582
20549
12669
4908
2589
-2526
5056
19928
6114
9435
10679
13720
418
-14567
4040
-1235
-1665
3954
7922
-3775
-3275
27973
-2948
-3881
5213
5327
4444
-2856
7854
3342
19232
-1782
119
20807
4422
4441
-2932
-10930
356
2907
-3603
4946
-13361
-1167
12650
-3461
2447
-5375
6768
7788
2380
-4906
6443
6099
-1474
1482
12371
-2905
9531
-3785
366
13165
-17240
-9622
1129
5453
-16259
8039
-873
6408
-1138
9121
155
-18313
-2781
-8006
5267
2707
20707
6529
-13554
5583
-452
-2852
-4429
-2856
-6148
-6327
15076
-421
-6839
733
8199
-13957
2631
-4829
-5324
-6208
4629
2187
-15138
1669
-6571
-10333
-321
-8583
2802
-12991
-9482
-5191
-1070
-213
-6850
5554
1876
-2485
-5042
-3047
-15383
11788
-5362
-16
-6948
-3637
954
-91
-241
3631
-10804
8931
-11187
366
-5771
-5100
-494
-8623
-16133
10922
-10783
-5515
-4683
-5181
12373
-842
4877
1052
5168
-122
-4103
-11882
-11692
6165
-4241
1093
15887
6322
-1080
-10807
-1682
3198
-14883
-5657
-6044
-3745
-751
11137
3537
-9207
-1433
-1597
-6476
-2811
2648
7887
2734
3561
-2641
-2476
-7165
-6218
2631
-15259
-8720
3744
2056
-8658
-3999
-3243
-5847
-2838
-5894
1604
13468
7764
7638
-3624
4715
-2581
-5808
-4242
17413
-483
-5965
-9740
-9818
-2307
-4170
-2933
-3367
-5142
-3359
454
-4767
-9718
7351
4434
-14282
-7345
-7708
629
2245
-1494
12930
5262
-4229
-1278
-6052
3262
9849
-3000
-6902
13214
-5737
-7298
1272
-3883
6797
7061
-8967
-7807
328
-7931
1586
-1727
-3080
4453
551
-1259
2831
-1808
-2062
-5755
-7321
-8237
-6636
1091
-1687
-5250
-1865
-1014
7537
8506
-11805
2194
5596
9135
-1416
574
-8181
-2515
-142
3691
1899
-1802
-10711
700
-8674
-11365
1806
-5458
899
14078
521
5349
-8708
-4202
-496
-173
-697
-3759
-8093
-1924
-6863
-8289
-4155
-612
-6591
3026
1735
-1185
-5285
-418
-2668
348
-8549
-3967
-18796
-5893
3017
-6555
192
-5336
-2891
1351
4568
1822
7452
1725
-1553
-758
-8462
-13336
-12218
-13498
4623
-6260
-13447
6370
5520
-9950
11485
-1726
-7997
-584
-7593
-2133
10168
-2243
9748
-1510
1836
1884
-8798
6877
6212
-3442
-10064
-9768
-820
-4119
6010
-8613
-4292
-11766
7160
-2029
-2877
-8993
10984
489
-1446
-218
-7881
14880
9304
-632
3157
7771
5202
-4382
-6318
11374
13706
2082
807
13140
-4888
-11003
9121
3462
11512
5931
-5837
-3722
4320
-5873
3763
-1065
1901
1399
10525
-5035
9059
-2735
3012
1215
-599
-8412
-6806
5486
1943
-5530
-4738
-1587
5258
7023
-6249
-111
7342
4438
1075
3530
-15006
-209
1862
1177
1926
-7706
-6960
314
-8883
-2206
5594
-5736
-2003
13470
-2204
7952
-364
-7661
1253
-4258
-3557
224
-5951
588
-6255
-5971
-1760
-5965
-3716
9805
-536
-1589
-4727
-2560
-2404
-2007
-3044
2691
-14933
-1881
2009
-11156
-3214
-2934
-9174
-1470
2323
5269
3765
120
-3392
-4910
-8720
-6425
-11857
-8903
3375
616
-4666
1953
5068
-9641
9118
-3899
-5887
-840
-1172
-1881
-2750
-8365
4337
-6615
-126
4499
-12259
5692
-2863
-3310
-1707
-1390
158
-3773
6547
-1500
-1889
-11544
2838
3617
-1618
-1023
5615
4489
-1697
702
-9177
15821
5499
1081
-5703
176
2528
-3438
-7158
7192
4221
1049
3182
-2286
-3463
-5577
2791
7217
-2645
20941
13332
-2251
29202
-4899
7612
7831
-3263
534
4075
-1873
12143
7080
2173
-3379
6143
-13858
-7416
12490
4218
-6564
12055
-11431
2506
17254
5118
-10567
-280
-11452
-2079
11989
-4129
3698
-8519
20695
-4408
-8691
-4894
9621
-176
-6318
-8066
-14800
27735
543
5198
11330
4391
3660
-2861
-324
-2641
23189
-1203
6702
3082
1879
19716
21523
10162
15046
-3201
12884
-6666
-7073
6047
-4114
9229
8769
-839
-6837
-1935
9629
-6741
-675
11316
6528
21527
585
17782
-4332
22432
-3835
-4410
16093
1670
-280
-71
-2921
-1331
1544
-1357
5958
-776
3652
13181
-1638
4616
-8978
5437
-6119
3462
-3860
5233
10099
-5381
14542
2681
-5708
6505
-4591
17439
18329
-10776
-19209
640
836
-10372
8114
-738
13997
-1620
4336
19789
-17361
-4033
8829
12736
3550
20779
4202
-8406
5672
-818
6796
-3395
2547
-1912
-9957
22157
-5837
-5197
9070
3046
-14278
-2581
-2470
-9126
-4529
-4538
-4233
-9203
6723
-15868
-3651
-2392
-816
-4283
-12678
-13407
-4876
-1174
-6393
-9283
12899
-4747
2982
-1974
-1834
-15450
3871
-2292
1776
-7766
-6850
6958
6711
2757
3027
-1208
18683
-10342
-2355
-3411
-7015
502
-1175
-15547
11888
52
-10056
-10911
517
6866
5752
8139
-11242
487
-2040
-6517
-5931
-13599
2216
-6585
-7089
8059
-32
3254
-533
1740
4615
-16520
-5919
-11773
-3626
5918
2968
1866
-3229
9338
3694
-6816
-3155
3195
7965
-3491
13266
-1028
-14578
-9163
-10949
2783
-11720
-5581
5685
2525
-4000
9660
-5814
-10851
499
-10774
116
13424
13759
8674
1813
10697
-7680
8094
-6339
20360
3893
-9414
-4940
-9489
-8330
-2264
-2101
-2657
864
2455
-6715
-3699
-14273
11703
-3943
-10248
3092
-722
-3914
7991
1001
11567
13977
888
-8591
-3732
1910
14371
-551
-7127
22297
-9501
-1148
13075
1241
-4590
2260
-11714
-5118
-8673
-3992
-10710
-9084
6797
16336
-7491
202
-3111
3295
-5380
-8328
-11061
-2626
2577
-8226
-8817
7753
-12285
9117
8891
1858
-13617
-5646
5935
5151
-4544
3229
-4909
6757
5887
2332
8827
11634
-9069
-5547
-8758
-4579
2991
8860
-5350
11194
19621
-1510
-17485
-1365
-991
2956
3882
-20129
-14393
-6770
-8861
-4996
-5975
-5144
-7607
-5634
-2819
-11229
2992
4936
-1033
12653
-12104
-2859
-17158
-2849
11269
-8451
2920
-466
9029
2142
-3304
-1370
2250
-124
-9374
7118
-2907
-22732
-12873
-18469
-392
-512
-3294
12084
5277
-492
22246
-11021
-10467
7575
-15865
-1905
3674
11572
10523
1750
10443
-4296
8799
-3207
10675
5178
-12797
3462
-4836
-14167
10928
-2866
-2966
-3049
13680
-6756
-450
-15086
11285
-13265
-5906
11322
-3854
2765
9528
-626
-1032
18308
11046
-12869
-2280
515
10284
-2336
-2932
19112
-6352
-381
19116
7725
-1205
2294
-922
-3078
-1976
654
-11369
-13106
14069
13053
7633
-1330
1207
5063
6902
3990
-759
-1653
-556
-12498
-4841
4419
-12259
5464
7439
10549
6063
-10237
2092
-824
1717
-1908
-14041
9203
7012
529
6440
2647
-6205
-2259
-571
3918
-1486
6843
1890
6558
19480
6793
-10588
3889
1253
-4629
-3849
-11844
-11255
-5355
-2241
-3754
7256
-1769
2127
6035
-3473
-14629
1927
7635
3012
6876
-7737
12404
-12579
-5991
5352
-13489
3343
6464
13426
6516
-605
6944
-551
-5339
-8182
6415
-2599
-10578
-10283
-13348
1039
6055
7426
3422
2506
6413
18033
-7627
2989
4643
-4779
-9074
-5695
5233
-22
-10706
6413
-2612
5964
-2235
899
7582
-5424
13923
3988
-6031
7876
-3302
975
-5148
7668
-5330
1820
-3956
6491
-5884
-6388
5623
-4982
12342
7110
-1684
-6703
6136
3739
-15433
-3767
-1407
7740
-7399
3317
4771
-6882
5895
13478
11013
10979
3937
-1956
-2015
-1677
-8897
-6976
-6635
4312
2332
14777
1187
-1571
203
5303
9683
6928
3912
-11244
-4206
-1602
-6690
-3612
-1517
6398
10927
9180
-1219
3910
6324
8839
-7713
-10697
-7315
4998
-9179
3014
-5321
-6018
-3010
104
1937
-797
-2861
1551
7789
5192
9102
-1433
334
398
-2826
-5674
-5122
-6106
-5341
-2599
-2219
5646
-12074
2577
12154
4461
-7395
-6332
8558
-5458
-5949
-544
10546
-9115
-2554
-4946
-22136
-1421
3995
2186
-263
790
5759
-4959
-2170
-12152
5756
-4503
-6914
-7276
-7445
-4069
1837
1455
-2383
-1359
-6610
12770
4087
-2962
-4825
3768
-4777
-6279
-5965
-5202
-10104
-6944
-2740
-5470
-2698
-10067
1369
-3150
4775
6309
-282
10267
-2975
4384
-10357
3152
-2482
-721
-1805
1538
2579
-3631
2818
-4336
19732
4111
-6363
-8383
-6738
4673
-7246
-5093
7366
11199
907
7069
-1572
-9100
1567
2012
-937
8659
-1408
15720
-764
6303
-7595
-2164
735
-4915
-3205
12573
-4887
-1618
-4430
12952
3028
6996
1724
-6135
328
915
-2552
6965
-7048
-911
12209
4143
4531
-470
-6760
4627
-4670
-9557
-306
4418
-6691
-8744
-6644
-10824
-247
1539
4461
-9441
-7669
-1458
476
-6092
7975
-1060
1743
9080
-9672
-5605
12828
4965
-555
1207
-5824
6130
-3101
8274
16936
16283
3129
-1217
-2994
-2485
-4425
-2895
10526
219
-4062
-4855
-2379
317
2939
-774
4614
-2695
5161
832
5334
-267
619
-3873
5730
-3598
-1241
-6681
-3910
3536
-2919
-1072
-8387
-1467
10235
6357
-3275
10584
-6971
448
-90
-671
-14522
-8217
-1334
-11800
-3429
-445
-232
2951
-4055
2992
9731
-1238
-8227
5099
-7427
-1336
4539
-3144
1567
-4014
10570
-7134
-11475
-5635
16980
3216
-3838
6330
-10811
-5568
-4168
-5908
5469
6940
-2802
2711
-4569
-731
-1579
-6222
-852
11057
-14788
1073
3619
1475
-8895
-9544
-2799
-16592
-3502
-8796
-10129
-4733
2020
-2822
-18690
-4710
-372
-12177
-3223
-4906
12146
12492
-4344
-19226
2526
-20741
6200
-3856
-10110
-7882
-303
8159
2708
-6293
3518
-7196
16273
-8352
-4603
-2156
-5443
-10389
-9787
-6527
6886
-13251
-18744
2580
-4584
4660
860
2057
6141
5530
8053
-172
2180
-4619
7108
-1987
3744
11759
4375
6276
-7771
8763
197
-6395
-6059
1147
1294
-800
5995
-1553
-1891
6701
-6498
-3712
-13573
-6043
7699
2619
8499
-3313
2253
-223
1170
2072
-10337
-4076
-4625
1695
-4712
-7462
8441
-6700
-594
-804
5182
10479
-118
2697
4572
2935
-4853
2535
-4637
19102
-5639
-7307
-7244
374
4678
-9836
-427
-6727
6093
-7578
-2882
-14622
-5567
5411
-2500
-4076
-4225
-1611
-2552
7681
-1796
19906
547
-6671
1095
-9274
3498
1814
-4837
-9955
13100
-4968
-1965
-4575
-1768
3804
-1269
-7923
3118
4007
-6801
-19315
-6432
-1963
-186
-3428
-7055
-14455
9050
-4493
-15585
-1289
8968
-10897
-7265
-3968
10768
12890
3020
-12769
5479
-24481
-4186
1143
-9324
-7708
8569
-639
1214
757
-9072
485
12042
-3356
-8557
-6290
-4227
-11116
3290
5594
-2930
-229
-14464
-996
-10903
-7439
-1562
-97
1100
-7319
3155
-2295
6685
1946
-4486
-213
2980
2470
-8884
9418
-1248
6822
8460
-2159
-7958
-2192
7090
4750
-1360
483
2784
5573
-14359
-1716
-16344
-10747
-3143
-6331
5047
-6952
-4807
-4321
1576
-3055
2100
-4467
1362
3784
-1779
1743
15709
-8376
9155
2786
11518
1787
-2417
3612
7863
-3219
-5457
4588
-3405
11774
-4628
-8518
1354
3562
609
-674
962
-5433
7578
2499
-207
-14238
-6268
-1920
-11622
5507
5028
-6904
-4050
8333
-5376
7753
59
2194
-1402
-10438
3668
-629
-4921
-7911
9318
-2721
-4584
-4554
3648
-651
12025
2233
643
13152
-24
-12941
-4529
5490
-5718
5728
-2638
-15140
11222
1525
-5063
6690
11286
-10174
-7543
3231
-2445
21160
-3633
-7837
13983
-5941
-5703
-1911
-9399
-2032
5287
-3754
-4279
1994
-13296
682
-3949
2511
-5661
2395
-4341
-13218
4357
21835
-13602
1432
815
1706
-4027
-11625
-6391
-6153
14037
-4469
4880
7596
6094
15670
4871
9595
6443
-3
-7807
2286
2299
6606
5866
7091
-1485
3750
2231
685
1660
3090
2558
8238
-8716
7101
-7332
-3272
-10238
1148
474
-4627
8879
2201
8870
-784
7664
861
-2533
1584
5252
-1521
20426
7814
6864
10677
7532
910
-4499
-589
3345
-10552
-2816
892
4693
-918
-3516
622
309
11875
11808
-4114
-5433
-470
4386
1245
3454
-7989
7063
-12215
-3493
15601
-1835
-6890
3179
1855
-6361
7189
-8070
-1242
661
-7329
5513
-1901
-2966
-707
-3949
7124
-6344
-10173
2251
4853
10358
2306
-3711
2681
-5493
3066
0
-1533
-6923
7780
4876
-6805
885
-1667
6992
12574
9760
-12118
-4669
2757
-16301
15129
-12025
-3457
9585
12309
7473
-1741
1666
12482
-8495
5241
-16458
-4985
-6381
-949
-7656
5168
-6640
7646
-2671
-5587
-4718
14358
-2970
-1934
5341
2881
4721
-5547
-974
-6067
8784
5270
1721
7597
681
9655
6445
5428
631
6843
-16
-10886
5438
-2998
-10055
10993
3842
5956
-1634
-11489
-8008
-921
-1129
4128
-919
8217
62
-2150
-4494
1647
3314
4914
10349
9684
5698
-2942
698
1903
-12244
-4386
-164
-5316
9889
4512
-10259
2785
-182
1172
-4427
-11237
3064
-10033
-3628
-1483
2555
-12934
-1837
884
-6753
13949
11490
92
-5974
3772
-4659
-6673
-2005
-395
8373
-5736
1257
10695
-2801
3403
11192
-4455
-8578
3336
-9832
-410
3959
1930
5616
2659
3117
7498
-6844
679
1262
-9022
-9457
-7980
-20786
45422
8265
11079
7245
6655
9576
-22297
-4777
-5674
-13558
-382
-15910
25186
-8238
-7651
-11155
18338
5451
8893
11599
12595
-12706
-8008
2070
2941
8799
-13541
-24785
-9483
-6852
5438
18859
4151
11436
-26785
2998
-11454
12495
11506
8673
-17707
-13437
-17382
-11561
-16554
4711
-4048
12197
29019
-14212
5447
28603
27890
6048
5024
-10706
-1267
26453
16613
8970
31487
18474
8982
-21962
9712
4468
-15702
7305
14885
-11136
-1016
44750
9749
-1667
5398
20334
-9679
10411
14247
13938
23345
-352
713
25260
1896
7490
-8269
-19032
13306
2916
-2891
4958
-15681
2360
29318
-1217
8743
-14027
16897
25064
11790
-17333
5665
1176
-3682
-6794
23888
6632
12168
-13625
-12828
16593
-27071
-17988
6149
7098
-9785
7300
728
5393
-1843
25641
-18601
-32421
-1257
-6580
2926
5849
32712
4438
-23954
-2875
-2162
-8818
4681
-9992
-6520
888
12793
-1355
-5253
-856
