-1482
-3042
1673
-1420
1306
-1343
3908
-1422
-1606
653
1162
4092
-471
-2531
-427
-2463
-311
756
-1279
88
-1473
2938
-236
1739
-1204
-4133
-538
-1569
-297
307
5476
996
-1425
1120
302
1882
270
-697
699
-1072
1338
-892
610
1200
-3952
1626
1364
1055
-843
2070
3989
359
-4227
1975
1358
-335
-8379
2502
2676
939
-6013
432
-1702
-4659
-1050
4140
-4196
-294
5098
-9702
-1022
2725
-2519
-3754
2862
90
421
-1129
3757
-1350
-2575
3494
1175
723
-337
-2252
-970
-3967
3041
683
-3130
-409
-1419
1876
-1029
1216
-3362
-1073
1479
-1590
-2174
-1838
2772
476
-1039
-1822
-1899
4266
-1242
-227
-546
-2962
-974
1160
-2444
-736
596
-141
-573
-608
3513
12
-447
3702
-1608
3192
-2107
-199
-4328
1208
4899
-2678
-106
514
-485
243
-3426
3140
1732
-2004
4427
-5785
3601
114
-1979
-5552
-2118
-2418
-3493
-1397
3657
-2382
-4854
1158
2314
-3714
-155
-1956
-1741
-2781
3233
-3548
-1783
-3901
-900
-3975
-883
102
-1935
-3374
3785
-3940
884
-2717
6443
-541
-3397
1498
-516
5613
-3282
-1649
-583
-5937
1348
767
-3296
-153
-588
1585
-6067
2096
1010
-1836
646
-1120
-508
866
3917
-24
-1501
3043
50
1187
-614
-343
191
-1630
2145
789
-116
1893
-2414
27
-810
2547
-2623
1095
4966
1793
299
-938
894
-3572
228
5175
1665
-381
-1721
-1031
-1478
-1260
1291
4625
-4999
2104
1246
2319
-249
3912
-2870
-3593
-1742
-3392
-4
-3422
-940
-3477
1524
-3630
1414
1096
-437
-2632
-2152
-2155
77
-960
-2793
-2816
41
4808
1110
-835
-4944
-7767
-2817
-7642
-5586
-7330
-1701
-3105
-4386
-1705
-1186
348
805
-2914
-4149
-7381
2424
-5600
-3905
-8939
-40
-6544
-4782
-2526
-1394
-4127
1195
-362
129
-24
823
-3243
1023
3342
2887
-1326
-1355
-1526
-1243
-3068
2890
1794
-2142
1176
262
7559
246
2685
-541
-3124
-1575
-2062
-1392
-764
1705
-2336
-4833
2115
2625
-2201
32
-2612
-1308
-1819
1591
-1795
-1547
-3126
-540
-7713
-749
1863
-1515
-5267
-3177
-3108
649
-2757
2343
-2992
933
-4080
904
-1620
-997
-1945
-1127
-2079
3311
-3511
-2010
-4049
-1215
5215
-701
-1869
-149
-1475
-1021
-91
586
1338
-207
-731
1425
-2318
1332
252
-2358
-1103
305
-2109
230
3356
-1471
-1095
2908
2498
581
1002
4005
-1430
-2271
2611
2150
2434
708
-1332
2578
-324
4016
-3167
1760
-993
479
1873
339
1512
2463
1158
617
6516
3018
936
4775
-1100
2161
5674
3421
5823
435
4893
2988
7372
3303
789
3501
2811
4194
2216
-2193
4179
5458
7790
-3257
4051
5866
1414
1509
-2932
-5653
2646
1743
5016
-1765
128
5518
-361
4113
-6743
740
-369
2048
2383
2449
377
3313
4084
-2442
6500
8260
908
-3508
2666
10059
3687
-7668
3217
-279
-354
-2611
9349
925
3889
-1152
3269
-1670
-1494
-3050
10625
-7281
2099
7519
-2632
3624
3805
-2533
254
398
-2601
-4088
-2974
-2265
-3069
470
-6258
364
1187
-1625
-2250
-2431
-2493
-1817
585
-4355
-5865
5832
2923
-1392
-2416
-892
-1314
-917
-3174
-17
-1709
88
-2128
-262
-4681
796
428
-4367
-2899
-978
-4579
2563
1100
-3947
-3943
3389
2218
-3356
-119
-256
-3713
-2154
-2324
-434
133
3066
-2085
359
-1583
1537
-818
-1722
-2300
-863
-2204
2545
-378
-131
80
-1210
6215
180
1464
-1982
-5185
-5148
-2982
2839
-387
117
-2923
3632
-2020
3017
-2165
-2737
-2489
297
-1227
2369
-18
-202
1233
-3285
4818
2825
3303
-1476
-326
1450
220
-5880
3030
-2063
-378
-3897
1233
2476
-692
-5100
972
-851
-3835
-1082
4821
-2833
-1592
6278
-4328
1092
1880
-2841
1917
6426
278
-7328
-680
-191
243
-7625
780
1098
5301
-2116
-760
-1360
-4486
-5315
3983
-4422
-4196
7277
-7426
-1343
-1273
-1579
-3732
-1992
-1934
-387
-2372
1855
-3006
69
-1605
593
159
764
-2511
681
-852
1801
-4882
44
-2974
-1436
2149
-1456
-655
-3366
-4161
-2511
-5119
-4089
-3547
42
-3518
-38
-3297
475
522
-1599
-2852
-641
-4109
4114
-4386
-3695
-4482
-556
1299
-2109
-802
-1445
-4287
-1165
81
-2490
1458
2672
-813
-5020
5156
2680
-2994
-1145
1009
-1643
-732
935
-155
843
1338
-2537
-5220
4248
3455
-4330
2070
3500
-257
-1804
-2103
-717
-2568
-112
-3332
504
4396
-1116
-2723
-1419
-48
-3775
2532
-4155
-2542
4585
3907
2215
-845
2324
-3265
-3618
-1111
833
181
1990
-7
788
-2216
429
957
1321
-1517
1849
-683
1525
-2080
2775
-2157
-244
1741
-1896
-48
-3208
-5604
-1592
-6083
205
-4472
-1126
-2569
2240
-447
-2138
3599
1035
-3314
-1848
-4833
1542
158
-3546
-2980
-2064
713
-2466
850
-3007
-5610
-891
-3184
1129
-3741
2094
-1788
1827
-2687
-1412
3212
-532
-1753
-277
-3864
2958
-657
-3409
-4036
-1247
4360
-1844
-854
-5039
-3239
2414
-1857
-1386
-2400
1332
-1935
280
-451
-2803
3625
-2623
341
-2812
-4560
27
3870
-5041
-1577
1863
2626
335
651
942
2433
1773
2889
-3385
1015
-2334
-1231
-3824
-1434
4094
-1176
-158
-1015
-1660
125
-5307
3514
-1382
-3400
6652
-4175
3058
-1572
3618
-2048
-3350
2326
2327
3431
-189
-756
1542
-1562
3810
-3803
2107
-1566
224
2409
-595
-256
3776
600
441
5600
5349
-498
6504
-2067
-5386
5609
3600
5389
-3389
2998
3484
1042
5901
-6459
4390
71
3406
2800
1476
56
7102
2789
-1956
2760
5797
-144
1244
-2203
-3275
3284
3928
2483
-844
3210
3589
-176
4237
-3676
2596
649
5462
3719
2467
-4236
2845
396
-1981
2222
3734
-2603
-1165
6498
10342
5973
-8599
5191
-1655
-1216
-3427
10451
2063
3277
-863
3195
-1980
99
-3833
12342
-6863
4138
7783
-6064
5449
6036
