-41867
-8044
59563
11700
7539
-41682
-15581
63289
6221
-21139
-31123
-26
-34452
-6497
49855
20052
16357
-24126
16982
2779
1149
4324
-21211
-21319
28142
-19964
14556
56106
-45465
55307
4910
-7765
695
-10265
-12484
3227
4833
-22248
12879
23893
16637
27657
-11373
11653
2889
9349
14480
16495
-22581
-5905
35261
13655
-16908
-12400
5970
-26726
-17974
9035
3463
-23378
-649
-9905
-15823
-38327
790
-6674
-37852
-3867
-24653
-44593
12486
7794
-21519
-33272
-7882
38384
-46822
-871
-26720
11798
-12572
16107
-5763
-32422
-2370
-7370
-40165
-13142
-24384
-31811
19873
8636
-2623
-2538
-15011
-3724
2251
43027
-26388
57992
42807
3843
-7435
-17008
-13338
-31549
-10400
-28316
-19393
13260
23786
-13723
7605
-16219
47030
57121
-16927
-15759
-35492
-27223
-7523
-13321
-15149
8070
-2157
16854
-32682
26788
-18622
-40319
-695
-16799
17910
-39594
-24172
23541
8070
-13208
15907
-13860
18912
-20047
-3815
4318
-13930
25842
2614
1701
-3714
34208
-39877
36868
-8136
26650
-30866
57741
45001
-32142
-14766
-18607
9103
-420
-23106
-13934
37570
-17335
45705
-33475
-21082
-20949
9900
6138
391
3957
50689
-11673
-9308
-11672
-9187
28069
29478
-17936
-16994
10089
22480
32986
-7514
68609
25091
11402
-27439
-41162
51769
-2253
11718
-12179
-22515
9081
18369
39380
-15141
-11390
41461
-12977
78108
729
-24114
15965
6735
2321
-25276
10597
12426
-18182
-48240
-26767
11607
-4291
51138
33964
4062
7439
-19774
-15159
36973
-31662
2259
21429
20360
3496
18146
-7969
-7543
-1165
-17372
-20616
12682
2733
-28831
30493
-21303
24679
18156
-2803
-48376
1376
21078
30436
-19979
44725
1949
56852
4864
-1746
-26629
3523
6111
15615
40835
30789
36379
-21830
-14353
-35369
-26617
-26608
-37135
-3805
-11359
9062
20117
18184
-40309
-14862
41096
-41020
-15474
-6730
-2693
-40236
5851
-1634
-31090
-21661
-10714
-36102
-13088
-22877
-30237
-16463
-21964
31282
21675
-9832
2642
-20142
-27715
-1664
14870
14128
9512
-42361
-35303
23965
28656
25030
-17691
-12924
-20896
29652
-12696
2782
14825
32849
-28439
-3680
22635
34796
13275
48087
18824
1063
-26596
68383
-13245
33059
-8538
7874
51776
39222
-39083
74246
25847
-21392
-25752
23749
-58888
25934
-24627
-12583
8197
-40499
-22381
9450
-46951
-4867
-9202
8066
-6143
13391
-38470
-28342
-5182
-23547
16411
-39778
1605
-1096
22732
18682
-13158
30209
-10775
-32647
3067
-5167
13488
-16201
16330
8905
-19327
17980
10556
5444
-2898
7528
-22578
29333
-10176
-17059
45130
-4851
4433
-42702
-5082
36110
-3841
-47510
37013
7900
7371
-6836
-12591
13422
18449
-9437
35101
-22371
-4335
73096
-4390
38713
-19267
31873
15217
4216
-1873
12697
7130
-47450
-26369
-11785
24673
-24765
-13813
17035
-6578
11209
-31748
13514
-24671
-22018
-13378
-11397
24663
9112
23276
-23158
13751
16653
-23451
-2173
3369
15359
16208
4857
17651
-33976
17253
2963
-6803
42866
-1750
3651
-309
7262
65736
25252
5139
-854
8059
14115
-27061
-30084
17085
15011
-9392
2482
-23678
-10837
15503
-6877
-2690
-32888
22948
-22309
22715
2357
5389
8982
8815
29724
-20720
53064
1047
15204
-27091
-12305
17745
4585
5368
26411
15663
24790
20460
-1525
-25783
444
3108
-4773
7533
18829
17317
-8800
-658
-12358
15491
-18652
15682
11550
-44300
-1856
-2650
-26022
-29604
11017
38569
13341
-42100
12030
6769
-39710
16922
5090
-29832
10107
-16302
6766
-27621
-28040
-29538
-25674
-3890
10889
16184
-9358
-64095
-14564
-15121
-11786
-16372
2386
-6104
26975
18022
37809
19310
3505
7911
32828
24963
-4647
19655
2669
5056
35786
-736
-54442
-16466
-12558
-11244
17921
13208
39263
2873
-58372
21924
16176
20185
-9703
19116
10805
27943
10155
-18645
13470
-43765
2283
3501
-44565
-6344
19343
49
27884
-5991
-51242
10753
-22003
10669
7180
-6146
-9897
-1281
44172
-35341
12458
15368
13009
2115
19922
8639
-25640
6933
-3820
23080
-6258
-7353
-48513
11626
4862
-3668
8844
-16213
-3671
19095
-16077
-50597
-9684
5700
20242
32406
11926
3370
15320
16591
30053
19004
6278
-28376
-33898
-15078
-4517
-14564
-31785
1847
4010
43635
27121
21052
26669
3228
32451
-17841
-15696
24275
58265
39674
977
-25036
2247
-4312
27208
18447
5263
1360
-25050
22666
-29113
-32958
37555
-4472
32501
28370
-27578
24924
6008
-15306
-16539
18146
11140
3340
-17300
-3184
-9686
-28042
6383
1554
62091
18677
11729
43439
-12906
5861
-31067
-11347
23154
-5911
-11927
874
-1302
34635
2223
-25005
30724
-49791
-13166
-6445
-35497
-8134
-14948
-17676
-32058
31642
7346
-23401
9263
-16110
-12424
-33165
-2159
29366
-22572
-10320
-12202
-17171
66997
-22348
-9184
29946
-4093
-18903
-9290
14517
23060
-7745
3200
16701
-12562
-12673
26708
4284
9021
-17691
-55635
31307
-16913
-172
4155
-9062
10172
15348
-626
38310
-73966
12733
1437
-37942
31092
-33329
-46622
-20795
-27676
-50152
-40822
-50886
-46063
-17695
-18534
582
16370
-2665
-16924
-10522
19209
1430
13088
-36199
-55655
-19378
-11778
5071
191
-15471
26379
-35636
-3179
25928
-15811
5053
4820
3776
22931
-7982
28135
24414
-20408
-24493
26242
-203
-108
15263
16489
53693
-36295
12044
17215
36599
-25578
-18927
-30511
32063
19230
-39238
6022
-5450
-5137
-2333
-45757
15816
-18714
4050
42415
-1309
48592
21489
-6348
-2788
6276
20775
-44132
7341
-7428
26244
-8900
-44634
44372
-5734
26955
2196
23210
12136
21069
-9361
15640
16085
2362
-10451
-17932
22771
579
8072
12934
11995
7580
9472
11034
-3865
-16690
12584
-7181
-27390
31364
1281
-1362
31109
23166
41789
25068
15765
82
-3378
-3076
13472
-33494
13407
19694
-14627
7067
2229
16970
2114
8354
-6497
-20156
28046
-22210
19348
6210
-3288
6451
15333
16025
-22004
49860
16845
4746
-29469
-39279
29051
27136
32565
15364
17310
-3950
15658
-2468
-28802
-5252
854
38754
3317
1905
17015
-23205
6792
-25913
18758
-31145
20847
31577
-24738
-33853
30081
-19706
10180
12242
23028
14328
-33915
20676
30021
-25147
25626
3677
-4264
7557
-13197
-4000
-23009
-26476
-24689
2126
-21412
14092
37899
-19564
-54579
-31336
-22193
14150
-9010
-3890
24538
6895
20032
42169
7143
662
4624
27537
20755
2349
24543
3951
10006
22728
16055
-33330
-5533
-24163
-16498
5984
17249
44302
6438
-31932
14206
10626
27908
5290
33461
3809
39112
11251
-17789
6663
-24614
11244
8080
-20621
-11785
21501
437
23277
-12971
-52935
8626
2745
-21147
19529
32475
-7041
23154
17425
-31001
8554
33559
18206
18370
27005
8369
-28274
5757
18410
27663
4625
14063
-26585
22863
5308
-592
-7428
-16555
17279
-20877
-20523
-54321
-27019
14836
12704
44226
14137
10321
24732
26436
12797
33127
3013
-15968
-32916
-29715
1654
-17386
-29184
476
6855
19357
23838
26315
22312
16132
38278
-13000
-25623
43532
34535
49192
11955
-33125
23703
-1940
18622
17717
1847
17445
3026
15558
-10068
-46098
28555
2705
19646
27787
-26127
11504
2051
22200
-31909
28002
-5461
12755
-42664
-5932
12867
-35544
-8952
-2106
47612
15570
12448
30643
27732
20621
-24182
-17967
833
-27236
-22203
25517
2630
49998
-11808
-12466
15477
-57973
-7473
-9064
-53153
-20777
16112
-8709
-7197
21089
9698
-14731
23804
-9979
-7622
-19271
-24908
11927
-45630
-13129
452
-10994
27925
5491
11315
21465
-17686
-1096
-18177
25968
27718
-6353
-8785
10601
1908
-9453
1233
41804
12703
-22633
-34564
25101
-29722
6398
12499
2583
30189
4900
-1611
28430
-81850
-7232
4109
-39768
32033
-43343
-14247
-26529
-37341
-36293
-30319
-42377
-38421
-8510
-23282
2789
22149
13912
-14476
22033
25562
14914
-7126
-55375
-50659
-18921
-22751
10661
-1431
6749
19904
-44433
-3280
36259
-23755
-2823
13302
14543
20398
4429
31992
20979
-25193
-38968
-9399
6636
-5940
23167
21453
51962
-31367
8586
7755
20208
-25249
6460
-36470
38085
3824
-38344
-14870
1175
7092
-13331
-32162
16014
-16913
-13919
10657
-7737
26492
10138
-8549
1273
18866
7188
-25467
12645
-6279
14446
-2880
-9549
5861
11202
9757
8472
8564
12037
15423
-10655
648
-4438
9527
-137
-753
-9294
782
8254
7370
10704
6610
-11880
-6367
4417
-9500
7130
1772
-12212
33710
-3953
437
17664
-2072
13434
12409
-5369
4801
12322
6805
5005
-7094
20274
10505
11539
11645
-4228
3629
1344
7694
-14023
-7264
25725
-13368
12538
10105
-9311
12394
-4107
6700
-18812
21748
12815
-9216
-10790
-25405
19835
8723
19010
16122
10969
-8888
14885
-7290
-207
2945
1340
23319
6155
-6911
23437
-1005
-4911
-2438
22754
-637
12735
28413
-8076
-10340
13807
-16526
2561
-1399
18225
-2671
-17269
8155
22966
-8673
3279
-7974
13037
10473
-7324
-1767
9631
-22957
-246
64
-16280
-1053
27609
-2581
-12419
1922
-21423
6957
2952
406
15561
1956
7576
28084
2349
2220
2382
16130
5122
-9651
14278
1887
-4541
7437
21664
-18716
1132
-3712
-15937
25582
11875
36371
5353
-1410
18787
-906
12420
-1942
6964
-884
20269
-3287
-392
7768
-1223
-3669
3109
-14058
-3386
13693
-4145
20064
2681
-20469
2984
15874
-8033
17067
22856
1751
17948
29756
2653
10113
6127
14912
6373
15432
5626
-8602
10432
2782
18248
-308
15894
-11197
8073
5867
-10975
-12189
-1370
-7122
-8214
-4157
-31556
-5033
5604
5157
17886
8347
3011
19149
13112
15551
15420
-13079
-7132
-7588
-16374
10697
-17042
-21303
4005
4966
17315
24099
13488
20825
5039
17824
-2486
-15907
20542
34690
25313
6791
-8207
11469
4
-5114
8114
713
13131
4403
19779
17861
-23973
1734
-142
12823
16795
-10490
-14283
3075
6656
-6138
17437
7702
4653
-14725
-2080
22942
2138
9085
-7841
19930
8469
1878
11074
3279
10272
-19039
2365
-7013
-7598
-1977
17559
-3334
30422
-4039
-3018
-10625
-16937
9816
-6367
-25686
3395
11293
-15557
9179
14164
2379
-5514
20904
-4286
-1531
-5888
-11965
11354
-27380
-13121
15661
5753
10931
21721
8651
11231
5825
-6116
-16239
17044
9761
-9326
4527
4959
3570
897
7017
11257
7298
-8531
12297
5272
-12798
3306
8393
1123
8085
4559
15693
26719
-38012
-9601
6609
-29298
19312
-16880
-1701
-6618
-12110
-11493
-14350
-9986
-4859
399
-1212
4525
11358
963
-433
7793
6010
12042
9912
-21384
-18754
-12800
-12004
4687
10133
7650
12409
-19152
69
27095
6991
184
294
-4410
2737
10290
16371
19323
-7127
-9506
510
-4203
-4228
10302
4186
28278
-15995
7562
4713
31582
-18700
-2932
-7472
25481
3819
-23910
-4357
6487
-7977
-6670
-13376
-1678
2525
12698
25734
-28922
33537
5782
6995
1803
-8576
-12769
-37892
18444
-16912
17949
-16206
8833
-13080
-7440
28630
-13736
-4637
-23446
8119
-10682
-3112
-10470
24456
51474
-623
698
-26744
-35110
-8737
-9297
16515
-26590
-2328
3132
21237
7357
8317
11666
40503
-2714
8651
-8029
-11617
11079
-2168
-8612
18364
-4094
24528
-29453
-26797
-3552
4464
2605
5625
-26102
7608
38790
-973
11377
11484
6159
21013
20593
-8964
37152
38047
-4596
33058
2094
35245
-9145
-18711
27614
-15298
1355
-11133
-11790
9371
-2600
14361
6393
15445
689
-10057
-4548
3697
28930
7291
-10206
2636
-17253
-16040
-6735
-15320
-1494
-10137
-47288
20366
-14516
3942
-57496
-6543
26742
-953
-24867
-6715
-19424
-44168
12157
6922
-16554
-19780
-19067
30417
23670
-39172
-15360
-46770
23809
-1825
1997
3109
16236
-13984
-2549
7164
3757
14699
-33361
44959
2860
3951
2049
11234
-6602
23929
27483
30200
-1975
6532
-17929
30182
8564
-48815
-29626
-12931
-8034
41289
13567
1817
5295
-36362
18316
6388
9533
21040
-15602
3144
2739
2240
-4020
-2638
-33734
-4292
20716
-6212
4312
-3496
3752
-1517
-4970
-21361
12492
-42640
38989
-6019
-22275
2234
104
26946
4134
8240
2591
8275
-25271
2883
7897
43772
-11651
-31021
-5912
3851
9718
-44426
-17760
-21561
7150
4397
-10637
-13583
-3238
-702
-3196
-18142
701
5782
-11460
-4788
-21228
5018
-4266
44257
1007
-14786
-36901
-27671
4339
-14775
5368
6945
19736
8235
30392
23503
-9461
23752
-21120
7050
-8305
1520
-2928
45526
23727
-14734
36087
-30064
26852
-11984
-8112
11830
6433
-28691
32362
-19317
-19501
9817
-22979
10149
13355
-15543
15230
24723
-22945
25170
6458
12444
-45005
15926
2832
6435
25848
37276
21908
2215
29554
-16540
23488
-31247
5866
-29426
4473
40059
26928
-7902
10165
-4866
12261
11387
-23997
9069
-24738
39824
18275
-10933
23756
-4982
-30629
3378
5858
-7659
-24791
15978
11623
-12442
-55466
22105
8591
8681
-15192
478
-11104
47251
-1789
-11306
6188
30514
-24823
23505
-19634
-12190
7494
-17909
5799
-24750
-21404
34116
-26207
-6419
-11103
-31938
40756
-25644
3344
10500
3919
-21419
20245
15064
22987
-34886
27732
-22382
11846
13117
-27216
-32367
-6426
48470
-17406
-34731
6358
-6467
-28511
15341
7160
15638
-7165
15649
-12777
3663
10051
35998
-32543
-53952
-27012
-14575
-11070
9330
-4581
58031
3989
-547
3905
36174
-22295
-28891
-36080
3468
-837
2133
13215
-13730
21223
6191
14891
17394
3198
6985
3438
3939
-1358
25911
36301
-10673
-27759
-20592
-1743
41148
-38829
5721
-24143
-26076
-150
4233
1191
-3797
-4562
-27241
39582
-13194
-19288
-19743
-15383
-10017
-3092
28070
-29311
-813
-41586
-3967
17846
15982
-4147
-26327
24183
-16209
1714
-9930
-4281
-13911
7430
-11592
-19887
25224
-24679
32446
-14755
-18359
-23956
-20326
-1712
-582
-17973
-43573
-11077
24542
-2383
-30501
-30662
-15990
-5173
-4058
11689
1585
-1669
-5784
17286
-19235
-20360
-1401
-18438
-44336
-33718
-24754
10952
-6585
-17787
-14922
16724
-19113
-30313
9414
-40888
-12902
4083
-48596
29018
-14822
1809
-58367
-21632
13242
-18209
24499
-17615
-1474
-15553
-14008
-7388
-20460
-22710
-6024
-2608
-7596
-17088
-22589
-8877
-21643
-27658
-26310
-13001
-13581
-6325
5891
-35271
8842
41932
-9814
-29311
-5262
11567
6836
-31893
-31356
-6372
4274
25231
10718
-8176
-15918
18412
15787
-5704
6665
-44099
20152
-15182
-8346
10379
1021
-33582
-8540
-27745
-4815
-316
-57048
12233
13800
-1310
-26782
-3461
-16764
-8993
-3345
-2901
-30964
8189
-1683
-17524
-16618
-4809
-20332
-20959
17533
-2053
26669
-8966
410
-55549
-21843
-6896
40560
-6943
-37297
-40990
-4481
5713
-2472
-32808
-33551
40811
-29011
13898
-32753
-22005
-19467
-11421
-8493
2079
21579
28160
18007
-9199
-9474
-17484
-13114
5948
-33805
-33948
-28510
5321
11554
516
3334
10268
-10471
-794
-16279
15978
-1683
-444
-15368
-20578
24853
11146
9624
-4988
2819
18520
-10786
29750
-42154
3484
-422
-6462
-11729
-34862
-3882
9543
-143
-37511
-22390
-5123
1793
40895
25117
-12038
-28507
-18185
-4231
8597
-34315
-25803
-13929
7815
-27083
14840
-12738
10225
-34363
-14717
-12965
-19959
-324
-24652
8544
-17945
21592
9752
-11269
-35337
14306
1636
-3787
-6027
-11990
-1261
9272
-9533
1941
-18267
-9142
-1258
-22197
10675
26681
11891
-15298
-1763
-57248
-25406
-31321
-13950
-14994
-27994
13457
-11954
1527
-38245
926
-6169
-27691
639
531
-14334
-21021
-37929
-5018
-10664
8918
13050
-43355
14141
17353
-33677
-17423
-1045
-1554
-7224
-523
6214
-29871
-21988
-17524
24263
11484
-257
5994
-4365
1047
3740
-14250
-32829
-4039
-10430
7915
257
25786
5424
16300
-7742
9762
16349
1184
6956
-4418
3329
-6297
-22944
26739
-16753
35510
-18464
-23367
33465
9009
-29498
7674
-17840
27728
-17715
29826
-29799
-11040
-7904
5262
20498
-39206
-13833
30011
-19645
-25344
-3839
-29601
-29376
-31882
-22942
-14197
-1446
-27636
-34387
-38276
31209
24392
28566
43469
-7194
2937
-38170
-43586
14322
-11297
-25569
-17423
3760
5384
10229
12502
-37160
504
-25164
-3544
-26703
35329
-1254
-36858
8405
-6648
-22328
-104
-10549
-10816
-10414
-23197
45622
16594
787
-47645
24742
7532
5959
14433
17470
-15649
13129
39985
-7049
19336
-53551
-11648
-6402
11901
12664
-14442
14941
5924
-23422
8859
35775
-25560
-31067
8650
20609
15071
-22996
30710
-36085
-37127
-9328
29480
2813
20275
-39271
-24300
34658
263
-35926
25951
6801
2787
47941
25631
14380
-3399
-29883
-16049
-22700
-25269
10114
8633
-4369
17968
54909
30490
24094
-5022
34153
-8470
112
-29142
32832
28982
-10436
-6378
-19197
-3818
15682
-18174
-20847
-26433
29276
18931
27761
20952
-41177
22031
2369
-5677
-47948
40938
-16542
25101
1763
880
37788
2707
-9400
3104
32349
32692
28894
-27303
-17805
31230
34366
12179
2859
1452
51533
-86
26355
-18262
26529
-12511
29118
-14274
-38274
-38260
5202
-9616
-17985
28006
-1852
22671
20762
21127
28050
-12684
-10022
-9740
-22425
4087
-515
-29658
-8316
11507
8590
-28410
-12610
26302
14546
-29458
-32873
-8273
118
11158
34832
-15828
-20723
30177
18892
39399
34315
-15694
40066
29379
9198
-34556
35784
-31045
42481
-33969
-4784
7004
-4194
-12368
3252
-856
-38222
30632
16070
-15663
-15213
44413
4735
-15266
31080
22433
43277
14676
-40559
14523
-36490
3779
-729
23683
-29548
29851
7281
47723
14043
14720
45051
33251
6199
9494
4984
-12283
22091
42594
-23376
24022
6154
-19456
40660
29579
4588
-26285
3215
28607
24198
-15693
-21200
-52139
34625
4058
-28403
8732
-21758
36932
12878
-26560
-5555
-13870
13044
23166
55282
28616
27316
16935
28166
15472
46073
13421
-10254
-29992
-10004
-8394
-13250
-8734
-24456
41156
6015
-22551
30207
-3835
24922
10918
-33234
-25197
32328
38068
11612
24550
-19408
-6217
-28429
18497
25940
5393
8028
34059
-24964
-49380
24987
-9387
-9509
-28135
8599
-9561
13925
-19902
25095
-30205
26383
21611
12390
-20911
-7920
12624
-13961
15472
14169
61887
32658
27633
-7373
-16391
27132
4922
-23873
46880
22795
9642
-11169
10956
-3721
421
20464
61828
-18125
13782
-27049
13486
14603
-2005
-6178
-60809
26591
16429
-47133
7232
-6225
5864
-26333
1215
57803
-10772
25585
5040
-21798
39367
15307
-12224
34589
-19528
22444
-44231
31892
22386
-14719
1880
-7688
-20797
15261
-20817
2852
29295
-8098
-63572
-1414
1518
4491
-18672
9305
-12955
28140
1223
251
-12704
-22716
17531
2285
9857
11377
2126
-4430
-27273
-44501
-50954
-10038
-9714
5328
-23348
-24213
-13296
-1808
12690
-9028
9092
-27441
29627
-19260
7612
22639
-7654
22273
-250
-21233
16409
-33162
19760
3980
-34209
21091
22417
50170
10232
-45491
40044
38597
-20244
-25693
18002
-19986
13608
-8262
6195
3600
-7867
28535
-33599
43936
6381
-32464
-19597
35408
-18003
19186
4930
19038
37715
15285
-15577
38424
265
12608
-3340
-41391
-12450
1970
15016
25109
-23998
28844
17083
10686
20314
30101
-9939
-32629
18369
10984
3069
36500
38483
314
-16002
4906
39805
-6588
10712
-22633
-30923
27208
-22383
9197
26536
-2829
16629
-4776
13484
-21504
37704
-39227
-16839
-20974
-45522
-6895
-7159
-14773
9213
-18934
9896
52969
-9412
9011
-14312
29279
-14248
11694
15779
8693
27153
13210
44170
11173
6144
-21716
11457
18411
184
-1416
9423
-21219
-376
8168
-31266
-26483
17165
21396
17367
34138
9802
17681
23075
10196
17910
20341
11438
6100
-15785
937
13002
21987
24849
13620
-8805
24214
12480
35587
-20798
24283
-18174
54762
-19854
-18678
-48281
31567
20871
16682
18473
-1242
6429
54378
6047
24504
-18238
-8486
13615
-768
-24302
9065
-18014
11944
-5003
19832
2765
-19207
38693
21768
-17038
3193
3837
-7809
27565
34813
-8361
6688
-3359
11965
928
20255
-5968
36213
13333
10681
-8483
18419
-46989
33126
-34138
3117
30723
-13030
-13132
22650
13221
-17373
7943
12372
2688
-23644
40570
385
22895
20274
37263
30267
38430
-39778
26362
-29230
5830
20508
35747
-37355
15569
14923
-9004
-1714
-13620
23406
37947
-12194
11770
20930
876
6100
12564
-14260
1725
-19958
-31202
39850
9621
-4463
13180
-10288
28440
-957
6521
11052
-4313
25193
-4827
-7804
-12636
-11362
30087
-10633
-5172
13897
-51
46573
45431
30516
26256
9954
3426
15477
1345
36298
7542
-9688
-33111
7731
6790
18447
7920
-24311
3577
-16603
-925
14898
8751
17744
-16006
-18088
-32819
40516
1193
-2460
24457
22267
-5026
-33507
156
6744
23319
5540
33753
-31447
-6431
10695
-3537
-1845
-37888
34704
-3633
4602
-7601
6170
-6053
12123
-5619
5591
4676
2572
31044
-4854
23687
30998
32300
43276
19769
-18821
4454
43152
26512
-35786
1237
11281
10905
-27986
14430
8998
15000
14930
10122
-24419
17850
-20309
12744
7472
25716
-12231
-18001
-13380
3458
-27971
18172
26727
12757
7989
-23514
9160
12198
19470
1093
-13628
-12745
23340
-8361
5027
1331
30474
-24585
16432
-2313
-392
-7835
-23976
2942
8723
-39680
-4741
13996
2881
-16019
-4658
-16848
1702
-10787
2273
-9605
12628
-7170
14159
6228
-4320
31525
23689
5016
22597
27151
31013
-988
-15920
-23691
14870
7670
13879
750
-8480
-13482
-1257
29388
25169
21602
-18420
4509
-25667
-9556
3259
-29782
12507
-1579
17502
4875
-8179
33570
5609
-13901
809
4586
42092
-5883
-14903
18051
17907
-17609
-2952
13147
-9446
11700
-31408
-11202
-4934
-3706
9650
-36621
424
32432
-40211
-26706
21882
-20841
19295
-22395
19377
15029
19916
18117
37506
-15580
37
-11156
6081
9849
-22692
14220
16887
-38710
-11246
34557
-12303
8593
-8515
1324
-10019
11125
-4728
2886
25988
-11452
18264
-15542
-1859
8598
4382
37733
-21849
11756
-2431
-2298
-2351
11819
1822
5752
-31400
29567
-8150
-30574
-18916
5583
-27493
-10879
-39429
-11239
-2996
-35541
5251
-4125
19488
10600
18875
-5212
7488
6495
-4057
-6513
-29689
4469
500
27445
-4385
20510
11530
-22525
2462
9794
-11423
-13253
-831
-14898
25382
-25141
-7723
-11145
11081
-10490
14313
-4465
11536
18566
10491
2220
-1761
14463
1016
-6874
10572
12512
5664
-4627
-9711
-14183
-880
-1440
1046
-11924
4626
-6255
11843
-6465
6829
-20248
10208
8002
22970
-3239
232
-2131
4681
-8807
29992
6095
-3715
2690
11538
-20409
-5476
13440
-22304
24325
-5938
-2906
1827
17169
-12489
1730
-16926
-11672
-21563
-30944
5998
12289
1171
-9151
33788
-5424
-3372
4985
13994
-7377
26991
4558
-14020
-27774
3622
-41101
-16970
11933
-13084
1495
39121
9698
-29645
-165
25122
6133
-23017
8109
-10067
14841
21385
5616
-8277
-24014
16413
2259
-34850
-28622
29186
-30689
-7996
-13021
26
13787
-6059
-2653
2930
-2094
-12976
16686
10478
-24608
-1347
-8353
5969
10790
1076
-14074
19782
-1062
27447
3187
-8691
-12226
-27592
867
18449
12404
10548
-17951
-3590
12680
-16631
152
13962
-41418
10255
-27306
20416
21407
11618
10415
8557
27768
-2884
20178
20217
2453
82
4384
-22229
-12058
-18546
-12200
-12113
-18444
-15233
-14503
-12177
-15361
-6865
-2200
-7940
-35730
31418
30010
-14996
-2870
-4120
6004
-12396
16258
5214
11381
8161
22713
11049
-16568
8740
-27671
-19873
-27435
26080
-2981
6041
-534
-16245
-19066
6895
21476
-8118
-3378
5113
-42202
-28121
-3178
20928
9496
3643
9243
-11474
7776
-1911
7294
-19034
3628
5098
19887
-13346
-6354
-6725
19371
-22094
3793
14038
-19440
9917
16050
-14509
-1458
-16561
4599
-23900
7521
-3983
10451
-13287
-11526
6492
-5374
-898
22708
9406
723
-43066
-15312
-21277
-6412
-6270
20185
-15432
6760
-4812
-6591
2313
-5173
-5699
533
2984
-15062
-21198
-9043
-12960
-20905
-2077
7370
-25842
-37569
730
-289
1370
8852
-19793
22307
-7174
23946
-10944
-8289
-5239
7856
31927
-18264
-17978
2907
-3308
-7827
-20870
-13213
5196
-34976
4251
-4838
24412
-2032
-32090
-18662
16642
18022
-9203
1898
-2330
-1213
295
-19815
17814
9789
-21047
-24953
-14644
611
24121
16913
-34013
1918
-6516
-2393
-22823
15902
-2633
-41202
-32545
-11
-1320
8334
-4345
-36990
6631
-3925
-1429
-2040
16269
-49331
24082
-14994
13118
6790
14135
-5812
27684
16390
33276
883
-37804
10827
-25485
18897
10892
-64677
-26486
26209
31155
17562
-3081
-16446
-19722
-10551
-20497
38371
-8262
-7139
-9069
5200
10954
17540
-9517
39753
19554
3543
12469
-51725
-47875
14405
-2897
22992
-12964
26227
-10307
36963
-32365
6122
-3887
-10259
-13231
-6209
-30003
-23517
-2220
-14710
19081
23259
12220
-7605
-5936
-22919
-17319
-2862
-19402
4592
-20318
29938
38905
-1047
19524
18696
-9963
58235
19639
-17012
24912
38191
26424
-1784
3795
14310
-5976
-25091
57939
-12006
15551
-2515
-27800
759
-9695
37606
-592
-11046
15011
-5407
9717
6826
28589
1436
-17276
6091
1421
-23545
-15588
-37079
15560
-44013
-55782
-20557
1776
33205
-44776
-9514
-3825
18740
25892
-24238
-7595
-22452
15617
18641
-12964
-66348
-609
26239
25768
6658
7388
-48593
17162
12508
-26776
-13955
30280
-27463
3882
18838
25930
21009
-46919
43832
27791
-21581
6438
12759
13813
4101
34326
38004
-10890
-15852
-2954
-27028
-14324
4925
-42537
-13890
34746
7579
-32786
-25163
37515
-22509
-16020
24359
-19257
54060
-14502
956
933
-12281
-14521
3361
-61561
-23124
39839
33742
-11936
-15346
4347
-2031
-4027
9501
25684
-32310
35084
-1405
-22181
-13120
-1409
-2144
4285
31050
2069
-32580
-3334
-8164
9257
63411
-38607
-18258
-30911
4155
2083
-44980
-12469
-42640
6024
20711
-17640
17222
-10419
-27281
33714
-47622
3241
21296
-5587
-3391
-18096
2535
2119
37844
12770
-9720
-19053
-30413
3856
-44780
1307
30178
-10815
21391
-7934
-24588
-28227
1231
-23160
-21476
-11233
-21433
8913
28004
-8925
-19116
38844
-50392
4784
6616
-16921
12739
19037
3472
-7108
-57978
31249
-37522
-36588
-37607
15733
-10384
30137
22107
-9913
10262
-2082
9949
-60810
17157
9892
2814
26465
34161
35401
-3627
43310
-15291
-11358
-17985
21349
2791
-27637
60115
51240
8202
-9365
-9037
-20613
24482
-16403
42473
8388
53636
22921
33996
26885
-2839
-16793
-5428
-21185
-14301
-43918
7369
30992
-12391
-51051
20771
6842
39585
3757
455
-43971
6973
-7948
-20529
-2954
25898
-18494
32860
-26280
-22811
22160
-32373
-12123
-37768
-10302
-2981
-39810
-9641
-4538
-71856
38957
-13523
-13703
-23987
11473
-40696
22045
-2590
-14816
22821
16788
-9578
54228
-4750
7016
-4549
17833
45093
-29423
-45268
41134
8659
-33818
5182
-17858
-32956
-11962
33252
-79
2587
-29490
27087
-18820
262
-12814
-10684
-16790
-569
-18302
54189
25046
18532
-30752
4209
-24121
-36692
8691
7331
-42289
2885
154
-19541
19959
-2609
20734
-10079
-23113
-5971
-32039
48352
-9116
-30700
21703
27423
-30630
-20124
-14431
-9364
15811
-5630
-23655
-4238
10601
31869
26988
1780
-27128
-17531
12710
-12705
32
-31409
-13614
1996
14238
17011
-19329
-13137
-15761
12459
27666
-4019
21550
-26125
54368
688
14010
-3575
-9157
-15317
-11658
-1898
-21453
30695
-37273
6900
18340
2431
-7876
-14115
-1254
-15424
-24505
6511
-9452
12454
8493
-26002
-5183
-8535
-11235
10220
-22911
10200
-11025
-17545
25924
-17521
3790
18672
3402
-33511
16844
-2142
11915
-6689
-27204
-6839
-19720
-17082
-20191
1405
-38516
2057
-19161
-25797
12336
-29399
-8069
-12751
-9465
-5462
-4448
1753
-2473
5150
18974
-12653
2292
-33595
-19426
-27811
7028
1091
-5505
4437
2087
-17297
-1122
-16324
-6966
-7630
13214
38087
-1134
30729
41593
-31161
-11927
704
15543
6012
-14240
-30765
17648
16577
52108
40866
-14848
-17948
50064
23562
-1683
-17968
4426
1375
16786
19771
-11013
14314
-7584
768
-1239
33168
-1656
1891
35226
-7472
23757
-31592
-27092
-13643
-3901
-4909
9579
-25523
-14914
-25849
-6972
-17502
-10016
-24689
11924
44468
-1305
23848
-26145
18277
-19161
-944
-15242
59924
-153
-12148
-32973
-2941
4681
9422
-25954
-8688
22878
-15862
37758
-25801
-15547
16059
-6991
261
-4766
4932
24663
32832
-11910
34452
-33298
20416
44424
-22449
-998
-11543
41350
7786
-15870
-2255
25976
4856
205
-2439
40483
28027
8010
-19220
2506
26932
15618
26297
-15428
-12330
18383
9445
2900
-11743
5715
4063
14813
5496
-9479
11986
13479
4137
-29351
-17109
8421
-22235
47337
23688
1522
21622
-19754
-15641
-410
-15366
-18584
-13820
10441
-19223
21315
-1138
17116
-18869
583
-19920
2686
13902
-1730
29333
-24872
1350
10770
-4628
-3491
31198
-13007
26988
5700
-24858
-7173
19570
8233
24046
-45960
-7011
16959
-10616
3473
11353
16078
-17005
-10812
835
4570
4588
2756
-13088
-16616
13680
-20850
-5736
-9883
-5570
6594
-33914
8759
9852
-2502
-15553
-22766
-11516
10809
-10281
19867
9480
-11295
2446
2750
-2611
-13435
18477
-10237
2038
15161
-5505
808
11807
55929
-7526
3495
-3994
-5791
16151
21979
-26589
19345
-4443
-8999
18491
22441
-15630
14098
14560
-24961
19402
5250
12320
26543
-17611
17844
-4041
-10084
54079
-37331
47647
-9399
-10082
17304
18176
-13463
13056
5099
12472
-33123
55094
-26449
-6002
-9323
33303
26708
-29806
14480
9780
14327
18036
18044
-10496
-12069
495
-13613
-1999
7864
-27198
874
-10304
33373
13651
23720
4255
673
16451
-11848
-34208
-4832
1129
16522
17308
13986
-8747
-11983
-8425
-8808
236
-10815
16162
1652
22352
-18348
-7938
5660
-18001
-16087
-12955
848
-15605
-9969
-11311
28702
35411
2447
-25301
27227
-2828
22836
26939
14018
12567
-9486
37376
2865
435
-16867
-5142
-12739
8720
2736
-9881
6887
11838
10283
32973
19247
-5360
-29496
3543
4647
10268
-9507
11552
1880
1592
-421
32614
16591
21656
-55457
-9286
17486
-14341
-9469
20026
-3153
-13085
19653
10119
-1996
-12975
-10540
-3155
-11245
774
3929
10710
-278
16358
12028
20892
26107
1592
28729
8724
19431
-10305
16533
18692
-25146
-2781
18571
5604
9463
-5133
-22979
-16607
24721
14685
26017
12250
-28655
7619
245
-21310
-12228
15579
-14227
20101
-9735
-7338
13242
6991
7301
-17691
23713
20417
10588
-5845
-23688
28073
33148
18742
-2919
6069
26965
-5966
25803
-8182
17285
-7475
15572
9215
-7873
-21201
9479
4304
1993
9203
-8241
16854
-14046
13247
23154
14386
-7109
3388
-11712
-903
4715
-19595
-13008
9284
-7972
-7422
-4108
8792
12421
-9566
-16024
-2991
-2276
4962
16503
-2049
1560
1953
23554
15214
18642
-15125
20061
12446
1753
-12411
20676
-13203
22690
-13485
5048
-965
9878
-16490
-9255
-8153
-20129
2782
18505
6272
-1978
20169
10337
1983
15031
17078
31117
18599
-20823
13454
-29527
4176
8899
13719
-1150
18986
29647
25721
10198
19645
31761
30084
-15317
13700
24821
-5907
12936
22014
-19635
-12463
11500
-9430
19647
9214
-7587
-10140
-491
26305
15811
550
5650
-23686
30483
1189
-10927
18854
-7181
26979
-10173
-26177
-4506
-5048
28489
17873
38780
16533
7892
17445
11578
462
37588
16900
-2003
4500
-19858
1187
3278
8436
-8538
21310
-9149
-16356
16285
-17255
19070
-5936
-11206
-11414
32010
9587
329
7669
-12365
4425
-13048
-11599
15998
6848
18563
37349
-10039
-21660
9455
-11669
5935
-23651
14429
-6807
6363
-16246
18843
-24046
35683
17321
151
-20443
-3751
14022
-19872
485
11161
14279
24943
5650
-3164
6559
22419
1862
-6467
17938
-5655
2142
20033
5312
11119
3664
11919
10578
4456
2949
-9578
-6628
13143
14309
4629
-15025
15376
9929
-23787
-9667
-5952
8458
-5477
-28330
24325
-12981
11234
1837
-10491
12315
28556
12914
2034
-11229
25348
-28821
26202
20083
-5687
-5893
3336
-4822
1832
-23766
27223
17008
-4284
-28643
-17700
5145
-322
-19277
9693
-761
-2252
3172
-7853
-18438
-18616
22958
-293
-4353
-12285
15114
579
-26775
-6236
-17934
-5308
-6031
-10771
-4850
-13859
-7261
10709
15570
3619
-3769
-23077
6441
-3361
13676
8286
-3238
14460
7083
12246
-7815
-33065
15957
14530
-17889
9055
17661
38297
16622
-34822
25961
24573
-22638
-32683
-3080
-9882
-4539
13895
16029
1897
9489
12487
-31413
21491
-20336
11812
-8083
21249
-20775
3684
-5591
-2152
28089
12473
-12467
23334
-5132
-10543
-1802
-50649
-20377
2299
14041
14452
-13191
7824
-11110
-4706
31961
17125
-23542
-20854
2075
-2265
-8537
3451
22312
-22740
-14164
18107
15016
11406
9882
-21660
-32104
8314
-1356
-9257
-411
-9536
4359
13943
-602
-1627
20240
-3141
2324
1827
-892
11473
5305
-37776
4815
12330
10529
38898
-2140
16876
1507
7973
-13203
1497
-3348
4578
22963
1318
12238
29717
-3765
-9771
-15847
11278
-5652
-7932
330
-12897
-8675
9466
-27462
-6385
22027
-12217
33030
6870
15151
5835
-415
-11890
10215
9334
15651
6439
-15356
-19281
381
29489
5476
28781
33645
20026
18889
36034
-13361
7247
-4294
38892
-1485
-41579
-20285
1108
9359
-26244
-12681
8004
15844
-8144
-9486
6579
-18080
-3086
18950
2626
-21207
17195
-8310
-5078
-23881
11244
-18439
-12114
34568
20113
-14089
-24496
23290
7075
15366
22964
2267
-729
2764
2786
-12801
23708
-6330
39826
8579
16603
-4793
10358
-9980
16524
114
-853
3079
-9149
-6681
-1468
12165
-2912
-7538
-14631
-1376
2140
42817
-14967
12280
3596
36129
7366
42419
-33936
39381
-27009
-2503
31788
29662
-17680
8118
29751
7855
27656
7376
15415
19467
3456
8679
5453
10335
4854
41043
-24475
-12031
-11881
1668
34868
480
-25884
-9911
185
3511
-16173
-1364
1716
-35651
37628
-3364
3577
3738
4164
13829
21352
1819
-6288
18983
41442
50371
26160
21760
-2577
-11869
15485
435
43026
-7350
325
-32360
18402
5715
10232
15035
-1281
3529
-3076
-5288
17176
9154
10411
-37520
-10099
2132
27029
10294
10512
1459
6852
9454
-44934
6868
8518
25213
-9923
12631
-25651
-16422
-7923
10563
7973
-1893
31107
-14825
16793
-7636
3261
-4286
26972
8571
-8272
-8147
4077
23346
-13319
17393
9453
56388
36334
6567
6482
-26136
50762
416
-20371
-6105
3488
-21048
1075
-9683
16986
25165
-533
23893
-11094
6015
2607
-7065
-4825
-11238
-7939
-19928
-10617
-8773
-39592
-7197
26900
3197
5609
-18576
35768
-301
-6536
6266
-17774
24756
17124
-16749
18707
5112
23365
-2355
1324
7347
9526
-15182
-12614
286
-923
-3547
8796
13560
12321
-25357
-1225
-10039
-4669
-7757
1305
-17115
-5098
6408
16777
-37807
14787
43585
15162
11716
-4947
18980
9515
-24823
-13136
-34098
-5971
-19287
13022
12235
-14423
11026
-23930
16959
2036
21739
-7141
3914
-20383
-33914
4680
-10519
-2673
7881
5218
-2160
-41106
30883
21356
-21542
5612
5937
11438
22187
-18905
17869
7422
-29429
-20470
34656
1532
24235
11146
-4504
1368
-25503
3505
-22737
9867
-7191
-23171
-24357
4401
-14216
-8250
-10685
6241
323
36451
-13159
43673
-1493
20667
-18834
27168
7669
-8104
22561
8463
-36646
8509
14544
2551
-5
-14238
-1321
-17055
32697
-41173
-11301
16701
-11241
10551
5989
17487
14714
42202
-5193
-16923
-25880
8811
1204
14306
5284
-14299
10694
-5800
8498
-20985
-13877
7954
11951
-10672
1808
-21636
-6935
-32583
1334
-18286
-1649
36987
-4384
-12052
-3793
18005
3316
-22663
-16118
-14482
16022
32799
21432
-22891
3574
12883
-24679
-8302
-20894
9069
-22101
11292
-19184
46011
-20654
22237
7763
21819
8803
-4897
-18053
-4885
29037
7477
6651
-14276
10096
-23293
-12613
-9743
-23627
12364
-2398
-4777
5043
-27201
2068
24226
-23869
-10265
-22584
10982
74
7654
-27800
20314
14988
23126
-7464
26405
18257
-7640
-15729
16740
3902
25031
26875
4657
-27845
2149
20073
-6610
12190
-13112
9921
-16902
26413
292
10169
-38049
-5258
-9027
-11959
-27771
18888
21887
-29065
15868
-20198
6809
16263
3570
-13274
17875
19099
-21629
-2729
-13329
14486
-5855
12104
-33572
-20035
35685
-25866
23052
-17377
13605
-26584
-17844
-1549
-6904
24181
7754
4539
10975
4852
-3619
3219
-35099
-1560
24596
-22142
13189
-13445
21757
-33478
-24724
-16365
-18300
-21479
-19907
17204
11214
-8612
-7751
-28322
-40057
-12778
8642
-9451
7890
-11863
-3403
11132
-15245
-532
-24654
4558
13226
21094
14529
-14838
20629
19270
-2335
-838
-16576
-15913
-9284
-14216
30016
23785
14417
11828
-3361
3634
1301
-14330
-1201
8818
17995
-8111
-10347
10490
10566
3704
-19104
-24507
-21870
-3802
-12878
-19395
-7627
-9481
9582
-17045
16190
-3133
-4229
-8928
-9289
20190
-12927
32709
-3648
6751
-1216
-7611
20426
-10201
-16301
-8507
-16791
2476
31850
-4806
21396
20736
-24081
-25632
4041
-16752
-11920
1376
3134
-16475
-25671
-16227
23448
8616
-1347
6598
14239
35791
3811
11585
-28583
-9524
-18794
-8028
5542
1402
24328
22273
-33485
-1634
-7749
-5903
18383
-14227
-22533
6751
-10514
18044
-21750
-7110
1917
-646
12728
-7693
22678
-26745
-25352
8636
-5613
-39298
-22680
-21459
-9872
13084
-23549
8957
-584
19750
-8396
11391
16899
-31384
-813
26095
-16311
-5462
-989
-19617
4421
-19454
12728
-20057
-29500
-35083
-8930
12538
-18334
-20442
-10748
-16676
18834
29580
4954
-10139
-17618
-7070
17636
-37303
-13073
-4672
-9219
-18656
-35385
-14182
-9604
-7774
-2125
1625
30559
30678
-19028
-33656
-2525
-15094
-22193
-15618
-8482
-7564
13864
-16047
-1735
12325
6100
-10726
-34083
-6795
3614
33280
-9738
-8499
-25240
-10969
-8296
442
13502
-31018
-1315
1193
40522
770
-24063
-25389
-29220
-2241
26480
-19708
3349
-32769
4868
-38417
-18029
-3408
17430
2469
18847
-31589
3114
-13416
-6612
14070
-12781
802
-5814
-20893
-14961
20403
-1741
-13626
-11562
-3456
54598
-30318
-3140
-472
1160
-11270
-15113
4758
5150
-9595
-11332
23967
52550
39165
-25506
-38058
-48325
12369
-3197
37480
-39041
8681
-5837
39583
-6226
17080
20177
8008
-527
16304
-49461
-16907
-33724
-22201
-4591
7329
3364
9174
-39734
-10917
-14527
-34092
4819
6903
-5442
808
6214
-16301
27782
10183
-13897
37516
36342
-12492
27796
40024
1567
20478
26723
20379
14711
-22891
52129
-17313
-18766
2744
-29447
15943
-32961
10681
-21519
-12543
1125
-12640
8330
-23006
13632
-1578
-34272
26269
-1223
373
-23374
6092
-20227
-27239
-3183
6012
-11994
42210
-68138
-18902
13440
15677
39593
-14277
-19942
-20731
18396
-8095
1884
-30254
-2212
44305
65354
8986
1840
-51533
42134
-13409
-13400
15792
52740
123
19088
5524
20950
24719
-51076
35295
-1879
-9757
11106
32030
-11360
-907
25021
43509
-24539
3448
-33123
2914
9042
16192
-64513
5133
23112
35472
14216
-13496
19607
-11003
-14226
-6658
-25952
22040
-37272
-8113
-10935
-2114
13008
-29447
-27986
-36144
7053
8826
29118
-21016
-11111
-25003
-9828
23682
-2258
-45267
48805
4788
-29599
-18677
-4259
2930
38509
34837
-31073
-18974
-19433
-22987
-7592
76741
-21903
-24844
-22405
-4882
-11510
-28744
-28149
-27560
674
7346
-2572
-7523
23240
13011
37172
-31082
-3388
-5024
-30310
-2476
-21382
-13515
-21238
43377
-21183
-3967
-13564
-10218
33454
-10362
10096
10331
-6079
-5023
21193
7947
-39532
-6083
-40448
-7595
7656
7124
-42178
13451
-2830
-15489
54564
-44004
4112
2799
-26525
-2016
-9577
-25829
11320
-23826
30263
-4801
-36592
-10427
-5294
25023
12130
32330
-31556
27723
-15352
-335
-63785
49912
7833
-1281
54042
45476
53319
-16658
6224
-27338
-7462
-19924
-22438
-8387
21731
49066
41993
23593
-16241
-19865
-1932
16163
-31969
3345
18364
68377
25022
37603
45809
-7398
-15303
8741
-14717
-14878
-22645
10448
14902
-3669
-37844
43998
-18836
43928
-15823
2671
-5575
16606
-12907
-3962
-22545
37160
-30555
25059
-37580
-19184
25728
-43848
-3096
-13858
-20042
32439
-71361
-24947
14245
-24051
21564
-14212
-5960
-9363
25932
-21457
8189
16438
4544
32107
20653
-2047
68089
-4964
10943
-25464
21458
53792
15810
-43695
53014
32116
-43865
27690
-14029
-3158
-44576
19676
-18766
2167
13676
31436
22261
2999
9134
-284
-22620
26130
-25097
41632
37095
17307
-13235
63127
-28734
-47157
-51377
19474
-6049
-22425
-4929
21557
62746
-6780
29535
-390
-16186
-24804
-26176
34828
-18354
5593
19307
30510
-18352
17306
-14779
16050
12973
4378
-18401
-12261
586
54649
-21888
3506
-8274
-2278
-9760
-11297
-16105
9800
-3131
-33758
-6883
38112
-1888
-6244
-5958
18391
-2225
-8401
-6387
11283
-5351
-13720
9200
-2104
6475
3366
-14304
40147
-61561
-8447
2732
-29883
11503
651
2622
-8112
-2365
8671
8246
-32677
-5495
5975
-5740
-19492
-5795
12877
9600
-6902
13493
-988
2174
3998
-5080
-8112
-2343
37315
-11795
-16520
-7236
-12155
17314
-3503
-26796
13127
15929
-7878
-197
-3885
28794
-497
-5485
17323
11228
-15678
20709
5450
1037
-11620
6153
-14482
31064
-11340
15826
-25161
-9274
12001
-11733
-17355
-4252
9954
35042
-4202
-33382
-22803
5117
-10098
8993
-682
-1364
16766
434
-8100
32583
-8714
-10239
9280
23928
3586
-5006
22260
-1476
-995
20745
52114
-7789
-27532
1774
-20351
8714
9546
-19466
26997
-7344
30033
18476
-27195
-13264
-1112
-9629
1223
1001
-4159
690
19929
20725
13753
28223
-13998
2285
9644
-12536
-20585
-16645
-3343
-12133
-6674
1253
-36759
1338
18123
12965
-8353
22412
-20386
3758
-32944
15805
-392
-50518
12335
-12297
-7477
2039
-8843
3830
-6741
9640
-4672
2909
6442
7321
-8772
19784
-13524
15543
25787
-23878
50447
4105
17766
-1952
-5550
11691
1977
17307
-8112
3423
-33370
-15609
-40864
4296
-16066
18045
-9623
-16213
-13046
-14102
-8212
12637
17123
14267
-16402
927
6373
-21418
18976
-28553
-20762
12779
-27914
5855
-4840
28574
-4947
-5371
21914
14375
25878
3740
20036
-12832
21314
-18473
10229
-12603
-19806
-26656
20486
2520
-26188
-20557
-28374
-6837
5994
30907
9151
10239
19212
-12418
2733
-14293
14507
-11312
-18429
2510
-1256
37843
37685
1706
-17307
14349
-41484
-3929
-47408
-6532
23845
5569
-6956
18867
-45386
5936
5381
-18457
6964
3986
-16830
-14526
-1875
28253
-4414
-20099
-6902
-14119
-3920
3415
-4289
-700
20611
-5954
8515
21827
10721
-14363
-6754
14931
3992
34374
-3055
14077
22963
12802
-5820
13381
-22161
-4918
5542
18176
17791
-21275
7175
13003
-25534
1948
13908
5634
5178
-15854
-11274
5402
7917
-873
-11005
19704
-21268
-5346
-10275
6189
3326
-3248
-12828
1676
-26368
-5049
-5225
22684
-24207
-31602
499
-10416
-25870
-21348
6764
2217
-27550
-29625
20982
-15321
19792
15623
-22143
1981
9670
-4473
-5081
21077
19752
5788
18582
-2720
-18363
18395
-5704
23441
-911
-3467
2107
-6534
4881
22979
26871
4965
21253
-2526
-11828
3833
-6811
-14152
-4167
-1356
19864
-2346
17301
-921
19971
-40067
-18468
-17072
26564
-33021
-43809
859
-7792
-4051
7059
4286
21263
3441
-47300
17717
2243
17305
34699
-12848
-36486
29336
-7376
11911
32468
-8428
-16976
7077
-22252
-26608
10491
-35383
-9316
-2688
-5177
4084
-20332
-28156
6020
-20385
-5080
-18859
-8873
17752
-6434
1616
-5701
23411
-571
-29191
-30635
4761
-19956
-16420
37985
-14278
17706
-8462
20255
-41321
-17674
-11974
-17949
-4720
16447
12176
-19642
-15924
5295
-6867
-29266
-10760
-8084
-5525
-17268
36189
-9731
-8728
14194
28475
181
-2987
-5630
-18028
-25383
-28013
-16162
-25138
-6084
23764
-2124
26237
-27576
-6211
25827
-41324
-10739
-14579
-24596
21069
-8977
-1447
-34354
-35037
3489
5135
29591
4666
-17253
-35216
-26562
-4095
-9239
870
2619
-2188
-10708
-10734
-14314
14213
-755
5076
-1046
6416
9291
-14624
15878
-5586
-4590
-11812
12919
-31057
5186
-26768
-14087
-22002
-20541
-29519
-14738
3515
-11224
-27629
-13067
14124
-22553
6135
8122
-42632
-3676
6039
-32337
26789
28141
-22000
-23264
-13984
15024
7760
-32995
15460
3730
-33403
12929
-5086
-20953
-949
-8231
31865
-27074
14572
-609
-18524
-24598
179
-54626
-28680
5170
-2640
17261
-20696
23672
-33573
-39381
-18424
36197
-6908
11661
-35897
8666
11185
7065
-35658
-12985
25487
9040
12188
-30299
30093
-2875
-26399
-21283
3844
53740
47677
32852
12141
10521
-3116
-8034
-21415
-18501
19006
15249
19300
10879
-11026
8115
31083
-5694
8215
-24201
14656
-14987
-28549
-15917
-10735
-19293
29146
-2430
-13576
-3104
-17237
7832
57042
-8139
8222
5189
2200
22565
-12355
10511
2224
-6558
-28054
25272
53014
-35244
13634
-2463
21742
-21007
-23601
-2586
8222
-13828
-15799
-39100
-14546
-706
-7348
-31080
-5527
16678
10352
11990
3254
-14100
-8165
15029
-32523
9326
3169
13294
-18376
16053
3135
-26078
13616
-10511
-5471
-5353
-6555
933
4235
-22376
16725
1019
26965
49458
-21826
-5714
1564
-36826
-18698
-3488
-11140
27026
-6434
-841
-47
-34028
14093
-22541
-3122
-11708
29670
-10477
-5404
-18288
-28846
13600
-4473
38767
14419
-25970
14993
9052
-12840
-29768
8407
-17587
-16537
-13681
-27297
-8834
-7444
-6360
-16996
29636
45069
6943
-10193
21509
-26049
24284
-8792
-17023
29567
564
8132
10822
-26022
8333
8892
-4904
-6099
-35270
12186
-3444
-9065
-4032
-7699
-17357
-22404
23550
-5655
52
20611
-15648
408
20870
-1777
5815
-12862
33200
-15811
19516
-18558
28789
4043
42
-2418
2399
-9432
-18668
37458
-11091
-13790
4654
-14317
-5330
-19781
-27846
-9189
-8267
8787
-8627
34074
21901
-15348
9722
-33570
-24052
-6069
12208
-30879
-21969
18596
-13463
-18636
22138
-44519
-6386
-20295
-5921
-22748
37811
5445
8516
-10721
-1753
-37924
-22994
-1720
2228
10988
-24366
-7166
3460
-21460
-24225
1902
16746
25688
5302
28707
-19640
30788
48138
3679
-34549
33760
-19064
-16097
-2719
-9004
-25902
-6794
44611
10061
7966
-37901
9894
-14899
-180
-5588
-254
20671
-22035
23935
22874
-106
14564
24113
9459
-22291
-15643
-13912
-8162
24005
-5248
-12273
-486
-19893
2034
-18076
39027
-9936
8298
-7877
-9274
-4734
22488
-19681
-8217
-28929
-17315
24693
6442
-14643
-11467
39491
13003
-34911
-25823
-199
23379
40559
8992
-25842
-1093
768
8170
-25925
-320
-1719
-21316
23592
-2802
28413
-28837
5427
-28892
28792
-13660
3126
12685
-10284
18897
8548
83
-38139
10144
-19049
-15364
2985
-16975
12640
3286
-11921
-13131
-38450
12873
-5411
-7580
-34252
2257
-628
-5182
35371
2663
3332
15664
46540
-17948
-6056
2491
30009
-10370
38285
40092
8235
9249
22312
-19513
1285
12061
13643
27838
18727
6769
-38137
10793
-18735
14941
12334
8192
-18097
12551
3680
17206
19245
-45854
12001
-44708
8689
17399
-5814
-34485
-12710
7170
-34395
12773
-30438
-11303
-9753
51130
-21566
4339
68982
-32545
5652
-16077
2547
-3986
-30910
-2144
-17071
13926
-21944
6452
-4151
-9190
-3633
-15741
-4304
-15297
-2256
22259
29383
-24247
11064
-38081
-15964
34453
-19161
-5727
6473
30390
11916
17534
-7801
-30010
1504
-3491
2760
-4039
-8825
-12465
-974
19100
-5907
-6432
-19586
242
28436
40738
-2170
-13141
5135
18558
13019
-5921
-26036
8879
50504
7369
31774
-1114
-11414
9257
-4643
-6254
-18973
-29572
-27460
-3716
24616
14431
-6135
25429
1633
6605
-22476
-10867
-38129
-40358
-22404
-27078
-10430
-20074
8283
-3560
-9337
-8445
-1276
-2745
5329
11138
5887
6779
-18294
-368
18453
6781
9940
6167
28130
-27136
-10427
-21793
5103
11114
-3146
23092
-28479
-17754
-26919
-22676
-2140
-1102
4506
-6580
949
-13486
10687
-14988
3713
5775
5647
28739
3174
53710
11692
2106
4749
19614
9154
-6108
1224
15892
-13345
-14275
28056
24587
17266
34022
-25261
5750
2823
24954
-20780
-8433
22814
5466
11370
2061
40415
-19079
-29600
30073
5494
-23183
842
-71896
-13827
-2259
-33946
15077
-10795
21412
-15897
-876
-2946
-1964
-9182
35906
-2463
9435
-1576
-25767
5016
18064
17659
3113
-23819
-37938
-11057
7912
-26750
4252
-31502
52824
10547
16737
22764
-19727
6571
9775
60513
-13398
21216
-1132
5253
13487
-51817
-6956
-8448
-5969
-4568
-4618
38186
11563
-19437
-19807
15430
51740
-19149
-11927
-12954
-5753
17524
7511
13484
2453
-17575
-14668
-21170
-16148
-2640
10349
206
-31700
-33116
-4521
6560
-6183
3830
-21649
-12601
-10276
-6763
18289
-25443
-28935
-21040
-1323
24867
-491
-22823
-39388
43187
-33078
-11686
-13710
23529
22572
12484
-1539
