1415
-93
-2578
-3880
5731
798
-3457
-2602
3204
-5190
-3223
1058
1716
6659
4074
-459
-204
397
2281
5411
537
-29
-15213
-2648
4592
251
-3869
1116
300
1184
-976
-890
406
-238
145
191
182
1490
-44
-378
2142
-626
2062
-2608
2012
1688
-401
7832
-6544
-1347
312
2339
319
13260
-3763
-9896
-734
-4967
1781
-3038
-1341
3936
523
-7411
-734
438
-3945
-3418
958
-537
-4530
-7759
1081
98
-1250
-2289
-372
-2059
4579
-395
2262
922
-2462
-50
-601
-281
-1659
-996
389
361
4631
-1194
-275
2412
3997
27
3033
-2395
-132
-110
2130
1313
8839
-3996
2445
-329
307
131
1426
488
2369
-1666
915
1944
1243
3748
536
-2101
1606
1434
-291
611
2328
77
1574
2714
-1165
5854
12543
-3337
1003
81
1347
-1690
-1672
1382
-307
838
884
86
16787
-1650
1754
-8754
