759
1170
346
697
771
459
450
858
722
1542
267
577
409
1256
615
589
1260
919
525
370
732
609
506
1365
644
765
295
574
751
524
1073
578
533
433
490
397
321
677
811
540
692
647
1668
1017
1019
509
809
470
774
811
635
1307
997
795
417
657
1075
551
342
512
776
768
390
811
549
406
496
390
1144
945
677
443
475
611
352
353
1197
259
933
577
1644
519
771
918
373
684
1502
1404
797
604
797
250
1346
600
622
787
310
1310
600
330
1345
302
404
589
414
382
1064
310
870
1170
957
801
777
1140
453
693
671
475
672
823
410
401
648
703
423
982
597
526
