0
-1031
0
294
-5919
-392
0
-685
0
-3061
-1940
-2975
21
-1995
-482
0
489
124
-128
702
-35
0
0
-1061
-4119
0
0
0
670
0
0
298
0
-3746
0
-88
0
1090
-2240
306
0
-205
-1617
-2882
-477
72
912
360
747
-14
0
-2849
786
558
653
0
-4906
0
123
0
2429
448
0
617
-485
0
0
1736
1140
-288
254
0
0
-968
0
336
558
891
1745
-618
676
1057
-9332
-52
254
-737
-591
-742
-44
-258
-455
0
-3605
-575
-765
0
0
154
1225
1312
1223
-43
3638
560
0
38
1879
77
0
-549
-1102
0
-628
175
0
-266
853
-4768
0
0
0
2691
850
0
0
0
113
-330
0
-649
0
-234
-1014
1802
0
-499
0
-1258
-1560
-1470
854
-2920
-199
0
-600
-1270
-428
702
380
0
0
-1086
-2644
0
0
0
-940
0
0
412
0
-3737
0
214
0
-375
-448
-762
0
-430
181
-2961
-365
-73
-266
88
1213
-14
0
-1793
2198
-819
170
0
-2466
0
123
0
1568
112
0
161
10
0
0
-204
-720
0
-74
0
0
780
0
-27
-635
662
-1123
-1122
712
736
-1860
-1264
-82
-709
-280
620
-73
672
-410
0
-934
-635
-1202
0
0
84
855
1368
113
713
1730
-32
0
-94
-978
627
0
711
546
0
368
-75
0
-338
280
-4327
0
0
0
1195
-790
0
0
0
947
1190
0
-238
0
0
-384
-1651
0
0
0
330
0
-1340
0
324
0
0
92
80
0
156
0
0
0
1092
-490
0
0
0
0
0
0
254
0
-170
0
0
0
152
0
306
0
0
-762
-901
96
0
0
0
406
99
0
-1768
1314
258
127
0
-1034
0
0
0
804
0
0
0
0
0
0
1470
0
0
0
0
0
-602
0
728
342
0
1095
0
0
972
-660
-1188
0
-110
-117
-254
0
-515
0
0
36
0
-762
0
0
22
412
104
-105
0
2032
0
0
0
-759
0
0
390
-1143
0
0
0
0
-1116
0
-1905
0
0
0
1143
-100
0
0
0
0
-252
0
-2476
0
0
-3346
1457
0
286
0
-3271
-3377
-2398
0
-3460
143
0
235
-1645
-261
-1114
0
0
0
1288
-4957
0
0
0
-9
0
192
524
0
-2854
0
0
0
915
-360
-762
0
0
-1310
-4891
-123
83
-508
0
734
-102
0
-4117
-2892
-123
379
0
-4921
0
81
0
1833
0
0
60
2032
0
0
157
635
-381
57
420
0
-1262
293
459
-372
516
-1158
-211
268
-2111
-3368
-357
0
-1793
-3187
-237
0
510
0
0
-3660
168
322
0
0
-77
164
1013
989
0
3334
378
0
0
295
2617
0
-1199
589
0
38
0
0
-375
12
-2144
0
0
0
2989
-501
0
0
0
390
910
0
0
0
0
-1386
1064
0
546
0
-2899
-2054
-1064
0
-585
504
0
-220
-72
-579
-1670
0
0
0
-249
-1115
0
0
0
-916
0
0
-600
0
-888
0
0
0
792
0
0
0
0
22
-704
-720
121
0
0
0
0
0
690
-3536
-375
62
0
-4769
0
0
0
408
0
0
0
0
0
0
172
0
0
0
0
0
-570
204
-94
-16
159
270
0
100
-3122
-264
-268
0
-156
0
322
0
597
0
0
-2600
412
-328
0
0
54
-636
882
232
0
990
0
0
0
-90
0
0
-1379
396
0
0
0
0
468
208
84
0
0
0
1104
792
0
0
0
392
108
0
-2187
0
0
-1370
-4170
0
-1025
0
217
-692
1156
-70
-231
39
0
108
-392
0
0
185
0
0
-4321
-2386
0
0
0
640
0
0
-255
0
913
0
0
0
368
156
0
0
60
-2127
-2193
524
0
-190
456
-4530
99
0
-1459
1054
276
277
0
-593
0
108
0
-1070
-175
0
-455
-260
0
0
-21
240
-273
0
0
0
-536
0
244
-105
840
-144
723
-1498
777
-6813
-958
0
194
-1344
-588
-25
-140
0
0
116
0
380
0
0
0
-232
590
-2432
-305
3615
-2032
0
0
-2
1599
0
-11
-254
0
-2226
-635
0
45
1143
-3823
0
0
0
1300
-418
0
0
0
582
-254
0
-1918
0
0
-1376
425
0
-5
0
79
-2266
-1386
385
-3774
-251
0
13
-742
-488
351
370
0
0
-1728
-3644
0
0
0
-249
0
144
990
0
-1387
0
0
0
-195
-64
76
0
115
396
-5059
683
0
684
-196
-3477
-127
0
-3534
879
-25
286
0
-2838
41
281
0
91
-511
0
-594
731
0
0
832
1020
-127
342
0
-10
697
381
663
513
395
-1934
81
448
512
-1434
1377
0
-1952
-2667
400
-41
350
0
0
327
-220
2335
0
0
-762
0
960
-373
-55
2949
-544
0
390
586
2948
0
615
-100
0
628
90
0
804
0
-2491
-508
0
0
1676
-598
0
0
0
130
176
-51
-517
0
0
-2065
-1079
0
21
-54
-3445
-971
-2826
0
252
0
0
270
398
-261
-212
-14
0
0
-370
-3545
0
0
0
243
0
0
-369
0
-1565
0
0
0
763
-1905
-378
0
0
-2202
-1365
-656
0
432
0
922
124
0
-1469
-1852
126
259
0
-4780
79
254
0
2256
0
0
290
0
0
0
2670
0
-128
0
0
0
-3362
0
1340
720
0
1379
-252
14
-552
-3530
271
0
-321
-897
-641
0
-380
0
0
-4770
0
-1518
279
0
26
92
184
752
0
3308
0
0
0
977
70
140
-1452
-1152
0
-320
105
0
-70
0
-2960
0
0
0
2873
1182
0
0
0
-174
18
47
-1822
0
0
-465
269
0
-320
216
-1190
-1963
-2842
0
-3316
-522
0
178
-1274
-326
273
152
0
0
855
-4278
0
0
0
-378
0
150
916
0
-2440
0
0
0
138
-548
-711
0
0
-358
-4470
-681
0
-126
0
1180
-141
0
-4092
1685
136
64
0
-5095
130
411
0
2204
0
0
139
456
0
0
1313
0
-199
762
0
148
543
294
789
-531
610
-444
-268
612
1135
-2040
-5829
0
-1403
-917
433
0
-89
0
0
-1470
-230
-1001
90
0
144
228
1162
147
0
4423
0
0
114
-4713
1061
-254
272
-137
0
152
-45
0
-1304
0
-4712
-196
0
0
3559
-794
0
0
0
1135
630
-612
-3006
0
254
-4044
-790
-9
-1143
-72
-1036
-962
-1057
45
-159
-558
0
-140
-1722
-524
117
54
0
0
1502
-3408
0
0
0
1561
0
209
2173
103
-3056
0
0
-830
-270
-3411
-127
0
0
-2783
-2393
-522
415
936
450
385
0
0
-3633
126
-369
1324
0
-1277
57
197
0
2352
192
0
986
823
73
0
-272
594
149
-222
0
-46
-1571
-36
91
-801
0
-494
-702
210
168
-6560
-4979
0
-1130
-1002
-633
127
1017
0
0
-2351
-369
-1042
-240
0
72
0
744
491
0
3559
390
0
-282
-2313
1948
151
-163
474
0
-1054
308
0
-430
0
-2663
-88
16
294
2647
-890
0
0
0
-66
238
0
-308
0
0
-3074
-1476
0
-11
0
-2158
-4600
2306
0
-1953
117
0
90
-80
225
120
0
0
0
-2496
-2141
0
0
0
-137
0
0
-292
0
-520
0
0
0
813
0
0
0
0
-1063
-1674
44
-47
0
0
-348
-73
0
550
-1886
420
254
0
-1353
0
167
0
-3309
0
0
-67
0
0
0
254
0
0
0
0
0
-674
58
127
104
435
-1336
-279
610
1313
-1905
-508
0
-15
0
-630
0
-147
0
0
-2503
204
-130
0
0
61
-148
2159
-1123
0
2565
0
0
0
648
12
0
-964
-84
0
-164
0
0
-504
180
-875
0
0
0
1066
-908
0
0
0
258
-198
0
-1270
0
0
-537
-1049
0
-1123
0
130
-2359
0
0
-2571
-237
0
-217
-1019
429
-1180
0
0
0
207
-2354
0
0
0
76
0
0
-299
0
-140
0
0
0
231
-48
0
0
0
196
-4201
355
-154
0
0
672
0
0
-2349
1479
-305
396
0
-1550
0
0
0
-1293
0
0
58
0
0
0
618
0
-381
0
0
0
897
202
510
293
79
-1711
0
260
1568
-1032
1001
0
-984
-2159
228
0
113
0
0
274
564
888
0
0
-114
-78
1413
-524
0
2893
0
0
65
928
1143
0
770
-809
0
-96
0
0
658
740
-2148
0
0
0
2480
-708
0
0
0
-520
74
0
-2226
0
0
-2988
-2146
0
265
0
-1658
-2286
-1184
0
-441
-609
0
-6
88
0
0
0
0
0
2522
-2094
0
0
0
-333
0
200
762
0
-1582
0
0
0
381
-960
0
0
0
-1071
-1978
4
0
-80
0
841
25
0
-2056
-1778
0
423
0
-2074
0
81
0
1153
0
0
60
912
0
0
588
535
75
127
300
0
-1158
98
832
342
135
1269
44
240
-635
-3210
-1686
0
-332
-189
-60
0
-515
0
0
-2502
0
-2538
0
0
0
0
424
577
0
3762
240
0
0
-285
1399
0
-635
-2
0
38
0
0
-87
0
-29
0
0
0
1924
87
0
0
0
494
0
-34
-4040
0
98
-1775
-1442
0
-713
-381
304
-1824
2145
295
-3989
-714
0
713
-2756
225
276
328
0
0
-2516
-5939
0
0
0
198
0
212
643
0
-1116
202
0
0
382
-534
588
0
-312
-1507
-6736
594
52
-2109
0
-2862
-98
0
-5211
1286
979
1646
0
-1584
-127
176
0
-3007
0
0
197
1610
0
0
833
1125
-824
-37
762
0
500
-12
1559
-84
121
-2266
-713
-127
1554
-3751
-6654
508
-1712
-4244
-1085
112
-551
0
0
394
0
2221
-468
0
112
1004
572
-1656
180
5707
762
0
57
-1488
4000
244
823
-1633
0
-1040
-39
0
-743
705
-2283
0
-320
0
4821
-995
0
0
0
322
-1182
127
-283
0
-78
-2729
662
0
-112
6
-2107
-2709
-1390
0
-2035
-175
0
-926
-1399
204
312
148
0
0
-2395
-2262
0
0
0
-414
0
0
-36
0
-1148
48
0
0
195
-15
0
0
0
135
-3568
-1455
0
324
0
-2769
25
0
-245
-1118
-855
556
0
-1909
-80
129
0
-357
0
0
-441
0
0
0
-170
0
-102
0
0
0
-342
0
424
-1459
230
-1257
-297
292
-395
-890
-1896
-164
-1240
-1328
698
0
848
0
0
-2310
0
245
-183
0
72
684
665
466
195
3461
0
0
-141
-1275
643
-100
-333
314
0
278
54
0
-365
525
-875
0
0
0
2279
-615
0
0
0
26
1190
1524
-579
0
-4
-2900
-156
72
15
8
-1799
-192
-348
825
-304
0
0
92
0
0
0
296
0
0
-2796
-1380
0
0
0
282
0
0
0
0
-1400
0
0
-390
357
-21
0
0
0
-1309
-1223
-16
-310
792
-245
-2520
89
0
-370
-1540
0
276
0
-884
0
151
0
256
-219
0
-1523
0
45
0
0
340
0
0
0
0
-1642
0
0
0
635
-489
96
892
-630
-3207
196
0
-526
0
-160
0
0
0
0
-1893
0
582
0
0
0
0
872
205
0
762
-340
0
0
-240
375
-50
-570
-60
0
520
144
0
-106
0
-2148
0
0
-636
332
12
0
0
0
-639
0
-153
-1895
0
0
-5047
-358
0
-794
0
-3259
-2766
-348
24
-2040
0
0
2
-212
0
0
-21
0
0
-3271
-4521
0
0
0
585
0
0
297
0
-3620
0
0
0
224
-2334
0
0
0
-1462
-3140
536
0
912
0
283
-107
0
-1613
446
-20
173
0
-3795
0
122
0
165
0
0
591
0
0
0
364
456
-381
0
0
0
-1084
0
204
399
177
-1140
-702
994
166
-7441
383
0
-701
-1524
91
0
175
0
0
-4083
0
-375
0
0
0
508
1598
-703
0
2346
245
0
0
146
832
0
386
-50
0
-836
105
0
653
315
-3443
0
0
0
1856
-367
0
0
0
-228
176
81
-1958
0
1372
-3951
-4614
2574
0
-500
-3329
-1896
-886
-948
-321
-1635
-475
-12
207
0
0
1048
0
0
1982
-4089
0
0
1188
-1964
2
550
88
3502
-5325
0
0
-2967
0
-3408
1224
396
-4191
-309
-3252
-320
1080
-408
0
1419
1782
0
-4519
0
0
1479
1501
-1044
0
1296
0
1358
69
0
930
1635
0
0
0
1385
100
0
344
0
-2430
110
18
0
0
650
-1614
390
0
-4514
-2335
0
-750
-596
108
-228
-1679
0
86
-4388
0
-2736
-120
0
0
1957
1108
-104
0
1496
2146
0
0
-403
-575
756
-267
0
0
454
627
-5742
-558
0
137
0
408
3596
700
0
0
0
0
2312
0
630
-550
0
-1092
-2769
4988
858
0
325
-2201
-1580
-852
2470
-3112
49
605
0
-2292
0
0
1560
0
0
-352
-3614
0
0
81
0
-127
395
-8
-4318
-4195
0
0
-3397
0
-1980
-3048
196
-2310
-23
-3344
-560
-1095
-1492
0
608
-2286
0
-4779
0
0
434
646
-1383
0
420
0
220
-381
0
-360
1264
0
0
480
1744
-492
-19
940
0
316
55
48
234
0
-502
-5084
0
0
-922
-5050
0
-2034
-2204
0
0
2264
0
127
-2363
0
-1064
-156
0
0
1083
770
462
0
1533
2373
0
0
626
-1050
-3332
0
0
0
0
1176
-5046
30
0
0
0
2448
-203
1200
508
0
0
0
76
0
-36
-2618
0
0
-1344
-1270
0
0
0
374
0
0
-592
675
0
0
0
0
0
0
123
0
0
2730
-735
0
0
0
1397
0
0
0
0
-680
0
0
0
0
-1152
0
0
0
-1905
-1113
0
0
-380
0
551
0
0
-3016
0
0
508
0
0
0
0
0
1809
0
0
470
0
0
0
0
642
0
0
0
0
-602
0
0
0
0
1022
425
-1380
0
-2760
-54
0
-154
0
-381
0
0
0
0
52
0
-2413
0
0
0
0
312
-210
0
1905
280
0
0
-99
759
0
130
0
0
-1778
84
0
0
0
-3810
0
0
0
0
0
0
0
0
264
0
0
-802
0
0
-3827
-1654
0
-325
0
-1918
-1822
944
0
-966
889
0
16
572
0
0
0
0
0
-3197
-3190
0
0
0
48
0
-508
-414
0
-1087
0
0
0
84
-1905
0
0
0
-726
-576
-48
0
192
0
-339
-98
0
-252
28
0
166
0
-599
0
86
0
-1708
0
0
-127
-1552
0
0
300
380
-48
12
378
0
-976
83
912
144
-75
-1549
-510
624
310
-6238
1405
0
-16
-273
-80
0
-375
0
0
-2075
0
160
0
0
0
0
774
-1068
0
1101
210
0
0
-1082
272
0
-140
-250
0
-202
0
0
-93
0
-174
0
0
0
1284
-3
0
0
0
-488
0
0
-593
0
0
-1527
632
0
-635
0
-1280
-310
-980
0
473
322
0
92
-319
0
0
0
0
0
-459
-2504
0
0
0
381
0
-168
-480
0
-2059
0
0
0
228
-420
0
0
0
-1539
-1419
-436
0
-56
0
991
99
0
-952
1022
0
94
0
-1727
0
108
0
1517
0
0
47
32
0
0
36
-240
-84
-31
282
0
-652
47
-800
-282
605
1142
-1013
-736
405
-1862
-3219
0
-192
-273
-508
0
635
0
0
-1347
0
-2502
0
0
0
0
532
-193
0
2262
-12
0
0
-3881
594
0
325
-254
0
-254
0
0
-240
0
-3683
0
0
0
1516
-122
0
0
0
538
0
0
-1311
0
0
-4027
-1970
0
41
0
-2119
-5274
-1305
0
-4012
0
3
-129
93
-508
0
72
0
0
-587
-4664
0
0
0
-222
0
-100
-700
0
-2035
0
0
0
525
-1352
0
0
0
-1217
-3897
-594
0
72
0
354
320
0
-3554
568
-108
266
0
-3926
154
823
0
-531
0
0
-163
-162
0
0
686
0
-480
0
0
0
-1082
220
354
351
1355
-2040
-984
300
535
-2829
-774
0
-953
-854
48
0
154
0
0
-3296
0
-1542
297
0
4
0
1548
-1008
0
5982
0
0
0
2035
117
-26
-612
-731
0
-16
0
0
-203
0
-5582
0
0
0
2809
476
0
0
0
558
0
0
80
0
57
-4622
2310
0
-396
0
-1770
-1886
-1701
658
-3476
-116
121
175
-784
-488
2106
360
0
0
-678
-3252
0
0
0
-785
0
0
396
0
-3295
0
216
0
35
-1664
456
0
-530
161
-3159
374
52
342
508
743
-635
0
-1995
2570
-45
490
0
-3324
0
70
0
373
441
0
360
-135
0
0
505
1410
0
114
0
0
330
0
126
285
719
-1430
-2611
265
1208
-1748
-871
212
-976
-969
210
-57
434
-405
0
-1909
-550
-338
0
0
-889
1905
1161
1020
262
2662
480
0
130
89
-454
0
792
51
0
304
110
0
939
280
-3063
0
0
0
1589
-758
0
0
0
252
880
0
-238
0
0
-384
-1651
0
0
0
330
0
-1340
0
324
0
0
92
80
0
156
0
0
0
1092
-490
0
0
0
0
0
0
254
0
-170
0
0
0
152
0
306
0
0
-762
-901
96
0
0
0
406
99
0
-1768
1314
258
127
0
-1034
0
0
0
804
0
0
0
0
0
0
1470
0
0
0
0
0
-602
0
728
342
0
1095
0
0
972
-660
-1188
0
-110
-117
-254
0
-515
0
0
36
0
-762
0
0
22
412
104
-105
0
2032
0
0
0
-759
0
0
390
-1143
0
0
0
0
-1116
0
-1905
0
0
0
1143
-100
0
0
0
0
-252
-36
-3378
0
0
-1218
-3646
0
0
0
272
-340
1016
-592
792
273
0
0
-220
0
0
123
0
0
-1334
-1813
0
0
0
1397
0
184
-438
0
9
0
0
0
0
-1002
0
0
0
-2507
-1737
84
0
-420
0
-1699
0
0
-2320
0
0
658
0
135
0
0
0
539
0
0
470
-832
0
0
762
722
63
82
456
0
-842
29
1016
312
0
918
1037
-1380
0
-6329
-3288
0
222
252
-381
0
-245
0
0
223
0
-1573
0
0
0
0
566
-924
0
2850
-482
0
0
-592
2040
0
130
0
0
-1778
84
0
-381
0
-3810
0
0
0
756
-492
0
0
0
432
0
378
-1010
0
0
-3682
1310
0
0
0
-2244
-2484
-496
760
-4163
525
0
0
-583
0
0
234
0
0
-3124
-5212
0
0
0
-990
0
-216
-804
0
-2728
0
0
0
0
-1935
0
0
0
389
-4906
-1449
0
-1532
0
-2697
0
0
-2235
0
0
496
0
-846
0
0
0
-197
0
0
-360
-1344
0
0
480
1398
-288
-67
606
0
-84
74
784
-336
0
-2077
-3060
255
0
-1567
-589
0
-1765
-2037
270
0
280
0
0
-2190
0
1333
0
0
0
0
634
280
0
4212
277
0
0
1591
1484
0
64
0
0
1036
147
0
162
0
-2550
0
0
0
2160
556
0
0
0
-240
0
0
-1210
0
0
-1314
-1464
0
-455
0
-1962
-2888
684
0
-1948
0
170
42
-576
300
-368
123
0
0
-3187
-3470
0
0
0
0
0
54
-990
0
-101
0
0
0
394
-26
-684
0
0
-9
-2192
-128
0
-172
0
-1682
-171
0
149
-2268
-24
378
0
-2773
-254
516
0
-2316
0
0
0
-102
0
0
1200
0
-455
0
0
0
-308
328
469
99
-60
-1428
272
0
-1338
-1144
-903
0
-195
-2700
-170
0
220
0
0
-2390
0
258
-213
0
-16
-320
167
-709
0
2663
0
0
0
2901
558
178
-930
-509
0
-202
0
0
1185
0
-147
0
0
0
1836
1015
0
0
0
-196
270
0
-254
0
0
152
-52
0
0
0
195
-528
-1260
0
-1344
0
0
35
-530
0
468
0
0
0
636
-1180
0
0
0
0
0
0
198
0
-340
0
0
0
50
0
456
0
0
-30
-2159
536
0
0
0
448
-14
0
-2159
1746
-15
91
0
-2684
0
0
0
828
0
0
0
0
0
0
780
0
0
0
0
0
658
0
357
342
0
510
0
0
672
-528
1430
0
-635
-1651
40
0
175
0
0
198
0
282
0
0
-127
508
204
112
0
912
0
0
0
1150
0
0
546
-387
0
0
0
0
1068
0
-1845
0
0
0
1008
-360
0
0
0
0
528
-627
-570
0
254
-5256
-984
-45
-614
-144
-3237
-1509
-833
782
-134
0
0
644
0
-87
0
209
0
1
-197
-3032
0
0
-132
294
0
0
-207
0
-3573
0
84
-830
347
-3523
0
0
-41
-3217
-1545
12
332
1110
90
702
99
0
-1499
912
0
421
0
-747
316
362
0
3092
256
0
1575
0
0
0
0
564
-48
0
0
0
-2600
0
0
0
605
1437
-2372
-160
405
-4418
-192
0
-377
0
-1063
-132
0
0
0
-4942
0
-2789
186
0
0
0
968
985
0
3024
385
-282
0
138
-481
210
-901
-254
0
-428
241
-36
-239
0
-5073
0
0
588
508
-10
0
0
0
-8
0
658
-3672
0
-182
-5383
-3380
-120
170
576
-2475
-2239
-709
1149
-2581
404
0
-53
-466
-354
0
76
-46
27
-3696
-6933
0
0
-234
-1795
0
216
901
0
-3968
0
154
-40
-265
-3448
561
0
-291
-591
-3802
462
131
-56
22
-1831
-127
0
-3316
799
430
1321
0
-1699
461
215
0
225
384
0
363
-1448
0
0
630
955
-7
70
660
0
-899
82
2876
594
475
-2288
-610
316
363
-8855
-3069
762
-834
-2843
-46
-219
-1086
0
0
-2632
-115
51
-420
0
176
309
1190
-601
-23
4458
-165
-318
0
-2086
2096
-246
-80
-858
0
-49
-75
-104
-1120
0
-3311
-518
-22
528
3472
-304
0
0
0
-255
-126
261
-2200
9
0
-4047
480
0
-2004
322
-4244
-2765
-1465
499
-5081
-700
-381
416
-3419
-1918
939
0
44
0
-3137
-9217
32
0
-176
-272
0
150
2457
618
-6256
0
-88
-184
2212
-3648
-707
396
-512
-2184
-6370
-515
385
-1109
0
476
436
0
-3428
1729
934
1008
0
-5012
479
983
0
924
208
92
972
275
0
0
798
-404
-1457
192
94
0
-501
1329
-103
-831
1751
-1367
-3180
594
2922
-5957
-7739
262
-2353
-3370
-1106
-44
-61
-910
0
-5218
-1967
-386
-645
-96
450
1072
1624
117
127
5859
48
0
0
-3770
2469
-621
-1032
-1382
0
154
88
0
-436
698
-5741
223
360
124
5440
-1216
-156
0
0
-739
-531
0
-118
-99
75
-2138
751
0
-16
0
-2597
-1878
-3136
0
-1013
602
123
-1052
-673
-1070
-709
0
78
0
66
-2238
73
0
-312
-360
0
159
1416
-762
-2678
0
214
0
-817
-224
-1202
88
-172
-413
-2197
-1246
248
-112
0
1211
45
0
-877
-303
-1539
365
0
-5946
0
108
0
912
32
254
66
6
0
0
2759
-48
-51
-112
0
0
-1005
-156
355
-938
424
-735
-448
0
-690
-1084
-2558
186
-357
-765
856
-73
1704
-1428
0
-2040
-1828
-1730
-156
-156
262
79
1539
-141
0
3608
-2
0
186
-897
391
0
-206
-603
0
108
0
0
69
615
-3149
0
0
0
3340
743
254
0
0
728
645
0
-124
0
0
-1384
819
0
0
0
-1680
-456
-1420
0
-1236
0
0
-35
-750
0
-352
0
0
0
-432
-1870
0
0
0
0
0
0
68
0
-945
0
0
0
58
0
-672
0
0
-528
-935
-560
0
0
0
-112
-38
0
-1530
-1224
-183
46
0
-2376
0
0
0
660
0
0
0
0
0
0
495
0
0
0
0
0
-1512
0
735
-618
0
-1920
0
0
-1224
-1309
-1716
0
-625
-689
78
0
185
0
0
-1854
0
324
0
0
-77
164
216
336
0
1072
0
0
0
-2507
0
0
-456
441
0
0
0
0
-1152
0
-1875
0
0
0
1494
-460
0
0
0
0
1302
-410
-4326
0
304
-2704
-1140
276
49
-1416
157
-1350
127
-2226
-974
0
0
120
0
75
0
570
0
41
-3243
-2483
0
0
177
2345
0
0
-219
0
583
0
-254
-1150
58
-1250
0
0
12
-2227
-2116
0
172
-1417
339
-2254
0
0
-2934
-8
0
1179
0
30
-508
284
0
-3788
-31
0
-455
0
96
0
0
769
63
0
0
0
-290
0
0
0
0
-629
1291
-1353
0
-5024
-53
0
222
0
-887
-75
0
0
0
86
0
-502
-254
0
0
0
1954
-2585
0
2171
-1075
282
0
39
1027
129
91
0
0
-5032
-396
-364
-127
0
-6094
0
0
468
0
0
0
0
0
272
0
3290
-1879
0
-160
-2162
-2329
382
-371
276
-1799
-541
-461
1965
-3192
273
0
-382
340
68
-508
386
0
-81
-5733
-3277
0
0
69
-1128
0
0
-330
0
-1165
0
-112
-1180
236
-253
90
0
83
-236
-2193
-80
-660
-1548
101
-4319
89
0
-2271
-1992
90
754
0
-1430
-320
83
0
-365
-798
0
-2100
-936
18
0
2147
650
0
164
152
0
-1552
0
2068
144
0
-1949
-253
723
-1512
-5303
-1078
0
-1040
35
428
-123
-522
0
0
-1574
0
1789
-122
0
-89
-64
1190
-618
-61
1505
-1645
-339
0
-1328
1797
-269
-501
-270
0
1222
482
-164
-1567
0
-4714
308
142
-1314
1125
-372
0
0
0
-410
588
630
-8609
0
0
-705
-1826
198
-2044
-298
-1054
-1686
1904
28
-2949
-1224
123
794
-989
279
-300
844
-175
0
-3222
-7708
0
-312
236
1429
0
494
1955
515
-631
202
0
-1985
690
-2100
192
0
-1894
-1965
-7882
-537
-117
-3057
464
-6781
27
78
-4943
-1438
591
2388
158
-2906
-154
866
0
-2155
-778
0
-920
1433
288
0
1360
3069
-1267
-96
1628
0
237
1062
1066
-114
1125
-670
1337
390
-1152
-7684
-2878
762
-1624
-4097
-1455
2634
-463
0
0
-943
-690
1734
-671
-246
248
-316
1342
-1899
-11
5083
1378
0
0
-3600
7198
249
-567
900
0
-2030
532
0
-1300
174
-1818
-626
-218
492
3456
-724
0
256
0
672
54
928
-1265
-2071
1072
-4111
-958
-954
-12
728
-489
-1622
1420
4512
-3786
2955
132
-1166
-1983
-321
-2572
156
426
816
-1244
-2316
-1479
5298
-5877
-3654
-104
371
1617
-635
-2540
-2118
0
-2988
-456
-3776
-3368
-4062
-9772
425
-3093
80
2075
282
1016
-2803
-312
2800
-1756
42
-48
658
2108
-18
1035
72
-624
-437
2680
510
3369
-98
-72
-2450
-48
358
-1866
92
3184
0
367
-120
833
-553
-360
-2967
-5206
0
1116
-340
-2806
3254
-3179
-2292
910
-172
1560
-3828
3042
107
-458
941
12
-762
-12
-696
1909
-216
0
2241
3349
0
-172
-1184
2514
-132
28
-1633
280
534
98
-8763
3465
670
-1197
-265
2352
1911
1491
-615
0
883
1740
-1452
-354
-36
-2618
0
0
-1344
-1270
0
0
0
374
0
0
-592
675
0
0
0
0
0
0
123
0
0
2730
-735
0
0
0
1397
0
0
0
0
-680
0
0
0
0
-1152
0
0
0
-1905
-1113
0
0
-380
0
551
0
0
-3016
0
0
508
0
0
0
0
0
1809
0
0
470
0
0
0
0
642
0
0
0
0
-602
0
0
0
0
1022
425
-1380
0
-2760
-54
0
-154
0
-381
0
0
0
0
52
0
-2413
0
0
0
0
312
-210
0
1905
280
0
0
-99
759
0
130
0
0
-1778
84
0
0
0
-3810
0
0
0
0
0
0
0
0
264
0
