71
-115
21
-123
75
-35
127
6
1
-127
-33
-56
97
122
16
-63
27
8
-22
-67
47
-17
79
34
-112
8
63
-8
77
37
-35
98
27
-94
5
-43
16
33
-40
-84
-14
-11
5
-99
10
-10
71
-12
-67
57
50
-31
64
127
-119
-53
9
-101
-27
0
-82
-127
-18
-101
-65
-31
-26
-22
-10
-24
-38
-120
102
-89
-127
-103
66
4
59
127
71
-7
3
-68
16
58
-64
127
127
-20
-36
127
20
73
-23
2
-33
1
-118
-36
31
76
-52
82
127
-127
-11
-73
-96
29
-50
-28
59
127
67
-33
127
127
22
84
-125
127
-127
127
11
40
-54
-91
18
-114
62
10
-97
-74
126
-116
-8
-61
108
-46
8
98
67
-127
31
-53
-62
-60
-88
-16
14
127
-62
56
16
-127
-40
-106
-53
93
99
11
-127
109
-37
-3
-90
3
-18
11
-28
-73
-127
-41
-49
-36
-65
12
105
-37
-111
-66
35
97
61
22
57
54
12
-95
33
-11
-127
84
20
83
-50
-58
-38
-111
-46
13
127
4
-127
-24
127
-52
15
-66
75
6
-17
-117
127
-99
