-3069
45
-130
-4612
-3748
-2500
0
-821
14
357
-1098
0
0
-8
-1520
1700
692
301
1922
-48
770
-164
-2323
0
-1778
-2242
-4770
0
-3435
1897
-752
-1376
-1167
-1344
-952
-949
0
-1019
-752
819
-505
189
761
-3090
-3448
0
-2443
840
-3199
1511
257
-2336
-5358
-9499
-1805
0
105
697
336
390
0
235
0
-779
0
1035
1869
-892
0
-1373
-2753
0
338
-2334
-200
-508
-6476
0
0
1324
0
-4151
0
-1807
-564
0
1226
912
1771
-254
0
-254
1810
888
-672
-756
-3376
-2920
-2479
494
-508
1800
1852
-2884
110
-708
-614
0
-60
-389
-658
633
856
-390
-7876
3091
-752
-409
1128
1922
769
3629
-80
2499
-536
0
0
-307
-116
1196
-1867
119
0
1131
836
-123
0
-4805
1912
250
0
0
-9651
-2029
-451
0
280
0
-6680
-4206
-268
-672
963
-2568
-5601
0
-187
-511
3465
-1721
-2669
-1274
-2477
-2918
-2391
-1705
0
2113
-3676
-163
421
1360
476
5392
0
-15
-253
1628
-632
-1742
-896
0
-60
-42
-846
-2624
-936
1453
-840
-954
1708
-3257
1823
-2718
-447
400
5378
-3032
4582
206
-505
-234
0
-5040
0
-585
-508
0
0
45
-3637
354
-364
1080
-987
-3886
508
-1756
-1495
-1778
-740
-6394
-21
-273
-9
0
-4110
108
1832
0
-240
0
-150
3288
1321
0
-97
-1121
-4813
481
0
0
0
1741
-3090
-2741
0
-2098
-1474
-707
-1380
3230
0
0
1471
-127
-622
-254
0
-2581
-3772
-2947
454
0
870
-81
-22
-2286
411
-806
112
0
-1741
0
932
-1563
-522
0
-1012
-3060
-75
0
-1062
0
746
0
405
-48
-1313
-3691
-902
1076
-175
0
0
-218
-31
-5974
0
0
-827
-880
-1818
0
-159
-3004
106
0
-376
1508
-1274
-2907
0
-194
-4408
869
-254
0
1360
2753
2993
0
-2428
-637
-2129
2217
1643
-2638
-1013
0
80
-1359
-181
405
53
0
-1170
-4353
2949
0
-384
4184
605
-173
-2265
1863
51
0
1838
-2817
-1663
1058
0
604
-444
-1513
2730
-577
1117
0
-1512
0
2216
-3085
-907
57
0
0
-288
947
-494
1316
-868
1155
913
-6069
1508
716
-60
-1178
-214
-417
2538
0
-2248
-339
336
-635
-100
-508
0
1092
-26
0
-1684
0
9
0
-12
0
-773
-133
-850
-3617
-1463
-3466
0
-7048
-394
1329
-889
-104
0
-40
698
-5460
-2378
1566
-743
12
2738
-14337
-8104
0
-5336
35
-124
1176
-1936
2450
2136
-1348
-2588
1288
728
5991
0
-1839
-1565
-562
-179
228
-8785
-2275
-11431
0
-3577
1426
-4956
-594
-302
717
-5347
-9979
-3778
0
-462
-3926
-3246
-3121
-57
628
0
-4606
0
-4813
-7736
-864
0
-2968
-2884
0
572
-1922
893
76
-90
0
0
-5373
0
-8710
-6
-3337
-516
0
2906
-4291
-3350
-123
0
-68
-7180
1393
-185
-708
424
-2118
2427
-879
-232
4447
2461
-4685
-1822
-1524
-1619
0
-3024
1080
-56
295
1302
-462
-2896
6584
-4291
4220
3866
-7907
81
525
-878
-2534
-755
762
0
-2944
-238
-1051
-668
-101
0
-3662
-2109
-335
0
-4082
-6937
1294
-615
0
-10903
-317
-5079
0
350
0
-8112
-2821
-616
792
-6579
-2372
-5703
0
-1156
-3736
3398
-2409
3505
-826
-3526
2190
-2034
645
0
-5260
-6534
-249
-1493
2273
996
7843
0
-39
-2483
-2126
-2114
-1026
-756
0
142
-350
-6670
-1319
-1455
848
-2297
-2454
1371
-2571
-1433
-3437
3413
-300
2772
-5095
8247
-3847
70
-6
0
-452
0
-786
-56
0
0
-818
-4571
-717
-910
-930
-1723
-3314
-252
-2402
-715
-1036
-979
-9185
-40
-1261
-1845
0
-1530
-1571
-366
-248
-670
0
-128
2873
-3399
-192
1153
-3146
-7755
1290
0
0
0
-3963
-6633
-5513
0
-934
-1620
909
-581
-4177
0
0
-3911
-545
758
-8
0
-2403
-672
307
1219
0
31
153
-254
-1632
-2798
-681
-304
-22
2751
0
-2908
-1167
-861
-127
-897
-2530
-1180
0
-275
0
-4603
0
-756
-204
-1393
-1611
-3809
-1415
651
0
0
-1829
405
-8236
0
0
-1210
320
-1712
0
-162
-6825
-419
0
-438
-1672
-597
-2928
0
-8
-2705
3771
-120
0
-1466
-939
-910
0
-2288
178
-5215
-4282
3217
-1979
-1334
0
55
-1418
-1317
341
-1029
0
-2510
-2559
3583
0
-1476
-3513
-5361
-3672
-8256
2790
-230
0
786
-1227
-3667
-158
0
824
-1098
-974
3529
-221
-2303
-273
-2313
0
-986
-2653
-2055
-204
-1204
0
68
-1413
958
172
-3530
4839
-2245
-6085
2032
-3197
-4235
-2457
-420
-155
1677
0
598
-6477
468
-1605
-54
-128
0
1933
-62
0
-8732
0
-527
0
-2319
0
284
98
-22
-3573
-5961
-2335
0
-5922
-186
-2480
-1093
58
0
252
-104
-4027
-5096
4408
-2222
-452
3640
-5292
-5246
0
-917
3334
-1330
-1392
-2468
2989
1692
-642
-2830
-3487
939
-384
0
-2590
-677
-2424
-2828
-51
-2798
-3590
-7371
0
-2175
344
-5496
-999
-1062
-533
-6498
-8617
-2036
-67
-1958
-3095
-3344
-2954
-307
423
0
-7491
0
-4450
-2988
-88
144
-433
-2284
0
1016
2170
4801
0
-1952
0
0
-1669
0
-7725
-324
-612
22
0
8154
-2767
793
-238
0
-226
-6629
1286
-71
-162
-848
-1295
2144
-3609
0
752
-2101
-4262
1741
-90
-1527
0
-68
-984
0
508
921
-212
1428
7662
-1919
672
2589
-4862
271
615
361
-441
695
-48
0
2251
-71
-2780
-1198
51
0
-1959
-274
-1148
0
-3547
-4199
-967
325
0
-8922
-1446
-2325
0
0
0
-5434
-860
-444
164
-1069
-3853
-5054
0
-1055
-5361
2325
-349
2569
-52
-2799
2948
1173
-937
0
-1309
-7325
568
-2927
-2380
-1199
-871
0
103
-1742
-3422
-793
-308
-608
-819
-240
-979
-3293
1089
-984
-1102
-456
-4756
-425
-889
-3119
-881
4047
-1726
3969
-4991
6018
-3437
273
0
0
-1473
0
-473
-420
0
0
1104
-2539
-1808
192
-5058
2759
-4662
-117
-4352
-3367
-680
-4137
-7229
0
2207
-847
0
-2381
264
689
72
-960
0
-134
1558
-1993
-102
-91
-2931
-5044
1131
0
-91
0
-686
-3423
-4328
0
-1769
-2432
-26
-579
1376
0
-90
-7989
-859
817
0
0
156
-1311
-1515
623
0
-1586
0
0
-1492
-1561
-879
0
-39
514
0
-1696
562
-994
53
-906
-1570
-11
0
-358
0
3774
0
-1143
-9
1604
-2245
-5461
-1604
-2732
0
-430
-2761
58
-7930
762
0
-2340
-737
-261
0
-477
-5300
-1240
0
-1834
-4657
-370
-7055
0
-453
-2754
2759
-303
0
-4233
-2562
-2198
0
141
-3661
-1366
-4127
-79
-2449
-4168
0
0
-491
179
680
292
0
-1748
-1253
1941
0
-1823
-3883
-4716
-2263
-3066
3107
34
0
4211
-4517
-1748
1287
0
1229
-1156
-5081
2033
-39
-1692
-165
-2910
0
2933
-2331
-47
0
1348
0
-228
-205
416
-2621
-3041
5238
-5423
-3203
45
-4736
-917
164
-1853
-438
492
0
-1684
-1202
678
27
-74
-540
0
-629
-690
0
-4101
0
343
0
438
0
-1256
50
-579
-3542
-3590
-1788
0
-1608
600
-2040
-3879
16
-21
446
-779
-1149
-1262
3443
-215
-323
3288
-4270
-823
0
-3940
-321
-2092
-676
-986
2823
-193
-137
-1684
-2869
-1070
1478
-580
-3524
-971
1143
-1440
0
-3164
-3245
-4274
0
1608
1047
-3614
1432
-180
-2119
-5640
-4485
-2215
-277
-602
-2116
-1163
-2283
684
-630
0
-683
-635
-2807
1453
93
-57
347
-205
135
928
-114
1367
0
-1547
0
0
-691
0
-4741
-283
-1643
-48
0
-450
-4215
521
-1898
0
0
-2266
1087
187
0
963
-2132
-836
-2227
322
914
-1351
-4607
-2048
-59
-1745
0
3716
-2117
0
894
1026
-112
-6765
8693
-2395
-38
-933
-3028
-301
404
1002
403
2128
127
0
-508
-106
1238
-255
-6
0
530
-464
-2658
-126
-2073
-2363
-1832
-165
0
-8474
-1327
-1043
11
-392
0
-4038
-1552
-136
0
-1117
-181
-7155
0
-485
-1228
341
-922
1256
-364
-1462
-2589
-1514
-552
0
-1177
-5369
-49
-132
-3683
398
1432
0
-666
-232
756
-176
-1465
-1881
-3141
-1042
554
-280
-2451
-1179
1418
-1133
-3795
222
-2069
-405
-2613
797
-1574
2309
-5058
8466
-2472
133
0
0
-735
5
-126
0
0
-402
-1314
-3267
-928
-712
-629
234
-3885
-746
-2919
-1749
-1866
-2564
-4727
0
-1669
-4466
-224
-1568
-1458
1092
-308
-472
0
-36
1368
-911
345
510
-592
-5121
-530
0
-890
0
-1050
-2165
-4548
0
-1383
-396
272
-382
-1885
0
-9
-3188
-69
-1060
0
0
78
-1109
-1100
783
0
-651
0
-343
-3757
-283
-1152
0
-413
-3106
0
-1002
-1119
-1341
-26
-904
-2566
-300
-463
38
0
-3168
0
1080
-84
937
-1656
-1408
-387
-879
0
129
-1608
232
-4009
1656
0
-320
-873
-2181
455
-540
-6677
-280
0
-764
-2269
423
-4624
0
-167
-4198
3324
35
0
787
-2857
2225
0
-1955
-2850
340
-2669
1065
-5155
-2944
-1088
-88
-244
-3219
707
-210
1184
-993
-3014
1494
-228
-2083
2413
-3675
-4719
-4699
2665
16
-152
621
-3995
-4212
623
141
955
-1983
1149
887
-1007
918
-1323
-4698
0
1568
-903
-1648
-702
-2627
0
0
-470
183
2763
-1220
4302
-1456
-2774
-657
-3049
45
-24
3
-1552
1735
0
-276
-2316
540
-905
0
-432
0
807
577
0
-2987
0
-247
-36
-3894
20
-26
0
-1258
577
18
-482
0
-4916
-635
-1445
-1848
0
-1974
-490
-23
-5537
-1656
2726
-719
-82
2532
-4457
-3112
0
894
-1807
3951
-464
330
2392
2222
-10
-1756
269
878
1857
-820
-2462
-890
-1797
0
0
-6835
-1295
-4367
0
357
1311
-2583
-4900
-2822
-189
-3045
-2608
-3303
-81
-444
-4998
-2144
-4898
0
-406
0
-2766
-635
-4205
-2607
-13
-246
239
643
33
570
-514
425
0
926
0
0
-4672
0
-2317
-1350
-1709
-228
0
1919
-3368
-1032
28
0
0
-9106
790
49
0
2973
-1966
717
-208
-889
884
-138
-1220
-318
-127
-650
0
-715
-1059
0
2
567
0
-2120
9111
-3313
1336
0
-4808
0
-67
195
-606
1957
-8
0
-1539
-500
-1911
-2255
0
0
-2188
-455
-1107
-1143
16
-2975
21
0
0
-3906
364
-1463
-616
196
0
-3066
-901
0
0
-3893
-215
-3509
0
-635
-2588
-1893
-272
2298
-236
-991
-205
-300
328
0
-4564
-3861
508
-2184
0
-126
2413
0
-954
-862
-2862
-2402
-1962
-1919
-2516
-352
116
-2484
389
-831
304
-2740
-2477
-789
-1250
-2431
-3059
2077
-138
-520
-3189
6808
-375
0
0
0
-864
67
0
0
0
-54
-871
1148
-94
128
-2532
556
294
-450
-1887
729
-1862
-1979
-1993
0
-2873
46
-21
-147
288
-152
0
0
0
0
-2487
-4030
0
180
-879
-3127
-782
0
91
0
-1230
-1923
-2028
0
-670
-351
1293
62
-94
0
-20
-4579
-115
2463
0
0
2706
375
-725
1326
0
-60
0
-511
1181
-1229
-599
0
-507
1235
0
-1064
105
416
0
-497
615
-910
-827
0
0
-3201
0
-2016
-288
-68
1364
-4848
-124
-1647
0
-179
717
605
-3697
-570
0
-783
0
-951
-110
0
-4358
-156
0
410
244
128
-66
0
11
1102
5492
-60
0
-2445
-1864
-752
0
-1729
-1049
318
-4387
598
1376
-4462
-153
32
0
1870
1116
0
-112
-1957
-1298
314
684
-1935
-5791
-4883
-4073
-3971
2631
0
-158
-1108
-512
-2165
-1839
123
1752
-1188
-472
312
-312
-2469
-825
-3639
0
-2099
305
1416
171
2147
-1776
0
0
315
416
-3277
3052
-2731
-358
-1046
-5158
-2534
-20
-540
178
266
0
804
-3479
216
28
0
-418
0
-591
-753
0
-3511
0
-129
-76
3309
-46
-2896
-15
-741
-5458
-3088
-4241
-912
-3007
-1978
-58
-2443
0
0
-823
-1151
2074
704
854
-2164
-252
-3385
-8183
-4805
0
-1080
-1951
-2454
0
-7340
-1393
2551
-2896
735
-1178
-686
199
0
-3167
1222
-15
-4330
-158
1438
-2433
-1423
0
-2586
-1734
-183
-1743
2611
-1097
-6535
-4737
-43
0
-2359
802
3194
-424
0
-173
0
-399
0
1287
-4282
304
0
-1394
-2672
0
-3302
501
-907
-2264
-7259
-860
0
1443
0
-3695
0
-1868
-306
127
-5234
1136
-1219
-1355
78
162
-2100
-2627
-2184
-958
-4663
4050
963
-4991
-1012
55
-2174
-2113
-3084
372
-1853
0
-132
-1977
629
-566
-3395
-3345
-8273
-557
-4683
1188
-236
-5515
-266
1699
-254
4693
-1140
0
0
-1942
-162
3635
61
710
0
-3172
-1923
246
0
-3598
2682
-253
-77
0
-510
-85
-1235
0
-380
-469
-4505
-1472
452
-2104
1026
-6441
1717
0
-5
413
3343
-3249
-3211
-1750
-1164
534
-112
-1377
0
-3273
-3428
-332
1699
1673
2839
1305
748
94
-3325
-2224
-2408
-2384
309
-1012
-69
-1050
-187
-4232
-1296
-1955
-920
-2217
84
-4860
655
-10598
-4354
-1697
-1371
-1662
3643
-92
-945
-469
0
-4380
0
-230
276
26
-9
-1298
-4228
4348
-226
1200
1739
-5656
3392
-2653
-3089
-1868
-937
-8103
-71
229
-56
1651
641
-711
-1919
-1143
0
0
84
1371
2338
-226
-2755
-1874
2248
1503
0
0
0
2575
-2963
-8272
0
-3336
-4677
-5643
-501
3916
0
0
-7546
-85
-1197
-850
0
-4936
-1914
-513
-3694
712
-9
-207
78
-1567
-3776
-900
96
0
-3528
0
-3993
-3627
-1980
0
-4490
-4046
926
0
-540
0
4801
-240
-477
202
2319
-7548
-563
2228
-1166
0
129
-1240
290
-3478
635
0
-2886
-1037
-5181
-220
-45
3838
-781
0
-691
-442
-4057
-4478
0
-588
-6182
-2365
-963
-658
-1179
5700
1962
0
-762
-1459
-4772
-2038
4917
-3701
420
0
-350
-2241
983
524
-1142
90
-7182
-7029
-551
0
-2880
1132
-905
-373
-1475
-1135
-204
0
-1799
-3183
-3154
2065
0
318
-1076
-2594
-72
-2073
892
0
-1536
0
4226
-4175
-9
-27
0
0
-508
-1220
407
-2582
-2335
-3500
-96
-6545
-2452
1061
-3810
1059
-226
-718
1839
0
-598
-636
-5720
-505
116
-1662
0
1046
-1037
-84
4390
0
930
-315
822
0
-4210
-120
264
-4393
-5293
-6681
-344
-8125
-3158
872
-1570
-254
0
-2526
2019
-9924
-1632
1869
399
-624
-3117
-8947
-5133
0
-5246
-3640
-1799
624
-9535
-2945
3541
-756
-2228
-976
-1232
2025
-174
-4477
695
-1741
-3426
-128
-13107
325
-8967
0
-3206
-1685
643
-663
610
-5675
-3503
-6667
1881
0
-1491
-9168
2597
-7944
223
1022
0
-5491
0
-8306
-10551
-447
0
5549
-4744
0
-1176
-2624
540
-928
1619
510
0
-9949
0
-10190
-554
-7713
-740
-12
-5028
-6893
-4665
-1629
-147
156
-7208
-4445
-326
458
-4421
4609
2665
-664
-520
5331
-6222
-4135
-4811
72
-3925
0
-728
-623
732
-484
-4735
-3245
434
367
-5764
4752
100
-13383
-680
1533
-3031
1215
-2553
30
0
-896
-224
-1646
-2035
1200
0
-1447
-5391
884
0
158
-12678
2880
408
0
-684
-3557
-1909
0
-264
0
-4942
-5304
380
-1440
-11251
-4015
2057
0
-767
2036
1493
-1631
-1323
-1778
-1557
-3592
2483
-1012
0
-8840
-3968
-270
-4314
2730
419
10947
-1397
414
737
-1443
-3408
-6284
1545
176
415
-1079
-6498
-1564
-1592
-504
-56
-3889
997
-1941
105
4595
-7252
-951
-6255
712
4364
-1415
-2149
-253
0
-6469
0
-303
-14
-127
-108
-1811
-5298
146
-726
1899
-2445
-4086
-1372
-3460
440
2496
461
-13490
-126
-2986
-3955
1412
699
-599
2271
75
-194
0
250
2931
-5834
-107
2133
-3903
872
1250
0
0
0
1618
-4405
-7672
-68
-1233
-3549
35
-5515
-6547
0
0
-6335
-233
-3295
-1718
0
-5057
1608
-2465
-5131
-304
-1647
-63
206
-1573
-3321
-1986
76
2
-5581
0
-5771
-6122
-1059
-125
-5078
-4116
-360
-59
-29
0
-7222
-944
264
-156
1429
-4632
-3030
-3018
323
0
-144
-4632
885
-6849
398
0
3766
-500
-751
-290
609
-5444
-1910
0
-1037
7
-334
157
0
-1378
-4660
-232
-406
-273
-5992
1033
-4450
0
-1853
-5404
-5031
-6406
10533
-5248
-423
0
-180
-2134
-1195
2015
-1440
276
-10762
-4468
-1336
0
-336
-3567
-8952
-455
-8145
135
-400
0
-3651
-4034
-5282
493
0
1662
-1775
158
-2274
-2710
-7550
-144
-1939
0
-3522
-3382
-1129
-78
-1190
0
-432
-3441
1869
-2266
-3338
-4281
968
-4135
-503
-3577
-5691
1330
-870
-546
-2679
0
1959
1824
-7090
-2101
34
-777
0
-2875
-2516
99
-1692
0
-2531
-381
-2185
40
3579
347
825
-4327
-7896
-2906
0
-11191
59
-2449
-282
-140
0
-4079
-576
-6108
-705
2458
-3070
-500
728
-6020
-6139
0
-4363
-2554
-3599
-552
-6986
-2152
4849
1127
-3167
-4385
-1501
291
-246
-6298
2246
-3664
-466
-249
-5100
1531
-9611
0
-4118
-2890
-1442
-4355
-1178
-2661
-2859
-4544
-3542
-24
-8010
-5698
535
-3606
-546
1886
0
-10160
0
-5066
-4458
-1265
123
-598
-1111
0
197
-3746
3137
-1173
-810
0
0
-4542
0
-11199
-1194
-2312
-974
-51
-705
-3977
-2975
-372
-606
74
-12353
-4223
351
756
-3830
2973
1897
-3257
0
627
-3975
-5133
-3848
21
-2496
0
-4063
-315
0
-3403
-4296
-1410
2811
783
-5813
1860
-2356
-11377
-1062
-281
-1792
1148
-10
-12
0
-528
-49
-3215
-2483
686
0
-802
-1382
2296
0
-718
-4106
-4340
-262
0
-1527
-572
-1961
0
56
889
-3031
-4928
168
1390
-2742
-7436
3085
0
-634
-755
-678
158
3673
192
-100
4071
-1784
-1160
0
-2512
-3644
725
-3871
-1230
-903
4115
-11
966
-523
-1299
-835
-5299
2764
2667
-276
-725
-4847
-1987
-1501
1381
185
-6036
1743
-4953
-2212
3226
-3743
-486
-3094
431
6737
-947
-1442
36
0
-7339
0
-159
212
0
0
843
-8390
-2749
-526
-4640
856
-6194
-93
-4166
-5442
2160
-1627
-7763
-77
44
-461
-480
-2131
-1714
-1324
660
0
0
506
-2245
-4780
183
1025
-2877
1322
-741
0
-50
0
928
-1799
-6202
-126
-563
-6387
-1514
-1104
564
0
-79
-10666
-556
-4552
-880
0
-1307
-179
517
-4523
-1016
-1973
0
0
-1742
-5834
1281
0
-18
-4816
0
-5120
-3049
-1271
112
-4761
-4342
527
-100
-356
0
-788
848
1115
826
-3171
-3821
-3712
-987
-4386
0
-650
-3689
1771
-5360
-441
0
-2540
-1260
-1910
0
-135
-9006
-454
0
132
-1879
-204
-4304
0
-1722
-7393
-1693
148
-231
-2016
-636
-4134
0
467
-1348
195
-8536
2589
-6156
-2506
0
0
-769
-589
167
-479
-95
855
-5100
-1529
0
-3660
-3628
-5341
-5602
-1819
1024
-136
0
-6645
-4637
-3180
-557
0
-850
-1147
-4284
315
-1770
-5290
15
-1316
0
3359
-1925
1596
0
-1251
0
-212
-729
-3100
-3155
-5379
-2937
-2572
-6546
-4532
-6046
-5127
251
-1715
206
-2947
0
-2328
-314
-6036
178
120
-2844
0
-3855
-765
-6
1851
0
-612
-309
-460
-92
1140
33
-1340
-3836
-4978
-3935
0
169
93
-4640
-1837
-182
-568
-14
37
721
-2572
3094
-6011
-1210
2399
-7291
1292
0
-3539
-6921
-3439
-1316
-5865
-2267
5633
1101
-3356
-5705
-1247
-618
-187
-5195
2759
-105
570
594
-1375
-3046
-6985
0
-1492
-4413
-460
-1078
5301
-992
-3481
-8950
-2418
-191
-3437
-2579
-1627
-1987
-411
15
-240
-1019
-545
-2798
-2180
-1408
-45
4732
-37
-18
-5157
-2272
-3589
0
-2020
-2667
0
1627
0
-9143
-2248
-2519
-119
0
-333
-4467
2719
-1022
-381
0
-10518
-4615
-29
-762
-3495
5796
-316
-7682
-401
-190
-951
-7419
-3887
31
-1143
0
1452
-1180
-160
-1080
-4551
-568
-11696
4056
-5789
1957
-3670
-6074
-724
2546
967
3287
716
-199
0
-1562
-294
3053
-2714
455
0
961
-1407
1455
-252
-4943
-2737
-5253
-305
0
296
585
-752
-385
-721
0
-3072
-5041
64
0
-1462
251
2437
0
109
352
-1924
-2390
1955
-500
-4000
-2584
-409
-1398
0
2324
-2898
77
-736
-2813
-1422
-389
0
2268
-785
-4746
-1093
-4353
1834
2668
24
753
-941
-6482
-1900
-1601
-631
-4829
594
-7797
-1767
-7018
-3933
392
-3749
2673
3842
-4465
-889
-352
0
-9322
127
-22
-80
0
-450
-2480
-9196
3544
-1782
-236
5326
-5608
-510
-5468
-7077
-938
-1455
-6660
-21
676
-9199
-612
-642
-1984
581
-28
-680
0
144
-4136
-1769
300
71
479
2981
-2824
0
-514
0
2200
-3878
-6212
127
-863
-234
-3184
-3404
-2610
0
-7
-16216
-21
-2718
0
0
-1438
-1784
-7825
-4492
0
-1492
-343
-392
-1743
-1743
-930
0
-58
-2843
0
-3842
-3044
-1806
10
-3744
-5800
3026
-337
60
0
-3555
0
48
-308
-2441
-3939
-1179
1762
-3816
0
-575
-904
281
-5356
-263
0
-2231
-939
-6939
234
-846
-4032
-472
0
-387
-4939
485
-2532
0
-791
-8423
-787
-65
0
1195
-1109
3099
0
-876
-1008
-3652
-6280
4653
-9807
-369
-1088
-74
-348
968
316
-30
91
-3418
-5223
-1320
-1501
-8275
-2689
-3852
-928
-5683
-549
-248
254
-4777
-7761
1492
-1261
66
-295
-1119
2030
-2887
-33
-2395
-756
-4359
0
6663
-343
-1339
-180
-3200
-1392
0
469
1407
-5637
1079
-901
-4908
-6732
-2960
-2290
-4042
636
-159
795
-1447
0
1179
735
-3039
-329
0
-328
0
-2216
-453
0
827
0
-104
-49
-2575
-196
-2266
0
-616
1876
311
-1737
0
-3662
-2704
-3349
-87
0
389
-255
647
-4912
1447
3467
-4108
-1249
-332
-5054
-159
0
-3229
-1413
7441
-184
-2241
-721
5695
254
-2810
436
-3635
-1022
-1010
-1200
1072
-2758
87
396
-9766
-320
-11674
0
-620
-3627
-1413
-8903
2209
-3199
-2653
-6200
-2974
-428
1168
-7322
-2853
-7886
0
-974
-696
-3603
-260
-5083
-3561
-1065
-288
1868
-759
-90
1614
-1396
-1521
0
-1039
-1806
0
-6315
0
1811
-3229
-2647
-42
0
-12027
-5485
-8483
-350
0
0
-17271
-2817
52
264
-537
3712
-2166
-2985
-1263
1429
-1010
1096
-3743
6
-1322
0
320
1755
-164
-5498
-2742
0
3273
7107
-11522
1452
-216
-4896
0
1017
270
1501
1581
-2
0
1729
-286
-2021
-874
0
0
-859
-866
2214
-108
-3622
-2181
1181
0
0
-351
-52
-437
-627
-231
0
-5018
-3311
0
0
-5101
310
4392
0
-497
-268
-2965
95
908
-508
-1954
-1859
-225
-58
0
-7739
-2902
340
-3345
0
-86
1423
0
-234
2774
-1215
-3118
-3499
411
-5013
-660
-1200
-3926
1548
-938
122
-1468
-2841
-1489
-1426
1177
2730
-3470
-1711
-3929
-75
4388
-1264
0
-316
0
-661
-28
0
0
0
-354
2373
1502
819
60
-344
3387
50
-262
-2703
-1226
-484
1050
-1094
-40
-1029
-1813
-385
126
-1896
1539
0
0
0
0
-3017
-4633
0
12
-97
1695
-1681
0
-158
0
237
-9832
-5485
0
2740
450
1341
-3620
-127
0
-13
-15225
-211
-1967
0
0
2734
1430
957
-5495
0
-958
-147
-661
2616
488
-781
0
-234
-2022
0
-3146
-2530
795
0
-3019
831
1394
-953
0
0
-6756
0
-1560
-433
1729
220
-6973
132
-3742
0
36
984
-500
-3999
-407
0
714
-483
374
-133
0
-8642
188
0
-867
391
380
2391
0
294
910
5330
-50
0
-11230
-1333
-3766
0
-8529
-2166
-5806
-5391
2066
0
170
-221
-140
0
728
3267
0
-938
-7696
-4491
-180
665
-6092
-13110
-9909
-1877
-6299
3087
0
-84
-2549
-3142
-2935
-896
63
3607
-579
-402
-318
522
-5068
75
-4759
0
723
311
355
-81
-1639
-2365
0
-72
1323
-1481
-1067
-1526
-751
-242
361
-5669
-3214
128
-369
-289
-2352
0
1478
2598
-1285
-7
0
98
0
-1413
-1161
0
-4981
0
-267
-56
772
-80
651
0
0
-4628
-2607
-736
-148
-5429
-592
194
-7061
0
0
470
-595
1916
0
-798
-2443
0
-1494
-2481
-5990
0
-1072
-2445
-2050
0
-1069
-2506
52
-2716
357
1130
-889
497
0
-5141
-270
19
-4536
-1072
2355
-948
457
0
-4106
-3046
-297
-2635
-299
-15
-1908
-1182
-2049
-804
-4361
1434
1981
-512
0
-327
-40
-2166
0
1149
-1563
81
0
-2429
-2623
0
0
-2667
5539
51
-5906
-963
0
2935
0
-1035
-12
3695
0
293
-1050
1606
-2229
-1942
291
0
-3064
-3623
-1800
-472
-2967
0
-1107
126
-590
-4820
-3528
-1879
-1687
0
-2169
0
0
-3333
-282
-2102
-3095
0
346
-1155
-2834
304
-1672
-5916
-889
815
58
-556
-918
-35
0
-869
0
4204
-302
-116
0
1428
-7849
-399
0
2199
3
-8453
-123
0
-1260
644
-76
0
-944
-84
-456
-2487
508
-1148
-374
-8156
434
0
76
-574
2184
157
-8329
0
558
4667
-1228
809
0
-355
-1278
-639
120
950
1677
-2449
1055
-223
-1841
74
616
-1711
-1091
-570
-752
-2308
-1187
-865
536
825
216
-2286
-574
-3330
-2269
-2202
-3132
510
-1134
-3354
12
-420
343
-472
0
-927
0
0
0
-34
-59
11
141
2708
0
-450
0
-1803
601
-2797
-4883
-1716
-3582
-1982
-1545
-2300
-340
-416
-690
-331
958
-1193
102
0
0
-876
1391
-174
-3609
0
-2380
-221
0
-1365
0
525
743
-874
0
-440
-5472
-3106
121
-38
0
-180
-3737
0
-918
-770
0
-2417
-1959
-2117
-2742
608
-1757
0
0
-812
-1338
3143
0
0
-11523
0
-4928
-1889
-3995
0
-1378
-489
-42
0
0
0
7300
1209
45
611
-3324
-6802
-1426
280
42
0
-810
-2305
373
-1106
697
0
-1419
-2968
-1897
729
-72
-351
-2932
0
-2000
0
-3456
-1487
0
-1087
-3397
262
-25
-10
80
4453
97
0
-1026
-1546
-1047
-3337
3511
239
-408
0
-887
0
132
133
0
431
1265
1134
-573
0
-1564
-1102
85
-80
415
257
0
0
-2394
-2859
-1528
1280
329
-1666
-1497
-4460
-40
-1688
1500
0
-252
0
1882
-4942
1714
-1593
-86
0
0
-5336
987
470
-3484
-2310
-224
-3095
-4
-4763
-4591
451
-328
-3060
1123
0
-1530
-851
72
-610
0
-986
-335
-2713
590
-356
585
0
1561
-108
696
0
-3018
-5
-753
-5272
-7708
-2109
-874
-3646
-1827
-443
-7679
0
-12
-2528
1312
-3231
765
-246
-3160
-367
-73
-4951
-2382
0
183
63
-3510
-504
-609
-3010
-225
-1340
-2871
-3902
-507
-601
-120
-6381
-146
-2851
-899
-235
-9824
-1347
-1265
0
-5150
-3053
-240
1201
-677
852
-594
-1203
-3140
-108
-1624
-6546
780
-2940
82
-915
-216
-10081
-127
-2530
-2912
-246
0
1230
-1653
0
27
-3615
-1356
-2159
-4598
-1982
0
-5278
0
-4838
-1647
-9996
-102
-163
4710
-4585
852
-1125
0
0
-1279
-5171
-1377
-108
-2089
522
252
-474
-631
4303
-3732
-5470
-2099
0
-4274
0
-1644
-4561
-24
-2685
-3633
0
-4558
-5012
-5017
1669
-4192
-7101
-1067
-388
515
785
-2200
-35
0
-89
-16
-2317
1459
10
0
-783
-3094
-3505
-56
633
-3244
-2087
65
0
-2108
-1090
-165
7
-1562
-567
-2434
-2358
908
-668
-7181
-1889
533
0
509
-4492
66
-244
-934
0
-714
-9285
-2891
-3440
0
-4833
-368
-617
38
412
1562
7628
-1350
-887
-619
415
-3482
-2850
-2125
-2705
-820
563
-4835
19
-1484
224
-622
-2871
175
-2219
-749
-1895
-8943
445
-3278
-7544
-4499
7
-966
-394
0
-1603
0
0
-127
-31
-395
-1510
-6042
11
-127
-1258
-1285
-4014
-1989
-5861
-3450
-2756
-2277
-1767
-530
-383
-7026
-231
-1518
-1663
1100
137
960
0
0
-2768
-4017
-269
781
-2969
-2125
-1800
0
-246
0
63
-1650
-2101
-329
326
-2266
-1585
-74
-1482
0
-198
-8642
0
-1551
-2794
-47
-6665
-278
-2010
-2075
-272
-3229
0
-245
-1895
-2872
308
0
-362
-9623
0
-2713
541
-1832
0
-706
-4703
-473
-581
-254
0
-8761
-1891
1131
-222
-2644
-6473
-2773
-801
-196
0
724
-1941
-273
-2190
1898
-42
-408
315
-221
-468
-1470
583
-1304
0
17
-426
794
524
0
-1815
-6695
-284
23
143
-550
2906
-2256
-182
789
-1140
-6530
-6214
5279
-5435
-4220
-832
-72
0
-51
131
0
1004
-7202
-1419
-1296
-132
-8115
-409
-4061
-1707
-6897
1109
0
-76
-5829
-4038
-4433
-881
287
-652
-1878
1763
-1840
-1648
-1976
-1577
-1927
0
499
-5004
3474
-232
-651
0
0
2487
364
945
323
-4694
193
-4648
-625
-4126
-5135
554
-906
-2803
-351
0
1912
43
48
-2675
0
-2378
65
-2024
-618
81
579
0
-1712
-228
-4400
116
-3012
-696
-786
-4558
-2350
-3633
-64
-11578
-1282
600
-3041
0
-1160
-6406
-75
-8655
-196
1322
-3024
-164
-1006
-5674
-4957
0
344
-1245
-1176
-236
-2819
-3107
-1014
2402
-2627
-6147
-1025
1922
-2043
-6274
-774
-1689
4
-327
-9815
-862
-4590
0
-8777
-4613
-2553
-7085
-2499
-2623
-71
-4164
-2673
-629
-973
-7601
1401
-2642
-168
-532
-196
-14512
-1143
-5519
-6714
-3312
-177
-1277
218
495
-411
-7219
-630
323
3372
115
0
-6576
-54
-6994
-2828
-8236
-1002
-211
-5474
-4971
-773
-1183
-450
0
-6627
-4372
749
-756
1568
1437
-855
-1464
-1063
4450
-679
-4370
-2797
0
-4367
0
-1326
-4280
0
-5120
-3554
510
-5686
-2668
-9145
1429
-4477
-7337
-1036
724
-1531
-435
-343
-133
-762
-1468
-367
-2124
-2375
-322
-1651
283
-5808
-4786
-634
-2622
-6733
4280
-33
0
-2651
-534
-982
-375
694
-343
-2324
-10025
-1329
1236
-5928
-5609
1729
0
-2058
-4607
-2425
-1208
2842
-810
-3278
4199
-4802
296
0
-2685
-2581
-124
-582
-2713
-412
6671
-346
-1052
1576
2773
862
-3859
-2638
-3925
-24
-1018
-8679
-4504
-7128
5537
-2065
-4064
117
-1042
480
-4946
-10395
-1535
-963
-6282
3539
-1328
-313
142
0
-2017
25
0
-14
-611
-907
-2484
-10590
418
49
595
-1971
-6693
-400
-2789
-8365
-1764
-4798
-124
-884
-1767
-6198
229
347
-510
-1090
-413
63
-144
0
-3507
-6818
-81
1607
-5540
-2686
-2043
0
-1642
0
-138
-1465
-2179
-623
-2961
-1205
-2387
-2326
-3156
0
-185
-8772
-4838
2423
-88
-19
-2721
-45
2610
-5940
1238
-5
-294
-365
1490
-1310
409
0
-558
-11358
-410
-4980
-2026
-1245
0
192
-5297
2253
-1027
-2920
256
-9770
365
-1288
-342
-230
-3374
-1079
618
578
0
-2048
911
1758
-4720
-855
-66
246
-1601
-3842
-170
-216
-8011
60
1066
-566
2641
-1497
-875
0
-2095
-4027
-611
-104
-117
1222
1050
-471
4
-1406
-2372
-9143
-6132
2245
-6149
-7827
-1589
198
0
1539
-548
0
-525
-5644
-8410
1510
312
-5811
3151
-1765
-3017
-7752
1518
-323
-79
-4695
-8862
-2321
556
252
-1009
-2161
-5571
-451
-36
-7054
-3821
-4272
0
1270
-5102
-4995
-928
-2271
-2442
-76
-4314
44
-341
-6791
-4585
-39
-5163
-120
-2812
-6513
-2927
-2938
796
212
0
1154
-4019
1659
-3888
0
-1213
-55
-5103
-798
-88
-1374
276
-459
117
1240
80
366
106
-48
-1814
-2124
-4928
0
-616
-2061
-7032
-1736
0
-4826
-1982
-1473
-1995
-1488
4427
-3805
-2257
-1010
-7327
-936
0
5102
1800
-1877
-1480
557
-4683
1493
-127
-2642
-3954
-2523
-75
-3346
-1871
-1459
-1459
-541
272
-1251
1229
-4045
0
-1456
-4261
-1781
-9873
-2542
-6150
-2325
-6664
-5421
-483
-462
-2166
178
-5910
-254
105
-785
-10117
-609
-5715
-795
-2749
-108
16
-524
-86
772
-497
3684
0
-2494
-1686
0
2597
-132
-5380
-1244
-758
14
0
5113
-2843
-9733
-720
-159
0
-13858
-3208
-274
-708
2159
796
3018
-2123
-1204
-897
-1769
-3565
-1380
0
-2840
0
2569
-9115
-14
-5888
-2108
460
-2502
1140
-7746
3042
-3887
-10055
-318
-693
448
-32
619
0
-432
-1339
-2153
2696
-3715
380
-1326
-3737
-17
-6294
-1671
-2544
-7849
-1145
0
0
-4343
-1239
-340
-2839
-278
0
257
-2707
-1393
0
-268
55
-897
0
-1730
-1165
-1856
-220
-212
1030
-1186
-2278
-36
-745
0
-2819
-876
-367
-2494
-3508
-3074
-301
0
203
-584
-4132
-2520
-5879
-1659
-117
1523
-518
-805
-3749
-5885
-257
-812
-5309
2199
-4071
-5484
-5129
-9662
-2264
2734
-8576
826
2331
0
-480
0
-3869
289
0
-105
338
-1203
-6924
-5827
-2157
-298
-4865
4021
-3383
-93
456
-9514
-296
-1550
-254
-29
-586
-10404
114
92
1338
-780
0
-824
-1440
0
-2429
661
-159
0
-4283
0
-697
0
-1869
0
302
-968
-3334
415
-3315
0
-6500
-2238
1808
0
-94
-10245
-4576
948
0
-30
846
-730
-2208
-3363
-532
-1703
-357
-1078
-3394
-1075
-676
0
-2753
-8541
-80
-4883
-1414
-2902
0
-1372
-3245
1458
271
-2370
656
-2677
0
-1566
-435
2689
-2432
-3745
360
-5914
0
-965
1094
687
-3669
-1518
-147
-5901
-2291
-3340
-761
-981
-4114
-174
-1443
-1664
-5116
-186
-252
0
-74
-2228
5047
0
0
-1918
-1716
3455
-66
643
-8617
-4096
-8364
-1215
-3854
-5159
-2432
254
0
-1497
2179
0
-1711
-2053
-11037
-350
-3272
-5676
-870
-5003
-4850
-4347
1694
855
218
-1994
-8666
-972
1387
381
2761
-1232
1404
-310
344
1120
-3350
-3749
0
3403
-832
4318
-1194
3038
-4252
-116
-164
-200
-848
-498
-4046
-3704
-6426
1477
2262
-1868
-2968
-1480
396
493
0
-812
2023
-1251
-338
0
0
0
-253
-3314
0
-3418
-292
-1413
0
-2750
-604
576
1050
-125
2718
-4456
-3394
0
-2402
-5092
-4701
1260
0
-287
-34
68
-3297
-635
6063
-1552
-889
-1339
-116
-3
0
3367
-2032
4002
-322
1865
-3829
1311
2
-2949
3251
-875
-20
860
-213
-1095
-2413
248
317
-6572
1724
-5410
0
405
-2682
-2559
-9422
-3780
-6446
1164
-4347
806
-414
0
-3122
-109
-7272
0
0
-564
-1916
61
-1902
-1356
-3253
-381
0
47
-877
403
638
536
0
-2615
378
0
-1217
-144
-4265
1448
-921
2451
0
-4069
-5054
-8418
0
0
0
-17093
-2669
-81
-162
2053
373
-1054
-3683
-770
598
-3079
-1346
-1376
0
-903
0
3799
-5528
-188
-2940
-2002
730
2202
4604
-5697
-769
-132
-4241
0
574
180
0
599
0
-618
5089
-1758
-3678
-1104
804
-1235
-2345
-2218
-4545
135
-878
862
-2067
0
0
-769
-2355
-508
-2499
80
0
302
-1887
-714
0
-4539
50
-769
0
293
1639
-3457
13
-399
390
517
-115
-272
-892
0
-4510
-92
132
-2766
-1524
404
400
0
0
-1424
-1296
-3090
-3721
-675
1430
-759
-1299
-5878
2417
-3489
-1651
-1784
-4505
-797
-1654
2043
-4694
-3527
-1116
-2073
-2086
482
2736
0
-312
0
-532
-347
0
0
-1651
-1794
3850
936
224
64
-4096
3901
831
-7
-295
669
0
1034
136
-46
-6256
-6920
0
-204
-393
-1220
0
-295
1224
0
-1438
-2429
0
0
510
0
-2248
0
602
0
498
-2154
-1443
0
-1114
0
-866
-1678
-864
0
-48
-8611
2780
-833
0
0
2256
549
-2044
-3715
-1778
-2560
-123
185
3311
847
-1026
0
-663
-11234
-635
-2309
815
-829
0
-1114
1034
-2308
-448
960
-128
-3900
0
0
-300
321
731
-6805
204
-4592
0
284
96
212
-5489
-667
0
-733
1291
-220
-330
0
-3271
232
-1651
303
-1809
541
7304
0
1497
1215
5582
0
0
-7261
-3060
-3467
0
-5147
-4084
-3064
-5042
1575
2246
-3983
-2859
-38
0
497
6933
0
-1270
-8041
1844
575
-1543
-204
-7909
-8162
-478
-3829
2539
2413
-40
-1249
-2955
93
-238
126
2234
-254
405
-1088
28
-2052
-1185
-1635
0
-3861
192
1601
-801
-4416
-654
-156
-376
-1016
-660
-895
-929
-1537
1473
-29
-975
-795
-3556
-551
103
-2541
0
175
-5012
1599
-86
0
0
0
-2221
-1183
0
-1537
-172
-258
0
-2659
-1627
1662
0
-261
-3269
147
-264
-782
2176
-5098
-1300
-1177
0
-324
785
366
-2178
-198
-285
-1529
-384
-1195
-2951
2610
0
-1963
-2121
-3130
0
0
-3627
703
-1922
595
-608
240
-1361
-309
-3480
-210
-1199
-4484
-2111
-6372
2356
367
0
-622
-4138
-44
-5413
-1124
-4494
1528
-630
1742
-1140
-1855
-4653
2652
-2875
0
-657
-519
-1809
-109
-2270
-2526
0
0
523
888
0
-1814
0
-2683
-2108
-3882
-38
0
-2835
0
-3443
-4665
-7036
0
-411
-2263
-2010
-1754
-733
-87
0
-1919
-5631
-1543
488
-495
13
-27
-2044
-1201
2016
-1971
-2220
-793
0
-4512
0
-335
-5365
189
-4437
-4824
0
-3362
-3087
-3068
1914
-352
-3788
0
-620
0
1412
-478
-56
0
-347
-71
-1336
-1596
726
0
1104
-5643
999
-112
-3473
-3510
-6483
-69
0
-100
319
-133
-245
-2467
-392
2846
-795
0
-151
-7788
930
1274
0
-162
898
-888
-263
1891
0
-269
-2472
615
-514
0
-2906
1643
-300
-823
-240
240
1220
-1238
-281
2640
-566
-1799
-1767
-142
2708
-264
1166
827
-2581
-3175
-762
-1915
0
354
-5293
-1851
-1847
-4905
-1157
-4076
-1082
2978
2410
-91
-439
0
-1524
0
0
69
83
-421
-668
-2563
1899
-99
-627
695
-2545
-1067
2078
-3815
-2858
1758
-1213
-629
-2288
-4360
-931
-874
474
90
441
0
0
0
-1471
-3520
-434
443
-1270
1344
-470
0
-510
0
189
-679
-158
-351
727
-1170
-2660
-12
892
0
-172
-3732
0
-2073
-1606
-45
-3986
512
1522
-6060
0
-1461
0
0
-962
-537
-1031
0
26
-4114
0
-2695
-1343
-1062
0
-1925
-2885
1778
-500
0
0
-5495
-2525
-704
-309
700
-5205
-2176
-1778
-1312
0
-265
-588
-666
-393
-435
-36
3037
752
-1718
-831
0
2895
106
0
34
1388
113
1125
0
-1374
-4694
-750
-91
-548
-470
2425
-1184
-254
75
-3702
-2622
-4428
6146
-3718
-1486
-832
-1260
0
790
234
0
130
-8534
289
-1579
-869
1783
-614
-2673
-85
-967
-1897
0
127
-1965
-2061
1419
-273
147
839
-1449
2030
-919
1156
-2005
-672
-420
0
-1232
-2630
-419
-393
-994
-1914
0
-3312
903
-3752
459
-3291
142
-2161
-420
6348
-4076
93
0
34
-1457
0
1889
2510
-184
-1237
0
-1575
40
-5401
-1253
-1577
204
0
-520
-168
-1187
120
-3804
315
-570
-2591
-2334
-1804
-368
-8411
-7721
1597
-1472
0
-588
-1655
-660
-5658
412
2713
-329
-475
-4622
-1011
-2131
0
-3398
-1053
-396
104
-3813
-5249
1904
1802
2205
-3044
964
1132
-1581
-1802
945
-2658
-3244
-2760
-8342
2808
-1573
0
-3023
-2706
563
-5542
-430
-2767
-506
-2065
-2703
-576
2541
-5062
4172
-996
0
-821
-343
-5499
-924
-2534
-5615
568
0
3417
-2772
-66
-991
3774
-952
969
3380
-558
0
-3931
72
-5815
-2689
-7753
-2076
-220
-382
-3264
-11037
-1630
-510
0
-4994
-5315
-371
-450
742
-371
7081
-4237
-1098
2294
-2484
-5151
-156
0
-3391
0
-1661
-5438
0
54
-4293
-90
-5411
-677
-2892
-252
-168
-2897
0
508
0
582
-108
0
-54
-1216
-1123
-954
-3321
316
-598
-639
-5920
1302
-300
1192
-2885
-345
-61
0
-1159
1458
-233
-994
-533
-742
1939
-2461
273
-800
-6662
1560
880
0
-1694
731
1466
-1594
783
-130
-1323
-896
3919
-3105
0
105
43
99
431
356
792
4528
-903
-643
-12
-1093
-771
-3045
355
-1353
-376
-2246
-9839
-3597
-615
-7773
-2319
-4894
-1244
-1840
2190
-6276
-7520
-2433
-2079
834
-2608
-2025
-2331
-66
0
-2035
635
0
21
-1456
-1211
-665
-7249
400
16
2657
-318
-5168
-549
-1405
-3726
1204
-6588
-1967
-1001
-2460
-4141
-746
18
-1934
1888
-448
-15
-624
0
-1814
-5306
-159
1104
-4344
-206
1298
0
-354
0
0
-113
-1515
-356
-193
2250
-3404
24
-4692
0
-40
-5500
-5723
-4658
946
-102
-1446
517
634
-3386
1736
-1453
-198
-55
870
-2546
-1002
0
-234
-445
-120
-3640
-4142
-416
0
-964
-4254
385
-1207
-1800
-1088
-8871
-2095
-1889
-330
-855
-3229
-561
844
172
0
192
695
576
-2824
-173
-231
-621
-2784
-4143
-269
0
1647
215
169
458
1922
-464
2537
0
-4813
-2509
-2739
-70
-537
1330
1761
1078
130
-441
-4852
-2481
-3596
3086
-3410
-305
-1641
-648
0
2751
1260
0
-790
-5953
-4552
35
-168
-4200
1808
722
-2010
-1162
-1021
-2413
-42
-717
-2484
-989
661
70
51
-1424
-5037
-2308
-127
-4005
-1370
-891
0
-955
-2245
-2780
-550
-3024
-5143
-288
-3979
1811
-2223
-568
-4996
773
-5419
483
1059
-5797
-324
-369
-4374
-948
0
1012
2429
-349
-3201
0
984
-135
-4458
-1124
-457
-921
-288
-282
120
891
490
-2364
-714
91
300
-912
-2096
0
428
-8843
-4755
-797
0
9
-590
-388
2222
-547
370
-3542
-1679
-4898
-1359
-245
0
-2682
-2411
-421
-92
-1799
-5462
3916
0
-1256
-5698
-4855
-196
-3309
-374
906
-2296
-2110
-1650
1068
2792
-2277
0
-18
-6622
111
-8901
-1886
944
-187
-1938
-7106
0
1260
-2006
3523
-3301
0
-527
246
-7864
-334
-1125
786
-140
0
127
-1169
-330
1688
-560
1698
0
-2496
1022
0
9
-234
-7794
2794
-717
-1780
0
2091
-143
-12489
-480
-240
0
-11962
-5117
0
282
45
-58
-1597
-1805
-747
-2921
-1914
-5064
-1338
0
-1707
0
-865
-8218
-254
-4788
-3649
-160
-858
-1818
-6749
4194
-508
-8802
0
-18
0
31
-308
0
264
-1546
-989
4619
-371
418
299
2449
802
1200
256
3669
-3182
-1930
0
0
-576
-325
56
-1697
-420
0
1661
-4764
546
0
1035
0
5373
0
-1221
-483
807
632
-1493
-910
990
319
-1992
-814
0
-1195
1145
0
-1104
396
-516
184
0
-552
-328
-4174
-1114
-4952
332
-4242
-12
-508
1953
-1941
2541
2853
-2438
-1596
1325
-3810
-1349
-1434
-7877
-2023
-6214
241
-7879
-559
0
-212
0
-3371
-140
0
65
-442
-1275
-1927
-3733
-3116
-184
-3037
2682
-1826
-28
-181
-6031
368
714
-2884
-24
-5995
-7594
-192
-264
-2853
600
0
0
-1140
0
-3683
668
0
0
-992
0
642
0
-108
0
-46
3046
-4156
-303
3224
0
-4651
-68
1424
0
-26
-14866
-7493
-6285
0
-82
-624
919
1077
-7221
-476
-1037
835
-1467
-1891
-5949
-918
0
-1092
-11482
-110
-5641
-4998
403
0
-3781
-2658
2364
461
-4720
-800
-123
0
-477
-216
-6370
-1682
-1886
335
-4743
0
24
224
1570
-879
-400
-231
-5982
-1167
-4307
-517
0
2970
13
-936
-312
-3400
759
105
0
-1353
-2823
-1641
0
0
-3015
437
-173
-124
3384
-2017
-1314
-6228
1215
-1626
1234
-1131
0
0
-939
2114
0
-72
3998
-3178
-1135
-800
-9494
-31
-2821
-841
2246
-1702
323
-126
-3404
-5079
-3277
1108
0
-1676
-286
1656
-892
-497
67
-18
-675
0
668
651
1649
-312
-2473
-4021
68
-188
24
1654
48
-5520
-956
-4732
-39
2046
-2815
392
-648
-597
-2997
0
-526
-1676
-477
236
0
0
0
-2134
-1459
0
2461
-192
-264
0
-4585
-996
