-55
124
-58
104
-4
-75
16
-79
31
26
4
41
10
36
122
99
27
-22
-45
-58
101
-37
-30
127
-99
-127
-31
59
-18
19
111
-89
30
-32
-8
-56
-61
2
61
57
-26
-42
-88
56
33
-37
-27
-59
30
-36
-9
37
-10
40
-16
-127
-75
-44
45
111
-3
-25
-52
7
-127
56
-8
-32
46
52
97
54
19
28
24
44
-30
97
122
124
-16
-60
-3
-2
38
86
-81
35
-119
-86
-19
-61
25
21
127
-49
-13
29
98
45
-127
-1
25
75
-5
78
-20
119
49
-83
-18
-76
23
-35
8
-21
42
127
-90
-103
73
28
-104
127
0
-127
-111
-66
-120
-66
11
-74
43
-1
0
42
-117
-114
-12
-44
-26
64
1
127
-33
76
65
42
-78
-86
-119
-24
47
-61
-40
-28
15
-38
108
49
-85
45
-59
116
-83
-59
8
39
-31
110
37
24
37
-81
-36
-102
76
77
-5
-90
59
52
-105
70
68
78
-127
40
40
-64
-103
-68
102
-65
52
107
-127
-1
-34
-127
31
-32
-111
-46
-94
3
30
63
-27
7
-46
-48
111
-87
117
23
-127
-3
-73
76
19
69
73
-127
64
-17
117
-64
32
31
-15
-119
127
50
-111
-122
-8
-9
54
-21
127
-89
97
4
-47
56
-34
-109
91
-63
82
24
19
105
88
46
88
-62
127
-57
5
106
127
-5
53
127
72
126
-127
127
127
95
-127
-127
-104
25
-77
127
88
-14
59
-109
-127
22
127
-18
72
54
70
-127
-11
-127
-45
48
-110
-127
114
70
38
-127
-20
-42
104
-127
42
-127
56
-127
-127
45
62
100
109
-126
19
22
127
35
127
127
111
-112
6
-127
81
-69
74
103
-127
-1
-34
103
2
55
18
34
-53
72
125
127
-114
-23
87
-95
103
-125
-121
-127
72
-125
108
77
73
-100
-127
33
-21
-5
-100
-107
0
-46
127
-71
23
37
85
-117
-15
36
60
-97
-82
-7
127
33
-48
-127
-120
66
111
-85
72
92
1
-125
-14
127
-65
29
-27
-74
18
-90
-127
-127
11
33
-79
-19
-125
33
-51
26
26
-100
37
-43
9
116
-64
48
23
67
55
-74
30
90
30
53
56
127
-66
29
103
-46
44
-32
-45
-1
-95
-33
28
-20
103
-31
53
-21
-24
79
68
108
85
-120
110
-27
91
-109
17
-58
-93
-59
-109
32
-15
-62
44
1
104
45
111
103
-58
-66
-95
-92
-127
85
-127
-1
127
-40
99
68
-121
44
52
-10
-24
60
87
12
-123
-42
-23
106
-127
39
34
-77
55
-42
-127
-127
-127
-123
14
-77
127
-88
26
-20
-8
-28
-52
43
89
-70
126
88
92
-106
37
-127
-57
-126
26
-127
6
68
-95
42
-6
92
118
82
-57
-99
-86
16
37
55
-23
18
16
-82
-10
59
-71
-96
75
-127
-45
25
127
-12
-122
-74
-73
3
-65
32
70
-127
103
-32
-63
11
-90
-12
-20
-12
52
-41
3
-80
-23
-60
-127
-11
22
-2
68
89
57
-40
