0
13
37
7
8
13
14
-4
-8
15
12
-10
0
16
11
-7
12
-12
-18
-7
-17
-26
-22
-18
3
-10
-27
-13
-8
4
2
-19
11
17
-17
13
16
-10
-16
-19
1
15
-6
-11
-10
17
14
8
-3
-14
19
-11
18
-1
-6
16
8
1
36
10
-14
-13
-6
3
28
0
2
-5
9
-7
-8
-13
5
-1
-4
-7
-9
-34
3
-34
-25
-2
-4
-2
25
15
-11
21
0
0
-14
-6
2
17
4
0
3
13
25
8
19
16
20
-18
11
4
11
26
1
13
17
7
27
6
-4
-24
-5
12
-27
-25
-16
8
-14
-4
-14
-11
3
-3
-12
-16
-5
-6
-7
-9
4
7
-17
-11
-5
9
30
4
-9
2
-14
8
0
21
-22
-12
-18
-7
18
-14
22
-12
8
-23
-5
18
17
26
1
-6
-2
1
-29
2
11
-15
-22
-34
-2
22
-13
5
-2
-16
-23
-1
-14
19
-33
1
15
0
-16
17
4
-23
-16
-19
-27
16
-7
-25
13
34
22
-29
-6
9
-4
20
-2
-8
1
-12
-27
8
14
23
10
2
16
9
10
15
0
18
19
-12
-21
-19
32
-3
-12
7
14
-14
27
6
25
13
-20
-14
30
7
7
-31
-11
38
-14
-23
-4
-10
24
0
10
-22
25
-37
0
10
-9
-8
-22
2
-8
-13
0
7
24
17
25
-14
12
-18
36
-3
4
30
3
-15
20
-24
-8
5
-8
-11
14
29
18
15
30
1
-12
5
14
35
-8
21
37
-4
16
-5
5
20
10
-6
23
10
-18
-4
-18
-22
5
22
-14
-14
14
-12
-1
13
-8
9
15
9
-22
-12
-14
2
-10
-9
-11
-13
21
8
-17
-7
-5
-13
14
1
21
20
15
13
1
-7
12
4
1
-10
-11
4
-5
35
-11
2
2
-11
20
0
6
1
-18
-8
18
-8
-10
24
-12
-5
-7
-22
-7
-17
19
-17
-27
-12
7
19
-9
0
12
-24
-3
19
-13
17
-9
-9
-25
-12
-11
-16
9
1
-12
-2
-18
4
-21
-18
-10
15
1
-21
-7
-10
-12
8
7
-12
-3
0
-15
12
4
0
0
-8
-8
-15
10
16
-4
7
17
-5
-13
-2
20
-3
10
9
3
0
10
-12
14
-9
-40
-8
-13
-9
17
-17
15
38
-31
1
12
-15
31
3
1
-8
20
12
-10
2
-29
-24
-5
-5
-21
-13
6
-10
15
20
-1
-32
-1
4
6
7
-6
32
-5
-5
12
0
12
-2
-15
0
-20
7
-8
12
-13
11
-15
9
-14
31
4
27
23
-8
37
-27
10
14
-1
-16
13
33
-16
1
-16
-8
-12
-4
-7
2
12
2
-20
6
0
-31
7
-9
18
4
-8
-18
-33
3
-24
1
12
5
-6
14
-13
-2
13
-14
14
4
15
20
-11
-24
9
2
-8
3
-19
-2
-1
-2
0
1
3
-10
1
23
13
13
1
-4
-1
17
-12
15
-3
-16
-4
2
-4
-3
-8
-6
-37
-21
-2
-4
3
0
10
-16
9
9
-9
3
2
-32
-35
-15
-1
-4
2
-10
8
12
-17
28
3
-9
4
-1
-14
-35
-5
1
-6
0
12
-2
17
10
-10
-13
-13
-3
-2
3
-1
19
1
12
6
-1
-8
8
-8
0
-7
-10
-3
16
13
3
3
3
4
-12
5
-4
-6
9
12
-11
13
21
1
-11
8
22
27
-15
-6
-15
15
-14
3
11
-43
0
-25
16
1
6
-25
9
21
9
-5
0
22
-8
17
-1
11
22
13
-2
15
-10
1
-1
-13
9
4
3
26
4
1
-23
-3
-8
4
10
13
40
12
13
5
-10
0
15
-1
-10
12
18
-41
-21
-33
-22
12
-8
-20
-4
0
2
-8
-1
-4
8
-3
22
-7
-6
2
-3
-15
-14
-2
7
8
10
-11
12
18
-1
-9
22
34
-8
13
20
4
3
30
-9
-23
2
14
9
14
-6
6
-4
15
-2
-6
1
10
4
-6
-21
11
-18
3
11
-22
13
-5
-9
11
-38
-4
6
-31
18
-5
12
-7
6
-5
-6
-4
22
-7
2
-12
-7
-17
5
6
1
8
-5
7
0
-2
-19
-18
0
-4
6
4
-10
12
-1
-24
4
-29
-8
-3
-30
19
1
-4
10
0
-1
4
2
9
2
-9
15
-3
17
-34
11
6
-3
33
24
8
-22
-18
1
-18
-19
-16
10
28
14
12
-13
-4
12
7
-4
11
-8
24
-5
10
-4
9
8
8
0
15
0
-7
-3
15
-16
-8
4
-5
-8
-5
-9
11
-6
-3
19
-10
35
-1
5
-5
6
4
10
5
12
5
2
-1
5
0
-8
-1
-7
-6
29
6
7
-6
3
5
-20
16
-19
24
-11
-4
0
-2
6
-5
0
13
3
-13
-6
6
20
-13
3
-9
-6
-9
-18
2
19
14
7
-16
13
-3
5
17
19
7
12
11
0
5
-8
1
-8
-28
-3
11
-7
2
1
-19
-7
-5
7
5
-3
15
13
2
-4
-1
-14
-10
7
1
7
12
-8
-1
-1
-5
-13
4
28
-13
-6
-2
3
-11
16
-17
10
0
2
-10
-12
15
-3
2
-1
14
-7
24
-1
3
23
-12
20
0
-1
-7
37
11
-15
-22
-19
-13
-1
-2
-5
24
-20
-29
11
3
0
-4
0
11
-21
-1
26
11
-24
-21
1
-8
-20
-2
-16
-22
-13
7
-18
3
16
8
-14
0
0
20
-6
-7
0
6
6
-11
-24
-13
12
-17
-21
1
-2
9
19
2
-23
15
-29
16
0
21
24
4
-6
40
-3
-14
5
-11
6
23
16
17
-9
35
-15
6
7
8
-8
5
-10
5
-24
24
-48
-18
7
5
14
11
21
8
18
1
16
-12
1
-2
10
-7
1
6
21
6
14
3
-7
36
-24
7
12
20
10
2
6
18
4
23
12
-6
1
9
-1
-10
5
12
2
-5
-22
5
-5
9
10
-12
-13
-2
-27
10
0
9
-11
-16
-19
-3
12
20
0
-16
14
-12
-2
4
28
-6
1
3
1
38
-1
13
-10
2
-27
7
10
2
56
-17
-17
15
-2
-20
-17
6
-11
-49
-9
5
0
-15
11
-24
-7
-19
-18
-26
10
-26
9
-11
-7
0
13
0
-10
-1
3
-36
22
-17
-16
-28
4
-3
-7
-6
12
29
10
9
3
-3
-17
-37
17
-14
16
-6
0
3
28
-29
37
6
-7
16
-12
6
-2
24
15
-7
29
26
-24
30
16
39
-19
-6
-17
-4
-12
1
-2
-23
23
21
-42
3
11
8
18
-4
-25
9
-37
8
9
6
-7
-27
20
-11
-8
-20
34
38
-4
14
-1
25
-19
47
-21
10
40
18
-41
14
-20
-35
2
-4
5
22
22
35
18
7
-16
-7
0
29
22
18
25
43
8
-10
-6
35
21
18
-18
21
3
3
-26
-35
-29
11
10
-3
-23
-7
-33
2
28
-6
-7
8
25
-42
-16
6
-32
-23
-8
3
-16
8
-3
-4
-22
6
-43
35
9
56
18
32
-6
5
10
34
1
13
-4
15
9
1
16
-14
-9
23
-23
15
2
-11
-9
-29
-36
11
-9
-17
31
-22
20
13
7
-13
-34
22
-10
-42
5
13
-9
-18
-32
-8
-15
-13
17
-22
13
-19
-9
-36
-3
-10
-27
13
-5
14
23
0
-16
-23
8
-24
3
1
1
-3
-22
3
-8
9
3
-3
-1
-3
15
-12
-9
-11
1
-28
10
-27
10
22
-1
-9
12
-4
31
-12
-1
19
7
6
3
-1
0
39
-25
-23
0
-29
-21
5
-7
28
-17
14
4
42
-8
-2
-4
-29
0
4
33
-5
9
-17
-28
6
3
-10
-8
17
-7
4
8
-8
-4
-18
3
10
-7
3
16
5
-16
-15
-12
31
2
-18
28
-29
10
-24
-3
-30
27
-11
-18
3
26
21
16
10
-27
16
-36
18
4
-18
-34
8
24
4
11
0
17
4
-15
-3
4
-3
-19
2
36
9
-26
-1
-7
9
7
-10
-34
-20
-18
-4
-6
-19
-4
-9
24
4
21
42
-3
31
13
25
-13
-4
4
10
4
5
10
8
12
8
-24
-13
-14
-8
-10
-14
18
-8
19
13
-15
-9
12
0
3
-3
4
35
26
-19
-10
-8
11
-11
11
-9
-32
13
-28
3
-23
6
-13
6
-30
5
-13
-20
-9
17
1
-1
-7
25
48
-8
40
19
0
-15
-15
-24
-10
-2
-6
-3
-24
3
0
3
17
20
-14
-27
-12
3
7
1
2
-33
14
8
-11
-16
18
-4
-7
-25
-18
17
3
3
1
6
16
4
-18
10
19
-15
22
13
3
9
-9
16
-2
15
12
25
-21
-19
-16
2
-8
5
-5
-27
-3
-15
22
12
10
-15
8
10
-1
3
26
35
-6
6
-15
23
13
19
-12
4
-24
7
13
-3
11
-15
5
20
5
-7
-18
7
-29
11
-3
23
27
6
1
-5
-22
6
5
-17
17
-1
16
-18
-13
-21
-11
8
-2
-18
14
-3
25
0
1
2
21
-14
22
9
10
29
2
0
-33
7
18
-17
6
-18
21
11
11
-16
19
26
-21
-3
26
24
14
13
-1
-24
13
10
-2
16
-4
4
-4
24
11
-4
5
-5
10
14
-17
-3
-14
10
9
-17
11
9
-21
-3
-32
-12
31
-26
10
-2
-22
-3
2
-23
-3
16
14
8
-15
3
2
2
-6
19
18
5
16
-5
4
-11
-8
0
17
-13
-4
13
11
12
-17
-19
1
-28
0
-9
-29
16
-14
2
14
-6
-7
-17
-12
-21
14
-12
-15
-6
17
-18
10
-2
9
35
27
15
-15
-31
11
-16
-21
3
21
-1
12
-5
12
-17
-1
26
-5
7
-8
0
2
18
-2
1
-8
15
-6
22
-2
-1
13
4
-3
-6
21
-11
-13
-13
5
-8
-4
-10
2
4
23
7
-9
-18
6
-13
4
-6
18
11
-1
-1
12
-20
-10
10
-21
12
12
26
4
-3
5
-10
-14
13
-3
18
-15
0
-10
8
3
0
8
8
13
-12
-9
-3
18
-10
16
-12
10
-8
-19
3
18
20
3
-3
9
-3
0
-6
1
13
0
10
-11
5
-12
13
-9
-16
-19
19
5
-1
-5
-15
14
-8
15
-8
-10
3
3
-11
-14
-1
-4
-32
12
11
1
24
-27
0
-6
4
-3
-3
-6
1
-14
2
9
-6
20
-10
-16
-12
26
-14
-5
15
3
13
-1
9
-4
19
-4
7
8
-8
18
-1
17
-8
15
10
-16
-18
-28
-9
14
-11
4
15
-2
-1
16
5
-8
1
-2
12
-15
8
29
8
-15
-17
-5
-16
-22
-8
-11
-9
3
4
3
-5
12
10
11
1
8
11
11
-11
20
-8
-11
-28
3
-4
4
-7
-9
-10
-6
12
14
-1
-4
-1
-25
18
-3
10
13
12
-9
33
-4
-4
-4
-3
7
22
6
-2
2
15
6
-3
-9
2
8
2
1
4
-15
22
-28
-14
-11
-3
3
5
23
3
3
-21
-6
-13
1
-19
6
-7
14
3
27
2
-10
12
-7
53
-2
17
19
6
16
4
-5
6
-5
13
15
-2
-29
8
-1
4
-5
-13
-3
-27
3
-8
-3
12
2
6
-11
-8
-3
6
8
1
-6
-22
-22
-7
-8
30
2
-10
3
-12
2
1
-13
4
1
-8
7
11
4
12
-8
-15
-9
7
-4
4
17
3
-24
0
0
-29
6
27
0
-31
-13
-5
19
-3
6
-1
-9
-24
-20
-13
12
-23
13
20
-6
-2
2
-5
-19
5
-3
-8
28
-18
-4
-15
12
3
-11
-7
16
9
0
11
1
-12
2
-22
4
11
19
2
-8
12
6
-11
-5
-15
-12
14
-9
20
-4
17
7
-3
17
12
-3
15
-7
-2
14
-7
-24
-7
-3
6
7
-19
16
2
-14
-7
13
13
8
-6
5
15
-16
-9
-15
17
-11
-9
0
-2
5
-2
11
-6
-12
0
-19
1
-2
9
-3
-2
-6
7
-18
3
-6
-12
-3
9
-9
9
-4
14
-9
3
-15
-5
4
-1
-10
4
0
18
13
0
17
6
0
-1
0
5
-1
7
5
-10
-23
-6
3
-2
-8
1
-3
-9
12
5
9
-5
14
-28
-2
14
-5
-3
1
-8
1
17
-2
15
-23
-11
-37
-3
5
16
-12
2
-3
15
-9
7
0
8
1
-8
-2
9
7
8
-11
27
0
23
6
-8
-4
-4
-17
3
-4
-14
11
-12
1
-12
-14
-3
5
11
-19
-8
16
29
-7
-5
4
9
-15
-1
1
-24
10
3
-6
-2
18
-23
-8
-8
-13
-4
3
5
-23
-20
5
4
-4
-2
11
4
-5
-4
-3
37
-7
-12
11
11
25
-11
-5
-16
-25
-9
36
-11
-6
2
4
1
4
-3
19
-4
-6
0
-15
-9
3
19
6
-9
6
-13
-5
-7
-10
12
-1
16
-21
23
21
40
-10
2
-23
-36
21
18
26
-19
-4
-28
-31
-1
1
-9
12
14
-18
-16
-17
-17
-36
-13
11
-7
-4
-13
1
6
-3
-23
-17
19
12
-23
26
-17
-7
-10
7
-12
8
-14
0
-2
16
23
8
17
-29
20
-39
-1
-21
-4
-13
-2
31
1
14
-16
11
2
-20
-4
19
-3
18
-14
30
16
15
-21
-8
1
14
2
-12
24
3
4
0
-24
-10
2
21
-10
30
7
6
22
5
13
14
13
-11
-1
8
6
6
-5
-4
15
-15
0
-27
7
-15
-22
12
-19
23
0
-20
-18
20
8
-14
22
4
29
4
-13
20
-7
-19
-11
2
14
-11
23
-40
22
-39
26
1
11
-30
34
-9
-17
23
12
19
16
5
20
24
11
5
21
2
-11
-14
-22
-2
-2
-12
-16
-13
4
-18
-3
2
22
-22
-16
-8
6
16
8
10
-28
-1
-1
-3
-15
9
13
0
-52
-5
19
-3
4
2
27
11
15
16
5
33
-5
11
-7
-10
16
-20
8
10
30
19
24
-32
-16
10
-4
7
11
-10
-10
-2
7
15
2
9
-2
-12
5
-10
18
24
26
3
-9
-11
11
3
14
4
-4
-24
12
16
-4
16
-16
1
-10
15
22
-8
-13
-32
18
-4
19
28
4
11
0
-12
-9
-6
-29
22
1
3
-28
-7
-6
-6
6
-14
-26
3
2
23
3
9
-11
20
-14
14
12
12
17
9
29
-12
8
22
-17
15
-10
23
11
8
-12
4
22
-15
12
17
32
13
12
-10
-7
17
-8
-6
1
-15
12
-25
15
22
7
6
-13
2
22
-12
1
-2
22
-17
-6
6
18
-29
-22
-10
-8
18
-2
-2
-2
1
-12
10
9
0
14
-2
9
-13
11
-18
-14
-1
-5
9
6
7
-38
6
-30
6
17
17
-4
7
-12
4
28
0
-1
6
-2
8
3
-54
17
-8
3
14
-5
19
5
17
-11
34
-6
8
-34
11
0
11
-33
17
31
17
4
2
-22
18
-18
-24
9
35
33
-1
-16
16
-6
-3
25
-1
-1
11
-3
-12
-6
-10
2
-7
50
-1
36
14
8
7
15
-14
-19
5
12
-13
-2
24
4
5
-1
7
-18
16
22
13
-22
1
-8
21
1
18
6
-3
11
13
-8
-19
3
-15
13
-4
15
0
-27
4
-16
-22
39
-12
23
-6
14
-16
27
-3
17
16
21
40
-20
-10
-3
2
1
24
-13
-3
-24
-32
-10
5
25
-7
2
22
-7
2
-24
13
4
-5
27
10
7
6
13
17
-24
-7
26
5
20
-19
-9
0
-4
30
-9
-13
-4
-7
-8
-24
-16
-20
-10
1
17
-1
8
-31
7
-18
27
-3
14
6
-21
-4
-10
19
19
9
-29
12
-9
-3
7
-4
12
7
12
4
-11
12
31
-16
2
-12
-5
22
-21
12
-2
27
38
-10
-25
-5
-6
7
-10
9
-4
3
4
7
-12
2
-12
-17
14
3
22
16
28
-5
-18
19
0
12
-3
4
-1
11
9
20
15
20
8
-22
7
26
0
-9
-3
-17
-22
-4
9
11
-18
12
2
-10
1
-3
9
-6
-18
-5
3
-18
2
-9
7
-4
0
-10
9
-10
-2
7
0
-7
12
-11
-10
0
31
4
9
0
1
-18
9
1
-5
10
24
-11
15
-17
-1
7
-11
-6
-8
-3
-10
7
16
3
2
-11
-11
4
-1
14
2
9
-12
-13
-5
3
-2
-6
-5
-30
-7
-3
12
-5
-21
4
12
29
5
-9
-5
22
11
13
-14
9
-11
7
14
3
11
-4
-6
-28
-15
16
1
-24
5
-13
15
-26
5
3
1
-13
-2
-3
9
7
36
10
20
6
24
-3
-7
-8
6
0
-6
2
-25
11
-2
2
-13
-4
18
12
5
12
-18
-3
16
-9
7
-15
-7
0
-2
-15
-8
5
2
-18
-5
-11
17
-9
-24
16
-2
-17
16
17
-16
24
-15
-28
5
7
2
0
6
3
35
14
-20
12
2
-7
7
-8
5
-6
21
14
-21
-15
-16
-8
-13
6
-11
0
-9
-4
-8
2
-10
-23
0
1
0
21
-6
-7
16
0
14
19
-17
-32
31
13
10
-19
-8
-14
-19
5
11
-15
8
-4
-6
-18
12
-11
12
14
4
7
-16
-16
1
-12
-26
12
-9
-5
7
-13
12
2
1
1
-19
11
4
-20
-3
-18
-9
14
1
17
-13
10
7
-19
33
-18
3
-15
-11
-11
-14
-9
25
11
-4
23
14
-3
2
10
10
-12
-2
16
2
26
-11
20
15
20
-9
15
-2
10
-3
3
23
-11
-10
1
-30
-10
-9
-4
4
-2
-7
-3
10
-12
0
-31
8
11
3
8
0
-4
-8
-14
2
13
2
-20
-4
-13
9
2
-18
13
1
-26
-11
3
-2
-7
26
-2
15
6
10
14
6
-2
-27
-23
24
-21
15
-24
12
-24
0
-16
6
-5
12
32
7
22
9
5
-5
6
25
-25
8
4
-23
-4
4
-22
-10
-1
0
14
-19
-23
-6
16
-4
35
-14
1
-4
-1
-16
-5
13
-4
2
13
-38
10
2
4
8
-2
-24
-19
-13
24
-20
3
14
-2
-12
2
20
28
-39
-11
22
-11
27
-18
16
35
7
-1
-9
0
-29
21
-8
3
2
-15
21
-8
4
6
-19
6
14
-19
-19
12
-9
34
-2
16
-9
3
-4
-17
-13
6
8
-2
19
6
37
-6
-11
-21
5
-8
25
-20
9
4
12
-13
-2
-18
-9
2
1
-18
-11
-7
-27
24
-5
-1
37
7
17
7
4
-6
6
10
8
6
-3
-1
17
46
-10
4
50
25
14
-10
4
9
44
6
-6
5
-1
13
2
-12
-35
-17
3
5
-26
6
-12
0
2
2
2
-14
13
-12
20
7
6
-20
18
0
24
8
10
30
20
5
-23
12
-22
3
17
-8
-9
-15
16
16
-17
16
6
18
16
-16
7
14
-2
-10
10
-13
4
-17
13
-9
22
-12
0
-16
-25
-5
21
-2
8
10
-6
-1
-10
-3
5
7
