805
978
687
947
446
499
514
504
453
506
787
1247
1770
3581
695
744
674
449
754
360
503
443
612
536
363
604
1630
846
598
603
8468
389
1612
931
496
551
1513
709
548
466
599
1041
641
822
457
1269
963
415
801
247
863
944
676
837
753
540
549
2781
1071
553
526
1054
563
830
608
699
1011
557
726
577
1221
487
413
1174
1758
4103
789
653
1055
1276
1366
552
506
270
721
2168
392
831
1515
862
442
489
657
692
1164
594
629
1578
2983
760
1154
1326
456
751
435
513
713
733
1231
418
1692
969
516
551
541
793
659
562
662
419
432
4123
2805
2073
312
875
620
671
3220
542
1104
540
3285
410
421
1311
2173
549
542
762
667
635
535
357
492
711
537
1166
355
453
769
500
474
634
490
939
664
1650
636
493
165
3633
370
9732
405
348
873
565
801
816
1636
538
648
455
616
579
612
486
1464
1277
7551
416
937
617
617
800
299
863
778
237
726
1335
886
2011
608
1816
885
3343
788
558
2006
327
504
628
543
382
1562
913
2583
1257
645
906
680
359
436
481
1215
3194
826
1692
829
899
3719
443
1512
563
445
1226
487
511
318
270
551
502
1363
477
875
506
1141
1251
674
1011
642
531
557
467
584
915
2220
455
586
2796
2062
1839
732
398
534
564
611
604
348
938
535
426
360
953
2016
884
1344
282
2180
392
641
1549
970
341
418
785
2160
329
724
4058
722
565
794
348
529
937
943
1207
557
620
666
600
7838
936
487
790
2386
715
485
622
620
1465
510
680
661
1854
438
820
396
570
779
2475
496
613
634
785
696
1064
976
665
299
895
455
1130
665
499
948
779
333
788
700
679
501
606
634
347
1041
547
3073
644
1424
1446
673
724
505
777
1601
361
585
480
326
266
782
795
422
1140
299
499
509
525
599
841
381
2319
1124
718
222
495
563
1161
449
471
895
1080
656
460
601
859
326
303
616
649
520
558
964
806
285
2413
582
719
1737
557
517
853
4034
502
995
1168
