-7295
19356
16083
-14577
-8619
-12888
12530
-12980
22525
8549
18217
-29266
-22430
17787
29409
-37144
1917
-12830
-41018
-8237
-40968
-9898
-65501
-49396
22167
-57403
-22754
-14856
-28961
-27940
-21872
-29349
21806
24690
-8567
38829
44063
13584
6016
-19129
4910
-5380
-7260
9626
7090
-13402
1746
11791
14999
-13778
8127
-9374
38834
-3916
13189
30573
18927
1827
37684
10269
-25387
-28496
-22317
44508
40641
14745
15096
-30379
-7217
-23686
15822
-15699
21103
35630
-8244
-3882
-5909
-28212
51800
-19550
-45944
-19818
-23237
15272
27917
37458
-10246
34076
-1656
-9760
-20797
-34646
-15109
20682
-13007
1632
-3323
-21405
31568
36512
-21402
23707
7418
-39260
18543
1501
47820
23478
3842
75531
28921
81724
32103
-4743
-1808
765
-16101
31001
-8202
-11284
-2216
-12218
-6017
-27540
15376
1043
9247
16610
-51152
-17474
17791
6046
-4881
-32306
-67541
-10293
-42745
-7455
2465
41248
844
13193
-31593
8809
-6749
-21987
-4084
44600
-38728
10464
-8703
4883
37018
-30966
29979
-7365
25264
-36637
-24332
23880
11832
33816
-21017
-49169
-7346
18995
-18581
7829
27188
6442
-25805
-37433
8133
6171
-25314
2761
-62687
-15076
-11169
-26216
-9386
44853
-64920
19533
20740
-10818
-1377
63127
-11386
-40
-20801
-53801
-37700
19479
-2442
-44739
-11991
9500
44280
-35122
21923
-15444
-30190
16959
-7174
-45350
-22104
-38361
26787
14947
17897
7957
5282
-28858
-10557
-20849
17313
15144
-16248
24466
21140
-6898
-44503
-32611
38020
-37110
-4524
-1530
14066
-24424
-20868
-25035
1181
59393
-50071
13905
21314
29119
-7382
8541
-18002
55223
-3485
-11840
-12410
-43057
12280
3017
45381
3907
33203
-21410
-9923
7256
16651
-1213
-3157
-17101
11939
13036
7763
9311
-11623
27039
21301
-17253
16986
-1197
1524
3243
-22472
19500
8430
24754
-7420
-1994
-23287
2597
-8469
-32
13867
5452
15917
33131
26351
-8457
-1908
20150
-1962
-2288
4141
-21330
33321
15710
33218
-11714
3867
-24574
35033
19570
15552
21186
-18327
30974
9591
-39833
37709
17488
-24760
5646
-2317
69324
-13408
-12086
-46273
-1192
-17550
10047
-13470
6810
3550
-15191
-17023
12631
-37759
5179
37704
10117
-11240
23701
-15577
-9841
4328
-30320
-37413
6856
-18108
21942
5355
-7615
-24239
-242
-23814
15774
-23923
-2272
-31069
41754
-17855
19148
15502
-5035
267
-69
6986
31927
-2056
5327
-5721
13789
-10552
5524
12718
-11213
-3012
9820
12959
13980
24322
-25408
357
-7010
3115
2308
-32633
-5929
7534
-16226
7207
-7856
-6036
57225
-14631
-5112
5827
-1271
-25954
34817
-4809
23459
-18890
-41022
-29309
-10283
11412
-33358
916
-19372
-13620
-22223
15895
-26891
-29123
10194
-39
-28694
-15326
-13199
1468
8701
40073
-554
1251
-16486
-12794
-38010
14621
11315
-20470
14208
18534
-11035
-36775
-28942
41411
-35871
-8049
4936
21347
-7821
-12656
-34087
16491
37836
-55301
5713
316
3945
13623
3273
-6347
45596
-32167
7924
-5095
-48660
19213
13638
28428
-507
29508
-5378
-4730
13476
-8694
-6579
13058
-20082
-13054
13870
4709
-3853
-17019
38019
463
-12171
-7449
-8198
-10582
1083
-13765
14999
9458
23252
6150
4466
-3982
-6835
-13724
-7181
-1395
4265
5659
39422
6239
14030
-17781
19925
-16625
1834
15112
-19205
24258
18029
43496
-11544
-495
-7981
11852
10918
23055
27353
-40807
19618
-1569
-27378
17216
8786
-25038
-1911
6447
49821
-26844
-12000
-40720
-15008
-8050
10691
21569
8960
-9030
-20570
-19241
2772
-52147
5251
35002
15110
-15623
29978
-23801
-5348
3321
-32953
-32616
-4963
-21236
21216
-3866
-12306
-17791
-6010
-16630
19606
-28337
-19373
-34318
23213
-16691
18674
3516
-6668
-1188
23405
9099
26620
16703
-4536
1128
22537
-12863
6183
5925
-28002
-10207
15104
15910
19010
16845
-5360
-14890
-9310
7155
-2459
-25468
2438
4883
-14950
-5772
-1796
-14171
53329
-32430
-18584
-24899
-6697
-6889
11738
4215
4629
-16622
-28316
-28669
2079
6756
-27671
16505
-25466
-25569
-32404
11758
-1122
-19227
4042
-8558
-19213
4203
-22102
19069
10489
9130
-2503
7792
-8201
3741
-26538
21134
-10061
-22369
16132
5131
-6659
-41303
-21559
25683
-35749
-1672
7522
-2384
-15116
-17698
-17243
10050
13674
-22913
9799
16256
20464
10848
-11957
1480
37526
-19461
2402
-4598
-26351
28094
12988
23406
-14169
22466
-467
-4675
6103
5530
8925
-4408
-16356
11084
812
-5009
-17102
-8957
42855
14768
-3620
11017
-10907
1062
13647
-1841
22644
-1383
27198
-2447
11153
-3585
-13807
22156
2266
-12875
-16946
-5248
14112
8579
-7596
6827
21406
-6394
-7158
-18832
-6684
5935
22077
21032
-9694
8384
-21656
12423
2180
4335
9284
-8164
5650
13670
-11504
18094
4966
-10608
24582
17758
41554
-6082
-16721
-10363
-7755
2171
-8859
15251
15524
7498
1797
-23845
-2281
-12878
3425
35469
19267
-8816
20604
1271
5560
3929
-20404
-49675
5274
-33677
11123
-1772
11670
-4761
761
-21503
445
-9059
10782
-5128
23431
-8462
21742
5042
-3233
-599
-8987
16947
21538
11543
2603
-8926
15034
-12738
19823
-15466
-25340
-10752
16798
7324
9127
4807
5978
-12967
3179
-3129
4531
-4067
-3324
-29127
-8877
7998
-7686
-11323
39275
-18418
8267
6039
-12664
-2917
39240
-16053
11776
-3519
-22830
-19601
4594
-2687
-34238
-3246
-25744
10113
-19046
46080
-3064
-43212
22651
-23712
-21678
-12650
-51097
42602
5822
13609
9875
31606
-25522
-3304
-14317
33758
-1571
-46865
22505
4702
11247
-48069
-10255
3982
-27229
3142
22258
-2762
-34518
-67982
-28846
-17327
10002
-33897
17099
20213
34708
18663
13561
-8291
35000
-2254
-2007
-6383
-26388
24965
16677
44863
2563
23562
18550
13515
-6049
34136
4154
-14635
-12370
5432
-8866
-16040
-3770
-19475
57985
-13399
-23620
17934
-18945
-14432
29174
-15673
31896
-7132
50651
-16207
26437
-8873
-14362
16815
7328
2415
-9034
13384
22459
4647
-44496
36680
-475
595
-8307
-9493
-22367
7275
27876
12801
-31481
7020
-45672
44614
10028
16427
-703
15206
14349
15725
10158
39170
4640
-23597
7298
4506
44981
-14992
-3198
-28926
-5343
-11120
-34600
36913
17004
17101
-13534
-8385
18169
-6317
2663
34871
30234
6588
20679
10850
-8770
-7475
-25911
-43198
3557
-59397
882
-4973
3802
-1193
-1636
-34655
-5947
-24100
33525
-14675
31537
-3866
17660
-2384
-23974
-3763
-23284
-19077
27965
-15192
23543
-4880
-1394
-18998
6541
1879
-4701
1457
47661
5795
-1905
-2425
-7094
-1273
9237
-14407
-1699
-7435
5377
-2572
-12807
20483
-9882
-11056
41970
7435
4005
25832
-16230
-27104
28435
-22096
28409
410
-40901
-7874
6246
29426
-41661
-21872
-57608
-16900
14744
-13384
-516
8761
-50794
-12450
7828
-2240
5806
13626
-10450
23730
-41545
-44433
10567
18298
-55559
-24310
-346
-18198
-19737
-18935
-11409
-44381
-32775
12839
-53982
1041
20783
-6936
-37016
-19676
-15309
18576
-10053
17831
19228
11743
26407
17170
-25840
-8400
-4512
-5028
15809
11848
-29277
-25803
22156
2458
-25735
15585
-21790
42964
-6581
12974
29613
6620
12188
27508
4067
-30871
5671
-39237
31496
33589
13762
25579
-21165
-1047
-42921
19848
987
35504
23373
8272
-15522
-4522
-21517
42379
-37948
-32660
-9198
5647
28646
10037
37482
-6491
31188
3996
14499
-12309
-22430
-13239
6146
-21027
-5372
-6570
6454
16354
34410
-23908
13620
20987
-45836
-13438
7860
40568
21413
12167
60763
24143
58367
48419
13448
-4574
10317
-3602
36095
14641
8616
18016
-27025
-18831
-30971
19532
-3783
-13802
32631
-58726
-32184
1703
-14948
807
-18877
-27512
-18579
-33607
-19693
9265
36550
-7610
-1869
-30473
21881
13006
-36821
-9210
55650
-23484
4912
24682
-6834
50215
-13258
35958
-3724
17429
-51259
-6351
14513
2457
61676
-24112
-52307
11611
-8136
-16362
-20396
4658
5810
-54326
-28606
13641
-11306
-31446
6584
-67189
-14867
-4427
-28937
-26159
8828
-66822
14624
6041
-9069
12888
25729
644
9887
5899
-23442
-44201
34829
-10068
-27162
-28013
-18826
12243
-466
15612
-12873
-11070
1066
4069
-25218
-34035
-36977
17008
14901
6183
4531
-2208
-14605
-16662
-11103
-9995
12718
-16510
2644
24469
-19521
-18969
-20605
20800
-7856
15230
19442
29819
-42415
-4693
14774
12338
21967
-31184
2222
-16112
27884
-13137
24699
-37788
30848
30728
-18238
-13936
-28974
-17889
5188
23959
-12484
18386
-29219
1610
-748
31842
-1407
-11355
25375
12998
-2150
-11080
42113
-17335
26215
12849
-26198
30158
-2281
19942
-24173
10677
42911
41082
-1281
-12929
-18245
-53248
9433
-2756
-2384
10330
1734
14921
33364
20462
-13774
4403
10304
15316
-6190
16673
-10499
41019
-12355
-8535
-11182
23299
3865
37342
3759
2918
19774
30255
4067
-18107
-25507
24859
17131
3403
5049
-10360
34307
9966
26192
-31570
9604
-9453
24502
-23868
12133
19088
-44150
-20272
1419
10968
-6921
-8869
3532
-22448
-620
-14283
-29679
16584
-7830
13429
8596
1431
-4350
14641
18312
-6045
-7763
-1143
24905
-13244
-8553
-30556
37771
-21524
-11455
41946
-18212
9624
-10381
-6604
11844
-18316
-19972
-9039
2417
-10375
35038
17746
-7323
27070
-2807
130
-2206
42195
-3873
-25012
-8218
2001
-21270
-29596
-32439
-330
-13203
12869
-5260
-9377
22380
-14387
117
9343
-12254
-24741
10100
-4930
27955
18713
-16022
-22593
2441
8851
-1409
-12027
-23109
-7331
17854
2064
-20063
-5217
-8963
9291
-3406
-7960
-3635
4978
9593
12340
-4019
-10563
3464
-24224
-1042
-9984
3504
-5657
-4741
1918
-11033
-22776
2693
2592
-12645
14920
13238
32422
-4290
-8315
3721
10673
4588
-22858
16734
-23806
-8608
1556
-4188
148
10479
12678
19575
9757
-14592
-4003
-1127
-12258
-2233
4447
1211
-10009
2905
-279
-4072
9930
-3933
-2365
4369
6240
10449
-26438
17382
441
4885
-8080
-7289
8635
-9712
8601
12124
16487
-6932
-16308
-12205
1914
-1863
-9767
12706
-12529
-2874
-12531
-1092
5364
-2607
2391
-6709
12096
2097
10778
-5347
9358
-1786
2815
2765
1945
2841
-14478
-12257
23307
9620
26828
6246
-855
-8889
17372
4659
-18847
-10459
1208
16451
2590
20027
-13907
4024
2185
6899
11558
28971
-9485
-13787
-18034
-4363
2271
664
7063
9775
-14566
21141
-17412
-7085
-4146
-5546
13997
8064
-18506
-1259
16279
8043
10604
-12863
5463
22647
3554
1759
-10071
8467
-20876
-3207
15094
-1510
-3104
-4600
6141
19561
21504
-11857
-1624
1277
-5982
14108
-5940
-9266
21304
3231
1948
1892
11849
21818
-9172
24260
-841
-14956
-14090
440
-18531
-16735
7695
-1715
-1311
-11668
-9799
-10474
13847
-18576
5741
804
-9096
9374
7293
9701
-23800
13545
9480
-8895
1243
-21399
-5158
9198
-1200
-5345
-9765
-23676
-5895
16140
-5775
5836
17912
3626
6516
-10763
-13587
2876
11353
-43255
-22266
4376
-12050
6354
1602
2072
-28339
-19560
11336
-29139
36206
11212
7303
-29365
-22584
3704
9598
-15863
-10883
8873
-5173
33835
34532
-19616
-10827
10999
1676
18180
10835
-28201
7253
11214
-8224
-31346
16944
-4350
4360
-14482
4001
4299
-1734
-3409
14325
-9253
-10414
6139
-42992
32603
20994
12788
340
-18583
-2369
-22252
15738
19803
29936
-12675
-2678
-17836
3750
-331
27092
-7602
-35907
-3121
-11714
4204
-5441
4466
11506
-1795
8571
10725
10267
-3976
2546
-15482
-470
-21057
5978
-9635
2289
22127
1626
5446
34068
-9070
3959
-4655
25590
14812
3807
34709
32017
56100
692
-3379
1500
11586
67
4509
20199
44327
25112
663
-19326
-22667
6008
10550
-11996
22791
-31031
13576
-7485
615
-14536
-1500
-21137
-16067
-37588
319
26202
17020
-1906
-6571
-7791
14114
8366
-4533
-2329
29044
-23139
14316
31297
-8901
17107
-9035
9987
30323
43820
-21156
-18527
12749
-14639
45810
-31951
-23789
-344
-8248
14660
-16404
-10155
28796
-24194
-1405
8098
-32162
-14829
6094
-39990
-13217
15905
-16675
-8810
-22579
-6325
6652
17820
-28555
18014
20451
-18113
32397
-169
-9812
-34689
25595
4597
-23937
-12678
-43200
25336
18074
29957
-11507
-40180
4214
-14901
-5061
-21941
-39500
46499
1068
17718
16353
-3670
-25987
-11682
-25096
-10905
16496
-40902
2070
14803
17254
-31778
2433
-3838
4145
40916
37312
32166
-51855
-59612
-2150
-8772
-25406
-33248
12294
-15006
38008
21708
9557
-14956
29863
21946
8094
29102
-6534
9970
8592
27129
-7412
23754
26109
15229
-21031
37488
-1022
-7750
9554
5963
-42786
-15044
20455
-41455
44889
-9001
-22713
6581
-20252
-3577
5844
6603
36931
15010
8722
-27133
-3169
-19306
-2708
2001
7530
-9731
11622
2705
18109
1569
-33972
25313
-27075
10145
15178
18793
-6122
8810
-5008
2263
-40379
9235
-12069
21672
-1760
6464
-6807
33787
11696
10134
9909
39184
17476
-10993
-2232
15123
31242
-13728
17827
-35294
11895
-6410
-23690
27344
46779
24816
-17609
-14071
8077
16100
9947
-12439
23377
4962
15467
-3217
-24998
-15288
-13520
-3391
-7535
-51305
-4050
33005
9274
-535
-20437
-15911
22633
-8535
14735
-31876
26105
-11511
-249
26196
-21727
16640
-16488
-17636
29312
23970
17451
-1809
-6548
-17103
27218
-9199
5200
7097
18719
7581
-26307
-8361
7199
-4285
12429
-6415
-27804
-36966
5849
-16581
-20848
35668
-11768
-13579
-10663
8966
-14859
15034
-23321
-21056
6149
-29162
40437
-2089
-4327
-30462
25421
48486
-24186
-32687
-75093
-17316
40343
-11103
21315
-3900
-18731
156
10011
15337
-4525
13418
-6631
22762
-37167
-23434
12042
2820
-24463
-12965
-21532
-21563
-26205
-30141
-16522
-36613
6057
-226
-35233
-20674
24619
-8173
934
-16228
329
25290
-2601
17615
32989
-11205
-8562
-5666
-2497
542
-9687
6401
20222
5594
-19661
-19371
14314
-5966
479
-10323
-3719
30911
-149
2926
18875
5586
19375
21147
15123
-31890
-3808
-27994
43410
14375
313
9382
-22739
-1245
-20906
32507
-896
15943
38891
8826
-5697
3400
-31852
37474
-14123
-20946
-38644
-4355
15251
18170
23337
12274
7058
-15450
-13118
-17264
-10214
-18092
17103
-17531
17527
-11514
13637
-5063
18474
183
13248
20303
-43147
-15747
6904
32320
11249
-2682
23288
10383
31531
33482
13074
12618
-2243
5920
27374
30450
-9176
-18601
-19400
-15411
-18971
30776
-17188
20480
27621
-40898
-31792
8961
-2811
-13448
-6174
-11748
-5915
-45322
-22152
-14858
29566
28440
5108
-13301
-5695
14869
-14927
2507
4725
-3314
-596
-622
17594
22593
-15885
24936
-6014
-15515
-41927
-1399
-3628
4951
31214
-27813
-36696
404
17837
-16542
-3534
37071
25519
-57720
-13921
-4368
13509
-7423
-1268
-58523
-14162
-14517
-28986
-14190
6932
-62359
13398
15687
-15648
3630
17220
1953
-19322
18286
-33474
-8768
25442
-25930
-4995
-25561
-3765
12865
-8789
14282
-3927
-20155
-1011
11
-12627
-19381
-21673
18027
19333
20945
7685
-1708
-6401
-3702
-13569
-1478
-7053
-27951
135
6903
-11945
-18659
-10759
11010
-12814
6803
16958
17140
-24326
-13130
3730
12014
9238
-15259
2792
-12887
19632
8402
-1878
-20584
20334
6117
7077
-2686
-23014
1550
4966
10939
-10911
9578
-6941
14148
-16491
28752
-1732
-9305
11180
12079
-4679
-9158
5470
-8194
34267
3828
-18816
22934
-4750
12225
-18283
15635
17016
28317
11606
755
-14198
-23627
-2190
15423
-9237
-8649
-7036
-4147
5495
21768
-15907
6579
5932
11103
880
-5866
-7123
17342
3526
-6740
-4461
18218
-11200
12111
4917
5267
10983
23499
-4677
-29
-8848
11392
10594
-10797
7147
-2374
27354
12257
18746
-17307
6933
-2247
-8846
-2876
9521
16616
-27664
-9257
-7162
5018
-9599
850
12593
-23980
3918
-10183
-10066
2916
-12786
-4975
564
-17667
-10596
5632
24112
-1667
-15759
-6299
18086
-17332
-6578
-19292
29476
-11561
-12720
30190
-4638
19365
-18105
-1239
2707
1157
-20666
-15572
-5020
-8389
28317
-2700
-22208
8588
10352
2039
-226
10525
7829
-17479
-9997
3000
-6888
-16806
-10339
-5285
-12310
3889
-12477
-14392
11900
-18220
553
18859
-8040
-13844
12216
-17584
15377
12337
-13017
-16417
15475
8150
-18255
-2036
-23511
-2034
15882
9726
-20249
-504
628
4750
-18631
-3530
-21213
28469
13840
16322
-6743
9222
-4033
-16793
15308
-8151
-3785
-6843
-3081
589
-3548
-22693
-753
-3308
-15459
-9035
-11694
25551
-8638
-16284
3643
-5062
26907
-20645
19107
3385
14237
-6399
14887
-14576
4463
24330
2238
2870
-2524
-10166
-10766
-3981
9069
8572
-312
-7380
9585
2209
-3446
11584
7075
5614
13811
503
12550
-20959
25807
18700
-15719
14785
-3889
10326
-16356
-7066
-3789
23798
5990
-16452
-25780
-4947
-3856
-19192
-3563
22
-5912
1273
27074
14751
-3476
5356
-166
-78
-13903
9184
-15686
13483
-8075
-7377
-16403
-411
-13529
10248
13148
8483
22015
26419
11503
4786
-13170
36417
13270
-22557
-1048
-11602
39349
-4689
16564
-31224
13774
-3538
-7710
-17005
9530
-11083
-11195
6097
2256
-683
2410
-7260
-4081
-12509
20619
-5979
-13771
-13849
6831
6701
-120
-16398
533
18068
7173
9256
-9359
-11510
30182
-14766
-2734
-28992
20168
-20892
-16608
8995
-10092
-4416
-23664
-6157
9310
-15641
-15063
-7691
-887
7524
4539
24991
7346
22058
12015
-502
4094
34366
-10646
3016
-7144
10748
7782
-18733
-15958
7361
-24340
-2312
-3363
-10014
7252
-6863
1407
23648
7029
271
19941
-1749
22883
-6516
-17976
-10662
-7252
22084
-13151
-4486
-10459
-12153
12272
-4935
-10818
-14085
-14837
59
-12379
-8509
-6419
24992
-15633
38496
-10330
-4586
14099
12682
-24543
-16234
11961
-25104
-13430
-2232
9411
-9000
-1254
-14167
-1777
19724
9367
17252
-14576
-17942
-24719
-7457
5157
-3911
33976
-10827
15475
11209
-15471
5626
18156
-16615
35094
24989
3
20181
8188
11993
4857
789
5690
6383
-20991
-4094
5600
22853
-15696
-2340
-16704
-6540
-9835
-28983
29930
-95
4553
810
-2361
-11785
-7533
-4752
1317
6931
21513
-11929
-4978
15609
-3769
4846
-15163
-41558
-1720
-14764
12815
21421
4244
-11953
-8098
13358
4882
4660
-873
-14961
7115
7537
758
-13606
-15195
-31173
24054
4327
729
10905
-10818
10965
4949
19559
3802
-37151
-6449
17733
45274
-12295
-1591
-40605
18670
741
-14719
23265
41061
3036
18555
5195
3728
-5330
25890
-1996
23193
-5752
31620
2881
-4597
-27634
-20528
-14584
-18686
-32350
10082
33706
6455
4338
-20899
-9751
28132
-19623
-9101
-37630
16941
-1235
-7497
26770
17339
15570
1360
13078
4506
30930
-5611
-1645
-3939
-3192
16562
5780
-18989
5330
-15493
9504
-6279
-17755
15462
-7246
-17866
8088
6890
-38419
29829
-11139
-3180
8404
-10578
-21042
-3126
-18962
-13030
-5826
-9346
3258
7770
-9861
20650
-33163
-3640
-48307
16058
16312
-11535
5861
-19675
-1235
7871
55589
14332
-41919
3985
-12206
-12882
-3582
-38455
52114
-4761
11314
3574
24950
-4000
22568
898
11620
5264
-49157
1966
-16190
21871
-37548
10315
-31297
5972
40907
44036
-863
-29536
-72280
3825
-3141
-52531
-31191
21351
732
23508
23367
7087
10602
6039
9014
16129
37736
-2955
37547
-2404
27677
-5400
8568
29571
25760
-22052
46107
14132
-10740
-14438
14815
-45785
-30611
-11372
-25512
56125
-14300
-5179
16702
-27184
2738
23562
-2498
36409
8822
49753
-32250
8812
-6696
-12113
36597
13630
-20111
-18366
-4018
7275
9408
-52800
47141
-8808
-8070
-345
-1453
-2086
-16783
-1034
2548
-38590
37169
-30712
19834
4857
-5550
-37094
24443
-6225
31576
32777
28484
9198
-14906
16168
20324
29975
1818
-1833
-21944
5181
-13351
-47073
46735
49670
29174
-3117
-2113
4481
47239
17491
-8161
38090
4956
34313
45234
3489
-27924
-1889
-33011
3894
-63117
-13622
11521
11528
7409
-14704
-14433
-900
-4343
27671
-10859
24350
-1721
-4479
31365
-11098
10547
-34604
-4263
25829
26130
20723
-14630
-12660
-28310
16352
-27942
800
9842
45652
-6800
-19617
-23554
37886
3405
12354
-37024
-1803
-5655
2303
-27539
-5627
35449
-17671
-8761
-7309
7904
4902
16041
-29695
-14486
20844
-33747
55328
-10138
-2469
-20257
43450
69689
-22284
-30217
-68525
-767
25366
14274
23797
-16506
-9327
1326
4485
-26453
-8983
4304
2817
27105
-6690
21442
2048
29185
-15478
4374
22686
-18843
8900
7330
6280
-889
1271
-6295
6178
15804
26636
-11229
-27803
-885
31159
380
-24733
-19193
-12281
-29411
11829
20181
4663
-9333
13288
7436
15235
-9253
-19863
3297
2993
-11774
-17704
3452
5684
18128
-14524
19649
7345
-14708
21862
11956
-18115
-24770
7890
-18053
42306
9970
-24422
16532
-12270
20892
-19917
26455
10998
3782
9607
393
-7631
-18530
-4359
49642
-12657
16665
-16007
898
25992
7774
-26455
2300
-9651
-4515
-7561
11753
1365
-2609
-34600
-10987
-28552
17145
14149
23732
13429
-10567
-11494
36911
-18580
5331
13646
14833
-2627
13826
22415
13369
16456
-1764
-1916
12319
25469
-1498
-14361
22868
37777
13670
-20876
-12176
386
22549
-3660
-16447
22709
-29186
-1976
-55
-19021
-9630
4325
-9879
1554
-29674
-10439
8867
2827
-6502
-3928
-8380
-21509
-6981
-10388
-15381
40986
23486
742
44592
-20173
24482
-24127
2547
9999
12601
1361
-30925
-2467
-31637
40417
294
-13261
-5783
-1613
15395
-4142
-6275
26807
-14170
-20169
-721
-18737
19337
-27572
-22596
-3668
12081
-14935
-1531
-19244
2865
-21802
6935
-22323
10725
3827
-33555
38442
11593
-34031
6092
34066
858
14644
-15193
-62987
7338
19588
2784
1386
10262
-7371
2663
-5732
-16876
1797
6906
-646
18366
-19966
21485
13129
22874
-9905
-4496
-15758
-22730
-4343
-5425
-5874
-25597
-23932
6996
-27348
-15077
-2681
-2944
-29439
-11209
2733
-1013
27002
-18407
-14229
14484
31875
20439
11888
-30133
-790
18481
-3214
-21565
-27016
-10174
-2731
-14659
-15558
9870
-25046
8870
-21350
7656
3524
-2587
-9007
16971
4317
-19167
17257
-22122
30023
27590
-33028
18524
-7219
5961
-16446
20142
-5846
29742
13821
2462
-9913
-32911
-605
10296
-27487
-2062
-9006
297
27694
9763
7032
4768
13216
-5133
-11542
23235
-22995
8434
-27690
-26711
-13907
-20796
-24056
33929
27871
-11696
41041
23833
-15537
-6373
-9676
29149
8694
10809
36512
7619
53488
5077
6010
-608
18468
-9606
9644
-5980
3981
13551
-6458
-464
-16598
-5738
6895
-28677
7026
-40322
-10097
3009
-20897
3421
215
-15755
-25745
-17696
-17460
12773
30892
5539
11483
-4623
11458
-18704
-19423
-20084
43160
-6823
-10638
37421
-23106
22880
-38398
-194
-12138
-21078
-25273
-23415
8755
-2879
35071
13997
-11759
18001
21259
9680
-9997
26244
-445
-42311
-28798
20965
-15043
13895
-25906
5110
-14193
8074
-16118
-24432
5773
-5541
27295
2244
16583
-257
13030
-12530
24214
9933
-53908
-2047
7732
-18091
-13059
-2985
-27335
-977
11991
-10657
19540
-13970
-30116
-1823
8253
-3497
11760
-5214
460
41534
-11220
-21329
17044
18094
-27515
-19941
3773
-34134
-20188
-10731
9708
-16487
5372
-23685
-16270
19723
9706
-13061
-12253
-19175
13441
1141
-26131
6344
31329
-27176
-10143
19473
-30792
14451
6236
10358
59157
11970
-722
3191
1244
-13874
-8442
-17014
7869
19169
-24669
13707
10026
18714
-16730
6450
-31455
-19358
-16291
-29064
54088
10673
13974
-349
-4900
4023
-4903
28184
-8640
-11949
19924
-7317
-4829
5930
-13517
47945
-20625
-36422
-21313
-25801
-15608
30566
-8926
-887
-9281
16233
1561
-7513
-14232
-39799
-9014
-7357
-595
-8819
-5239
-20019
28463
-11076
-2093
49306
-19471
20099
26158
21972
4423
6142
28209
16305
32363
-4299
-1196
19270
40774
-460
-13095
41330
47150
6334
3021
-5223
-13564
39849
9863
-12051
15233
-27501
-5616
2358
-15266
-45935
-12162
-21601
-15160
-54390
-5523
15253
27753
4177
-2028
-5977
-4138
3822
-16343
-2507
28388
-17286
-4084
35734
5947
34788
-24491
36900
10695
42736
-6241
-35018
3668
-23066
27584
-16266
-32837
4190
2285
20895
-12480
-24578
54245
-10371
-617
8684
-21780
3958
22274
-40270
-5576
8868
-31717
-7148
-45814
-23412
-7138
17636
-14249
22863
-11615
-39412
34937
1445
-21442
-23651
38057
3278
-18137
-11744
-39668
31185
4881
