308
255
-2478
-896
1333
1305
-1149
252
-1778
2311
3152
1252
-142
2084
-2549
201
-2683
-783
-1134
-770
363
-1404
-1265
1218
301
-2781
-3100
-872
-565
-1558
62
-988
-420
823
-2507
-866
-1472
369
-571
-153
-1762
-2472
2028
2126
-207
-811
-418
-773
303
761
-1555
1558
2121
-1354
-97
-2454
946
-1640
506
-3105
2445
-3214
-1001
-438
-949
-1063
-1257
113
323
-2564
-545
-1404
-1270
856
-209
-889
-319
253
2026
-33
3558
825
1985
683
-1473
-1338
-1751
-269
-2551
-1960
-499
455
2800
-1532
1977
-2646
-352
-1589
-704
1039
2816
-748
2043
-1732
-247
-624
434
12
51
-223
700
-442
-314
-130
-2033
-648
9
2509
-2906
-1815
-1090
160
-708
-1374
-2009
-3202
-751
-653
-419
-1552
-1138
121
91
336
-2288
187
-2425
1423
1063
1980
-688
-525
-941
-902
-1557
692
-157
1914
-1166
-1056
-1189
-1136
-518
-546
-1755
-1062
-1016
-1899
-127
-149
-160
-1127
-1343
112
-1898
587
-2232
1387
-1008
-2366
492
975
1833
-344
-2402
-555
-207
3
-1180
59
2785
813
414
-1716
2658
-1581
-567
-1751
354
-3131
90
-1107
-1056
-876
-614
1800
-1691
-1531
1298
-1048
-523
335
-262
-113
708
-706
1488
-1168
192
3050
179
1485
228
-1970
-112
-1
-3255
-775
1284
417
715
-464
-71
-1990
-400
415
815
1039
657
-253
1428
-2435
-926
423
1219
-536
-428
136
1380
579
-1738
-1664
-1627
983
1255
665
-1472
-1827
-1546
1230
1079
-1209
-1651
-1031
-1712
702
308
255
-2478
-896
1333
1305
-1149
252
-1778
2311
3152
1252
-142
2084
-2549
201
-2683
-783
-1134
-770
363
-1404
-1265
1218
301
-2781
-3100
-872
-565
-1558
62
-988
-420
823
-2507
-866
-1472
369
-571
-153
-1762
-2472
2028
2126
-207
-811
-418
-773
303
761
-1555
1558
2121
-1354
-97
-2454
946
-1640
506
-3105
2445
-3214
-1001
-438
-949
-1063
-1257
113
323
-2564
-545
-1404
-1270
856
-209
-889
-319
253
2026
-33
3558
825
1985
683
-1473
-1338
-1751
-269
-2551
-1960
-499
455
2800
-1532
1977
-2646
-352
-1589
-704
1039
2816
-748
2043
-1732
-247
-624
434
12
51
-223
700
-442
-314
-130
-2033
-648
9
2509
-2906
-1815
-1090
160
-708
-1374
-2009
-3202
-751
-653
18
-358
-2771
-615
113
1408
-2165
-429
-2217
2255
1636
2598
-529
769
-2221
0
-2737
740
-731
180
-472
-1227
-1901
768
601
-1345
-2859
-650
-1713
-2036
-337
-471
-899
-130
-2174
-703
-1425
259
-924
1305
-1998
-2316
514
2422
1650
-560
-1195
-802
1193
667
-1449
1236
2603
-243
-130
-2342
2658
-1503
284
-2782
1415
-3590
-991
-840
-279
-1299
-865
2096
-546
-1296
569
-1231
-668
892
-627
489
973
-694
1763
-414
519
1853
1049
2360
-509
-1142
865
-483
-3392
-866
136
-154
2430
-1633
1350
-2166
-633
-376
101
-91
2068
-585
2156
-1959
-1380
263
2446
-173
159
-15
1520
-46
-877
-528
-2282
962
433
1258
-2267
-1137
-1320
1241
724
-1929
-2275
-2061
-1477
337
-1426
1900
-2133
-1093
1419
2578
-1808
-622
-3141
2738
1961
528
-701
854
-856
-149
-3001
837
-1456
-2151
692
-1035
-2910
3696
2327
-931
-2053
-1513
-1447
-2128
914
219
-414
893
-1862
-2037
-1128
-498
1040
179
-2577
-1057
675
4011
1377
-886
327
-489
2257
349
-699
2082
-616
-1362
184
-1640
225
-1731
-254
-2103
1232
-2043
-2600
-1297
2264
-1206
-1018
1193
3152
-424
999
809
-1460
533
-59
562
932
-1000
1536
1560
-157
-933
4106
3423
-597
-431
2086
-1220
-1400
-942
37
-1295
2604
-1682
2566
-1952
-1175
-803
-817
30
2047
-960
2748
57
-1308
-263
3162
2197
213
-1170
430
-679
-621
229
-2437
-534
-403
-523
-1091
-308
-1584
1786
-247
-1605
-1623
-1904
-871
-1351
-579
503
-2477
-821
436
828
-2145
354
-1375
1995
1319
2517
-983
736
-2810
72
-2594
-89
-774
-778
159
-656
-822
924
683
-1154
-1831
-664
-1244
-1326
-598
-245
-1033
-400
-1317
-688
-1238
623
-231
88
-2363
-1879
1037
2329
1733
-816
-601
59
1408
174
-1061
1366
2358
-129
-202
-2086
1849
-1437
-169
-1748
1259
-2608
-641
-61
-1215
-25
-1206
1257
92
-395
-151
-426
-1100
484
-514
-39
1106
-236
1567
-876
787
859
969
1693
-615
-1015
679
-188
-2607
-870
-705
-625
2340
-2174
2019
-1656
-391
-713
60
-76
1690
-638
2433
-1752
-1096
160
1970
432
-195
687
527
-290
7
31
-2028
215
1379
1526
-2398
-1200
-1342
1505
272
-1936
-1752
-1602
-1609
20
-842
1843
-2343
-367
3237
1696
-1376
-827
-1998
2090
714
-2143
1150
1399
-2143
-714
-3877
-1630
-3183
-4101
1884
-1803
-1772
3864
1376
-3293
-2755
-857
-22
-1609
-262
-3043
-1201
2286
-1384
-1019
-1471
-2332
1184
-1736
-1809
72
472
2883
-2186
-632
2248
1099
2877
112
-132
2424
-1641
-3725
255
-1354
-3742
-2900
-955
-1089
1367
-381
-3482
244
602
-358
-1089
-462
5682
-2829
-189
-580
-3056
151
-2080
-963
-1946
-198
693
1745
3120
-2818
5938
-133
-2239
-887
-1985
-1865
-1199
-3217
-1800
6
2066
-2839
3417
-3320
-733
-3681
-1518
-848
3931
56
1638
1049
-552
-1098
56
2080
-37
-965
-1241
-458
2113
1557
-1763
-1226
-604
-13
-1335
-860
-1345
-540
-1692
-1798
-2083
-2924
-579
-1905
308
255
-2478
-896
1333
1305
-1149
252
-1778
2311
3152
1252
-142
2084
-2549
201
-2683
-783
-1134
-770
363
-1404
-1265
1218
301
-2781
-3100
-872
-565
-1558
62
-988
-420
823
-2507
-866
-1472
369
-571
-153
-1762
-2472
2028
2126
-207
-811
-418
-773
303
761
-1555
1558
2121
-1354
-97
-2454
946
-1640
506
-3105
2445
-3214
-1001
-438
-949
-1063
-1257
113
323
-2564
-545
-1404
-1270
856
-209
-889
-319
253
2026
-33
3558
825
1985
683
-1473
-1338
-1751
-269
-2551
-1960
-499
455
2800
-1532
1977
-2646
-352
-1589
-704
1039
2816
-748
2043
-1732
-247
-624
434
12
51
-223
700
-442
-314
-130
-2033
-648
9
2509
-2906
-1815
-1090
160
-708
-1374
-2009
-3202
-751
-653
82
-737
-1472
-553
456
568
-1483
431
-1778
1639
2326
1574
-641
967
-1660
-149
-1684
-162
-218
916
-492
-915
-923
-420
-200
-1580
-2210
-904
-522
-1571
145
-215
-177
-225
-1971
-220
-1702
764
-1444
503
-1239
-2473
1534
1244
850
-531
-1470
-743
-289
461
-1336
499
2484
105
126
-2153
1998
-1158
258
-2231
1502
-3089
-198
-776
-1142
-865
-900
763
-1213
-2047
279
-1265
-546
525
73
-488
152
20
1756
-704
2210
2165
577
705
-550
-1520
-1227
228
-2599
-1198
503
353
1563
-572
746
-1942
-221
-286
68
1155
1356
-531
1533
-2295
-244
-154
368
-371
-294
97
972
-67
-992
-1155
-1693
36
624
1761
-2028
-1956
-1134
623
281
-828
-1545
-2102
-905
84
82
-737
-1472
-553
456
568
-1483
431
-1778
1639
2326
1574
-641
967
-1660
-149
-1684
-162
-218
916
-492
-915
-923
-420
-200
-1580
-2210
-904
-522
-1571
145
-215
-177
-225
-1971
-220
-1702
764
-1444
503
-1239
-2473
1534
1244
850
-531
-1470
-743
-289
461
-1336
499
2484
105
126
-2153
1998
-1158
258
-2231
1502
-3089
-198
-776
-1142
-865
-900
763
-1213
-2047
279
-1265
-546
525
73
-488
152
20
1756
-704
2210
2165
577
705
-550
-1520
-1227
228
-2599
-1198
503
353
1563
-572
746
-1942
-221
-286
68
1155
1356
-531
1533
-2295
-244
-154
368
-371
-294
97
972
-67
-992
-1155
-1693
36
624
1761
-2028
-1956
-1134
623
281
-828
-1545
-2102
-905
84
308
255
-2478
-896
1333
1305
-1149
252
-1778
2311
3152
1252
-142
2084
-2549
201
-2683
-783
-1134
-770
363
-1404
-1265
1218
301
-2781
-3100
-872
-565
-1558
62
-988
-420
823
-2507
-866
-1472
369
-571
-153
-1762
-2472
2028
2126
-207
-811
-418
-773
303
761
-1555
1558
2121
-1354
-97
-2454
946
-1640
506
-3105
2445
-3214
-1001
-438
-949
-1063
-1257
113
323
-2564
-545
-1404
-1270
856
-209
-889
-319
253
2026
-33
3558
825
1985
683
-1473
-1338
-1751
-269
-2551
-1960
-499
455
2800
-1532
1977
-2646
-352
-1589
-704
1039
2816
-748
2043
-1732
-247
-624
434
12
51
-223
700
-442
-314
-130
-2033
-648
9
2509
-2906
-1815
-1090
160
-708
-1374
-2009
-3202
-751
-653
-775
511
-1303
-1400
-80
1385
-1910
-365
-2971
1213
2808
1616
-1590
19
-1157
529
-1677
1228
-81
-1
-806
-277
-2039
1211
1717
-371
-1872
-1498
-1439
-2047
776
832
-704
156
-1971
-1875
-1878
391
-187
656
-2520
-2281
362
2458
2431
-739
-1137
-551
1414
394
-1392
683
772
76
-392
-2298
2101
-676
682
-1678
1008
-2743
-1026
-2032
1083
-1712
-295
2262
35
-705
1927
4
226
285
226
1314
1390
-531
1568
246
-714
1108
1339
3011
-70
-305
1996
-538
-1886
-20
400
-1143
1656
-876
1495
-2055
-496
381
-251
280
393
-592
2399
-1651
-713
829
2473
1003
-306
-175
1240
-108
-1014
-1287
-2700
615
22
-151
-613
-1414
-1589
1851
1465
-711
-1405
-1682
-548
67
18
-358
-2771
-615
113
1408
-2165
-429
-2217
2255
1636
2598
-529
769
-2221
0
-2737
740
-731
180
-472
-1227
-1901
768
601
-1345
-2859
-650
-1713
-2036
-337
-471
-899
-130
-2174
-703
-1425
259
-924
1305
-1998
-2316
514
2422
1650
-560
-1195
-802
1193
667
-1449
1236
2603
-243
-130
-2342
2658
-1503
284
-2782
1415
-3590
-991
-840
-279
-1299
-865
2096
-546
-1296
569
-1231
-668
892
-627
489
973
-694
1763
-414
519
1853
1049
2360
-509
-1142
865
-483
-3392
-866
136
-154
2430
-1633
1350
-2166
-633
-376
101
-91
2068
-585
2156
-1959
-1380
263
2446
-173
159
-15
1520
-46
-877
-528
-2282
962
433
1258
-2267
-1137
-1320
1241
724
-1929
-2275
-2061
-1477
337
308
255
-2478
-896
1333
1305
-1149
252
-1778
2311
3152
1252
-142
2084
-2549
201
-2683
-783
-1134
-770
363
-1404
-1265
1218
301
-2781
-3100
-872
-565
-1558
62
-988
-420
823
-2507
-866
-1472
369
-571
-153
-1762
-2472
2028
2126
-207
-811
-418
-773
303
761
-1555
1558
2121
-1354
-97
-2454
946
-1640
506
-3105
2445
-3214
-1001
-438
-949
-1063
-1257
113
323
-2564
-545
-1404
-1270
856
-209
-889
-319
253
2026
-33
3558
825
1985
683
-1473
-1338
-1751
-269
-2551
-1960
-499
455
2800
-1532
1977
-2646
-352
-1589
-704
1039
2816
-748
2043
-1732
-247
-624
434
12
51
-223
700
-442
-314
-130
-2033
-648
9
2509
-2906
-1815
-1090
160
-708
-1374
-2009
-3202
-751
-653
-775
511
-1303
-1400
-80
1385
-1910
-365
-2971
1213
2808
1616
-1590
19
-1157
529
-1677
1228
-81
-1
-806
-277
-2039
1211
1717
-371
-1872
-1498
-1439
-2047
776
832
-704
156
-1971
-1875
-1878
391
-187
656
-2520
-2281
362
2458
2431
-739
-1137
-551
1414
394
-1392
683
772
76
-392
-2298
2101
-676
682
-1678
1008
-2743
-1026
-2032
1083
-1712
-295
2262
35
-705
1927
4
226
285
226
1314
1390
-531
1568
246
-714
1108
1339
3011
-70
-305
1996
-538
-1886
-20
400
-1143
1656
-876
1495
-2055
-496
381
-251
280
393
-592
2399
-1651
-713
829
2473
1003
-306
-175
1240
-108
-1014
-1287
-2700
615
22
-151
-613
-1414
-1589
1851
1465
-711
-1405
-1682
-548
67
-534
1816
-2127
-720
802
1542
-1398
597
-1516
3358
1582
330
-202
1710
-1367
-806
-1853
315
-180
-1558
1296
-584
-2092
3126
1713
-1332
-1858
-1149
-396
-1968
517
606
44
158
-1882
-392
-1052
-162
661
523
-2261
-983
2247
4203
1232
-830
527
-239
1551
-227
-476
1999
211
-669
1487
-1268
505
-1214
-354
-2150
1912
-2213
-2464
-737
930
-973
-1507
-653
2348
594
-410
6
-1641
1055
-95
-289
958
-903
1984
955
1276
-167
3362
2615
-170
-797
1565
115
-1112
-1588
-11
-1316
2690
-1000
2029
-568
-1209
-451
-342
200
2239
-1020
2476
-454
-905
-421
2385
1318
870
-271
437
-2071
-328
911
-1707
-1217
-185
724
-1333
-89
-958
2008
-646
-1547
-1253
-1524
-1153
-1072
-1358
676
-2480
-1061
716
1325
-2477
79
-1927
2290
1240
2556
-1591
407
-2691
107
-2731
280
-1092
-1118
53
-649
-1340
1312
1027
-737
-1498
-667
-1666
-1436
-874
-227
-1167
-272
-1280
-1075
-1530
323
-252
84
-2664
-1747
780
2883
2130
-1278
-520
-17
1915
155
-1085
1329
2453
-198
-304
-2016
1924
-1621
-385
-1463
911
-2543
-1010
-360
-947
-227
-965
1806
437
-258
226
-70
-1238
580
-660
410
1482
-158
1269
-996
85
711
1376
2291
-419
-731
1431
-460
-2549
-602
-755
-919
2543
-2507
2662
-1940
-375
-583
-38
-431
1662
-430
2841
-1592
-1272
347
2528
783
-394
583
824
-258
-247
-383
-2285
301
1483
938
-2054
-1039
-1696
2272
748
-1846
-1735
-1412
-1760
79
18
-358
-2771
-615
113
1408
-2165
-429
-2217
2255
1636
2598
-529
769
-2221
0
-2737
740
-731
180
-472
-1227
-1901
768
601
-1345
-2859
-650
-1713
-2036
-337
-471
-899
-130
-2174
-703
-1425
259
-924
1305
-1998
-2316
514
2422
1650
-560
-1195
-802
1193
667
-1449
1236
2603
-243
-130
-2342
2658
-1503
284
-2782
1415
-3590
-991
-840
-279
-1299
-865
2096
-546
-1296
569
-1231
-668
892
-627
489
973
-694
1763
-414
519
1853
1049
2360
-509
-1142
865
-483
-3392
-866
136
-154
2430
-1633
1350
-2166
-633
-376
101
-91
2068
-585
2156
-1959
-1380
263
2446
-173
159
-15
1520
-46
-877
-528
-2282
962
433
1258
-2267
-1137
-1320
1241
724
-1929
-2275
-2061
-1477
337
568
1817
-3140
-1113
30
1020
-1196
421
-500
2855
1786
1593
-161
2428
-3192
81
-2463
-108
-203
-1650
1200
-294
-1095
2665
1589
-1977
-2410
-519
-604
-1699
-52
387
-1033
273
-2041
-638
-378
438
1098
311
-2726
-1477
1936
3606
1404
-556
930
-90
1980
243
-687
2146
1319
-698
523
-1950
1159
-549
659
-2608
2508
-2564
-1541
114
-111
-573
-1561
-276
1213
610
-1287
-673
-952
1028
-212
119
995
-723
2027
432
1938
-61
1843
2164
-706
-326
1223
241
-1770
-1300
-1077
-1209
3461
-1867
2375
-714
-954
-857
-535
-364
2497
-1257
2425
-997
-950
-239
2275
619
838
492
468
-1974
778
1322
-1825
-682
120
2267
-2390
-445
-418
1335
-699
-2053
-1717
-2131
-1127
-490
1944
1879
-3105
-92
1731
-302
95
-235
-232
1594
1278
-1211
2757
3315
-3945
-1016
-3645
-1749
-1837
-2404
1587
-1090
525
2908
543
-4104
-3102
-688
1044
-1839
-213
-1766
-1599
1807
-1272
-1124
538
-438
1715
-767
-2201
-965
1447
1806
-1820
470
2759
1202
1823
-411
-25
2787
-265
-3012
234
-842
-2677
-1586
530
-2943
2751
-959
-775
1816
-1149
323
-1542
-2217
3179
-1510
-2317
-1374
-1825
329
-1046
-1274
-1838
-1336
1241
1598
4915
-2319
3386
-392
-1641
-697
-2647
-701
-1958
-3113
-1675
870
3303
-3114
2526
-2912
-1461
-3458
-1399
973
3309
-1533
1077
483
-394
-1233
-655
412
563
-79
-911
-1137
2773
2251
-607
-1222
-134
3399
-3166
-1365
378
-2149
-2913
-2987
-2403
-3327
-1089
-1014
308
255
-2478
-896
1333
1305
-1149
252
-1778
2311
3152
1252
-142
2084
-2549
201
-2683
-783
-1134
-770
363
-1404
-1265
1218
301
-2781
-3100
-872
-565
-1558
62
-988
-420
823
-2507
-866
-1472
369
-571
-153
-1762
-2472
2028
2126
-207
-811
-418
-773
303
761
-1555
1558
2121
-1354
-97
-2454
946
-1640
506
-3105
2445
-3214
-1001
-438
-949
-1063
-1257
113
323
-2564
-545
-1404
-1270
856
-209
-889
-319
253
2026
-33
3558
825
1985
683
-1473
-1338
-1751
-269
-2551
-1960
-499
455
2800
-1532
1977
-2646
-352
-1589
-704
1039
2816
-748
2043
-1732
-247
-624
434
12
51
-223
700
-442
-314
-130
-2033
-648
9
2509
-2906
-1815
-1090
160
-708
-1374
-2009
-3202
-751
-653
-1426
1900
-2133
-1093
1419
2578
-1808
-622
-3141
2738
1961
528
-701
854
-856
-149
-3001
837
-1456
-2151
692
-1035
-2910
3696
2327
-931
-2053
-1513
-1447
-2128
914
219
-414
893
-1862
-2037
-1128
-498
1040
179
-2577
-1057
675
4011
1377
-886
327
-489
2257
349
-699
2082
-616
-1362
184
-1640
225
-1731
-254
-2103
1232
-2043
-2600
-1297
2264
-1206
-1018
1193
3152
-424
999
809
-1460
533
-59
562
932
-1000
1536
1560
-157
-933
4106
3423
-597
-431
2086
-1220
-1400
-942
37
-1295
2604
-1682
2566
-1952
-1175
-803
-817
30
2047
-960
2748
57
-1308
-263
3162
2197
213
-1170
430
-679
-621
229
-2437
-534
-403
-523
-1091
-308
-1584
1786
-247
-1605
-1623
-1904
-871
-1351
335
1701
-2604
-366
848
1071
-1028
-223
-1053
2804
597
-153
790
1580
-2046
-920
-2212
255
-1009
-2342
1338
-704
-1681
3377
1608
-1852
-1976
-615
-297
-1906
-105
-434
-665
623
-1501
-264
-651
-1050
1129
540
-2231
-172
1206
3660
566
-311
1484
465
2459
-240
-154
2192
-206
-1363
1300
-875
-588
-1233
-213
-1770
1648
-1404
-2631
33
775
-810
-1442
-415
3159
342
-761
-416
-1779
837
-1113
-107
116
-1313
1502
1190
1113
-1229
3465
1917
-296
-439
1359
-278
-1210
-1852
-662
-1063
2509
-1800
2018
-1011
-1295
-1047
-526
-530
2552
-856
1885
216
-1143
-246
2153
1182
1160
-133
168
-1699
640
1741
-1250
-508
-388
733
-1227
361
-344
947
-892
-2079
-1698
-1666
-1109
-836
-1487
-813
-860
-123
723
165
-2306
355
-2118
1323
233
1718
-1404
-952
-1240
-918
-1274
546
-749
661
-851
-626
-651
-630
-234
123
-308
-752
-1027
-1232
-978
-186
-361
-1103
-291
-208
-1816
279
-1700
474
-1424
-1383
336
1177
1998
-982
-1473
243
531
-589
-714
-6
2593
723
274
-940
1781
-1590
-1172
-409
-302
-1865
78
-451
-1627
61
-409
1644
-668
-592
904
5
-1033
153
-603
-14
1051
-291
596
-1843
-576
1614
392
1297
494
-1316
627
-105
-2259
-461
515
-66
599
-1321
983
-1824
-195
279
639
446
278
49
1849
-1761
-849
578
1236
72
-774
618
990
669
-1203
-1386
-1295
760
1986
61
-1111
-1294
-1568
2010
1148
-1183
-1043
-173
-1900
646
-579
503
-2477
-821
436
828
-2145
354
-1375
1995
1319
2517
-983
736
-2810
72
-2594
-89
-774
-778
159
-656
-822
924
683
-1154
-1831
-664
-1244
-1326
-598
-245
-1033
-400
-1317
-688
-1238
623
-231
88
-2363
-1879
1037
2329
1733
-816
-601
59
1408
174
-1061
1366
2358
-129
-202
-2086
1849
-1437
-169
-1748
1259
-2608
-641
-61
-1215
-25
-1206
1257
92
-395
-151
-426
-1100
484
-514
-39
1106
-236
1567
-876
787
859
969
1693
-615
-1015
679
-188
-2607
-870
-705
-625
2340
-2174
2019
-1656
-391
-713
60
-76
1690
-638
2433
-1752
-1096
160
1970
432
-195
687
527
-290
7
31
-2028
215
1379
1526
-2398
-1200
-1342
1505
272
-1936
-1752
-1602
-1609
20
1015
2132
-4465
1517
843
6293
4280
-1592
-24
4063
1129
860
4878
2651
2452
1831
-3762
1836
-3201
-4306
4781
-5180
-3942
6165
539
-3908
-2447
2115
-4069
-475
2346
-167
3375
4517
-2191
-323
3477
-2270
1724
3887
-486
2919
-201
5819
-5093
2909
2027
-4539
702
3947
-4190
6126
-4023
-3015
1600
3693
-480
-1768
1862
-6704
1166
-917
-4199
822
4672
-4223
-1978
-158
5032
-90
-3865
564
-1112
3564
-132
-1475
-3206
-615
401
4994
-1347
-5258
4415
4613
-142
904
3797
-3688
-1642
1121
531
1087
3538
-3298
-453
-848
-257
-2304
1111
1433
6560
-3768
-16
4681
-4170
-4175
4353
-769
5517
-3582
188
-2658
-4263
5159
3457
-23
-1551
-177
-2519
6373
3188
-3587
-5048
-3125
-2369
-3383
2620
-2886
308
255
-2478
-896
1333
1305
-1149
252
-1778
2311
3152
1252
-142
2084
-2549
201
-2683
-783
-1134
-770
363
-1404
-1265
1218
301
-2781
-3100
-872
-565
-1558
62
-988
-420
823
-2507
-866
-1472
369
-571
-153
-1762
-2472
2028
2126
-207
-811
-418
-773
303
761
-1555
1558
2121
-1354
-97
-2454
946
-1640
506
-3105
2445
-3214
-1001
-438
-949
-1063
-1257
113
323
-2564
-545
-1404
-1270
856
-209
-889
-319
253
2026
-33
3558
825
1985
683
-1473
-1338
-1751
-269
-2551
-1960
-499
455
2800
-1532
1977
-2646
-352
-1589
-704
1039
2816
-748
2043
-1732
-247
-624
434
12
51
-223
700
-442
-314
-130
-2033
-648
9
2509
-2906
-1815
-1090
160
-708
-1374
-2009
-3202
-751
-653
308
255
-2478
-896
1333
1305
-1149
252
-1778
2311
3152
1252
-142
2084
-2549
201
-2683
-783
-1134
-770
363
-1404
-1265
1218
301
-2781
-3100
-872
-565
-1558
62
-988
-420
823
-2507
-866
-1472
369
-571
-153
-1762
-2472
2028
2126
-207
-811
-418
-773
303
761
-1555
1558
2121
-1354
-97
-2454
946
-1640
506
-3105
2445
-3214
-1001
-438
-949
-1063
-1257
113
323
-2564
-545
-1404
-1270
856
-209
-889
-319
253
2026
-33
3558
825
1985
683
-1473
-1338
-1751
-269
-2551
-1960
-499
455
2800
-1532
1977
-2646
-352
-1589
-704
1039
2816
-748
2043
-1732
-247
-624
434
12
51
-223
700
-442
-314
-130
-2033
-648
9
2509
-2906
-1815
-1090
160
-708
-1374
-2009
-3202
-751
-653
308
255
-2478
-896
1333
1305
-1149
252
-1778
2311
3152
1252
-142
2084
-2549
201
-2683
-783
-1134
-770
363
-1404
-1265
1218
301
-2781
-3100
-872
-565
-1558
62
-988
-420
823
-2507
-866
-1472
369
-571
-153
-1762
-2472
2028
2126
-207
-811
-418
-773
303
761
-1555
1558
2121
-1354
-97
-2454
946
-1640
506
-3105
2445
-3214
-1001
-438
-949
-1063
-1257
113
323
-2564
-545
-1404
-1270
856
-209
-889
-319
253
2026
-33
3558
825
1985
683
-1473
-1338
-1751
-269
-2551
-1960
-499
455
2800
-1532
1977
-2646
-352
-1589
-704
1039
2816
-748
2043
-1732
-247
-624
434
12
51
-223
700
-442
-314
-130
-2033
-648
9
2509
-2906
-1815
-1090
160
-708
-1374
-2009
-3202
-751
-653
790
2106
-2968
-875
2220
957
-565
-131
-1289
2855
2148
-1090
1461
3773
-3166
-861
-3342
-1199
-1496
-2463
1387
-1045
-1016
3535
1329
-3475
-3277
-1016
669
-2127
54
-1224
-974
1853
-2191
-1387
-528
-484
1417
-667
-2389
-1273
2434
3190
-1247
-654
2333
386
1710
-216
-131
2617
-49
-2757
456
-1505
-1707
-1743
421
-3125
3219
-1819
-2025
731
-119
-264
-1473
-1829
3330
-1740
-1611
-1044
-2154
852
-679
-923
-891
-825
1592
1646
4927
-1795
4423
484
-1570
-618
-1893
-435
-1478
-3156
-1018
163
3792
-2337
3295
-2520
-1599
-2757
-1704
640
3481
-1250
2000
122
-132
-1332
81
1072
376
-652
-215
-1485
1813
1330
-1577
-1695
-872
2582
-2814
-1187
-425
-534
-2118
-2186
-2027
-3436
-909
-1453
-522
1665
-1932
-1347
1879
1541
-784
-260
-2130
2786
2207
-181
-568
2358
-1692
-247
-2466
-35
-1520
-2050
709
-595
-1624
2845
1613
-1732
-1576
-1022
-180
-1775
609
199
-314
1152
-1894
-1491
-950
-163
1039
-464
-2287
-731
1887
3143
547
-872
1277
-249
1557
286
-209
1665
63
-1149
306
-1439
-321
-1021
306
-1861
1964
-1519
-1946
-59
859
-222
-1368
-154
2620
-1229
-544
431
-1577
435
181
-158
-108
-496
1354
1069
2499
-1372
3524
1320
-609
-224
-115
-168
-753
-1556
-20
-884
2723
-1458
2674
-1709
-1095
-814
-1291
634
1929
-1242
2197
-136
-294
-960
1059
1770
5
-808
110
-905
5
95
-1542
-1143
-255
1015
-1665
-650
-586
849
-1042
-1066
-1259
-2478
-397
-1443
-1426
1900
-2133
-1093
1419
2578
-1808
-622
-3141
2738
1961
528
-701
854
-856
-149
-3001
837
-1456
-2151
692
-1035
-2910
3696
2327
-931
-2053
-1513
-1447
-2128
914
219
-414
893
-1862
-2037
-1128
-498
1040
179
-2577
-1057
675
4011
1377
-886
327
-489
2257
349
-699
2082
-616
-1362
184
-1640
225
-1731
-254
-2103
1232
-2043
-2600
-1297
2264
-1206
-1018
1193
3152
-424
999
809
-1460
533
-59
562
932
-1000
1536
1560
-157
-933
4106
3423
-597
-431
2086
-1220
-1400
-942
37
-1295
2604
-1682
2566
-1952
-1175
-803
-817
30
2047
-960
2748
57
-1308
-263
3162
2197
213
-1170
430
-679
-621
229
-2437
-534
-403
-523
-1091
-308
-1584
1786
-247
-1605
-1623
-1904
-871
-1351
790
2106
-2968
-875
2220
957
-565
-131
-1289
2855
2148
-1090
1461
3773
-3166
-861
-3342
-1199
-1496
-2463
1387
-1045
-1016
3535
1329
-3475
-3277
-1016
669
-2127
54
-1224
-974
1853
-2191
-1387
-528
-484
1417
-667
-2389
-1273
2434
3190
-1247
-654
2333
386
1710
-216
-131
2617
-49
-2757
456
-1505
-1707
-1743
421
-3125
3219
-1819
-2025
731
-119
-264
-1473
-1829
3330
-1740
-1611
-1044
-2154
852
-679
-923
-891
-825
1592
1646
4927
-1795
4423
484
-1570
-618
-1893
-435
-1478
-3156
-1018
163
3792
-2337
3295
-2520
-1599
-2757
-1704
640
3481
-1250
2000
122
-132
-1332
81
1072
376
-652
-215
-1485
1813
1330
-1577
-1695
-872
2582
-2814
-1187
-425
-534
-2118
-2186
-2027
-3436
-909
-1453
308
255
-2478
-896
1333
1305
-1149
252
-1778
2311
3152
1252
-142
2084
-2549
201
-2683
-783
-1134
-770
363
-1404
-1265
1218
301
-2781
-3100
-872
-565
-1558
62
-988
-420
823
-2507
-866
-1472
369
-571
-153
-1762
-2472
2028
2126
-207
-811
-418
-773
303
761
-1555
1558
2121
-1354
-97
-2454
946
-1640
506
-3105
2445
-3214
-1001
-438
-949
-1063
-1257
113
323
-2564
-545
-1404
-1270
856
-209
-889
-319
253
2026
-33
3558
825
1985
683
-1473
-1338
-1751
-269
-2551
-1960
-499
455
2800
-1532
1977
-2646
-352
-1589
-704
1039
2816
-748
2043
-1732
-247
-624
434
12
51
-223
700
-442
-314
-130
-2033
-648
9
2509
-2906
-1815
-1090
160
-708
-1374
-2009
-3202
-751
-653
-546
370
-2628
-1435
1576
2392
-1435
-375
-2616
2764
3646
1666
-1197
1805
-2375
958
-3241
-428
-1751
-1240
233
-1588
-2355
1659
837
-2454
-3092
-863
-1391
-1648
139
-1022
-732
1244
-2927
-1406
-1812
128
-478
-150
-2108
-2533
1559
2829
272
-1118
-603
-1314
1020
1412
-1920
1681
2232
-1469
-574
-2891
1422
-1795
648
-2974
2125
-3438
-1629
-1072
-155
-1563
-1074
1278
692
-2981
59
-993
-1299
907
-123
-239
-61
553
1918
156
2831
863
2474
1518
-1568
-946
-986
-766
-2714
-1470
-606
-52
3208
-1847
2631
-3193
-108
-1399
-966
564
3022
-616
2472
-1703
-631
-536
1252
470
-212
-600
1052
-391
-774
-743
-2599
-460
-48
1967
-2683
-1760
-1569
824
-160
-1142
-2202
-3481
-555
-812
-419
-1552
-1138
121
91
336
-2288
187
-2425
1423
1063
1980
-688
-525
-941
-902
-1557
692
-157
1914
-1166
-1056
-1189
-1136
-518
-546
-1755
-1062
-1016
-1899
-127
-149
-160
-1127
-1343
112
-1898
587
-2232
1387
-1008
-2366
492
975
1833
-344
-2402
-555
-207
3
-1180
59
2785
813
414
-1716
2658
-1581
-567
-1751
354
-3131
90
-1107
-1056
-876
-614
1800
-1691
-1531
1298
-1048
-523
335
-262
-113
708
-706
1488
-1168
192
3050
179
1485
228
-1970
-112
-1
-3255
-775
1284
417
715
-464
-71
-1990
-400
415
815
1039
657
-253
1428
-2435
-926
423
1219
-536
-428
136
1380
579
-1738
-1664
-1627
983
1255
665
-1472
-1827
-1546
1230
1079
-1209
-1651
-1031
-1712
702
-1426
1900
-2133
-1093
1419
2578
-1808
-622
-3141
2738
1961
528
-701
854
-856
-149
-3001
837
-1456
-2151
692
-1035
-2910
3696
2327
-931
-2053
-1513
-1447
-2128
914
219
-414
893
-1862
-2037
-1128
-498
1040
179
-2577
-1057
675
4011
1377
-886
327
-489
2257
349
-699
2082
-616
-1362
184
-1640
225
-1731
-254
-2103
1232
-2043
-2600
-1297
2264
-1206
-1018
1193
3152
-424
999
809
-1460
533
-59
562
932
-1000
1536
1560
-157
-933
4106
3423
-597
-431
2086
-1220
-1400
-942
37
-1295
2604
-1682
2566
-1952
-1175
-803
-817
30
2047
-960
2748
57
-1308
-263
3162
2197
213
-1170
430
-679
-621
229
-2437
-534
-403
-523
-1091
-308
-1584
1786
-247
-1605
-1623
-1904
-871
-1351
-198
1823
-2906
-1882
206
2228
-1200
403
-1278
3472
3198
2144
-1398
2702
-2460
1080
-2239
235
-45
-1574
967
-440
-2310
2784
2062
-1570
-2579
-680
-1216
-1585
506
887
-498
609
-2894
-1027
-1038
714
860
402
-2830
-1929
2511
4347
1630
-1071
219
-1143
1646
947
-1388
2117
1468
-406
237
-2547
2330
-488
1102
-2917
2810
-3313
-2163
-892
748
-1277
-1430
395
913
12
-728
-295
-818
1383
443
380
1476
76
2313
553
1827
371
2112
2850
-788
-72
1714
230
-1500
-855
-633
-1668
3776
-1297
2630
-711
-632
-261
-734
-278
2542
-1233
2969
-1406
-833
-400
2717
841
703
-17
1014
-2091
-305
499
-2456
-860
-381
1875
-2319
-384
-885
2070
-123
-1265
-1436
-2543
-452
-888
-842
1843
-2343
-367
3237
1696
-1376
-827
-1998
2090
714
-2143
1150
1399
-2143
-714
-3877
-1630
-3183
-4101
1884
-1803
-1772
3864
1376
-3293
-2755
-857
-22
-1609
-262
-3043
-1201
2286
-1384
-1019
-1471
-2332
1184
-1736
-1809
72
472
2883
-2186
-632
2248
1099
2877
112
-132
2424
-1641
-3725
255
-1354
-3742
-2900
-955
-1089
1367
-381
-3482
244
602
-358
-1089
-462
5682
-2829
-189
-580
-3056
151
-2080
-963
-1946
-198
693
1745
3120
-2818
5938
-133
-2239
-887
-1985
-1865
-1199
-3217
-1800
6
2066
-2839
3417
-3320
-733
-3681
-1518
-848
3931
56
1638
1049
-552
-1098
56
2080
-37
-965
-1241
-458
2113
1557
-1763
-1226
-604
-13
-1335
-860
-1345
-540
-1692
-1798
-2083
-2924
-579
-1905
18
-358
-2771
-615
113
1408
-2165
-429
-2217
2255
1636
2598
-529
769
-2221
0
-2737
740
-731
180
-472
-1227
-1901
768
601
-1345
-2859
-650
-1713
-2036
-337
-471
-899
-130
-2174
-703
-1425
259
-924
1305
-1998
-2316
514
2422
1650
-560
-1195
-802
1193
667
-1449
1236
2603
-243
-130
-2342
2658
-1503
284
-2782
1415
-3590
-991
-840
-279
-1299
-865
2096
-546
-1296
569
-1231
-668
892
-627
489
973
-694
1763
-414
519
1853
1049
2360
-509
-1142
865
-483
-3392
-866
136
-154
2430
-1633
1350
-2166
-633
-376
101
-91
2068
-585
2156
-1959
-1380
263
2446
-173
159
-15
1520
-46
-877
-528
-2282
962
433
1258
-2267
-1137
-1320
1241
724
-1929
-2275
-2061
-1477
337
790
2106
-2968
-875
2220
957
-565
-131
-1289
2855
2148
-1090
1461
3773
-3166
-861
-3342
-1199
-1496
-2463
1387
-1045
-1016
3535
1329
-3475
-3277
-1016
669
-2127
54
-1224
-974
1853
-2191
-1387
-528
-484
1417
-667
-2389
-1273
2434
3190
-1247
-654
2333
386
1710
-216
-131
2617
-49
-2757
456
-1505
-1707
-1743
421
-3125
3219
-1819
-2025
731
-119
-264
-1473
-1829
3330
-1740
-1611
-1044
-2154
852
-679
-923
-891
-825
1592
1646
4927
-1795
4423
484
-1570
-618
-1893
-435
-1478
-3156
-1018
163
3792
-2337
3295
-2520
-1599
-2757
-1704
640
3481
-1250
2000
122
-132
-1332
81
1072
376
-652
-215
-1485
1813
1330
-1577
-1695
-872
2582
-2814
-1187
-425
-534
-2118
-2186
-2027
-3436
-909
-1453
18
-358
-2771
-615
113
1408
-2165
-429
-2217
2255
1636
2598
-529
769
-2221
0
-2737
740
-731
180
-472
-1227
-1901
768
601
-1345
-2859
-650
-1713
-2036
-337
-471
-899
-130
-2174
-703
-1425
259
-924
1305
-1998
-2316
514
2422
1650
-560
-1195
-802
1193
667
-1449
1236
2603
-243
-130
-2342
2658
-1503
284
-2782
1415
-3590
-991
-840
-279
-1299
-865
2096
-546
-1296
569
-1231
-668
892
-627
489
973
-694
1763
-414
519
1853
1049
2360
-509
-1142
865
-483
-3392
-866
136
-154
2430
-1633
1350
-2166
-633
-376
101
-91
2068
-585
2156
-1959
-1380
263
2446
-173
159
-15
1520
-46
-877
-528
-2282
962
433
1258
-2267
-1137
-1320
1241
724
-1929
-2275
-2061
-1477
337
-1426
1900
-2133
-1093
1419
2578
-1808
-622
-3141
2738
1961
528
-701
854
-856
-149
-3001
837
-1456
-2151
692
-1035
-2910
3696
2327
-931
-2053
-1513
-1447
-2128
914
219
-414
893
-1862
-2037
-1128
-498
1040
179
-2577
-1057
675
4011
1377
-886
327
-489
2257
349
-699
2082
-616
-1362
184
-1640
225
-1731
-254
-2103
1232
-2043
-2600
-1297
2264
-1206
-1018
1193
3152
-424
999
809
-1460
533
-59
562
932
-1000
1536
1560
-157
-933
4106
3423
-597
-431
2086
-1220
-1400
-942
37
-1295
2604
-1682
2566
-1952
-1175
-803
-817
30
2047
-960
2748
57
-1308
-263
3162
2197
213
-1170
430
-679
-621
229
-2437
-534
-403
-523
-1091
-308
-1584
1786
-247
-1605
-1623
-1904
-871
-1351
18
-358
-2771
-615
113
1408
-2165
-429
-2217
2255
1636
2598
-529
769
-2221
0
-2737
740
-731
180
-472
-1227
-1901
768
601
-1345
-2859
-650
-1713
-2036
-337
-471
-899
-130
-2174
-703
-1425
259
-924
1305
-1998
-2316
514
2422
1650
-560
-1195
-802
1193
667
-1449
1236
2603
-243
-130
-2342
2658
-1503
284
-2782
1415
-3590
-991
-840
-279
-1299
-865
2096
-546
-1296
569
-1231
-668
892
-627
489
973
-694
1763
-414
519
1853
1049
2360
-509
-1142
865
-483
-3392
-866
136
-154
2430
-1633
1350
-2166
-633
-376
101
-91
2068
-585
2156
-1959
-1380
263
2446
-173
159
-15
1520
-46
-877
-528
-2282
962
433
1258
-2267
-1137
-1320
1241
724
-1929
-2275
-2061
-1477
337
308
255
-2478
-896
1333
1305
-1149
252
-1778
2311
3152
1252
-142
2084
-2549
201
-2683
-783
-1134
-770
363
-1404
-1265
1218
301
-2781
-3100
-872
-565
-1558
62
-988
-420
823
-2507
-866
-1472
369
-571
-153
-1762
-2472
2028
2126
-207
-811
-418
-773
303
761
-1555
1558
2121
-1354
-97
-2454
946
-1640
506
-3105
2445
-3214
-1001
-438
-949
-1063
-1257
113
323
-2564
-545
-1404
-1270
856
-209
-889
-319
253
2026
-33
3558
825
1985
683
-1473
-1338
-1751
-269
-2551
-1960
-499
455
2800
-1532
1977
-2646
-352
-1589
-704
1039
2816
-748
2043
-1732
-247
-624
434
12
51
-223
700
-442
-314
-130
-2033
-648
9
2509
-2906
-1815
-1090
160
-708
-1374
-2009
-3202
-751
-653
406
1341
-2765
-712
-724
1305
-1444
-354
-1123
3120
453
1467
94
1804
-1643
-769
-1671
1760
596
-497
353
-45
-2144
2697
1963
-438
-1950
-468
-1028
-2371
8
1232
-621
-218
-1905
-463
-339
-68
809
2126
-2416
-860
1150
4127
2449
-460
625
-483
2178
-131
-190
1708
860
194
1148
-1054
2175
-296
494
-2488
1772
-2539
-2058
-536
1401
-1238
-1032
650
818
1764
-243
-455
-465
1362
-351
1271
1930
-1862
1623
917
-427
499
1824
3647
715
77
3504
311
-1651
-546
450
-1583
3026
-1063
1580
172
-1722
638
-21
-842
1555
-1178
2136
-501
-1517
209
3704
628
1238
-77
1467
-1988
-289
681
-1538
284
-522
630
-1041
762
-290
2178
434
-1932
-1507
-976
-1392
107
-756
1166
-2708
-856
2091
1255
-1639
196
-1904
2362
2054
716
-242
1627
-3133
-316
-3465
-1030
-2045
-2114
950
-1339
-866
2176
675
-2703
-2322
-853
-666
-1596
-604
-1321
-993
996
-1607
-1385
-1318
-177
56
-973
-2453
-1717
1503
2687
-107
-1157
673
179
1523
161
-1046
1911
1576
-1930
-145
-1862
-454
-2165
-316
-2286
1807
-2183
-1225
235
-1294
-271
-1235
38
1948
-1868
-741
-628
-1949
589
-798
-766
-294
62
1302
-194
2986
-581
2973
875
-1463
-1088
-1243
-850
-2367
-2030
-1298
175
2992
-2901
3265
-3119
-478
-2363
-838
502
2994
-664
2536
-899
-567
-639
724
854
-305
41
69
-420
570
275
-1927
-896
906
1904
-2748
-1671
-1348
678
-977
-1972
-2062
-2761
-1353
-778
-1370
-1224
236
-508
106
478
-2038
1124
-2347
1964
2258
2174
-2491
-183
99
-498
-519
358
843
2815
-1303
-158
-1302
-1700
-473
752
-561
-1711
-379
-1282
808
1497
505
-1915
-1356
129
-1739
2110
-2121
816
-541
-2968
1995
875
2971
-923
-3295
-1302
-1521
-1
-760
-515
3368
1962
476
-2036
3655
-927
-741
-1205
404
-3173
849
-1708
-826
-223
-828
816
-2729
-818
1274
125
-426
49
1726
-520
1730
-133
1975
-1280
831
4208
-415
1615
535
-2050
-389
1109
-2127
-278
1953
-261
817
1122
-234
-748
-232
1680
541
2256
-577
-472
1601
-2976
-241
199
884
-30
-1151
-36
1337
-65
-2619
-2814
-1772
-540
1492
1254
-1340
-2447
-1996
2435
1022
24
-504
-409
-1652
110
18
-358
-2771
-615
113
1408
-2165
-429
-2217
2255
1636
2598
-529
769
-2221
0
-2737
740
-731
180
-472
-1227
-1901
768
601
-1345
-2859
-650
-1713
-2036
-337
-471
-899
-130
-2174
-703
-1425
259
-924
1305
-1998
-2316
514
2422
1650
-560
-1195
-802
1193
667
-1449
1236
2603
-243
-130
-2342
2658
-1503
284
-2782
1415
-3590
-991
-840
-279
-1299
-865
2096
-546
-1296
569
-1231
-668
892
-627
489
973
-694
1763
-414
519
1853
1049
2360
-509
-1142
865
-483
-3392
-866
136
-154
2430
-1633
1350
-2166
-633
-376
101
-91
2068
-585
2156
-1959
-1380
263
2446
-173
159
-15
1520
-46
-877
-528
-2282
962
433
1258
-2267
-1137
-1320
1241
724
-1929
-2275
-2061
-1477
337
790
2106
-2968
-875
2220
957
-565
-131
-1289
2855
2148
-1090
1461
3773
-3166
-861
-3342
-1199
-1496
-2463
1387
-1045
-1016
3535
1329
-3475
-3277
-1016
669
-2127
54
-1224
-974
1853
-2191
-1387
-528
-484
1417
-667
-2389
-1273
2434
3190
-1247
-654
2333
386
1710
-216
-131
2617
-49
-2757
456
-1505
-1707
-1743
421
-3125
3219
-1819
-2025
731
-119
-264
-1473
-1829
3330
-1740
-1611
-1044
-2154
852
-679
-923
-891
-825
1592
1646
4927
-1795
4423
484
-1570
-618
-1893
-435
-1478
-3156
-1018
163
3792
-2337
3295
-2520
-1599
-2757
-1704
640
3481
-1250
2000
122
-132
-1332
81
1072
376
-652
-215
-1485
1813
1330
-1577
-1695
-872
2582
-2814
-1187
-425
-534
-2118
-2186
-2027
-3436
-909
-1453
2205
983
-2060
-36
566
-850
595
382
599
1481
872
-586
1859
2782
-2731
-1045
-1317
-806
-510
-1072
1024
-248
845
1520
79
-2726
-1584
-124
1214
-1188
-188
-307
-470
603
-989
63
533
62
902
16
-1285
-389
1891
1160
-674
341
1930
656
574
-435
226
1448
583
-1097
954
-313
-1078
-115
678
-2083
2292
-837
-229
1558
-1197
279
-1430
-2190
1144
-268
-2424
-1142
-934
497
-376
-1049
-1066
-1035
1191
543
3719
-1153
1265
-583
-426
-426
-1551
695
-830
-2046
-643
389
2121
-1261
994
-752
-1097
-1279
-712
957
1835
-1340
562
-79
101
-794
-603
-205
971
374
-219
-1295
1306
1725
193
-877
-154
2959
-2143
-420
1113
-1166
-2089
-1699
-1226
-1954
-629
-431
-940
1477
-2037
-561
1716
2284
-1511
-1871
-3010
1887
725
-683
37
-90
-924
-251
-3329
622
-2741
-3026
678
-1244
-2898
3823
2125
-1288
-1922
-1042
-1292
-1977
376
-1348
-1313
1499
-1344
-1742
-934
-1945
1340
-88
-2005
20
-1086
3046
525
-310
1123
235
3350
537
-172
1896
-1409
-2366
-50
-1290
-1592
-1887
-484
-947
249
-732
-3044
-992
2583
-1312
-666
1731
4426
-1242
1304
409
-1690
-46
-1223
848
-364
-1312
779
2029
-634
-1791
4571
2430
-890
-148
1460
-1933
-1316
-1221
-696
-1009
1805
-2132
2367
-2709
-974
-1463
-1148
-965
2267
-261
1702
986
-1496
89
2644
2311
213
-1328
11
-79
331
672
-2038
139
-786
-1178
-193
-80
-1278
702
-299
-1638
-2031
-1862
-695
-1205
1551
1596
-3079
-939
-376
-19
-488
489
353
2003
1792
1716
512
2909
-3895
242
-2457
-589
64
-996
952
-43
179
1739
974
-2306
-2385
-360
-62
-1454
-121
399
-1433
293
-1665
-656
362
1097
1291
280
-2652
-1749
1909
2458
1007
102
1128
224
1559
111
-656
2149
1586
-539
88
-1670
1129
-182
1232
-2784
2695
-2264
-217
953
-1144
66
-1550
-801
282
547
-1992
-974
-468
755
20
-126
537
-859
1862
336
2781
-101
687
1309
-687
-204
205
458
-2043
-1234
-1243
-633
3496
-2172
1947
-914
-953
-1103
-508
310
2037
-1674
1805
-1122
-772
-371
1268
-77
684
894
181
-1820
1483
1426
-1187
-538
538
3503
-3010
-917
215
68
-1146
-2358
-1793
-2325
-1093
-128
-404
581
-2017
-1329
1546
1841
-546
-895
-1664
1641
2184
561
-1037
972
-2021
1352
-2571
-463
-2553
-2739
719
-1165
-1593
1753
1014
-2307
-1601
4
-1152
-863
39
-1284
-820
1715
-1910
-840
-1539
-1039
390
-844
-1858
-294
335
2093
-321
-376
749
-345
2069
1610
-1354
1332
369
-1375
-544
-1890
-336
-955
762
-872
1030
-1158
-2210
-218
283
-888
-1044
1620
2265
-2730
-225
-279
-1162
207
-864
35
-1317
800
863
363
1658
-1338
2420
198
-1288
32
-607
-897
-1213
-919
-1172
-719
1662
-2032
2208
-2470
426
-1222
-926
-589
2389
-397
1511
-460
-523
-560
595
1117
55
-308
-92
-110
44
193
-1412
109
82
560
-1255
-499
-460
-40
-335
-519
-1636
-2931
647
-1014
-36
-1906
-1200
147
132
621
-1649
-593
-2890
1518
1310
1921
-554
-457
-672
-707
-1568
1320
-659
2143
-1612
-1317
-1648
-1083
-587
-490
-1697
-869
-1297
-2069
-118
-174
-198
-667
-1508
-235
-1547
362
-2288
2078
-936
-2208
-26
890
1784
-81
-2293
-1030
-118
293
-1360
84
2930
693
269
-1290
2898
-1416
-112
-2116
174
-3136
229
-1197
-575
-1421
-336
2271
-1811
-1917
1326
-996
-290
477
-167
284
446
-1019
1206
-876
-180
2891
97
1888
612
-1539
233
-267
-3397
-445
1675
683
923
-561
-319
-2586
-512
748
607
1334
607
-465
1168
-2114
-1192
450
1428
-884
-223
-315
2031
801
-2373
-1961
-1275
1485
898
717
-1436
-1507
-1110
847
1094
-1287
-1849
-1223
-1523
861
18
-358
-2771
-615
113
1408
-2165
-429
-2217
2255
1636
2598
-529
769
-2221
0
-2737
740
-731
180
-472
-1227
-1901
768
601
-1345
-2859
-650
-1713
-2036
-337
-471
-899
-130
-2174
-703
-1425
259
-924
1305
-1998
-2316
514
2422
1650
-560
-1195
-802
1193
667
-1449
1236
2603
-243
-130
-2342
2658
-1503
284
-2782
1415
-3590
-991
-840
-279
-1299
-865
2096
-546
-1296
569
-1231
-668
892
-627
489
973
-694
1763
-414
519
1853
1049
2360
-509
-1142
865
-483
-3392
-866
136
-154
2430
-1633
1350
-2166
-633
-376
101
-91
2068
-585
2156
-1959
-1380
263
2446
-173
159
-15
1520
-46
-877
-528
-2282
962
433
1258
-2267
-1137
-1320
1241
724
-1929
-2275
-2061
-1477
337
1944
1879
-3105
-92
1731
-302
95
-235
-232
1594
1278
-1211
2757
3315
-3945
-1016
-3645
-1749
-1837
-2404
1587
-1090
525
2908
543
-4104
-3102
-688
1044
-1839
-213
-1766
-1599
1807
-1272
-1124
538
-438
1715
-767
-2201
-965
1447
1806
-1820
470
2759
1202
1823
-411
-25
2787
-265
-3012
234
-842
-2677
-1586
530
-2943
2751
-959
-775
1816
-1149
323
-1542
-2217
3179
-1510
-2317
-1374
-1825
329
-1046
-1274
-1838
-1336
1241
1598
4915
-2319
3386
-392
-1641
-697
-2647
-701
-1958
-3113
-1675
870
3303
-3114
2526
-2912
-1461
-3458
-1399
973
3309
-1533
1077
483
-394
-1233
-655
412
563
-79
-911
-1137
2773
2251
-607
-1222
-134
3399
-3166
-1365
378
-2149
-2913
-2987
-2403
-3327
-1089
-1014
-914
3251
-1759
-348
2390
1531
-789
-453
-1978
2750
446
-2194
1053
1522
-911
-1425
-2867
-180
-1970
-3728
2005
-760
-1993
5204
2462
-1479
-1323
-1590
277
-1910
856
-351
-522
1371
-701
-1545
-25
-1380
2603
-693
-2339
635
1002
4024
-86
-334
2595
1046
2947
-872
813
2820
-2800
-2542
1214
-70
-3108
-1938
-1086
-1154
1200
161
-3084
100
2351
20
-1401
-1452
6161
525
-334
1380
-2707
121
-524
-461
-228
-1808
1008
2770
1045
-3437
5991
2235
-583
-270
1191
-1167
77
-2236
-605
-1268
2422
-2024
2806
-1490
-1893
-1918
-1385
167
2349
-1164
2017
1987
-1082
-893
1973
2947
617
-1260
-1045
-1556
1244
2114
-1185
-1820
-678
-439
-724
338
-763
693
-2131
-2206
-1222
-1395
-1080
-2247
-190
2300
-557
-733
707
207
310
819
-727
2209
1384
-496
-506
1514
-586
-670
-560
296
-245
-1497
1169
495
-465
2629
1532
-295
561
-1221
688
-1033
1341
2165
433
-127
-401
-703
465
730
1815
-169
-1931
245
2135
2650
1743
-15
1292
328
973
-697
544
1434
-931
291
1390
165
-435
229
-100
-679
1107
-87
-752
287
1065
617
-1617
-1706
2501
1799
-1162
1936
-1088
-42
1366
-523
574
-1234
1322
1131
785
-1736
2209
1793
774
26
1594
801
812
-606
439
-1675
1603
-350
988
402
-1194
649
-612
1599
81
-1884
1592
490
-387
-619
1330
1813
613
-181
-475
-1793
-365
1091
-107
-1675
460
869
-779
244
377
1199
-1693
-977
7
-478
-499
-1476
18
-358
-2771
-615
113
1408
-2165
-429
-2217
2255
1636
2598
-529
769
-2221
0
-2737
740
-731
180
-472
-1227
-1901
768
601
-1345
-2859
-650
-1713
-2036
-337
-471
-899
-130
-2174
-703
-1425
259
-924
1305
-1998
-2316
514
2422
1650
-560
-1195
-802
1193
667
-1449
1236
2603
-243
-130
-2342
2658
-1503
284
-2782
1415
-3590
-991
-840
-279
-1299
-865
2096
-546
-1296
569
-1231
-668
892
-627
489
973
-694
1763
-414
519
1853
1049
2360
-509
-1142
865
-483
-3392
-866
136
-154
2430
-1633
1350
-2166
-633
-376
101
-91
2068
-585
2156
-1959
-1380
263
2446
-173
159
-15
1520
-46
-877
-528
-2282
962
433
1258
-2267
-1137
-1320
1241
724
-1929
-2275
-2061
-1477
337
4557
-2447
1022
4532
2060
-3841
6542
-7861
1509
-1569
-12473
-6598
9172
3206
3506
-6122
558
4770
-3606
2953
-4157
155
2774
-764
-2918
3914
4947
3853
2880
-437
-3468
-1462
-862
2322
6051
-724
8536
-3330
2791
6063
4050
8660
-6168
-5422
-4266
3979
7896
1672
784
-3535
7377
-413
-3384
-651
-114
11638
-4779
692
167
1098
-3778
8612
3617
8554
1815
5364
2769
-1408
2081
1435
-3836
1906
-568
-517
-2002
2182
-3474
-7531
-8151
3806
-2419
-7750
121
-2781
6158
4682
-6
-1012
2097
841
5581
4794
-668
-2056
-2829
100
-5832
1491
-1414
891
-3761
-2109
-7203
9414
-1877
-2710
-2761
-2267
543
-4237
1365
3825
1711
197
9763
4368
-2039
-1282
1267
6806
7363
-7985
-3165
-3409
676
4179
-1435
1956
790
2106
-2968
-875
2220
957
-565
-131
-1289
2855
2148
-1090
1461
3773
-3166
-861
-3342
-1199
-1496
-2463
1387
-1045
-1016
3535
1329
-3475
-3277
-1016
669
-2127
54
-1224
-974
1853
-2191
-1387
-528
-484
1417
-667
-2389
-1273
2434
3190
-1247
-654
2333
386
1710
-216
-131
2617
-49
-2757
456
-1505
-1707
-1743
421
-3125
3219
-1819
-2025
731
-119
-264
-1473
-1829
3330
-1740
-1611
-1044
-2154
852
-679
-923
-891
-825
1592
1646
4927
-1795
4423
484
-1570
-618
-1893
-435
-1478
-3156
-1018
163
3792
-2337
3295
-2520
-1599
-2757
-1704
640
3481
-1250
2000
122
-132
-1332
81
1072
376
-652
-215
-1485
1813
1330
-1577
-1695
-872
2582
-2814
-1187
-425
-534
-2118
-2186
-2027
-3436
-909
-1453
