-1775
-4729
-1955
-101
941
-1786
-2135
-1189
-1488
-1405
-3421
-1458
-1906
-1748
-2338
-248
207
-2819
-1446
-769
787
-702
-2712
2310
-1347
622
-448
-1052
-937
-3066
-3506
-214
3145
298
-934
-708
725
-1011
-773
-1501
-385
-2014
-1368
-1033
-3901
-994
238
-316
1949
954
-328
-1549
-130
-1734
-3072
-2485
-2926
707
-572
-1527
-2063
-3006
2908
-1389
-1775
-4729
-1955
-101
941
-1786
-2135
-1189
-1488
-1405
-3421
-1458
-1906
-1748
-2338
-248
207
-2819
-1446
-769
787
-702
-2712
2310
-1347
622
-448
-1052
-937
-3066
-3506
-214
3145
298
-934
-708
725
-1011
-773
-1501
-385
-2014
-1368
-1033
-3901
-994
238
-316
1949
954
-328
-1549
-130
-1734
-3072
-2485
-2926
707
-572
-1527
-2063
-3006
2908
-1389
-1775
-4729
-1955
-101
941
-1786
-2135
-1189
-1488
-1405
-3421
-1458
-1906
-1748
-2338
-248
207
-2819
-1446
-769
787
-702
-2712
2310
-1347
622
-448
-1052
-937
-3066
-3506
-214
3145
298
-934
-708
725
-1011
-773
-1501
-385
-2014
-1368
-1033
-3901
-994
238
-316
1949
954
-328
-1549
-130
-1734
-3072
-2485
-2926
707
-572
-1527
-2063
-3006
2908
-1389
-1775
-4729
-1955
-101
941
-1786
-2135
-1189
-1488
-1405
-3421
-1458
-1906
-1748
-2338
-248
207
-2819
-1446
-769
787
-702
-2712
2310
-1347
622
-448
-1052
-937
-3066
-3506
-214
3145
298
-934
-708
725
-1011
-773
-1501
-385
-2014
-1368
-1033
-3901
-994
238
-316
1949
954
-328
-1549
-130
-1734
-3072
-2485
-2926
707
-572
-1527
-2063
-3006
2908
-1389
-1775
-4729
-1955
-101
941
-1786
-2135
-1189
-1488
-1405
-3421
-1458
-1906
-1748
-2338
-248
207
-2819
-1446
-769
787
-702
-2712
2310
-1347
622
-448
-1052
-937
-3066
-3506
-214
3145
298
-934
-708
725
-1011
-773
-1501
-385
-2014
-1368
-1033
-3901
-994
238
-316
1949
954
-328
-1549
-130
-1734
-3072
-2485
-2926
707
-572
-1527
-2063
-3006
2908
-1389
-1775
-4729
-1955
-101
941
-1786
-2135
-1189
-1488
-1405
-3421
-1458
-1906
-1748
-2338
-248
207
-2819
-1446
-769
787
-702
-2712
2310
-1347
622
-448
-1052
-937
-3066
-3506
-214
3145
298
-934
-708
725
-1011
-773
-1501
-385
-2014
-1368
-1033
-3901
-994
238
-316
1949
954
-328
-1549
-130
-1734
-3072
-2485
-2926
707
-572
-1527
-2063
-3006
2908
-1389
-1775
-4729
-1955
-101
941
-1786
-2135
-1189
-1488
-1405
-3421
-1458
-1906
-1748
-2338
-248
207
-2819
-1446
-769
787
-702
-2712
2310
-1347
622
-448
-1052
-937
-3066
-3506
-214
3145
298
-934
-708
725
-1011
-773
-1501
-385
-2014
-1368
-1033
-3901
-994
238
-316
1949
954
-328
-1549
-130
-1734
-3072
-2485
-2926
707
-572
-1527
-2063
-3006
2908
-1389
-1775
-4729
-1955
-101
941
-1786
-2135
-1189
-1488
-1405
-3421
-1458
-1906
-1748
-2338
-248
207
-2819
-1446
-769
787
-702
-2712
2310
-1347
622
-448
-1052
-937
-3066
-3506
-214
3145
298
-934
-708
725
-1011
-773
-1501
-385
-2014
-1368
-1033
-3901
-994
238
-316
1949
954
-328
-1549
-130
-1734
-3072
-2485
-2926
707
-572
-1527
-2063
-3006
2908
-1389
-1775
-4729
-1955
-101
941
-1786
-2135
-1189
-1488
-1405
-3421
-1458
-1906
-1748
-2338
-248
207
-2819
-1446
-769
787
-702
-2712
2310
-1347
622
-448
-1052
-937
-3066
-3506
-214
3145
298
-934
-708
725
-1011
-773
-1501
-385
-2014
-1368
-1033
-3901
-994
238
-316
1949
954
-328
-1549
-130
-1734
-3072
-2485
-2926
707
-572
-1527
-2063
-3006
2908
-1389
-1775
-4729
-1955
-101
941
-1786
-2135
-1189
-1488
-1405
-3421
-1458
-1906
-1748
-2338
-248
207
-2819
-1446
-769
787
-702
-2712
2310
-1347
622
-448
-1052
-937
-3066
-3506
-214
3145
298
-934
-708
725
-1011
-773
-1501
-385
-2014
-1368
-1033
-3901
-994
238
-316
1949
954
-328
-1549
-130
-1734
-3072
-2485
-2926
707
-572
-1527
-2063
-3006
2908
-1389
-1775
-4729
-1955
-101
941
-1786
-2135
-1189
-1488
-1405
-3421
-1458
-1906
-1748
-2338
-248
207
-2819
-1446
-769
787
-702
-2712
2310
-1347
622
-448
-1052
-937
-3066
-3506
-214
3145
298
-934
-708
725
-1011
-773
-1501
-385
-2014
-1368
-1033
-3901
-994
238
-316
1949
954
-328
-1549
-130
-1734
-3072
-2485
-2926
707
-572
-1527
-2063
-3006
2908
-1389
-1775
-4729
-1955
-101
941
-1786
-2135
-1189
-1488
-1405
-3421
-1458
-1906
-1748
-2338
-248
207
-2819
-1446
-769
787
-702
-2712
2310
-1347
622
-448
-1052
-937
-3066
-3506
-214
3145
298
-934
-708
725
-1011
-773
-1501
-385
-2014
-1368
-1033
-3901
-994
238
-316
1949
954
-328
-1549
-130
-1734
-3072
-2485
-2926
707
-572
-1527
-2063
-3006
2908
-1389
-1775
-4729
-1955
-101
941
-1786
-2135
-1189
-1488
-1405
-3421
-1458
-1906
-1748
-2338
-248
207
-2819
-1446
-769
787
-702
-2712
2310
-1347
622
-448
-1052
-937
-3066
-3506
-214
3145
298
-934
-708
725
-1011
-773
-1501
-385
-2014
-1368
-1033
-3901
-994
238
-316
1949
954
-328
-1549
-130
-1734
-3072
-2485
-2926
707
-572
-1527
-2063
-3006
2908
-1389
-1775
-4729
-1955
-101
941
-1786
-2135
-1189
-1488
-1405
-3421
-1458
-1906
-1748
-2338
-248
207
-2819
-1446
-769
787
-702
-2712
2310
-1347
622
-448
-1052
-937
-3066
-3506
-214
3145
298
-934
-708
725
-1011
-773
-1501
-385
-2014
-1368
-1033
-3901
-994
238
-316
1949
954
-328
-1549
-130
-1734
-3072
-2485
-2926
707
-572
-1527
-2063
-3006
2908
-1389
-1775
-4729
-1955
-101
941
-1786
-2135
-1189
-1488
-1405
-3421
-1458
-1906
-1748
-2338
-248
207
-2819
-1446
-769
787
-702
-2712
2310
-1347
622
-448
-1052
-937
-3066
-3506
-214
3145
298
-934
-708
725
-1011
-773
-1501
-385
-2014
-1368
-1033
-3901
-994
238
-316
1949
954
-328
-1549
-130
-1734
-3072
-2485
-2926
707
-572
-1527
-2063
-3006
2908
-1389
-1775
-4729
-1955
-101
941
-1786
-2135
-1189
-1488
-1405
-3421
-1458
-1906
-1748
-2338
-248
207
-2819
-1446
-769
787
-702
-2712
2310
-1347
622
-448
-1052
-937
-3066
-3506
-214
3145
298
-934
-708
725
-1011
-773
-1501
-385
-2014
-1368
-1033
-3901
-994
238
-316
1949
954
-328
-1549
-130
-1734
-3072
-2485
-2926
707
-572
-1527
-2063
-3006
2908
-1389
-1775
-4729
-1955
-101
941
-1786
-2135
-1189
-1488
-1405
-3421
-1458
-1906
-1748
-2338
-248
207
-2819
-1446
-769
787
-702
-2712
2310
-1347
622
-448
-1052
-937
-3066
-3506
-214
3145
298
-934
-708
725
-1011
-773
-1501
-385
-2014
-1368
-1033
-3901
-994
238
-316
1949
954
-328
-1549
-130
-1734
-3072
-2485
-2926
707
-572
-1527
-2063
-3006
2908
-1389
-1775
-4729
-1955
-101
941
-1786
-2135
-1189
-1488
-1405
-3421
-1458
-1906
-1748
-2338
-248
207
-2819
-1446
-769
787
-702
-2712
2310
-1347
622
-448
-1052
-937
-3066
-3506
-214
3145
298
-934
-708
725
-1011
-773
-1501
-385
-2014
-1368
-1033
-3901
-994
238
-316
1949
954
-328
-1549
-130
-1734
-3072
-2485
-2926
707
-572
-1527
-2063
-3006
2908
-1389
-1775
-4729
-1955
-101
941
-1786
-2135
-1189
-1488
-1405
-3421
-1458
-1906
-1748
-2338
-248
207
-2819
-1446
-769
787
-702
-2712
2310
-1347
622
-448
-1052
-937
-3066
-3506
-214
3145
298
-934
-708
725
-1011
-773
-1501
-385
-2014
-1368
-1033
-3901
-994
238
-316
1949
954
-328
-1549
-130
-1734
-3072
-2485
-2926
707
-572
-1527
-2063
-3006
2908
-1389
-1775
-4729
-1955
-101
941
-1786
-2135
-1189
-1488
-1405
-3421
-1458
-1906
-1748
-2338
-248
207
-2819
-1446
-769
787
-702
-2712
2310
-1347
622
-448
-1052
-937
-3066
-3506
-214
3145
298
-934
-708
725
-1011
-773
-1501
-385
-2014
-1368
-1033
-3901
-994
238
-316
1949
954
-328
-1549
-130
-1734
-3072
-2485
-2926
707
-572
-1527
-2063
-3006
2908
-1389
-1775
-4729
-1955
-101
941
-1786
-2135
-1189
-1488
-1405
-3421
-1458
-1906
-1748
-2338
-248
207
-2819
-1446
-769
787
-702
-2712
2310
-1347
622
-448
-1052
-937
-3066
-3506
-214
3145
298
-934
-708
725
-1011
-773
-1501
-385
-2014
-1368
-1033
-3901
-994
238
-316
1949
954
-328
-1549
-130
-1734
-3072
-2485
-2926
707
-572
-1527
-2063
-3006
2908
-1389
-1775
-4729
-1955
-101
941
-1786
-2135
-1189
-1488
-1405
-3421
-1458
-1906
-1748
-2338
-248
207
-2819
-1446
-769
787
-702
-2712
2310
-1347
622
-448
-1052
-937
-3066
-3506
-214
3145
298
-934
-708
725
-1011
-773
-1501
-385
-2014
-1368
-1033
-3901
-994
238
-316
1949
954
-328
-1549
-130
-1734
-3072
-2485
-2926
707
-572
-1527
-2063
-3006
2908
-1389
-1775
-4729
-1955
-101
941
-1786
-2135
-1189
-1488
-1405
-3421
-1458
-1906
-1748
-2338
-248
207
-2819
-1446
-769
787
-702
-2712
2310
-1347
622
-448
-1052
-937
-3066
-3506
-214
3145
298
-934
-708
725
-1011
-773
-1501
-385
-2014
-1368
-1033
-3901
-994
238
-316
1949
954
-328
-1549
-130
-1734
-3072
-2485
-2926
707
-572
-1527
-2063
-3006
2908
-1389
-1775
-4729
-1955
-101
941
-1786
-2135
-1189
-1488
-1405
-3421
-1458
-1906
-1748
-2338
-248
207
-2819
-1446
-769
787
-702
-2712
2310
-1347
622
-448
-1052
-937
-3066
-3506
-214
3145
298
-934
-708
725
-1011
-773
-1501
-385
-2014
-1368
-1033
-3901
-994
238
-316
1949
954
-328
-1549
-130
-1734
-3072
-2485
-2926
707
-572
-1527
-2063
-3006
2908
-1389
-1775
-4729
-1955
-101
941
-1786
-2135
-1189
-1488
-1405
-3421
-1458
-1906
-1748
-2338
-248
207
-2819
-1446
-769
787
-702
-2712
2310
-1347
622
-448
-1052
-937
-3066
-3506
-214
3145
298
-934
-708
725
-1011
-773
-1501
-385
-2014
-1368
-1033
-3901
-994
238
-316
1949
954
-328
-1549
-130
-1734
-3072
-2485
-2926
707
-572
-1527
-2063
-3006
2908
-1389
-2534
-3939
287
-356
-261
1107
-2231
834
-871
1170
-4571
-135
953
-3501
-3755
-1605
-328
-3036
-1835
-4557
628
-122
673
1092
1141
3572
-2924
-3642
1177
-2925
-3923
-2105
3756
3588
2721
-405
2609
823
-933
-3528
-1565
121
2158
-1816
-5345
-619
-1
1697
3564
793
273
-3188
2412
-112
-604
-1096
-5680
-2464
2976
354
-2025
-4427
1867
-1911
-1775
-4729
-1955
-101
941
-1786
-2135
-1189
-1488
-1405
-3421
-1458
-1906
-1748
-2338
-248
207
-2819
-1446
-769
787
-702
-2712
2310
-1347
622
-448
-1052
-937
-3066
-3506
-214
3145
298
-934
-708
725
-1011
-773
-1501
-385
-2014
-1368
-1033
-3901
-994
238
-316
1949
954
-328
-1549
-130
-1734
-3072
-2485
-2926
707
-572
-1527
-2063
-3006
2908
-1389
-1775
-4729
-1955
-101
941
-1786
-2135
-1189
-1488
-1405
-3421
-1458
-1906
-1748
-2338
-248
207
-2819
-1446
-769
787
-702
-2712
2310
-1347
622
-448
-1052
-937
-3066
-3506
-214
3145
298
-934
-708
725
-1011
-773
-1501
-385
-2014
-1368
-1033
-3901
-994
238
-316
1949
954
-328
-1549
-130
-1734
-3072
-2485
-2926
707
-572
-1527
-2063
-3006
2908
-1389
-1775
-4729
-1955
-101
941
-1786
-2135
-1189
-1488
-1405
-3421
-1458
-1906
-1748
-2338
-248
207
-2819
-1446
-769
787
-702
-2712
2310
-1347
622
-448
-1052
-937
-3066
-3506
-214
3145
298
-934
-708
725
-1011
-773
-1501
-385
-2014
-1368
-1033
-3901
-994
238
-316
1949
954
-328
-1549
-130
-1734
-3072
-2485
-2926
707
-572
-1527
-2063
-3006
2908
-1389
-1775
-4729
-1955
-101
941
-1786
-2135
-1189
-1488
-1405
-3421
-1458
-1906
-1748
-2338
-248
207
-2819
-1446
-769
787
-702
-2712
2310
-1347
622
-448
-1052
-937
-3066
-3506
-214
3145
298
-934
-708
725
-1011
-773
-1501
-385
-2014
-1368
-1033
-3901
-994
238
-316
1949
954
-328
-1549
-130
-1734
-3072
-2485
-2926
707
-572
-1527
-2063
-3006
2908
-1389
-1775
-4729
-1955
-101
941
-1786
-2135
-1189
-1488
-1405
-3421
-1458
-1906
-1748
-2338
-248
207
-2819
-1446
-769
787
-702
-2712
2310
-1347
622
-448
-1052
-937
-3066
-3506
-214
3145
298
-934
-708
725
-1011
-773
-1501
-385
-2014
-1368
-1033
-3901
-994
238
-316
1949
954
-328
-1549
-130
-1734
-3072
-2485
-2926
707
-572
-1527
-2063
-3006
2908
-1389
-1775
-4729
-1955
-101
941
-1786
-2135
-1189
-1488
-1405
-3421
-1458
-1906
-1748
-2338
-248
207
-2819
-1446
-769
787
-702
-2712
2310
-1347
622
-448
-1052
-937
-3066
-3506
-214
3145
298
-934
-708
725
-1011
-773
-1501
-385
-2014
-1368
-1033
-3901
-994
238
-316
1949
954
-328
-1549
-130
-1734
-3072
-2485
-2926
707
-572
-1527
-2063
-3006
2908
-1389
-1775
-4729
-1955
-101
941
-1786
-2135
-1189
-1488
-1405
-3421
-1458
-1906
-1748
-2338
-248
207
-2819
-1446
-769
787
-702
-2712
2310
-1347
622
-448
-1052
-937
-3066
-3506
-214
3145
298
-934
-708
725
-1011
-773
-1501
-385
-2014
-1368
-1033
-3901
-994
238
-316
1949
954
-328
-1549
-130
-1734
-3072
-2485
-2926
707
-572
-1527
-2063
-3006
2908
-1389
-1775
-4729
-1955
-101
941
-1786
-2135
-1189
-1488
-1405
-3421
-1458
-1906
-1748
-2338
-248
207
-2819
-1446
-769
787
-702
-2712
2310
-1347
622
-448
-1052
-937
-3066
-3506
-214
3145
298
-934
-708
725
-1011
-773
-1501
-385
-2014
-1368
-1033
-3901
-994
238
-316
1949
954
-328
-1549
-130
-1734
-3072
-2485
-2926
707
-572
-1527
-2063
-3006
2908
-1389
-1775
-4729
-1955
-101
941
-1786
-2135
-1189
-1488
-1405
-3421
-1458
-1906
-1748
-2338
-248
207
-2819
-1446
-769
787
-702
-2712
2310
-1347
622
-448
-1052
-937
-3066
-3506
-214
3145
298
-934
-708
725
-1011
-773
-1501
-385
-2014
-1368
-1033
-3901
-994
238
-316
1949
954
-328
-1549
-130
-1734
-3072
-2485
-2926
707
-572
-1527
-2063
-3006
2908
-1389
-1775
-4729
-1955
-101
941
-1786
-2135
-1189
-1488
-1405
-3421
-1458
-1906
-1748
-2338
-248
207
-2819
-1446
-769
787
-702
-2712
2310
-1347
622
-448
-1052
-937
-3066
-3506
-214
3145
298
-934
-708
725
-1011
-773
-1501
-385
-2014
-1368
-1033
-3901
-994
238
-316
1949
954
-328
-1549
-130
-1734
-3072
-2485
-2926
707
-572
-1527
-2063
-3006
2908
-1389
-1775
-4729
-1955
-101
941
-1786
-2135
-1189
-1488
-1405
-3421
-1458
-1906
-1748
-2338
-248
207
-2819
-1446
-769
787
-702
-2712
2310
-1347
622
-448
-1052
-937
-3066
-3506
-214
3145
298
-934
-708
725
-1011
-773
-1501
-385
-2014
-1368
-1033
-3901
-994
238
-316
1949
954
-328
-1549
-130
-1734
-3072
-2485
-2926
707
-572
-1527
-2063
-3006
2908
-1389
-1775
-4729
-1955
-101
941
-1786
-2135
-1189
-1488
-1405
-3421
-1458
-1906
-1748
-2338
-248
207
-2819
-1446
-769
787
-702
-2712
2310
-1347
622
-448
-1052
-937
-3066
-3506
-214
3145
298
-934
-708
725
-1011
-773
-1501
-385
-2014
-1368
-1033
-3901
-994
238
-316
1949
954
-328
-1549
-130
-1734
-3072
-2485
-2926
707
-572
-1527
-2063
-3006
2908
-1389
-1775
-4729
-1955
-101
941
-1786
-2135
-1189
-1488
-1405
-3421
-1458
-1906
-1748
-2338
-248
207
-2819
-1446
-769
787
-702
-2712
2310
-1347
622
-448
-1052
-937
-3066
-3506
-214
3145
298
-934
-708
725
-1011
-773
-1501
-385
-2014
-1368
-1033
-3901
-994
238
-316
1949
954
-328
-1549
-130
-1734
-3072
-2485
-2926
707
-572
-1527
-2063
-3006
2908
-1389
-1775
-4729
-1955
-101
941
-1786
-2135
-1189
-1488
-1405
-3421
-1458
-1906
-1748
-2338
-248
207
-2819
-1446
-769
787
-702
-2712
2310
-1347
622
-448
-1052
-937
-3066
-3506
-214
3145
298
-934
-708
725
-1011
-773
-1501
-385
-2014
-1368
-1033
-3901
-994
238
-316
1949
954
-328
-1549
-130
-1734
-3072
-2485
-2926
707
-572
-1527
-2063
-3006
2908
-1389
-1775
-4729
-1955
-101
941
-1786
-2135
-1189
-1488
-1405
-3421
-1458
-1906
-1748
-2338
-248
207
-2819
-1446
-769
787
-702
-2712
2310
-1347
622
-448
-1052
-937
-3066
-3506
-214
3145
298
-934
-708
725
-1011
-773
-1501
-385
-2014
-1368
-1033
-3901
-994
238
-316
1949
954
-328
-1549
-130
-1734
-3072
-2485
-2926
707
-572
-1527
-2063
-3006
2908
-1389
-1775
-4729
-1955
-101
941
-1786
-2135
-1189
-1488
-1405
-3421
-1458
-1906
-1748
-2338
-248
207
-2819
-1446
-769
787
-702
-2712
2310
-1347
622
-448
-1052
-937
-3066
-3506
-214
3145
298
-934
-708
725
-1011
-773
-1501
-385
-2014
-1368
-1033
-3901
-994
238
-316
1949
954
-328
-1549
-130
-1734
-3072
-2485
-2926
707
-572
-1527
-2063
-3006
2908
-1389
-1775
-4729
-1955
-101
941
-1786
-2135
-1189
-1488
-1405
-3421
-1458
-1906
-1748
-2338
-248
207
-2819
-1446
-769
787
-702
-2712
2310
-1347
622
-448
-1052
-937
-3066
-3506
-214
3145
298
-934
-708
725
-1011
-773
-1501
-385
-2014
-1368
-1033
-3901
-994
238
-316
1949
954
-328
-1549
-130
-1734
-3072
-2485
-2926
707
-572
-1527
-2063
-3006
2908
-1389
-1775
-4729
-1955
-101
941
-1786
-2135
-1189
-1488
-1405
-3421
-1458
-1906
-1748
-2338
-248
207
-2819
-1446
-769
787
-702
-2712
2310
-1347
622
-448
-1052
-937
-3066
-3506
-214
3145
298
-934
-708
725
-1011
-773
-1501
-385
-2014
-1368
-1033
-3901
-994
238
-316
1949
954
-328
-1549
-130
-1734
-3072
-2485
-2926
707
-572
-1527
-2063
-3006
2908
-1389
-1775
-4729
-1955
-101
941
-1786
-2135
-1189
-1488
-1405
-3421
-1458
-1906
-1748
-2338
-248
207
-2819
-1446
-769
787
-702
-2712
2310
-1347
622
-448
-1052
-937
-3066
-3506
-214
3145
298
-934
-708
725
-1011
-773
-1501
-385
-2014
-1368
-1033
-3901
-994
238
-316
1949
954
-328
-1549
-130
-1734
-3072
-2485
-2926
707
-572
-1527
-2063
-3006
2908
-1389
-1775
-4729
-1955
-101
941
-1786
-2135
-1189
-1488
-1405
-3421
-1458
-1906
-1748
-2338
-248
207
-2819
-1446
-769
787
-702
-2712
2310
-1347
622
-448
-1052
-937
-3066
-3506
-214
3145
298
-934
-708
725
-1011
-773
-1501
-385
-2014
-1368
-1033
-3901
-994
238
-316
1949
954
-328
-1549
-130
-1734
-3072
-2485
-2926
707
-572
-1527
-2063
-3006
2908
-1389
-1775
-4729
-1955
-101
941
-1786
-2135
-1189
-1488
-1405
-3421
-1458
-1906
-1748
-2338
-248
207
-2819
-1446
-769
787
-702
-2712
2310
-1347
622
-448
-1052
-937
-3066
-3506
-214
3145
298
-934
-708
725
-1011
-773
-1501
-385
-2014
-1368
-1033
-3901
-994
238
-316
1949
954
-328
-1549
-130
-1734
-3072
-2485
-2926
707
-572
-1527
-2063
-3006
2908
-1389
-1775
-4729
-1955
-101
941
-1786
-2135
-1189
-1488
-1405
-3421
-1458
-1906
-1748
-2338
-248
207
-2819
-1446
-769
787
-702
-2712
2310
-1347
622
-448
-1052
-937
-3066
-3506
-214
3145
298
-934
-708
725
-1011
-773
-1501
-385
-2014
-1368
-1033
-3901
-994
238
-316
1949
954
-328
-1549
-130
-1734
-3072
-2485
-2926
707
-572
-1527
-2063
-3006
2908
-1389
-1775
-4729
-1955
-101
941
-1786
-2135
-1189
-1488
-1405
-3421
-1458
-1906
-1748
-2338
-248
207
-2819
-1446
-769
787
-702
-2712
2310
-1347
622
-448
-1052
-937
-3066
-3506
-214
3145
298
-934
-708
725
-1011
-773
-1501
-385
-2014
-1368
-1033
-3901
-994
238
-316
1949
954
-328
-1549
-130
-1734
-3072
-2485
-2926
707
-572
-1527
-2063
-3006
2908
-1389
-1775
-4729
-1955
-101
941
-1786
-2135
-1189
-1488
-1405
-3421
-1458
-1906
-1748
-2338
-248
207
-2819
-1446
-769
787
-702
-2712
2310
-1347
622
-448
-1052
-937
-3066
-3506
-214
3145
298
-934
-708
725
-1011
-773
-1501
-385
-2014
-1368
-1033
-3901
-994
238
-316
1949
954
-328
-1549
-130
-1734
-3072
-2485
-2926
707
-572
-1527
-2063
-3006
2908
-1389
-1775
-4729
-1955
-101
941
-1786
-2135
-1189
-1488
-1405
-3421
-1458
-1906
-1748
-2338
-248
207
-2819
-1446
-769
787
-702
-2712
2310
-1347
622
-448
-1052
-937
-3066
-3506
-214
3145
298
-934
-708
725
-1011
-773
-1501
-385
-2014
-1368
-1033
-3901
-994
238
-316
1949
954
-328
-1549
-130
-1734
-3072
-2485
-2926
707
-572
-1527
-2063
-3006
2908
-1389
-1775
-4729
-1955
-101
941
-1786
-2135
-1189
-1488
-1405
-3421
-1458
-1906
-1748
-2338
-248
207
-2819
-1446
-769
787
-702
-2712
2310
-1347
622
-448
-1052
-937
-3066
-3506
-214
3145
298
-934
-708
725
-1011
-773
-1501
-385
-2014
-1368
-1033
-3901
-994
238
-316
1949
954
-328
-1549
-130
-1734
-3072
-2485
-2926
707
-572
-1527
-2063
-3006
2908
-1389
-1775
-4729
-1955
-101
941
-1786
-2135
-1189
-1488
-1405
-3421
-1458
-1906
-1748
-2338
-248
207
-2819
-1446
-769
787
-702
-2712
2310
-1347
622
-448
-1052
-937
-3066
-3506
-214
3145
298
-934
-708
725
-1011
-773
-1501
-385
-2014
-1368
-1033
-3901
-994
238
-316
1949
954
-328
-1549
-130
-1734
-3072
-2485
-2926
707
-572
-1527
-2063
-3006
2908
-1389
-1775
-4729
-1955
-101
941
-1786
-2135
-1189
-1488
-1405
-3421
-1458
-1906
-1748
-2338
-248
207
-2819
-1446
-769
787
-702
-2712
2310
-1347
622
-448
-1052
-937
-3066
-3506
-214
3145
298
-934
-708
725
-1011
-773
-1501
-385
-2014
-1368
-1033
-3901
-994
238
-316
1949
954
-328
-1549
-130
-1734
-3072
-2485
-2926
707
-572
-1527
-2063
-3006
2908
-1389
-1775
-4729
-1955
-101
941
-1786
-2135
-1189
-1488
-1405
-3421
-1458
-1906
-1748
-2338
-248
207
-2819
-1446
-769
787
-702
-2712
2310
-1347
622
-448
-1052
-937
-3066
-3506
-214
3145
298
-934
-708
725
-1011
-773
-1501
-385
-2014
-1368
-1033
-3901
-994
238
-316
1949
954
-328
-1549
-130
-1734
-3072
-2485
-2926
707
-572
-1527
-2063
-3006
2908
-1389
-1775
-4729
-1955
-101
941
-1786
-2135
-1189
-1488
-1405
-3421
-1458
-1906
-1748
-2338
-248
207
-2819
-1446
-769
787
-702
-2712
2310
-1347
622
-448
-1052
-937
-3066
-3506
-214
3145
298
-934
-708
725
-1011
-773
-1501
-385
-2014
-1368
-1033
-3901
-994
238
-316
1949
954
-328
-1549
-130
-1734
-3072
-2485
-2926
707
-572
-1527
-2063
-3006
2908
-1389
-1775
-4729
-1955
-101
941
-1786
-2135
-1189
-1488
-1405
-3421
-1458
-1906
-1748
-2338
-248
207
-2819
-1446
-769
787
-702
-2712
2310
-1347
622
-448
-1052
-937
-3066
-3506
-214
3145
298
-934
-708
725
-1011
-773
-1501
-385
-2014
-1368
-1033
-3901
-994
238
-316
1949
954
-328
-1549
-130
-1734
-3072
-2485
-2926
707
-572
-1527
-2063
-3006
2908
-1389
-1775
-4729
-1955
-101
941
-1786
-2135
-1189
-1488
-1405
-3421
-1458
-1906
-1748
-2338
-248
207
-2819
-1446
-769
787
-702
-2712
2310
-1347
622
-448
-1052
-937
-3066
-3506
-214
3145
298
-934
-708
725
-1011
-773
-1501
-385
-2014
-1368
-1033
-3901
-994
238
-316
1949
954
-328
-1549
-130
-1734
-3072
-2485
-2926
707
-572
-1527
-2063
-3006
2908
-1389
-1775
-4729
-1955
-101
941
-1786
-2135
-1189
-1488
-1405
-3421
-1458
-1906
-1748
-2338
-248
207
-2819
-1446
-769
787
-702
-2712
2310
-1347
622
-448
-1052
-937
-3066
-3506
-214
3145
298
-934
-708
725
-1011
-773
-1501
-385
-2014
-1368
-1033
-3901
-994
238
-316
1949
954
-328
-1549
-130
-1734
-3072
-2485
-2926
707
-572
-1527
-2063
-3006
2908
-1389
-1775
-4729
-1955
-101
941
-1786
-2135
-1189
-1488
-1405
-3421
-1458
-1906
-1748
-2338
-248
207
-2819
-1446
-769
787
-702
-2712
2310
-1347
622
-448
-1052
-937
-3066
-3506
-214
3145
298
-934
-708
725
-1011
-773
-1501
-385
-2014
-1368
-1033
-3901
-994
238
-316
1949
954
-328
-1549
-130
-1734
-3072
-2485
-2926
707
-572
-1527
-2063
-3006
2908
-1389
-1775
-4729
-1955
-101
941
-1786
-2135
-1189
-1488
-1405
-3421
-1458
-1906
-1748
-2338
-248
207
-2819
-1446
-769
787
-702
-2712
2310
-1347
622
-448
-1052
-937
-3066
-3506
-214
3145
298
-934
-708
725
-1011
-773
-1501
-385
-2014
-1368
-1033
-3901
-994
238
-316
1949
954
-328
-1549
-130
-1734
-3072
-2485
-2926
707
-572
-1527
-2063
-3006
2908
-1389
-1775
-4729
-1955
-101
941
-1786
-2135
-1189
-1488
-1405
-3421
-1458
-1906
-1748
-2338
-248
207
-2819
-1446
-769
787
-702
-2712
2310
-1347
622
-448
-1052
-937
-3066
-3506
-214
3145
298
-934
-708
725
-1011
-773
-1501
-385
-2014
-1368
-1033
-3901
-994
238
-316
1949
954
-328
-1549
-130
-1734
-3072
-2485
-2926
707
-572
-1527
-2063
-3006
2908
-1389
-1775
-4729
-1955
-101
941
-1786
-2135
-1189
-1488
-1405
-3421
-1458
-1906
-1748
-2338
-248
207
-2819
-1446
-769
787
-702
-2712
2310
-1347
622
-448
-1052
-937
-3066
-3506
-214
3145
298
-934
-708
725
-1011
-773
-1501
-385
-2014
-1368
-1033
-3901
-994
238
-316
1949
954
-328
-1549
-130
-1734
-3072
-2485
-2926
707
-572
-1527
-2063
-3006
2908
-1389
-1775
-4729
-1955
-101
941
-1786
-2135
-1189
-1488
-1405
-3421
-1458
-1906
-1748
-2338
-248
207
-2819
-1446
-769
787
-702
-2712
2310
-1347
622
-448
-1052
-937
-3066
-3506
-214
3145
298
-934
-708
725
-1011
-773
-1501
-385
-2014
-1368
-1033
-3901
-994
238
-316
1949
954
-328
-1549
-130
-1734
-3072
-2485
-2926
707
-572
-1527
-2063
-3006
2908
-1389
-1775
-4729
-1955
-101
941
-1786
-2135
-1189
-1488
-1405
-3421
-1458
-1906
-1748
-2338
-248
207
-2819
-1446
-769
787
-702
-2712
2310
-1347
622
-448
-1052
-937
-3066
-3506
-214
3145
298
-934
-708
725
-1011
-773
-1501
-385
-2014
-1368
-1033
-3901
-994
238
-316
1949
954
-328
-1549
-130
-1734
-3072
-2485
-2926
707
-572
-1527
-2063
-3006
2908
-1389
-1775
-4729
-1955
-101
941
-1786
-2135
-1189
-1488
-1405
-3421
-1458
-1906
-1748
-2338
-248
207
-2819
-1446
-769
787
-702
-2712
2310
-1347
622
-448
-1052
-937
-3066
-3506
-214
3145
298
-934
-708
725
-1011
-773
-1501
-385
-2014
-1368
-1033
-3901
-994
238
-316
1949
954
-328
-1549
-130
-1734
-3072
-2485
-2926
707
-572
-1527
-2063
-3006
2908
-1389
-1775
-4729
-1955
-101
941
-1786
-2135
-1189
-1488
-1405
-3421
-1458
-1906
-1748
-2338
-248
207
-2819
-1446
-769
787
-702
-2712
2310
-1347
622
-448
-1052
-937
-3066
-3506
-214
3145
298
-934
-708
725
-1011
-773
-1501
-385
-2014
-1368
-1033
-3901
-994
238
-316
1949
954
-328
-1549
-130
-1734
-3072
-2485
-2926
707
-572
-1527
-2063
-3006
2908
-1389
-1775
-4729
-1955
-101
941
-1786
-2135
-1189
-1488
-1405
-3421
-1458
-1906
-1748
-2338
-248
207
-2819
-1446
-769
787
-702
-2712
2310
-1347
622
-448
-1052
-937
-3066
-3506
-214
3145
298
-934
-708
725
-1011
-773
-1501
-385
-2014
-1368
-1033
-3901
-994
238
-316
1949
954
-328
-1549
-130
-1734
-3072
-2485
-2926
707
-572
-1527
-2063
-3006
2908
-1389
-1775
-4729
-1955
-101
941
-1786
-2135
-1189
-1488
-1405
-3421
-1458
-1906
-1748
-2338
-248
207
-2819
-1446
-769
787
-702
-2712
2310
-1347
622
-448
-1052
-937
-3066
-3506
-214
3145
298
-934
-708
725
-1011
-773
-1501
-385
-2014
-1368
-1033
-3901
-994
238
-316
1949
954
-328
-1549
-130
-1734
-3072
-2485
-2926
707
-572
-1527
-2063
-3006
2908
-1389
-1775
-4729
-1955
-101
941
-1786
-2135
-1189
-1488
-1405
-3421
-1458
-1906
-1748
-2338
-248
207
-2819
-1446
-769
787
-702
-2712
2310
-1347
622
-448
-1052
-937
-3066
-3506
-214
3145
298
-934
-708
725
-1011
-773
-1501
-385
-2014
-1368
-1033
-3901
-994
238
-316
1949
954
-328
-1549
-130
-1734
-3072
-2485
-2926
707
-572
-1527
-2063
-3006
2908
-1389
1022
-5225
-3982
1844
4646
-4536
-1858
-6017
-4028
-7059
-1903
-4186
-5288
-1907
1301
1324
3431
-2364
1259
1755
56
1803
-6033
3257
-5486
1215
1025
4230
-5872
-6324
-2596
4062
7423
-202
-2434
2271
-595
-4928
2805
558
2114
-5585
-3152
977
-3557
-1870
3250
-2900
2595
3718
1666
2816
-1278
-1412
-5455
-6209
-1118
6398
-2615
-6344
-3285
-1326
5421
283
-1775
-4729
-1955
-101
941
-1786
-2135
-1189
-1488
-1405
-3421
-1458
-1906
-1748
-2338
-248
207
-2819
-1446
-769
787
-702
-2712
2310
-1347
622
-448
-1052
-937
-3066
-3506
-214
3145
298
-934
-708
725
-1011
-773
-1501
-385
-2014
-1368
-1033
-3901
-994
238
-316
1949
954
-328
-1549
-130
-1734
-3072
-2485
-2926
707
-572
-1527
-2063
-3006
2908
-1389
-1775
-4729
-1955
-101
941
-1786
-2135
-1189
-1488
-1405
-3421
-1458
-1906
-1748
-2338
-248
207
-2819
-1446
-769
787
-702
-2712
2310
-1347
622
-448
-1052
-937
-3066
-3506
-214
3145
298
-934
-708
725
-1011
-773
-1501
-385
-2014
-1368
-1033
-3901
-994
238
-316
1949
954
-328
-1549
-130
-1734
-3072
-2485
-2926
707
-572
-1527
-2063
-3006
2908
-1389
