-935
-4902
-3680
32767
5365
-1562
-2011
3843
1301
14214
-1370
922
-1907
1334
183
575
876
-4336
5818
-846
6691
-591
3096
136
-2036
-3067
9501
-2056
4118
8039
1225
4568
4173
-2037
537
-1150
-954
-236
-8709
2794
1820
-3485
2810
4046
673
-12401
2744
3704
4921
1113
-2033
9052
-2147
1060
-5969
-3399
207
2929
4907
4021
-5285
-1096
-8444
412
-5613
5856
1170
5092
-4559
490
5371
3733
2882
-856
-1506
-2050
1076
-334
-6764
-403
-12329
937
-2600
-737
-2498
3311
-971
24936
784
-5924
-8651
-6556
785
14897
7092
-4370
1140
-3390
88
315
-2016
-530
4557
12307
-391
1607
7374
-5271
753
1229
-7907
980
16279
970
274
5176
7942
-4310
288
228
1784
-2975
477
273
1598
-6083
8292
1464
-5581
663
2126
297
-1229
6648
-8150
-478
-2587
1705
2191
-2119
1510
-5542
1411
6188
5562
-2837
1782
-1915
2004
-484
3466
521
2685
-224
988
-3477
2009
-1702
608
-2944
-6
-11688
7745
5306
3786
2130
1343
-2974
3569
-786
2786
-264
2402
-2374
-661
-3171
-3008
-4362
-2128
607
-4951
1255
-1825
7183
-869
3662
-458
-3125
11504
2278
-5669
-827
4030
-1012
889
3084
282
3536
-89
-2340
890
-9585
1220
-1775
-2807
-6509
-2432
-1521
-900
-1639
2328
-161
-2446
3031
-331
19308
-1370
4238
2057
-3011
-1992
-2947
-4339
-3865
3242
-1420
621
1230
784
-815
1438
-927
-4696
8580
721
-8390
2026
3303
-2009
5196
-7565
231
-14686
751
-490
1921
-4626
5936
-687
1431
419
2401
-2352
-1254
15
1185
411
-1399
-2991
11022
11124
-2732
4248
-2775
6916
-4326
1559
7949
2406
-1115
-2093
-1705
-614
-5438
1438
2132
1714
-10292
5117
8330
-15808
-242
-5431
-6207
990
-281
-720
-831
-322
32767
-924
2273
8277
-9574
3229
619
-3816
2424
1675
-14608
-4694
1363
1224
1820
-4333
1249
3076
-3919
2778
3614
3935
220
-2263
2447
15311
4085
-263
-6976
-647
7931
-2144
-1515
-2237
1116
4603
10072
-1450
5528
7138
-84
-2919
-3547
-6122
-2836
1159
468
-1449
4642
5568
-59
-1280
-618
5586
-7329
1418
9738
7750
-3137
9311
5348
7183
-6272
-4777
13491
-5941
1777
5573
-5679
6699
-1361
8
-3269
-6684
7951
-28
2056
3155
-1052
-4516
-1926
1658
1061
3359
4268
4725
645
-982
3661
-952
723
-6360
4322
6025
1728
2148
-1175
3661
4502
-3954
-4076
-12388
3583
1662
-19504
2998
-7278
-2032
-5849
1083
-667
