-453
1811
2238
-60
1605
1598
74
565
-922
1247
3155
-699
-60
1213
-637
-30
63
641
2981
12
-264
-1980
-1588
178
3181
-550
-2272
1230
-173
2485
12
-660
-363
2467
-753
-884
5077
-412
1742
-477
133
1776
1307
2090
360
-92
1010
-325
333
-130
-741
647
-274
-64
-2522
-20
2087
-849
-1162
2597
3
959
-2058
213
-317
-2051
-833
-2420
-535
2086
-733
-2164
-344
889
-396
-2791
-73
-2359
301
990
-456
-247
2605
-146
-1651
2882
1094
165
-625
-44
1714
-2988
1193
-710
26
1365
2449
71
-325
-1802
-234
-2031
-5505
-189
2213
-368
103
-4352
6
84
-51
427
139
-114
3146
69
-576
2738
1597
-42
-640
-2841
-123
-147
-1329
-21
-997
-180
