33433
-10923
-2425
12895
-20263
29044
-14563
20079
2160
-20065
-21920
-4970
-9282
-398
7608
30408
15403
11429
17065
-18221
19651
63047
35782
-12056
-26742
21843
16271
-26833
54356
14008
1827
-8233
1674
-3524
13185
22814
-42372
-18234
18207
-4252
-782
-21880
29805
39588
39531
-12923
24100
20884
27384
-17264
16516
24107
16472
73686
41181
-15645
10193
16593
14500
23818
-22559
-7762
-10363
-903
-15638
52710
46333
28559
-18545
31911
-531
-20533
-25298
28690
54654
5522
47885
-11964
-2267
28262
-22161
38016
-30008
20921
-7935
-20631
27590
14375
-43526
-627
3875
-1859
-3361
24349
-5322
-26940
35340
46259
26536
19687
-5184
48206
39975
16277
24091
9320
-5742
-8366
-36314
7486
17707
3297
41854
16568
-838
10913
34540
41189
-1321
66165
-485
28773
-43949
56471
16317
1701
-17854
-11586
7601
11661
-12710
5032
-19484
33334
-9664
-53853
-11077
6180
42783
-13620
-6683
-14959
38829
30495
50091
-14095
-22660
-4592
37194
23353
248
10869
43634
19907
35323
-28932
-15271
-23431
18038
5664
36617
32315
63204
44163
23193
-13221
-18040
46549
14488
-11363
31107
-3884
9708
41592
-10050
1826
33544
-1470
8998
24401
-9166
-20501
2590
1037
16909
-7168
-1806
12657
19594
-6098
4205
6393
11702
1172
6735
4007
35944
-15191
-46
32207
-12092
13270
-1523
43073
-23481
10433
-17479
-4142
-18478
-17358
6617
28765
4480
-15342
-2855
35360
-1893
-9036
-6189
18789
14030
65194
-23338
12914
-44640
-5217
51462
-8814
41281
-2322
-12392
-16944
3489
4521
37469
-23363
25071
7014
39231
-14141
179
-14889
-14148
29833
47459
39216
-24508
19833
11161
19834
41146
2848
-18012
-11600
14817
-728
-789
3131
-14084
16398
43870
33650
42819
-10203
-15938
12384
84
14637
40143
11539
5503
-19523
25528
-5882
30346
-541
-3973
-5604
23572
7126
40139
-12752
15812
-12024
9918
-2771
-18185
-12269
26809
45913
7535
20887
-6226
9528
-16047
21756
4621
50238
-10015
-8333
34800
-10233
-6460
-17173
-19555
-10238
5562
-667
5151
-51906
11451
5741
-17049
2628
-4002
20587
-8461
2163
9597
15797
14905
-10489
51950
35657
26412
29811
45492
38909
-26919
-21238
1944
20464
-4491
-10927
17734
-14072
46891
20731
8418
-18725
-10604
6476
34951
-7133
19642
15833
-3388
-14643
31236
29791
28496
22834
-65477
21420
-8035
13026
12022
15522
38378
-22368
-1412
-26056
59641
5728
10383
-19594
-12989
-3009
-23273
2527
30859
-20059
24671
15766
198
31285
8240
-30625
32283
33517
-8593
-2974
19576
-28952
30565
51335
20520
-17761
-12171
5989
-11099
20831
-18870
-5795
61071
479
-3181
-6569
-33270
-37009
9053
7776
15207
12339
23314
-1415
-28401
-21445
4277
28092
-19747
-9460
-9243
-5303
-5138
-1485
17920
11093
22069
4525
36693
-3683
-333
-12503
-22649
15575
36652
-14174
17268
12378
35929
-26572
7435
15397
-2576
526
-5143
426
45704
19317
906
5735
12358
2241
25167
-1105
228
-256
11771
11077
15706
9090
-2687
21724
-6212
-8989
-11112
7371
12684
20265
5743
8234
-4665
-9557
-33892
13924
-23211
22472
3652
7615
-6709
-14795
12464
244
3195
-7934
-21068
-3072
-6380
6948
-6765
25953
-9076
-1979
9429
-8271
22343
1276
17085
8876
-3489
8727
45391
12669
-19242
11540
15548
13920
3297
31326
-11555
-8090
-12009
31009
4729
-13582
-13600
-5344
12659
22125
-3381
-10414
11242
4032
31370
26840
11810
-3822
5836
-1600
-8009
-13801
-12872
6742
7113
2810
-27511
22100
-3323
17374
7871
-4806
-28614
-850
957
-42620
-17662
-344
-2402
8399
-3498
-5430
30910
1474
10723
-2548
-11514
-4966
9222
-15720
-6041
-23298
10766
-23384
42022
-12905
-1138
-1935
13306
27674
-15691
-10569
7960
17284
-6804
10282
-12101
10219
14255
1722
28620
-31416
-23284
-21544
-11106
3751
-834
32901
13246
2519
14046
-8644
-12937
-25307
4429
26276
-119
-13856
1724
326
20836
20074
-6812
31310
25923
10253
29463
-31102
27043
31711
-5436
-8414
-3182
34272
-11018
10383
6337
-23592
-8640
12371
30422
-4278
6569
43380
40049
31621
-1053
10338
1616
-1967
-15787
22227
302
9025
-4895
-1920
3372
-7867
-22607
-515
-15997
-3177
10850
9742
11165
-5724
-19128
4037
9784
-702
-6907
-11980
-4600
2758
13520
15994
-3017
33689
-7285
7492
10068
672
-16622
-3997
33128
-1740
13891
-12946
-13601
21458
17875
27166
7548
-44136
4086
-2699
-17895
2807
14754
-16812
-10140
-16447
-10472
-12898
17059
26562
-19309
1107
13282
22656
8684
-5748
-14234
-6702
-9535
-24594
8192
3564
10901
-955
31546
17307
36607
1483
-10097
1749
-1352
13010
-7337
-8647
-5747
-2906
28347
-13292
-16943
37823
-16376
-22366
1016
13162
-11701
1401
-9118
4475
42815
32221
-13308
-11961
26151
7220
24807
-16735
38837
164
-13336
-1061
-5404
43218
-21162
-3530
-12629
7137
14679
24306
5941
-4781
-18860
30474
21956
-24145
860
40645
28881
19919
2313
30527
-16225
-19248
5889
-5601
-6006
3142
-32207
8499
10317
107
15761
9455
9629
-10856
23595
-3062
26600
-10437
-23577
-22628
-32178
-15796
9599
-2265
-16893
23604
4698
23034
21971
24079
-976
24789
4537
-2870
-9716
-5501
30436
-5147
-23241
9713
15113
-16835
6211
-1522
-13191
6747
867
-7714
9871
-2627
-7237
346
1936
-20374
13609
1460
3215
12962
3101
13256
-19809
4618
3872
716
-18046
1185
-17889
-3776
-4519
2696
18592
6825
-659
-11738
21275
20894
10138
-12226
-14191
-1866
8157
-1141
27559
20152
15088
-5864
-5080
-4024
-12946
7132
-10818
-36
18732
-7189
12544
-1440
19007
13420
18481
3860
11992
-15858
23875
-11035
-8587
-68
2030
29333
-2046
-4887
-8641
4699
-902
8468
11623
6585
590
9824
-29351
9923
3393
28595
3801
24747
-7204
-14039
5141
11052
11121
162
5694
-8135
-13267
9794
-7206
22498
-9639
4407
-7705
-9875
6157
12766
-3173
6752
3107
6614
10152
18237
-5650
-1773
15658
15180
16466
11915
-4729
7136
11965
15392
7951
-4892
5319
-7777
-2795
10070
5632
-17152
23033
5499
11494
11177
529
5183
2242
11895
1476
-3036
-10035
19303
14464
11362
-10165
2084
-7942
-532
8232
2171
-14029
7879
-6060
-26288
-19702
2584
8813
9683
3245
4423
21855
7483
14499
-5422
-16121
1020
17770
-3940
-3415
-13013
10400
-8065
27047
-6890
-8432
-15199
6911
24704
-5804
11382
19478
26594
-715
1291
-6441
8268
15578
369
9241
-4780
5144
4354
-5859
-9741
3610
20251
4420
-5505
1685
-8685
5616
-7936
9918
14570
7571
-5295
3764
1150
3390
16884
-5611
9209
21039
16022
22656
-12964
24421
18059
4800
918
-957
30896
-10671
8256
-5327
-4980
-13016
5271
17613
10269
12825
8665
9013
16974
-4507
-12515
4252
2355
-4653
33459
255
4550
-15284
-1576
21928
-3767
5547
5087
-3749
-6497
6970
699
18023
-13382
6936
12317
20855
-1040
387
-9934
-13159
15033
14713
19824
-16195
26389
-5187
10482
15345
14422
-6185
265
12988
4122
11900
-4600
-9127
17020
17678
2861
-8028
-12471
2896
3075
-12658
4444
12171
-3358
-1642
-23869
-5562
-9172
19740
19835
-8903
11345
15068
11126
6165
-3795
7711
-9115
-12766
-8358
384
-1667
3968
10297
1223
15377
1177
4465
-6770
17268
-3838
26586
-8052
-16327
-494
-1682
8848
-11488
-6023
15093
-5539
-7017
423
-11857
1966
8322
-4467
5547
1877
18879
-14721
-1347
-1368
10833
7216
-14445
18878
2797
-8453
994
8729
27522
-16184
-16097
1970
7746
6614
5702
13615
-3903
-5912
27092
20584
-13075
-6113
3997
17897
5254
14048
18462
-5690
-13222
16888
1264
22643
-653
-22315
1256
13776
5432
24006
9274
18312
-14476
15944
-6858
20427
-1959
531
-11979
-2976
-5531
-5372
5526
4203
218
19829
20744
5559
9126
-1164
-2497
5742
14037
-9349
2472
20859
-7491
3729
19577
24190
-3226
-3376
4314
-6051
9437
6045
-14
16808
3833
2281
4357
-12752
-16418
18726
-7023
5038
13419
-5923
4471
-3581
22512
-3977
7486
-5475
-11131
392
2437
1253
28043
-8472
18156
16313
-10356
12811
20812
25713
-15005
-4081
25812
23366
-15333
23070
5498
3840
-6627
5003
4825
16103
7548
-21933
-7218
14138
5888
-1595
-7461
23139
29424
11475
-12146
17055
27449
5282
2819
24629
23083
20896
28724
26766
-11382
10700
22884
12138
11465
-18073
1662
-6830
-7214
-3641
34390
26392
5784
-10131
9826
2912
-9728
-26578
16835
34903
-118
18334
-8809
-2044
24039
-18461
14595
-14495
15984
-1136
-13180
19463
9929
-24432
2827
1948
-5998
3308
19789
-10408
-17521
21019
27979
19093
11732
-10718
24876
21580
15811
21574
-454
-4807
-12447
-13367
7840
2218
20705
29840
-633
2425
13082
30492
15823
-340
35927
-6387
17007
-20107
27216
7095
646
-18330
1209
6608
19015
-4954
-5245
-17568
19193
11289
-29679
-8469
11527
22040
-3652
-10869
-18320
14474
23064
16846
-17322
-17787
-6136
22708
20257
-7591
-1111
26990
15598
25288
-18540
-11023
-9957
12979
-7844
19313
17899
30446
31529
6750
-6835
-17135
24275
15743
-2057
12744
-4604
-2588
20558
-8103
2297
14041
-3435
13124
23477
-1009
-5152
-6881
3653
16312
-943
7707
10074
15085
7592
10620
1761
9651
1992
7172
-4675
28317
335
4727
18817
-13843
6455
-9836
12000
-16736
-1893
-14761
-5998
-14757
-4246
2475
22447
-2282
8557
7573
16846
7945
6980
-1153
11731
16780
25094
-14569
16020
-14853
53
17413
-8515
20133
-6836
-12888
-15311
-5935
17735
29497
-9461
1335
795
20772
-2841
-9533
-6809
-680
10159
19605
14847
-21419
10220
6473
8896
18343
-1354
-13702
-11112
12147
-714
1654
-2911
-14372
8201
14204
29233
47096
-7245
-15498
3380
-5876
15723
25875
15353
-6580
-8141
25319
-9400
19524
-2423
-3347
-17161
12379
1149
30747
-15873
-1233
-10675
12805
-6615
-15551
-5989
25731
29250
9334
2909
7665
-6393
-5259
13826
13941
23606
-2805
-8259
19082
-4462
1630
-10062
-19676
4
2802
-5250
-2713
-26999
7422
8931
-13719
630
11336
14361
4097
3561
6624
10183
6268
-10872
22582
21917
20484
19201
18492
23008
-4301
-11021
-4270
-1534
-6691
-2855
-5328
-10683
31000
20590
1150
-17766
2142
7108
14863
-2195
7154
13815
-8617
-16345
21386
21496
14154
21256
-38898
16168
-5640
23534
-2215
6862
33787
-10021
-4168
-16619
38464
6139
9819
-18744
-12456
-8781
-13850
-2093
14308
-4532
13170
10817
6403
18118
5453
-8917
30574
3097
-4623
-6155
12751
-24734
13132
26252
7726
-6818
-12322
8932
-15772
18939
-12484
7644
30608
-7283
5419
-4290
-13618
-28635
11785
4442
17397
20538
23603
-14825
-18437
-30841
5328
42282
-18427
-24371
-6634
7411
-17211
-3865
17156
14804
34001
9513
44341
-1636
-4998
-14835
-12617
25925
40826
-10280
6868
19110
30728
-34308
8233
27328
1554
2316
-3094
8846
34559
26320
-11498
3536
7626
546
23692
-12353
-13880
19499
-7376
13831
32957
29228
-5658
2786
-14341
-8321
3625
17112
6326
16590
1190
20744
-6197
-13461
-28508
31734
-27821
3
-2709
3015
743
-19169
18981
-9407
6521
-2379
-14965
-292
908
6200
-12813
14745
-1557
-8652
5702
-7509
18092
-8960
31673
22415
9425
5996
38943
13771
-22405
-4246
23637
21124
-6092
29249
-17380
-10190
-21531
24458
2056
-17001
-6716
-6329
28726
32491
-22433
5840
3313
-17057
36636
30466
18494
-5618
2551
11370
-17502
-20963
-20424
6680
12744
7418
-41089
16410
-14421
11940
5610
-14581
-53877
-14807
8492
-41930
-14403
-8434
1162
19651
-6005
-3941
21384
-7076
-6086
-12977
-9176
-18523
5557
-15581
-24610
-13393
-3311
-28493
46825
-14585
-11512
-3364
9377
18446
-17265
-30171
-6629
9520
-10943
5727
-29929
-1682
5932
-2731
31598
-33719
-24012
-23314
-7943
20951
-10602
29239
17173
12138
22201
-8475
-10830
-17814
-3662
30460
-8425
-20758
27477
-8433
34285
20396
1974
28792
33552
20588
18145
-33922
37803
31465
-10252
-1497
-18673
26881
-6636
-2859
2358
-38425
-17874
-289
17929
5041
10738
43993
42189
24780
9605
18594
-549
14033
-29618
4444
-438
7049
11481
6481
-13102
-4802
-17842
-12637
-31494
-13185
-9140
19322
1994
-5363
-24003
-1234
9127
-19981
-14068
-7560
-7254
-11211
12418
21102
-1696
23710
837
10866
-3255
-22181
-24539
-6655
35145
-10199
27588
-4854
-14723
31758
8879
26537
17370
-46108
-7076
-3261
-17637
-5423
3342
-20037
-11976
-217
-8840
-23557
15707
26716
-15094
-10631
14656
14116
3628
865
-23789
-19786
-5083
-10304
21473
4071
26318
15106
29402
20635
43425
-21304
-11003
13312
-8743
-4961
5198
-14973
-6597
-16210
30957
-14448
-23267
37843
-3844
-30036
-12139
28253
-7529
606
-6867
-7998
54207
30947
-9455
-4961
19436
7098
23186
-10951
28056
18005
-2794
4647
-6719
52579
-4709
-6302
-7523
-14128
29313
8795
-19339
2715
-19886
15072
-935
-28489
-8647
40646
13394
24220
-11468
36561
-32311
-18072
-6052
-3916
-21584
-10280
-28304
8006
18701
-2281
3385
25358
3671
-14971
13413
-7192
22825
-13912
-25606
-16879
-36912
-8360
3444
-2649
-18240
44924
-9377
24504
30711
27015
-6723
40383
7944
-31910
-13577
3374
27043
-16877
-29497
-11828
345
-14250
-14929
7708
-11484
-4692
41
-10018
10516
-15174
-8827
6568
11837
-14730
743
-9126
-12877
6313
16964
5302
-14707
33473
10538
-22648
3091
-17256
-9539
-1777
7797
25698
-6645
383
-4961
-13672
4711
19270
13992
-15891
2429
-4391
-3643
-11266
-1567
15307
-7638
3061
15975
-1166
-22089
16565
-9184
4823
7042
221
19740
11476
27194
19252
1106
-6472
21458
-6833
14785
-7681
-7611
-5635
28218
9476
13159
-656
-16843
13599
15282
7077
2547
-12550
-2290
-25
-12886
15167
14236
5188
-3422
11167
12960
-21270
-11749
-3236
7628
-7707
8374
-9211
-584
15217
-2047
6624
-125
20983
981
-13186
-988
29514
6988
-5604
-8439
-11340
-4354
27080
-552
1063
16623
-4067
13110
-3043
6049
30092
5902
11490
-4877
-16500
3528
-14823
-6452
1323
6985
-8314
17086
-8334
13117
15511
1722
4760
-11188
15357
-7142
13920
-10988
-7752
-1142
-5031
-26533
3230
-6284
19828
2807
-6416
-18429
8635
32483
3592
-3976
19773
16025
18040
-11317
-8188
4988
1043
-1105
-4836
7747
-8060
29615
-4174
-4188
-2994
34079
11255
4305
-14625
-9911
-15732
-2503
16146
8259
2287
-2744
40944
-2862
8795
-11397
13890
17595
-8063
-8675
40
-2203
29298
-6843
-15270
13686
7952
6562
-8551
1275
-11978
-1253
-12494
28450
11859
5700
-5545
-18624
-2409
-12645
8937
-9542
13672
12493
-2588
25284
10175
40583
39709
3277
-3231
-14310
15709
-10410
-488
-9504
-6422
386
-2055
14141
28224
-5611
-8746
-11826
-837
-7633
19558
7077
-10445
9538
16547
6116
3949
-1891
-10051
-2782
4653
-3172
1247
-18
-4975
-9165
-19348
14763
3328
17211
-11684
4719
-457
-739
-7001
4884
3438
1818
291
-13700
15171
-3403
11046
-3623
20273
-14380
-9416
4480
-11452
-25
-9708
-11043
-11800
19886
8498
-13197
2404
10437
-4551
-5490
5017
8543
9787
-16302
-23515
9330
3400
31528
8347
-3374
-4863
1383
3499
20565
-12281
-18170
1014
2965
-8069
-22884
-7490
-1900
4262
-7912
-2959
-22561
-16194
-3092
1466
12170
12698
-11126
-3918
15111
9511
4956
-7444
8429
2726
-5603
-3764
9771
-26679
-5837
7835
-9932
17581
5478
11161
-11122
-6598
-8003
9202
7825
-24502
1946
1566
-10307
5980
24110
-3055
6828
-20485
8375
-14546
8860
-4322
-10000
-6618
9372
10645
23426
-5029
490
-6634
9285
8303
29531
15153
-26889
-6906
-4411
-4554
28856
11528
-3883
15547
544
16435
14417
10792
22119
-6506
260
-12802
30187
-6024
4164
606
-8977
-9122
-6896
27162
-5158
-15353
20500
9770
-6774
288
-12787
10681
39792
14246
8256
1974
6796
-7914
23465
18598
-8267
-33768
-19706
-319
5189
10491
-7
19893
-10110
-801
2661
-11073
-5931
-22980
23544
-9268
2132
3996
-684
10406
-5673
32676
-3519
8373
7489
-22006
-5256
-3727
-138
26457
-9476
18642
17716
-16883
6771
20366
13383
-20654
14061
13166
17321
-9121
2997
13800
-13633
6633
10196
-5771
6288
976
-26516
7101
14526
-3352
-12417
-13358
10879
30578
8194
-10396
27553
23735
11949
8461
22382
18476
27941
18739
14440
-16585
-10
19115
24070
11695
-11507
7461
-7677
16145
2039
28631
9413
-4598
-18385
-4946
14174
-11058
-31696
16255
36132
154
21007
-18141
-3218
21004
-21720
5158
-10100
27052
-9455
-16928
11654
15188
-9953
-5579
-1429
-18978
2041
24033
-2059
-11831
15827
694
23913
-3331
-22333
22714
25848
16100
14076
-29443
-3504
-16727
-4518
20167
-7172
12773
26784
-1203
-9151
12211
34751
15263
17045
30196
3797
27100
1467
728
4195
-12389
-19754
2219
-2909
18005
-3353
-13706
-6998
8779
-5319
-8380
-9730
21716
15612
-15093
-15182
-26742
-2943
9825
5133
-25437
-14462
-4161
28276
25125
1052
1243
5109
13637
24144
-22302
-1199
9644
26661
-23686
35214
3443
7421
11060
7184
-510
-14460
27376
28915
3948
9785
15930
11567
20154
-7601
3797
13650
-18872
-4726
23723
6794
-10216
-24428
979
11512
-15449
2446
14189
-1690
15131
21455
-14613
13132
-5210
12998
-3956
25529
10518
11644
24885
-10950
-6621
-7267
-2004
-13370
-5247
-18375
-2908
-12794
-11235
216
6630
-12836
-8037
-4102
6313
4312
2703
-6830
3185
5119
-3373
-22821
11113
-12758
-446
-1461
-12670
3150
-19478
-5551
-12963
-17185
26743
23901
3210
5103
-6718
-1746
14454
-17400
-19185
-1151
-7659
17544
2944
-21830
-5429
7210
8724
2815
-22133
-17326
-17388
20496
-2424
-7951
94
-15239
13048
12353
21242
32182
-2823
-10659
-4704
-11818
14829
4260
20269
-15664
-7097
31654
-14573
18197
-18949
3369
-27661
-6071
-296
26173
-22689
-475
-12537
20609
-5313
-23399
-9942
24217
25403
-4700
-11622
-7581
-16716
-20523
821
5917
4662
-7311
-15187
-7175
-3837
-20552
-19121
-10514
4434
-620
-8320
-2404
-20755
11823
5487
-9633
-6921
14333
7457
1498
1656
-3076
16095
13390
-12134
5951
19996
30893
27485
3766
-4328
7695
-6390
-11179
-12384
-4581
-3598
-27756
-11587
36861
-2699
9729
-26129
8603
-2507
12012
11434
8217
4539
-24582
-22821
29512
14030
23105
32257
-25887
11474
-7044
17214
6746
-3306
22976
-5431
7686
-10599
24041
22530
10644
-27447
-14270
-8899
-19646
-4099
3459
-4824
14408
13104
4406
19739
19601
-6437
17140
-6026
7951
-28405
10572
-12753
4170
6033
-3867
1432
-14586
8860
-16242
22574
-21693
-5381
7365
-14831
4842
-4060
-11367
-27547
-2150
6093
10323
20958
8942
12411
-8456
5051
-5173
40830
3012
-31563
-8239
-6482
1275
12569
-2427
20393
29759
-12373
23768
10150
-20033
-15644
40894
-908
20441
13411
-9741
21418
-21829
4216
18289
831
-8445
5788
-7082
9529
1129
-24864
-17571
-3779
-1708
15069
-13907
-14220
27400
11519
12021
9785
2621
21791
26291
-14505
-17017
-10652
-22821
13961
20610
12921
8309
1915
3557
48646
2689
19681
-24447
-28119
-19969
-22703
7351
-15945
-7365
18050
6087
-6427
1122
-23165
-1666
-9938
-3288
-8929
6703
-10785
4422
-27072
-262
22840
18101
-22120
-10464
-33179
21216
6780
-3204
-2119
11358
-10594
14311
-1617
-10194
-18828
11478
32233
-15241
-44959
4767
-21848
44387
14383
-21555
10550
-4995
-19675
-7246
38305
30209
-4909
30331
17744
932
1696
23109
-30492
15911
-24235
-27494
13240
-10792
1861
18936
-31540
-20623
-17565
-15714
28876
-11277
27606
10769
-3758
-21501
-1217
-31210
-23069
-32381
-10801
-6874
-22135
4538
18598
920
-2449
-27513
-20129
37406
-21020
7161
44006
32837
-22885
12501
-31708
-17013
-16484
11472
-4736
-10924
8895
20178
1528
-823
27665
15833
-7245
-23933
1762
-2992
-15387
-21355
24583
2921
-5244
-13512
1033
-7128
-2400
5215
7010
-9626
24310
33094
-12994
19414
5342
45113
-4659
9326
26284
46080
27432
-26848
-13654
-21714
3609
-1827
-24556
-18880
-12959
-3272
4662
23451
-10037
-18405
-10390
6968
138
-7153
8773
3681
-24238
-15042
-40227
-18320
-818
27570
-11485
-41510
13811
-18390
-39747
5526
-8743
-36427
32702
-878
11849
-3783
13197
-34695
26197
-15523
-18095
-891
-7764
-2974
9964
-8664
-26095
-13061
13341
-30062
-37973
-27597
-11057
34608
-2471
1436
-6932
-8288
37361
-8336
2483
352
1147
2537
-3808
-12289
14447
-23538
11532
-29119
2422
23498
-17091
9390
-7290
7562
-34311
-10373
11834
-1020
-16307
7207
-1295
5640
-7606
-26583
-20116
32268
15984
-13682
-24574
698
-36146
-10998
5647
-7105
-4447
-6528
-10091
-27542
-1908
-9337
-23560
17254
29382
4295
-3775
388
27216
-3337
13150
-6283
-5454
24513
13096
-7483
-16121
-3518
15480
8982
-18174
-15817
13844
28751
16903
-18911
7291
29988
-1553
-369
-39614
24782
9573
-62806
-12886
1217
-5564
3790
-11760
16050
-519
9034
50076
11456
11116
-33088
-13706
18884
3160
14462
30933
4480
15940
-11533
238
9313
-10833
-8534
3840
15069
-1867
4058
17643
23244
-13015
12141
-4977
-9992
-11603
-12494
8981
-3281
25541
27746
20327
13375
17167
-12860
-38959
24295
-18570
1108
-4654
-8518
-16484
-24656
9282
-34451
-6378
4370
-9364
-15449
-27736
-21622
-3942
-12111
-13595
10133
-7375
-9249
-4378
-568
10528
10139
4397
-363
27453
5580
23783
10568
-11563
25
-5689
3593
21216
-20077
11565
9532
-12330
14906
7154
3197
-18467
15419
6098
22691
1120
-5213
21635
-9580
-2581
12721
21816
-7234
5982
-4376
12981
10688
-6433
-2216
152
22214
24568
-1915
-18923
19737
11293
12803
11080
11958
20134
26212
10204
17705
4311
-15310
14373
15351
24842
-2547
-7424
5103
8053
-8394
23482
-10560
-5078
7483
-13954
-12017
-4342
-16498
1464
11553
-5001
1131
-6372
-6370
15053
-5863
8432
-4416
4741
-1911
-8546
18659
9763
1229
-9800
-7852
-17138
21990
21324
-6069
-528
8325
1475
11154
6666
-11076
-1017
6518
25210
11689
-18271
-12728
-17138
12014
6641
-5821
8839
21277
-12620
5357
26799
23753
6549
-3882
11339
-9811
10651
4393
-10476
7441
1809
-20299
10212
-4223
8480
2568
-25625
-16154
4847
12115
814
-9583
18524
7037
6861
-18627
-5301
-7239
4791
-8995
-9629
-1723
-14273
16694
10009
-10601
-8511
14442
3553
19655
-6440
-8266
12231
15633
-14396
8108
-11400
3898
16154
-6103
-2486
-17677
27915
23613
3753
11305
-6402
-14041
-2237
-3993
-11303
5336
-2066
-6522
6234
-1016
14458
-8768
5798
9067
9823
5079
477
-3009
8453
7421
2801
4161
15040
23633
-3552
22352
9244
29784
24406
-10829
3292
-20433
5573
-13710
-10301
-15869
-14550
-4565
19186
19789
8251
-5073
1656
7020
16527
1818
19005
6024
-12024
12846
-844
3477
17783
5597
-1193
-19838
-2283
-16799
-17809
-9306
-10424
-12282
16562
11730
3103
-3403
-5611
-12516
9553
-17992
1009
2768
3915
2825
37
-19689
-3350
-8084
3422
-3018
-6907
-11710
2631
18287
-8881
2388
-7991
-15835
15246
4324
20094
25544
-18077
6520
2204
-11857
18215
12668
12252
-15617
-7346
23534
-10005
14697
4847
10064
-24219
-226
6650
21983
-6686
-11768
2396
13922
-4834
-21296
1181
19187
8566
6806
-5759
10176
-22745
7894
4969
14943
17208
2589
-6444
4549
6115
14916
-2921
-9504
17044
3393
-12013
7605
3444
-2930
23670
-15351
-433
20332
18917
-1728
-378
6577
-2816
752
-9024
14264
-181
8174
5795
-1603
6405
10219
-14582
1735
-20415
5694
10052
-26126
-10658
15209
19210
1384
-8599
16859
10360
20393
30747
13185
8393
-18096
-17634
15556
12308
23434
24085
-14087
13590
-6132
12927
8575
-8989
14532
-6986
11204
-6943
33615
8361
6930
-19099
2501
-13777
-12519
-1377
-7480
-4570
16464
14077
11110
7022
1503
16120
15836
-13470
14784
89
15821
-9900
893
8981
-12155
-8952
-15946
4655
1344
10263
-3899
-3205
-5629
-7103
2863
-2595
816
-28402
-15756
5150
10879
14905
-726
4104
630
4195
4480
33980
21729
-15091
19142
-157
-1988
2979
-24179
6960
11396
6886
24215
12552
-22712
-13728
35361
-10831
11774
5682
-20052
9058
-17044
-7823
20121
14618
6874
-698
9518
6388
-13134
-5119
-21659
-2333
-1356
24192
-13381
-38276
-7114
16395
-3053
21614
10240
34209
21084
1682
24083
7101
-12611
9190
9237
14897
1239
316
8724
24111
11363
11017
-22469
-23653
-9355
-20433
-20978
-55
-3043
-3621
-13345
-11538
1619
-2903
3612
2991
13074
-2680
21347
-9675
-3847
-10519
17817
-17474
21754
-10921
7224
-27973
21062
1602
-14322
-4840
751
3169
9533
-106
9460
-10853
-10663
28912
-15222
-17881
11937
-3912
31153
11099
-14758
15375
-8396
-17554
-9333
39103
18095
7137
-6943
16481
-13256
-3360
-4425
-23890
-791
-1093
-17737
-12896
9214
-965
18089
-26304
-21890
1587
11924
28582
9928
14833
9615
11442
-34784
1598
-18029
-12400
-29520
18154
5351
-36375
4070
9735
-14355
-6794
-12280
-18078
12604
-8077
3058
28333
3410
-18775
-7838
-34822
-5785
-3825
6907
-6558
-37225
6009
8741
-11278
12137
-9761
-145
-13794
-13115
-1247
1112
4534
-5570
15154
-8009
22514
11783
-5351
-4108
15140
6879
15345
-2580
4399
21608
-2494
18931
618
19577
-8559
-4668
22777
34453
13661
-20085
-3335
-39514
-2921
3283
-33623
-18315
-14433
6020
22534
12910
-220
679
-587
4634
-2869
-8009
12069
6699
-11953
15768
-17096
704
-224
31663
-2751
-39146
15088
-20203
-36808
-19995
-4966
-26545
7274
-9580
-8008
-16900
3026
-24676
-7275
-24345
9412
10336
-19786
-8713
-2106
-2054
-14261
-23777
25249
-19453
-20726
79
-134
16196
813
3192
-7283
953
10539
-13798
10599
14620
-17181
-10504
-799
3121
-12957
3718
-5025
-1890
15904
17808
4061
13997
-2701
13758
-44070
-3620
6710
17946
5673
-3472
1476
2010
-1358
-7012
-8079
22848
5957
3559
7100
21289
-33692
4619
-7224
-418
-932
9726
14874
6906
1609
2328
1665
3261
20070
4996
-1787
-10571
20178
-17194
17171
-1937
-10658
12203
-2538
-12906
-3257
5107
-1230
12087
1359
3613
24378
6011
9470
-9336
11741
27641
15624
5127
-25960
16787
15877
-40649
6904
24988
12464
-21852
14177
30517
-4454
11124
28527
8218
9109
-22348
4683
234
18540
-3338
3224
9621
12491
-5179
1159
-6988
-10459
102
13788
-7129
-9927
11713
5673
23138
7425
20490
10117
-917
-8509
-10191
-10188
-17025
7700
11240
813
-11577
31237
-3056
-24458
15964
-3908
5178
-12647
-11655
1386
-16345
3642
-24711
-12847
7397
-14803
10065
-15896
-10567
-4147
-14378
737
15086
2062
-6491
-20316
-1143
5620
13606
-3907
-17431
25332
12825
4186
3244
-8038
-5448
-8353
1793
40448
-28536
859
-7754
-8332
17765
10481
15678
-26005
-1975
15439
26408
-9052
-11206
5824
-501
-753
9164
24307
-1833
13606
-22185
-1334
22882
10554
8422
10482
37331
26238
-2197
-13850
13528
5539
-10114
17847
18602
9415
31370
13418
36056
3448
-9011
40167
7164
21360
-6731
-6767
7772
-27069
-13505
37652
14175
-18429
5079
-9784
-9271
-9459
-22140
-3374
22586
-2296
-5509
10282
184
36733
-9004
16714
-77
10170
-3922
-16320
22022
29814
-3532
-6387
-8306
-9597
18010
29991
-3882
9113
3811
-591
20080
1386
5964
23890
9081
28695
3462
-8013
-13741
-17745
-21192
6029
11564
19445
18903
-20055
12499
16384
19192
14151
-10002
11940
-14679
20842
-7060
-13768
-2198
-4929
-30858
3501
-3850
25651
5352
-17993
-26971
20462
45765
-7758
-9123
33705
26874
27308
-18484
-13507
8408
6017
-12713
-12257
-10793
-13276
28540
5879
-11085
-17522
43835
11166
15966
-15483
-1791
-14975
7582
1982
-341
445
-1016
30527
-12911
3844
-18210
27391
21644
-2360
7029
-17263
-24177
21963
-16628
-22374
21349
-2361
14818
10588
-1648
7383
-5761
-15610
14698
18613
15351
-8282
-13045
-2231
-5259
24567
-9109
28606
6730
-17236
33117
7590
31063
29574
-20071
6320
-21696
12946
-29320
-8291
-7808
2149
1407
4300
16744
25466
-1158
13950
-1209
-2079
1231
26517
9603
-15487
17099
9431
7380
15936
6879
-1628
-12739
-7022
-15934
-6878
-4017
-10568
-2362
1397
29332
9332
-5768
-21203
1666
1847
-8843
-4040
7732
1806
9019
-2816
-25730
6445
-7346
19111
-1724
8682
-6910
-6651
19677
-28783
1922
-12404
-20637
-2072
4195
34986
30159
-32069
7199
-1383
-6384
-5514
28381
8302
-15380
-26265
29516
-9602
32141
16773
-12594
-25096
16151
10284
41097
-13753
-43116
-9829
5905
-13219
-27208
-3018
19147
1619
17460
15493
-4114
-12721
802
1359
21252
789
-3007
-6471
31276
6436
24660
4837
3700
17338
-10805
-20092
-1968
-27017
-23701
17708
-17353
18744
21010
19106
-2413
4767
6977
6138
23657
-28934
19157
5987
-2198
11879
25380
6594
-4416
-12905
-1082
-12148
-11874
8566
-16749
-11462
22520
37472
11749
-5107
23569
13989
19289
-4456
31293
20000
-31903
-15924
2872
6416
31940
23053
-13646
18271
2922
15301
-4111
-9880
38195
-11978
-6486
-11183
49289
-26474
8659
-12286
-14945
-12897
-6606
6533
-8039
-21103
5874
2844
-12531
3377
-18739
4753
37045
-12093
-2900
-440
17063
-7161
16999
21265
94
-38985
-8428
4710
286
25542
3580
19651
-4235
-10332
-2544
-2360
5475
-40089
27122
-18633
-13290
2138
11144
-13270
9864
34736
7060
-17550
12910
-16869
-17876
19012
-10780
33420
-8268
-2267
-9252
-17927
-15149
11942
24931
-13525
3406
10497
1186
-16213
-14729
15786
-10791
18238
-9227
-8864
-17555
1547
-31637
18034
6517
8191
663
-8504
18813
18570
6122
-2467
2926
12641
-1199
-6074
12223
-4598
13242
-9746
770
-10373
24406
17327
-803
-14710
-12906
4932
-12193
-14479
-3052
25843
28080
-6021
-18107
17374
33080
-16313
-24489
-9835
34324
17241
24912
-7105
-4763
19476
-36524
-11699
-6217
39053
-19335
-2082
-15814
12503
-9770
19609
12853
3133
-35151
28022
8380
-21011
23405
608
-9933
-19846
-23481
42734
12278
-28058
4228
-13180
8843
-16713
-27325
13181
-18800
-1353
29490
-10606
5383
-27055
5130
2153
-6990
16838
-8628
25987
-5550
14900
1436
4817
-14713
2293
-17894
3155
-19600
3047
-11563
1096
17910
-9692
-9143
1874
9698
-5345
-367
-18291
-4701
15935
2050
-45010
-3088
6501
29519
2763
-14580
13923
24989
37325
-6887
-11051
-22847
-26302
-1668
-13814
38769
11806
-5914
22099
-14588
2333
-7517
-1432
13407
2802
-14239
5052
3040
38171
13036
8917
2464
-20092
5867
-10507
14933
-20460
-15019
13706
19473
-14005
-9390
-10964
15947
-5821
-6529
-7461
4231
-10059
-4998
12478
15991
5048
3909
10629
15925
10505
-988
-22577
-12846
4810
-5296
-2259
-21156
-27485
-31406
33595
-10006
-10730
-19147
-13210
23132
6808
-20127
25612
1968
-3328
-7037
4390
-14892
10058
19523
-15277
18960
9747
-7016
-24406
-9709
8996
27758
11540
21324
-25232
19735
-5080
-7156
-12097
-3762
-10041
6403
-7814
-15506
3190
28658
-4720
439
-12193
-16899
-11603
-12974
-18335
13450
20542
-13627
-1662
13112
3590
15595
10652
-11402
-5587
-13487
8828
-14058
19105
-8471
-10013
7316
-16480
17135
-9553
9636
2042
-8934
-15674
208
-9865
-19077
-28325
22961
16242
1491
1933
6826
29619
-14791
-16064
-30442
-9711
-10295
15223
3232
-7567
2388
-28596
-2826
-4024
-19926
-14161
-27023
-24484
16050
-6479
-10778
-31731
24005
-6305
-1680
-17689
3925
3131
5333
15786
-29206
12338
-5664
-7429
-13096
14337
12309
12228
16360
-21459
10689
-26237
1413
-15811
-13638
-33845
-6613
-58
26782
-22771
10283
-24113
-18372
-17426
-18342
-16585
-8280
4565
-21696
-16049
-955
-7106
8110
6045
-2791
-1970
14041
14413
3847
27884
31660
-15728
-6626
-13937
17483
11536
-8666
-7800
-31476
-9797
-24420
21018
13994
7801
21516
2159
-4298
-2123
8106
-5502
45071
1872
-9287
1886
6203
-16329
14357
-11015
-13578
-9470
-12032
28169
-9299
22651
-20234
24429
742
-22303
15516
9657
-15965
-19462
20026
-717
6580
12947
18537
-10610
-11017
-14484
3134
30485
1974
-19883
-6527
5468
-27459
-791
5578
9076
16865
4762
22333
-3517
-17206
-6914
12820
10788
18600
-10832
-13547
12609
7748
-8656
12316
1481
-5319
-4053
3345
14475
8087
10315
-7752
3611
-3001
5833
13002
-4144
-12928
15468
-7692
13948
19631
12874
3417
-11293
-16313
-12998
10437
1771
9627
460
-733
15370
-177
9987
-6911
15526
-26650
-4730
-18609
487
15392
-21806
6080
-10185
3404
-2265
13
-5316
-4359
-5739
-10569
-191
8783
2437
349
-7532
-2311
-8415
22622
13234
12773
-3129
8590
1761
-14048
-6393
17644
4307
-16414
9190
-12426
-6996
-13378
6361
-8042
-24786
14194
-4689
21713
29017
-25646
-4339
2790
-10579
12196
15941
8284
-8692
3409
1678
-5623
-4452
-9690
619
3232
4085
-21134
10977
-12259
-3110
5000
1302
-33322
-14707
-1682
-15444
-5116
4658
-1108
1593
-11000
-8250
1708
-10182
-10579
-11400
1650
-8554
1567
-10012
-19147
-6378
-15162
-18345
24210
-15906
-12622
3810
1472
3892
4676
-21294
-17560
-2639
-14004
11451
-22337
-13843
7208
-4017
4406
-7438
-3651
-14199
-1782
20917
-17241
12920
3506
1329
14193
-16192
-17671
-2554
-8430
6721
-8224
-4338
8365
-2803
18349
-6356
9709
10430
25369
15613
7601
-5684
30272
20693
-4697
-4797
-11239
-5963
-4743
-3305
3538
-16627
-12748
-1378
-665
4693
1265
23715
25246
3898
4537
8525
-7432
7280
-18511
-12673
-4586
49
10380
5744
-12883
-189
-15963
-17098
-17850
-12446
-7203
19348
-1900
4706
-16758
6080
-7712
-9592
-9474
-15359
-3761
-21757
-3031
-5723
6036
12500
-1423
10250
-11432
-26940
-22018
-5858
14663
-5348
27823
-788
-9497
19311
-5054
2827
8557
-21001
-5620
-6377
-19783
5171
-14111
-11629
-12577
-1656
-8527
-19204
11315
5887
-1810
-11304
-11316
2981
-10915
727
-5189
-11283
-2622
-8307
16384
-1996
12643
19164
3920
132
12388
-13293
-16663
12965
-9049
-10867
1258
-11531
-18219
-3815
5501
-17665
-16045
22504
-1035
-14487
-19184
27168
-632
-6583
-1549
-17074
32871
13693
-10324
-11278
-9825
9704
5470
-10142
2127
18830
869
11898
-13740
24168
15719
-1793
-18558
-13790
18343
-2463
-15970
1671
-248
-3373
-304
-21745
-3354
9492
848
16384
-15085
25328
-20721
-15586
2193
-6588
-12877
-9832
4900
-218
15572
-7843
8795
20670
-1803
-2116
12855
-9478
4129
6836
-9219
-12320
-20778
-3341
-970
-5627
-10031
34318
-6449
18930
26890
10649
565
33310
4902
-16219
-9666
-7520
18193
-12000
-23778
-26416
-10369
2522
-7311
2829
-8556
104
-7800
-8987
-5012
-9625
-5562
5036
5863
2862
-4404
225
7411
14041
32086
-954
-21248
-6918
13545
28404
-5807
-20459
-9882
-6639
-3225
11475
2545
10466
11426
-1219
32165
-2693
-6238
-20311
-4681
4626
33762
-9292
-4425
20027
20369
-19069
20491
25998
-15592
3751
-2968
11506
37951
13606
515
12101
17748
1929
14087
-11325
3449
-333
7971
13354
14461
7004
9389
3848
-933
-4167
-19150
12945
21022
25964
3323
-4163
166
-2924
-29427
17377
-23207
1996
1958
-6505
-2071
-14681
4443
-8662
-3625
-12110
-22361
-6494
-2286
6471
-4504
18771
-2406
931
5145
-8807
16567
10489
28277
2024
-7239
-6339
38610
21070
-16039
10688
14752
-2064
2890
22203
-7108
-4828
-15918
32083
-2824
-27780
-12417
-11735
15956
22594
-9935
-10107
12926
-12475
34901
30319
14891
-597
-1747
-4139
-16257
-2613
-7432
-18921
1231
585
-37274
23561
-5682
18658
10996
-15314
-30862
-4759
15855
-14854
-13154
10767
478
18488
-15370
-2450
10562
-7601
-9984
-6320
-647
-17400
14430
-9569
-12898
-20394
16625
-19546
34514
-16493
-1484
6696
12358
15864
-13163
-21525
-9453
16389
-11288
9373
-16168
15237
20274
-1617
21984
-25559
-27169
-13518
-6546
-2092
6095
26758
9565
626
13468
-5348
-15023
-26463
12953
30679
2025
-12425
-8739
1919
9999
17655
-10566
36469
28464
5931
28330
-16906
44428
41632
-5772
-11755
-14022
22769
-12270
-2714
977
-23558
-3494
15829
28868
1000
-251
33802
24096
20518
-319
25429
2998
-14252
-13620
1441
5880
15411
11991
-3786
-14295
-5992
-38335
-10259
-16128
-6600
-1652
4214
8267
6333
-17164
-7167
-7100
-2212
-8135
-9042
783
-4914
4092
3879
-7153
23181
-9360
10316
-10105
-2483
-24505
-6557
34571
-13001
9585
-18188
-19067
15481
14495
27670
3359
-41388
8053
-1996
-19404
-1171
5780
-12417
-19862
-14821
-948
-15485
25962
25338
-11263
-11874
6894
19048
13864
-11585
-25105
-3672
-4212
-23219
-2210
6574
16770
-3987
20516
8487
20862
-13746
-6356
-1270
3639
699
-4225
-7132
-4078
3015
28454
-12352
-8497
37719
-17457
-22659
-8
15112
-14149
6870
-15240
4986
43557
32697
-15521
-18096
17480
6667
20315
-20816
24372
-2218
-14805
-322
-1958
24415
-3398
-8928
-5633
-11877
19152
19320
-14738
-6433
-15046
20332
19127
-17335
6946
32871
24956
29920
12422
28310
-32829
-18266
-2881
-9726
2670
8378
-15736
15467
8776
-807
13152
6623
9346
-6448
20175
-5917
33947
-13264
-17220
-21349
-24885
-12698
5109
4584
-25977
12597
3999
19547
16182
18843
-5972
38091
16162
-13920
813
-3647
27917
-7168
-15418
1676
-2617
-25721
-7205
-2745
-2338
4368
-2100
-3912
-13340
-4160
-2849
-5005
6879
-23367
400
-21743
14100
7257
-7486
20407
-25156
-1684
22055
14255
-2559
-16169
2993
-8154
818
31604
-15429
6200
23987
617
53345
40913
2002
-23598
826
16930
49212
-25139
3963
15850
-2207
-29008
22802
48458
24514
22256
-29586
-19591
28580
11367
-14519
-6254
26793
47418
30094
-43232
6127
39966
-18113
29849
50104
59650
28688
44117
58888
-4209
-4349
43724
22679
61540
-20261
-716
24867
-11479
-6992
69455
1684
-34783
-10728
-31791
-26045
-20730
-19042
2551
38729
-10077
29574
20440
1805
39883
-4944
46373
3379
-7432
-8473
-30148
66514
-1394
3030
-5099
-3571
-19971
48498
27676
-15357
109
11817
22660
34846
21360
5462
22158
12759
56577
10203
-15176
-21561
-6321
-5802
29025
10996
28084
16870
-23834
1979
40404
56815
62524
-7405
55777
-25059
28772
-31592
-1482
2972
-9953
-49041
-19746
164
19312
1531
-35353
-49961
25498
25098
-34580
-11287
29137
44411
22677
-31731
-15212
12558
1339
-8702
-4920
-18001
-33259
33967
21800
-15203
-8288
33060
-7629
45644
-30011
-1098
-1595
19018
-13952
12567
-27902
17389
-1965
6415
2237
-41394
71281
18910
-16283
59941
-29881
-29998
7584
-27322
-7511
42857
-2984
8456
43843
-2681
12188
-2314
-26321
-12972
19857
-608
4362
17169
-14630
24448
26212
6685
30075
18217
-9514
35500
-13187
28348
41210
-49267
15173
-43131
34290
-30305
-19737
-15239
-17252
-1450
2255
31966
20833
7197
-2620
11795
22215
-7889
25311
8715
2337
1419
17723
-3263
24976
7000
-1886
-30663
-8138
-25307
-41099
-24485
-12061
-18602
24208
22048
-12593
-15342
-24708
-2503
-17785
-20634
-4870
-1568
783
47625
20759
-19859
-16269
-10022
41292
4626
-32976
-13079
-6298
51808
-31211
-5821
-15120
-15123
19805
23447
65038
67190
-65751
-6906
10231
3606
-27029
41427
-8574
-8341
-12643
45082
-17642
36410
12808
-17809
-55275
28226
18897
66096
-9173
-37173
-16716
568
-11489
-18478
-9886
54889
14131
31315
50254
21387
-31687
-16629
-5694
12941
872
-185
8557
39129
-8192
29999
660
-5944
39859
-8981
-33598
-5707
-21095
-29983
19653
-18941
6297
37774
24027
-15599
674
38269
326
43131
-13556
66173
43638
22943
30543
34479
38835
-7405
-1318
-4639
-7715
4112
13565
-44149
-15354
46333
48679
-15756
-11622
33254
33754
56299
13992
29342
31338
-47502
-14290
16766
31698
25308
29367
-54809
29536
-132
-17879
-11218
-9508
23048
-14587
1999
-21106
72268
-20853
6454
-18966
-13667
2615
-9402
-17639
-12578
-19329
-3126
10826
-6881
29911
-19378
20314
19754
-40565
-1214
-7301
28185
-26591
-1221
20468
3978
-34036
-23844
-7464
4670
15021
2037
-26690
31243
-16473
-29360
-2793
6710
-48415
-13840
-10702
-12039
9105
26303
-13965
7415
48944
22761
-15953
35631
-14821
-9123
19411
-1693
33695
-30267
-7997
-26404
-18811
-2379
6861
22668
-22531
15962
-5298
1107
-15143
-34769
25522
-10982
8947
5326
14527
-31974
10062
-965
18859
-4933
11283
25850
20601
42006
29379
-10114
-20096
-1197
1167
-5230
2369
-3564
94
28608
-17272
24915
14841
-656
20454
6045
1809
1948
-11211
10744
-19220
-12315
20329
13677
-13627
3741
9897
6976
-22663
-13314
-28539
-3680
-1772
11517
9042
-11055
18465
-13247
-10677
11416
26491
-17538
127
5656
11194
17381
11543
-5060
-4581
-11294
37544
7129
-4705
12201
-6138
-216
-15757
5244
32929
-14357
-9076
-2097
-10801
5098
-24638
-10797
622
-11346
-4942
28648
-23743
16592
-4256
-8315
994
-41167
-8
-26815
15219
-7180
-7056
-2309
12213
-26241
-5276
-16335
11754
-11321
-12778
-34995
9291
66991
9443
-8786
7609
21229
40183
-20116
-2673
-5107
8963
-22789
-16867
16333
-16588
32258
-16628
-26465
1140
46111
37363
-17023
538
-27769
-32555
-24800
10536
3405
-11107
-19359
42179
-26686
20288
-26647
2868
15324
-7081
-10893
-17379
-26640
23616
6539
-21699
2168
5805
9860
-33508
488
4281
8718
6591
35410
22830
-5455
-10857
-3281
-14252
-21319
21197
-21709
6965
-3439
-6196
21786
16827
43170
23367
8720
15460
-30243
-10944
-10096
-2887
-6017
-16209
-6711
15324
-8632
56433
-3415
-7514
-9295
-18876
13159
35707
4067
4893
30125
7281
30549
13917
8447
-933
-6547
392
-4760
5513
-13791
-16413
-18241
-10410
15987
4603
17375
-31924
10283
-18230
-14817
13895
13228
-8426
-9480
-16746
-23268
7234
683
6859
-9800
22010
-11997
3809
-10927
-28025
21466
1464
-14501
-22074
13286
10322
794
3017
4939
199
-1885
-3288
718
10889
-9411
-25808
1719
-2331
34980
20797
12667
-7417
-2367
-10033
16378
277
-39409
-6307
15143
9152
-8870
4342
786
-171
-4441
-2431
-10292
-36246
18040
12
20055
1038
2994
-11552
15250
13115
17615
4351
-5735
-5116
12081
-6635
2272
-31849
-11607
16165
-8943
-1818
7553
6644
-9705
8687
-23582
-1060
-3237
-15217
-2255
-12129
-16770
-7957
17054
-20352
28603
-41199
23036
-31898
579
-13386
-18443
2661
18079
20370
9233
-1830
4335
-15476
-5520
-5349
13026
19090
-32020
-4959
-22360
-6902
25390
-6039
14885
1457
12857
18461
9175
11575
34853
-11999
-12324
-18535
31663
-13111
-12524
16019
-2219
-11656
-11709
42280
-4343
-4364
28665
-241
-11156
-27846
-26330
33993
62821
-8088
-5496
31434
5753
-19077
17852
3338
-20038
-35326
-27459
12326
20596
14514
11588
43083
-16693
-14855
8241
2290
-906
-30960
-11485
2742
11891
14561
4141
4326
19
-10095
14860
33914
26098
-19663
11903
7555
-8690
1918
-15599
-1629
10302
10595
33647
15515
-29133
-6136
27211
-10838
23231
-11128
-26723
14350
-6172
-12732
17279
20333
5882
-5846
159
2132
-3987
5802
-24953
-3194
-2978
21346
4815
-44078
-22454
21313
-7907
27820
17894
34048
8682
-1019
20602
-1098
-2543
7160
13180
21237
-7125
-1865
14699
17611
7118
20861
-28920
-29002
-19413
-21507
-12885
-11107
1229
-10135
-11680
-9474
10843
4601
2241
499
8145
5992
25114
-10580
-8272
-12333
28350
-33362
30102
-516
5979
-19932
24348
50
-15151
-4119
6182
9162
-2770
3117
9027
-6770
-21302
22532
-21946
-21301
13310
-1843
25022
21130
-21969
386
-7364
-16109
-4435
29568
17444
17711
-10629
14676
-22711
1236
-13223
-16882
-4829
847
-21907
-16495
7244
-4636
9089
-18329
-34984
-1703
9197
9985
6053
8597
14523
14705
-39267
-2227
-14126
-12109
-30511
12695
9134
-41738
3536
25
-17705
-2101
-5599
-17863
15890
-13898
-440
21720
-564
-13233
1607
-47027
-7882
-17517
1169
2308
-41242
7656
3321
-19145
26369
-22377
-13936
-20569
-11669
7982
3310
6747
-5545
3854
-2817
13457
7510
-13218
-10156
15645
-8829
9807
6619
-7911
25032
3053
16170
3219
15129
-1942
-1683
6702
33478
18281
-21181
3701
-41887
-3360
-267
-31076
-4893
-22355
3991
21540
9959
2664
3650
-358
15512
893
-794
17999
-4199
-429
3192
-15153
3327
3107
27106
-3879
-35589
13838
-28135
-38511
-26740
-8190
-24376
11325
-9531
-8964
-17522
-3946
-19110
-18805
-25383
5456
6379
-25276
2563
45
8448
-14993
-17476
29703
-19211
-29334
-8652
3108
17510
-8180
13944
-2137
3916
16004
-2945
19826
17005
-30578
-16273
1708
1634
-23657
-2983
-17738
402
15897
5424
12
18388
6359
8856
-43835
-3873
10143
10224
6977
-7274
-5912
410
-1394
8216
-5865
28636
9393
11587
15742
28807
-32273
-1088
-13924
-8520
-9387
10206
20457
2367
-533
5868
-4161
-8273
24326
2845
-8652
-17609
20838
-18511
4469
-744
-25024
26371
2273
-18609
-6386
10490
-2252
19109
3356
24751
27870
4181
6902
-8329
18809
27842
11887
127
-20792
19273
11246
-37482
5942
25061
14179
-17343
8107
27962
5709
18262
24024
-4860
19291
-30394
4057
-9344
14346
-17963
-4508
465
11059
5010
-17010
-5174
-397
-2755
13368
-3359
-20266
19686
6313
1314
10990
8736
13641
2574
-7269
-14757
2318
-16899
7153
14343
3888
-10555
44451
2775
-29970
4048
859
12576
-21332
-25364
-9526
-15842
1188
-20346
-11011
11995
-17732
4889
-24484
-2903
-8873
-23863
5747
13784
-251
7083
22028
6032
19973
-16792
20412
-15856
16950
-25360
9944
-10776
-18527
28352
-23743
8184
3269
-5069
41487
21789
-2092
13940
-18214
1463
-5534
29332
-20930
-6054
3708
34975
-17220
7102
-13255
42721
-28822
33805
-7428
26458
-26424
2206
-4069
10250
14410
-3695
3341
-10573
-5505
31055
11626
15093
-1184
-2724
-549
27056
17305
19334
-5310
-18075
-7230
33804
-3441
-13939
-11623
-4887
53741
15079
-30947
8684
20576
-14238
-7935
487
7817
-21666
37653
-21244
-34411
-16385
-32506
-1168
799
22728
19869
-11541
6613
26748
-7108
6840
11299
-7906
-22154
-12544
-33040
16251
-478
-20393
3770
-351
16837
40373
21700
-2095
-12229
18760
47359
4053
-10123
22405
-7325
21340
-7295
7736
5434
12098
7442
-1572
49605
21356
-6488
5096
11583
-3800
4856
-8891
-12102
-14376
-19945
531
11660
23089
35461
26236
9163
17760
20470
5353
13063
9425
25008
-13437
-23306
-17210
-6464
9250
9682
-695
26132
-14446
-4720
2633
47357
18152
-12893
-2443
-27123
11827
-14404
17620
28649
7065
-1478
-3985
26573
27508
27460
26265
-5855
-1780
13437
15575
-11512
-14173
11413
8657
4339
-18378
-1371
6410
22588
14033
36781
-2752
-10636
-6160
-19549
31352
26
32059
68903
-33104
39781
-5557
-26203
8603
-11998
15308
-24043
25468
15291
6686
14289
-19260
-40758
-7145
13089
5843
-8120
-20451
12145
11949
28249
27311
-19476
-6807
25708
11264
20917
-22910
2274
23405
-26066
32996
16039
-30014
11275
10803
-23507
3149
656
10517
-26386
2869
9943
-7245
-4801
2275
-13451
-17809
38720
-1110
20310
-5018
-7420
13203
-749
-11376
6469
-7570
18223
-26277
5812
10594
10809
-3825
-25042
19107
52015
-27547
-37850
-4916
-17105
1131
-8628
17904
16693
-16528
9390
-1824
27702
38326
18528
-10284
445
17667
10171
2125
-13472
-22985
-28940
9206
9967
36835
-28352
50384
28540
-18873
-43405
-28473
-11904
17563
7148
-10018
-19468
8935
1816
-12353
-10256
17608
21414
-15075
9142
5501
15045
-8923
-1130
1511
26042
-23777
15298
7314
-4004
15512
417
-896
36166
-20650
-8547
-9881
-31850
16392
13092
-10279
-12121
-4304
6496
-5462
15073
-2803
22413
16283
21047
-10851
3389
6402
37098
-5496
-6396
6413
26875
12429
5453
24075
-8054
14102
26437
29410
6957
16642
-3581
28433
28471
8611
20405
-21847
33401
-18307
28733
-1117
-12356
4602
26436
-4461
-9558
8710
28598
49204
-10299
27101
16470
9858
-15870
4061
-27106
9385
11765
4534
17702
2605
-448
2542
25430
14815
-26866
-1162
-19084
12830
65025
31935
34142
-7146
-28231
-6441
-17
-195
11265
11426
12445
9635
-26718
-8653
12188
