1514
1038
-1210
-155
-681
-307
751
22
545
-893
-584
-545
992
670
1197
116
-275
-342
1927
1429
706
-768
-1079
109
-36
-179
-2104
94
989
-399
-2685
-1065
-4187
1180
1302
1382
-1378
-416
6
877
551
675
-2536
-566
-432
-1447
784
2845
853
2115
-35
140
-432
82
838
724
-2231
405
2559
787
1555
-1396
888
-274
-645
-717
4129
-25
2088
1050
1722
-1074
149
-1918
-2900
2134
208
1229
1111
569
75
-1893
-359
503
-288
1449
-561
-789
892
750
3075
2312
-863
-196
763
-596
579
-1570
-175
-98
2389
-126
1313
4079
1401
-695
1719
1064
-1375
-160
1573
580
451
-356
267
-563
-3513
968
426
1973
-3873
-511
-1827
-211
-334
129
353
-343
-701
634
-495
125
139
-822
-1910
1675
4123
-806
39
1055
1317
-1021
1177
-1736
173
508
1842
-620
390
1827
-1014
-608
341
-63
939
3284
2000
1949
45
-451
331
-501
1325
2057
1725
-758
-244
1845
1675
-287
-366
-52
-146
575
1180
-34
1738
-887
5
3314
804
401
4348
1660
-1341
862
-973
1887
-607
-1815
526
-1615
