2960
3236
184
-2087
-189
-3092
-1643
-544
2437
-486
-1271
2409
2221
1010
1995
3951
692
2061
2626
3289
1222
240
-7
-1354
-7
2828
-22
205
-1963
-11
2556
-4230
1160
-3412
-2876
-1313
4397
2222
3621
-278
1198
631
4743
2577
-131
1483
-833
2256
-98
-1112
1564
-194
2000
1028
-1453
-103
-795
-241
-152
376
118
2339
1028
-428
989
1320
-98
-696
-788
-1625
-571
-612
-2259
-179
-1649
-367
944
-97
-14
-3260
136
709
-90
-1481
-537
2189
38
2097
-2877
3040
2597
-2297
-1112
-791
1588
2829
858
-957
2403
2294
1898
2167
1541
54
1758
-4069
5465
-26
1589
-2350
-4988
850
3506
1634
3542
582
-1368
-491
-109
2700
-1918
-2205
117
-3513
3364
2304
199
579
1489
-988
1635
-188
-808
-111
-2563
3486
-3437
-1882
4418
4278
-49
1712
48
-532
