-513
1450
1307
-575
-5123
6350
1057
406
36
1640
669
2185
-316
5581
2493
2613
-2924
881
1617
-1753
3778
-2087
-473
1974
40
382
841
2170
-1192
-2810
1053
-8181
1220
-1077
1283
881
-2835
-214
-5867
-3674
-798
7428
4552
3495
693
4797
2096
2135
493
-2012
2380
-6104
-2202
1729
3938
-1338
-750
2775
-3637
-5907
2863
-3428
-533
-6446
-918
-98
1418
-1365
-3580
165
3380
1309
-1511
-592
2494
566
-1401
5677
-698
2838
-3411
5340
4065
-1322
1747
6483
-797
4631
2765
-3160
1377
-7417
-2806
-3961
-1158
741
1925
2549
2749
-1468
-1647
-1539
-836
-6599
-160
-3311
14
2256
-2810
-1503
-5224
1677
-1944
2098
4198
-568
3221
8485
1886
-2490
5755
1215
1735
-7740
-4057
6346
7871
-1938
-891
1751
175
-4364
-2111
-1683
-511
-5539
-4000
-1400
2397
-1030
-1407
-3924
2556
3962
-3161
-1624
2244
321
-1241
5817
941
1762
786
3345
30
-682
3769
3223
5844
2126
2230
-463
-532
-9364
1340
-2450
177
5548
117
-1565
-171
132
-1913
-3773
2426
-5806
2718
-3974
4078
-3939
-3849
1982
-3666
1064
-7102
3582
3630
1450
6291
8488
-58
3180
-4062
509
-2721
-4053
-1292
2579
-1452
-3046
-438
1971
-4719
-5564
4445
-1377
2698
-8124
-294
-3861
-3790
2681
-2082
-1187
2658
-2191
-1056
-271
3503
587
649
4682
-380
1504
-3823
5405
1073
-3576
2500
4201
519
2673
835
-2355
494
-9030
-967
-2835
623
927
1622
293
2075
-1405
319
-2035
-40
-4848
216
-1300
1803
272
-3671
-2119
-5804
5297
-1021
996
3017
-265
2270
8970
-1291
-1201
2205
2660
-661
-5872
-69
4825
3814
-3048
2638
1519
-1222
-1761
-901
-253
-1222
-4685
-2597
-4383
1756
800
-144
-3159
846
3755
-1493
-2003
2312
1711
-271
3139
-1951
1497
-3540
2735
3343
-728
60
5621
-1261
3120
8453
-2847
-230
-8692
-4544
-5500
-4295
-1491
-73
1525
1766
-2226
-2172
-2849
-2705
-2270
788
-2609
-1207
-371
-1524
-2701
-4429
2650
-6972
1172
2051
-765
4819
8271
-114
-769
4906
300
1553
-6163
-5609
8151
4248
-1380
-1789
607
2705
-7892
-1320
1232
2387
-6025
-2576
-2505
3136
4575
433
-505
1174
3126
-3020
-207
977
803
-3006
3788
-208
1096
4641
2979
-727
-925
3790
1013
6763
1408
329
1790
-35
-6908
3615
-611
1514
6341
-298
-6
896
3294
-189
-2864
3294
-4782
1368
-2188
5099
-4506
-7279
4366
-3220
2141
-6338
3680
2086
1474
6608
6353
-2178
2251
-4602
979
-2866
-2122
1313
829
-553
-3942
1597
539
-7991
-4157
6068
-1407
1381
-7677
2385
-3192
-4550
1597
-2803
-2878
2472
-2342
1926
-491
5751
1187
-2324
6401
-2366
-3100
-2952
5701
3075
-4824
1279
1686
25
2600
1020
-4672
53
-8590
1437
-3503
-3
-6
1808
-1808
-619
97
-772
-2095
-393
-6002
1435
-821
3099
1726
-7106
-981
-7738
5720
-2566
828
4565
2789
4210
6666
792
-2503
226
2572
-312
-3443
-1038
3309
2428
-4135
4440
609
-1414
-1522
-887
-1619
-3354
-6312
-3947
-4301
2318
-2378
-1005
-2357
3610
1774
-768
1069
1707
1433
-2225
2936
-905
155
-1410
1926
732
-1677
1660
3138
846
27
1442
-320
718
-6210
1009
-2377
-901
2304
1678
1653
1599
1155
-771
-2712
-1836
-4346
1054
730
-212
272
-3273
-1053
-3529
2109
-2921
1868
2446
2789
1204
5833
-2223
128
644
1246
2631
-3374
-666
3130
3328
-1700
37
687
-2247
-5129
2837
28
104
-5573
-1065
-2283
967
1395
6
-1939
2245
1773
-2828
1087
1807
3150
-1964
112
-3518
-2391
452
3373
2900
-4051
389
829
-185
30
4433
-1853
-1908
-9888
797
-5202
-592
-301
2354
1823
1291
146
-111
-834
-3770
-2905
2270
2135
222
-1808
-5676
-690
-5202
7158
-2516
-761
-1841
2761
1961
6874
-3918
-447
3458
1828
2575
-3235
-242
5365
2807
-851
3093
-126
687
-6078
1346
2398
397
-6833
-1703
-3390
4366
3650
2795
-3409
-407
4573
-2074
827
3067
3021
-3192
2705
-2183
-1995
2252
4087
2580
-4199
1838
770
1952
-216
2877
-2187
-1502
-11371
1008
-3153
722
2692
2896
340
-25
1229
-1529
-1233
-369
-5176
3824
188
2206
-2272
-6389
-103
-4760
8207
-3855
-861
728
3802
4137
7834
-3198
-434
2386
3176
1853
-3399
38
3317
2765
-2544
3084
-178
-390
-5937
2729
824
-687
-7419
-2472
-4083
1677
1731
2061
-4898
1514
3075
-4449
-1420
446
-1820
-2294
967
-550
-394
-2547
-658
-3686
-451
236
6062
187
163
-1635
2474
672
-871
2571
781
-3084
-513
1209
-572
2739
3727
5593
-2969
2147
-1586
-367
986
1068
-1266
-4562
-3052
-5400
-1082
-2508
6924
-219
1360
235
1880
-4108
28
-1788
-3688
791
-2519
2379
1438
-2242
-3154
1515
3277
-4401
-3214
3458
-991
801
-5491
5278
-2002
1032
2777
-2367
5202
1138
2735
-2546
-3426
2123
-2308
-5771
3404
-1428
-3097
-4438
-2552
185
681
584
6518
-4038
-3010
5168
-3563
1287
-4199
-2931
-1907
-6494
-4257
3186
-2650
-909
2199
207
-6325
2911
-1008
3375
-980
-571
985
-3281
-6162
-7480
-174
-4171
5241
1810
2636
3940
1159
-4215
-1690
3389
-2235
3548
-3267
-2467
814
-2929
-2223
-1641
5725
3773
-8125
1039
240
-1585
-7788
73
-353
6466
683
2768
5918
3907
4415
-1078
2287
1959
3155
-3210
4883
-2174
-1156
4323
6175
484
-2306
107
789
3718
3626
-3140
712
-891
-5674
5776
-2083
2209
4383
4
-505
2114
3643
722
1190
294
-6872
2936
226
4036
-4055
-7735
708
-5131
3312
-905
2668
2101
2574
645
6496
1273
-31
346
572
347
-4063
1157
2091
3866
-3423
3844
282
-4478
-3688
3883
-2560
-683
-5948
109
-2015
-224
-805
-3165
-6432
2012
975
-1731
749
149
2531
-2790
754
-1642
-2556
1939
1800
1601
-2646
-229
-277
616
309
-196
166
-963
-4740
3414
-3086
260
1180
1120
1222
1151
2244
-564
445
-1663
-2927
1262
1963
353
-2071
-5503
548
-2649
3804
-2351
41
-365
2749
340
3484
-2758
-435
393
261
2254
-792
297
2526
2367
-1013
2269
-1292
-1590
-3230
3303
-508
1068
-5412
502
-15
1151
1013
290
-3080
222
540
-172
-512
2409
4101
-4687
581
-3247
-6699
1298
2087
3854
-4057
-1054
-906
449
-1840
4285
-2567
-2778
-6968
2818
-5351
-2338
-2909
2026
-1979
-1548
2658
-403
-422
-2027
-1866
2518
4034
1163
-2934
-8938
-1600
-6295
6843
-4460
306
-936
4635
2240
3083
-3974
-2471
2425
-416
2323
-637
-1916
2663
7
-1523
3861
352
1546
-6878
2455
1230
682
-6869
-364
-839
4371
2039
3644
-704
426
1869
-5158
-444
934
2610
-2915
5389
-1763
-734
6082
7081
-253
1496
-262
4679
5985
4789
1149
-1087
-2895
-7203
2163
-2201
-1159
3028
273
-3322
1972
5100
1452
49
6033
-7136
3878
-4249
6452
-7743
-9870
-908
-6053
1320
-4781
5369
699
-848
4635
7572
2579
578
3650
-4708
-1154
-7081
-3925
3146
3156
-4533
2601
2493
-3777
-9814
5438
-2988
3730
-6793
3549
-1342
101
2172
-2995
-4367
1449
1540
-7086
2574
-2597
2844
-5809
4358
-6928
1488
7848
6520
-253
7731
-3694
11238
-663
10569
-3368
-642
-1994
-2824
850
-3790
-1792
3401
3845
1212
7644
7291
6174
2151
5789
-9083
5154
-4788
4435
-8392
-9922
-3849
-6989
83
-584
7757
-5331
-5358
982
6968
1406
2055
6667
-4952
4286
-9046
-4382
10082
9850
-1694
3776
1049
-3177
-8952
3320
-4534
2229
-5333
6588
1433
5148
-548
-3996
-8649
251
9073
-6816
-139
-3019
3948
-7620
10218
-2428
245
12561
7448
5507
4578
-3932
9819
2475
13689
-4851
-4986
-3329
-3717
4271
-9416
-687
-196
3470
-3439
4668
3500
-2611
4431
8610
-12942
4647
-7325
5252
-7772
-6540
-1811
-5776
-1652
-3263
8806
-1739
-4500
2138
10384
5424
4430
6974
-4945
-9
-9227
-11084
8854
10497
1944
2477
402
-239
-10020
2725
-7468
1911
-8245
3324
5580
4181
-25
-3250
-10920
926
2167
-349
747
2389
3424
-8905
13744
-7124
1615
4565
8740
10831
1864
2202
9551
-793
14156
-313
-11151
1532
-7627
-458
-12625
-778
2490
5829
-3574
4867
477
-5670
-662
6249
-13288
5871
-5856
3997
-3264
-7398
-3135
-8802
-297
-3836
7629
4127
-5722
5717
12120
3705
1884
5340
2670
2207
-9704
-11032
14912
13397
674
-1875
2768
720
-8341
-1759
-7912
-2503
-10472
-2975
4641
4698
-8251
-3688
-13273
7683
1812
-8289
-6648
713
1328
2264
8463
8163
2545
5314
3518
-921
-1328
4579
4305
15203
4109
5397
-58
-5775
-13361
3397
-3896
-1336
6789
-1934
-9267
-2759
-3602
-5799
-1778
8561
-9161
5575
-7098
7928
-11768
-882
3475
-321
-675
-14497
6152
3539
3422
8149
13010
4825
8793
-8770
-7019
-9465
-4198
-6956
-701
-10590
-1093
-1966
3964
-3735
-9844
7611
-3711
10707
-9275
2865
-4342
-9574
10407
-1171
2820
-1053
-9937
-3883
678
1202
1414
-2903
1245
-4897
2267
2287
5066
909
1619
4317
1917
3852
2885
2076
1377
-329
-4163
2748
-2553
440
6007
1436
4128
1919
3267
3155
-3637
-2717
-944
1520
-2146
2841
-4494
-7123
5055
-5251
-2021
-3711
3883
-450
-1983
5328
2949
-689
819
-3545
2430
-3293
-3116
1495
4608
1438
-3467
-1340
2131
-7234
-4461
4761
1005
2398
-6374
1454
-2119
-3612
1016
-3572
-4319
3659
884
-4271
-786
-869
2346
-784
1957
-1941
327
1809
3695
1996
661
-942
2210
839
5608
794
-54
-1904
-2999
2736
-4876
-555
2068
-418
2491
2094
239
-429
1226
-2975
-2943
1396
-2451
354
-3787
-3038
2091
-2411
-1713
-3201
1571
-781
-1428
773
3708
3022
1154
-293
-1641
-672
-2778
-2537
5168
2625
-267
-529
-572
-1203
-3602
1914
-1845
4127
-4525
537
1200
-513
1973
-2855
-3643
266
-775
-4606
984
16
7143
-7619
4424
-5914
-309
6918
7960
7673
639
-2012
4969
-653
8340
3622
-2413
-2235
-5823
1937
-9357
-1816
-437
783
4099
4347
3967
-2259
2814
-3246
-6180
3769
-1426
536
-6660
-9264
-463
-8557
2256
-3532
3969
-761
-2211
1539
7561
3134
-3205
11617
-328
3128
-8566
-7076
9528
12157
-1190
-596
1076
3658
-11670
1363
-1426
1599
-8213
-1698
4031
6431
908
-1133
-11742
1997
5218
-1075
1191
1202
5697
-7143
7979
-7444
946
4366
8488
7404
2376
-176
8632
-1006
8018
7231
-6386
-381
-9829
-3598
-8823
-4429
814
4182
-2
5290
3411
-1205
-377
1762
-9464
4272
-3302
2754
-3725
-10556
-4205
-8117
3759
-5737
4624
1161
-2345
6254
11242
1785
-3009
11215
-207
4619
-9830
-10223
11174
12310
-1614
353
2287
1280
-13060
-269
-2139
-782
-8624
-1337
912
6772
-2164
246
-10856
4265
6819
-5993
-3725
2166
1272
-139
5530
1303
-50
2607
6849
987
-4324
5534
1868
9089
2612
2897
-2104
-2949
-12392
2530
-3028
210
4521
1714
-4950
184
1386
-525
-1922
6411
-6511
1733
-3680
7537
-6838
-9816
2958
-4406
4142
-8919
3370
2318
962
8181
9842
-773
851
-3902
-2508
-6127
-3394
-2296
1975
-2913
-4665
2539
2428
-6810
-5013
6018
-2070
4994
-9507
2778
-3739
-5186
3336
-1646
-1942
1118
-3776
-3754
-1763
987
137
-1174
1489
-2499
4244
1165
728
-1777
4344
3237
4158
5554
3156
6666
3292
13
-3362
537
-1562
-3186
6052
-2413
2677
1046
1187
1282
-6582
-1337
1082
1877
-4278
1904
-5354
-2031
4393
-3047
-5589
-10359
6083
996
-2158
8234
3427
319
4876
-6862
-87
-4756
-3032
-940
4962
-3056
-3358
-5075
1950
-6449
-7660
5311
974
5430
-6154
3301
-3601
-6057
6007
-4989
2236
3785
-2638
163
105
1337
-1927
-823
1061
-3532
3027
-4069
-194
-588
2909
87
4502
-2412
2956
3932
1634
3187
-1828
-2484
-1470
-2629
915
-2162
5341
3015
-216
1280
-5602
-3283
1099
-1122
-2428
-1596
2081
-669
755
-4037
-2176
-3942
2976
1741
-2201
4956
2978
-1495
1364
-894
1847
745
-4094
290
6969
3310
-2618
-2106
-562
-3182
-2682
-468
823
261
-4371
94
-2762
920
1725
-4181
1868
2525
2990
577
-288
2214
1147
-3361
1001
-4999
758
-1866
891
3097
240
568
3101
-2415
1358
8352
-208
1669
-5917
-3119
-4424
-3741
-965
-1340
4365
2247
411
-975
-4700
-4550
1002
661
-253
-1605
-389
-3943
-18
-5713
2753
-6317
1659
1185
-58
6088
4859
-3227
-1188
3063
2721
2241
-4214
-1941
7623
4097
-2387
-1679
-165
410
-6740
-285
2702
310
-7062
-1550
-2192
3574
3136
-402
-741
2273
4140
-1249
-228
4872
992
1689
7652
1178
191
-3227
8874
479
-6806
3253
4208
3360
2572
-1550
-4445
-372
-13299
-187
-1108
1835
2883
3812
-3863
1953
-140
721
-271
4661
-10043
552
-2143
5183
708
-7255
-3749
-5336
8606
-1132
144
5326
1881
2827
12488
-325
-2763
2865
1141
-398
-6744
-509
2977
4721
-5111
6058
1458
-3842
-1546
565
-2763
-1725
-5584
-2295
-6193
35
-1285
-621
-4763
1554
2806
-4425
-1543
-527
-2707
-4040
2016
-406
3035
-971
-2227
-3855
5481
2097
7170
3362
-1183
1749
3959
1803
748
1907
445
-4806
2418
891
1691
704
4069
3726
-8232
614
419
-573
-3051
304
-376
-1012
670
-3814
-9642
-7043
9913
1802
260
5202
731
-2955
3862
-5001
-2143
-2021
-3461
-369
1167
-2968
-2554
-5088
4484
-7911
-8550
7273
1061
2756
-7290
4813
-1669
-3709
4890
-3874
6659
5132
-376
-2557
-598
1513
-4003
-4562
316
-2248
-2388
-7250
-5017
-4287
5716
-1888
9116
-3921
-1156
929
503
2390
1745
312
422
-6785
-1741
2798
3634
166
3793
4267
-9798
-472
-282
81
-1062
-2919
5299
-1604
-3291
-7147
-6983
-4224
7756
440
1277
2694
-2432
-4014
3268
-3182
-3484
4002
-2606
-566
3849
-474
-2935
-1862
1812
-3530
-6710
4012
-512
539
-4948
3794
-2222
3753
2004
-2794
10484
4704
4161
-2407
-2263
3645
-3832
-6127
4103
-410
-1181
-8413
-3454
1573
1330
3223
9869
-2981
-669
5961
-3576
2623
-4637
-4074
-2535
-6073
-2499
2142
-687
402
889
-1124
-8072
2305
-6034
2514
291
-651
1695
-3890
-4166
-9985
-873
-3843
8980
2882
3746
2927
3115
-2330
-246
1465
-4652
6461
-4668
-3991
3326
-1543
-1711
-3122
7189
2372
-7845
-555
-1238
-149
-8417
-881
-1345
7934
-462
837
8111
3630
5213
-2986
-1755
3014
335
-7056
4597
-2551
1518
-2216
1333
6073
339
3487
8058
-3092
4349
7332
-4192
2778
-4262
-3078
-5781
-4621
-1766
1722
4816
2509
-542
-5210
-6062
-401
-2729
3504
-1805
-2993
671
-2358
-1338
-9326
-1422
-3802
5464
3763
-1428
4533
3972
200
-1695
7622
1303
2383
-7901
-5414
7153
7468
-1988
-6794
4598
5960
-9299
-1550
-1707
-855
-7115
-3433
2411
6504
-645
-194
-2495
5252
4608
-4114
-3068
3252
1952
-3092
6903
-701
2375
1401
4691
5333
-874
2579
7969
3173
7046
8393
-3799
-720
-8732
-2017
-6224
-4055
859
-547
556
2008
-1888
-5710
-2853
1109
-5946
3898
-5155
703
-3958
-2326
-373
-6226
-210
-8477
5080
4433
-824
6264
9710
4310
851
4987
-1472
-710
-9025
-8159
7448
5521
-2180
-4913
2997
2805
-11841
339
-2650
4184
-8222
-2087
-495
1089
4536
-1973
-3089
3455
601
-4753
67
-336
-437
-4201
3984
-4164
5268
5157
3423
-2437
5982
2593
6395
5168
3587
4360
3663
1691
-4152
-439
471
-3032
6947
-1587
3046
4274
6463
2661
-5873
2820
-2329
1392
-6820
3909
-5110
-6712
2961
-3807
-5261
-9086
7954
2272
-2661
9649
5860
-129
2291
-599
-1205
-1462
-6784
-1594
4644
3575
-5688
-3682
2048
-9856
-10792
7757
-142
3602
-9165
5019
-2455
-4481
3747
-7054
-2244
5587
926
-5923
1177
-1064
181
-6508
2883
-7668
2151
3796
2711
-2317
9133
-2446
11249
-2005
6908
1083
135
1158
-1402
-1467
-1314
-4709
2839
2745
5208
5701
8130
6219
-5026
3504
-3605
1758
-6908
2119
-2266
-8390
-1919
-7350
-3979
-5768
8201
-2408
-6273
7108
3733
-1551
1903
3869
-1805
2785
-7623
-3160
9468
8631
-4694
341
256
-6196
-10427
4748
-1810
620
-6555
6295
-966
2965
947
-5716
-2973
4980
7330
-2756
1188
-141
2725
-6355
7718
-5940
2884
3022
5115
3635
4883
-665
12173
-1679
11829
387
-4983
1005
-5131
-2230
-5991
-2336
3654
4934
835
6563
2948
2768
-131
5652
-12159
2534
-4485
4161
-2083
-9024
-3408
-7406
2057
-3945
7471
-1089
-5186
5146
9574
1194
700
4120
-701
3886
-7455
-6630
11517
9617
-885
3248
1470
-2728
-6099
-2354
-6230
-2886
-5390
2187
-244
4913
-5437
-2762
-7761
3553
6023
1868
479
2506
2961
-7568
9401
-5551
2485
2718
4660
8906
-962
4716
7252
464
10047
2434
-6911
3365
-5323
590
-9165
-772
4208
4687
873
4410
-1295
-3745
-2442
2065
-9020
2506
-1579
1844
192
-6036
285
-6456
1176
-4648
5531
4173
-3135
6555
8820
-243
725
-400
6039
425
-5343
-5347
10741
9015
306
-1581
2015
-2401
-4859
-3140
-6440
-4213
-7428
-2095
1663
753
-7108
-1732
-9688
7291
-244
-9485
-7220
314
626
2792
9710
9814
3083
5866
3862
-1000
-2133
5351
4732
16149
4221
5091
-1081
-5773
-15392
2428
-3602
-941
6727
-1684
-10739
-2465
-3671
-7326
-1657
11638
-11158
5064
-8531
9025
-11649
-1039
3391
518
266
-15391
6260
4269
3382
9075
15216
4755
9147
-7874
-8151
-9558
-4679
-8325
-1236
-10101
-1185
-1579
3748
-4166
-9933
8285
-4290
10977
-10285
3135
-4406
-9635
10742
-1166
2493
-1442
-10667
