21
0
0
0
22
0
0
0
15
0
1
4
0
15
21
14
15
10
14
0
0
1
0
0
2
0
0
0
0
1
13
0
0
0
0
43
7
11
18
0
0
5
13
18
4
0
5
0
0
13
21
0
0
0
0
0
0
0
0
0
4
0
0
0
8
7
0
0
10
0
0
0
0
12
0
0
0
0
0
0
0
0
40
8
0
0
0
9
0
18
8
0
0
0
26
13
0
0
19
14
0
7
0
0
0
16
11
17
0
0
2
6
12
0
16
6
0
0
0
0
0
0
0
0
5
17
0
10
44
0
0
0
2
0
0
0
0
12
9
7
68
13
22
0
18
0
3
0
0
0
0
0
3
0
0
6
0
0
9
12
0
10
14
19
4
2
0
0
30
0
0
2
0
5
12
0
10
0
0
6
12
20
18
8
7
5
14
18
0
5
8
13
0
0
13
4
9
8
0
0
0
0
15
0
0
17
13
0
8
13
0
0
0
7
0
0
0
0
0
0
25
4
0
0
0
6
5
0
0
1
1
15
0
19
19
0
0
0
0
10
25
0
12
14
19
16
15
1
0
13
23
0
24
0
0
6
0
39
19
6
0
0
0
0
0
6
0
0
0
21
2
57
0
0
0
0
0
0
0
9
0
0
9
27
0
13
1
0
13
0
5
0
24
0
10
0
10
0
0
8
0
8
18
11
5
10
13
13
0
2
0
0
22
15
0
2
0
0
13
0
10
0
0
19
13
20
16
0
9
5
0
18
0
0
0
43
0
0
12
6
9
0
0
0
0
0
0
0
0
14
8
0
8
10
0
0
6
0
0
0
0
0
0
0
9
5
0
0
0
3
25
0
0
0
0
12
0
10
8
0
0
0
3
16
0
0
5
14
23
16
0
1
0
32
23
0
16
0
6
6
17
10
16
6
0
0
9
0
0
0
0
0
7
22
2
26
12
0
15
0
0
0
0
5
0
0
13
29
4
13
3
0
19
0
0
0
0
0
10
0
15
0
0
10
4
0
6
14
5
10
12
0
3
23
0
0
3
4
0
0
0
6
13
0
7
0
0
9
13
0
15
13
0
5
10
17
0
0
0
0
0
0
29
4
1
0
0
0
0
0
0
31
8
0
0
0
3
10
0
4
0
0
0
0
0
24
0
0
0
0
47
0
25
0
0
0
0
5
0
16
0
19
16
0
0
0
16
16
0
0
14
14
0
1
0
1
0
7
20
0
0
0
0
3
14
0
17
7
0
0
8
0
0
7
0
0
8
20
2
9
14
0
0
0
5
0
0
15
0
0
13
0
27
13
13
0
15
0
0
0
0
0
0
0
0
4
0
9
14
0
0
8
0
10
15
23
7
0
0
0
37
0
0
2
0
0
13
0
10
0
0
0
12
22
18
39
10
6
9
18
0
0
37
0
0
0
23
7
0
25
0
0
0
0
26
22
0
30
2
0
6
4
0
0
0
14
0
0
4
0
0
0
46
8
0
0
0
2
12
0
0
18
0
15
0
14
4
12
0
0
0
13
5
4
9
14
35
25
0
1
0
4
14
0
0
0
0
0
2
23
0
7
0
0
11
3
0
4
0
0
0
18
2
58
0
0
0
0
1
0
0
5
0
0
5
21
0
12
24
0
18
13
0
0
0
0
3
8
20
0
0
9
20
7
7
13
10
10
9
4
8
0
0
0
0
21
0
0
0
0
11
0
21
2
0
0
16
12
18
0
26
7
17
18
0
0
0
45
0
10
55
0
9
0
11
0
0
0
0
0
0
13
0
0
0
10
0
0
0
0
0
0
0
0
4
0
0
0
0
0
0
0
0
0
0
0
1
0
0
18
3
0
0
8
25
15
0
0
3
14
0
17
0
2
12
0
20
30
0
0
7
6
19
0
18
6
0
0
0
0
0
0
14
20
33
21
3
0
14
0
0
18
0
0
0
10
0
0
15
22
0
13
0
0
12
12
3
0
0
0
11
0
12
0
0
5
35
1
18
13
0
10
5
0
0
2
0
0
0
0
0
0
0
19
10
0
0
0
0
0
10
18
16
7
1
5
0
18
9
0
1
0
0
0
7
3
0
0
0
0
0
0
0
0
1
0
0
0
8
10
0
0
0
1
0
0
0
36
0
0
0
0
0
2
4
9
0
0
0
16
4
6
0
18
18
15
11
2
19
9
0
0
10
17
0
2
0
1
11
6
23
15
0
0
25
6
0
0
18
3
0
0
6
0
9
16
0
0
0
12
2
0
12
7
0
8
8
0
0
0
0
25
11
5
16
13
2
0
0
0
12
0
0
0
16
5
0
0
14
4
53
21
6
4
10
2
2
0
14
2
41
0
0
0
0
5
2
0
14
18
9
0
0
0
0
20
15
32
14
28
0
18
0
0
0
0
0
0
18
0
0
0
0
0
0
0
0
4
0
0
7
0
6
0
1
0
4
1
0
0
22
0
0
0
9
19
0
15
0
2
0
0
0
0
0
0
13
0
0
14
0
0
0
0
0
2
0
16
27
16
13
1
44
26
23
0
6
0
48
0
7
0
18
12
0
0
0
0
0
29
18
25
0
13
2
0
0
11
0
2
0
0
0
0
0
0
8
25
0
13
0
0
8
12
0
0
0
0
0
0
7
0
0
10
24
0
0
13
0
0
8
0
18
4
11
0
0
0
0
2
0
0
14
0
7
0
16
0
14
9
13
0
0
4
18
8
0
7
0
0
0
0
19
1
2
13
0
0
6
0
0
13
11
0
7
0
7
8
4
19
0
4
0
0
2
31
0
2
0
0
7
0
0
4
0
4
0
3
0
0
0
10
12
13
9
2
15
0
14
0
0
0
0
6
0
2
39
0
8
0
0
0
0
4
0
1
18
2
0
12
0
0
0
22
6
0
0
13
2
16
0
0
0
12
0
8
0
6
0
0
14
22
0
13
0
0
20
14
1
0
0
2
0
0
0
21
18
8
20
0
0
11
29
0
12
18
0
0
0
0
0
0
6
11
0
0
8
0
0
0
0
0
12
21
3
0
0
8
17
11
0
10
4
0
0
4
16
0
24
0
7
0
0
4
12
12
42
0
0
0
0
0
0
0
11
0
16
0
21
18
0
4
0
3
0
0
0
4
0
21
10
34
0
0
0
0
0
0
0
18
0
0
0
23
0
22
3
0
42
0
46
0
12
0
0
0
1
0
11
0
13
10
19
0
0
0
0
16
23
0
0
18
0
0
0
0
0
55
9
0
0
15
0
0
1
1
0
11
0
0
21
25
0
0
0
0
0
20
18
0
0
10
31
13
0
14
4
10
14
11
16
0
0
0
0
23
0
0
0
0
13
0
14
6
0
0
16
11
18
22
0
0
22
18
11
22
0
5
0
0
68
0
10
41
9
0
0
0
10
11
0
27
0
14
16
10
3
0
0
0
0
0
0
0
0
0
0
15
26
0
0
0
0
0
0
28
4
0
0
19
15
0
0
15
23
16
0
0
14
14
0
0
21
1
35
0
23
2
0
0
0
6
20
13
18
6
5
2
0
16
0
0
1
13
30
21
2
9
20
0
0
13
0
0
0
33
0
0
16
27
25
13
0
0
0
19
3
0
0
0
0
12
9
0
0
11
27
22
7
14
4
10
8
0
12
0
0
0
0
20
0
0
0
10
13
0
2
0
0
0
6
0
18
0
8
5
0
11
0
0
9
26
0
0
40
0
0
6
0
0
0
0
0
12
1
0
0
0
0
1
0
9
0
0
0
0
0
0
0
0
13
0
0
0
29
0
0
0
0
18
0
15
0
19
22
12
15
0
20
18
4
0
20
8
0
0
0
1
0
0
12
34
0
0
0
4
21
13
0
4
0
0
22
6
0
0
0
0
29
8
2
0
36
0
0
0
30
0
0
0
0
11
14
0
5
13
54
0
0
0
2
0
0
0
0
1
0
0
34
10
30
0
0
8
20
6
16
0
23
0
0
0
28
0
0
0
3
0
13
0
10
0
0
0
0
24
17
0
7
0
0
14
0
0
49
0
12
0
16
5
18
34
0
0
0
0
0
12
13
0
8
0
4
0
0
0
0
11
0
0
12
0
0
1
41
0
0
0
0
7
0
0
0
22
0
0
0
0
0
0
0
0
0
26
0
5
27
0
27
25
11
1
0
0
7
0
0
0
1
0
7
0
0
0
4
0
13
3
0
0
0
2
16
15
2
19
0
0
0
0
0
0
0
0
0
0
0
0
0
11
11
0
0
19
0
0
9
0
0
0
0
0
0
6
18
0
0
2
0
8
14
32
13
2
0
0
9
0
0
0
0
0
8
0
10
0
0
0
13
20
18
0
9
0
21
18
0
5
1
17
4
0
26
0
9
29
0
0
0
0
0
12
0
30
0
0
7
10
0
0
0
28
0
0
0
0
0
4
13
0
0
0
0
1
0
0
0
9
0
0
0
24
14
0
0
0
1
0
19
0
0
4
22
17
4
1
20
0
23
0
19
0
0
9
0
24
7
4
0
0
4
5
0
1
0
2
0
24
2
36
0
0
0
0
0
0
0
4
0
0
2
29
0
13
0
0
21
0
0
0
0
0
0
1
18
0
0
10
39
16
6
14
0
10
14
18
5
2
0
0
0
0
2
2
0
0
13
0
10
0
0
0
16
20
18
34
3
5
22
18
67
17
0
0
0
0
14
0
9
18
0
0
0
0
34
57
18
33
8
0
8
10
0
0
0
0
0
0
0
20
0
0
0
2
75
0
0
4
0
0
0
23
0
15
0
19
19
0
0
3
23
13
0
0
13
14
12
16
8
1
23
0
23
15
4
0
0
6
8
0
18
6
0
0
0
16
0
4
1
0
0
21
2
18
22
0
0
1
0
0
0
17
0
0
16
29
44
13
0
0
10
23
3
0
0
0
0
0
23
22
0
9
18
0
15
14
4
3
12
33
9
0
0
0
0
15
0
0
3
0
13
0
16
0
0
0
13
0
18
0
10
5
18
8
0
0
0
31
0
0
31
0
19
0
0
0
0
0
0
21
1
17
0
0
10
11
7
13
0
0
0
0
0
6
0
0
0
1
5
0
9
0
0
20
0
18
0
14
0
16
23
0
16
0
30
9
11
0
19
0
0
0
0
9
52
0
0
0
0
0
0
4
20
4
10
0
0
7
0
19
0
0
20
0
28
0
2
0
12
0
0
40
0
0
0
11
10
0
16
0
15
13
0
0
15
2
3
0
0
0
0
0
0
40
19
9
19
0
0
5
22
0
16
33
0
0
0
0
0
0
0
16
0
0
4
0
6
0
0
0
2
26
12
0
0
0
21
3
22
0
2
0
0
0
14
0
15
0
0
0
0
1
0
28
26
0
3
0
0
2
0
0
8
0
0
0
9
2
0
0
0
3
31
0
0
6
0
12
6
28
0
0
0
0
1
0
0
22
0
0
0
11
7
20
8
2
34
0
43
0
10
8
0
0
0
0
0
0
11
7
13
0
0
18
0
3
38
0
0
12
0
0
0
0
0
40
9
0
0
0
7
0
0
0
0
13
0
0
0
19
98
0
0
0
0
0
2
0
0
0
15
0
0
0
0
6
12
18
0
27
0
0
0
0
11
6
0
0
0
0
5
0
0
1
12
9
10
0
0
11
22
18
0
26
0
0
0
0
0
0
5
0
34
0
27
0
0
0
0
2
0
0
0
16
9
0
0
9
0
0
0
0
0
0
4
0
0
0
0
28
47
0
0
0
0
0
0
17
1
0
0
0
3
7
0
0
4
14
0
0
19
1
0
0
23
0
54
1
0
8
0
4
28
5
1
7
0
13
0
13
6
0
0
21
4
0
0
0
21
0
3
2
0
20
0
0
0
27
0
13
0
0
