-5
15
32
-5
15
11
11
-3
-5
16
2
-13
-28
8
9
-14
9
-7
-19
-8
-31
-17
-22
-24
5
-16
-26
-20
-21
5
-1
-40
-3
18
-1
29
23
-7
-5
-9
11
5
0
10
-13
22
-4
7
-13
7
25
-3
27
-11
-20
7
15
3
28
24
-8
-19
-3
-1
16
-3
0
9
-20
-5
-24
-31
12
6
-1
2
-5
-29
1
-21
-44
-6
-14
-5
13
16
-24
21
-11
-15
-5
-29
-6
12
8
-13
-7
-2
9
19
9
33
2
-8
9
-7
5
26
5
29
21
35
15
12
8
-16
-24
15
-30
-21
-8
-7
-16
-3
-12
-1
-7
-6
-9
-20
-8
3
-15
-21
-9
-6
-14
-9
-2
9
19
10
-6
0
-11
1
4
11
-26
-19
-11
-11
18
-8
26
-5
19
-27
-16
27
29
20
12
-13
-9
0
-26
17
4
-20
-15
-35
11
15
-7
-2
-7
-26
-12
-5
-15
12
-25
14
36
1
-11
25
6
-22
-15
-24
-15
12
-2
-24
14
33
21
-23
-2
-3
-16
18
-3
-36
-11
-15
6
20
0
12
2
-15
-1
-2
14
11
-6
34
21
-1
-23
-16
23
-13
-1
-5
5
-4
13
-8
3
32
-35
7
20
16
-7
-11
-4
30
-11
1
1
-23
13
-7
13
6
28
-19
-11
-3
-2
-19
-3
-9
3
-2
32
2
-1
-2
14
-27
5
10
1
8
-17
14
-2
-3
1
-21
-11
19
-14
5
12
15
4
21
26
7
-14
7
-13
16
-2
-8
27
-11
37
-22
0
-10
6
-6
10
24
-13
37
1
-18
7
22
-7
1
6
30
-13
5
-10
-10
-12
7
-15
13
-6
-7
-26
16
-19
5
13
-5
0
21
-20
7
2
-18
-9
13
10
36
0
-27
-20
8
-3
-1
-22
-10
-8
12
-3
6
9
-5
-11
7
6
22
-1
13
3
16
0
-7
15
-12
-2
-13
-10
15
16
-39
-2
-5
8
11
-1
-14
16
-28
18
9
-3
10
14
-18
6
-2
-20
23
10
5
-15
-10
-16
12
10
-18
-1
6
-6
-16
-2
-13
-13
9
18
-24
-6
0
-7
11
12
7
5
-7
-14
-18
13
5
-9
12
16
-6
-8
-11
18
-10
-11
1
7
9
13
-28
3
20
-30
-1
0
-4
5
-2
3
33
-27
3
-6
-13
17
6
3
8
25
-2
-18
4
-33
-23
10
-6
-31
10
23
-1
-1
5
-6
-31
-22
10
-12
3
-17
8
2
-1
11
-1
12
9
-26
-4
-2
5
2
28
-9
6
-21
4
-24
-1
7
-1
26
3
42
-23
-9
6
-21
-14
18
32
-24
25
2
-20
-7
-5
-14
-9
7
13
-28
4
-7
-21
-2
-2
9
4
-20
-9
-23
11
-37
6
18
-1
5
10
-23
-1
-1
-25
2
5
3
33
-3
-26
-6
0
3
6
-25
-9
-11
-3
0
-7
-3
-5
-13
20
5
12
9
1
11
18
-4
-5
14
-11
-8
-9
6
21
6
-22
-12
-10
8
9
-4
1
14
-20
7
23
-12
16
3
-35
-23
-1
-5
2
13
-9
-12
1
-18
6
1
-2
21
4
-10
-18
-3
-6
2
12
9
-5
8
-6
-8
13
0
5
1
-3
-5
-3
18
-1
1
26
-1
-8
-12
-5
12
-5
-7
-1
5
9
1
-14
1
9
-7
-6
-5
-1
3
-5
3
28
-7
5
-10
7
17
10
-1
-9
25
-5
-6
-2
-25
-4
-1
-6
3
8
7
-10
4
3
-2
-11
-10
7
-3
13
-18
9
1
-4
3
9
-2
-7
-10
7
-8
-4
-6
-5
-14
-1
-9
8
-12
-4
-3
3
7
12
22
-16
7
-10
-2
-20
15
15
-10
17
2
-7
-4
0
-2
2
11
4
-11
1
-2
-24
-1
-6
-10
0
1
6
-35
14
-25
-4
8
0
11
10
-5
10
-2
1
-3
-1
0
18
-3
-13
12
2
-7
0
-5
14
3
-5
-4
8
-2
-14
-23
6
10
11
6
0
-3
13
-1
2
7
-5
-11
8
-5
7
-1
-12
-5
10
1
11
2
-8
5
-13
-3
11
-8
12
-11
-2
11
3
2
5
-3
-10
7
0
1
-2
-11
-21
17
8
2
-14
10
-1
-28
17
-30
-13
-7
-28
16
13
-2
19
20
-13
2
2
27
-13
-16
27
6
9
-30
3
12
-8
12
15
2
-12
-24
-12
-11
1
-26
7
41
20
14
-6
2
19
-3
4
9
-16
25
-4
11
3
26
26
-5
-6
12
-9
-11
-10
3
-18
10
-3
-6
-2
-11
-34
3
-4
-16
26
-14
25
-13
10
-8
11
5
9
-1
15
4
8
-1
11
-8
-8
8
-3
-11
17
-5
-10
0
-5
25
-32
9
-30
20
-16
10
5
2
31
-2
5
10
1
-5
-1
9
13
-11
13
-3
-19
-9
-15
10
21
8
2
-9
13
-10
0
10
8
17
21
-6
11
6
-15
-9
7
-24
3
2
-16
-6
10
-15
-12
-23
12
3
6
5
11
-6
-24
-16
-8
-12
20
-6
21
9
-2
-6
-15
4
-12
4
22
-15
1
-6
-19
2
18
-12
12
13
-6
8
-25
27
4
-5
6
21
-3
31
7
-9
15
-8
19
8
-5
-2
25
23
-27
-19
-21
-12
3
-14
-13
22
-40
-14
10
0
9
1
-10
13
-22
-25
22
5
-35
-30
2
3
-20
-20
-7
-13
-18
1
-23
-2
13
0
-13
9
-5
13
-5
12
6
1
5
-1
-16
-5
-2
-14
-2
5
4
-14
18
-15
-10
19
-19
12
-8
3
15
11
-2
21
7
-11
1
-10
5
18
5
14
8
9
-20
0
-4
19
-4
10
-14
5
-14
13
-40
-29
-2
1
17
-13
26
-10
10
-6
6
-5
-5
-5
0
-6
-12
-7
17
-18
14
-11
16
9
-17
3
4
11
7
3
21
22
15
21
29
3
7
1
6
-6
4
11
-15
-13
-27
-1
6
-6
13
-19
-15
-4
-18
-2
-5
7
-22
-1
-30
13
10
5
-3
-7
21
-5
-12
4
23
-7
-10
7
1
40
9
15
-5
13
-32
0
11
19
46
-3
-24
12
-14
-11
-1
2
-4
-43
-30
13
-9
-7
8
-24
-15
-9
-17
-17
0
-20
16
-12
-14
14
8
8
-8
7
9
-29
19
-19
1
-17
2
-5
-8
-3
-12
7
5
23
-16
-18
-22
-10
9
3
7
-16
-7
-28
5
-25
32
5
2
10
-9
15
-4
2
16
3
11
16
-13
17
13
0
7
-13
-11
-36
0
-19
19
-32
12
27
-8
-8
6
-22
4
2
-2
8
-27
2
-2
9
-19
-5
14
-4
2
6
32
4
-4
-5
-20
14
14
14
-8
-5
25
17
-22
-4
-20
-53
19
-23
5
17
10
12
17
-2
-1
-15
1
5
-2
20
-2
22
-8
-2
-18
15
11
11
-21
8
23
14
14
-11
-11
4
13
9
-9
-14
-3
1
36
-13
9
-9
16
-38
-11
10
-37
-23
16
-11
-10
-8
-15
2
1
-8
-43
12
-10
34
9
35
-7
12
-8
3
-3
12
15
-2
-1
-14
3
-12
-21
19
-17
-12
11
-15
9
-12
-14
-1
-4
-1
12
21
9
27
-10
-5
2
28
-20
-12
-4
6
-28
-13
-26
12
-17
2
15
-8
1
-10
-13
-9
3
-17
-19
10
-6
24
8
-3
-10
-6
10
5
3
-14
9
-17
-24
-2
-10
4
-4
3
-1
-5
-3
3
3
-5
17
-37
10
-34
6
27
-18
-8
10
7
16
-9
-3
8
8
20
8
2
3
14
-12
0
4
-18
-16
-5
1
5
-11
18
-7
15
-1
-17
-10
-21
9
-7
7
-18
14
-27
-21
8
7
-24
-2
28
19
-4
-14
-15
9
-22
2
8
-3
9
5
4
-22
-10
-18
20
17
-28
20
2
12
-2
-2
-28
17
-14
-31
10
12
20
-1
9
-16
6
-22
-3
8
-31
-38
12
17
5
27
-4
1
7
-14
-6
-18
-12
-16
5
39
-4
-3
6
4
-9
-9
-23
-21
-12
-5
-11
-7
0
-11
-3
13
-1
-10
23
-11
34
16
18
-8
13
-8
-1
-3
11
18
11
5
-2
-23
-7
-13
-5
6
-20
8
-12
11
7
-6
19
-24
3
-11
7
10
27
-13
-3
-8
14
-1
-6
32
-7
-24
-1
-6
-8
-21
9
21
2
-16
-4
-9
-11
-1
15
-16
6
-7
11
35
-12
3
-1
11
-7
-8
-9
4
-16
-11
6
-14
-7
12
-6
7
-7
2
5
-1
-4
13
2
-28
-38
12
8
12
-9
-2
-4
-6
2
-6
21
3
9
-8
-1
14
12
-8
5
4
-24
13
21
-15
-9
-3
7
4
9
0
5
6
-19
-23
12
-12
5
-13
-18
-12
2
-1
0
1
7
2
-15
2
7
22
-21
-2
0
-8
5
11
16
-28
1
-21
14
13
-2
-9
-36
10
-11
-8
-35
14
-7
-15
9
20
14
6
8
-17
3
-26
5
0
-21
2
6
15
11
14
-1
-1
-1
18
-5
11
24
20
0
17
4
1
0
-2
9
13
19
5
-18
-11
-17
0
-16
1
-17
15
-3
9
-1
2
6
-20
2
-4
24
-1
3
0
5
8
5
3
2
-3
-15
1
5
-9
3
10
-10
11
26
-11
-11
2
-5
25
0
-7
2
-21
1
-6
-5
13
-17
1
10
-30
-1
-1
-10
-15
8
0
-3
-12
-7
11
15
-23
24
2
-5
4
4
12
-15
23
-4
-10
-4
-9
12
5
12
-24
-21
8
-28
8
-13
-26
20
-13
6
16
10
-16
-21
-13
-23
12
-16
-13
-2
8
-24
13
-7
21
32
26
24
-26
-45
12
-8
-13
-11
13
-11
17
11
5
-14
2
27
-3
24
-9
7
-1
15
-5
14
6
14
-5
19
-11
-10
2
-9
-8
3
20
-18
-8
-9
-11
-19
-5
-6
8
11
30
3
-12
-20
2
-14
6
-12
15
2
13
1
9
-38
-6
14
-19
17
32
27
4
10
-9
-1
-28
1
-8
15
-23
10
-6
18
16
-2
10
10
16
-8
-9
9
3
-9
26
-13
-6
-1
-23
15
23
21
0
-2
8
-7
-4
-21
6
11
12
3
-22
3
-12
15
-8
-13
-29
15
-7
1
-6
-10
16
-8
19
-16
0
-6
-5
-9
-31
1
2
-36
21
11
6
14
-20
-9
7
7
9
7
7
0
-17
-2
2
-9
22
-10
-24
-11
11
0
-16
19
-3
0
-8
8
-4
19
-9
6
-7
-18
19
13
18
-16
24
25
-21
-22
-41
-18
18
-14
-5
12
-9
14
25
12
-2
-5
-6
4
-21
-11
35
3
-5
-31
-14
-3
-12
-28
-12
-11
6
-1
-5
-12
14
10
11
13
20
26
1
9
25
-14
-23
-18
6
4
-8
0
0
0
2
-9
14
-26
2
0
-27
22
-7
-18
8
9
0
18
1
-19
-5
1
8
11
-2
-7
8
4
0
2
-6
16
5
13
-5
10
-12
13
-18
-22
-13
-3
4
-9
28
1
-7
-25
-5
-7
8
-15
0
-7
6
-3
20
-16
-3
13
11
16
-15
-5
10
6
5
-2
-2
7
-4
13
35
6
-21
5
6
16
-15
-22
-14
-23
-15
-3
-3
2
10
-5
-5
-2
13
-8
21
16
-12
-11
-30
-3
1
42
2
4
5
1
-1
9
-28
-2
-9
-14
2
8
10
11
-8
-13
-25
2
-3
17
23
-2
-20
4
12
-20
-3
29
16
-48
-14
-4
19
2
-11
-1
-17
-25
-22
-8
3
-25
24
17
-15
19
-11
12
-19
22
0
0
21
-27
3
-19
18
-5
-9
-2
-6
0
1
28
-8
-16
-8
-5
8
16
18
-11
-4
-12
2
-9
-4
-6
-10
5
-9
19
-2
5
10
4
15
20
-1
17
1
2
9
-16
-24
-31
-5
0
5
-22
17
-1
3
-7
21
3
7
-7
6
11
-9
-13
-18
8
-12
0
-2
2
-2
-5
6
5
-7
-16
-27
3
10
9
-3
2
9
15
-15
7
-6
-20
8
-9
-5
-1
9
-6
-7
2
-5
-10
-2
-4
-6
7
13
11
8
0
15
12
-2
-12
-16
0
19
4
4
-9
-13
-10
-8
-3
-6
-3
-7
-1
23
-6
3
-4
-8
-31
-7
10
-12
-5
-2
-10
-4
2
-7
13
-3
-15
-18
-3
7
22
-12
12
-19
23
3
7
-8
11
23
-19
0
-5
0
-5
-15
18
1
4
8
-6
-7
11
-22
-5
-5
6
9
-4
-3
5
3
-1
4
11
-2
-8
-4
16
-13
-7
0
12
-8
-5
4
-11
5
0
-22
-2
22
-14
-17
-9
-12
3
20
-8
-9
-11
5
27
2
-20
3
-8
-17
5
-1
15
-14
-4
-9
9
8
11
10
1
-2
-19
32
-16
-22
9
-17
0
2
2
13
0
3
4
-5
15
3
6
14
-8
12
-10
-4
14
5
-7
-1
-8
-8
18
1
15
3
2
-29
-20
17
7
-5
-15
7
-26
-13
5
0
-1
5
17
8
-7
-23
3
-22
-4
3
9
-7
2
-8
9
-17
-5
-32
9
16
-24
0
9
15
-5
20
0
3
-8
-6
-6
8
12
5
9
-20
1
-16
-4
-9
-6
-16
-3
19
8
20
-9
-8
8
10
-11
-8
-6
7
-2
27
-9
4
-2
-11
-34
3
-17
5
27
4
-5
-3
-9
-15
7
10
-13
-3
-1
13
23
1
13
-6
28
-8
4
2
2
18
-13
-9
-9
-7
-4
-17
2
-10
-19
-8
-18
4
-11
-15
11
-11
24
-13
16
4
21
-5
-13
3
23
-30
0
-1
17
16
2
-11
9
-31
7
14
-6
-6
17
-9
13
46
5
14
9
5
-5
12
0
2
5
-1
-2
-4
-15
1
-18
-9
-5
-11
3
-8
-8
1
7
-8
14
2
3
21
15
-9
-30
5
-9
2
2
7
16
4
-4
14
17
4
9
2
15
-2
5
3
-1
25
-12
4
2
-23
12
4
-18
13
23
-5
18
-2
-9
11
5
1
-4
-21
-21
-11
20
-13
-15
-16
21
-12
-9
-6
4
3
-14
9
-7
3
-1
0
-6
-8
-5
-18
33
16
-1
-17
-41
17
-19
5
12
19
-19
-13
6
22
-2
18
-1
-16
16
-14
-10
-4
-39
-2
4
7
1
13
6
7
-5
-3
-13
-5
25
10
-11
16
-8
3
5
-9
18
29
-8
20
10
3
-12
16
-7
4
5
28
-8
14
-9
-16
6
-17
4
10
28
-5
3
-2
7
9
-20
-9
-11
-12
10
-10
7
20
6
16
2
5
25
7
4
-4
10
-1
10
-13
8
-28
-7
1
-9
4
-9
-17
11
3
-5
17
7
-16
8
3
-11
-12
11
-17
-11
-9
7
-4
6
0
-35
22
-31
27
8
5
1
-1
-6
-3
27
0
-14
14
-2
18
-3
-37
14
4
-4
7
9
12
13
15
-8
14
-19
17
-29
6
-2
11
-21
25
30
25
-3
-8
-43
8
2
-35
-15
23
20
-1
3
17
12
-2
15
7
13
-3
25
-13
-1
-8
15
10
54
-18
31
2
0
-12
13
-31
-13
-5
-1
-7
-5
-2
3
10
-2
23
-25
20
8
21
-25
13
-11
4
11
14
-16
0
3
-8
-29
-12
14
2
-6
23
9
1
-29
-13
6
-41
41
-14
39
-16
21
-18
23
7
8
29
3
33
-8
-3
9
-3
-2
23
-1
-36
-23
-16
14
21
27
-11
-6
8
1
5
-27
13
16
18
21
23
-8
5
3
9
-29
-15
1
-16
21
-1
-1
-6
-14
23
2
-10
-6
-9
1
-34
-10
-10
3
20
17
10
-3
-11
-18
0
13
-9
17
30
-23
-13
-25
25
-2
14
-43
4
4
-16
18
-16
16
-9
-5
-3
-9
21
35
-17
2
-18
-12
25
2
17
-7
43
55
-19
-26
-21
-5
5
0
1
4
1
16
2
-15
0
-8
-7
13
5
29
24
19
-3
-6
20
0
14
-9
-6
8
3
-1
23
12
14
6
-11
14
38
8
-20
-14
-25
-34
-10
-2
12
-15
8
1
-1
-5
4
12
-1
-13
-7
6
-10
-1
-16
9
-3
2
-7
9
-5
-13
1
1
0
9
-26
-4
4
28
-5
18
8
5
-19
1
4
-18
7
23
-12
17
-18
-11
9
-12
-3
-2
-14
-5
-18
17
21
1
-13
-6
4
17
18
5
-4
-10
-6
16
-5
2
7
-12
-31
-8
4
15
-10
-14
10
11
16
3
-20
-4
22
13
11
-4
-6
-8
3
-6
5
1
4
-6
-11
-17
29
11
-18
8
-26
16
-12
3
0
2
-5
-24
3
1
10
29
3
14
-5
13
2
-11
-7
9
-10
-17
-2
-22
26
5
0
-10
-9
15
6
3
32
-11
-22
7
-12
15
-11
-4
5
-6
-6
5
3
5
-33
-7
-18
23
-14
-30
21
2
-4
12
26
-13
36
2
-22
2
0
-3
-11
18
-4
8
12
-12
5
-3
-9
5
-3
21
6
7
1
-19
-24
-6
-16
-13
-4
-12
-6
-3
-2
1
-4
1
-14
-15
11
-1
10
-5
-17
24
13
9
7
-29
-24
25
-1
1
-21
-7
-17
-15
-10
6
-32
17
-7
-10
-8
-3
-8
8
7
2
17
-8
-22
13
-19
-3
-1
-1
-5
27
-9
13
-8
4
-3
-33
9
-1
-34
10
2
-2
18
-24
17
-2
9
12
10
29
-17
7
-21
-21
-3
-16
-17
37
7
-3
24
14
-8
-8
2
0
9
1
14
6
20
7
18
7
-7
-7
10
-17
4
8
5
14
-22
-16
-5
-33
-7
-13
-8
1
-11
8
6
6
-24
16
-45
5
18
-1
14
-3
6
-18
-12
-6
17
0
-8
0
-29
9
-12
-16
0
-14
-23
0
-7
9
12
14
-7
19
6
-3
-7
21
-3
-41
-24
18
-19
12
-16
8
-12
-2
-8
-6
0
11
48
12
33
13
0
4
10
19
-21
8
14
-23
-8
3
-22
-7
-1
-17
-1
-7
-23
6
14
8
29
-11
-1
25
-9
-11
15
-4
-3
-14
4
-19
1
-9
6
-4
24
-20
2
-1
5
4
12
12
9
-1
-2
23
26
-63
-15
11
-33
18
-16
16
26
2
7
-12
4
-28
8
-14
-8
9
-11
-10
-4
5
5
-22
0
10
-13
-14
25
9
10
-21
11
-4
-7
19
-9
-10
-9
7
-24
31
-3
1
-25
-24
-11
-11
-17
14
-16
-3
1
11
5
-7
3
-6
-12
-8
-8
-14
8
-36
4
0
1
28
-2
15
9
8
9
-4
-9
11
-2
1
0
9
36
11
-9
50
22
-10
12
2
10
17
-4
-11
5
-15
17
9
-10
-33
-8
17
-10
-16
3
-12
3
18
-5
-2
-8
14
-1
-3
-1
5
-11
22
0
12
-9
20
14
14
4
-15
-10
-18
9
16
0
1
-9
14
-8
-5
25
-7
-1
10
-4
4
31
-3
-11
-9
-19
-1
-25
-2
-11
16
-18
24
-18
-21
-6
24
0
0
25
-14
4
2
-2
6
5
