-11636
14572
-4231
-7277
-3538
-5079
-1998
22196
9748
8309
-5309
10904
1661
535
2028
4279
-1962
4516
365
1974
7221
10097
-6618
-3011
-3909
7806
-3441
-1303
-204
-264
-2255
9848
8781
7238
-5389
15632
5366
206
10896
-2947
-7126
4311
-10230
5508
8128
5227
-10959
-9343
7539
16490
-3907
-23314
-2423
-603
-17000
9671
355
14366
-7642
17990
12646
-296
2494
-16893
-5163
9784
-9341
8677
11462
9773
-8223
-7272
-5263
11352
-6491
-6091
1679
-2966
-4881
22189
3532
10172
-5682
15207
597
-4764
3957
4297
3325
5915
-1321
-750
-3611
7244
-3808
-5315
-3815
5407
633
-6941
-2959
-9600
-6713
6483
7665
3224
-6606
22117
15978
1816
10089
-7038
-12097
5678
-5219
6507
16120
5716
-16649
-11489
3684
25662
-6577
-15410
-1195
1446
-5720
13143
-327
13512
-7593
17000
5216
-4396
5210
-14686
-4282
5694
-8653
4422
4958
9173
-4482
-7457
4512
18172
3378
-1401
6430
7506
-1370
5763
2903
13693
-3521
14711
8613
-340
13335
-6949
2875
301
-17448
6915
5345
7418
-11009
-7975
-7306
12553
-5065
-10544
-5601
-7790
-5567
21449
6596
8936
-6363
14065
7044
3576
1062
2554
-3958
8504
1223
909
6867
7198
-8862
-4492
-1970
9399
-6340
-4766
1168
2304
-2810
15775
5350
9875
-6488
14670
1277
1031
8177
1007
-94
5490
-8118
2530
-452
4915
-5815
-4616
-6165
12948
-9030
-10846
-4071
-4943
-3681
23878
-4071
9883
-9649
12528
2439
-5590
1944
-381
-1545
10128
3744
-902
-2201
7610
2900
-3426
-8322
14422
-3383
-9016
-5407
-9515
-4790
14285
7434
3992
-6557
20152
6633
-1110
8742
-5769
-8685
4450
-4479
4791
12698
8370
-9449
-6791
5862
18083
1169
-7251
5331
8774
-4279
6796
5130
14445
-5532
17224
6303
815
14653
-7466
1444
1476
-18775
10684
7476
6291
-11052
-6813
-838
12894
-6831
-14188
-986
-6058
-9308
21831
-63
11091
-9208
14985
4369
98
202
2069
1815
12842
-1436
-1888
871
10556
-1291
-2632
994
22100
-4409
-11020
1525
6123
-3055
12222
152
14339
-3151
11921
-2364
-6294
8415
-13905
1397
-48
-12905
5744
-350
9809
-523
-3189
-4156
7108
-286
-1662
1439
-2883
-983
7848
8496
3890
-5804
19164
9505
442
13906
-1716
-5787
544
-7999
4556
9300
4282
-14620
-10198
-5807
14450
-5789
-12275
-6161
-10732
-6701
13677
-1695
6999
-5304
17295
10651
-1896
2238
-9423
-10813
9010
-833
2919
11186
8581
-8030
-9875
-8355
11150
-6809
-3144
-4597
-2076
4363
18184
1702
8010
-3652
12754
60
-682
5694
-306
-3033
6126
-3191
1525
3280
6333
-5383
-4723
-5459
9046
870
-6260
4996
-5595
-11880
19055
-9067
9574
-15041
6723
-3204
-2223
-5735
6344
-3396
12430
-941
-705
8654
7549
9684
842
-10055
10197
6704
8040
9110
-2545
-4651
319
-1869
7620
-3094
8572
2714
-8973
8148
2642
-8732
-464
-4388
7988
12641
-3147
-10335
-11196
8386
22472
-7465
-27148
-1209
-3630
-16328
19675
-11336
17289
-12909
15175
11052
-5068
-4309
-12342
-2982
14493
-1848
-938
3410
13712
4065
-5168
-5568
12233
-2272
-7657
-3913
-10540
-2049
16285
299
5125
-7864
15711
8973
2766
8130
-2981
-9831
5433
-3286
1144
12295
8803
-6431
-7366
-4590
10861
-6977
-12777
-8938
-7299
-8976
17118
3795
9585
-5349
16761
8205
-239
2220
-4857
-6603
10921
1356
3641
8831
6729
-7123
-7426
-7925
11213
-4133
-2633
-1492
-4313
618
18455
6608
6019
-4039
14509
1891
3387
7043
2794
-967
5299
-5160
1586
4010
6593
-10018
-4785
-10899
7580
-949
468
-1900
-2409
-787
11091
11778
5995
-951
12811
1550
-4900
12414
-475
-6881
678
-12099
8706
10156
5967
-11323
-6763
7539
16490
-3907
-23314
-2423
-603
-17000
9671
355
14366
-7642
17990
12646
-296
2494
-16893
-5163
9784
-9341
8677
11462
9773
-8223
-7272
4119
26825
-4981
-21769
-4221
-2299
-9512
14626
-7097
14558
-11326
15679
11766
-2532
-1469
-16989
-7829
9215
-2044
1020
9968
13773
-704
-8462
-5499
12238
2452
4113
6032
-2629
5289
11954
2572
6432
-4086
14374
6996
2332
12860
3582
-4986
1644
-9607
-62
9932
8349
-11607
-8010
-6038
14324
1033
1872
3616
-2449
4055
11621
9753
5488
-5597
19788
6393
4840
16745
3927
-3509
2639
-9053
7968
10823
5906
-15397
-7009
7257
17361
486
-9478
5653
7498
-9486
7022
8895
15258
-4341
18261
8817
-536
12258
-6996
427
3716
-17524
13255
7788
5311
-15441
-8330
-10410
12827
-5676
-14446
-8747
-7876
-7407
24183
1274
9339
-7318
11189
7304
678
-51
-789
-8672
8389
5759
892
9804
11192
-3556
-5486
-7113
14273
-4436
-2966
-754
-2854
3813
15302
1173
5975
-3610
11588
1488
705
6984
-1443
-4371
4565
-5474
-1012
2263
7887
-6396
-4551
-9334
7288
-7811
-3558
-2051
-109
3421
13835
8213
6933
-1963
8594
-7903
-5258
3256
-6771
-2542
5491
-5642
2779
-6808
4759
-1819
4
-6843
5702
-3117
-3505
-614
-4024
-3340
9191
8494
3122
-6590
16398
9509
-1933
10139
-1720
-5693
2733
-6277
2971
6329
2932
-11944
-10216
-3566
8934
-4054
-7087
-1695
-5940
-5103
11113
5838
5572
-4334
20196
9210
312
9103
-4666
-9655
5713
-4819
5394
8288
4279
-13992
-9734
3269
28095
-4837
-14590
-549
-614
-4422
13559
-8302
12912
-10170
14238
6110
-3936
280
-13990
-8591
4906
-4702
759
10754
11207
-1563
-8767
-2916
18504
-4313
-1206
2660
-3037
1327
9920
-4607
8819
-3651
12169
5978
4370
5070
-2314
-9212
5901
-6294
-1000
6595
9058
-8616
-11768
-4035
18458
-4149
-1639
3353
-2098
152
12146
163
9729
-5831
10641
-6480
-6583
6905
-7540
-4227
2232
-4865
2215
-550
5682
-544
54
-8962
405
10029
-357
12121
266
5842
-4604
-7884
2191
-7113
-1714
10428
-9219
11172
-2090
-12133
3337
-15173
19698
6762
8069
-4522
-5690
8386
22472
-7465
-27148
-1209
-3630
-16328
19675
-11336
17289
-12909
15175
11052
-5068
-4309
-12342
-2982
14493
-1848
-938
3410
13712
4065
-5168
