98
78
-37
95
20
-38
-16
82
-30
9
44
81
20
-17
85
-73
127
72
82
1
-93
-5
-7
65
-54
4
-20
11
27
-29
-66
83
24
25
-14
-34
-41
-8
38
-1
-9
-25
51
-16
46
15
-60
-74
106
53
-18
-78
-9
-17
109
-25
-105
64
10
-69
-8
40
35
73
-18
31
-67
-30
49
-71
-13
13
21
33
106
-23
46
9
14
-41
-72
38
14
-54
-56
-4
-52
76
-88
0
-39
35
15
0
40
-102
17
13
4
-36
-17
31
-14
-27
-29
35
-11
89
-14
-66
-38
111
16
-77
16
-4
-38
-8
29
-24
-13
32
11
0
-7
44
75
-26
127
-108
14
103
-93
-77
-71
117
-63
-55
27
-39
-41
26
-20
44
-30
-81
12
14
37
58
127
4
13
49
17
-53
35
41
87
13
11
-12
-94
-68
5
-28
-1
-42
40
-85
-19
-60
-50
31
40
-79
-19
-28
32
12
5
-3
17
15
-47
3
56
18
13
84
44
20
1
-61
-60
-23
-109
-1
-3
9
-4
-10
9
-15
12
-18
63
-10
14
-14
-32
54
14
24
-27
-38
13
-18
-73
-28
-78
25
53
-8
118
-10
33
61
5
-46
-17
-64
25
12
-9
-4
-67
68
-2
0
65
4
-41
118
-79
39
127
-36
42
-70
-5
5
-30
24
98
29
-35
-70
-16
22
58
-27
-9
-40
83
-48
49
25
-54
-100
12
-4
8
-78
41
-13
115
16
-9
-21
10
46
-3
-19
31
-67
-9
0
53
0
-24
27
51
17
29
18
0
122
-55
49
-95
-9
8
-48
-45
14
-79
-86
-40
34
12
22
-3
-30
-2
16
67
34
16
-39
-15
-60
58
14
8
-94
3
85
4
-74
29
43
-23
120
30
-85
69
18
-28
-97
20
-15
13
-53
127
-9
13
16
-44
55
-43
15
-43
-69
-17
-3
72
-33
-43
76
-27
45
-118
40
40
-25
-19
-4
22
-90
-55
-33
-24
-62
-58
13
38
10
12
-49
55
-73
-30
9
-72
-80
81
-11
-25
18
37
-49
17
82
38
-57
-8
-85
31
-7
13
14
-53
-17
-59
89
-2
97
-8
-26
33
49
65
-43
-126
101
33
99
-16
-32
-18
-60
-62
1
77
27
127
32
70
8
-44
-48
72
33
70
28
34
-39
-60
-6
23
26
113
-47
17
-103
81
-23
-36
-10
-60
-29
67
-94
98
-50
10
-72
-112
-106
11
37
-117
87
5
62
32
11
50
57
5
31
121
-31
-20
28
11
-4
-6
66
-93
127
-90
-26
90
50
-25
111
37
35
-5
33
-58
53
21
-33
-59
-90
-96
60
21
-7
-12
-22
-27
-48
49
54
37
11
-3
16
31
46
-1
-103
-2
11
-36
42
-70
-28
-74
-2
89
-26
55
-48
9
30
-2
-5
-2
59
-92
6
-27
-27
0
-12
25
10
-29
24
-53
-4
18
-25
-58
45
31
-17
-30
38
-127
54
8
-7
-40
-43
58
-60
4
62
45
42
-31
-36
-34
-4
-36
94
-57
-38
15
-33
-7
-3
-36
-21
34
23
-5
-59
-66
-11
17
-14
-14
43
-72
20
89
-81
47
11
-1
-58
-120
-28
35
6
43
-41
65
-45
-69
-42
-27
79
-17
33
-83
-46
-62
40
20
5
-86
-1
-72
-1
24
-45
-14
-99
51
62
-62
-29
-12
39
84
56
22
3
-40
-46
-23
-12
29
-13
127
-39
116
50
-36
22
21
-23
77
-41
7
27
-4
-77
-127
-43
-46
13
-37
7
-49
-6
-22
-7
-23
24
15
48
-15
-25
-8
-27
-73
22
-2
-58
-13
20
58
-2
-4
24
-11
-42
-50
-16
1
-23
-1
13
-33
-64
25
13
-51
-34
-11
1
24
-23
-74
-84
10
16
17
18
-15
-21
10
44
-9
-11
35
-25
3
71
23
15
53
-32
51
17
34
27
-48
-8
-17
16
44
45
-25
-70
-34
-13
76
-49
14
-87
-117
-17
-21
-10
-43
-33
-76
-31
-61
-15
-22
22
101
-47
-3
-62
6
-61
-73
84
-28
-72
28
-47
65
-36
-2
-13
54
21
12
-6
-69
79
43
-27
-1
5
127
-36
-97
-6
41
30
-87
-19
77
-71
53
-19
-14
13
-59
23
-7
-46
-27
-18
-2
-57
19
-19
39
-88
-41
-6
25
-1
-55
-26
64
-1
123
-59
61
-66
-27
24
-22
-59
-71
-29
-37
-53
-93
2
-61
55
37
29
-14
-60
127
41
48
-37
-67
10
-4
67
-18
4
14
-10
39
-15
59
52
10
3
-35
-23
-2
-83
-47
-32
-10
14
59
-15
4
-35
7
-58
39
42
59
-15
53
-47
-14
-14
9
11
22
-106
60
-62
51
-127
71
7
-22
-65
-36
87
20
-36
8
-27
-18
-11
3
-4
-61
59
-60
51
6
45
36
3
50
96
36
-34
41
75
22
37
-54
-60
29
53
-4
26
40
-37
0
-12
3
20
-10
-32
3
83
-5
-4
-41
-92
-27
25
56
20
-15
30
19
127
-20
33
16
27
-20
26
10
69
-30
19
-24
37
23
-3
-16
75
54
-41
71
8
-41
4
12
20
96
3
76
-1
-22
-88
14
69
25
71
-60
-10
-49
-59
95
71
-15
68
-27
27
53
-8
74
-81
22
-79
42
-56
-6
-10
39
69
-34
-33
-6
30
-122
-26
71
-61
78
-28
-5
16
-20
115
-48
-53
-30
9
57
10
35
11
-57
-7
-43
-7
20
23
29
25
119
-24
-48
-86
-66
-39
-69
-4
-33
-65
6
-127
-36
0
75
54
64
0
-3
-83
28
-89
-8
34
-22
-10
6
-58
61
75
-65
81
8
-26
-19
-72
-34
26
-74
23
-14
20
90
-26
-82
6
41
4
10
-11
46
5
23
31
-62
14
-46
-26
27
15
-42
33
4
-33
-10
-44
76
-94
24
-37
-38
27
1
-58
18
-12
27
-113
32
-87
-28
-8
-37
-75
-127
-11
11
16
31
55
-47
-9
39
-7
-54
12
25
28
36
-41
-41
38
-85
19
25
77
-32
4
12
15
-5
55
3
56
75
-1
-38
-18
-30
-51
-66
90
67
37
65
-4
-3
-35
18
11
77
0
-9
70
-40
-13
-13
92
87
-29
94
50
-38
29
22
-122
-13
-127
10
-63
-20
-26
84
14
-4
-16
-5
-90
-54
-45
7
-56
-18
3
-57
7
-78
-3
-10
-3
42
-38
13
43
-32
-18
-19
50
-18
-57
-20
47
77
-9
-4
-4
-51
-5
9
-8
35
-52
-35
-6
27
-21
47
-43
88
33
-19
12
28
13
-39
41
-125
-39
-5
31
8
17
64
120
-21
127
27
-83
45
27
14
-18
-47
26
114
29
60
11
-16
-55
44
-25
67
12
-22
7
-19
-2
-20
-65
-14
58
-42
-88
25
19
17
27
-40
-20
0
33
-104
68
70
0
-56
29
14
-42
4
-54
24
28
86
35
13
-30
38
-10
75
-28
-39
-67
-46
-26
50
0
-14
-111
-5
-55
-17
-44
-27
-36
-24
41
9
-57
-82
-20
46
-74
-8
-95
1
-38
-12
-58
-49
6
37
33
37
-7
6
-4
-18
33
-14
2
26
-27
-78
41
-49
-31
23
95
-93
-127
-41
127
-15
-25
-72
75
72
-20
-17
50
35
-41
58
7
62
55
68
56
40
53
-57
-110
5
-13
8
42
-30
-13
46
-54
19
89
17
-5
-53
-111
-12
-46
-113
64
-121
-7
54
47
81
-13
-30
26
-91
12
-59
75
-65
50
8
-22
-10
-49
4
30
70
107
17
-109
8
73
-42
-37
31
-85
30
41
-10
25
21
-52
58
8
25
-127
27
38
69
35
72
17
-83
7
-52
39
8
-77
-48
48
-21
-41
-87
12
-11
3
55
-12
56
-67
22
46
-52
-33
-27
-40
-22
-19
20
-43
-73
-19
81
5
-30
8
-42
-34
-108
46
62
-45
-29
-68
2
16
-7
2
121
83
-43
-81
-8
-1
54
13
-93
12
63
42
71
18
-63
-42
27
27
42
-127
20
46
5
-20
12
-23
-21
79
3
-4
63
-53
-87
-29
-59
-13
-26
-18
-22
13
41
30
31
-58
-103
34
30
122
11
-27
-15
61
-7
11
-9
71
-57
41
39
-17
49
85
68
13
14
-24
26
3
-4
-75
-22
-59
37
-6
-42
127
-34
55
-12
8
-48
-56
41
-57
46
-22
14
-34
-34
-41
-4
71
4
-61
114
61
59
-41
95
-50
7
119
-8
0
-21
27
108
65
14
33
-44
88
-16
-2
60
117
22
127
-57
25
28
89
-89
21
-11
38
1
18
55
55
-59
-13
-38
29
-1
70
22
-39
33
-71
117
-65
-26
9
41
-21
16
13
64
-9
56
32
92
-23
4
11
-25
-37
-81
27
70
-5
85
-67
-57
15
-5
-14
25
-4
-12
31
-46
-77
-76
-75
-50
31
-127
0
5
-11
-16
-55
-40
-22
-23
-62
-39
11
-17
73
-63
8
-48
53
-47
-6
39
22
-31
61
11
53
26
19
46
64
-26
-4
40
-1
-94
-59
35
-61
-32
-36
27
10
-85
65
-29
4
-55
15
-28
-43
101
-11
113
36
-82
12
-41
50
69
-19
-24
14
45
-51
39
22
16
-1
10
39
-23
75
-16
-91
-37
7
83
-1
79
5
-110
-7
-36
-58
-46
-15
-120
32
-68
-5
-30
42
51
-21
-25
-125
9
5
-34
-114
-19
6
-79
27
-2
-5
-95
-2
90
-34
-29
16
44
-47
35
-23
-123
-22
47
15
-45
45
-48
65
61
-46
-42
31
47
33
127
59
-66
-32
-25
51
-23
12
70
47
71
4
-54
-57
60
6
15
-37
39
14
51
84
-66
28
-11
28
-60
35
-15
4
-8
24
46
-27
-73
15
-11
-45
-40
-54
13
-51
11
32
40
-44
-72
-10
2
30
29
-49
-8
28
28
10
79
1
24
90
36
-27
63
-20
12
-127
-31
52
50
-30
22
1
-16
15
-91
-3
-30
15
-68
-32
21
10
-40
44
12
35
-36
-38
42
20
-11
114
99
-53
-55
-3
42
-54
115
-15
3
-12
-12
-92
45
-52
85
-103
53
63
2
-22
-72
-126
-107
-48
31
-33
98
69
-89
-48
51
-41
-103
36
96
2
102
-14
-71
59
-53
64
-42
51
50
-11
38
-46
-47
13
-38
72
76
-25
-57
-78
-54
-71
-127
123
33
-28
109
-94
32
-93
14
94
68
8
13
-42
-37
38
33
10
88
-16
52
-49
103
52
25
-37
21
36
3
-49
45
37
3
30
-4
-57
-42
-55
-23
32
-53
75
-34
12
7
127
18
-28
-17
24
30
1
44
15
-14
105
-111
2
-71
-5
-61
113
81
58
-113
-56
-67
-28
-5
14
86
6
37
13
-28
21
-44
7
36
-92
-5
-8
-1
-66
14
2
-10
-28
3
-16
39
-5
-50
7
-102
-67
46
-49
-9
-13
-43
49
-19
-29
55
40
-49
25
-23
20
20
34
-59
-89
-51
100
24
2
99
-13
-18
-102
22
64
64
-17
-7
-51
32
26
45
43
-77
5
74
-4
22
-127
-29
3
-20
37
-6
-26
-5
29
-10
17
21
10
-11
71
-68
7
-15
-13
-7
-92
5
14
12
-46
60
-19
35
-31
21
-8
39
42
38
74
27
17
55
32
25
107
0
-94
29
45
-41
39
31
127
-105
96
93
35
48
-42
75
-9
-45
3
-10
-99
-30
40
44
26
-43
9
96
12
-19
60
-71
-9
80
83
-113
-18
-39
58
-53
48
-31
-44
-2
-20
18
-19
48
-50
52
-44
-29
53
-26
-91
-10
8
109
-46
-7
-13
-5
18
22
-83
70
5
33
-100
39
-53
-24
-2
-42
-18
-127
-48
-25
9
-47
-74
-37
58
16
17
-96
-2
12
20
72
-46
65
21
-20
30
-77
74
1
-33
2
22
36
-28
-8
-20
-3
-45
-54
-33
-21
-42
-55
57
2
-18
34
-21
66
-63
-27
44
63
52
53
-84
-11
-84
-56
43
-53
12
-27
-41
39
43
10
-13
-65
-42
27
25
18
-43
-34
1
-46
80
60
-1
-8
-43
-77
60
5
30
-111
-11
-81
80
-32
2
-55
-14
-19
7
-37
0
23
-59
62
1
30
88
52
-124
115
-127
-3
35
49
4
74
57
54
-115
92
13
-55
22
-60
45
-27
25
-86
-9
-75
84
4
3
90
35
1
-55
28
-38
30
-38
-91
-47
39
76
83
19
69
45
40
-24
10
98
-74
6
23
-29
-43
-42
22
41
-34
47
58
-54
-4
27
69
30
-34
-58
1
4
-48
24
-53
36
1
-77
28
-7
-41
-16
-110
-2
127
-80
-57
-34
55
116
-90
-69
-44
-53
79
-107
-35
40
0
-104
0
7
49
-15
57
-52
-56
6
-110
-5
3
-23
-27
103
6
-89
-9
2
-13
-9
-52
-95
-24
27
62
30
7
-26
18
39
26
-50
77
-107
-1
-5
-1
53
-26
127
-6
115
-114
100
68
-85
75
-102
54
-25
-52
54
67
18
29
-59
49
88
30
-120
29
-87
47
127
-7
108
-32
49
35
35
-5
22
-5
-61
21
18
61
-28
20
31
-55
5
3
-2
-26
39
-73
96
13
6
-54
-98
7
-92
7
-50
-15
77
63
40
79
127
-36
-70
53
-65
15
19
-8
15
-91
48
-81
-47
21
28
57
-77
-17
-73
-33
69
-37
103
-61
34
61
-15
-59
8
51
66
44
63
13
21
10
74
-79
46
-10
16
123
-108
24
-50
58
-41
-30
17
-16
-96
42
-55
63
-87
-55
-13
39
-81
-27
115
89
11
1
5
-65
11
-36
-60
77
13
-52
-14
50
45
-7
38
3
107
2
-62
54
77
66
-6
-38
-32
-61
47
5
26
97
-38
6
-127
27
-75
-67
68
37
2
-27
-18
2
-113
-49
31
-13
70
10
-13
31
84
-84
18
4
0
16
-67
30
-5
21
13
-29
-50
-13
-69
71
18
70
39
4
0
-61
-29
23
80
66
-20
-16
-33
-8
-39
-82
89
-27
127
-60
29
-28
-50
115
-28
5
71
-4
-43
14
-52
20
-97
33
36
-36
-69
42
41
52
-4
-56
-15
-4
-28
-30
50
50
38
83
-58
49
5
-15
18
-17
25
16
-48
-31
14
-28
28
27
10
-60
82
28
50
64
-93
2
-7
31
62
37
40
-11
25
21
-17
13
87
18
-105
44
28
-6
-12
51
20
-18
-2
-25
-95
12
92
19
-6
39
-5
-50
29
-24
-43
-20
-32
8
-65
12
-33
-28
69
-106
-72
127
34
-29
2
88
0
-29
-8
20
29
34
42
-22
37
8
4
-127
-13
-58
-17
64
-48
50
-13
53
-32
8
21
-53
-20
20
-23
66
-36
88
-12
16
-10
-12
48
-14
-3
55
-40
48
35
34
-38
-40
32
-36
40
16
40
-57
15
1
8
-107
70
-36
63
16
47
27
47
1
49
30
-31
22
10
17
-1
-58
-19
2
50
51
-34
20
-36
19
11
-55
-30
-28
-51
59
-27
69
36
5
17
-17
-76
64
-47
20
-13
-29
3
-53
-31
-6
-4
82
-41
-4
29
36
-33
-13
39
14
30
-6
21
5
-49
8
30
-1
60
61
-4
-28
15
-63
-4
6
-20
-8
-17
-82
-20
67
-46
-22
16
32
27
34
65
-33
33
62
21
8
15
19
39
41
-8
-127
21
29
-23
-43
-18
-49
66
65
-8
47
5
34
14
57
7
11
-9
-56
-29
42
-11
-6
-16
58
8
-6
-36
2
20
-54
21
32
-62
43
-21
26
-48
11
23
51
-43
29
-16
62
31
-38
24
-4
25
-20
3
39
23
-50
-43
-2
37
-39
36
2
8
33
-68
45
-57
-11
127
7
-99
49
-44
10
-40
23
-27
55
-24
-52
31
-40
-127
23
18
67
25
-13
-35
6
-31
34
-74
-58
-34
11
-51
-34
-67
-2
-79
-63
36
-68
-20
51
32
58
-27
29
-59
-39
32
-83
32
-33
8
32
25
63
-58
-9
35
-9
-43
8
21
-81
29
3
-20
1
9
56
-53
32
19
66
-95
7
29
64
5
42
-14
2
-29
89
51
0
127
-20
-31
-9
-49
17
-46
27
-31
-12
-123
13
-66
41
9
-35
83
32
4
19
-9
-46
32
-62
38
-27
22
-95
30
-54
111
-4
-11
-40
26
3
-9
64
-22
-46
4
-96
-107
-4
-46
-25
16
-28
91
6
-89
-28
61
-24
5
27
-9
-2
68
-19
79
-32
36
21
-11
91
7
-18
-28
-49
70
-13
-45
-48
-34
-69
-22
-26
-96
32
0
-40
35
-20
33
-33
-39
-36
67
47
-22
-44
-3
18
-35
2
37
18
51
-24
-63
6
49
-34
2
0
-57
-51
-8
-20
85
-127
40
-104
-27
-29
98
0
-106
100
43
-28
63
-26
91
-1
0
53
-13
0
-48
24
-23
52
6
45
-24
-24
21
-12
12
30
28
49
-18
33
44
24
-36
-82
125
-5
-15
26
9
-6
118
-79
-51
27
15
27
-4
99
-34
-38
9
53
-11
53
-7
-5
-86
-79
14
76
51
-76
-47
-127
87
99
18
26
-56
-74
67
38
-62
3
-39
3
-35
10
9
91
-96
126
9
-58
104
-86
-84
-48
50
-14
-73
82
-73
-12
-12
-6
58
125
-8
40
-37
-15
1
-15
57
17
8
3
7
34
-50
-40
-95
27
81
52
37
-69
98
-62
-12
-61
32
-65
30
-25
-25
-97
99
-10
17
-16
27
5
-1
13
2
-49
-68
91
59
13
-79
37
-127
-6
47
-6
-4
33
-103
-24
-51
-60
-20
11
71
8
62
-19
41
-39
-34
-104
-10
21
-8
55
30
-7
-33
120
-47
-21
70
-11
-94
-110
-26
-78
-41
14
79
-109
31
-13
-85
-35
63
34
77
-105
-80
32
-61
3
22
-10
-103
47
-33
36
-14
-6
80
-15
-105
-108
30
14
21
75
25
-42
-98
37
-48
-61
-45
-46
96
-29
-59
-49
-74
79
-24
76
45
-35
-84
-127
112
31
-51
82
-22
-5
88
26
16
53
-39
41
44
30
-5
127
-4
-104
-42
21
-16
-55
-4
-58
15
-52
-43
-73
-21
-11
-62
67
-46
-37
-4
-88
-104
-50
74
-37
-26
-11
41
-52
-28
24
-42
-18
70
25
-87
12
-15
-106
-26
38
-11
-29
29
-16
-11
-39
25
-39
56
-17
-62
126
103
-106
2
49
76
-83
43
13
-11
66
-2
-109
-41
-13
2
-47
108
-23
2
-23
13
55
42
-17
-2
101
-67
33
-59
107
-12
-1
-47
-19
12
0
70
3
56
55
61
-22
-2
31
19
-52
-31
70
-63
-107
6
7
53
4
-44
8
-31
40
14
19
-127
76
47
-1
56
2
-88
38
-63
19
24
20
-54
5
9
-53
49
28
32
-8
-35
123
-118
60
-20
-4
44
17
-70
-9
32
97
-56
7
-60
17
-58
-10
-5
107
-12
-52
-16
78
35
120
-51
77
-12
-72
-22
-4
-16
-102
-46
15
-79
-28
34
-14
4
31
33
-26
-63
82
34
127
52
-36
72
20
116
-23
6
26
-80
0
-51
5
36
29
10
4
-23
-14
-88
-20
-55
-25
16
66
29
19
15
20
-88
7
-57
24
13
13
-6
60
-23
-28
-24
12
-9
34
6
42
-25
31
4
-34
-17
7
19
-15
5
-58
-17
-69
-32
-78
-46
20
35
9
15
12
-41
18
39
0
-8
-74
-13
8
-4
10
14
5
20
-38
-6
-40
-2
-31
-19
-41
-29
-64
-9
26
-16
16
16
127
-8
-15
13
-39
57
27
-7
-20
-68
-30
-11
-15
16
-30
4
18
45
19
12
-26
-57
32
-4
2
-48
-49
-8
-4
36
23
61
-10
33
127
52
6
29
57
7
-29
-14
9
-31
-17
60
15
19
41
-75
40
12
8
24
-43
-60
-6
-54
16
91
1
51
73
-103
25
-33
-16
55
-17
10
45
48
-112
24
-30
8
-93
-13
-4
-36
61
-15
23
-78
-6
-9
13
6
-40
-27
52
29
25
-19
-17
-58
-4
-26
-61
27
-43
101
37
34
-43
-74
51
-99
-30
59
7
76
53
90
-25
11
54
-42
-43
32
50
-44
7
12
24
-15
-14
-127
56
-119
-14
-65
-78
65
-26
-40
-58
-29
-11
-23
-6
110
53
31
26
48
41
111
-54
-29
30
-13
-39
-9
20
35
18
45
72
60
14
7
38
127
31
27
-77
-16
69
-12
46
-37
-74
-80
-37
-35
17
37
-44
-69
6
-32
29
99
32
-44
-19
-50
109
-14
-23
5
71
20
12
-72
32
-30
69
115
80
-55
46
2
-43
-68
-48
27
37
25
102
-44
-32
3
-27
48
15
20
-25
-40
-54
5
-10
-7
-15
9
48
31
-3
-45
-50
57
6
-8
117
37
127
26
1
-87
108
-40
-10
11
7
-23
31
-58
83
1
29
-85
-89
17
-45
9
52
47
27
-14
67
-37
44
59
68
-30
-11
5
-14
57
44
55
-41
79
12
15
-33
-40
-48
26
24
84
-27
-33
-31
4
67
6
94
-74
-55
89
-92
-15
-6
-23
20
-55
15
9
-96
62
5
14
-25
47
51
-13
-74
85
-11
17
-5
-64
41
17
26
-54
-65
48
-14
106
5
22
-2
42
-3
19
-36
-59
-22
-73
57
27
-47
-44
127
45
-38
-118
74
30
74
57
13
-84
18
16
84
44
-33
-95
10
-4
30
-19
-85
-84
38
-9
-27
-20
-21
-8
-21
-71
47
-42
4
-16
-10
32
-2
11
-9
-4
-38
16
30
29
47
-36
40
-6
31
51
38
-17
-7
-15
6
10
-2
76
29
-4
26
-5
5
28
23
-127
15
37
41
27
-22
44
32
-25
-8
22
-10
62
6
14
76
-12
5
-55
44
38
-42
-11
-5
21
-18
15
-32
7
-13
-18
-38
12
-15
-15
8
-70
-51
-20
38
-2
-37
33
-32
-39
-93
-16
5
5
127
16
8
10
13
3
-50
-40
-38
-32
33
-36
-69
96
-30
56
95
15
19
115
-28
18
57
-81
-15
-81
20
55
-51
15
67
26
32
-81
-12
33
59
-28
-7
-93
78
-26
74
26
-16
-93
79
-17
27
-11
-6
-32
78
-36
-37
-20
35
67
-27
-20
54
-51
50
18
20
19
102
33
28
53
-8
-11
-29
54
3
-31
-23
15
21
22
17
-60
3
-25
-26
53
14
-16
-19
-22
7
-14
22
27
79
-82
55
-13
78
37
-35
-8
-127
63
15
23
47
21
-3
12
102
-20
47
-67
-4
-35
8
-6
23
-83
84
28
57
16
-71
-38
-98
29
-28
-38
73
-71
-57
2
-8
47
88
35
17
-4
74
50
31
52
-48
-7
-56
19
65
42
57
-23
-15
-8
48
-64
-13
49
55
122
0
-45
-11
-3
22
-28
65
-94
5
-34
127
6
-20
17
29
66
-9
-6
81
14
55
30
-17
0
-110
9
-45
34
22
-58
-70
-14
85
-1
-74
53
-15
-27
-50
76
-22
-89
-76
-71
46
3
-14
-12
9
-51
14
52
19
83
5
23
23
16
-20
-15
0
61
-31
23
7
-45
-38
-17
-66
30
-29
15
60
-127
-7
12
-6
23
100
14
101
-42
48
-52
39
-108
58
18
3
-4
26
3
-13
37
64
0
30
23
-15
-33
-53
-13
-31
-16
8
6
74
25
-12
-11
-28
24
-14
0
-7
-27
36
-25
-4
28
99
43
74
70
89
-36
49
19
-66
111
21
53
8
-7
54
-23
87
2
-49
-11
-127
-4
17
16
-91
6
-58
15
-33
-23
28
30
29
18
10
-62
-58
-5
-55
74
55
-87
24
16
-24
-21
80
-79
118
-68
18
-89
-115
-41
87
-101
19
25
41
-29
-12
9
125
87
-36
31
10
5
27
-19
-93
27
36
-113
73
-22
-35
30
26
49
20
30
42
14
1
49
30
62
-26
-12
-10
13
-45
-30
-29
11
14
-26
-72
-59
-46
-47
42
19
32
-112
14
-37
74
7
11
-45
-127
-18
32
-58
93
0
26
31
-52
39
-100
-30
-78
44
38
-3
-88
-52
23
13
25
-35
81
8
-19
-3
-124
75
-17
13
36
-19
-59
-73
-16
123
19
127
51
27
4
70
-119
-105
-30
-34
-29
25
-59
36
-31
-44
115
-15
-3
39
-76
-4
24
5
-13
92
-110
26
-29
-26
-4
-7
44
-13
26
-33
-91
-29
109
9
-65
91
59
-65
-17
38
-75
66
95
-97
-13
-105
20
-6
17
11
40
21
-71
-50
-58
-57
-77
44
-54
-74
50
-96
-64
-17
-92
-75
9
12
-12
-29
-1
-51
-74
-12
-47
49
-29
-18
24
10
5
-42
-8
-14
-62
5
-38
2
32
43
7
18
26
-26
-4
-43
10
-16
-19
-26
20
-22
-38
54
-43
-16
25
89
-43
23
31
-86
72
-35
-5
-3
-18
-4
64
4
-18
-98
55
5
43
-99
127
8
54
44
-23
0
-10
-10
1
20
-54
-10
-55
27
23
-21
0
8
28
0
31
19
13
-40
-6
-26
78
85
34
-53
-10
-58
-8
16
18
32
-59
-2
-43
-37
-71
18
-60
45
-9
33
-22
-47
127
41
46
-19
-65
-38
36
-3
-3
-42
56
-7
-39
-48
15
38
-2
75
-20
-5
-25
-66
-25
10
-28
121
61
-46
25
-22
5
18
-9
27
-127
-45
17
78
5
39
-24
-33
-84
91
-27
34
-6
-97
31
29
90
-116
-99
8
-29
87
1
2
58
71
1
-46
63
-81
1
-20
51
-16
8
-47
70
47
-5
-27
-7
31
-3
88
-61
5
41
-28
52
-1
-4
-31
-17
-14
49
19
-61
-63
74
22
-13
-32
27
7
-14
-40
47
-47
-38
31
-26
13
-19
57
27
-86
43
2
-58
-90
-44
43
-74
92
-42
66
-42
40
-127
-19
-47
76
-44
103
17
35
32
37
59
9
25
-69
104
73
-52
-56
26
-50
-17
2
-49
42
-83
67
-14
-59
13
15
-60
-79
86
17
-24
75
-84
-23
46
-47
9
60
27
-40
33
40
61
-31
16
-31
-5
104
-70
50
7
52
43
57
-92
26
-29
-57
75
2
37
-49
-10
14
8
-6
-1
-62
-21
-25
51
6
87
14
62
84
-59
74
-34
21
-15
-127
-21
-25
11
84
-45
62
-7
64
-37
-44
32
13
47
-9
56
-34
47
47
43
40
3
-24
110
-60
82
-34
1
-5
41
-14
-93
-30
-111
-40
25
-75
-29
-31
89
-14
45
-13
87
6
11
65
20
-49
-47
0
2
-19
10
9
42
-8
58
-35
20
-62
17
-3
20
-93
-64
-76
-59
-32
-45
-40
27
14
14
65
26
-9
5
-57
-127
24
10
42
108
6
36
52
-1
-18
30
16
-32
-56
-33
-13
-30
-62
-10
56
90
-55
-24
-19
2
-32
-37
-3
91
-2
9
10
25
-12
-81
-17
-23
58
-15
49
-39
-88
57
13
-1
-72
38
51
31
53
23
-90
-18
-126
75
23
-26
105
72
6
77
7
-56
-22
70
-65
92
-43
23
32
-60
-2
-16
15
-99
-21
16
-28
38
26
0
15
-37
-25
38
67
-12
4
19
-51
-3
12
6
-73
44
-120
-25
-66
72
3
-50
-37
-45
-81
127
-105
-64
32
13
25
-79
-27
-35
-10
12
-29
44
-3
15
72
15
16
-11
28
-53
-6
26
-23
31
30
57
127
-8
46
9
-27
10
-22
-26
22
-22
-20
-77
23
-69
30
-36
11
-20
-45
17
2
-78
42
10
42
29
-3
28
41
76
-8
37
-20
-39
-77
66
11
29
-36
19
13
11
63
41
-11
-17
45
23
16
-89
7
30
0
-18
-4
-8
-21
-72
65
-102
-5
-21
-43
11
86
-38
7
-9
0
-90
-51
-13
-52
40
7
85
72
-13
6
16
22
-9
26
10
-73
87
-39
29
-21
-57
94
-29
-4
17
-5
32
-127
50
15
-1
-51
-40
42
57
-33
-12
10
-2
16
-12
-14
26
-7
38
16
12
38
-18
23
-42
-89
-59
-4
56
9
56
-44
38
40
-50
9
-5
-36
89
57
8
20
-121
13
32
17
63
-6
-29
-101
-30
-6
77
121
58
-25
-26
-30
101
-75
-55
57
-6
3
5
-12
-80
-22
1
7
0
74
-96
-85
-103
50
-23
-14
-87
2
127
-35
-27
55
-32
-48
72
42
87
-62
-73
10
-18
7
-86
-62
20
-56
5
42
30
23
53
2
-23
-127
-64
57
-33
35
-63
25
18
-25
11
47
-63
0
-17
76
-42
-16
-19
0
-5
49
36
-23
39
-62
4
-97
17
-78
40
15
-40
18
5
-114
-60
7
13
64
-64
-5
54
63
33
-2
-73
25
-16
28
74
24
-46
-81
33
52
26
26
33
3
19
-10
13
-89
-47
-4
-8
-116
-38
43
-23
-26
43
-21
30
-63
-1
40
-38
10
-43
-38
24
-44
9
-33
-9
-102
-6
-42
37
-8
-9
-21
40
-16
-15
-37
7
-10
-1
-13
-60
-12
33
58
12
25
18
56
-32
48
56
-36
9
-91
8
13
12
5
-4
23
10
-70
26
23
-28
-127
-3
-19
72
67
-53
1
-2
45
70
24
67
11
-13
98
108
22
-39
1
-48
18
15
61
53
-14
-4
22
51
57
31
86
-50
35
-7
-92
33
60
44
-37
125
-49
36
54
68
13
-37
-63
-80
-34
64
108
112
38
-45
-50
49
-42
6
-76
-55
-55
29
-100
12
-53
3
127
-33
7
5
-77
-91
78
60
-44
14
-97
-5
36
24
11
29
-18
8
-73
5
28
59
-55
-26
-64
13
-38
0
-42
102
-28
-79
1
8
10
38
-35
90
-107
-93
-91
-57
-72
-127
5
-7
-47
-114
15
-18
42
73
-7
31
-23
51
9
107
36
-106
67
-7
35
-40
-28
69
-33
7
-17
-1
79
31
-14
-42
-19
2
-5
113
-42
-60
105
24
47
-10
55
-57
-93
89
19
49
4
45
13
-6
31
-34
67
11
-43
-42
-31
-28
-23
-92
49
24
-17
-10
26
59
-16
-43
-62
-14
-3
21
40
31
-1
23
11
31
-25
-4
-50
-22
53
127
-37
50
-12
-27
-12
21
-77
-14
69
-8
-55
91
-16
11
-27
69
-20
10
75
-40
-28
-43
42
-33
3
-44
-86
-3
-17
-11
39
54
-31
-26
-4
47
-11
69
14
-27
-51
41
24
-42
-46
-6
-25
-15
9
-13
2
-40
-47
11
-18
-19
-111
-61
-102
-73
65
-6
56
56
33
-35
-12
109
-93
73
20
48
-70
27
44
-7
35
-40
23
21
19
43
33
-27
-20
-71
127
-56
-3
118
-7
-24
35
40
-9
-71
55
-1
-46
72
1
-64
-21
40
68
-48
47
80
13
76
6
-57
27
10
7
-65
-57
39
-73
-82
41
-84
-11
53
-29
66
-4
22
-17
-91
-91
67
64
-74
-10
-83
-24
10
93
127
17
37
7
113
-26
-30
118
-33
33
65
39
10
15
5
-20
-18
-75
-14
89
71
28
-37
49
-61
34
10
44
-122
-88
-90
44
12
43
-101
35
-21
-36
-69
-37
30
50
7
20
29
51
-15
-41
-18
-65
-34
19
-27
-7
-30
6
70
-4
-69
-34
-49
29
31
53
-76
18
-99
-13
-91
-84
-83
24
59
54
38
-82
-78
16
73
104
-13
90
110
-33
-35
-30
-12
41
-15
-10
-3
-12
-45
0
-57
-17
115
61
-43
-127
-35
-5
-29
99
-90
-17
13
-61
41
10
72
-1
35
32
1
-21
-4
43
-38
-13
-14
-43
78
16
-45
25
-16
-12
44
57
96
22
-43
-62
-51
12
0
48
1
-62
-28
13
67
-43
18
2
27
104
11
-20
59
11
-15
67
12
30
-37
12
-24
5
43
-43
-12
-57
127
-12
-9
26
-6
-18
-5
40
-30
-76
-72
14
-30
-7
-21
-35
34
30
-58
-13
-36
36
52
41
8
21
-2
106
-15
-29
66
-52
-55
39
48
66
21
13
-4
-11
8
-76
-68
53
17
-23
17
2
36
32
22
-14
-2
-60
-28
-127
78
88
88
46
28
-68
29
-56
34
-4
-70
-54
-48
-18
1
2
-64
114
-1
-35
80
29
-35
21
-33
60
-30
-98
6
-32
76
4
53
19
51
-15
-51
59
-43
-94
30
28
22
-9
45
-9
33
-7
-34
-66
11
-1
127
-77
5
-2
-11
-18
-8
-7
-26
-58
-52
-28
14
61
-16
-31
-32
37
-62
-53
71
63
76
32
-2
18
3
92
-106
31
2
11
-1
6
-5
16
31
51
-34
-32
38
-80
26
-57
14
32
-15
-17
-15
0
68
-40
-9
-20
21
62
-5
64
18
-20
34
79
47
23
-2
-33
75
37
27
6
-54
-83
-15
-50
33
127
47
-11
-49
9
7
-6
36
-87
52
-38
105
-28
-103
65
-41
62
-45
-81
24
21
106
69
16
-45
-14
-3
-34
28
-21
-21
-12
-59
55
-18
5
-28
-2
-62
-6
-24
-52
-23
-32
-100
67
-63
-16
-43
-50
7
10
-19
-66
65
-43
-74
30
5
9
-55
11
-27
7
46
-61
-62
26
-48
100
-35
23
75
61
4
16
36
-87
17
-43
-127
27
-24
27
-6
-66
117
-54
-29
-1
12
55
34
32
29
50
-14
-66
27
13
60
-28
-12
45
-59
6
-34
-93
15
48
-50
-47
-113
-30
34
6
-37
-95
-34
86
-83
-41
51
-24
34
-71
3
-31
39
127
20
48
1
37
-11
44
1
-27
-15
-43
-20
-11
0
36
38
59
-40
29
61
-29
54
44
-64
49
-10
77
-69
-18
32
52
57
3
3
-67
-27
8
24
-14
8
6
15
36
36
-47
-8
54
56
-15
-17
8
-32
34
-2
2
-19
29
9
-6
-32
-8
-93
22
4
44
115
-61
7
2
-59
-24
76
50
30
7
64
25
-39
4
-45
62
80
20
54
-42
41
18
75
-73
-19
71
-11
66
61
-123
-38
17
70
47
-8
-36
62
92
-1
115
-9
-53
127
-54
-16
62
-67
-5
-68
62
18
43
-71
-91
87
-33
69
-84
20
-61
30
-28
-20
-35
-37
-1
-48
15
-13
-63
49
29
42
-11
13
-56
-16
-37
-58
5
-59
1
33
-46
21
-32
-27
17
-51
-1
-7
-35
-31
15
-25
7
-13
-13
52
-33
28
-35
-83
30
7
2
10
-64
-7
-31
64
33
-4
-45
27
2
-4
-17
-6
-6
-7
127
6
-41
9
38
50
62
11
-14
-84
-33
-1
-1
-14
10
15
113
1
36
-4
1
49
27
-4
-10
55
-75
76
43
-82
47
-59
10
66
-49
-7
-2
-62
-9
-29
40
-81
-4
-33
-44
32
32
-53
-78
45
-72
-57
77
-82
122
-6
-29
-29
-29
-87
13
46
-68
13
47
127
42
48
-38
68
-11
12
94
-27
-48
-20
-26
1
-19
-17
36
-124
86
-38
-29
-38
-38
30
32
-38
75
-6
-4
-27
4
-55
-12
2
42
-52
29
-52
-10
33
-41
-7
-59
11
-45
31
-43
41
-113
114
-5
72
-2
-74
-55
-21
-17
3
38
93
25
57
23
50
4
-50
37
-51
15
15
31
-5
-19
20
-108
-127
62
-56
-21
-84
-46
58
-17
-25
-55
-47
39
-53
112
110
-26
-22
35
123
64
22
-1
30
-20
67
-118
8
42
127
-42
-21
33
-37
-24
-9
-2
-10
-11
55
-89
-57
51
-42
34
43
-4
4
-35
-28
15
-10
-57
-28
11
-17
36
-5
-25
8
-13
50
11
16
3
5
8
-20
53
-12
-38
28
17
11
5
89
23
-55
58
-66
2
36
-1
61
19
-33
-25
-41
-36
37
4
-5
4
-35
31
17
7
38
-66
34
25
-18
-74
37
12
113
35
-84
-63
-19
-75
57
0
-61
-44
-33
-25
-55
32
-30
-24
-18
-43
55
10
-102
13
33
-5
-47
60
-31
86
5
122
-39
-127
-104
-7
-2
102
-29
1
-17
5
-8
17
-13
-63
-36
62
32
0
-93
-104
12
61
83
-1
-11
19
-57
-36
-4
43
32
67
-116
43
-23
-15
-75
99
53
-62
47
-31
-35
104
-7
-44
-39
-106
109
-51
-34
-67
-120
-25
39
-2
83
-70
31
-100
-71
-20
-51
-91
-16
5
-5
62
-4
-20
28
-74
115
77
-62
53
-50
51
-41
39
16
-67
-122
20
-33
117
-38
-4
6
-49
-126
27
60
-21
-62
89
26
22
29
-32
83
-75
21
38
-83
127
23
-101
54
-57
-17
-17
-26
-15
59
-16
45
84
51
45
63
-95
92
-22
116
-61
41
-3
20
0
-40
53
-38
-43
25
44
-6
37
89
34
-7
34
-88
48
-76
61
-6
-17
-18
69
90
-14
-73
29
112
31
-8
79
30
-14
-127
18
45
82
-21
27
24
-11
-67
-54
-29
13
-49
-3
18
-2
14
-94
-38
-35
31
0
-60
-27
16
89
98
43
-24
10
-27
-51
16
-18
-41
-56
34
25
-83
-13
-107
-49
-13
-52
8
-59
-127
47
-26
-71
2
101
-69
68
-28
71
-41
2
-78
63
65
-3
-59
37
-19
-16
60
85
2
-45
-69
-16
55
-48
-78
-82
15
52
-3
42
39
-42
-73
-2
38
9
43
57
-74
53
-33
-5
-72
-38
-29
16
-16
7
-59
-28
18
-11
-59
-44
11
-98
70
-77
54
-64
82
-37
5
9
74
-29
32
21
3
-1
70
85
127
13
-47
30
5
4
-43
11
-34
26
81
-27
36
-104
89
-30
-6
14
9
31
-70
98
5
-24
28
-39
18
3
-21
82
5
16
-17
14
-15
68
-46
41
46
-76
63
-60
75
-11
4
-28
73
38
32
1
27
74
38
20
-23
-31
27
92
-5
1
7
-25
-27
24
-56
24
-27
-84
-54
41
5
6
70
-22
-9
21
5
24
-127
10
-51
-43
29
94
33
-23
-86
-34
101
13
28
117
-48
-3
-86
-19
58
31
11
-23
57
27
-99
-31
20
14
13
5
51
69
39
51
-45
-79
45
-29
38
-76
127
-32
-29
-58
54
39
33
-41
42
-27
5
-12
37
56
0
-6
50
3
29
-42
50
8
19
64
44
107
19
-7
30
5
11
39
-11
-20
-23
15
-2
-30
31
-91
-63
-2
-44
6
-17
-11
34
1
22
10
-1
-14
-22
14
26
10
-38
-3
-2
-70
37
96
-2
-3
-32
40
-66
30
15
-1
38
-32
-30
84
25
6
95
-28
13
-13
37
-58
-57
38
46
-107
91
23
36
30
26
38
33
-43
-73
49
-20
23
66
-19
3
-57
-20
30
-7
99
7
65
-85
33
19
19
-10
-81
14
91
38
-34
2
-56
-30
54
-29
-41
47
-26
1
-22
97
-14
7
5
-1
-1
10
-71
-7
-127
38
-36
-44
35
-39
-19
-13
7
3
90
-80
-57
-18
34
65
-74
-23
86
-20
-76
-14
-60
54
97
-51
6
-73
28
-47
-105
-13
26
-51
3
-59
-44
19
44
7
-1
-5
-42
-120
7
77
19
10
-27
-60
13
127
-77
-64
-69
18
-97
1
-76
70
19
-15
8
-24
15
-41
60
-30
12
40
-11
-12
-50
78
-70
-83
10
13
-31
17
42
-56
83
90
20
-47
-103
-18
-81
1
-14
-2
-29
119
-30
80
-28
88
-71
-68
-13
-38
55
-35
47
110
78
29
57
40
-56
-18
127
-38
127
59
-40
-11
-65
65
-56
4
61
-21
-1
-86
-6
43
23
-16
17
-24
35
-126
53
77
-32
20
-1
95
74
-51
-32
66
-46
55
-65
-4
26
7
-30
7
-60
20
-25
-33
39
-16
-27
21
-15
3
-14
-17
-79
23
60
21
-1
22
15
75
50
53
37
127
24
2
11
-34
-92
-58
-24
18
-49
3
33
15
29
-33
12
-20
-4
-42
-55
31
-68
35
49
76
21
-19
104
3
21
-69
-115
4
59
-50
-36
-3
73
43
-46
-54
34
-56
64
-62
32
16
21
-27
-24
-11
27
-16
-32
-23
-55
1
0
-34
35
-127
-47
27
0
1
-5
73
19
0
8
-43
-71
19
48
-32
24
8
9
24
29
18
-13
-30
-4
12
-7
12
25
67
2
-21
-44
18
-12
3
13
32
68
-43
-66
-22
22
23
-48
2
44
48
-19
-16
-28
-45
-28
16
-10
62
1
26
-6
-39
-13
-9
47
-13
17
-27
-19
4
-36
-13
-21
-58
-48
-14
31
-22
-31
-79
-11
11
34
3
-29
25
-8
-12
-13
24
-29
13
-11
-30
10
0
-20
33
10
63
21
-127
-13
12
12
4
8
-50
13
-20
-17
25
31
-16
-24
-26
68
-39
-5
33
-14
-9
4
1
-35
-34
23
-14
25
-11
-20
14
5
6
-48
-42
-100
31
32
-34
1
-34
-20
38
44
32
16
-85
-58
17
41
39
40
20
-17
42
113
1
-21
127
-10
-63
74
-82
-14
11
35
54
-72
-1
-18
-37
13
46
30
60
-9
-50
-49
31
-15
-49
39
24
-30
-68
-8
13
15
39
-35
-4
106
-55
-13
-19
69
80
-13
-112
42
1
26
5
84
85
-42
-3
67
13
16
13
-36
30
-22
22
-35
-77
10
-45
-35
57
27
17
-21
-29
93
23
-82
-5
21
-54
10
51
-73
-14
-26
54
13
5
-21
15
-4
46
98
-87
16
9
-70
57
-17
-9
4
-19
34
-39
49
26
18
58
109
-14
-30
20
-35
2
25
37
-23
1
19
-45
30
-8
-127
20
-34
17
-16
-60
55
-23
11
87
1
8
-45
75
-34
-29
61
-23
-53
127
-34
38
7
73
83
40
-46
-49
-31
47
105
51
16
-24
-37
-34
77
-5
5
-5
-13
-79
12
67
-39
41
-6
-9
4
73
-7
-100
-48
-79
28
19
-34
-7
-13
24
-86
-6
26
68
68
-49
15
-88
-20
94
-69
119
-32
79
-1
-68
-26
26
-1
93
-5
18
-33
-35
-58
28
10
53
-68
-29
-21
-35
10
-5
17
-68
-39
-16
44
-74
-22
-12
7
-21
16
22
48
-28
-41
-36
55
-110
12
-23
-38
8
24
-22
-19
-6
-3
-12
-41
-15
0
55
-31
-8
-127
32
-26
61
59
9
36
-18
-38
-9
-15
22
3
3
50
18
34
-38
35
20
-10
102
-34
18
17
-6
32
33
97
10
1
-66
44
-57
-38
-14
-127
1
41
-15
16
-34
44
-39
-47
8
-30
89
-36
-46
-7
9
27
-57
-53
62
-1
38
14
-21
-38
80
-37
18
27
-43
14
-53
-1
28
-83
-39
34
45
22
10
16
32
57
49
32
0
-66
37
-6
-6
75
-21
-50
6
-51
-23
65
-2
-109
-57
-26
-34
-64
-4
-3
-34
111
-2
-37
-25
62
-10
9
-13
6
29
-98
-10
39
-26
-13
86
58
-1
118
5
110
127
4
-70
-82
-75
-118
96
-31
103
-100
30
-56
-44
-67
-57
42
-43
22
2
30
-3
-43
-57
-45
68
74
-30
-35
-27
19
24
45
12
50
-5
38
9
-14
90
105
69
127
-16
-48
73
-33
-4
-31
75
-5
-32
24
32
23
17
-14
-26
72
-8
-18
3
46
1
13
-57
8
13
18
-27
60
-13
53
-3
40
35
-36
-5
-96
31
71
2
94
15
24
49
-16
3
25
42
21
-95
20
27
94
-90
30
-3
-29
15
-42
-4
-45
-15
-41
-55
25
-59
-46
-6
29
38
-8
5
-2
21
62
98
15
7
-13
127
0
-38
23
-17
2
69
6
-40
6
-69
-11
-12
5
29
33
-31
55
-21
10
30
25
-64
-40
-58
39
30
-31
-28
12
3
-22
-7
68
-6
52
70
85
-45
30
-24
-64
-32
-47
-4
24
-44
15
22
-29
21
-3
-27
-47
-24
-19
-45
-35
-15
-50
-48
6
-5
1
-63
76
-2
-29
-43
-57
-13
-73
-45
40
-41
-1
33
-127
61
-40
8
-1
35
9
-33
-60
-26
38
37
34
-11
15
-33
-28
72
82
38
-114
27
59
-6
-44
25
-29
-22
9
29
-18
-37
4
14
-22
-10
32
29
43
95
13
-32
-72
-51
115
54
-11
-21
-11
-23
-12
-9
29
-2
-66
47
46
28
-25
39
-86
53
-124
-34
-96
-84
94
-22
12
42
13
-64
-1
-26
80
47
-18
7
24
-49
-47
45
-8
52
14
102
-6
32
-127
-14
66
13
-11
-79
-105
42
-24
-54
-12
53
-25
36
-12
-54
24
-30
-11
41
98
13
57
-54
-66
36
26
63
-18
-80
30
10
-3
-75
-21
52
45
-17
26
-2
31
7
10
-127
-3
30
-16
66
3
-29
16
36
32
-31
15
55
-22
30
-23
-22
-33
-8
17
-17
-47
-38
63
-44
-14
-23
-13
3
21
26
23
-16
-34
8
44
-55
2
-13
-22
-29
26
-11
-31
-13
8
-48
7
25
-67
10
-46
-31
-26
27
-23
18
51
27
-11
-15
-16
18
0
36
-26
13
54
-21
19
-17
-68
-5
-88
-1
-60
17
5
-22
43
-2
-34
48
14
21
-2
-66
-54
-36
-23
-34
-10
50
12
79
76
-1
-13
115
17
14
89
-89
-18
-85
17
-15
-46
-19
40
1
-11
-10
-39
31
-8
24
-45
-25
23
-29
46
37
-8
-59
44
-29
20
8
-58
-41
127
-36
6
-27
62
41
-42
-27
80
-21
43
29
-49
30
-65
-26
45
-94
50
-7
-39
-127
-42
-17
-113
39
-60
28
-30
46
2
34
-10
-5
-14
-12
2
48
48
-55
-18
60
-34
-45
7
-3
-76
44
102
-13
42
-35
-27
-2
-37
20
-78
-17
4
85
26
-68
109
9
-23
35
25
81
7
-51
88
14
-32
-34
42
-13
21
-14
73
7
-60
78
-24
13
24
6
51
93
26
-19
1
-4
-18
36
5
2
-54
-38
18
39
-11
8
-127
-11
44
-8
17
-39
-9
-49
1
26
23
57
-63
36
9
49
25
-83
-8
-45
-33
74
-30
8
-41
-11
-53
37
48
-25
17
-7
-30
-19
-28
50
-11
-13
44
-28
13
20
7
50
29
49
-15
-6
14
41
3
2
-35
37
29
-4
46
36
2
0
24
-51
-25
-25
11
-57
-2
-89
20
-10
-23
-65
-20
16
92
-81
56
-105
-57
-81
-34
-68
-61
24
-14
14
-12
110
-12
-26
9
-41
-39
2
58
26
-12
-33
-127
-29
-8
85
-34
-4
-12
31
22
17
-47
48
-28
6
14
25
8
-15
-5
30
-6
49
36
-5
44
20
-22
-58
1
41
-20
127
-33
87
31
-9
14
43
-31
-2
-30
-62
-31
-16
-19
9
24
-89
-20
-41
27
47
-3
-46
-20
35
-9
30
-5
-48
61
37
37
-21
-36
-40
-13
60
-47
-17
39
41
-7
98
10
-21
15
53
13
6
-12
-30
-26
-10
63
3
33
-6
19
-10
-82
-12
-62
-20
43
-44
50
-68
14
-40
29
7
24
-127
-4
-16
44
-7
-34
-98
8
61
55
-4
24
-106
-44
11
77
11
-70
52
79
-12
-94
68
-59
23
-113
-75
-6
37
-116
-77
12
8
28
68
36
34
10
-7
40
-41
15
-43
-73
15
-54
42
40
9
51
-67
25
-28
1
-35
-10
8
21
15
36
-17
-52
1
-35
32
52
37
-1
15
5
-44
-104
104
51
-13
96
63
8
-3
18
-21
-22
-74
46
-42
11
76
6
-57
-22
-29
1
12
-72
-34
46
-71
-88
94
36
41
24
34
-38
-94
80
-13
93
50
-61
-77
24
-14
-40
47
-25
-21
56
1
-43
-35
12
6
-40
56
-29
10
127
50
-46
-34
39
37
3
108
-57
28
55
-22
-65
-47
54
69
1
51
-4
22
-13
5
30
56
-25
9
-48
10
44
-12
-90
-20
0
19
19
49
36
-19
67
-4
6
22
73
60
26
-28
-89
31
54
101
-44
-65
14
63
53
-24
21
-31
2
44
-29
-53
82
60
0
-22
7
-21
81
2
127
12
-40
24
-15
-29
-125
33
-18
-39
6
-72
8
-63
9
41
5
19
-69
12
-118
-49
-18
-16
16
-55
18
60
13
25
-57
-72
21
-23
31
51
8
-12
-28
2
51
53
5
72
26
-37
-31
-8
-55
37
-37
47
-41
14
6
-60
-2
-1
-15
15
-33
-96
-50
-47
-16
1
127
56
-35
-20
28
38
-6
-5
-9
-13
39
11
12
-11
7
60
45
-59
25
-17
37
25
46
-14
-25
-42
-41
50
46
-66
73
-105
28
-61
53
-25
37
-11
-75
-25
94
19
93
-27
95
-2
-21
18
-14
52
-99
10
41
-27
-45
-6
-50
35
-26
0
6
11
31
0
110
15
-47
13
-111
20
-11
17
87
32
-13
-45
90
-7
-22
-14
-66
-125
55
-127
28
-74
31
57
-59
11
-10
-22
70
-100
48
-60
38
-47
51
37
15
62
-111
-1
-1
-42
-23
27
-57
11
108
-39
83
-58
-112
24
-30
1
-68
78
11
-101
-49
-27
-89
-8
-14
-40
-86
90
55
-53
41
6
-50
-48
110
8
25
50
46
-15
50
53
18
-115
-1
53
26
16
-29
-27
22
22
-127
-34
8
12
-118
-45
-24
17
15
-5
11
42
70
-53
-10
-80
30
10
62
-8
-33
9
-36
40
-47
26
-41
-86
-90
30
-14
-5
-78
75
19
-47
-33
-25
-49
62
33
-9
42
24
-36
-127
58
52
12
-9
50
3
17
-40
54
-17
20
-10
32
-76
85
-14
-26
-50
-19
-75
54
-66
13
-34
-33
69
-4
89
-7
-15
-49
21
5
56
-2
26
-10
65
6
30
-70
-30
20
-6
-10
-6
43
13
5
-12
-17
-50
-27
-63
-9
57
-18
-36
-13
40
24
-16
31
-28
13
7
23
88
-19
-20
5
-21
-9
4
34
-11
93
-1
37
-32
-16
127
-21
7
4
-17
25
-4
26
35
-16
-74
-30
58
22
-19
-23
5
57
80
9
-47
-25
-9
-11
53
20
17
-41
45
60
39
11
0
22
46
60
77
8
65
-80
3
-64
10
107
19
-69
86
-20
-9
96
88
27
54
-43
-20
-18
-3
24
33
51
-82
-34
-70
103
64
15
40
23
-28
-20
52
65
58
11
35
83
48
28
5
-67
-127
23
-60
16
-73
47
-27
-95
-4
52
0
-40
42
-42
-108
-90
0
-87
23
0
-10
69
-116
-46
-50
15
28
86
-38
-36
-36
-78
73
-91
-56
-92
-81
-105
-2
-13
14
-24
64
-39
-13
19
-50
-74
21
70
-7
65
46
-27
-46
-4
54
6
-28
53
-20
-28
-85
23
24
31
-127
-30
-75
-22
-36
-42
75
8
-116
-84
-40
87
-45
18
119
11
15
-17
31
24
43
-79
-74
8
56
1
-63
-2
-17
44
-18
-66
-38
-34
-47
-36
-40
14
14
0
28
-92
18
-61
-35
3
68
-4
28
-30
-27
31
45
-30
42
13
38
-8
16
-10
-26
-47
32
39
11
29
-18
-19
-42
-21
12
-13
-127
50
-46
-9
5
43
69
-16
-26
32
12
-9
-64
54
50
-21
-13
-16
43
-34
26
-9
-15
-34
-4
32
2
11
5
0
50
29
17
-59
6
20
66
-22
-51
72
-18
12
24
-8
-43
-23
-35
30
-1
59
69
31
21
44
26
-10
-8
-38
1
-18
-17
17
-1
-35
37
5
25
-17
-64
0
-71
-9
-8
15
-17
-27
42
-21
73
4
-18
39
-72
37
-16
-24
25
52
-5
-24
25
13
-8
3
7
-2
-127
42
-26
35
-4
46
-35
15
82
-12
-115
-10
2
24
-77
17
-13
8
13
-40
-91
22
59
127
-52
26
-42
-5
-35
-12
8
-63
-8
-12
14
-2
11
-16
-18
-3
18
-35
3
50
13
52
-2
-60
-28
-2
40
-73
23
-22
51
13
-33
9
17
48
9
-35
-25
3
-47
-8
-15
20
8
6
32
24
-34
56
-86
18
24
-22
19
69
5
10
47
-21
65
-1
35
-7
-29
27
-2
13
27
19
46
-49
4
56
3
-53
33
-15
-12
16
30
-72
18
-127
5
-1
45
12
14
27
-48
89
-35
14
-66
-36
6
75
-39
49
13
-17
-61
-20
-16
62
30
-18
12
-13
-7
-51
35
8
104
-62
10
-18
-32
-10
-15
-46
28
-10
-35
-28
-44
72
-27
124
116
-68
-17
41
43
31
43
54
2
-23
-1
57
51
-44
15
6
-30
2
74
-7
-84
-18
-21
52
81
-90
42
-56
16
127
41
27
-96
69
63
-3
-102
-67
-31
-29
8
17
7
-119
-91
-29
-18
21
101
-40
50
17
42
-101
11
51
65
-29
21
-52
-4
75
67
-53
-11
-37
-34
-42
42
21
18
14
32
29
70
20
-41
6
-12
-1
-25
-29
0
-19
57
52
15
-22
-16
84
23
26
-1
25
75
-45
34
-68
-11
-49
101
50
9
84
-19
2
-56
-9
32
10
-27
22
-97
43
23
-76
28
-9
-78
7
13
-27
-25
18
30
-24
23
-127
58
-13
24
-44
-19
51
-51
35
-31
6
-50
-20
-21
-22
25
16
-28
-28
-12
76
-14
12
-3
-76
5
-2
-46
27
-11
-36
-58
35
-30
-15
-16
-24
-41
-127
-8
-29
-8
-31
-5
-29
25
30
20
1
11
-18
-27
31
-33
-7
6
-37
8
-14
26
7
15
-24
37
21
41
-15
-20
-3
29
-27
-16
-29
-50
-49
45
36
-10
20
8
-13
-38
-24
30
-59
-127
20
45
57
52
4
-92
-81
92
-68
27
3
-5
-51
106
48
109
45
38
57
4
-101
43
7
15
-6
-11
-15
23
-76
-70
-23
-7
68
9
-6
-114
38
39
71
-35
-24
-27
57
50
-26
-37
29
-15
108
-12
-47
10
-2
33
-44
-4
-14
-40
4
-13
14
42
-18
0
-102
83
-13
-35
24
15
43
79
52
11
50
-91
-19
58
14
24
-95
-38
28
-43
-70
10
-108
-47
53
15
39
59
43
-36
-110
43
31
85
20
-99
34
2
54
20
-55
-37
23
38
36
-62
-25
84
-70
-41
69
-47
3
-44
7
-5
21
-2
46
-26
127
-111
29
75
11
-25
55
75
-64
8
-62
-42
-12
-38
-54
-8
7
36
50
-35
-95
25
-48
-87
3
-1
84
-28
29
-73
39
-75
-19
-56
36
-27
11
-22
34
-34
59
-22
-102
54
-60
-89
80
-29
12
15
18
23
-39
31
-9
14
-31
59
52
80
43
-77
-43
27
30
-18
46
-13
-57
7
34
4
-29
40
-63
-127
77
-7
37
-105
-24
45
36
-55
9
27
87
-38
-12
-9
-45
-99
-3
-57
69
19
-55
-59
-12
-23
-8
-35
-32
-67
-33
43
29
65
-10
30
-34
-75
1
29
-35
-25
-6
4
24
15
-61
45
-34
118
36
10
52
-27
39
19
-12
72
-13
-33
18
6
7
-58
21
26
38
-63
-53
84
-9
-1
0
17
-22
-14
-4
6
4
36
12
3
-13
127
-23
-19
67
84
-81
-49
79
0
7
-15
-115
8
-37
87
-88
-20
8
-69
72
86
3
-123
-9
-76
-61
-106
5
-121
42
-4
95
-35
-34
51
17
96
40
-22
37
-93
-11
0
90
7
15
73
-65
127
-124
71
33
-47
3
-121
16
56
-21
-28
92
21
-54
-52
2
90
51
-24
62
-21
113
-20
54
7
-118
96
