16434
11420
18681
-535
10319
22771
2998
-5808
-7374
11215
-9920
-793
-14964
858
-3944
12208
4903
8001
-4965
2039
-9803
-17852
5606
-5714
-27
9331
-13435
-13779
-8055
22151
3924
-13432
-11830
1745
-9335
7361
2251
-18501
-13422
12436
5840
24802
407
1286
-23273
21368
-7571
904
-13939
7020
21881
-3877
2624
-9492
-7759
786
13956
-3078
8071
4452
-11583
-1076
15326
-7660
9922
-9721
1898
28501
-6918
12360
-32441
-29411
-671
11972
1481
17020
-1985
-12754
-2387
5531
-2307
-1752
6821
-8244
-6219
-8734
-9889
8458
-10835
-15656
-4506
-3905
-20371
8398
16686
-5246
9611
5802
6986
5915
12395
5201
10949
199
5809
-1907
-7843
4128
6595
1073
-5913
-11364
-14765
5351
10113
-5148
-16142
-6174
-7536
-3943
838
-964
-6388
11502
-5520
5554
-289
-5953
13207
-13955
-12891
-7944
-15551
4564
9462
9966
-12593
1267
1245
-9735
18116
2165
8215
-2919
-13439
14240
2442
-6595
-9285
-7156
131
-12589
-11808
4526
18810
-1481
7818
-6954
-9898
13216
5374
7103
16515
5616
5222
1152
-6541
14261
-18433
-5001
10922
-1088
558
5658
-2947
-3039
15581
-13109
-3670
2589
-10727
7264
-1813
504
7590
-6069
-8794
-10794
6992
7784
137
3024
-3947
-3638
9143
1647
2873
24868
-4731
-4874
-10890
12850
-442
-8886
-4585
2267
2061
-402
4205
11498
-12036
452
-2750
11269
15669
6555
-5399
879
-12527
7397
7560
461
-9515
-10880
16866
-3224
7974
-8435
-1506
1691
14361
12268
10299
-1108
-13958
9676
13851
2887
-2402
-9777
13445
8159
-11780
1774
5477
-12454
3784
-4319
-11075
-10565
2075
-7158
750
-7962
3773
1478
13114
-8673
14601
-25082
3795
-7379
9171
-1296
20664
1085
4683
8470
6744
9897
-5405
2139
-7012
7734
3228
-8875
13155
12407
19311
4415
-7520
3021
-4478
2302
7449
12631
-2814
5239
-13775
11230
-18801
3632
-12904
-17960
11085
-4686
13222
-2613
2906
-6842
-3747
-1998
11341
5001
79
7294
5104
8824
7430
3644
11757
-3214
-9497
3393
12827
1334
3390
-1692
6590
7283
-5292
1029
-2928
-4572
14383
10543
9142
4518
1552
5561
-6842
15742
-3937
4724
-18468
12100
-11171
13411
1280
-4341
-5292
10048
4586
-8405
-9244
-15922
8966
-1710
-4545
8805
4408
1212
8413
-929
13523
3736
6504
18168
-3661
8526
1082
5485
4431
-24057
8095
-4820
-11222
9134
1331
3981
-1105
-6242
1191
5015
11260
-10215
-956
-14182
10907
-8609
4201
-2485
11257
2461
-1127
-13747
-398
11888
2374
21497
-1836
9310
-14917
14534
9373
-1896
-14253
7525
-1119
-5096
-4089
10084
2768
-10025
2196
-1660
2894
-3803
8259
4988
-13289
7
3638
10979
5812
4253
-3990
-125
-11455
840
3939
-4115
-2911
-8243
6312
-1204
-4382
-7411
-2536
6589
10628
835
-468
-2160
-5920
9693
14108
958
-8809
2522
10601
18363
-10493
-4001
-5742
-80
1844
-1642
-8788
-3694
1805
-5132
-7873
-2634
1297
2249
13894
-2392
3013
-11925
-4163
1124
12849
1309
13825
-7184
4394
12955
5313
6689
-10010
-419
-4095
10487
865
5214
14616
11087
5438
6757
-4809
-4533
1426
2986
2083
-4147
2142
3532
-11067
-12565
-14911
9195
-8424
-2016
7965
-5607
1973
4973
-3425
-5710
350
1585
12530
-520
7384
-1734
141
-443
1450
-2622
2591
-5920
-18198
2938
13591
5288
6372
-11785
3931
2452
-7341
2896
2130
-1227
6217
12744
16666
4216
8508
-7205
-5493
1991
-6256
1877
-3628
14737
-16063
11765
4562
-127
5557
2511
5416
-2385
-9686
-675
6677
-155
-848
-1511
574
3350
7260
-2452
11280
-1584
497
8429
2033
6032
-3219
6726
6389
-9782
7735
-5086
4353
12136
-2909
2899
3523
-10130
-2941
6252
2331
1088
-1483
-5221
11190
2468
-291
6934
8527
2871
1724
-10441
1799
9762
-8456
18942
-1759
10761
-18687
1787
4247
7644
-7055
8829
1126
-1420
-947
-1793
12884
-725
5373
9826
5655
-2341
-8565
5871
-6743
-343
-6147
9065
1551
14300
-5435
11130
2076
7143
-5815
-9556
-3164
-6527
9075
4103
-4601
-12763
7192
15018
3874
2085
1852
-1273
-6100
948
1016
-17341
-8959
10772
1403
17359
634
-1183
-12179
11666
-3534
3221
-8692
-8218
8629
-8800
1230
-4457
-5095
10446
15910
-4713
16226
-7696
-12803
1074
13040
-2017
7755
524
-4086
9750
3524
10953
-17520
-12861
-305
6041
355
9994
-1472
-143
3374
4137
3322
-1334
1089
-6763
-7314
2077
-5059
5869
-8843
-5036
-4953
-3836
-17782
6535
264
-1454
20154
-6010
7835
-1090
6034
-4208
7534
-1609
-2111
5676
5348
8589
6629
-2084
-4448
-9573
-13691
3469
-52
-4012
-3581
-5197
-6080
-1517
2257
1404
-3396
6318
-3624
-603
5483
1342
11885
-2678
2998
878
-8387
12972
2643
222
-5067
7633
3526
-6519
14433
1
-1407
2667
-4014
1542
2412
-2583
-14828
8853
-318
-8731
-14566
4216
11124
-393
2133
292
-7931
5202
2617
596
8367
-4101
5483
10683
-2790
774
-1693
2949
12304
901
1018
4478
-4350
-5666
8424
-2978
-12120
-5083
2138
10029
-4452
-81
930
-3158
6633
-11338
2034
12113
1714
3017
-809
-5278
-468
-4484
-69
13486
-4997
-3430
-15281
6474
-3445
-15588
-4770
3537
-329
-3860
4615
7769
-10569
13661
-1861
12464
14068
3044
-10265
-4642
3159
4930
1908
2590
-11516
-6054
24897
-5724
21904
-5861
4021
524
8406
11377
9850
-5526
-15383
6355
27857
3119
-1310
-8229
11661
10164
-5328
271
11928
-12906
6686
-16415
-12327
-12252
7642
-26
-7702
529
-283
8896
13765
-13433
27893
-31724
953
-2519
7472
-13046
16284
735
1630
-1325
5392
16231
-6155
3350
-8127
9271
4
-2929
12235
17004
18716
6726
-2209
4910
-7562
2120
4561
18541
-6825
6932
-13333
18896
-12341
2324
-25859
-18962
14095
-3070
24775
-10693
8264
-7335
-5150
-6872
6611
8886
-8174
9779
7441
10820
9303
1269
7779
-1146
-5161
4789
12396
-2029
-480
496
-3214
8173
-3743
8616
2500
-13245
7357
5953
7439
1588
9180
8020
-5424
18827
8188
5247
-13671
9600
-5034
3944
9640
-3456
-9869
14652
206
-5233
-10788
-22395
11778
2917
-9277
13408
1391
195
5163
-2453
12905
3857
10655
14686
5623
969
4152
-5642
-2511
-30040
10650
-290
-12090
133
-635
8003
7610
5909
-2959
7215
14782
-9690
-2973
-14365
8717
-11485
7780
491
9634
4735
659
2447
12786
8688
5178
33249
-1456
16672
-20511
15164
9188
-3569
-14801
-2891
-5035
-4871
3634
-12876
11271
-2995
-5496
208
865
-8065
8399
-7243
-3768
-4953
4248
20336
591
3204
-3329
6483
1878
1379
-10692
-3084
-1543
-14977
1326
-516
935
-7630
4901
2258
11812
8786
8594
-1964
-13445
4321
7922
-12512
-20704
11221
2270
16580
-13222
-12739
-3958
9616
3303
1844
-5712
98
6940
-7128
-10858
-1595
11506
11117
21532
-15104
15657
-10492
-10224
-4521
21291
3818
16482
-2781
3546
19102
17486
6857
-11988
-1787
-1728
7260
-1814
10792
6967
-1729
20362
9269
585
-4289
125
2378
-8043
3484
8802
3175
-10845
-18673
-10476
8113
-19470
3247
3222
-1008
13838
6697
-3584
1919
-3107
-4703
10357
-6477
13632
9380
10102
-8846
1852
-202
2553
-13316
-22407
7447
4899
3921
6996
-17576
-2674
2339
-1080
1405
10953
-10232
1872
18356
11160
6637
8432
-2810
2681
-4255
-6717
7978
-800
1016
-6093
-5802
11758
-5581
9159
-6173
6833
13300
-22472
11904
6528
-4803
-2542
3516
-4180
8628
6059
13812
1279
-1832
7986
-2421
-6958
3311
6456
9819
2606
-5259
8152
8106
8395
10176
4051
11044
4328
-11108
-3641
216
953
6310
-396
1178
-7076
-11178
3362
9058
2239
10422
-14907
-17739
7716
3545
-11724
15768
-6244
16332
-16141
-6988
-3269
9673
-10128
3552
-13171
-7665
-6551
-489
12527
-5535
1101
5007
1202
-7586
-10671
-1102
-2409
-4956
-16099
10107
-4615
2999
-14077
19720
3003
1283
-5078
-2088
2287
-5191
-4778
5102
-3541
-8050
3637
7082
10612
4250
-647
-5531
-5595
4519
1148
-24717
-10899
7364
2182
4883
3916
-5081
-4310
12371
-12018
5878
-5305
-3175
-7463
-8225
4449
1318
-2091
2024
18258
-836
-65
-12368
-9371
3402
20619
-3288
5754
14089
-1447
14125
2608
8968
-12150
-16467
-5589
2003
1174
6884
5182
7409
2654
8074
6501
1305
6589
-1707
-11006
5256
-10713
5816
-10332
-3824
-3117
-3774
-21900
7470
-2551
-2104
13388
3
6406
-4790
82
-2294
9887
-3352
-3993
8422
12426
3023
10422
-5721
-4711
-12250
-12688
4477
-2461
6310
-1307
-2201
-4780
-6101
-4133
-7790
4394
5528
-3416
-543
6591
-4636
9870
-1546
7755
-13793
-1460
-2395
2803
6605
-3639
-379
6359
-6610
4838
-1415
3010
4527
2327
-1310
-1287
-9114
-10408
3467
-3031
2055
-13287
14637
923
2102
6201
-1624
-4346
-2871
-970
-2737
8506
-1862
9963
7949
2746
1443
3261
3071
16281
-1336
198
-6086
-8050
1398
826
-2688
-11846
-2919
94
3166
-4825
-128
-15101
-3822
1916
-10725
3836
6176
-4867
6745
-4153
-10731
-5383
-1405
-2649
6953
-12160
522
-15907
-12020
-8807
-13449
-17965
-4862
7470
-9952
8801
-12718
-5934
-2861
1106
21025
-7480
-7651
-21543
6474
19546
-4968
-10507
18035
-497
1020
-9179
-9667
3897
-5619
6890
1149
-345
1916
15826
-13127
338
3530
18201
-4385
-9643
11544
4284
-5042
5610
-19201
10236
-1861
-16000
-1869
-1100
-1747
-15112
-2573
-4564
20626
-783
2201
13755
6961
-6939
-20768
377
15212
18866
-9041
3777
8675
4247
181
7856
5652
3257
-2872
-5121
4332
-1856
3026
14967
14299
929
4228
19122
5132
11697
10124
-14758
20378
-7581
-6926
-1476
2612
701
-10319
-17780
-10510
-2976
-10375
9871
-3136
996
-5284
-5784
-2028
2932
9907
-2981
15849
22160
-1896
6421
-7064
-15439
-12135
-7
12703
-1115
1728
6550
-3324
-2980
-10115
-12053
-13414
11841
-12111
1945
-2135
7920
-5954
1349
142
18935
-6189
24806
-4025
3824
13700
-674
-4254
6311
-140
-13433
1683
-3181
8155
1461
-1941
-228
-7754
-5168
5520
-11300
8433
-1453
3925
-7404
497
-7909
3662
18065
-19307
-3375
-8938
4095
1912
16336
936
4059
-12905
12099
226
5242
2217
-14577
-7039
-2270
-6774
-10805
-4311
2150
-272
8977
-2320
-2150
17265
-20638
-2114
13930
642
5192
17168
-4544
16187
-16179
-7606
222
4090
-18226
-6548
-7408
-632
-10842
-6959
8478
-1167
-8506
-6208
-4579
-9583
-6028
-2067
-1023
-1183
3013
16820
2888
-5116
-13377
10051
1611
5307
-11306
-5661
-6348
-10097
2745
-1456
3054
-10056
7976
2957
4866
12043
14484
-1842
-2449
11646
2693
-9315
-11476
6851
-1180
3442
1428
-7931
2386
4728
-2346
1703
-2442
-7808
-2419
-10864
4859
-1229
2278
4611
17993
-6087
5650
-10635
-8236
-2827
17698
-79
13689
10850
-3090
2403
10097
7612
-4299
-4064
-1281
1507
-1273
5429
6018
9775
10938
1594
-4947
3470
-139
-1062
-7536
11563
-5897
687
174
1112
-4556
-3627
-14210
-1912
-4607
-3827
19884
-3527
278
3061
-921
-1591
4197
4689
-651
10446
3538
9807
-1628
1210
-3795
-3493
-5284
8402
166
-1577
1681
-8558
4981
-3675
962
2311
8187
-716
-5178
1416
472
921
-3507
4910
10616
4818
4889
2187
-10191
656
1220
-2584
10834
-327
2752
1669
924
3406
-6818
1449
-2019
-6303
-11932
7189
-9906
606
319
11770
-8796
-3980
-442
2876
-8541
-3897
239
43
8761
-6369
8742
1588
-898
684
7682
8535
6749
-4820
-921
-2487
-1207
-6247
-955
279
-7771
-6587
8648
7391
-4824
13953
-4488
-11389
15923
1395
602
14791
-3226
5310
-7364
1759
124
-2367
-9806
3004
-3976
-3094
4610
-19399
4180
-4970
-12987
11236
-599
-9290
7435
-16994
-6203
-2382
12008
8652
-2413
-5732
-10810
1516
-1635
-6015
-11032
-2763
-18349
-2133
-970
1739
17738
-7126
11853
-2955
-14345
14547
7221
-1839
-3124
17253
16518
-7639
-10098
4672
-2283
-5067
8636
-10196
9147
-15482
-2449
-3857
5374
-11902
-5712
-14731
5593
15823
2585
12094
7076
-9849
4853
-4853
-9018
7769
11152
-13714
17061
17753
-8325
-1566
5481
8534
6165
4777
-5034
6409
-2363
16893
4911
4167
14102
5493
12760
-1296
2732
3814
-18549
13520
13649
7671
7602
9913
2757
-3007
-16435
158
-13522
2307
8571
-11921
14827
-81
567
-14090
11717
-6503
-5023
16028
9766
4101
1124
-1337
-6025
201
-4049
1842
-609
-6430
7155
-12456
5141
217
5485
9253
16214
-9081
-1053
-4621
-6403
8005
3879
1650
15555
2975
10124
29
-12816
4902
-2392
-24430
-1053
745
-1807
4501
-9727
6619
-7079
3304
-3059
2653
-14567
10454
-22560
-7272
-2597
6829
-17347
4381
-4995
-3167
10047
-10457
-2500
-1133
5825
-11395
7312
7236
2638
-7045
10418
16270
-5917
6367
-10806
-1518
-920
9007
-3388
6545
-14577
-18753
17364
8193
210
28457
731
-4859
25101
4113
-1293
25490
5646
6957
-12565
3482
-6433
-12588
-11384
-15330
-9435
-1429
2231
-18079
10689
416
-1306
14360
1934
-9931
597
-4114
-10439
-7550
4432
31086
10143
5810
-16386
9630
-3384
9584
-12935
-8365
-4612
-20280
7355
4220
6328
-9795
17619
426
12970
19673
19167
-906
-15940
8531
12725
-17072
-18102
13880
1984
13642
-6696
-13344
-6199
3548
1813
5805
-10865
-11429
6395
-19656
2936
-7005
3089
15413
19296
-17525
22720
-22251
-18867
-4367
27456
2550
21716
3918
423
20293
12862
16264
-16851
-3501
3497
9409
693
10541
1640
9235
23454
602
-7288
1812
3618
1215
-14025
15096
6673
2707
-13442
-770
-9744
7124
-26561
-3776
-1342
294
28569
2936
6665
-1044
5823
-10252
16542
-7003
3986
18918
8791
3918
3353
-6136
-1584
-10536
-19580
15311
-2945
-7355
2517
-12659
4768
-1841
4344
-1836
-1863
-8826
-5717
14294
5666
8915
12448
7215
727
13304
-2463
18631
-798
206
-5766
-3094
10874
-7657
19510
-3433
3922
12219
-17660
5761
5027
-11300
-17739
6979
-9201
-12301
-231
17699
4194
-3672
358
-454
-10593
2215
-671
14075
4388
-14577
11367
13050
-1738
-2147
8416
14717
-1971
-8998
-5275
5197
-2581
-9544
18488
-1939
-15272
-18050
4619
14901
-2664
17795
-1356
-14508
21173
-8447
-7794
22294
-5488
15770
-17263
379
2250
-5005
-12878
15366
-13226
-4383
-2764
632
12051
-8422
9310
-640
-6255
-5031
-2821
-5518
1430
12706
-10570
7380
1280
837
-7999
6577
-1265
-3538
-399
-6883
5346
-13535
8471
3094
5484
-661
15375
7187
14726
417
1466
1121
-17569
-9347
2270
-23620
-10687
13440
-7361
19465
-7859
-3811
-10235
25573
291
8699
-4342
3375
2302
-8130
-13284
-6158
1016
11531
22742
-15083
11795
-15815
-23822
2625
13885
-9365
-296
1634
-4924
9922
5088
11263
-7684
-4704
-1430
2645
2340
18985
4769
4719
9178
7088
6974
4576
-93
-1168
-9109
2554
-5672
5465
-15281
-17292
-1871
9685
-20226
15491
-2533
14558
15150
-4998
2211
1269
-7789
-1525
4107
-9039
-9957
-3762
1365
-5634
5848
-4163
-483
-9435
-19247
-1985
-2069
3660
-1288
-7008
-11206
-3569
1642
5922
7743
-5288
1734
8951
14221
-3252
21092
-7399
-3773
-10315
-8677
12504
1060
-4790
-9764
-5164
23721
-3361
6622
-1954
6747
17746
-10985
-913
2411
-2553
-12449
9655
4263
7116
-2969
17277
6661
-6510
22760
-11947
-3105
1808
5950
131
-8533
-3801
3292
10634
6686
3082
9458
11668
13743
2642
14071
-4092
-8604
11149
1767
7131
-10248
-7578
583
14760
2591
-8130
-17858
8547
-2577
-11042
-7363
8777
-15888
20139
-17999
-18124
-10091
6303
7170
5784
-19287
-4627
-9587
-2103
-3098
-14268
-5311
-1265
-3162
-5966
7380
-1141
-954
14229
-7413
7495
4358
8007
-7915
-10453
-2690
-5789
-1377
3201
-4785
-27
10160
-2794
19782
1930
4331
-1546
7572
11713
4109
-3121
-8786
-5885
21904
3839
-4023
-5373
4379
2904
-66
-4850
12648
-2901
7212
-11481
-6416
-3908
-994
-8697
-4407
4042
-3390
12687
7980
-10268
19800
-16778
-7251
-1568
7860
-19995
10011
3147
-2755
-1585
7246
5572
4249
-1942
-4463
3357
3449
1298
11444
15640
12364
4400
10994
8839
-2329
5533
-1406
3162
-1065
5564
-7694
15403
-7597
12320
-18817
-10994
-668
555
10489
-12391
6812
-13141
-13128
-7777
6102
-2477
-12453
5347
8716
5871
3229
-1842
6472
-4209
-2799
3830
4342
-373
3641
-10046
-5416
1311
1032
11416
19281
-8302
7906
2050
5508
6468
9695
-2675
-3407
8485
5202
4972
-8071
6473
-9745
-4236
19935
-79
-7116
7838
1273
4462
-7093
-14943
6331
-1180
-701
9749
1655
670
1927
-2573
-4391
-1045
3526
-6901
13058
-7058
5156
-1268
-433
-19415
6920
1345
-4525
-864
2692
-389
-713
1373
5063
5429
6109
3312
-7846
-8589
8661
-8183
5755
1462
10203
2658
-11099
15381
7409
15172
-5143
21481
-5234
14343
-14675
4752
-4023
-2300
-11741
-6493
-9761
-3619
-10892
1341
-3072
-7306
-7811
3
-3979
-6803
6930
-233
-10273
1752
4836
17008
14118
-1446
-12228
-850
-7786
10284
2815
1734
-2704
-15170
11667
-1492
13524
-7045
2057
1810
16277
18335
19533
-1647
-12043
7654
13024
-166
-9774
-3634
6503
5165
-10088
-6716
9732
-12246
2541
-4662
-6692
-6734
3446
-8419
-2818
-5816
7185
4204
15390
-14621
10095
-26374
4468
-8660
12715
-5966
24491
3581
3230
5853
11457
11685
96
6986
-8742
4757
-487
-3958
11401
15897
26244
2660
-4817
8386
-6283
4298
354
17512
-338
4196
-7440
10450
-18388
6490
-14218
-17012
7120
-4845
20199
-2722
2495
-7133
-3219
-5662
8099
5511
5607
14867
2575
8220
7248
2909
13596
-6031
-7507
6902
11745
-6061
7215
-4367
9421
5275
-7744
3373
5150
-10252
5015
12228
5304
2512
3749
9470
-2356
16645
4654
1171
-15560
6399
-2684
1766
10605
3721
-2932
9812
5242
-4713
-11076
-8954
9494
-4459
-6404
10110
-5499
5101
10115
12163
3835
1472
11077
17768
-6361
1190
2538
763
2761
-19083
12034
710
-5286
3891
10477
10978
-1688
-6968
102
-872
10658
-5691
695
-11956
-723
-12641
6870
-1182
9404
13702
-5080
-13886
7668
6727
5549
18062
-5711
13559
-15330
11035
3501
682
-15252
1222
-6454
-6686
5319
-6245
16923
2341
1702
31122
-2172
-20365
-7108
6558
-11765
-2206
-8943
20809
5297
2417
-19814
10866
2628
10402
-21810
-8074
1124
-15060
-2745
3592
15746
-14257
-2677
2896
-5174
6105
13872
-7539
-7711
18535
27122
-19216
-22142
18916
1263
8952
4685
-3944
-10662
-9728
-2737
-3699
-11479
-15932
8278
-13590
29995
-911
3791
11074
22909
-14207
27118
-28079
-13451
3120
21806
-16493
24713
8836
2829
26357
2936
16057
-23548
-14898
653
19542
-3738
15814
-8376
9449
20829
-2798
457
2969
10573
-4026
-22119
19504
-8473
13364
354
17500
-1767
-12819
-42172
-7559
-3504
-6138
46486
-4162
30594
1170
15112
-7959
21636
-5409
-2692
27367
6567
29484
3288
-4647
-9383
-6803
-9518
14499
8041
-25647
-17757
6625
-5956
-1374
6856
-10605
-1653
-5524
-10541
2653
-14429
781
9670
-1880
7238
16204
5905
4363
-2642
11245
-7960
2167
-1412
-8311
14826
8122
-957
-1584
-18720
-2604
4303
-10624
-25353
9700
-15392
-19608
-11988
3704
19305
4885
3646
807
-1863
-1056
3485
851
19738
-30106
18912
9730
-11440
-5965
-6065
10765
-3275
-8988
-20226
2680
776
-19681
20241
-10140
-17386
-18811
5076
13437
-9959
28129
11966
-7030
15317
-18604
18773
21851
3661
4490
-11287
8125
8981
-11802
-15711
2609
-6110
-7435
1398
-10940
12992
1057
-639
-7134
-296
-6179
3089
-12694
-5026
5315
14673
27686
5454
-4103
-10635
3063
-2247
5234
-14832
-14315
-13940
-17243
12186
2179
10513
-11563
14158
-3196
5114
14960
16891
-7835
-13963
3149
10710
-19177
-25525
15984
-12371
14151
-7225
-12106
-2011
4653
8740
2016
6608
-3175
2172
-14765
-7029
-4130
10007
13817
30999
-27630
24815
-12654
-18277
-6899
19031
-5435
23695
7786
-5244
5614
16955
10807
2457
8524
165
766
-3660
23582
116
6532
28491
4493
-3728
-13778
-9683
-3906
-3282
12646
12691
4108
-1725
-21351
-2916
7421
-19107
16664
-8229
18227
26151
30
7889
8749
-9425
-11655
7745
-11130
2833
10070
-5039
-5733
-8898
81
4543
-3198
-22006
1089
3915
-1124
8237
-15107
-5922
2891
11319
22874
12229
-18190
-5783
13487
11636
6774
12481
1773
1933
7145
-16059
17664
-10511
-10837
-472
-13188
14983
23
4768
412
-1047
11919
-26389
6811
8248
-3259
-10129
15650
-9909
14950
4550
14430
-3826
-8219
5802
-11713
-3848
2525
1886
8571
-1187
-6776
77
8576
13637
8730
14887
28572
3708
-10518
6297
1585
-1314
14580
-4538
14815
-19059
-17862
13310
26206
348
9861
-12263
-11530
20049
-1367
-14237
28722
-14864
10603
-15483
-576
-7224
9167
-3801
-1351
-4727
-9194
8283
-10058
3017
-7143
-7755
16064
-3486
-8823
9861
-12792
-7108
6552
6254
2745
-1394
-7816
-13459
-2614
-6560
-4315
-11074
-3032
-13544
-4833
-3224
1361
21602
-6428
3821
-7695
-13837
10333
8612
-5212
-6443
13775
21408
-5185
-11788
6440
-3338
-12116
8732
-4839
12286
-18126
-1338
-7992
7027
-8195
-4056
-12616
11955
13500
4919
10819
12386
-11988
14123
-10468
-6594
6962
6980
-21500
15435
20649
-6033
-3991
624
7150
13847
434
-3896
8819
-2843
17942
1877
4955
22250
2020
15739
-425
2208
3789
-17446
13301
10187
9645
16383
15434
2721
-6331
-20368
2493
-13777
7487
16192
-12857
23844
-565
-2945
-14652
13291
-15147
-7308
17354
2293
11142
-225
3105
-727
323
255
3274
6591
-13907
1633
100
730
3375
2847
6984
14696
-18937
1275
-3635
-12565
8046
4611
-6404
8615
10288
3715
3668
-15351
6341
-4411
-24904
955
4255
-9261
10225
-10038
3395
-9721
-3721
2099
3362
-13422
13742
-20385
-4409
-549
3763
-6979
4305
3169
-9537
15212
-8625
1103
-3014
2118
-17305
9883
5198
-1801
-4709
8951
18446
-10811
1396
-7391
-3413
-118
7458
-6809
5480
-10998
-19011
18235
11271
6229
24534
4950
-490
16318
5741
6851
26404
309
8990
-12076
5623
-1358
-9048
-9742
-18905
-7344
-6243
-1434
-11690
-7140
-3710
-3720
4097
11887
6067
8928
-3239
-2353
-17251
1808
9179
-7857
15696
5781
4971
-10293
13649
-4983
1266
-13736
11467
-7609
-3013
-15030
-5209
13247
15611
12810
1054
5968
6771
3655
11517
-9222
679
-7547
-2610
4890
-8624
5301
-3593
-7387
-468
-15606
9517
-5730
3009
-3839
-13462
-209
10533
-516
8920
2229
11620
-18880
-660
2576
-2735
5556
13547
21467
1350
-2124
13113
-108
-3378
2807
4392
-4591
5107
9150
-10650
21530
2950
1472
1784
13686
-5170
12139
8212
-9336
-16576
13898
13125
-4765
-5505
-14984
6320
-5180
-1235
-13978
-891
3238
2950
210
-6654
-603
-10830
12983
-5992
13630
4851
21604
16358
-2809
-15100
-2986
-7998
2040
-9313
-4403
1254
17385
-5007
22931
-45
-15820
8046
9445
12390
6720
-4631
5708
17058
-3992
16100
19643
3851
-10903
1420
9901
10149
-2696
11539
-16363
-5020
13306
-8161
-7610
-3101
5560
6821
-11437
-2443
5510
8275
4106
-3328
-17765
-3153
6303
5518
-21741
12945
5752
-8521
-5517
526
17881
7996
3107
4673
10483
-4596
23230
-3476
5055
-10408
-1774
7555
-6407
18698
6421
-3320
-18630
-8897
9378
2918
2684
11386
-3473
-17650
12059
7904
13941
2062
10909
1736
3514
-3816
-10044
5504
-5440
9216
-11163
3683
