18
18
37
78
-75
-64
-26
-127
-3
68
-73
-46
14
-75
-29
-51
6
93
-6
-33
-12
-69
3
3
-64
29
-21
16
-10
36
-22
30
33
-69
23
-25
77
-51
1
-45
21
-73
-17
-40
-5
-33
47
114
13
-86
-35
24
20
-64
-19
92
-10
54
41
-26
-57
-71
5
-80
-36
-42
42
-50
-117
-52
-21
-80
-55
8
-32
17
-40
-56
-7
-34
76
-17
-24
-127
-36
-10
-46
64
23
-104
4
-67
-66
-22
-66
-1
-36
-64
-63
-92
65
4
-34
-34
-60
-34
-42
-71
-93
-30
73
23
-36
-32
-18
-112
19
-83
-82
53
0
-45
-30
-31
-55
-112
16
-29
-23
39
47
2
-7
11
-34
-34
-49
-68
21
16
0
31
12
-19
-5
-9
-13
-7
11
-22
-19
0
20
-3
-59
-18
14
1
-47
-11
-57
-15
-5
-37
42
-31
25
-39
7
2
33
-39
-89
-105
32
-20
12
-12
19
-5
-4
31
21
-46
14
-27
2
-25
-127
6
7
1
0
20
11
53
-47
-43
49
-22
41
-1
-38
25
17
-19
84
7
-76
-32
-2
43
-57
42
32
-66
-28
4
22
12
-46
93
-21
7
-72
25
-99
29
11
25
44
-74
-26
3
78
5
-127
22
-16
-23
-17
3
66
55
49
-69
39
16
8
-92
-23
12
-5
-10
80
30
37
-18
-13
21
17
-6
55
10
1
53
2
32
9
-38
-3
10
78
127
-1
-27
-2
48
12
58
-21
-66
36
29
6
7
42
99
27
-41
38
1
70
11
-11
92
18
-24
-72
47
37
-3
49
94
21
-33
-63
-44
-13
29
-50
118
-30
17
-19
28
33
-27
-27
-9
-39
45
-46
-80
-30
22
-66
-13
9
25
23
17
-75
127
-4
-21
117
108
-46
-25
7
-15
-90
-12
45
42
-70
27
24
12
-16
15
-64
-11
81
-65
119
-1
-32
-34
-26
13
-9
-85
-26
-81
60
87
98
17
-8
-22
-43
52
-41
-118
51
48
24
-40
-63
-59
-9
-108
37
-18
0
32
-40
7
-116
-56
82
3
2
-34
-21
-15
-31
31
-42
-25
9
-16
-1
58
1
-57
-52
-30
40
-82
-36
-30
-32
-5
4
22
-127
34
31
26
-18
-23
-19
-23
-27
-46
-11
30
44
46
-24
-4
9
-43
-18
70
-66
15
-27
-25
-35
27
51
39
23
24
-10
15
49
-111
1
16
1
-19
4
-105
4
21
12
15
9
9
-8
11
-32
4
15
15
-37
-7
30
-7
-51
16
3
36
15
-94
-4
-5
12
-56
38
9
-20
-31
-51
18
28
-54
-5
-26
-12
6
-1
8
16
-9
-19
8
33
-127
23
-21
4
1
-35
1
8
10
16
38
-1
-14
-21
34
19
15
-36
-54
15
-36
-37
35
-42
-17
6
127
-5
-19
-6
-60
-50
37
52
7
-56
-14
-21
4
-17
-56
18
-53
29
-13
-28
-32
-38
-69
-101
11
-50
-52
9
0
84
91
-44
-8
-58
-23
-64
49
-25
50
-34
19
-11
-9
-53
4
-101
-94
-12
-28
94
-124
-13
18
-28
-7
25
-127
18
17
15
42
-3
-5
-53
-52
-48
6
4
-1
-85
61
28
-9
-8
0
-4
-63
11
-111
-19
-17
-30
-38
-1
-29
-68
-40
-43
34
37
-36
3
-23
-15
8
12
42
-22
19
-19
8
-2
-115
-2
-32
16
32
-12
-24
14
46
45
-15
25
21
-34
-5
-21
16
7
16
-90
-59
-29
-83
-59
-67
-11
-1
-32
-78
-15
19
-7
-39
-61
-73
-52
-100
-46
51
-7
17
21
-127
-44
-37
10
-47
-34
-2
8
13
-34
-30
-61
-8
112
33
-96
-31
-110
-35
13
-67
-86
112
-17
-36
28
-1
-35
-77
-104
-43
6
-7
52
-81
-5
50
-33
37
-8
-43
17
-4
16
16
-57
-12
-46
-10
-127
0
5
-9
-38
30
11
-28
16
23
-23
-33
12
-66
-26
-33
-49
-39
-16
15
-35
-4
-35
13
4
-24
24
-4
-21
19
-65
40
4
3
8
20
-19
-26
14
-16
-30
15
-16
-43
4
-7
15
42
35
-100
1
-6
-31
-62
-19
-23
-15
-32
-93
60
1
51
46
80
-13
-36
-8
-14
-41
22
-11
-64
-62
-39
19
-13
-82
-13
37
-26
71
-42
75
32
-11
0
-39
4
-27
-127
-9
-48
113
49
16
38
-33
-13
5
-20
-36
-22
22
27
65
-42
6
-20
4
-55
-41
48
-59
-76
28
-127
-22
-5
-38
-36
-8
-41
-25
-37
-53
-61
77
-26
-63
-61
75
-61
-26
-35
-42
-56
-52
30
-11
-45
-43
38
-6
30
37
32
54
0
20
0
47
9
-27
9
-52
-23
66
5
-12
-86
27
31
-43
12
-42
-27
-67
57
-42
-38
-49
-15
-63
61
-35
-18
76
70
-19
28
-35
2
1
38
-103
8
-125
-11
6
-90
-95
-15
56
-12
-7
91
58
12
-16
53
-7
-104
-127
78
2
88
8
-7
-68
20
106
-41
-51
-35
-48
-117
-124
42
-40
27
7
-22
-46
52
-60
-13
-64
-27
-70
59
-118
-95
-49
-2
1
-46
-34
-118
56
-67
25
36
-22
4
21
19
-5
43
-35
12
-33
-13
-1
-27
12
37
16
-61
2
83
9
-1
-67
-5
-2
23
23
43
15
-15
-22
-7
8
8
127
9
21
17
6
-44
-67
13
16
-12
36
34
5
-21
-63
-27
-15
-14
-29
19
-57
9
7
33
3
40
-16
-27
8
17
59
7
-23
2
21
-11
-26
41
-6
22
-31
-19
11
6
16
127
18
-25
-18
29
2
12
-31
-7
-2
8
-10
36
29
80
0
-10
-1
-4
37
-6
10
-23
28
16
-18
30
-10
-15
13
110
18
-33
14
-34
-21
-40
-5
73
-8
1
1
7
-18
-14
22
-32
11
7
-14
1
-3
10
-7
-11
-19
32
-27
-31
-31
29
-22
-35
34
74
-64
-33
64
-3
-60
0
33
-58
-27
-7
-30
-11
-10
36
-58
-10
-40
-64
-22
-34
-68
-15
-9
9
-69
-52
-5
-21
11
70
-127
20
-47
-25
-114
18
-50
70
-30
56
4
-11
-49
-42
-61
-81
18
7
110
32
-23
-32
-29
-52
-3
37
-27
-19
-10
-86
-7
4
-13
65
20
-15
-20
28
18
-31
-36
-15
-4
-50
-5
34
-46
59
-5
18
-24
0
127
-40
12
-3
4
-26
18
4
-64
-2
28
45
5
-66
-1
-31
16
-69
-4
71
-11
-10
28
-41
-25
7
51
-2
-85
-58
-89
-18
27
-24
-21
15
56
49
-17
-93
-38
-41
7
-69
21
29
-14
-21
-44
-127
-18
-90
-19
-16
18
43
2
-43
40
10
-80
-48
39
63
-101
-29
-22
-28
41
-22
-4
15
5
21
-83
39
6
-26
-54
-108
-36
-17
27
46
15
1
-37
-3
53
11
49
-19
-11
55
-4
-30
-21
26
39
-11
-15
9
-4
-3
-22
32
9
13
83
92
-6
-7
-30
-38
-23
-30
26
-30
-24
16
22
-33
22
11
-12
-8
93
-10
92
21
-30
8
-16
31
-4
-27
54
12
34
56
37
-16
26
-18
-21
-23
-17
10
4
127
4
-16
4
0
-19
-72
1
-15
127
34
-4
-14
-23
-46
24
58
-4
-10
5
-34
9
-8
-25
45
3
-16
1
34
7
-18
-28
-28
-16
-6
9
32
-15
80
-15
-32
-27
4
98
3
6
-15
1
24
16
-15
-80
-1
11
49
14
-20
-1
27
28
-58
-13
37
18
-27
17
9
-12
-45
43
25
-23
7
25
-37
-37
-62
-105
-54
-54
-127
90
63
-42
40
-27
-32
17
-29
-27
-23
-44
23
-37
-10
23
59
-63
-100
19
21
-38
-2
29
-15
13
-82
76
-90
-32
-12
10
25
-16
-6
-100
-94
33
13
37
-57
37
33
-11
5
27
-94
25
-45
22
-1
-116
55
19
62
17
-10
-13
-31
-43
-29
-14
-5
-38
-3
79
-93
-18
-36
98
17
34
16
124
-40
61
7
101
82
-67
79
60
26
2
33
26
-28
53
24
79
85
-43
-8
46
84
25
-49
-3
-8
91
-32
19
24
34
-26
69
-57
-43
-54
75
41
-6
35
93
39
13
126
76
127
-28
-4
-79
-97
-75
6
-43
35
-5
-101
58
29
-23
48
12
-42
-4
-28
-96
-20
-65
16
-8
21
18
10
40
11
16
127
-44
-89
-82
-16
35
-50
107
-33
-32
-41
-85
-42
7
-40
1
-19
112
-40
14
52
2
41
-29
30
13
-79
30
-42
-51
-12
9
37
10
-6
20
-59
3
3
-21
49
-11
11
9
40
63
20
14
62
7
-65
13
-60
-32
14
-36
41
27
127
12
-38
79
-43
11
63
-15
27
-55
-12
12
-3
-6
12
-36
-13
-18
23
0
-7
9
53
35
23
-31
93
-36
40
26
57
1
6
50
-99
78
44
56
-8
18
18
-101
-46
46
-17
-83
-13
8
-15
-33
-41
-12
-52
-4
2
-7
21
-21
32
-19
-11
-127
-42
-75
-18
40
-56
-2
-9
-41
35
26
46
-33
14
34
72
-72
-48
-32
-113
-31
58
38
43
28
25
-108
97
32
-74
-19
-48
25
-92
21
32
11
11
-90
12
-20
-125
25
-105
53
-69
-43
36
-7
-21
8
-26
5
84
-20
-21
-50
-64
-10
-49
-20
39
-8
-21
-17
-62
22
-24
-73
-12
21
-36
-14
39
17
118
-39
28
-29
-9
-42
-6
18
28
45
-69
-56
42
-18
21
3
12
17
23
-55
3
-26
-91
-64
127
-16
-39
-12
-13
12
-11
5
-30
-9
23
-4
-92
31
24
-54
15
31
-112
12
42
23
-1
0
2
-22
-70
24
-10
18
2
8
22
-4
-45
1
-9
18
-48
-44
-77
-7
-29
-21
-14
-46
-15
20
22
-39
-16
-11
-64
-38
3
21
-56
9
-3
14
-9
-1
29
18
-127
33
-55
32
-8
-12
-49
-24
-3
-16
-31
-54
-28
13
-47
-31
-40
-32
-44
19
-64
-12
-63
3
3
-82
-127
-20
-30
-40
-32
-6
-23
6
-9
-75
-85
-8
-63
-58
-57
3
-21
-34
-63
-98
-11
-15
24
-44
-8
-3
-66
-68
-57
-52
-49
-13
-13
8
-20
19
26
-6
-95
2
-16
4
-35
12
2
-1
6
-42
-13
-18
-24
-10
-23
-43
-127
-32
13
-44
51
-12
-21
28
-100
63
13
-31
-50
8
20
-12
-7
12
-58
16
-54
-48
-53
-9
56
-96
-20
-21
-34
-89
-13
-69
36
24
-30
-77
-15
-56
-74
16
22
9
-75
-56
-91
-47
-44
-52
25
-49
46
56
-67
-35
-89
-25
-55
-38
-14
70
66
3
-25
30
-9
-17
59
-18
-40
-6
-52
-32
-5
-5
127
30
-10
8
51
20
0
-62
20
-4
14
-41
110
3
48
20
0
-34
-35
-11
17
-4
7
35
-50
-14
62
-7
-10
-22
34
-30
-16
-2
-14
16
-59
-8
85
-39
-12
-18
-38
10
10
15
-3
46
55
38
77
20
61
0
13
44
127
-9
68
9
61
39
25
38
48
55
-23
26
52
74
18
34
-19
38
48
-10
27
46
66
0
-39
8
41
91
-10
-12
36
90
13
-6
85
16
-21
17
98
15
-28
17
13
18
77
37
45
-31
78
9
74
-16
-13
37
77
54
-50
71
-15
-37
16
-49
-23
1
57
72
17
12
61
41
6
15
56
-49
-74
-10
9
6
41
36
-16
14
25
48
67
-10
10
50
-73
81
-23
127
6
-12
19
11
0
3
-45
-15
-28
69
70
-12
43
-17
-4
18
14
52
-32
71
41
29
65
-15
-2
-3
11
-9
14
1
-37
20
-49
-90
-12
-32
-26
44
77
59
22
15
-2
17
-59
-127
-30
-1
-34
13
-42
40
-17
-55
8
85
106
-39
-19
-16
-5
-15
-17
109
-9
2
2
65
10
46
-14
-80
-58
26
-3
0
26
6
73
-15
32
39
-70
60
-57
59
29
-44
34
16
54
16
-29
127
32
23
-5
-29
-8
2
86
-33
10
-2
-33
-15
-33
6
61
-7
-32
24
41
20
-22
-44
0
-40
3
19
44
-12
69
6
-23
22
-33
114
-13
5
11
51
-4
3
-35
-17
-4
40
39
-2
-5
-14
-3
41
-86
-19
82
-8
2
7
-14
-26
-8
34
21
9
61
-73
-47
56
36
-5
61
-4
-66
11
76
-27
74
-20
-34
9
45
-41
-23
54
2
38
-14
-10
16
-26
19
57
15
-42
54
13
5
-4
20
82
-24
43
40
39
-41
-6
-15
-5
7
127
-29
28
54
-26
59
-32
95
-66
-51
23
22
-11
-34
-27
-8
-56
-3
-29
51
72
-74
-2
-66
-17
-44
-6
-127
37
26
-33
36
96
72
101
-69
52
7
19
1
38
-74
42
-7
-15
-30
47
-104
-29
-26
-9
8
-20
-34
67
52
23
17
-29
-6
21
-33
-112
-112
-22
-55
34
-82
57
-25
-19
-21
24
-44
20
-13
80
1
-100
40
28
70
4
-10
113
45
-14
-53
-49
-32
-26
67
-3
-47
-8
-44
-5
1
-2
99
22
-14
-18
32
14
-12
-40
-11
-25
-36
19
70
-26
76
2
-17
-8
-9
69
-18
28
-4
12
-4
16
-16
-29
-24
57
53
17
-19
2
33
34
-102
2
127
-8
-13
-11
-9
-21
14
54
-1
-56
-20
-62
-67
-9
-23
42
31
6
90
-36
-1
-6
3
22
-33
22
45
-48
32
2
34
6
-48
37
-24
-33
7
-127
30
19
2
-80
14
-86
-19
-4
26
-60
-17
6
-27
9
-1
-22
22
-24
21
-91
13
15
-7
-54
31
14
68
-110
40
-89
22
1
-34
-52
4
-18
38
11
46
-18
0
11
4
61
-24
24
10
17
-61
-14
-22
-71
-92
36
-23
14
36
17
-127
-100
15
58
-40
-77
52
-67
85
-9
26
-78
-2
2
8
1
-9
39
8
-28
50
-5
34
20
-28
23
43
29
-72
-83
-4
49
-3
-70
-98
57
-27
-13
21
7
-33
-24
25
-87
-55
-18
-48
-12
-89
-67
-101
15
28
-23
35
-60
4
22
42
-43
-37
25
11
35
34
49
-4
-74
-9
32
107
-121
-50
20
-31
63
-116
127
-68
-1
-13
-45
-32
-19
22
25
-95
65
-49
-42
-69
-8
15
23
52
4
-105
34
-32
-2
-83
-46
21
-27
-63
68
-9
25
-5
-9
14
-40
-6
6
-67
38
1
0
13
-31
-71
-6
-32
-53
-8
7
50
0
81
28
-34
16
-59
-33
127
-101
-30
22
-37
-41
-59
23
36
-11
-16
-44
-48
38
-47
-20
16
42
28
15
73
19
87
49
36
10
-15
22
-84
1
50
-27
2
20
27
-13
-42
-4
19
-74
-77
-61
-73
-5
111
-22
-31
-48
-45
16
8
75
55
45
-16
-43
22
30
14
-54
-5
-16
-17
1
-22
29
79
48
-20
37
26
-13
-29
-30
-9
-127
-18
-61
-63
-9
9
87
59
59
-49
-45
18
36
-77
-36
102
25
12
-33
-58
-11
-26
-19
-64
-1
-52
8
8
6
-40
-32
8
-35
-65
-9
-24
19
-63
-47
-95
36
-2
-109
-37
4
11
-73
-18
-50
11
-49
14
-14
4
4
7
-85
-1
-127
-27
34
-107
-32
-67
50
-25
-37
-14
-74
-96
-42
36
-47
-72
-47
-29
-13
-5
-9
-11
-48
-14
-19
34
-64
-26
-54
-13
-48
59
-4
-65
18
15
-40
-23
-43
-31
-16
19
-8
14
5
42
30
18
33
-10
127
-47
1
36
-2
7
-58
-10
-49
-41
7
37
23
46
9
-49
-37
6
-32
59
27
25
-17
0
-35
-69
-34
-6
-60
-21
-7
-34
-26
-47
-29
4
-17
54
61
-4
-4
13
10
-10
-19
-52
4
-6
-10
-26
-16
-28
-41
108
-15
26
-38
-5
37
26
91
52
36
4
10
31
52
-3
-43
-28
3
-1
20
8
24
127
14
-7
28
14
42
-23
22
30
-21
-2
-9
-46
-6
-23
49
-4
17
-27
-44
-14
55
-35
-24
86
2
40
18
-5
2
-24
44
-38
23
27
58
-44
15
16
-34
8
-12
-76
19
14
22
21
2
13
31
15
-11
-3
3
-18
11
22
26
16
-8
-17
11
5
-5
-47
2
15
-19
-28
127
6
-14
21
-31
-3
10
-12
-7
-4
29
17
-6
26
-7
11
-4
55
25
-38
-1
-6
5
-6
-20
-3
11
1
46
29
105
70
49
-27
15
12
64
-44
10
18
76
25
-25
4
36
-5
55
73
1
-35
127
28
58
24
61
11
30
0
-40
41
4
26
-1
-11
18
65
37
21
19
50
56
-15
-33
70
70
-27
-8
29
-20
30
63
-39
32
13
56
-12
15
-1
27
23
24
-13
-42
-23
71
-16
38
-16
26
-4
23
63
-22
37
25
-21
24
-7
35
89
16
-7
26
70
0
-19
-11
-56
-12
52
-13
-9
61
62
-4
10
31
-11
127
-32
-30
59
86
3
13
28
10
-7
12
108
19
6
32
-49
-19
28
-11
21
-13
65
38
11
4
-61
32
38
94
-53
-9
30
-22
-67
-42
-3
33
97
17
12
16
20
-56
-28
-40
-102
-42
15
57
84
-59
23
13
-15
-8
23
-76
95
-7
42
81
-10
-70
26
42
8
-39
-10
28
-80
4
0
47
35
54
-82
-127
26
30
75
16
47
-24
23
0
2
-17
0
63
-25
-24
20
24
-37
62
54
-33
-77
-25
-63
9
109
-61
-53
-65
-67
-44
-4
3
127
4
-27
-15
27
-20
-11
-75
-20
3
-15
20
-32
-21
88
-45
-21
11
25
26
0
37
-38
-6
-39
-46
-6
-29
7
60
76
42
-57
-48
18
-27
-36
-58
127
-4
-27
-8
-31
4
-9
8
-64
62
34
64
30
13
20
-34
0
15
-18
20
-22
24
21
-17
23
-24
7
-55
-4
31
4
-16
24
29
5
-30
-7
40
15
-46
-1
34
5
18
-41
127
-3
14
-6
-6
32
8
-1
-20
11
32
36
1
5
-1
17
27
56
1
-10
61
11
52
4
-54
-12
9
23
83
-55
1
-5
-22
34
-83
-70
-24
15
18
-61
-12
-41
37
-11
-47
-10
46
-41
65
89
-32
75
-63
-22
12
-108
-94
50
-43
36
87
-31
-19
-66
-127
2
-13
-22
-38
-41
2
17
9
-20
28
22
-64
67
-17
-4
33
44
-8
8
-6
-121
76
54
38
-28
-31
29
1
-6
26
-14
-44
-24
-66
-67
-34
0
30
-9
-19
5
-23
-12
-30
-10
-74
-18
15
7
-68
10
-12
-54
-16
-57
6
-5
-127
-8
4
-58
9
-82
47
-26
-4
11
-25
1
0
-85
-58
-74
-27
-5
-8
22
-26
24
17
-29
-16
-24
12
-23
61
-34
-12
-38
-36
-24
10
-26
-6
-66
6
0
-69
-56
17
-42
-41
-17
-34
46
-42
-10
27
-43
-22
-42
3
68
-6
-13
-60
-63
20
-93
31
-61
-105
12
127
-2
86
-31
-28
37
-45
84
-20
37
-96
-60
10
-2
74
-112
-2
45
-125
-68
-42
-18
-117
-84
51
-50
20
-37
12
-83
-93
-64
25
-66
-33
3
4
-32
-46
-25
24
29
-86
-26
-59
-90
-33
3
-19
-26
-45
-25
-5
85
14
-91
-125
-46
2
-35
-49
67
-12
33
5
-2
-13
-34
27
-39
-37
7
35
-94
-116
-18
-21
18
46
-36
-52
-22
-24
-23
-48
-43
-55
26
-127
62
-9
-43
-2
-25
-76
-14
-17
-11
-4
17
5
-33
43
-6
-4
96
-80
-13
-63
-59
-25
30
20
108
25
19
8
6
29
-23
-72
-79
31
36
-22
46
66
109
-12
21
21
40
62
-19
10
-2
63
-6
-11
52
27
23
6
67
-16
-27
-62
-33
-35
-27
-4
127
-66
14
0
-16
9
12
7
-42
-42
44
112
-40
-34
8
-68
-7
-6
-61
49
33
-20
13
27
77
-23
-2
22
17
30
23
-31
31
55
-16
0
-20
36
-36
-47
1
6
28
-54
-44
127
-88
28
-55
4
30
48
-12
-93
-70
2
47
25
20
23
-11
15
65
1
-9
39
-15
42
21
-62
7
42
95
-29
-17
-19
-97
37
1
-57
-19
-29
-118
35
-1
23
-8
5
6
15
-42
-6
-13
31
22
29
16
16
-19
-42
-45
-8
8
-3
-98
43
-21
3
-42
-21
3
-25
-16
-35
3
19
-37
-64
-43
0
4
-5
-3
16
22
-5
48
24
-127
-7
-26
6
46
-27
9
-23
39
100
20
-127
-45
46
12
4
3
16
-1
-11
-52
-36
-42
-9
-83
-17
-81
-98
-56
44
47
24
-1
14
-1
-46
8
-28
-39
-25
23
-8
-5
-15
-8
-110
26
-7
54
-95
-70
-17
-99
-10
46
86
20
6
41
-12
80
-106
60
-77
25
-51
-77
-15
48
7
-14
-83
-8
13
-31
-42
-56
15
33
-32
-22
-66
48
-22
11
-23
12
47
-91
53
127
-41
-41
4
-121
-75
-30
21
1
-67
-10
-121
-87
12
72
-50
6
-76
-3
32
-44
-97
19
-1
-32
-63
18
23
-54
34
95
-85
-7
-43
-102
-110
23
19
70
-78
11
-54
43
-40
25
-104
-25
39
50
58
41
-55
-65
118
-2
95
10
69
-5
-9
-23
97
-7
40
29
-25
21
-76
12
6
-51
-71
33
77
75
3
9
62
32
-45
111
1
-9
120
-20
42
-48
34
94
85
75
-56
16
-26
31
46
-4
14
-9
-41
8
127
37
-13
109
59
-52
123
44
99
107
-55
-10
-13
-23
0
0
8
10
-11
58
24
14
-4
24
-1
-77
39
82
-47
-5
16
-42
-4
-9
53
-5
-19
24
-96
51
-9
19
-62
-15
-55
0
66
2
-47
3
-9
-20
-12
-1
-18
-7
-10
62
-127
5
-9
-26
-39
64
21
61
-62
48
-53
-4
-2
-7
-44
9
