-3
0
-7
-3
-8
4
-2
12
10
-3
-1
-5
-4
6
-3
6
3
7
-4
-4
12
2
-4
3
8
-1
-1
5
-2
5
0
7
16
-4
6
-7
-1
-2
-2
4
6
5
-9
-4
4
0
-1
-1
24
10
-3
-26
-8
14
-20
-2
-7
12
-5
8
5
6
-2
-27
8
-1
-10
3
16
-1
-4
-6
7
0
-9
-2
1
9
-4
14
5
4
-1
1
-8
-3
-2
10
6
9
-4
-6
5
2
-1
-3
6
-1
0
-3
-3
-3
-2
7
8
-10
-1
0
9
2
3
-6
-1
6
2
-3
11
2
-5
-6
10
24
1
-12
-2
14
-5
-8
-8
8
1
0
-5
-2
-7
-25
-1
-3
-7
-1
8
-4
-3
6
17
9
4
2
7
21
2
2
9
7
6
3
-1
-2
8
-4
7
-10
-18
-6
7
4
-7
-10
3
-11
-11
-7
-11
5
-2
18
10
0
-5
1
0
14
2
1
4
10
-7
-4
11
5
-2
-3
6
-2
-3
-1
-3
7
-3
9
7
3
4
-1
-2
0
-4
1
10
4
-3
1
-1
2
3
0
-2
4
-9
-8
-8
2
-6
15
-6
9
-15
3
-4
-7
-8
9
11
5
10
-6
1
-5
6
1
-14
2
-2
2
-4
-2
5
3
13
-5
1
7
-3
-1
6
9
-4
0
2
-9
13
3
-9
3
11
2
0
-9
21
23
6
4
17
0
6
10
6
4
24
-11
-8
-14
-9
-2
12
18
-17
-4
-9
5
-7
-1
-6
-2
4
15
6
11
-5
10
-13
-5
-8
17
11
11
-2
-12
2
1
-1
7
13
6
0
-9
6
24
-5
1
2
10
7
-6
-3
-1
7
-13
4
-13
-12
0
8
3
-4
-6
-8
-4
2
15
-3
2
10
3
12
-3
7
11
-3
-3
8
12
0
0
-7
-9
8
1
-11
-5
-8
2
-4
-4
-11
-7
1
6
0
2
4
4
-2
-8
-7
-7
-2
6
-1
-6
7
-1
-6
-1
-12
12
2
12
-12
-3
7
3
1
5
3
-1
-14
-6
-10
7
3
6
1
-8
-2
-2
1
5
-5
5
5
1
4
-4
-3
9
-1
1
-6
-14
-19
-8
-24
4
5
22
-4
-7
-7
-5
17
18
-13
6
13
17
2
-9
2
-1
8
10
10
1
-16
-23
-15
11
6
6
-6
-12
-5
-7
-1
2
18
24
-9
-34
-8
0
-13
13
-20
5
-19
0
13
-15
-20
-10
16
19
8
-12
8
4
12
10
-7
6
2
-2
-9
-8
6
2
-3
-2
0
13
9
4
3
2
-11
-2
5
-8
20
9
-9
-2
-8
-6
-6
-3
-13
-1
1
6
4
7
8
15
1
-1
3
-1
-7
4
1
-2
12
3
-9
-7
-5
1
-1
7
-9
-3
5
9
13
4
9
8
-7
1
-3
12
6
3
-4
-7
5
1
-5
-1
-19
-3
1
6
-7
-3
2
8
20
4
3
3
-9
-11
-4
4
4
-5
-9
-8
4
-7
-10
3
14
14
-2
-24
-6
2
-5
0
-5
12
-2
13
5
-7
-10
-21
5
2
-9
-3
13
0
-6
2
23
16
-5
-28
-3
11
-7
0
-7
1
-9
2
14
8
-4
-22
-6
5
-2
1
29
8
-1
-2
-7
-2
5
11
4
5
8
6
7
2
3
0
0
4
7
10
4
-1
-11
-1
13
4
-8
-2
-5
-4
5
5
3
4
4
6
14
3
7
14
4
-2
12
9
2
-2
-9
0
19
10
-10
-3
21
14
5
-8
6
20
-8
2
10
9
1
-2
-3
-4
-2
-10
16
-7
-15
-4
-2
-6
-8
4
-7
7
-4
-9
-13
-6
0
3
-2
-2
-4
0
10
2
-4
10
-7
9
11
-6
22
1
-5
1
-7
0
1
6
-4
1
10
6
6
0
12
-4
-4
2
4
-3
-1
4
-7
3
4
4
-5
0
-12
-9
-10
-9
7
5
6
13
15
-7
4
-1
0
-7
5
-1
-5
-2
6
-4
4
12
-6
1
-10
-8
-8
6
-3
0
6
13
13
-9
4
5
3
-8
6
5
-3
8
-1
-5
8
4
-11
0
0
0
-9
-7
-3
-5
-3
14
5
-7
-3
8
10
-6
-1
-4
4
10
8
-12
5
1
-12
0
9
23
4
-12
-6
9
-3
-8
-11
4
-4
1
2
1
-7
-17
-8
-3
2
-5
18
0
-2
-1
-11
12
6
13
-4
-1
3
-3
0
8
11
-3
-12
-3
-11
9
0
6
-5
-11
0
0
-4
4
-9
13
8
15
4
-1
1
-4
2
10
9
-7
-26
-16
-11
-1
-5
5
-8
-1
-11
-3
4
11
-10
-4
16
15
4
1
7
-7
0
4
0
-9
-12
-17
-2
12
-6
11
-21
-2
1
-5
2
1
21
31
-6
-38
-11
2
-23
9
-27
7
-20
-2
11
-15
-24
-16
22
12
13
-3
8
4
14
12
