-421
605
466
299
696
350
-11
153
1092
2468
-374
771
149
2169
2269
-702
3047
645
710
367
-854
272
-632
926
854
-496
203
356
1133
626
-410
775
74
826
734
160
384
47
435
-508
1074
473
840
678
431
656
266
-499
131
-481
-687
605
-406
874
261
134
1520
811
-409
261
-70
1456
-382
640
169
-249
215
-542
-1937
926
-890
-175
-8
373
158
638
128
419
528
449
-1812
59
48
-344
64
2124
1242
851
1318
1774
-649
-918
509
1169
-507
1125
95
454
201
378
-529
381
-73
594
77
-236
337
151
-401
885
-519
-1891
698
-692
44
957
-383
138
1125
311
309
563
917
215
447
-410
1452
111
