-2266
-7195
-1188
7836
703
-14742
-3703
2131
-14424
3710
11741
20
11416
-6174
-13275
2226
15498
3740
8415
1531
4674
-6917
8633
-6950
-1047
-2318
-19837
-18022
-9237
19201
7005
-10844
10554
12929
-2377
-5262
1903
-5194
-8736
-9615
1811
-2678
-7051
-311
-6247
-1247
-7040
3723
-3062
2183
6721
-368
-10663
-753
-1049
-5456
-10136
11627
-11954
5056
15298
-8413
3542
4893
-1046
2677
-9535
1102
-653
-12481
1934
-9647
3145
1284
-10227
318
4594
-3398
-9441
8589
4902
3435
537
13123
-7509
5856
1633
406
6578
-2
-10171
-6347
12738
-3126
10652
4273
-10237
2927
-7080
-9525
7565
5240
-405
9102
-1301
9513
-914
5392
-668
3167
-7528
-10972
5467
14159
9957
813
1150
2924
-5595
-7726
842
-2855
7672
-7003
-5860
-6295
-7108
-10229
-1713
-1733
-13361
9818
12977
5918
4213
12934
13849
-2121
3014
5140
-7048
3534
2917
6809
-17134
14411
4483
5746
-6523
-11831
-5155
-13873
-7955
6604
-13342
16474
-12659
-1570
7749
-4840
1408
-4878
5390
2094
4691
-15664
-8146
844
2584
-12489
8310
3319
-6751
914
10793
4352
24410
-618
2102
6301
4015
2018
10173
-3848
-11318
5610
-6930
-10906
7100
-5622
-3423
11899
3438
-8195
4573
-5654
1504
4835
-2426
-775
