-622
1486
296
-3317
-1360
-1112
1829
-971
948
1121
1396
4184
2713
-1268
-1486
-533
-622
-1017
3450
-973
-2032
-303
22
837
2162
582
1088
-1489
-1528
-523
-2647
-165
-399
-3129
2146
531
1056
459
-1172
19
-3017
637
-1853
-1535
-766
1453
-1351
-3282
-116
289
764
3439
-1228
2258
391
2381
826
105
505
-1229
-617
-537
365
1093
764
-1796
-1552
-1374
1280
-3282
-2888
998
-839
-810
-2078
-1343
2185
173
-2800
-195
-2255
2828
-2498
-2230
-2029
2479
-34
-2146
927
-991
1088
2124
1087
-2050
1680
941
278
1451
-1476
-876
-1576
-3091
1173
-2392
-3335
-106
-3009
1188
-163
350
3800
-3874
-1239
-741
-250
-2679
3334
-490
-800
-2422
4992
-548
2248
-2109
-2027
181
-3625
-2320
-1726
3276
1362
-557
1600
135
1727
-1015
-402
201
1719
-1885
-298
744
815
2723
-479
-3807
2028
-839
2244
-2271
-1490
-455
-4471
2531
489
-526
1946
43
630
1948
814
1679
-637
3976
-1074
-192
-246
-931
3331
-1749
-1464
-3011
301
1895
-1608
196
-2307
-1169
-1787
-4348
4275
-258
-212
3957
1348
-1886
-2399
2789
-1255
-1158
3785
-63
800
1544
-2285
-2646
-1539
-440
-338
-209
772
-279
1781
3300
713
-2273
-544
-171
-1244
-2398
3034
-3516
-2882
1732
914
849
1962
1238
-1445
1763
-2783
-1348
-2900
90
-673
-706
3205
-49
772
1789
-26
262
-1616
-2316
-372
-1343
242
-836
-663
-1838
-800
3600
371
2460
1990
74
861
1118
629
1263
-287
-1
1115
-581
-23
2229
211
115
-1529
-1222
906
-509
-1380
2114
535
1743
275
-421
266
2276
-1465
255
-785
724
-460
41
-1675
2719
-727
-101
887
916
-174
1967
3086
-26
2383
600
452
1792
-645
-4381
-664
1317
-573
-633
386
1141
-2253
-93
1942
-494
5040
465
691
-669
-1968
49
607
-1108
-1163
-2521
2931
-832
700
-1953
-824
592
-108
-1451
368
236
1106
-886
828
-986
-1068
-138
-2131
1210
-836
-2267
-220
437
-420
3571
-406
-1112
2419
556
1348
-1650
-2282
1226
-1735
947
0
2079
-1533
-229
653
692
1021
3279
948
3260
-1384
-537
1013
-286
3698
-1325
-223
-1036
-385
-606
1615
-1236
-1937
652
-1934
-1790
3263
-1421
2103
3331
3364
-173
36
454
-1945
3527
1104
2439
4083
3520
-3971
-1519
-6680
-1526
300
-4248
-3217
3724
6741
7637
341
744
-2665
1857
-3038
-6088
1519
-3257
-4112
130
5786
-3241
1705
-2688
-597
6945
-2774
-2566
1219
-1622
-102
1323
2912
-1548
-736
899
1214
4666
-2394
-2126
-694
-2212
-2609
-416
-321
-1460
2251
426
3375
763
7538
-1543
-2038
-953
890
1849
-1150
657
666
-3910
-2455
314
-2265
448
-1528
778
-715
-1851
-1179
20
550
-2970
4698
122
1329
1902
896
-4030
-2338
370
2481
-678
-2696
1191
-1543
627
131
-465
-2747
4201
5343
3190
2604
480
87
529
-1413
-4374
-3536
4696
7378
-786
-1537
2830
-2478
-2454
1244
-5400
1836
-211
-2058
1135
-5528
-4061
-110
3261
-737
-746
-3787
-4232
4227
246
-2927
2717
3985
-773
-1377
427
-1725
1474
3739
-515
-5677
2243
-3273
-3681
-119
-4837
-292
-3315
432
5753
958
-105
1091
357
-918
1046
2471
-1052
-7165
626
-6218
-554
2002
-718
-1293
373
-60
499
-1502
6104
-3833
-2392
-19
-13
2805
-2182
-4918
-2751
-1378
8125
-135
-4751
-207
4220
-3600
-3016
8799
-212
-3349
3914
-627
-1068
-1530
3722
1083
3527
-174
-449
100
1323
-1828
-3221
-1930
1626
-602
-1788
2071
774
839
3544
1913
-712
-2642
-682
803
-1855
3935
-1522
-226
-219
597
463
2766
-14
2024
-191
-2734
-559
-2217
1490
-1076
-1667
2442
-533
-452
1190
-522
1502
-2336
837
-1623
-2630
-384
3539
-402
-4192
-526
-621
-1679
1559
701
1310
317
1638
1920
-618
-71
607
2890
1458
-480
2753
296
-2091
-1075
44
1522
-3634
-1356
644
-95
-163
-1022
-297
3015
446
-1671
964
-3270
3523
-222
-2398
-1565
476
-1199
-1719
925
1404
2752
3133
2458
-3523
1613
502
-1227
-514
-183
255
-189
-3220
182
-2617
-1043
-428
-3188
1890
-522
-117
4392
-1959
-2258
1067
925
-3547
2362
-651
-629
-2117
3148
-2401
4474
-3329
-1198
1907
-3319
-2634
-1613
2291
103
-1538
850
2022
1877
614
-243
-392
-228
-670
-561
800
-2177
1207
-402
-5079
-1215
813
519
-1132
-979
1393
-2682
1621
1236
-1336
1114
254
1759
1028
-645
4316
928
1902
-534
999
787
-30
1926
191
-237
-2188
70
2502
964
-498
-3423
-710
-1258
-4863
3710
-860
658
2944
875
-561
-2246
-103
-464
-625
3831
653
655
3569
-3115
-2475
-3555
-3207
1372
-1571
-897
804
4815
8294
48
-2087
-2325
48
-3331
-3264
1067
-2883
-7105
2306
1146
-1114
2691
1183
381
2019
-4280
-2773
-1960
-2770
-2755
-3044
5781
2035
2519
103
364
2714
-3030
-3549
2266
738
-1318
-2176
-763
615
664
4120
4050
1826
1158
-853
-307
-59
-1659
1053
-2087
-1252
-2731
-4594
585
1540
-1563
-925
-1274
-991
-344
-689
-5689
2133
878
227
105
-1325
-2237
2855
-444
-1397
10
-1414
-310
938
-3189
4189
-1939
127
-968
-1549
-1828
955
702
467
3245
668
-120
3484
-2273
-7975
-2363
2811
2684
-692
-2298
3146
-4481
-2380
3969
-3946
3350
-1705
-781
2993
-1520
-985
-2162
-711
-3237
581
3459
-63
120
453
-1194
-1394
2141
-1295
161
-2555
1312
-1031
1949
-3573
-2064
-970
-2456
-251
-2135
-3539
-965
-2251
1111
6545
-1166
568
3726
-112
1354
-2145
-3604
2687
-1721
100
-1786
3294
-1627
-2574
227
409
10
2847
-1075
4713
-2666
-3695
814
274
4021
-3063
-1915
-1983
-2363
1310
-674
-978
-728
2227
-2989
-3690
4027
-1601
1293
4236
1981
-2319
29
3939
-1075
6317
-1886
3189
4668
2546
-3450
-2607
-3931
-250
-2911
-2172
-2253
3550
4973
3897
1996
190
-2670
-584
-901
-5198
3042
-1836
-1765
-1437
3372
-1791
1560
-1295
-728
5449
-1165
-3181
-712
-852
156
1744
1776
-1923
-721
371
1574
2524
-3849
-3192
-636
-2800
-1057
-629
-1627
-2424
1172
612
140
534
7120
-1971
-1553
-1330
3707
1846
-851
-92
2825
-94
-2489
839
705
-186
-2127
2044
-664
-2377
-270
-1063
1623
-2286
3022
1108
1973
1684
-527
-782
-1810
2220
1251
315
-2247
-55
-2826
964
1270
-11
-1286
3854
6823
967
525
1534
916
-1192
842
-2105
-430
2239
5453
-90
367
848
-2287
-814
-142
-2769
2782
-156
-1778
-176
-3625
-2873
1752
1750
-947
-1622
-1380
-5187
3232
-1430
-3438
2315
1386
-2039
-3113
1910
-503
656
2626
1211
-4174
4346
-3049
-2203
-486
-3108
-642
-671
311
2658
549
-2909
-1731
284
-55
2
2271
-362
-5990
2665
-4342
-2264
822
1829
-1517
-844
-760
1667
-57
5592
-3752
428
493
-775
2443
-158
-3265
-1514
-213
6466
-358
-4092
-2247
2336
-2996
-2285
7000
-1513
-1956
2627
-261
318
-1005
151
-1636
1831
1991
-7
3636
1422
-2085
-2046
-2386
-332
-2990
553
-148
-125
-1613
3158
1009
-1954
2026
1103
-1450
-3852
4506
-5522
-1049
2929
2997
617
321
658
-5159
1882
-1969
-1435
-1109
241
291
2065
2893
-3547
-1593
4272
-68
-1026
-1894
-1555
-2069
-2671
-862
1965
-1669
-897
25
6484
-844
451
6275
-1752
-383
905
1755
2554
408
-111
2461
234
-2629
2578
367
4780
-2663
-455
1255
-1462
222
6164
-269
3804
2363
6
1873
4034
842
108
-1487
271
-367
671
470
1162
-584
2684
903
3301
-2336
2061
5880
2566
-283
491
467
1724
-546
-4452
-2216
2794
548
-478
2029
1234
293
1446
4176
1570
7585
2821
742
-698
-3849
-374
-377
1566
-1419
-3105
-2269
-1275
3712
-1169
-164
1957
1681
-29
-546
1229
1401
1189
1274
-642
-3888
1733
-4881
2419
-1437
-1548
766
90
129
894
-468
1534
-798
1642
-308
238
-2579
679
-1116
2453
-2821
1824
-3858
1613
487
282
1715
2031
1628
2806
-1968
-726
1616
2790
3482
-1527
840
-2049
-1114
-895
1228
-1931
-935
2477
-2281
200
4275
-1835
-953
866
2916
1926
14
-1067
-824
4800
271
1686
-587
2462
-2092
-3553
-3592
-805
2389
-1831
-128
1667
3114
6360
2133
-1188
-2676
-176
-2040
-2011
3491
-1695
-3689
-224
415
-734
2994
593
1756
-775
-2555
-975
-2715
-1425
-1041
-3322
3570
1274
2348
67
-1146
2269
-2923
273
-1602
-1030
-1010
667
-1434
-3507
315
176
2411
3364
-660
1509
-204
2261
273
-296
-792
-335
-743
-1569
610
1273
179
-2202
-934
-1522
732
-3326
-3703
-174
-286
-857
-1111
-1058
3045
913
-1978
-534
-2989
2643
-1383
-3684
-2074
3547
87
-2680
530
-708
282
2243
651
-2242
2072
1489
-176
798
-2342
-1966
-1714
-1877
3465
-2344
-3990
391
-4812
784
-46
-1851
2873
-3395
-1729
971
-1244
-3086
3083
-383
-911
-1065
4829
-1180
4061
-1691
-1899
147
-2234
-2597
-1241
2016
243
-324
2726
-382
583
-1941
-1522
-334
1576
-3341
-656
-246
924
3949
-54
-3570
1549
-1177
2333
-2695
-1934
678
-4229
1495
126
-214
1634
-1022
1134
1411
-672
3054
-1482
4037
-1937
-516
-276
-753
3451
-2763
-1847
-3028
-247
4082
-1438
13
-2460
-92
-2690
-5075
5328
-97
-62
4206
973
-2521
-1972
4105
-1223
629
2748
444
278
1353
-2274
-2628
-1675
1871
-572
-755
1230
158
443
2554
1141
-1055
-749
-298
-380
-2156
4224
-3400
-1021
989
1251
-239
2428
409
-1139
1737
-2393
-426
-2343
1232
-420
-481
2580
-1004
-261
2343
-349
811
-1108
-191
-2069
-2430
90
1094
-566
-3980
-894
1763
-709
2701
2181
495
936
1438
2087
-141
-327
425
3178
558
-282
2845
503
180
-1534
-1281
1309
-1523
472
1370
581
1518
570
380
3087
1702
-1372
258
-3082
2651
-232
-2012
-1194
1589
-137
-1370
1208
2081
1418
2865
3399
-1626
1769
1415
-627
270
-805
-1091
-834
-220
-184
-1849
-18
60
-2701
950
158
-214
4913
-298
-237
-873
-1444
-1315
2525
-909
-733
-2960
2168
-2015
3608
-2846
-565
2179
-1803
-1911
-211
1620
-164
49
481
981
-731
56
-1896
923
-184
-1281
-729
434
-882
1405
55
-2686
-136
787
1036
-1339
-1447
615
-2523
1179
824
514
-698
-224
2237
89
393
3229
796
2163
-1042
1142
870
-142
2403
-630
1071
-682
115
1530
2134
-1027
-3235
-122
-1829
-2291
3651
-728
1480
2962
1680
70
-1198
91
-1380
1244
2908
1124
253
1113
-1869
-2550
-2449
1476
575
-2437
294
3303
3523
2545
2284
899
-4323
-873
463
-1126
1709
644
-442
-2477
113
-1248
2522
-63
4119
-44
-578
-925
-1344
1144
-247
-2112
595
726
1569
-1690
-821
2750
-2716
210
-1604
-1738
-242
1244
-897
-4361
693
-3498
-1339
966
298
1454
-1069
1179
1962
-600
-463
1422
1849
1445
247
440
643
-2957
-222
971
-99
-2556
-2144
-3705
750
-2415
-603
-216
3217
-887
-2874
46
-2698
3821
-630
-2994
-1561
-135
-1082
-2006
717
-339
2176
2718
1918
-3753
739
825
-850
-1465
629
1840
1618
-3702
3422
-2007
-1986
-1477
-4621
1232
-2406
-1330
580
-3768
-3052
783
403
-3068
2900
-187
-251
-618
3289
-3488
3098
-2081
-1380
1094
-2681
-3553
-2364
1954
-944
-258
1620
2213
2297
592
429
-1841
699
-1361
-736
647
-224
630
441
-5251
-1744
160
1461
-2270
724
671
-4284
1270
-53
-3294
3062
775
452
570
-2770
3340
-811
1853
-950
1421
-509
-1848
853
-478
-2509
-2261
19
6182
-989
-1279
-2840
224
-1403
-4748
4037
-516
112
1697
-279
-1149
-1773
527
-532
-2052
3796
-982
894
2467
-1940
-3104
-2165
-2136
270
-1863
-442
1146
4759
6416
1223
-1630
-2722
-1394
-1365
-2756
1837
-446
-4415
-32
562
-1026
2904
361
1259
2460
-3753
-2924
-1808
-1486
-2201
-2879
3611
1889
1641
-490
733
2464
-4548
-3484
1093
-200
-1176
-1410
-742
-1390
629
2476
1978
2147
646
426
-80
-88
1251
531
-1595
-2559
-920
-2937
11
742
-442
-2280
-2014
-212
-418
-1637
-4418
709
1034
-1975
-1055
-997
-1586
1317
-1983
-1075
-1166
781
-1083
712
-4014
2476
-2650
-877
45
-2291
265
2080
1851
-1284
2402
768
-666
2015
-495
-5707
-1392
903
2484
-1327
-1766
1925
-3842
-2913
1646
-3303
3293
-3143
-1208
1424
-679
-2587
-127
-857
-2985
-916
4276
-1056
63
-1051
-2737
-480
-231
-2329
-1531
-279
958
-1329
754
-1291
-758
1360
-540
-1146
-1508
-1485
-1771
-1277
530
5370
-1266
-3124
2372
254
1135
-2444
-761
829
-4116
1638
-1741
332
123
-776
-47
295
63
2696
-618
5202
-2432
-1755
843
-935
3254
-1611
-2407
-1468
-1544
2340
-1191
-1287
-2136
962
-2831
-4265
4875
-1469
221
4569
697
-1570
-1273
2652
-1072
2497
859
1590
3386
2083
-2361
-2007
-2386
298
-2722
-668
-160
-434
-585
4190
337
-1529
1726
1088
-2305
-4337
4358
-5612
-1270
1994
4204
-622
537
-757
-5063
4541
-2496
-2090
-811
492
732
1834
2317
-3107
-1965
4670
641
-237
-2068
-1733
-2033
-2628
-1275
1284
-1708
-1573
151
6467
240
910
7107
-1599
-475
370
2929
2306
-19
-668
3194
-1231
-2628
2701
-352
3940
-3263
-596
1222
-1296
764
5838
235
2625
3168
49
1801
3699
651
-1592
-2171
128
190
927
-1068
1270
-849
1840
702
2593
-1581
2639
6673
2633
70
1015
117
1609
-874
-4800
-3273
4247
1491
-935
1858
2236
-481
-688
3589
-23
7571
2558
661
-1261
-4407
-1237
444
899
-1698
-4248
-2691
-2129
3986
-1458
-1130
2667
2011
-141
139
1246
732
1279
428
-554
-5137
2466
-4753
1988
-1368
-1270
-92
-836
2
1852
-447
658
268
1911
-72
403
-981
-488
-3017
2316
-3201
1474
-3437
838
1191
68
2108
1716
861
3712
-2258
-1154
2205
1698
2823
-1763
593
-1694
-1124
629
2109
-3377
-1388
2517
-2607
-491
5500
-1599
-1069
2023
2065
1967
-549
-353
-581
4648
631
1434
547
1801
-3359
-3401
-4899
1491
1435
-2889
6
2976
3169
5364
1912
435
-3398
-119
-441
-2796
3186
-1009
-1968
-861
1676
-1587
3059
-670
2863
570
-2543
-840
-695
142
-1282
-1841
3002
369
1131
-180
-1256
3953
-2319
1408
-2457
-1630
-1210
2275
-613
-4544
1277
-1736
320
1991
1171
1388
-806
1116
1229
-665
-925
936
2302
-779
-435
328
-929
-1450
-322
-146
718
-3496
-1799
-899
101
-2294
21
-917
4495
-76
-1341
-1357
-4430
3801
191
-4119
-2399
1304
-102
-2719
366
-113
1342
3358
1829
-3351
1664
683
-1302
-549
-1126
157
-1835
-2142
4673
-3112
-2917
-695
-4042
821
-1096
-3065
2595
-3365
-2773
1507
-1771
-4472
2412
1130
-656
-671
1904
-3316
6509
-1799
-1254
1313
-1644
-2307
-1710
2180
-942
-294
2368
2244
662
57
-626
-1859
586
-2229
-909
-744
-619
2360
727
-4781
-1353
167
505
-1513
-6
-35
-4742
1266
-1065
-1593
1770
-320
1294
963
-1652
3554
-1170
3506
-1842
-26
-746
-530
1941
-1101
-2421
-3200
-142
6707
-250
-1724
-2991
1169
-1730
-5070
6790
150
-904
3384
-1057
-1392
-2787
1990
764
-1127
2924
-563
4503
369
-1266
-1194
-1192
239
-3504
-1476
-812
2208
2073
754
1744
-510
-342
5
734
-3740
3499
-2110
1762
-233
3399
-755
1471
-1500
-2625
4567
-720
-1101
-176
1558
564
3167
-488
-3630
-3204
2202
1483
330
-2462
-2237
-2019
-3993
-573
1166
-413
-2393
505
1447
-2459
466
6784
-1364
-301
-428
4717
1922
829
-498
4225
1529
-3402
1451
1343
2552
-2846
1379
-630
-1087
2665
1012
964
-939
2531
1324
1453
1795
-397
-218
-2083
2628
606
586
-1231
-1817
-1731
2033
1963
1082
-13
4265
7145
1797
221
374
36
-830
2123
-1244
50
2227
1468
2
3055
750
842
107
-55
414
3975
1672
-101
-2397
-3189
-1718
1730
2660
90
-3156
-2145
-3856
2479
-2130
-2226
3738
112
-1131
-2680
2720
-373
1055
671
1941
-3386
4802
-2520
-1773
-150
-739
-138
212
-973
1081
217
-2125
-1765
1571
-1004
737
3709
-749
-5090
2697
-4021
-2211
1060
2883
-1271
-96
1346
706
2143
4001
-1912
2176
1142
181
2762
891
-1010
-177
68
2657
731
-3105
-2093
1417
-1650
361
5205
-1140
-2629
1521
1248
2372
-1062
-1659
-556
768
3289
-762
243
2542
-1839
-2260
-943
-1215
-738
-411
1315
-755
895
5088
466
-2476
-510
-595
-1917
-2484
2772
-3865
-3864
3073
517
3
2550
1553
-1629
1104
-3674
-1559
-2424
-434
-2276
-2407
4767
538
490
2129
160
146
-2104
-2364
866
-512
-514
-101
-716
-727
-936
4985
1193
1807
1211
-587
880
863
117
136
-940
-1440
91
-1597
4
3691
-143
641
-1940
-1522
700
-814
-2748
3824
716
2903
-426
-529
-612
3497
-355
595
-1143
-497
-1043
1060
-2298
2947
-1603
37
-104
606
28
1174
1986
-664
2545
961
-913
2645
-1481
-5508
-2012
1156
-1043
-1126
-163
2361
-2973
-576
3360
-563
5742
-597
35
1206
-128
38
-524
-1545
-3215
-1963
3604
157
1054
-1438
-242
-54
-556
-1518
377
-808
2072
-646
-65
-1738
-1174
-396
-2727
1736
-2374
-877
-713
-902
-84
3285
-1410
-163
2146
941
1243
-1900
-3940
3070
-3
916
424
3366
-3062
-1336
1972
55
1267
3232
913
3033
-1084
-1563
1655
854
3546
-1292
1562
-827
-1724
-1580
1142
-174
-2304
297
-1942
-2546
2411
-2056
2047
3147
2939
-401
-24
1147
-1738
5321
112
3611
1411
2852
-3237
-2656
-4502
-2791
869
-2059
-1754
3795
6829
6290
1910
-189
-4916
-276
-1117
-2674
1081
-375
-4588
-1156
690
-708
3004
774
3223
1930
-2724
-2629
-1328
-2531
-1907
-2162
3143
1500
3243
-2409
-317
3343
-3345
-2995
706
-734
-1412
-2507
-1134
-1567
1907
5
1881
1551
1433
-616
-1849
-489
325
1124
-1633
391
-1278
-1720
-2
-126
375
-2391
-353
1472
-782
-1944
-4858
-2110
789
-2270
276
-925
-162
1151
-1329
-635
-272
1697
57
-324
-2795
2390
-2551
-366
861
-1827
-1002
2361
1936
-627
2093
453
653
295
-648
-3579
147
9
5253
-716
-2915
652
-5241
-993
653
-3746
747
-2820
-2481
2167
-1404
-2269
286
630
-944
1702
3592
-3331
1097
-845
-2877
-947
626
-2394
-2306
-601
-43
-818
3427
-346
-1235
877
-1057
-2172
-302
-3954
-606
-944
1107
5220
-88
-2109
835
-1143
1750
-1859
-409
1415
-3656
1076
-2715
-1278
1529
-64
-1382
111
-1778
3471
-1481
4701
-2230
-1015
-283
-1502
3631
-1633
-4132
-2506
-859
5446
-2863
-2017
-1267
2168
-3029
-4495
5994
-989
-220
3219
-39
-2633
-788
2991
-1596
2432
853
632
47
872
-1547
-2543
-1230
285
491
286
630
1538
2127
2153
2405
-1139
-2093
-562
305
-721
3635
-1869
-1541
-156
-272
53
3141
1904
481
128
-1523
-265
-3135
367
-511
-1473
1770
-277
1722
438
-1201
432
-1852
-1237
-2017
-2275
465
-906
-1181
-3858
-335
1143
-741
3293
412
985
233
1796
1953
485
-261
684
1063
1384
550
1547
2488
-290
-1205
-474
496
-1403
-1555
-364
761
708
-500
-351
2248
1217
-2716
679
-1668
3489
-1792
-1947
-907
1845
-210
-830
2026
1058
1024
2503
2686
-1842
1437
1238
669
320
-408
-1166
1159
-1526
748
-1464
-919
-876
-3643
1705
-196
420
3698
-1278
-316
-1189
-1073
-498
3262
-615
-71
-1279
5047
-2263
1537
-2645
-1215
878
-2543
-2644
-1293
1778
-197
-106
1342
435
502
-234
-1443
646
887
-2139
-619
1536
967
1901
163
-2973
119
-687
2392
-2438
-1561
1074
-2989
1994
216
-777
980
608
813
213
-632
3398
62
2419
-631
2116
325
-1185
3362
-1556
-97
-783
462
1675
-539
-462
-2923
-73
-2296
-2394
3386
-603
1671
2667
2241
-951
-910
600
-2433
588
3915
152
-471
-787
220
-2453
-4156
698
2463
4
-78
2878
-396
385
1953
3759
-1771
168
1580
1503
-545
2724
628
-3624
-755
3840
-1973
132
6416
-3273
1791
242
1320
-515
-20
-1364
-1156
1939
3279
-3064
-4391
1450
349
5065
-2282
1226
-29
34
-1627
-1422
3371
-3469
-1418
-623
-2233
3557
-2955
208
-1967
332
568
2902
514
190
263
-4980
-1052
-1495
4506
2154
2483
-2852
-3043
-811
-2709
-1528
-696
-4865
3620
-3313
-1996
-2046
1071
2496
-893
-2087
-600
1280
2355
-2859
32
-835
-48
-1524
-540
-3801
-1776
-2854
2000
-162
-558
5017
-1013
-5613
3202
-2532
-4492
-4650
-274
-242
-1535
-316
-215
-4418
-1895
1702
-1094
-1658
1580
-310
911
1831
-662
-1245
1609
338
1633
-2797
-839
1037
1303
1476
1522
49
2276
3772
3533
-202
2169
225
-335
445
1205
467
1183
-1878
3088
-2914
-2259
-1578
1326
-300
-590
-4370
-1185
303
-8
-1790
-158
1253
-64
2713
-3776
3752
-3702
544
1793
-1449
-3431
-1397
-1064
360
-4484
-5669
2518
4608
-2052
-2653
1864
3937
599
-1300
2488
1058
929
-689
-3816
-1631
-2152
8
1359
-5055
464
-1278
104
608
1940
-116
200
-2843
-1475
3228
2625
-2019
-3182
392
980
185
-969
952
1358
2031
-1129
-1112
-65
48
-1468
7608
-2872
2805
1921
-2510
286
-917
-902
-1080
602
-1203
121
467
1968
-611
-2368
-4674
1348
179
1608
359
-354
-1124
-2300
3167
278
2999
-1455
-2696
-802
656
-2393
506
-3332
2547
1550
2311
-2194
2806
209
585
1664
-1321
2370
3008
3770
-1896
-4676
4986
-3161
4742
-418
-4184
-2260
930
570
2272
6063
-2473
-771
5058
1276
1971
-1828
1763
1313
2127
-1435
-2940
1143
663
-910
-3551
4265
483
-615
-849
-18
-3057
-3546
235
-932
-983
992
1528
3627
3907
3996
1449
-314
1770
1863
2671
-1188
-2236
555
450
1009
50
-3613
-1221
151
-3584
274
1317
2202
-154
4588
-2638
1261
-99
1550
593
-395
4597
-2602
926
3477
2033
-29
-708
121
2607
1714
-1612
1199
1903
-4402
1298
5602
1174
1578
1370
-3966
2157
-1019
2396
-312
4205
-188
-1122
4305
-2529
696
199
608
887
-731
-4317
808
-5788
-1172
-1940
2898
1661
153
-1322
-1538
-1877
3101
-1611
1721
-752
1333
-2505
-1808
2660
-1600
3350
4290
2958
-4373
-2413
-7752
138
-93
-5266
-3445
7493
7391
6050
2002
2966
-5336
1023
-1625
-5344
1208
-399
-1550
-3357
4723
-3420
1475
-3020
4173
3851
-551
-2647
1887
-867
-215
785
1152
-783
468
-1370
-40
6185
-3441
584
-1734
-2169
-2057
1648
-1478
-3500
3842
-4349
573
-886
6582
-1819
-3951
-1419
2172
948
-994
2535
2514
-1289
-2830
-1667
-1699
-773
-126
3500
-1526
-3594
-1569
-4098
644
-5175
3432
188
4669
-176
-107
-2862
-3302
3165
2417
-2922
-2728
-706
-1810
-2
86
-1418
-1398
4051
5018
-141
332
596
-394
-2250
282
1677
-1252
157
10795
-1294
-2587
-35
-4172
-359
-1891
-5395
-1153
-3234
-4454
2962
-4070
-5648
1163
3902
-41
888
-3772
-6393
6889
47
-2556
1695
2195
-1898
-3234
1507
-2037
1703
4796
3091
-2987
3242
-1741
-5261
1012
-4366
-168
-2509
-65
2155
1511
-4016
-3518
452
-132
146
3896
-1335
-7563
1299
-6018
-4470
3891
1005
-1627
600
-2824
2173
-2443
5514
-3829
-970
-1339
-1216
1188
-724
-6712
-4889
-342
13094
-2130
-4950
-1197
4415
-2028
-4325
9821
100
-4832
1590
-3077
-1094
-2108
2558
1310
-677
1428
-2421
266
2205
-2478
-3132
-3072
-2487
1310
-1510
-940
3049
4175
5638
1614
-1221
-2397
-652
-2561
-1946
2146
-1183
-3936
-282
-178
-802
2829
1156
1989
-729
-2203
-2044
-1957
-1789
-2486
-3288
3052
2318
3326
-755
-1331
2092
-3472
-1374
-111
522
-604
-1568
-1622
-1612
1708
2579
1746
2220
-219
-451
-1168
216
907
499
-1271
-1015
-597
-2494
-34
-20
129
396
-981
-109
-951
-1226
-4117
35
629
-401
-1377
-1399
763
1762
-1566
-762
-1322
1446
-1717
-851
-3461
3282
-634
-623
-240
-2362
-559
1064
832
-1590
1010
1144
-390
2116
-1061
-3427
-1037
-345
4103
-1209
-2442
889
-4825
-1258
1339
-2271
2058
-3302
-883
1564
-1096
-892
366
-122
-2327
472
4387
-1085
2022
-357
-771
-2022
-523
-1687
-1152
-916
1393
137
1729
-520
-577
-617
-1753
-261
-142
-2503
-1001
-946
1681
3597
-640
-1961
948
-148
3147
-3461
-1819
1108
-2386
1252
-1609
496
-866
-400
314
401
-539
3532
-1432
4588
-2228
-1301
161
-1001
4067
-2265
-1791
-2634
-768
3260
-2365
-600
-1913
1822
-1615
-2599
5022
-900
51
2568
916
-1321
-520
3171
-1753
2411
710
1072
412
2567
-2667
-2662
-4080
-412
2192
-2556
-1097
2223
5672
6401
1370
-499
-3790
201
-1435
-2183
1836
-1337
-4106
-690
1542
-2014
2981
256
1909
2542
-2985
-1700
-2022
-1244
-497
-2309
2902
1002
2391
-924
103
3733
-2859
-1735
-762
-1655
-1216
-1088
-1064
-2963
830
-755
2368
2692
1183
634
-803
1342
521
477
-1474
468
-956
-1675
503
656
-103
-3049
-1011
-472
-97
-2084
-4099
-1654
578
-2274
458
-560
1412
687
-2157
-1475
-1824
2284
-256
-2719
-1926
2805
-1357
-1509
802
-835
-96
2878
1840
-692
2698
1089
-217
251
-1216
-3150
-394
511
4435
-1547
-2933
785
-5417
-331
-18
-3314
1548
-2775
-2111
1021
-2324
-3062
1839
-94
-430
-550
3520
-2439
1826
-1267
-2784
711
-239
-3054
-1148
958
-1091
-133
2803
-705
-753
-397
-1178
-1744
871
-4078
-864
-676
690
5287
181
-2957
2062
-814
1619
-2349
1
503
-5496
776
-1696
-1234
2916
-1136
163
1226
-1484
3031
-1600
4095
-2273
-268
43
-1472
2903
-3083
-3393
-1966
-1166
5633
-1407
-1770
-1595
749
-3614
-5291
5693
-284
-141
4375
954
-2744
-1526
3990
-767
1417
2147
176
-574
1467
-1907
-3195
-1711
-273
845
-69
1065
276
900
4002
1980
-1976
-1077
-768
-691
-1552
4349
-2412
-2721
1204
-365
272
3365
1540
-352
-655
-2681
-384
-3006
-304
-1610
-2378
3599
308
1356
1024
-1289
385
-1950
-567
-1646
-1350
-340
153
-698
-3297
-506
2657
632
3717
-501
1491
994
1830
1136
-172
-499
-934
964
-496
557
2170
1077
-38
-1421
-1912
1204
-2074
-1656
1721
241
1137
-1292
-804
2192
1654
-1733
358
-2818
2697
-1700
-2008
-1830
2849
286
-2061
1027
586
1111
2331
1318
-2481
1878
1329
-157
1491
-1700
-2689
-1304
-1478
145
-2267
-1862
-7
-3235
974
768
-233
5009
-1685
-275
-648
-712
-1184
2596
-636
-1269
-1561
5187
-1072
3355
-2396
-848
534
-2788
-1959
-1114
1502
762
-702
1003
-58
498
-1241
-1653
1169
200
-1676
-897
619
657
2751
-297
-2513
846
-470
1866
-2343
-2854
1257
-2167
1784
982
1105
-804
-355
1675
203
334
3056
153
2983
-1089
569
376
-107
3772
-1486
824
-1181
99
503
50
402
-3290
-407
-2011
-2936
3741
-675
1667
3668
1691
-992
-1571
1494
-1818
1238
2966
1235
230
600
32
-2113
736
-2384
-138
-45
2266
-1459
1349
2764
850
-3350
-35
134
-464
-1514
2392
-2502
-1692
1813
506
2568
1932
1116
-952
804
-3433
-829
-2727
1099
-421
-1190
1751
-30
-221
2538
-65
-1415
-2254
-2837
-248
-1476
182
342
228
-1613
-1433
4228
-455
2424
332
1554
1464
2092
402
1731
1246
-745
-275
-395
-57
2292
357
-307
-2218
-1221
1088
-573
-1934
3424
-425
1517
-1208
-1290
-2327
1775
-2268
417
67
-97
-1585
1557
-2125
1773
-1099
633
1467
385
620
2119
2724
520
3083
-1054
351
2811
-14
-5479
-474
308
-3034
-647
1041
1984
-509
-497
2601
1197
5984
624
1299
-1407
-460
-537
128
-1162
-830
-3763
4361
850
-1618
-2708
-1714
777
-1131
-1334
447
851
1721
-2368
-427
-1723
746
207
-234
1103
-286
-728
134
982
-1263
4485
-1663
-1703
4730
1060
987
-1161
-1844
1079
-1916
1473
97
1906
68
399
-209
1955
3113
2608
2095
3069
227
-1273
1505
-352
4276
-1044
-799
-1477
-350
-3833
1283
-407
-1337
-155
-1356
-2270
2512
-1464
1446
3592
4813
39
-130
-62
-1170
2900
1928
1893
4083
3520
-3971
-1519
-6680
-1526
300
-4248
-3217
3724
6741
7637
341
744
-2665
1857
-3038
-6088
1519
-3257
-4112
130
5786
-3241
1705
-2688
-597
6945
-2774
-2566
1219
-1622
-102
1323
2912
-1548
-736
899
1214
4666
-2394
-2126
-694
-2212
-2609
-416
-321
-1460
2251
426
3375
763
7538
-1543
-2038
-953
890
1849
-1150
657
666
-3910
-2455
314
-2265
448
-1528
778
-715
-1851
-1179
20
550
-2970
4698
122
1329
1902
896
-4030
-2338
370
2481
-678
-2696
1191
-1543
627
131
-465
-2747
4201
5343
3190
2604
480
87
529
-1413
-4374
-3536
4696
7378
-786
-1537
2830
-2478
-2454
1244
-5400
1836
-211
-2058
1135
-5528
-4061
-110
3261
-737
-746
-3787
-4232
4227
246
-2927
2717
3985
-773
-1377
427
-1725
1474
3739
-515
-5677
2243
-3273
-3681
-119
-4837
-292
-3315
432
5753
958
-105
1091
357
-918
1046
2471
-1052
-7165
626
-6218
-554
2002
-718
-1293
373
-60
499
-1502
6104
-3833
-2392
-19
-13
2805
-2182
-4918
-2751
-1378
8125
-135
-4751
-207
4220
-3600
-3016
8799
-212
-3349
3914
-627
-1068
-1530
3722
1083
3527
-174
-449
4824
3440
-3336
-2752
-6317
-1794
-992
-3371
-4271
6987
7300
5413
2639
2118
-3794
70
-2154
-5240
1225
-699
-3267
-2659
3668
-2886
893
-1449
1652
4080
129
-3569
749
-2413
-43
516
1661
-936
1295
-1791
385
4260
-4534
-1855
-680
-1665
-1809
-1102
-2702
-1883
3338
-1664
1551
-67
6763
-2695
-3736
-1782
2166
1853
-1167
976
516
-1557
-2507
-1509
-145
64
-789
2974
-1663
-2980
-2835
-3229
1167
-3816
3217
217
3042
1033
-544
-2180
-1278
2165
665
-766
-2389
452
-2407
1201
341
-2094
-3229
2852
5624
1339
-127
1525
969
-866
127
-309
-905
1165
10234
-147
-2478
213
-4137
-690
-459
-3964
-289
-3280
-3561
1559
-4297
-3669
1269
2955
-1160
566
-2304
-5408
3570
660
-3168
443
2293
-2095
-3627
1533
-341
2518
4610
1348
-4204
3420
-3124
-3540
484
-4873
-201
-1948
2443
2565
1251
-2224
-2366
-597
1210
-834
2191
-1329
-7203
2328
-6390
-3253
2250
1457
-2337
-303
-2331
1037
-2542
6582
-4630
-1083
-1385
-1239
2352
-1484
-6143
-3775
-610
11090
-3588
-4536
-598
3915
-3097
-3120
8534
-970
-3776
1587
-1995
-1412
-1240
2636
-1103
1100
946
-1333
239
1329
-1724
-3093
-1323
-1383
-316
1547
1418
485
-1438
3594
1762
-2309
-362
-125
-1242
-833
4051
-3678
-2504
1832
-746
2625
1747
2712
-502
-3009
-1821
-1247
-3047
-471
-1932
-2326
3724
494
2379
1753
-2335
-1697
-1748
-189
-838
-173
-4
214
-2408
-978
506
6099
-703
1880
46
-526
-289
888
446
1576
-139
-484
976
-211
-53
1569
1095
2762
-1405
-344
1345
-1177
-2765
5011
-356
3865
-1739
-1879
1375
2855
-881
1261
-433
1166
-2225
426
-1593
3521
-155
580
341
674
-264
144
1629
-1425
-171
669
1096
2709
-1400
-3343
-1431
-1183
-424
-1360
-734
36
-2622
1552
3647
1185
6404
-648
644
698
-543
1334
-95
-711
-2082
-664
4124
-475
2589
-1387
1013
-2185
-873
-337
-238
-302
3338
-890
1176
-506
-46
-819
-2905
3571
-1189
-1234
273
922
702
959
-1127
-70
211
366
2806
-2302
-5260
2097
1654
2350
480
2513
-4760
650
1190
644
958
4339
308
2751
-641
-1124
1128
782
4354
-1391
1609
-3269
-132
-2435
-454
-127
-2152
1440
-490
-915
3190
-1567
1800
1277
2690
304
160
-23
-2366
3512
405
2590
-299
2310
-2248
-3512
-889
-194
-76
789
1430
-1796
-1107
5655
627
-2888
3
-788
-2412
-1496
4373
-3884
-4186
1656
-44
431
2111
1606
-1942
-27
-3223
-2596
-3647
-631
-1359
-3216
4549
985
1991
2228
-722
-833
-2867
-1555
-133
117
-703
-298
-2411
-1095
-340
7313
1617
2794
387
69
437
637
1535
1137
-1461
-2537
919
-2350
593
2397
156
839
-2967
-1685
1743
-1372
-3095
5710
522
2562
-1498
-1419
588
2576
-1114
-482
-1532
518
-2039
723
-2727
4162
-878
-614
-573
166
572
586
1653
-1572
261
2143
381
3240
-2267
-5906
-2862
954
-110
-2066
-1075
1610
-3709
-808
3967
-872
7337
-777
426
168
-522
-62
242
-2178
-3406
-2168
4440
-522
2543
-1408
-419
-1225
-467
-982
-137
-253
2502
-1407
-168
-1957
-1130
-583
-2911
3874
-1760
-1102
-1327
212
885
2669
-1660
-766
1859
614
2544
-2547
-4851
1409
-312
2502
646
2790
-5050
-841
2272
-223
1035
3375
-426
3335
-2007
-1835
2399
444
3239
-2652
2140
-1868
-1084
-2128
767
-718
-2920
396
-1698
-2593
3469
-1676
2370
3466
2130
57
-646
1032
-2194
3870
297
2950
3517
2917
-2885
-1673
-3301
-28
-2195
-1442
11
-1160
328
5970
-270
-1656
566
1968
-2857
-5305
4116
-6266
-2375
2211
5049
-154
564
-1520
-4411
5571
-3331
-2375
-909
359
1085
1826
3277
-3044
-2423
4929
1197
363
-1700
-1897
-1076
-2859
-1800
1946
-1149
-1360
-270
5777
1511
705
7674
-1247
-382
541
1559
2551
81
-46
2638
-1827
-2399
3348
-1427
1972
-3260
-409
1874
-2018
420
5913
-247
2058
3773
218
1340
3459
1276
-1692
-1969
-841
1563
984
-1256
1742
-1461
1539
573
2909
-1660
3349
6645
3314
1441
611
737
1279
-1748
-5851
-4080
4672
1431
-855
1253
3359
-323
-758
3954
-1491
7604
3389
160
-309
-4257
-2250
-102
834
-1289
-4373
-3298
-2465
4411
-1638
-1881
3361
3181
-5
341
1339
407
-95
1506
-1475
-5241
2022
-4461
1296
-1126
-2599
393
-1336
-1218
3656
-483
713
1669
1742
-999
1688
-1062
43
-3298
1827
-3013
1872
-2399
24
632
564
2452
1670
803
3972
-2352
-2480
2446
1604
2733
-1900
-476
-2582
-1105
595
3130
-3807
-1148
2588
-2792
-1946
6272
-1401
-1162
3308
2442
1311
-560
492
-52
5388
-66
1822
-376
2501
-824
-3205
-3269
-2103
3164
-2879
-869
4078
5065
5551
2807
304
-3832
189
-2018
-1116
1666
-394
-3283
-1971
608
-603
2552
62
3746
-885
-827
-1172
-2034
-1221
-255
-3848
1293
1462
3192
-1889
-1473
2157
-3332
427
-1538
-1010
-1283
-277
-2228
-3183
1553
-2107
1912
2903
-625
1161
-1563
1749
385
412
-172
615
-1700
-1617
556
4
403
-2457
-426
-355
-153
-2793
-4773
-2599
-289
-2295
-942
-1557
2672
-45
-3093
-1295
-1543
3083
-2087
-3257
-2464
2783
-265
-1925
502
-2679
-33
1991
940
-1531
1505
1169
309
749
-1549
69
-418
-2903
5206
-1852
-4742
-90
-5926
709
-973
-1323
510
-5317
-2888
275
-886
-2881
3571
27
-255
-571
5036
-2117
2009
-1082
-2265
-563
-2402
-3129
-1887
2262
698
717
3269
79
1016
-1454
-1013
-1460
2417
-3933
-173
-238
1955
3724
314
-3400
1929
-1539
3836
-3277
-314
-276
-5803
1467
-1163
-2004
3711
-322
-174
1992
-1299
2258
-2360
4638
-1758
-516
-1283
-2203
3634
-2829
-3837
-3971
-140
6571
-3504
-1040
-1279
355
-2351
-5214
5647
-138
-837
3152
614
-3051
-2042
4502
-1493
-504
3398
-805
575
977
-1870
-2343
-1097
-634
-123
416
454
1943
1436
1966
2448
-1422
-1934
-692
-60
-1313
3681
-1964
-1680
557
-584
695
3183
1770
152
-969
-1084
-379
-2608
-43
-1375
-1350
2451
-105
1552
232
-1225
-237
-1617
-1110
-1314
-1427
144
-589
-1178
-2871
-46
1868
-800
2793
456
91
424
910
1553
512
-70
-78
1523
928
166
1520
2059
903
-1292
-383
156
-1012
-674
203
837
1065
-884
-48
2216
1735
-1552
1547
-1791
2899
-1454
-1291
-1512
1841
-328
-655
1518
183
651
2206
2124
-1805
1073
1309
733
329
-501
-1211
272
-1579
575
-964
-625
-522
-2673
1896
283
171
3550
-1069
-89
-927
-733
246
2380
265
-651
-664
4713
-2193
2573
-2148
-593
139
-2063
-1844
-1926
1473
1055
-401
1624
563
143
-163
-1942
662
520
-1893
-343
999
651
1507
-143
-2043
-453
-465
2006
-2103
-1959
1865
-1341
2099
187
213
-573
949
264
-345
239
2660
642
2999
-1002
1412
-29
-663
3959
-417
651
-1111
537
738
-535
-26
-3296
64
-1104
-1300
3753
-865
1010
2045
1868
-166
-480
155
-2492
1271
2800
792
828
-1260
-651
-734
1321
1239
-347
267
1307
54
2042
-1572
1534
-2032
-1323
-975
2413
-1048
2687
-380
729
744
26
46
3237
568
-458
1373
-685
1434
-2616
2221
-110
1406
397
-1448
-1908
978
984
22
-418
-2194
-1061
-2959
1667
8
1865
-3204
-2171
-1503
-2176
2761
671
2100
2917
1547
1833
233
1006
141
2162
2527
411
1774
2076
-1130
-1424
-989
-353
268
2536
-1973
1571
-1379
-213
1296
23
-236
-2633
1429
-1781
2999
0
-1367
-523
-1160
138
-784
2279
1201
2423
3798
2440
-1315
2974
65
617
-564
1645
-1054
2554
-434
-3190
-142
2219
-436
953
1692
-2111
596
2338
1381
1333
-3080
-753
-166
2875
635
1402
-2005
3787
-1496
-184
-2804
-1220
3507
-2585
-1987
-1582
2388
-1533
-1845
11
357
1734
844
455
-1969
1115
-897
-642
2162
-1499
2007
343
-3679
858
-30
-1051
-360
1669
1439
-3509
1097
929
-446
3597
858
-934
241
834
434
2839
1547
-147
3572
90
-1070
2381
1062
191
2104
1340
-1100
2411
439
-3266
-1594
-704
-114
667
-160
1614
3117
3186
631
-670
-1748
-927
-983
4451
-347
-88
2263
-1524
-2013
-977
-1471
-313
-881
1630
-115
1978
4166
833
-2142
-1474
-709
-1061
-2491
1670
-2625
-3469
2652
326
319
2510
1415
-313
856
-3223
-1066
-1928
-109
-1973
-2231
4250
780
321
1145
200
339
-1737
-2410
903
-691
-393
102
316
-1322
-1274
2292
687
1557
471
452
1176
1228
-722
-216
-314
-652
-410
-887
503
3392
-313
-1020
-1204
-1396
612
-956
-2572
1625
604
1660
-502
-439
-1062
2441
-999
848
-1163
-426
-560
875
-2139
1896
-1668
-745
347
479
446
1718
1432
-1173
3487
192
-851
1985
-942
-4413
-1130
-223
-1208
-1090
-663
1748
-2735
-84
1816
-597
4332
-1272
-497
949
286
-582
-180
-1134
-2303
-1799
3996
-25
561
-1811
-874
369
-1337
-2084
-24
-445
1355
-1332
271
-1222
269
-586
-1205
411
-1756
-902
-343
-548
-499
3385
-1281
-958
2667
647
555
-1470
-3214
3167
-646
482
966
2753
-1023
-1093
1138
446
1124
2505
1239
2657
-483
-1523
756
209
3018
-389
96
-989
-1358
-744
1089
29
-2251
-262
-1726
-3609
2131
-1921
2078
3177
2677
-1088
-210
769
-1257
4012
738
3050
574
3039
-3150
-2245
-2615
-1403
189
-1464
96
523
3854
6430
565
-1653
-3175
-56
-1825
-2795
2452
-2919
-4608
1098
1046
-308
3250
697
733
2667
-3842
-2132
-2491
-1239
-1929
-2070
4330
982
1548
524
476
2013
-2224
-2892
1190
-914
-998
-1412
-703
-1448
37
2861
2053
2132
1729
-514
75
156
280
722
-1505
-429
1
-2161
411
2591
-277
-1738
-1538
-311
301
-1125
-3211
1102
1020
404
378
-285
-536
2387
-747
-79
-873
477
377
142
-2787
3125
-2203
-622
449
-120
145
2324
2156
-527
2865
997
168
1213
-1560
-5393
-1073
1587
1257
-897
-1292
2195
-4333
-1200
2164
-3043
3763
-663
-895
1656
-839
-1193
55
-1099
-1790
-485
3770
-1983
1439
-1615
-1747
311
659
-1828
-398
-1005
563
-1541
1704
-1701
-1749
53
-2057
-137
-1341
-2833
-923
-1111
-349
5206
-858
-1255
2152
-24
1233
-1442
-2161
2597
-1873
574
-414
1483
-803
-1497
676
-57
36
3650
-137
3751
-1715
-1369
1303
-532
3564
-1554
-694
-1329
-1108
1389
566
-1341
-2282
1146
-2678
-3690
4281
-1400
1596
4066
1754
-1433
-348
2266
-1743
4634
405
2540
4737
2712
-2465
-2434
-4847
-1698
-2585
-1300
-3129
6085
5300
3298
3035
1962
-3498
-552
-684
-4050
1951
-750
-1595
-2932
2274
-248
331
-254
1527
3384
752
-3339
-4
-2032
-390
882
1054
-833
1227
-1443
-249
1985
-3556
-1767
-314
-1842
-909
-2153
-3032
-1538
3048
-83
-247
-334
6228
-2812
-3667
-2225
2861
2088
-659
795
1728
623
-2683
-1237
1600
532
-468
4244
-800
-2831
-1872
-1787
732
-1821
2508
-132
2661
1376
-376
-382
259
2314
406
1221
-2275
692
-2801
1572
1408
-1050
-2470
2129
6394
756
-880
1001
2337
-1334
778
581
-219
260
7424
208
-1368
-678
-2812
-473
-309
-2218
1039
-2114
-2315
1139
-3291
-1502
1482
1806
-963
501
-1723
-5607
2330
-430
-2637
-576
1464
-1271
-3128
1412
1018
1764
3908
2501
-3978
4464
-2895
-1755
-367
-3349
343
-729
2033
933
1288
-2229
-3223
-817
1612
-252
1645
-1208
-4596
3068
-4993
-3007
142
2718
-2216
-556
-1776
2524
-1840
5902
-2938
-5
-560
-1682
2392
168
-4471
-3467
675
7815
-3172
-4622
-1050
3751
-2236
-1389
7301
-1320
-2309
915
-1685
-493
-529
763
-2606
874
1199
-371
1163
2304
-3549
-3244
-3724
-1589
-609
1172
-863
3441
1921
2667
2606
-495
-2348
-43
-1036
-1692
3880
-3351
-2974
-159
-445
2310
1822
2511
321
-1182
-670
-1720
-2898
-2255
-1354
-881
3283
-80
3740
-604
-2308
-443
-858
-536
-999
-1015
-94
-2464
-3033
-1833
1447
3020
-80
2440
1940
-2516
-1653
-647
945
1778
-750
1701
1591
907
-329
720
2391
1739
-49
1275
836
-1588
-1691
493
193
2586
214
-464
3540
2611
-140
1867
121
2808
-453
-536
-1086
3743
-650
368
1661
423
-1663
1003
2776
-479
-199
1805
2675
-39
-1444
-208
-25
-1129
3284
-217
-1880
-1292
-4384
2595
1192
-266
2922
-550
-637
157
-1913
1430
1733
205
-6
1207
3160
-3824
3405
-1655
-555
-2282
-272
-762
-1686
225
2081
184
3872
1313
-2263
-325
-3595
2070
503
-4488
764
1145
1481
1240
543
-35
-1551
-1655
3833
-1741
-3500
1325
676
2039
-543
282
-3132
1422
-239
-800
-597
4333
-708
3633
-1793
565
-268
-903
4703
-609
-173
-2787
1263
2373
-1937
-1478
-2059
1527
-1176
-865
5178
-1013
1364
986
861
-991
426
625
-4416
2636
1000
1630
2373
-970
-890
-1514
-382
1198
-2359
723
310
729
795
-865
1650
-500
-1838
-1633
2440
-681
2391
468
1763
-1379
-334
1423
851
450
656
888
12
-900
-1599
839
-411
1044
-48
-520
-566
-335
307
-316
-1466
-1316
-498
-1807
955
-364
-439
-1002
46
86
-2836
-76
1720
306
-105
-568
2984
1003
-82
-610
3083
3125
-1481
-45
2341
-692
-670
2154
137
-1062
758
164
400
-1065
-406
-105
604
-71
-1084
1458
-102
2704
121
922
-1014
-532
-1556
373
1402
510
1355
1647
3387
-1570
-230
-218
1285
-1339
2342
82
1491
-928
-797
-134
1887
-1193
972
209
-979
241
2217
691
232
-543
-283
176
1170
380
66
-529
836
-2626
112
-1966
-879
411
-1219
-797
-2128
1648
537
-1285
505
2443
453
3417
-142
-647
-1152
426
-56
1917
-1318
-283
644
-3314
-2024
149
-438
43
2158
32
-1375
2363
-778
-2060
-164
2799
-1377
155
-885
2760
1358
2099
-299
2746
969
-774
1229
1866
-513
-80
1112
-231
343
-1632
-2008
478
-205
415
1881
-678
322
1302
684
1441
-423
-2348
-1256
-1437
2213
352
-203
-768
1943
3354
2733
-5754
1325
1912
2706
930
-1265
-3140
-1114
-499
885
3898
-1667
605
-4611
-1773
-687
2016
210
5350
-2001
850
1483
-4095
2899
1019
2055
2461
1191
293
-2122
-101
386
970
-3318
-5540
3419
-128
2007
2643
667
102
1177
3291
333
2977
-1324
-2548
-357
177
-1111
-387
-5476
3679
4453
4375
-2421
-714
1165
-1268
-1841
4898
917
1789
418
3402
376
2315
-1337
3418
315
-2605
-4663
-221
824
-552
4975
-5877
-377
6269
-499
-1750
1521
4568
-801
-450
-2087
-1824
-852
3722
384
-4116
3771
4035
-623
-1374
-214
-1220
-2599
1909
1497
1493
3649
1646
4042
2663
634
3316
2068
-1339
1500
4538
-4885
1892
1072
721
-987
1043
-3175
1831
2891
-2477
3706
3447
2199
-2901
2920
-2816
-81
-3025
2224
-2288
1260
2074
837
-742
3623
543
345
-760
-1323
6506
4473
1293
684
2979
-4326
2105
5531
-844
-782
4397
-1595
1132
-3619
936
4321
-3029
1004
-1907
3535
-6235
-913
-564
1098
589
-1617
-4402
1354
-6823
1076
-885
3124
3231
5280
2881
-1561
-681
1327
-4176
4057
1651
3514
-4029
1024
3364
-3668
-129
4290
2958
-4373
-2413
-7752
138
-93
-5266
-3445
7493
7391
6050
2002
2966
-5336
1023
-1625
-5344
1208
-399
-1550
-3357
4723
-3420
1475
-3020
4173
3851
-551
-2647
1887
-867
-215
785
1152
-783
468
-1370
-40
6185
-3441
584
-1734
-2169
-2057
1648
-1478
-3500
3842
-4349
573
-886
6582
-1819
-3951
-1419
2172
948
-994
2535
2514
-1289
-2830
-1667
-1699
-773
-126
3500
-1526
-3594
-1569
-4098
644
-5175
3432
188
4669
-176
-107
-2862
-3302
3165
2417
-2922
-2728
-706
-1810
-2
86
-1418
-1398
4051
5018
-141
332
596
-394
-2250
282
1677
-1252
157
10795
-1294
-2587
-35
-4172
-359
-1891
-5395
-1153
-3234
-4454
2962
-4070
-5648
1163
3902
-41
888
-3772
-6393
6889
47
-2556
1695
2195
-1898
-3234
1507
-2037
1703
4796
3091
-2987
3242
-1741
-5261
1012
-4366
-168
-2509
-65
2155
1511
-4016
-3518
452
-132
146
3896
-1335
-7563
1299
-6018
-4470
3891
1005
-1627
600
-2824
2173
-2443
5514
-3829
-970
-1339
-1216
1188
-724
-6712
-4889
-342
13094
-2130
-4950
-1197
4415
-2028
-4325
9821
100
-4832
1590
-3077
-1094
-2108
2558
1310
-677
1428
-2421
