-4717
-4264
0
0
0
0
-2921
543
-768
420
1116
1347
-1653
381
-578
-1296
0
0
-4815
0
0
-1746
-1812
389
2359
877
16
1707
0
0
0
-283
0
2870
-173
-56
0
1811
-1270
123
0
414
324
0
-810
229
220
0
-526
-7272
0
1106
-4322
-224
-211
1281
330
-1301
-388
-250
-1469
561
212
1360
-407
168
0
-65
-1158
6
-452
-7699
154
2966
4682
-1236
734
-4936
-889
512
0
58
53
0
-104
-3159
0
-301
-4634
-2224
-224
-4120
1129
244
-1543
275
-255
-546
-15
0
0
136
-630
0
-2109
-196
-544
-1768
-1394
-559
-163
-1083
930
-381
0
115
931
-2766
0
0
6561
0
-2610
0
0
-257
47
0
0
218
-194
-409
679
-24
416
-2395
0
676
261
0
-1268
-48
-38
-1669
-348
714
-1167
-85
815
-28
-896
657
0
-1457
-64
-3096
706
1651
-418
-1359
-1762
1556
1401
-2058
0
381
-115
-1505
-4212
0
-64
0
747
-363
-1110
0
0
192
0
-635
3865
-77
-2036
-2604
-4169
303
-248
-1023
245
2716
708
-2765
-5421
-5595
0
0
0
0
-23
-820
816
-636
-1882
565
-2056
-351
-1207
-2286
0
0
720
0
0
-1614
-2526
73
649
280
248
1614
0
0
0
355
0
2042
-4113
-536
0
-163
-580
-1841
0
720
390
0
-761
901
204
0
-194
-2351
0
-6
-4503
-2821
-550
-3214
1873
-3034
-1014
-896
-2797
516
284
-153
103
936
0
-260
-5215
159
45
5280
-343
-242
4768
-1748
830
-5368
147
-35
0
-320
127
0
-254
-336
0
626
-4899
-773
-672
-4354
684
54
-2646
505
-1725
1385
-15
0
0
1106
-1966
0
-2409
156
-472
-1281
4626
1240
-9537
-176
-420
18
0
-123
2398
-1519
0
0
5316
0
568
0
0
279
-403
0
0
-794
1247
-997
-2551
538
598
-4895
0
766
-819
0
-894
-219
-32
-3484
-120
-231
-1844
-581
1640
-128
-624
-503
0
-2852
-104
-1872
374
-2006
-1566
141
-2494
-2224
272
-3362
0
138
600
-4025
-994
0
-202
0
-593
-1164
-456
0
0
36
0
-360
-1755
-5
-1167
1808
49
2539
-196
678
205
1375
650
1764
-5979
-3793
0
0
0
-2441
-542
0
-4047
994
3104
761
-2904
-1074
0
-1769
224
0
-3696
-306
182
-527
4968
126
3182
0
-328
-742
159
0
130
-731
0
-1504
-2534
-3804
0
174
-136
-3945
0
266
1698
0
-54
348
-112
0
-3179
-2900
-1073
-803
4953
-250
-891
2421
1152
-832
-126
-23
-1000
1330
-96
113
414
0
0
-245
845
0
182
-1067
-28
0
-429
78
-564
-1963
798
1175
0
828
-544
0
0
-563
0
722
-3515
1524
-2734
-5588
154
-2268
409
-498
-159
-322
-5
106
-1379
-742
-439
0
-127
-58
0
-572
2044
128
1036
-282
0
1986
0
0
998
291
0
0
6328
0
-578
18
0
-721
-351
0
0
-1524
-463
-766
-437
-433
558
-2536
-480
0
-376
0
16
-493
-100
2451
6
0
606
-281
-1172
27
252
649
0
483
168
-76
-1584
-1966
1867
-511
-457
2884
581
530
0
579
-15
267
-2680
0
0
0
-836
49
72
0
0
-756
0
0
639
-154
-1722
-1226
-1551
0
0
-1486
-256
863
-1858
-692
505
-6340
0
0
0
-429
-325
0
1419
-276
2014
1427
-891
-28
-510
-629
-280
0
-3665
0
224
-841
-79
109
2938
762
6
2341
0
0
285
607
254
790
1463
1812
0
1177
-1571
-2833
0
506
1786
0
-395
-731
354
-336
-1050
-6701
-1693
-1476
-2127
766
-305
-651
847
539
-90
1519
-1166
196
525
1559
-219
112
0
-370
-2163
4
207
-7043
61
2258
2756
163
1958
-5429
-663
-99
0
-527
184
0
0
-2753
0
-1735
-1691
-2748
-820
-4121
1320
-1653
-2509
-856
0
-1761
0
-65
47
-2458
-4816
0
-399
-672
-136
-615
-4863
26
-1792
-712
324
521
0
0
1133
-1174
0
-294
6543
0
-623
-40
0
-158
-164
0
0
345
-709
-702
-1482
136
448
-2085
0
308
0
0
-340
-324
-411
-3117
-762
267
-581
-951
-784
-573
-1350
1003
0
-418
-192
-4218
606
-7
-899
-448
-1240
-770
237
-3775
0
147
22
-655
-4424
0
-32
0
654
126
-1317
0
0
1556
0
-127
-1230
-10
-2128
-2245
-2993
-864
6
-2151
-178
5175
1750
-3430
-3584
-8358
0
0
0
-51
-2293
0
-274
0
1509
2763
-1464
0
-1065
-2469
-435
0
287
0
-508
-1504
-886
-320
750
318
652
949
0
0
0
-59
-6
989
-7596
-2682
0
-100
-717
-1272
0
880
1818
0
-70
2041
100
384
-722
-2148
-3567
-1509
-2141
-2314
-700
-1948
367
-2761
-228
1524
-2320
602
371
-84
-150
624
0
0
-4440
106
-162
4914
-50
-606
2366
-97
299
-5119
105
539
0
-178
0
0
0
707
0
789
-2862
-543
-1964
-3375
630
-40
-2490
481
-460
2302
0
80
1
1206
-742
0
-1172
286
-118
-1455
6207
49
-8810
390
78
3882
0
0
1468
-670
0
138
7827
0
1143
24
0
-712
-111
0
0
-85
63
-172
-363
578
644
-2883
0
581
0
0
-258
-243
29
-5616
0
-61
-594
116
490
-192
0
-1382
0
-1973
-312
-2160
246
455
-1054
92
-2554
-3894
255
-3098
0
21
878
-3115
-726
0
-101
0
-270
-207
-1630
0
0
-24
0
-72
-1166
0
-1608
2057
486
2952
-98
739
376
1517
495
3399
-4499
-1849
0
0
0
0
575
107
-1586
1524
4576
1800
-577
-9
-2159
-522
0
0
-6420
0
0
2322
3159
297
-2307
-317
508
-3486
0
0
0
-358
0
-5370
-413
-536
0
1044
230
1057
0
-315
-250
0
1150
736
-144
0
-746
-7899
0
-331
4779
-378
730
1111
-1102
1352
-672
498
-504
360
-260
-219
25
-60
0
-325
2898
-354
-646
-2787
336
-56
-383
537
-2529
-632
14
-154
0
600
-68
0
-236
-6135
0
812
-380
2525
-35
-3833
608
-2572
-3326
679
167
-318
-78
0
0
-806
-192
0
-2886
122
-1016
1823
-8528
-1020
-2123
-1262
846
279
0
-1077
966
1285
0
0
-2460
0
570
0
0
-943
-258
0
0
2466
-231
-185
644
168
169
-1240
0
694
972
0
219
-20
-108
2186
64
441
-3691
-216
-1100
208
432
559
0
-60
-404
-1986
-1497
-1851
-449
318
1009
-3358
-931
-8394
0
63
-287
4445
-2735
0
2
0
-77
858
-853
0
0
192
0
-200
-3275
-42
-3247
-4313
-2562
1169
-234
-2826
-372
835
-4074
-2954
-3355
-3916
0
0
0
495
1176
-363
-202
-468
-1849
-4402
-766
138
-561
-1170
0
0
-6217
0
0
-2436
1871
-452
428
-338
1177
-593
0
0
0
591
0
-3698
-6457
-1468
0
-1415
-820
-4035
0
486
68
0
-347
575
-500
0
-3121
-4108
0
-131
4097
825
-363
-57
321
-729
-872
-749
-1819
213
-332
-184
-921
1284
0
-962
-2526
147
-114
2716
-763
1512
-568
936
-1453
-354
798
-787
0
-174
23
0
-150
-4019
0
533
-1198
-673
-1745
-3461
1385
-2148
-640
-62
-1073
569
-132
0
0
-638
-2319
0
-604
252
-712
-873
5818
797
-9378
-3104
-1260
274
0
-524
4233
-1078
0
0
-3577
0
-682
0
0
-165
-119
0
0
555
-490
-737
-565
43
722
-790
0
-300
177
0
252
646
-72
4989
-183
35
-5031
-1669
-665
6
-1088
-307
0
568
-124
-258
168
-2533
-1645
-121
-344
-1597
-1334
-5978
0
9
298
-1330
-4556
0
58
0
-299
-1386
453
0
0
114
0
-400
-6091
-71
-872
-4600
679
-980
-274
-638
808
-1378
739
2562
-3717
-3374
0
0
0
-2522
-3575
0
-4938
-157
442
334
-2409
-585
0
-346
-64
0
-3695
0
-406
-2223
-1754
234
3615
332
262
1339
108
0
0
-281
-3
1720
-4094
-1942
0
1234
-1270
-3333
0
-79
1270
0
-577
-1663
-1135
0
-499
-5423
-930
-885
-2307
-681
-1182
976
34
-1736
867
37
-2950
1334
371
1883
-164
234
0
-45
-864
-127
-638
-4410
44
2260
1796
-1402
243
-5463
0
618
0
522
0
0
0
-1294
0
163
-5660
1352
-1821
-5782
671
44
1301
135
-342
-506
-60
0
-36
508
-1272
-86
-2649
-1016
-708
-1004
1120
175
-1416
212
54
1528
0
777
1455
-1735
-39
0
8231
0
-1137
0
0
-1423
0
0
0
-1147
-916
-680
-1445
127
740
-2862
0
382
-50
0
-258
526
-57
-136
-290
0
308
-27
-159
-384
-1534
288
0
-2047
488
-2433
934
2311
1311
-793
-2047
1917
1951
-1912
0
2168
139
-1007
-3572
96
-157
-50
-301
-927
-1722
0
0
0
0
-432
2669
-418
-3604
-904
-3428
3702
-127
-1066
1428
2164
60
-1409
-1677
-6381
0
0
0
-1996
-368
0
129
-535
-431
841
-1951
-180
0
-184
53
0
-640
-762
104
-890
-1283
206
1873
-171
-1751
995
-275
0
0
241
60
1680
-2182
-248
0
-1484
-580
-3013
0
812
440
0
-720
-463
-448
0
64
-797
-669
-703
-2365
-1354
-227
-869
2023
-784
170
2120
-2818
1442
722
-352
-330
312
0
-210
-4038
-31
379
3072
-98
-140
2396
-1837
702
-5366
0
182
0
-253
0
0
0
-145
0
-242
-5970
-555
-1460
-5278
347
-22
-1421
1295
-474
517
-70
-24
-1318
344
-4566
-70
-2775
112
-840
-1048
1800
1990
-8021
748
13
-1134
0
189
2114
-532
366
0
8336
0
1104
0
0
639
0
0
0
-936
-677
-1231
-1124
-658
-1487
-4722
-16
466
-220
0
-381
-253
-48
-761
-117
0
-1052
303
485
-444
-372
-1152
0
-1463
-232
-2301
-2640
-5432
-1122
34
-2733
-2621
-346
-3878
0
1074
578
-1708
-1218
285
-418
-222
-405
-1072
-643
0
0
0
0
-510
-1919
-10
-2644
66
-14
-973
-49
-343
-34
1389
-2488
524
-1542
-522
0
0
0
-685
-873
0
-2133
-62
-867
-1283
-1908
-412
0
899
-168
0
-1063
66
112
3309
-3340
-883
1271
-159
1098
504
-129
0
635
173
0
-592
-4761
-3294
0
-1679
680
-5624
0
436
1268
0
-436
186
-330
0
-5593
1078
979
-1392
-800
-1775
-1185
-2337
-669
437
0
729
-1578
540
159
-784
-640
0
0
183
-3150
-54
-268
-928
-14
200
305
155
1169
-3703
-196
682
0
246
-104
0
0
1852
0
-675
-3171
-150
-1430
-5391
1380
1953
-788
102
498
726
-26
-780
708
-1288
-3341
0
-462
-440
0
-1324
-3138
-66
-2714
17
-123
-197
0
98
2208
-821
0
-1560
7690
0
749
-540
0
-579
-1653
0
0
848
-323
1175
2948
458
544
-482
-508
-38
116
0
-9
-387
-434
5492
-55
0
726
736
-396
-1143
1908
-1324
0
-96
-716
-1560
-3143
-302
-2151
-112
-529
-2157
-769
-6110
0
234
-100
-820
-2260
0
-329
0
275
-2615
-915
0
0
156
0
0
-5714
72
-2613
761
2221
-805
122
-3391
-522
2354
1235
2118
1704
-1647
0
0
0
1134
334
-244
-4332
-1374
-10146
-82
-5016
748
-1905
632
301
702
-6010
-630
-256
2107
-2837
380
-2286
-803
3588
-2703
513
-476
-370
439
78
-2793
-6241
-3396
0
1136
-979
-3519
37
1505
-716
92
118
467
-417
-544
-7284
-8995
-492
-3455
-120
993
763
-1278
-167
322
-7
-5285
-1454
100
-345
-709
2265
-40
-4953
-787
734
-236
-1619
-2374
174
-633
3593
70
-5800
-2865
-382
-1501
44
897
-264
0
0
-3832
75
560
-4369
2220
-1135
-6842
2177
-2108
-4245
-52
-185
234
0
-147
-599
-1544
-9249
0
-2169
626
-526
739
-9065
-171
-6155
-1135
606
-1461
0
81
2871
738
644
-3041
4780
0
2629
-887
1590
-2993
-705
217
-11
-174
254
49
-2599
-167
-510
-2055
969
496
-195
16
-1748
1704
-60
2522
635
198
-4184
-100
-3407
-345
-2286
-426
0
-888
-1238
-1782
788
-608
448
904
-765
1905
142
-15332
2112
1240
-293
1945
-2985
0
1
0
2727
-8004
239
0
-483
617
24
-40
-4997
-178
-5041
-6870
-2467
1176
-240
-3393
329
1477
-1302
-1512
-4684
-5967
-36
0
-144
-1104
1652
1275
-2508
227
-2341
-2888
-2933
4027
-495
-2615
-384
990
-1570
105
-164
-2017
2751
1508
-2127
-116
2062
-1944
1269
215
-185
1601
1
-2162
-6058
-3592
0
-805
-135
204
460
-1676
2505
127
768
478
-240
-3167
-541
-5604
966
-1613
4562
2283
-690
-1766
836
-1890
815
-6457
-3784
2302
-1226
-558
2426
856
-6840
-32
-7069
98
-396
-2831
-217
5130
-286
39
-988
-1636
62
-427
464
-294
0
-1071
-364
-2170
1905
908
-4609
-3504
-2688
-4915
582
-1746
-3803
855
-383
2399
0
-1125
-1003
-1008
-2087
-381
-899
1208
-1366
-2629
5667
-2070
-9545
-2956
-498
-2333
51
2817
2497
36
583
-674
3328
0
2316
-541
1383
-1034
-198
-610
-39
-454
-2370
-865
-626
2223
4147
-2109
209
783
-470
-66
-5682
-103
535
1335
-1583
1180
-3552
-1822
-2594
-229
0
-584
-800
-941
1005
-625
1290
-1112
-1192
1024
-1240
-305
-842
-7843
7017
312
588
-1564
-3814
-201
29
0
277
-2712
1524
0
-1437
15
-28
-80
-6169
-1524
-5281
-2746
1590
432
-2462
-602
735
-2027
373
4354
3316
-2301
0
0
0
-778
-1437
222
1012
1030
592
-651
-2485
-15
-1020
403
268
0
-5846
0
630
-406
121
-50
1963
-355
551
-548
-254
0
0
-825
39
-4872
-6879
109
0
1259
-870
-3177
0
-72
347
0
7
323
280
0
-2823
806
1575
-2292
173
-1098
-423
-1220
31
-47
-1074
-715
-2177
754
120
-174
-233
-1539
0
-45
-2066
0
-1324
-3183
34
2626
2028
500
-2396
-2742
-392
-284
0
2199
0
0
26
-1870
0
696
-3880
-720
-706
-6983
2102
-1429
515
-2345
47
-69
-120
0
-201
-312
-3965
0
-1451
-68
-1244
1168
-1525
-2098
-5912
-4078
-234
-2054
0
27
3351
1511
-60
12
1199
0
103
29
0
-3313
230
0
0
-1270
-768
418
1871
-1096
-300
-932
0
-1270
-56
0
32
316
299
8018
250
-497
-70
147
-3820
478
2948
-149
0
1639
0
432
-4610
-4631
-3340
138
-290
-2085
315
-8272
0
272
-214
-1710
-3626
-324
-40
116
-14
-1394
1176
0
0
-9
0
-155
-1415
-245
-977
-3915
-1728
-1250
-74
-3910
-581
1371
-1313
1514
-6341
-5352
0
0
0
889
2419
176
-3818
38
-1803
-1541
-5299
-20
0
-731
-224
0
-8110
0
784
564
1744
246
1053
1193
1993
-2333
-86
0
0
527
-63
-3760
1378
-4340
0
66
230
-3559
0
736
739
0
529
1012
-212
0
-781
-7240
-121
-6479
4134
-1429
-1196
-881
-1273
-1187
-748
462
-1805
-759
-1811
870
1193
321
0
-225
-72
2
-695
-3355
96
1016
77
149
-3867
-4991
0
551
0
2166
0
0
0
-2952
5
1060
-1795
-2057
-3089
-6544
661
-1188
-1076
-2904
-178
-1020
-312
0
141
-212
-3454
-65
-2069
232
-1068
-635
-5576
-475
-3608
-1734
101
-950
0
-315
5994
-114
-381
-246
7404
0
2221
119
0
-270
0
0
0
551
-636
-324
-1721
594
103
-1670
0
538
502
0
48
178
637
2079
-699
0
-1373
-1450
-4320
18
440
1715
0
-488
236
-4250
641
-821
-1451
386
-1254
194
-929
-9231
0
-184
-103
1293
-5978
-3
-44
46
615
-2152
-987
0
0
0
0
-480
-4338
-231
-6551
-4091
-2986
349
3
-3854
-179
1907
105
-4176
2119
-5185
0
0
-504
2081
494
-78
-4123
-1198
-8500
-2646
-3613
-495
-34
-696
-246
0
-5825
-456
-1994
-3955
-1404
519
-856
383
-103
734
-177
0
0
379
49
-2280
-8843
-1911
0
-949
-820
-3320
0
-928
1399
0
-49
1204
-1369
0
-1106
-5954
-1407
-5438
272
817
-2149
-3131
-286
-57
-1823
-1251
-2393
-1650
-1229
507
1335
-123
0
-288
-3097
-201
-744
-650
-218
2134
50
849
-7504
-4085
0
-784
11
2429
0
-63
0
-994
127
-1739
-5232
-955
-3778
-6158
1642
-910
1078
13
-374
813
-552
-1524
339
-320
-6147
-62
-205
-250
-460
1597
5548
-1744
-10369
252
511
600
0
102
5311
23
-141
0
2195
-62
4451
0
0
-189
0
0
0
-1356
-529
-114
-2872
560
-974
-265
-308
215
-736
0
-540
957
328
4071
-299
0
-487
-727
-2645
-354
-1446
-1454
0
180
-1132
-2974
-2152
-2518
-1546
378
-1964
-2897
-467
-8821
512
-854
126
-1371
-5231
270
117
-120
-726
-7003
-956
0
0
0
0
-72
-7366
-136
-5093
-4314
127
-4474
-49
-880
216
1078
-767
3412
-1978
-1038
0
0
-364
-965
-2135
-80
-4254
1181
924
2749
787
-234
79
-368
-247
0
-3122
120
72
1737
-34
-2058
-1092
1416
854
-1105
-138
-38
0
805
0
0
-4072
352
0
-1270
340
-388
0
-96
-318
0
-255
-13
-914
0
-2131
-2204
-520
-160
381
-272
223
2089
84
-97
240
545
-1468
759
201
-595
-1637
0
0
-987
-416
-108
-525
-720
302
-160
-11
0
-3579
-1659
0
701
40
458
0
-68
0
-3503
0
120
-5837
1104
-2364
-6451
299
-2
-2857
-307
-315
841
-56
360
-568
0
-4195
0
-1346
-402
-140
1243
-2721
574
-1602
520
-1353
723
0
-99
963
199
-40
345
5799
69
1392
0
0
-719
-54
0
0
-896
250
18
-38
2101
1550
-892
-444
104
643
0
-635
-5
-567
-3054
-177
0
-42
1023
424
0
-762
115
0
621
14
-883
-1063
-3352
-193
-60
-1420
-6564
-767
-9359
672
-285
-111
0
461
0
0
0
-1035
-4639
-603
0
0
-126
0
0
-5156
0
-3536
-3228
-297
-215
0
-2722
-9
586
-4042
164
-847
-2662
0
0
0
-414
-1967
-187
431
-412
2682
-869
-482
-620
-780
413
491
-756
-2209
-2667
360
1444
-2517
509
-2206
583
-1943
-1269
-2413
-140
550
305
82
-851
-3493
-1842
0
-630
744
-1387
-26
1800
596
16
-1428
161
95
0
918
-6117
94
1655
-408
373
866
-402
-1605
1140
-858
4452
-312
447
543
6
-1865
616
3666
-736
1703
0
-1188
1196
-107
1308
142
-95
-1978
-62
-140
-72
-508
26
0
0
0
-6065
525
-129
-1349
-2544
-280
-2856
1492
1581
-4139
-119
3
490
0
-66
568
-1104
-5477
0
-718
628
-434
-464
-4250
282
-5033
-546
240
1109
0
-99
841
252
-454
-919
5174
0
214
-56
-660
-217
-754
-63
-41
-116
-181
1383
-1178
-2386
-2397
1427
-76
166
145
66
243
-348
-683
1920
374
144
-3678
349
1274
-381
0
-694
0
335
-16
-118
-1063
-1585
-2591
-2032
1953
-6342
-1681
-10022
2145
315
-539
-1804
-2866
0
5
0
44
-1062
-1040
0
259
1496
172
-101
-7749
1296
-2339
-2757
126
-816
0
-2436
-1726
-698
-1703
506
-2345
-1155
708
0
182
-60
-3629
-56
-3496
993
-5265
-4351
727
-153
-1875
851
-209
-1512
-4642
231
628
-451
-2786
589
-1412
2286
-453
-274
-1960
233
130
175
137
-414
-3074
-1550
0
-1680
0
1133
-233
2270
513
40
-1100
-122
-172
-1050
-2027
548
315
382
-360
-1528
-1180
0
633
1075
-1811
4021
-938
1848
735
-538
-3195
88
2832
-445
-306
0
-486
-1626
-146
-848
-234
-51
793
426
-37
2394
-2344
-1283
0
408
-826
-5319
75
689
-5300
1821
-876
-658
1709
435
-1798
149
404
-298
0
-2145
-122
-744
-1961
0
-54
292
-2156
-725
-5607
-97
-5737
-2388
-762
2663
150
-1094
1909
-866
-1504
123
936
0
2678
21
-867
478
-60
-508
-245
2092
32
-254
-325
384
-127
972
-2413
871
-455
356
1023
293
-160
4462
86
648
-3881
312
1847
1735
0
694
-2784
237
198
-947
360
-3291
-1834
-3570
1335
-7572
-694
-7911
5175
45
-516
-509
-2447
-324
58
0
1751
-869
143
0
654
-834
-98
-73
-6691
-924
-4200
-4183
648
-3024
54
462
-424
-2265
-1062
-1162
962
-320
924
0
6
-264
-29
-1435
2813
-184
0
-2032
614
-133
-900
36
-1175
-1158
-1664
-588
-792
-615
-2117
-1115
-304
954
1892
52
-273
-85
285
430
109
184
-2313
-1504
0
735
-404
-704
-101
3830
1305
18
-507
508
0
1200
-1582
-106
0
269
-144
-3925
-270
-666
910
-1407
-2991
4126
-2740
537
319
-356
-1273
-1016
-4218
-1511
-8222
0
-1458
-436
0
3738
2418
20
-1133
971
176
-198
1124
-528
0
-102
-525
-1688
-1515
1840
107
-1791
-96
-1584
2159
-358
-33
162
-2441
-445
0
2640
94
168
-2085
-195
1170
-272
-1284
-727
2860
2207
-7439
-4806
-234
3033
84
-825
1106
218
-1359
-29
1062
0
2605
28
-432
-1778
249
-297
46
720
3157
50
-926
1054
1502
-519
-2337
-1209
0
618
886
-954
-64
1176
-2381
-82
-1756
384
1143
-168
0
-426
2208
474
-256
58
60
-3508
-2033
-1200
201
-7950
-559
-3131
-1065
0
-182
-1664
22
-3
-20
0
164
-329
1599
0
654
1001
-284
17
-4511
-60
-2149
-1778
308
-2736
-882
422
-410
364
-198
4308
-9254
-7271
0
0
0
-94
-87
0
0
4611
7236
2901
648
814
0
-4720
0
0
237
0
0
-57
1904
0
829
0
76
-153
-129
0
49
0
0
-158
-643
0
0
16
-1016
3912
0
414
88
0
0
-649
-582
0
-2545
28
171
-1322
1734
0
0
0
-591
-2202
0
-1836
-867
0
0
0
0
0
0
-575
-104
0
-30
0
0
0
3241
-77
2884
-2304
147
0
0
-591
-120
0
0
564
0
861
-300
0
0
-4323
436
84
1263
332
-407
0
0
-715
0
1778
360
0
0
154
0
-41
630
0
-1482
45
0
1037
0
0
233
-1132
-254
207
0
0
-546
189
0
-364
-20
0
0
835
0
-589
318
208
0
-2076
0
0
145
0
-54
0
113
2318
-362
0
-144
-580
0
-573
-279
0
0
-147
0
0
1211
-336
126
-112
-381
-1405
0
-2032
0
0
0
-345
-1070
0
0
0
327
1691
-113
0
0
-411
0
0
1088
-562
0
-721
-176
0
0
414
560
684
300
0
-5354
-6466
0
0
0
1195
-2517
1056
-3306
2141
3470
1863
-5049
2101
0
-446
136
0
-6765
0
-1512
-1504
-3717
336
146
845
886
-1303
306
0
-74
320
41
-1222
-1589
-1370
0
156
596
513
0
-441
709
0
-272
116
-98
0
-1401
-8003
-989
-512
-2542
352
-428
2481
-2110
-1149
-1754
-2365
-904
-1595
450
690
1125
287
0
472
1117
0
-2355
-5555
320
3302
2468
-1811
-5866
-3612
0
226
0
2629
0
0
0
-4477
0
523
-581
-1737
-169
-4162
1965
1051
-2818
-120
-76
350
-288
0
63
-368
-6414
60
-924
0
444
-352
2852
-3047
-549
-378
324
-816
0
1743
1700
-2053
-159
150
7086
0
819
293
1060
-313
91
0
0
-900
-1144
1115
1172
468
65
212
0
660
842
0
-1039
334
581
-1619
-282
0
-384
261
-2053
-762
1974
-118
-225
64
376
-1661
-3978
538
-295
-507
817
1290
-1990
-10054
0
-1040
-164
-926
-6066
-381
-192
74
-150
-4126
-469
0
0
340
0
-606
137
-60
-2165
-5510
-2655
-1240
-508
-3842
-400
1611
-4192
416
-5274
-5106
0
0
0
-446
-3395
-878
-3159
-1437
-3157
-1844
-3564
-2236
-68
-479
-216
0
-10005
0
-364
1223
-4142
1590
187
334
1457
191
332
0
62
976
49
-468
-5825
-2813
0
-75
894
-2933
0
-316
238
0
428
706
-18
0
-1384
-9727
-1626
-1952
-3242
521
-1145
1304
2395
-2242
-306
-1701
-3403
-802
75
795
1184
345
0
358
-2044
-118
-2188
-2904
-145
2093
2959
-1197
-5033
-5896
0
-230
0
121
0
0
0
-3662
35
446
-1046
-368
-1779
-6694
2092
514
-5278
-2476
-1204
470
-336
0
-381
-248
-7134
15
-236
-252
-132
1089
-2537
-405
-5776
-1332
334
-199
0
236
2394
-2364
39
-300
8402
0
3218
1194
710
12
-819
0
0
1227
73
-1248
-4937
3681
-34
-1148
0
2326
123
0
-739
1346
629
42
-415
0
-1814
299
-2339
-66
918
793
-1143
-1747
220
-4633
-270
-4531
-3222
-614
274
-4483
-1587
-13194
0
-1452
-274
-2796
-5689
-141
-835
36
-890
-6402
-1207
0
0
-220
0
-438
-7084
-217
-8390
-5947
-2370
-2758
-316
-2326
-34
2967
-4674
-2998
1390
-7983
0
0
637
-192
-1620
-1815
-7339
-268
-548
420
-370
0
-269
20
-508
0
-3841
0
504
-50
-1712
-1494
-469
-84
496
-593
-92
0
0
-140
86
320
-2908
-1946
0
-490
-1010
-325
0
-58
255
0
-565
182
467
0
-574
-838
-447
-1686
-140
-490
421
-140
1265
-630
-1610
1266
-4643
221
-145
-1339
46
35
0
-1143
-3228
53
-2252
2202
-146
-561
1818
320
428
-4138
0
105
-127
-992
0
24
0
-1926
5
727
-3790
-536
-1065
-5200
2697
-149
-5652
1087
-1237
1039
-672
0
9
56
-2361
-68
-67
726
166
-1986
-2265
603
-12431
-2576
298
-423
0
-147
2053
432
-108
0
12935
-18
2392
0
1270
-2926
0
0
0
1273
-2709
-35
-1982
2032
-478
-308
0
1555
-397
0
-805
-456
479
-2690
-396
0
-3915
777
-1980
-438
-3452
-1533
315
-2203
-1228
-4526
90
-6628
1197
-1285
-2390
-1734
-800
-10023
520
-780
442
-2427
-3185
-171
-1222
100
-400
-1773
277
0
0
0
0
102
-5670
-5
-5905
-4289
-1571
-2802
400
-727
-272
-754
-2255
1182
-350
-240
0
0
21
0
-764
-712
1637
-1105
-1560
-1548
-569
0
125
-244
0
0
-1032
0
0
296
-223
-1165
-1906
-944
-476
-668
0
0
0
479
0
0
-9167
-965
0
-1514
0
-2598
0
0
-917
0
-635
11
359
0
-1378
1218
-528
129
-44
-2772
-1130
-2725
802
-576
-1056
130
-1178
57
202
-885
-331
0
0
567
-5306
92
-11
-1624
127
2778
6
0
0
-1338
0
-760
49
984
0
-6
0
-660
-101
965
-1256
-440
-1486
-4810
443
-108
-5592
69
-701
1737
0
0
84
0
-3044
0
-181
-284
-178
-970
-1782
902
-9927
-940
-1444
-2199
0
-15
1854
48
0
-1905
5181
40
2029
0
0
-18
-254
0
0
793
713
244
628
0
376
-97
0
-747
-182
0
80
-966
-157
1144
0
0
-4693
-339
568
0
0
37
0
-1330
-1146
-669
-1965
-258
-2190
-1232
-2641
-8711
-1258
-9432
120
12
176
-1389
503
0
-912
0
57
-2414
995
0
0
16
0
0
-7420
0
-3171
-1339
2443
-239
-37
-1443
-28
1707
-278
7450
-8958
-5002
0
0
0
172
-814
0
0
3207
6285
1721
-372
-946
0
-239
0
0
-820
0
0
-318
2328
0
-1076
0
2413
-2933
-138
0
634
0
0
-1666
-3236
0
0
-90
184
4696
0
-315
174
0
0
-77
306
0
1176
-889
-1919
1148
4623
0
0
0
9
-966
0
-3212
-528
0
0
0
0
0
0
1679
-94
0
-162
0
0
0
-681
-75
-2960
243
798
0
0
-251
-656
0
0
-768
0
1500
163
0
0
-2383
1062
-2268
-1980
189
-156
0
0
-165
0
-742
-387
0
0
704
0
71
1512
0
-1651
-282
0
597
0
0
178
-2112
26
-279
0
0
3438
-447
0
433
-386
0
0
1645
0
-256
685
1144
0
834
0
0
540
0
94
0
-19
-648
836
0
-612
-448
0
16
2295
0
0
-135
0
0
-2472
-1072
-244
26
-297
-330
0
-4931
0
0
0
-114
-1764
0
0
0
-153
-1442
51
0
0
-1640
0
0
-4252
-322
0
-1331
-136
0
0
-960
-414
18
-1376
0
-7040
-5355
0
0
0
0
1068
620
-3432
4347
4676
2843
-5235
454
0
-692
0
0
-7132
0
0
-139
2189
540
407
2103
1188
-2151
-290
0
52
-12
0
-564
96
-636
0
396
46
961
0
-186
-33
0
-1038
124
-199
0
-1741
-4609
293
-4682
4294
930
-1146
-20
47
-230
51
-1517
-242
769
-348
716
758
-20
0
-475
772
0
-82
-2872
130
161
-268
117
-1876
-2650
0
1535
0
2507
0
0
0
-7109
0
1328
-2707
642
-757
-4887
246
-756
-715
-1539
293
-844
0
0
-55
0
-2313
0
-469
0
0
-942
-5275
-894
1008
0
606
-834
0
80
4056
-908
0
-48
3176
0
-1111
-63
-440
-34
-189
0
0
-1497
-1608
-53
2068
-53
968
-1023
0
929
-477
0
-134
748
-300
6646
-125
0
-2698
20
-5597
0
626
1265
-783
159
150
-2465
-869
-786
589
330
-650
1245
733
-9896
0
0
-110
1524
-6874
0
-26
0
1164
-1777
0
0
0
-630
0
0
-1928
-218
-3369
-4575
-3295
284
12
-5215
-152
-508
1785
-2294
1769
-5650
0
0
-936
450
170
-840
-2607
-1519
-9456
-1744
-5248
-540
-254
7
871
0
-7207
0
-171
-531
-944
1001
-170
652
2269
598
155
-1500
114
133
0
916
-4167
-3560
0
447
-644
-3172
0
-111
391
0
-648
-33
-2650
0
-1357
-10449
-698
-5236
252
-678
-2463
-1584
444
-250
399
-773
-1358
1846
-95
721
2162
428
0
-1406
-100
-762
-1019
-571
-389
1273
-391
582
-3654
-3727
0
-355
0
2547
0
0
0
-8214
68
-617
-4212
-1775
-3936
-5269
927
-588
644
-644
-1318
-1243
1016
0
-324
0
-8209
0
-960
116
-884
-2089
-2751
411
-6491
-512
500
2020
0
72
6569
-1693
938
-156
6423
0
2684
-87
-490
425
28
0
0
-3548
798
-1049
-4974
348
63
-764
204
924
-762
0
-188
1692
-93
3829
-763
0
-3309
-482
-1642
0
-394
16
621
-77
-110
-3694
-2369
-400
-1050
-15
-1761
-6007
439
-15071
128
1010
-256
396
-4988
-268
91
-2159
1458
-4867
-2047
0
0
1010
0
-381
-9069
-192
-8053
-6618
-3108
362
-196
-3201
203
721
1941
-726
-583
-3662
0
0
-2163
310
149
-1896
-3892
-335
-9072
-3802
-3765
0
-118
395
-208
0
-4818
0
-261
-607
-1039
-925
-693
-548
456
771
108
360
0
1264
0
731
-10767
-3592
0
-1110
-762
-310
0
160
1475
0
2029
330
-3613
0
-455
-8927
-287
-4401
-8
869
-1784
-3831
447
-101
-1573
-1291
-2549
1712
-1683
1060
3293
-164
0
0
-3576
-549
-1216
1722
83
3555
279
-1455
-2536
-3768
0
468
-92
554
0
-127
0
-4903
0
-1015
-3036
-1211
-3838
-6258
594
93
1118
1859
-2108
2917
-40
0
-698
0
-3333
0
-2241
-187
-693
-2853
211
-2208
-11109
30
-385
1398
0
460
3186
-707
-182
0
5500
71
3486
0
-190
-807
0
0
0
-761
4388
-203
-2579
223
1171
-1103
44
-1244
-290
0
-152
717
-59
10048
-403
0
-5976
-577
650
0
-926
-1674
702
-1534
-725
-2661
2752
-1893
-3668
240
-11
-6933
-1684
-10127
-206
3382
356
-2051
-4969
128
833
-425
-1626
-4240
-3103
0
0
0
0
-216
-7043
-289
-8975
-6196
1114
128
340
-1337
236
2596
-94
4506
-4826
-2970
0
0
0
-47
0
0
396
0
228
2175
64
0
-198
-1891
0
0
75
0
0
-1484
4318
44
128
0
0
-2208
0
0
0
285
-252
-2162
-3810
0
0
-990
184
584
0
0
0
0
0
-708
51
0
0
-4826
-606
1111
4953
0
350
-540
-360
-954
-220
-66
-512
0
0
280
0
107
0
0
-1974
0
330
2544
0
840
-341
117
1104
-52
1254
0
0
-82
-204
0
0
-960
0
1140
-88
-456
0
-2667
102
-2376
-996
415
-265
321
0
0
0
-742
240
0
-611
832
-267
0
5184
127
-4953
-3102
-166
186
0
0
34
153
0
0
0
0
19
0
0
133
-270
0
0
891
144
-174
98
0
0
-731
0
-64
0
0
128
0
0
-1134
0
10
-867
-1778
0
45
0
0
0
-343
0
-658
0
-84
-1209
-112
-1683
-1512
-260
-238
0
0
736
-798
-252
0
0
0
0
102
969
0
0
-252
0
0
-1392
0
0
-231
-578
306
0
120
-196
29
42
1440
-7730
-6207
0
0
0
0
-4712
1071
-154
3829
3626
1192
-6039
1481
0
-148
0
0
-6571
0
0
1610
-2452
1607
791
321
1059
436
291
0
112
-381
0
322
-1068
86
-24
-180
202
2598
0
68
6
0
169
22
55
0
-1593
-8539
-537
25
-2701
-286
268
542
129
-1776
-274
-3857
-1005
1279
468
200
912
308
0
1439
643
0
-853
331
20
3546
1713
-153
-4148
-3775
0
1094
72
1924
0
0
0
-5136
0
1230
-5967
-911
-262
-3385
1844
348
-1347
-2172
95
77
-10
-105
-369
0
-2451
-258
-625
0
0
-366
-4119
-2491
-25
0
240
-2968
0
-521
2538
-3072
134
-1318
6685
0
-849
-930
-1010
0
30
0
0
1100
635
-267
3073
-257
155
-295
0
801
1212
0
-1857
1028
-748
972
204
0
-1326
76
-3381
0
400
1819
555
-541
-366
-336
-1567
107
-2227
-1200
713
519
-492
-10203
0
170
-134
-984
-6438
0
31
0
1667
-2266
0
0
0
-340
0
0
273
-154
-5290
-3273
-2797
-125
-1369
-3381
-12
493
-1793
-2254
-1976
-5309
0
0
1183
-465
-506
-818
-3910
-2201
-10660
-2620
-4702
-2473
-104
113
1742
0
-6906
-150
139
579
-3217
625
-100
-1449
1707
1393
317
-570
48
-1762
0
-803
-4848
-782
18
-552
-804
-3246
0
490
-159
0
-2297
48
461
0
-1455
-6894
-88
-2087
-3706
-1802
239
733
2480
-2376
-1092
-1803
-2854
3539
1546
-261
1497
44
0
-2965
-333
12
-1042
2431
-69
602
4949
510
-3295
-4023
0
-347
101
1043
0
0
0
-5085
0
1267
-10749
469
-2631
-6908
2526
-20
-3060
-916
-2622
813
1561
27
-1644
0
-10733
-210
-2832
128
-2535
-408
-3223
-308
-6943
-784
617
-928
0
-857
4643
-462
-105
-326
7836
0
3510
-1270
-80
-2020
-263
0
0
-1342
-1151
-1285
-6513
1727
-1105
-5466
-16
565
-354
16
-1870
2408
554
651
-1158
0
-2769
171
-2389
0
-320
-158
-1065
-1554
-864
134
-2301
-7249
-3264
279
851
-1196
443
-14948
130
1160
-691
-1280
-5432
-1035
417
605
589
-9637
-943
0
0
-250
0
-882
-8294
206
-7980
-4267
-2974
-1269
-695
-771
-311
-1694
-2062
26
-2875
-2235
-36
2528
-1905
-191
965
-445
-5482
-652
1106
-2005
-1720
0
-522
-4311
-936
234
-5371
25
79
-1793
31
-1725
-408
-1161
472
-890
1100
-350
-980
876
635
-860
-1450
-1649
-38
-234
11
-801
925
94
2749
828
-1551
283
-835
-3302
-1383
1602
434
-546
-867
28
-221
916
-4
-2330
-145
-2958
-4167
2775
-938
-694
456
-340
-1016
-208
-2232
-2347
-289
-4303
179
5303
376
585
-1559
-3198
-889
841
227
-668
0
-1449
0
-4009
45
-242
-7632
-252
-2294
-5090
541
350
-3632
21
-2053
-1765
-273
0
778
0
-1184
-2159
-2423
-115
-4236
-5476
-3002
-2643
-10058
-2378
-711
319
17
4213
2627
-2469
-769
-1179
7925
-124
3699
1785
1856
140
-12
775
-66
1000
-2910
-624
-3960
631
0
-2321
53
-2092
-116
-114
-6311
352
364
-2152
-507
3468
-1669
9
-1144
-378
-572
1089
-1136
-2327
-774
-4078
155
-2779
348
123
-1419
-2628
342
-8554
3870
3300
-485
-585
-4187
217
446
316
1281
-410
-613
0
-897
210
162
-3212
-3793
-154
-6888
-4536
-1203
-144
-5009
-1403
963
842
-100
2283
-232
-1385
528
-736
-1373
-1263
452
-2221
1637
0
2248
99
-401
0
-688
-7424
-1612
18
-3513
-255
-1158
-1472
445
228
669
-81
-92
-1362
1787
9
-370
1130
-15
-336
-4954
-359
0
3
-724
-1967
3175
-114
2321
1143
699
-30
-441
-78
116
-866
-35
1675
-415
-1735
-2051
-670
2141
-2957
1305
-4429
-3139
1953
-1330
-94
-106
936
-856
-335
-4194
-376
142
-804
-620
1442
170
1035
-820
-1887
147
1697
1037
-276
0
-2691
0
-5304
1143
246
-7164
-247
-3162
-3958
362
100
-5216
360
-3443
-23
-417
0
-1218
-99
-1595
-1462
-2338
443
-3267
-2214
-814
1606
-8079
1640
-1347
1812
-10
1201
2010
-1274
-448
14
6430
20
1059
609
1846
-640
96
-3175
162
-767
-1388
0
248
1042
3158
-3417
-371
-1495
-741
-16
-3719
-2427
-108
-3827
-531
-1122
-4540
-593
-48
-1728
-1524
-241
-4064
-711
-564
-4255
284
-4471
-1957
81
-4468
-4336
-759
-5545
4250
998
-384
-726
-798
1247
-160
-1353
-2077
-182
-356
0
-1131
238
-270
-1986
-1899
-10
-4433
-3734
215
-201
-2205
-1174
945
1935
-568
3206
-508
-4975
1524
-1952
-1404
0
-781
-980
-4309
0
4410
1853
196
0
632
-5458
0
132
-315
0
1
2293
817
-4173
368
22
116
-1158
1378
1045
310
1116
300
126
-6169
-1144
0
-582
46
793
175
-87
2479
-621
463
-66
-636
-546
-288
-827
-1010
2004
635
-1553
-1035
-1035
0
-952
750
-2521
-32
0
222
346
-418
1248
-792
-220
-2623
-1097
280
-100
96
398
222
0
92
-1419
-833
472
680
-359
0
-1564
0
-1520
90
-1165
-807
-20
-448
-1976
12
-50
-4293
747
-2139
2398
0
0
-82
-53
220
-1190
-1238
12
-2380
-2069
-891
696
-4354
1664
-2091
2611
15
613
197
-624
1464
-287
5390
138
271
2499
3302
0
-1458
-825
168
0
1245
0
112
0
1948
-274
-1320
120
-470
0
-4933
-762
0
-2755
0
-3400
-96
1079
563
-1998
0
-2293
1120
0
-234
-2561
-12
-2159
-2825
-9
-2701
-5166
-954
-944
5040
0
276
-595
-161
95
0
0
-1860
238
-465
0
-1638
-154
-216
-1700
-2405
0
-2964
585
2962
-903
5490
445
1498
2821
44
5180
-6204
-2880
0
0
0
0
786
220
451
3304
4780
786
-1051
-199
0
392
0
0
-4711
0
0
675
1561
684
-2699
1182
2183
-1380
-816
0
0
12
0
-940
871
-1197
-41
0
0
1489
0
-245
348
0
644
0
-36
0
-477
-4437
558
-594
3991
-420
231
-762
-1317
538
-333
921
-332
-628
-186
-26
-705
0
0
-715
1658
0
-806
-224
127
-112
-226
0
-4519
-439
0
769
-78
1955
0
0
0
-8158
0
1055
-1663
268
-625
-2943
280
-324
-1803
-774
592
0
-52
-195
18
0
-3168
-195
-156
0
0
3303
-1750
-1298
-981
0
0
1419
0
-1815
1448
331
-40
-401
-366
0
445
0
0
0
-135
0
0
1110
561
116
1666
-746
12
-1162
0
498
1524
0
379
770
-1566
1884
422
0
-2272
0
-1205
0
324
1311
-261
530
-95
-127
-2513
-2046
-522
286
535
-3470
-1043
-9102
0
-582
0
0
-2928
0
5
0
-320
-562
0
0
0
-630
0
0
-3694
-84
-3182
-3462
-1249
-102
21
-3811
0
482
-4791
-1933
1962
-4663
0
0
-1313
47
399
-424
-1224
359
-3884
-2740
327
-172
0
123
1313
0
-5891
-635
-342
430
-112
57
-3578
153
1111
-1051
-1075
1005
0
-622
0
-2723
-5274
-1349
4
-90
423
-1074
0
-112
569
0
930
11
-407
0
-2155
-2768
315
1325
1055
-524
922
-394
-754
549
-2263
687
-1032
-1608
-220
-250
-1384
0
0
-2268
-342
-708
-2117
157
763
1052
-291
-1425
-2687
-25
0
-1738
85
1061
0
0
0
-5056
0
-815
-1595
-699
-2509
-4099
1216
-252
-3387
1656
-1558
0
-410
240
-1041
0
-5187
-186
-2690
0
-1170
2390
1423
-1006
-4673
-626
642
1415
0
-2147
3495
217
-1056
199
-2603
0
3167
0
0
-340
20
0
0
262
1008
-523
-2908
-471
-995
70
-308
-163
129
66
405
646
-638
3793
-1063
0
-3239
29
1898
0
1976
-296
207
1026
-956
-47
-2848
-5557
-1277
-297
1291
-7459
-2772
-10720
-88
-2216
-55
0
-2890
-1480
58
803
-1321
-4414
-1188
0
0
1010
0
-543
-9294
2
-4442
-5562
-1106
179
-343
357
-218
-356
-6518
1354
-3059
5
708
-256
2483
437
-623
-548
-3062
-385
-1387
-226
890
0
-1016
-1630
-1430
-252
-4410
55
595
2401
-119
-438
-3921
-1140
-682
-780
-3683
-238
1100
-332
195
-1815
-4313
638
7
-132
629
-81
-650
120
98
144
-1914
139
706
-1092
-574
-3457
0
1
683
-131
973
-583
-183
2324
-3766
6610
-2700
-775
1161
-548
-1405
-60
752
-997
-1651
218
-1951
-933
-67
1111
-26
-765
-1132
-153
14
-3709
-2123
-1101
0
552
0
-2308
315
-175
835
-812
-1294
-3363
724
-3175
-5009
504
-788
-2183
-562
0
-2393
0
-1530
0
-2133
276
-5618
591
-9113
-1554
-6373
-3052
154
-1104
50
-2308
2278
808
-533
-442
-3089
-36
2590
-168
-1144
820
-360
-225
-246
3074
3234
-165
-2509
1301
-1429
-376
-192
-167
1016
158
959
-359
-168
3421
-206
2142
-3447
-70
2148
2808
1236
2171
-2550
118
-1795
-4856
-2151
-5624
-3368
-381
466
-9804
-3252
-7756
3646
-2578
92
-410
-2301
-305
-20
375
-1193
-355
-247
0
481
889
1161
-1499
-6983
-84
-6275
-4504
-1415
-357
730
-997
-1542
1951
-4306
928
1207
1349
924
0
-1232
-748
-2489
-1035
2411
0
-3680
425
-85
0
-264
-3476
-2782
-168
-3158
-140
-1398
-1304
-584
-639
-4061
-577
80
-639
-1168
-1355
260
2102
-315
-830
-1434
-39
0
-270
-518
-1106
25
138
149
360
-1051
-86
-167
1248
-748
-4873
320
-576
-20
-494
-1091
-181
620
-797
-4274
-745
-2734
1117
375
-918
-1426
1284
176
-1311
-1050
1078
-1716
1506
-184
1504
-10
300
-391
619
798
-2530
833
35
0
-138
0
-4215
45
1562
164
-790
-2508
-2626
815
-2700
-5521
-990
-1905
2402
-1020
0
134
-92
-836
-1105
989
790
-2922
-244
3216
680
-5845
-4640
-2052
-2457
28
-1206
1767
464
-2169
161
-4672
80
388
63
-1274
-2540
-578
-1525
6
756
1021
0
384
1061
1684
142
-1841
-128
157
144
723
1425
0
6154
-848
170
-7389
-1236
-155
81
-2724
-137
2208
445
-1188
-1285
1229
-4318
-1528
-336
-1421
-4980
-2962
-8236
856
-1344
-257
-260
-2066
581
0
670
-75
-546
1849
0
390
-441
-1242
-1621
-4713
-70
-4302
-5325
1437
-3289
-2205
-2712
-422
-2874
-2059
424
-5969
-3080
0
0
0
-94
-381
0
0
4191
7866
2175
1152
-75
0
-1037
0
0
21
0
0
0
4064
0
192
0
76
-1518
-129
0
234
0
0
-846
-1397
0
0
0
0
2920
0
414
0
0
0
-649
0
0
-2700
0
0
202
4191
0
0
0
-540
-424
0
-341
-512
0
0
0
0
0
0
-550
0
0
180
0
0
0
-308
117
2944
-18
0
0
0
-738
-544
0
0
0
0
608
-24
0
0
-3048
72
0
-249
332
-53
0
0
-715
0
0
1460
0
0
0
0
-41
0
0
0
0
0
3069
0
0
153
476
-254
207
0
0
30
15
0
56
-189
0
0
990
0
-435
406
208
0
-1032
0
0
145
0
32
0
0
-630
160
0
0
-508
0
3
729
0
0
-147
0
0
-336
-336
-93
-112
0
-1890
0
-336
0
0
0
0
-196
0
0
0
327
2584
0
0
0
-819
0
0
-2112
-308
0
-121
0
0
0
216
-364
0
168
0
