-2
-6
-2
-6
-10
-2
-2
-1
-1
-11
3
5
0
-2
2
-6
6
-8
-5
-3
-8
4
1
-1
-1
-9
-2
1
-3
-3
5
4
-2
-6
-2
-6
-10
-2
-2
-1
-1
-11
3
5
0
-2
2
-6
6
-11
-1
-5
-8
1
-2
1
-1
-9
2
2
-3
0
8
1
5
-12
2
2
1
0
-6
3
-3
-5
7
3
4
-3
10
-8
2
-8
0
-4
-7
2
-5
0
-2
-7
3
4
-2
0
6
3
-10
-7
3
0
1
-6
-3
2
-12
-12
8
1
7
1
2
-10
-2
-6
-2
-6
-10
-2
-2
-1
-1
-11
3
5
0
-2
2
-6
1
-6
-4
-4
-10
1
0
-2
1
-9
0
3
-2
-3
2
-1
1
-6
-4
-4
-10
1
0
-2
1
-9
0
3
-2
-3
2
-1
-2
-6
-2
-6
-10
-2
-2
-1
-1
-11
3
5
0
-2
2
-6
5
-13
-1
0
-3
2
-2
2
3
-3
4
2
-2
-6
9
-2
6
-11
-1
-5
-8
1
-2
1
-1
-9
2
2
-3
0
8
1
-2
-6
-2
-6
-10
-2
-2
-1
-1
-11
3
5
0
-2
2
-6
5
-13
-1
0
-3
2
-2
2
3
-3
4
2
-2
-6
9
-2
4
-7
2
1
-3
-4
-6
-1
-2
-5
4
5
5
-3
7
-5
4
-11
1
-3
-6
3
-5
1
-4
-6
4
5
-3
0
7
3
6
-11
-1
-5
-8
1
-2
1
-1
-9
2
2
-3
0
8
1
1
-6
4
-3
-6
-4
-7
-1
1
-6
4
5
1
0
7
-2
-12
2
3
-5
-1
-8
-6
-3
-3
-14
3
3
3
1
3
-9
-2
-6
-2
-6
-10
-2
-2
-1
-1
-11
3
5
0
-2
2
-6
5
-12
2
2
1
0
-6
3
-3
-5
7
3
4
-3
10
-8
1
-5
4
0
-1
-6
-5
0
-5
-6
5
2
4
0
8
-4
5
-7
-3
-1
-5
5
-1
0
-5
-6
0
3
-4
-2
4
6
2
-8
0
-4
-7
2
-5
0
-2
-7
3
4
-2
0
6
3
10
-3
1
1
7
-10
-8
10
-7
5
-4
1
8
14
22
-26
-2
-6
-2
-6
-10
-2
-2
-1
-1
-11
3
5
0
-2
2
-6
-2
-6
-2
-6
-10
-2
-2
-1
-1
-11
3
5
0
-2
2
-6
-2
-6
-2
-6
-10
-2
-2
-1
-1
-11
3
5
0
-2
2
-6
-7
-3
2
-3
-3
-8
-6
-3
-3
-13
6
5
4
-1
2
-12
-1
-5
1
2
-3
-2
-5
-1
-2
-7
7
4
2
-2
4
-10
5
-12
2
2
1
0
-6
3
-3
-5
7
3
4
-3
10
-8
-7
-3
2
-3
-3
-8
-6
-3
-3
-13
6
5
4
-1
2
-12
-2
-6
-2
-6
-10
-2
-2
-1
-1
-11
3
5
0
-2
2
-6
0
-11
-1
-5
-10
0
-1
1
-2
-10
5
6
-1
-1
4
-7
6
-8
-5
-3
-8
4
1
-1
-1
-9
-2
1
-3
-3
5
4
5
-12
2
2
1
0
-6
3
-3
-5
7
3
4
-3
10
-8
4
-10
2
-2
-8
-3
-6
0
3
-4
6
7
1
-1
7
-5
-10
-7
3
0
1
-6
-3
2
-12
-12
8
1
7
1
2
-10
6
-11
-1
-5
-8
1
-2
1
-1
-9
2
2
-3
0
8
1
-7
-3
2
-3
-3
-8
-6
-3
-3
-13
6
5
4
-1
2
-12
6
-11
-1
-5
-8
1
-2
1
-1
-9
2
2
-3
0
8
1
5
-12
2
2
1
0
-6
3
-3
-5
7
3
4
-3
10
-8
6
-11
-1
-5
-8
1
-2
1
-1
-9
2
2
-3
0
8
1
-2
-6
-2
-6
-10
-2
-2
-1
-1
-11
3
5
0
-2
2
-6
10
-9
4
0
-2
-4
-6
-1
1
-3
3
2
0
0
11
-1
-4
-7
1
-4
-6
-1
-5
0
-6
-11
4
6
0
-1
3
-5
8
-6
-6
-1
-10
8
1
-4
4
-6
-2
6
-1
-6
1
3
6
-11
-1
-5
-8
1
-2
1
-1
-9
2
2
-3
0
8
1
-7
-3
2
-3
-3
-8
-6
-3
-3
-13
6
5
4
-1
2
-12
-6
6
2
-3
-4
-7
-4
-4
0
-8
1
2
1
0
1
-5
1
-11
5
2
4
-1
-2
5
-8
-6
8
-1
4
0
10
-7
-3
-2
3
-5
-6
-4
-7
-3
4
-7
2
5
-1
1
6
-1
-5
-7
1
0
-6
-1
0
3
-5
-5
7
1
-1
2
4
-6
8
-8
-5
-3
-7
4
3
0
-1
-9
-2
1
-5
-2
7
2
6
-11
-1
-5
-8
1
-2
1
-1
-9
2
2
-3
0
8
1
-12
2
3
-5
-1
-8
-6
-3
-3
-14
3
3
3
1
3
-9
-2
-4
5
5
8
-5
-8
1
-7
-6
8
3
10
-2
8
-11
1
3
2
6
2
-1
-7
-2
2
0
4
5
5
-4
6
-6
6
-11
-1
-5
-8
1
-2
1
-1
-9
2
2
-3
0
8
1
9
30
1
9
37
-5
4
-9
-13
-6
-4
-16
-15
27
2
-11
-7
-3
2
-3
-3
-8
-6
-3
-3
-13
6
5
4
-1
2
-12
