-1
127
48
-91
-21
-122
65
-12
103
-52
12
-87
-36
8
99
-5
-47
-23
84
21
33
-32
-127
-12
19
35
54
81
44
-7
16
-18
-4
18
-53
60
88
70
127
-35
12
68
-15
20
34
-71
-86
25
27
48
-22
-33
45
-5
20
2
-57
-32
-127
-48
61
11
17
19
-15
15
-54
25
25
52
-15
20
-127
-64
71
69
-5
-12
-48
-77
48
-104
-4
-21
-65
46
-2
68
-26
56
8
29
80
96
0
-127
-28
127
-14
-14
22
-41
94
26
41
85
-30
63
-37
79
53
-100
-22
17
-63
46
-84
-43
-127
40
-5
39
-84
74
70
-68
-45
70
-49
54
40
-44
-23
-92
-56
-41
45
117
-68
-1
43
127
-47
69
106
-7
35
111
-122
-55
-23
-68
-41
-74
41
127
69
79
54
-35
-71
-7
-45
-80
-124
34
68
75
85
47
82
127
3
-126
99
-118
34
-16
-66
-114
-127
91
-113
53
53
58
32
6
-24
75
72
47
-1
54
-32
-127
98
-125
-46
-44
-32
-52
-123
-125
27
30
49
-50
23
9
8
19
-35
-127
-87
-103
99
-68
71
67
-47
120
-29
-89
112
-9
-83
50
64
69
106
12
-10
89
-89
-57
127
15
-80
-78
-90
-46
-44
-50
-61
42
51
127
106
124
72
64
9
117
24
-30
74
80
-52
50
17
-115
92
5
20
127
7
20
-25
-91
-89
73
127
10
1
33
27
-33
26
-27
-2
14
25
-59
-97
-40
63
-21
53
-65
-26
-9
18
-110
-35
-127
120
72
-66
-21
43
-43
-67
83
102
-11
-76
8
56
23
99
-96
123
-85
-127
-27
-39
-25
-46
47
-65
-2
54
41
-85
-46
-99
64
-45
52
-96
48
127
61
23
-25
-1
9
88
34
35
1
4
-127
62
48
81
-6
-44
-55
-38
66
-100
100
2
-28
29
16
-127
-6
1
20
-78
-38
-110
-50
-43
56
21
-13
127
-5
17
-76
-89
40
-44
-9
85
48
70
-16
62
-82
5
-66
69
45
19
-45
-40
-6
51
11
127
8
12
-28
22
2
116
-13
-24
30
127
86
47
-86
34
62
79
20
1
11
-79
81
6
101
24
127
36
97
24
-45
-79
120
-6
68
-71
-21
-26
31
8
18
14
15
-40
-65
-16
58
-17
56
-42
-21
-69
127
-43
-6
-24
70
38
40
47
-46
47
-127
21
-45
22
12
21
-63
-42
29
-27
48
-51
-66
8
45
2
81
-2
127
23
41
40
79
-84
20
-22
1
-13
41
-38
80
32
-3
98
20
-24
-37
127
-16
68
-82
59
36
31
127
-42
32
-66
-73
103
58
-22
36
-24
-48
43
-9
74
51
-127
44
-72
-27
-47
52
-52
82
-83
-11
57
-24
-34
-67
-71
-41
-6
-23
31
-53
31
63
-7
19
12
24
-57
60
9
-127
-17
69
-15
3
127
59
-39
7
-58
27
-37
8
-27
-7
-44
73
18
34
-29
83
-114
-84
67
-58
-38
32
-83
-25
127
85
8
96
29
108
101
-43
92
45
-26
34
95
-27
-69
29
8
127
10
-44
6
31
-35
-27
-16
96
-66
-28
127
-11
-4
73
8
5
-5
20
-52
24
108
-22
73
14
-48
-63
69
32
127
12
39
60
51
-25
127
8
-44
-8
14
-89
79
-94
24
-20
-62
-29
-27
53
119
-7
67
38
-6
-40
26
45
107
20
5
21
-86
-70
94
66
-127
-27
11
76
21
127
20
-47
-5
20
-87
69
7
-49
-11
98
-15
-8
21
22
-71
44
-125
-87
-86
-126
-3
27
39
127
56
-35
-11
-16
44
-101
31
111
-93
-127
-99
-42
-48
6
23
115
54
26
97
-24
80
12
127
100
-50
104
3
-95
67
-38
104
21
-37
-110
97
114
-60
55
-22
13
12
12
62
2
64
-13
-76
-54
50
81
127
-5
-44
42
124
85
63
-127
-75
-18
-21
-32
51
20
-106
52
-19
-38
-79
30
14
26
83
-47
-50
-36
-48
-44
65
-22
-32
-84
5
127
-68
-67
127
72
30
-51
2
-23
-24
-38
118
10
-41
36
108
60
-36
-37
22
-29
-127
77
50
64
37
71
-17
-46
39
113
40
-105
65
51
127
69
97
23
1
-115
18
-87
74
-51
5
-2
-97
44
-42
-12
-30
-63
-4
-30
-69
-19
-17
1
8
67
80
88
127
-44
81
39
29
-69
-127
50
22
-33
-20
-69
17
102
-115
-7
-5
57
51
26
-61
127
-72
35
-4
-95
56
54
-12
-11
-28
11
26
83
58
52
8
127
-69
-122
15
-56
-69
-17
-79
28
79
-50
59
38
38
94
-57
53
127
-60
-1
-12
-83
48
-114
53
-65
49
7
-22
127
-48
-105
-19
-111
17
-3
-44
124
30
31
37
-41
73
48
52
11
64
110
87
-43
-44
29
31
127
56
7
-23
-82
-5
-23
8
-41
-2
7
-28
-38
-60
28
14
127
45
35
-19
-104
47
54
-71
-64
9
32
117
54
66
96
-51
-63
93
92
-12
6
-24
-71
127
9
-7
-8
-40
-72
-127
-91
-14
81
-49
64
23
-4
-4
-6
-39
-71
69
41
58
127
40
35
-37
-63
86
13
-17
-19
37
-42
7
-19
109
-8
-78
86
127
-11
25
84
-44
-82
42
-118
-48
-22
28
-35
103
-3
17
21
-11
-127
-34
-31
-38
-2
-7
-84
115
-9
9
94
-51
85
58
47
21
90
34
97
6
66
-88
127
40
19
-104
-29
71
-29
55
60
103
-127
-85
5
-49
84
6
-11
78
-77
77
26
-54
-6
-11
127
-45
59
85
38
-11
-28
17
-88
-16
-113
19
8
-100
-37
-18
-33
113
43
71
-5
22
78
-127
-97
29
57
3
-76
1
44
113
60
-56
-27
59
-117
-45
106
44
127
21
68
-32
82
48
114
29
68
-62
-127
-84
32
93
-33
62
34
-20
28
124
25
-123
-31
-13
82
76
100
21
19
-20
42
-97
31
-127
-33
35
8
58
-26
107
58
127
-40
33
-2
38
78
93
16
9
18
-6
-9
-23
48
-18
10
-4
17
46
127
59
-79
-77
-98
-33
-18
-17
63
-33
-33
-9
-38
-127
-40
26
-14
17
-51
52
-19
44
-13
-26
29
46
22
41
-17
124
17
-6
127
7
-15
82
46
2
-4
-62
40
-80
103
41
64
-26
33
4
80
-10
52
-49
-127
-5
-17
16
127
-54
24
-25
50
-3
-83
-34
70
4
80
65
-2
-42
-63
101
-70
-57
-88
-9
-91
-1
-18
118
-22
127
-1
63
3
40
-112
-13
4
10
10
-51
-127
15
-4
-54
36
-12
45
-11
126
-61
107
1
-14
-36
55
-39
77
10
72
-111
60
5
19
-52
127
64
83
-117
-90
22
19
-2
-109
-65
-17
-107
35
-127
8
81
12
30
-72
-98
95
-85
30
-39
-85
62
127
-80
91
-64
-108
-8
79
-42
-40
79
-8
-80
2
81
40
-54
-12
-41
-113
-97
82
40
127
-13
31
-82
108
-70
50
10
32
-2
-31
27
47
-21
-17
85
25
-30
127
-8
73
56
-25
92
38
-30
46
-127
-32
33
-15
26
-85
-31
77
29
-7
-6
53
31
67
-59
19
11
54
75
70
34
-127
61
-21
-28
127
-28
39
70
37
-89
-62
43
20
104
55
37
-35
-11
123
85
46
66
27
68
-82
-40
7
-127
38
18
47
11
-3
-31
-15
54
22
68
31
98
47
-51
14
35
19
112
92
31
12
-22
-127
-2
13
-10
8
8
12
87
-1
51
52
127
-48
-8
-71
45
8
-20
127
25
-102
97
17
25
48
-98
24
-52
-33
-56
-10
-14
11
-47
9
35
-66
-112
61
5
6
67
-35
-71
-127
-25
-51
-2
-60
-64
22
-42
86
-75
-20
-31
-70
-96
32
-54
59
127
-37
68
64
-75
112
28
14
76
-36
-9
127
-7
110
13
-13
-59
119
-46
-113
11
-51
-112
84
-12
15
-12
-127
-56
-76
-8
105
96
-98
-17
-53
-38
107
35
52
75
-61
-58
-84
-79
72
127
-10
-72
116
80
-107
68
-76
-17
-29
-3
-79
35
34
127
-15
97
-50
27
13
18
-25
9
116
57
1
127
-49
21
96
-87
61
50
58
-5
-36
-21
39
42
4
-14
-83
10
-44
-10
-46
-9
-43
60
-127
-43
31
7
43
51
-17
120
-97
-48
2
127
36
-81
-13
-17
-72
86
9
-104
122
-107
-16
-50
20
-34
-109
-103
-67
127
-56
-68
-62
39
84
106
16
-64
15
-63
13
-34
34
-29
66
45
-45
19
21
-26
17
-33
-127
66
13
-49
-19
27
-56
-22
-127
46
-30
-27
80
92
-29
-80
25
25
8
35
49
12
127
-13
-4
6
-48
29
-20
-9
15
80
-13
-78
-16
13
9
3
-7
-27
1
-5
16
27
30
-21
-45
-94
-127
-17
15
-2
56
-62
39
-12
70
11
3
16
63
-17
-39
-127
24
96
115
-49
74
-31
-24
16
-64
14
4
20
51
-5
53
11
127
21
-31
-37
69
55
1
107
-51
-90
-49
30
127
-44
67
-59
16
-33
37
59
5
-13
-68
-127
-12
48
-15
49
-53
-18
44
27
95
-23
-66
15
7
9
-48
-58
-58
0
-12
40
-8
33
-53
-49
21
127
127
-4
5
-13
2
-75
81
26
24
-47
14
55
-109
-31
3
-7
12
35
-93
-83
72
127
-9
119
-31
-51
58
-121
-93
-45
-70
-12
-127
-58
100
-29
116
-85
-71
-57
65
-67
75
-26
-8
48
-79
102
-37
94
18
-50
-25
-127
-111
113
-15
26
1
-7
115
65
78
40
-4
121
-36
56
26
-22
16
-24
-48
60
-127
10
-46
94
29
-41
22
-1
-69
-25
27
-34
36
64
5
-15
25
-113
-127
21
62
52
-91
22
-47
71
-52
127
-97
-28
-84
8
-92
73
-44
-1
80
74
-53
98
60
-127
-80
16
3
-107
73
-58
10
123
-24
43
97
-27
14
-53
74
85
61
-21
127
-55
-37
112
-19
-93
9
-88
-52
21
91
50
-24
28
-5
-107
-45
22
-57
126
1
-37
6
127
17
-31
-1
127
26
50
-24
-80
1
21
33
28
-38
-28
-86
69
54
-45
115
-78
85
127
-62
-12
-50
-10
-37
10
53
108
6
-101
-64
100
41
-127
-29
-7
27
-29
67
-55
5
59
67
-48
-89
-69
-51
90
0
-39
18
59
-51
30
96
-13
18
126
5
-38
0
-40
-127
-44
38
31
-30
75
38
-16
-8
36
31
70
12
42
4
-6
-127
32
96
39
12
57
113
4
1
6
-13
31
-36
20
20
-15
-98
127
-64
-9
-51
39
-61
-35
38
93
51
127
2
-52
-11
51
-21
-89
22
-17
19
-34
37
-50
22
-21
7
-8
-53
-30
-127
-41
-9
70
