0
-421
-4994
-2330
970
635
889
-462
471
343
0
98
827
0
-93
-3520
-984
-2332
1888
482
132
10
0
2750
4190
-3755
-205
1683
-2077
2428
0
-4445
0
-800
-7440
-203
-201
0
-1508
-2403
-1485
-1421
-1270
-714
0
755
-6905
-4041
91
0
-6547
1100
0
0
-3077
-1110
0
0
0
0
-3924
0
42
0
-5635
-93
745
-3105
0
-3560
1380
-1200
0
-2177
0
-80
216
-3846
1018
330
0
2372
-2613
4088
-2721
0
0
1524
180
-492
-349
-772
-5221
0
-76
0
-2774
-50
-72
1559
-3473
0
0
0
-635
-1315
1292
-461
-1534
123
266
0
110
0
-2222
-1042
0
0
0
-1996
1397
0
0
31
2128
18
0
1258
0
-861
3562
-132
0
-5669
-2786
-2503
3553
-184
-4683
-4287
2277
0
-4384
0
-4446
-95
-106
196
40
-2429
0
-2581
576
-5673
380
1220
1959
192
-762
0
-1949
132
-3321
0
-4636
1578
-472
0
0
-970
0
-3604
786
-8636
-12170
-3675
-3625
1935
36
-585
-204
0
-504
-3837
1250
-2561
-848
-4438
-2371
-6941
252
0
-414
1905
-1711
0
0
-249
2466
-1670
0
766
-2318
-3185
1264
87
0
-444
0
0
1244
-1659
-3675
-380
-2936
-5378
-3234
0
-1940
-1055
0
-30
0
-20
-1532
-1178
-2295
-659
-5304
-3624
-6989
5772
390
61
-228
-4374
-2861
378
0
-1552
0
-2500
-2973
-294
518
1444
3198
-78
672
-884
0
-496
108
0
-2832
-462
-2826
-1292
-5055
-5270
-5397
0
0
-1143
0
750
0
-8704
385
986
2144
-1179
2313
0
-2457
-4356
520
261
0
500
-5615
0
416
-5683
-650
-1111
-90
-2300
323
0
0
-42
-3354
889
0
127
0
-234
-92
-148
-6514
-321
516
128
-120
-256
923
0
-10656
1247
-3512
-854
-2608
109
0
-1529
-1222
-1881
-2246
-1974
490
-2911
0
-696
1976
1369
-254
246
-2758
-3712
4373
-5605
-1292
1464
210
-1736
-254
-3037
0
37
71
0
0
-1524
0
0
-854
0
0
-4200
0
752
0
-3319
848
-2235
-1184
462
-3214
3570
1634
-2765
0
1462
-144
14
-456
0
4582
-1677
-798
-4963
884
-8565
-3303
-72
0
-4814
0
798
-5234
-9
-256
-3
-3896
779
-1597
-264
-5590
0
-5034
817
-830
-1114
-41
-504
150
0
-1586
-3634
-427
-621
2757
-4724
1496
941
2512
-331
1290
2541
526
1114
404
0
1752
-4990
-2065
-4362
-8303
1109
-939
-3132
0
4259
-716
-312
-287
-4215
-2722
-7052
0
-6500
55
-2844
-5906
-3968
-392
-735
-1320
-2156
-1290
-2115
-840
177
-754
-616
-7191
-5190
-9
0
-3001
-30
-2536
0
-2156
-2021
-1417
-195
-70
2374
98
0
-148
252
-3955
-13
-2611
-2369
0
-3846
1260
-552
0
-1823
-84
-1012
1062
-521
-1580
-982
312
-311
-4039
418
-2050
0
0
-888
152
-4721
-928
-999
-1071
-299
21
0
-4593
-2525
-484
-6482
-2384
0
-6391
-162
-444
-1407
-88
-1906
-6047
3090
-222
0
-280
-1107
3179
-5873
-288
0
-1130
-2616
1755
0
0
344
2356
180
335
-263
0
-3981
1012
-254
0
1175
-3134
-321
2341
50
-5955
-3621
1223
0
-6262
0
-8168
410
694
197
49
-2751
108
2429
1968
-5911
-44
1700
-2642
478
-1432
1563
-5476
750
-13051
624
-12757
5645
-160
20
316
-1959
0
-4632
323
1314
-9400
-4291
-1617
-288
16
-1118
560
0
968
650
-2015
-65
-2896
-3147
-4498
-9464
213
-18
-6374
3001
485
0
575
-87
-1000
-5534
0
-1603
2717
-1403
-8787
0
0
-1224
1500
35
1053
-2411
-4343
1134
-5291
966
-2809
0
-7050
-995
-192
61
0
-1150
-2975
665
4257
-1174
-6076
-4749
-8330
3704
-330
19
217
1677
-4545
2016
1408
-798
0
-1157
-3294
-3323
-1953
-306
70
1196
596
-656
0
-1611
1100
0
-328
-600
-4226
-2413
-3824
2443
-4842
-736
0
-3813
0
724
252
-8028
911
-155
3137
-3175
3855
-1890
-756
-5784
-106
1046
-195
1290
-8948
-140
-3048
436
-1651
-1414
-144
-653
375
-58
0
-2310
2027
-70
0
1281
399
-1715
-104
-142
940
164
678
-336
580
-5832
711
0
566
-570
-8410
-1386
-4090
957
0
-323
2002
-4191
-1619
-1526
-238
-4999
-345
1173
1978
-6654
-104
234
-4329
-3918
4584
-5736
-1384
-1104
150
-4281
-2825
-4216
-600
2702
232
0
0
-360
-1440
814
-2358
0
0
-6634
-402
1116
1379
-5508
1428
-2081
596
643
1798
-1285
1467
2355
169
344
-93
-197
-1485
0
5714
-1818
-3589
-1879
615
-9616
-3964
2
0
-1916
0
-562
-1049
-1090
-4074
-84
-3308
705
1042
-2460
-5598
0
-4765
186
-11
865
-2232
337
225
-2260
-76
-7382
119
555
-1178
-3790
2130
299
1010
-534
1492
2450
-292
419
-839
0
0
-2384
-1715
-7156
16
1988
-1268
-2361
0
1295
-1778
-7037
49
153
758
-2340
0
-3413
-421
-4221
5917
-5530
-464
-405
-720
0
0
-2273
-910
757
-1941
-3403
-16311
-6867
-666
345
-3505
-228
1426
0
-2773
-411
-1587
-685
84
-4690
-1550
-240
0
-508
-2963
950
-3073
-2949
0
436
-264
748
0
826
-164
27
-1068
-1431
-3093
1880
-484
-72
-1688
-4939
-2624
0
-400
-108
356
-7412
-2740
740
2669
-468
1165
0
-3327
0
50
-490
0
0
-7521
-2340
-1653
-1801
1500
-3611
-5464
-2121
-248
0
-1347
-801
-3418
-1848
30
0
86
-3138
-1496
0
0
939
-7111
0
-210
-557
0
-141
-4175
-49
0
-5019
-6425
-400
1064
-239
-1733
-3232
-2669
0
-5210
0
-5720
264
-779
531
-508
0
1005
-1598
3261
-6269
-903
-829
-265
161
-547
417
-9039
274
-6233
192
0
6793
-381
35
-498
93
0
-4217
-1675
-9246
-448
-2349
-4312
-5091
-28
-1660
-204
0
603
-9408
-998
-159
-4142
-1118
555
-11817
-162
-222
-1288
-349
2792
0
820
0
-2740
-1194
0
-3085
-508
117
-3135
0
0
0
888
635
4239
-3542
-3644
-2484
-4819
-4874
-235
0
0
0
-120
321
0
-100
0
3885
-3534
-1114
-2037
-5259
-7184
-45
0
0
1523
-9407
-5478
2074
-1078
-677
0
-2108
-3073
1069
568
-3152
44
-1498
-111
18
0
-574
1116
0
-2516
-1230
-1576
0
-1784
-1477
-3330
-4
-127
-1565
12
-3539
573
28
602
-1288
1847
-3504
-3403
-1692
-91
6523
585
2396
-314
344
-4315
-280
-3768
3045
-1386
326
-560
-1444
-1172
1149
0
-1380
3144
-97
0
-80
-1260
-3388
0
0
5630
28
-126
1016
39
1743
-3596
0
-7357
-106
-7230
4
-4257
366
0
-128
2081
13
-1146
-452
1563
-2210
-243
-1053
1934
70
-34
379
-77
-2678
1840
-1704
-1600
369
-840
-2409
-1421
-2852
-636
231
617
0
0
0
210
495
-1320
0
0
-6674
-390
-3328
2027
1587
1353
1242
-1380
895
1798
-52
-29
-2169
899
817
-266
-246
-2865
414
2808
-1674
-7115
-1515
619
-6014
-3648
0
0
451
0
-1712
-1838
-3126
-7720
374
-3527
293
-8917
-3165
-124
0
-5081
1012
-588
631
-260
1529
0
-20
3000
984
-2325
-100
-659
-3589
858
662
-526
-46
-164
2499
-1436
1037
-588
0
-162
3533
98
-9629
-4961
1813
1106
-972
-300
-749
-1572
-6660
-20
-442
1585
-56
0
-2203
-792
-6094
679
-7471
0
-1284
-510
-90
-297
-2219
0
-580
-947
-869
-5356
-2782
1290
1055
-2694
971
1842
0
58
68
-421
-346
17
4862
-11301
64
57
387
162
-1928
-1254
-244
-580
-8390
573
-782
0
-2234
-108
0
-2072
715
-1802
-719
-592
-1743
264
2779
-35
0
-824
0
144
-3918
4935
-52
2608
-534
1428
0
179
0
1001
-2865
0
-352
1710
380
-2757
-808
1324
-780
-7213
-1818
-1105
0
-4025
-2969
-806
-537
-51
-230
-2924
-1871
2518
0
0
350
-12547
127
3020
-326
0
985
1223
-426
0
-8674
-8188
648
889
-1372
-454
-3005
-520
901
-1330
0
-2037
-936
-3710
174
-368
0
3105
-4922
3166
-2755
-587
152
407
-115
-277
-70
-7069
781
1954
762
-950
3974
3
-450
-2736
-498
0
-1235
-1687
596
-428
-1441
-3794
-3903
-1399
-1160
-294
0
36
-2972
-736
-1305
-2086
-1165
2570
-6542
407
-286
-671
-1109
2939
0
-1931
0
-3861
-760
0
-1012
-280
-4497
462
0
279
0
1524
305
2850
-2812
-1387
-897
-3230
-7778
156
0
0
0
-192
-369
0
-3942
714
-597
-1062
-1234
999
-4968
-1684
-338
0
175
1659
-4230
-3430
40
-902
-1458
660
-182
-477
2178
-864
-4652
3165
-42
939
-238
0
-67
832
0
-2660
-6138
348
-3235
549
-2265
-1516
-1337
-704
1436
-3272
-1533
-744
1412
1475
-1055
950
484
-5475
-2286
-403
-5913
774
3071
-260
-704
-753
-484
-936
-3386
-1492
-6975
-2670
-3924
-622
-1597
0
-530
1053
-146
0
-524
-2043
-1452
0
1358
1071
-1332
-168
64
-6
1164
-3308
0
-3182
3402
-2497
431
-1530
220
606
-280
790
-57
38
-756
-2457
-19
48
-126
3211
133
122
261
-48
-3026
4303
-1475
-1099
1467
-77
-4886
-3845
-3204
-762
-2192
1457
3999
0
0
-5228
503
-700
13
0
-5998
180
-2056
-2633
3830
1522
-2796
-520
133
268
68
-794
-2878
-944
5314
-528
777
-3403
1174
0
-180
-4866
-1656
1094
-1959
-856
0
-1740
-3289
590
-210
-431
-2370
-5612
1827
-787
1397
-2110
-4808
-508
0
-1635
1910
104
264
1378
316
0
-2863
2358
-643
12
-98
504
-1064
602
-816
-768
-32
-330
1848
-2217
288
0
0
60
1175
49
-7926
-5648
-204
-3801
738
-69
354
-140
2350
-1160
-546
126
-446
0
316
-336
-4045
0
-7664
0
-777
-200
-174
-891
-1500
0
-634
-120
0
-2181
-592
27
2574
-234
-249
68
0
242
0
-284
-26
0
-108
4704
368
63
-899
-108
-465
-2448
128
-1100
-4844
1803
-30
0
-834
0
0
-4427
0
-912
-339
-132
-360
126
-1761
-252
0
112
0
0
-195
-7600
-469
1641
-144
0
0
520
0
0
-3429
0
-385
842
-3484
-1050
0
57
-384
-1581
-324
-861
0
-463
-1324
1130
-783
0
-708
114
-2846
-1072
0
0
0
-5254
1
-2955
20
0
-251
-2250
-587
0
2765
-5535
72
24
545
133
-91
799
-1521
-16
0
-73
1133
-3226
15
156
0
4281
1391
2253
-1617
-3110
28
-1470
136
-25
-3381
-2928
0
1572
0
-2225
918
66
0
-6104
-496
0
49
-584
-3186
-292
-1593
707
-2667
-2127
-798
-63
0
-240
-1728
-274
1774
-220
-552
1043
-2162
-926
-3216
-826
0
1098
0
-2896
0
-2996
-576
0
-4404
236
864
-1331
0
-1143
0
0
0
1000
-904
-641
-3628
-915
3214
-52
0
0
0
0
-675
0
20
-629
272
1681
-165
539
-2819
63
-456
0
305
222
-2841
-1968
-116
-1813
-480
66
1016
-45
3612
-3096
-3846
-1114
644
765
16
0
0
170
0
580
1106
104
-942
1165
-317
-200
115
-465
1271
590
-1817
-547
1208
526
-224
712
525
-2182
0
-474
-6700
-3189
2832
-41
0
417
-120
0
237
-2178
42
-12
311
-677
-110
0
-106
684
0
0
-636
-1840
0
0
-221
2829
-4942
0
-168
29
-4136
440
0
-998
1492
0
-2363
-176
0
-629
182
212
-127
284
-1052
-381
105
0
261
-3205
-889
43
179
-254
-684
2687
-3269
-1081
270
-1013
-2507
-4652
-1512
0
-520
1016
-4293
0
0
672
540
-10
-47
0
-3820
0
-1761
-2044
14
850
-1485
380
418
0
-84
-200
58
6
-2727
-489
-198
-2079
-2201
0
0
-2339
862
510
-401
59
0
639
-1262
-272
-252
-95
-219
-2308
-927
-92
3
-1968
-2320
0
0
-1071
261
1033
-168
84
0
0
-143
2282
-1342
0
12
-4836
-2022
620
356
-301
-6964
-521
-1696
384
2124
-603
-47
-4725
-4470
-3728
-1292
3674
-4099
1478
-118
0
1607
4635
-5692
-425
-3048
-5564
3054
0
-6153
0
697
-7412
-615
536
0
1352
-3478
1251
1247
59
-1807
0
420
-2794
-5622
170
0
-6979
-932
-1162
-238
-3613
-1476
-2667
0
-196
369
-2186
0
-98
0
-6057
-1555
-1867
-3288
0
-5127
-1247
-5556
0
-1029
0
247
150
423
957
-409
-60
2056
-3728
2623
-3548
0
-6
1090
584
-1460
720
-4121
-2440
0
-532
0
-4118
15
-2
-3353
-2740
0
-635
-18
-1566
-1619
950
-616
-1151
3185
-898
-460
-285
0
-6398
-292
0
0
28
-3607
-1449
0
0
66
3092
-486
-84
-5710
0
-974
-559
-64
0
-5583
-2987
-2092
1377
-254
-4385
-3416
-233
0
-5596
0
-6256
1919
-1878
-105
-1182
-2421
-204
-4454
-2184
632
456
-2297
-5851
293
-600
189
-1697
36
-3595
0
-3373
910
-2850
0
75
-1453
0
-4859
2923
-11062
-5085
-3906
-4438
1305
88
-117
-521
0
953
-2285
-395
-3286
-936
-392
-3615
-9467
-162
0
1348
3211
-5200
0
0
-464
4079
-113
0
227
-1444
-3768
1466
-306
0
487
375
0
1791
-2815
-3775
-830
-1105
-6561
-3722
0
-1912
-328
0
-4238
0
-1341
-1661
-2237
-6234
1829
-6323
-4531
-10173
2822
498
-72
-90
-6886
671
523
-49
-1776
0
-4742
-3828
96
772
4182
3958
-963
-36
-6164
0
-1054
140
-3048
-4448
114
-5869
931
-7902
-11842
-4063
0
0
-1522
-145
1036
0
-12371
536
-1637
1440
-1335
2907
0
-3282
-5024
-719
279
-150
-145
-4296
0
-2818
-2071
-842
-1599
171
-411
27
42
58
1159
-6402
-285
0
44
0
-3219
-791
-518
-11733
-54
342
8
-2688
-1410
562
-127
-3960
1049
-9347
-1190
-4408
1284
0
-2460
2215
664
-2643
-4193
-2072
-3606
0
-810
-1862
3187
32
-1410
-1831
-5249
3164
1733
-6163
-1158
-110
-2614
-22
-7876
0
852
293
0
0
-1440
196
990
-1356
0
0
1854
-308
1389
504
-4881
-1570
-3909
-4966
-555
-11464
2430
107
-3962
45
1478
249
15
-1307
119
5395
-2208
3221
-8416
-952
-8858
-3918
-543
18
-12182
0
266
-268
-802
2017
199
-4168
-5703
-3272
-165
-4550
-913
-2906
-2413
108
-2745
-482
479
220
-14
-842
-2520
-791
344
3851
-4155
-999
914
577
-993
-2519
-1378
149
2440
-685
-127
2943
-5379
-1011
-649
-14986
-8037
-3171
-2712
-700
387
1934
467
118
-8049
-6176
-7440
0
-6630
635
295
-7413
-1947
122
-2079
1400
-2316
1071
3399
-1136
-1911
-455
-1890
-2020
-6379
329
0
-2331
-1141
-2267
42
-493
-1520
-2521
-231
240
2197
-5159
0
-168
-408
-456
603
-7339
-817
0
-4339
-1222
-7202
0
777
-254
927
1048
-2783
-1181
-2954
-1356
3256
-2697
946
-1080
0
40
-824
-526
-377
2494
487
1633
-678
-655
0
-3316
2409
-257
-2060
-3718
0
-5106
241
-810
-1309
1176
1064
-2292
-1236
-4140
876
-186
-2313
4321
-4848
-1125
0
-344
-2880
3318
0
0
689
4849
-504
484
-3531
0
-5105
130
-92
0
1633
-1734
-559
2297
-92
-5197
-1164
-3303
0
-5421
0
-6337
4039
-3318
-2111
537
-1139
-1445
773
-5293
1218
-732
3764
1432
438
-814
1604
-5747
820
-9095
352
-15859
7189
-144
-535
-23
-3459
0
-4669
2221
-596
-7742
-6610
469
-1213
16
20
-566
-486
1066
-1089
-6436
-4186
-787
6780
-4461
-11174
-543
-32
-10315
188
-3370
0
-475
-146
-1255
-9433
0
-3891
2126
-1251
-11021
-805
0
-866
1575
277
-587
-2631
-2975
-1272
-3158
-1761
-2337
0
-11142
-531
-895
35
0
-3133
-1477
-598
-1751
2963
-5917
-8242
-12460
-4039
-1104
-574
1019
1959
1
-1063
141
-4184
0
-5055
-3571
-1537
-2852
-2286
1208
1215
165
-9591
-254
369
1031
-888
-1074
-545
-4737
-1957
-10406
-4423
-4517
448
0
-3888
-580
216
-732
-13952
1457
-4289
1738
-3979
5470
378
-6688
-5347
-2047
-359
549
-472
-7495
-452
-5730
-3557
-2807
-1394
324
-1155
-517
-785
126
-3009
-4459
-3
0
1673
840
-4430
-858
-50
-2343
-640
15
176
-3476
-8077
-3878
-119
-301
-2041
-13931
-1232
-5491
2200
128
220
3316
-2718
-186
-5506
503
-3914
-1949
2390
-3332
-10164
-384
-2602
-3864
-2622
2210
-1279
-7281
-1704
-1750
-4964
-2151
-11977
-138
2931
631
0
0
-1020
-1783
-550
-3000
0
0
4999
-930
1179
-621
-14653
-3411
-3327
-1614
126
782
6162
-872
2156
1112
418
-132
-253
-3158
-2159
4605
-2254
-138
-6276
-1020
-5156
-2740
-434
-147
1412
0
1457
557
-3742
-215
-52
-2456
-6014
452
-1452
-4174
550
-12
-2015
-135
-333
-2228
1707
1265
-1420
-570
-16103
-1321
306
-3812
-3971
-3400
1489
648
-2526
-2130
-1785
-1035
594
-186
0
0
-12996
-523
-1890
14
-6534
-2471
-2190
-861
476
6185
-4741
560
-1143
1405
-2472
0
-4294
543
-1294
4988
-3697
-118
-1092
-211
-65
0
3282
-1461
534
-136
-3875
694
-5445
437
-945
33
-965
1388
0
-257
342
-26
-934
-842
-5820
604
-776
0
244
-10
1111
-3230
-2571
0
-297
-686
-5299
-384
-3414
-234
-275
-1453
-2135
-2222
-1451
-936
1035
302
-5616
-2156
0
-188
-606
-1242
-1415
-6506
1347
6355
-1159
3517
0
-416
0
-78
-505
0
0
-6891
-1786
-1104
-698
-151
-73
-2416
-4449
-1537
88
-1931
-4515
-4488
-897
40
-3
-756
-4411
-4250
0
0
1193
-4931
-340
-635
-3556
0
-930
-3158
-278
0
-6382
-7197
-972
-779
-1237
-1184
-947
-1595
150
-2934
0
-2374
2182
107
-2514
262
0
-2985
-1965
-10641
-196
-2362
-599
-890
789
474
-78
-9477
-51
7762
-26
1625
11680
-87
-635
-3285
-1864
-95
-2390
-4266
-14463
-6747
-3576
1821
-7767
-380
-539
-602
-762
-14
-7975
-592
-3599
263
494
1416
-9578
1035
-21
-467
-2386
-2963
0
-424
-10
-3668
-850
-576
-2087
-297
436
-2904
-264
0
434
1614
1182
6043
-2532
-2051
-4476
-3598
-9200
912
0
1118
0
-538
297
0
-226
0
3314
-7550
2984
-1907
-10454
-5951
-6062
-400
-410
2060
-13041
920
-2102
-441
122
0
-5737
-2530
5336
-2064
-5900
1902
-1778
-466
-6199
106
165
2234
0
-2939
-3728
-708
0
-3815
-1973
-1556
-412
-6
-880
-220
-3044
-1682
-2001
957
-4382
-66
-7318
-4821
-294
-175
5573
-231
-2527
113
-979
-2738
-462
-4885
-2815
-59
-350
-1689
-1260
-2969
-324
-26
-2256
-2002
-533
0
-885
-2139
-2867
-84
0
6762
-1601
-840
624
-111
1599
-4999
-311
-10678
1938
-9828
72
-3638
724
280
-543
1217
2412
-275
-1628
-1665
-1369
-1835
-1143
-4103
-480
-333
-2917
-165
-1861
200
1245
-7795
-387
-2854
-2712
-3252
-11117
-234
-2800
-370
0
0
0
270
-209
-615
0
0
4991
-214
-4879
-1528
-10848
-2393
1662
-260
-15
677
-38
-2660
-1210
-227
605
912
-278
-2267
369
3863
-1749
-1208
-4932
-970
-753
-2231
0
0
-1833
190
-4171
-404
-3713
-6999
-118
-2110
-2419
-11795
-1173
-1722
0
-1216
-2349
-679
321
-1153
-836
-6
-766
1679
662
-1850
308
-2223
-4799
-4417
-1085
-384
-1742
-1057
-3231
-1154
-103
74
0
-4200
-4713
-546
-3821
-3935
-3066
2559
-1916
-1182
-3092
332
-5693
546
954
2002
194
0
-4545
18
-4893
1362
-927
0
-1972
321
-762
-1591
2139
-1092
524
1380
-1425
3146
-1190
3252
-3962
-2631
-1347
3775
0
412
190
-2291
-637
1168
1507
-7566
-488
-14
-601
-423
-8117
-659
42
-744
-13803
2620
-6751
-980
-1553
-250
-98
-1971
174
-2094
-861
-628
-1444
294
-429
-322
0
104
0
-280
-3728
3173
2996
3594
-1643
5154
0
534
0
1450
-3186
0
-1397
-231
103
-4278
-238
391
-1817
-8098
-1531
-1755
0
-4020
-5096
-2059
-46
-440
-776
-8562
-4295
1912
0
-138
538
-9756
-775
5864
-2461
-60
973
1096
-1094
0
-13087
-3650
-168
689
-3291
2493
-654
-830
648
-396
0
-1004
1096
4272
-2097
-392
-56
-2954
-6495
-14665
-836
-1036
161
-2090
111
471
-2232
-6891
919
8786
1172
-1000
6802
-162
-445
-9447
-1399
-1114
19
-6007
-2716
-1609
-3126
-1645
-7145
-1635
108
-420
-378
58
-7009
-5522
-5472
-288
1309
3851
-1629
-259
-1210
-563
-1679
-2743
0
-2533
-83
-7028
-468
-312
-649
-151
-1751
-2525
-2650
976
700
1761
616
5947
-3044
-365
-1458
-3123
-16112
67
0
234
0
-2379
-4013
0
-4478
425
-753
-9783
1265
-242
-9927
-932
-2964
5
-2327
1779
-6602
1172
-1803
-3001
-3439
-913
1628
-557
6734
-1844
-4750
5755
-308
805
-3150
-104
22
1502
-2444
-6849
-5799
1592
-3520
809
-4659
-400
-5060
-406
3043
-10206
-1508
-812
3064
2063
-2504
-45
-2572
-10263
-250
226
-8610
-2004
-2004
74
-952
2768
-539
-1920
-767
-1207
-14630
-4669
-6500
1297
-1390
0
-1264
-2210
-106
0
-2110
-3621
-946
-69
3946
1665
-2258
-381
-8
-77
2200
-2045
-238
-7517
4126
-2952
-18
-319
310
-265
-203
97
186
514
-1804
-365
-395
-2409
-90
-3485
91
-470
-3487
-492
-3752
3473
-1121
-6123
-956
-3546
-9369
-7434
-8245
-276
-3134
-886
8049
0
0
-8692
2876
-820
419
0
4241
186
-2063
-846
3739
-5303
-4143
-3823
-682
1122
46
-953
-4744
464
7366
1064
1696
-1297
1560
440
-606
78
-3779
-1274
409
-583
-1144
-7302
-2740
561
-3214
405
-647
-8240
1211
-388
-3268
-5142
-3972
-2100
-127
-199
-5191
-1792
-1277
-351
-436
-12
-10159
3182
-226
-1257
26
1571
-1183
-2290
-1397
30
480
298
-2346
-2296
-464
0
0
-2916
2199
-273
-5069
-7209
-1032
-3542
634
-880
341
-2118
2561
-807
-2271
-134
-705
0
-1158
-8
-4437
0
-3385
0
-1518
-622
-1525
-928
2266
0
1086
525
0
932
160
1017
-3964
64
-710
676
0
-132
0
-2201
-142
221
190
-1221
-360
0
-144
-588
-886
-4130
-96
-1919
-8117
396
-3739
-636
-483
-162
0
-5631
0
-1317
-1391
-148
-606
-42
-3107
-21
0
1468
0
18
-2029
-5183
1310
291
-1240
867
0
-338
0
0
-1944
0
-352
2278
-5710
-2114
0
2719
-2814
-3122
-171
-652
0
81
-3477
1365
-279
0
-2229
753
-3769
-1753
0
-438
50
-3079
-389
-5809
-67
-128
-424
-1684
-1569
0
4532
-2445
-108
166
456
1289
240
-1072
-3541
192
0
-2
325
1284
-126
-80
-508
860
-1270
-12055
-1155
-3709
245
399
-32
44
-8496
-3337
0
3333
0
-3897
889
144
0
-8515
-1215
-656
91
-3745
-4760
-12
-2078
2083
-2625
-3102
-384
-81
0
-45
-2315
562
-245
-58
1008
595
442
-1225
-5600
-784
0
-1602
0
-3462
-29
-5156
-608
312
-5734
285
1872
-291
-1386
-1558
0
381
0
2349
-1296
-166
-2812
-1876
849
254
0
-559
0
-1040
-690
0
868
-697
-385
-1225
980
-187
-6569
-119
-1214
-15
-1344
285
-2633
734
-174
-1634
-1762
-902
2097
-27
-556
616
-2485
-535
518
958
-1007
0
0
499
-3302
-954
-2310
324
2782
714
-1900
-32
-440
-244
1161
736
-586
-935
1773
441
-532
339
2535
-2837
-508
171
-8625
-8532
389
6
0
3017
-332
0
741
-796
-2603
-44
-2017
341
-39
0
135
-913
0
0
-1679
-3763
0
-78
-583
1801
-4391
0
264
-115
-6001
1440
-114
-2496
2012
-118
-5198
-8
0
-2525
252
272
-2926
112
-2933
-12
-102
-1297
423
-6321
-182
-141
-2371
-1679
-1722
1956
-486
-3481
-506
-6175
-5017
-8605
-5067
0
-280
-338
-7956
0
0
1696
1482
0
288
0
1669
0
-2531
-5732
5172
-2758
-788
-1962
14
-636
127
26
-262
-848
-2391
154
-219
237
-1480
0
0
670
1939
-782
795
-259
-871
1243
392
-1603
1098
1050
-375
-7722
-5394
-72
-2815
-3018
-3432
-252
-83
-691
-2532
-1521
-939
-1650
0
0
-1081
1870
-1285
0
108
-2127
0
0
373
-217
-10
-1897
-4838
196
-804
-264
-26
-825
-2324
-1214
-959
3280
-5810
41
-254
0
-4519
2421
-10208
0
303
-4829
2282
0
-4682
0
301
-3504
-2658
381
0
0
-2340
-594
-171
42
-734
-84
-9
245
-4360
1427
102
-619
545
-952
-960
-1643
-1590
798
0
-732
270
-212
-60
-103
0
-3005
-4239
-2243
-4747
0
-5756
-3984
0
-320
-147
0
-279
462
-3598
1335
0
58
42
-1967
845
-2601
0
120
-1254
985
-381
95
-182
-153
0
-1775
0
-1827
-804
-98
679
-1579
0
-525
-1
-905
-1140
0
517
387
2247
-1949
-298
0
0
-3967
240
-288
0
104
-711
-2711
0
0
94
2100
0
-254
1326
0
-880
-4095
-413
0
-5173
-3982
-1248
-220
-392
-1192
-1183
-332
0
-3523
0
-6001
0
-786
-2812
-3073
800
-368
-390
-511
1160
92
-2223
0
-324
0
57
-591
32
-1413
0
-926
-102
-1131
66
-1
-1534
-475
-3673
3706
-12157
-300
-2009
-8985
6377
0
-675
-294
0
275
-368
1291
-3517
-276
0
-5238
-6530
-30
0
237
349
-3520
0
456
-179
3483
-740
0
914
-1558
-8235
504
0
0
-37
57
0
884
-2501
-3662
-1195
493
-6545
-2016
0
-2830
-177
0
533
0
-1408
-205
-3465
-1571
0
-2752
0
-7736
1103
-3004
-1515
195
-3794
178
-2500
0
-1015
0
-2056
-2296
1437
1117
5225
0
-69
-1192
0
0
-38
0
-2520
-2004
0
-7622
0
-7717
-8065
-2481
-920
0
-415
290
1208
210
-8126
859
-3464
0
-761
2204
0
-455
-5314
-2141
-1687
-303
-135
-1905
0
2494
-5775
-2860
-1451
-1125
-5013
1230
-159
286
-25
-3113
-518
0
-408
0
-1060
-1673
-206
-9986
223
-300
64
-84
562
-1145
-14
108
646
-4278
-1778
-3995
1042
0
-2294
1957
-570
-1455
0
893
-2119
-3105
-708
0
2336
-214
0
-557
-1964
1175
248
-415
1459
0
2201
-1816
-1092
0
-368
-294
0
0
37
-324
1284
-209
0
80
-354
-1269
1533
-28
-1400
155
-3806
-9690
-3715
-11385
-30
-2704
-3325
485
388
-1905
-171
-503
-643
4074
-2366
-3455
-6776
0
-4229
-2820
-2072
75
-8245
0
-420
536
-196
354
565
-2672
0
-2927
120
-1853
-1837
42
0
-4261
-1661
-385
-98
0
-378
1391
-943
406
12
2141
0
240
-286
-720
-10
-5201
-8144
407
-3145
-366
-381
147
-3240
-1878
-1216
-12762
-12315
-550
4
-308
-2971
1608
-4795
0
-3566
-6422
-5875
0
-3692
0
1110
-6654
-6019
171
-2424
0
-1505
-516
-277
390
-51
-91
-2033
-1428
-3947
4983
1070
-5247
-503
-2356
-1128
789
-23
-237
1845
364
1799
-7079
16
11
28
1794
-1205
-6034
-940
0
-4766
-750
0
-390
331
-30
-220
708
-6031
-1356
-1977
-162
1618
112
-104
-681
0
127
-106
1061
515
6591
-665
3913
1336
-3431
376
-265
-3093
-695
-3942
-4362
56
-2339
-1021
-2354
-390
204
437
1472
-3874
-2344
1875
0
-1437
1355
-1953
-850
0
-1530
743
215
0
0
1035
2969
0
606
-1175
0
-3666
-4792
-502
0
-240
-1751
195
-118
232
-3393
-151
-286
0
-2519
0
-5188
-29
-1782
-2338
-459
1448
-2290
-1662
-889
961
-1176
-774
72
3
0
2160
-3993
466
-979
-880
-10244
2672
-162
62
-1660
-4410
-345
-1857
1931
-7812
1441
-6629
-5065
1432
0
-7
-487
-408
-47
-1349
-6151
-687
-837
-238
-7745
-5503
221
-46
-3080
-1426
1116
0
-182
-184
1864
-3596
0
63
846
-3856
-5645
4
0
-972
267
717
-623
-2371
-3392
-365
-1678
-3579
-3496
0
-8250
-907
-1198
-1639
0
-3063
-68
-256
127
68
-2054
-2677
-6109
-1663
169
-3580
692
1517
-373
-4160
-2071
-1445
0
-1651
-1850
4885
-4090
-535
0
1058
-802
-270
-168
-67
380
-3360
-1739
0
-4585
-108
-7084
-11072
-1246
-794
0
-1429
-555
1160
-174
-11302
1963
-6569
0
-786
4156
1134
-60
-5424
-2250
-1654
-239
-971
-3902
-185
-806
-9539
-3703
-2781
-1008
-4394
462
-1337
506
-1375
-1301
64
0
-332
2058
-1035
-2038
1806
-8360
-2051
-498
952
406
-4360
-1647
-60
-7747
-369
-5145
-1384
-2143
373
60
241
378
-1270
-1932
0
52
-2062
-3928
1966
0
-2802
-134
-127
-1764
-2829
2198
-3788
-2447
-17
252
-2443
-1823
-1526
324
4404
-814
0
0
-1487
-2913
496
-7502
0
45
-664
-806
1818
-4561
-9447
130
-3350
-3627
-2454
-798
3544
-2461
-2026
-662
-64
-1710
-726
-2053
-1679
5949
-1893
-7886
-5652
0
-987
-853
-1123
-114
2066
0
1425
-379
-1097
-268
-1161
-1584
0
519
1050
-1399
-913
1556
0
-2202
-2661
-5235
-3032
468
696
-711
-5136
-1912
36
-6882
-222
-3
-731
389
0
-2655
-5069
-1133
-3072
274
-889
-693
-6183
-1127
-3691
-1072
-9604
-5435
-3837
-287
-788
7668
-8592
0
-183
-1279
828
0
-487
0
910
1950
-10264
91
-1546
-396
-251
0
-482
-46
-1048
-27
-1495
3928
-1424
6620
1866
2131
-603
-762
60
128
492
-374
-312
-2206
-3615
1911
-612
52
-186
108
-211
409
-60
-630
3813
3323
0
-316
-1946
-545
-917
-2912
-6883
-3744
-2985
-102
1470
487
-4899
-162
0
-152
-1054
1390
-658
-4807
-2126
4545
194
2651
388
356
-36
-168
-889
-2089
272
-2824
-1934
-495
354
752
-2252
-16
-1666
-1163
1992
-520
-2441
-5518
-242
-466
-84
-963
-2183
-1797
0
0
691
-4382
726
514
-2245
0
-1404
-5007
-1067
0
-5564
-5895
-147
-706
-2609
157
-169
-265
205
147
-8
-1343
-427
-174
1831
1067
-2328
-8485
-2012
-533
-838
-3189
747
3
2708
0
-150
-6040
669
9277
-634
385
8400
-924
18
-7886
-5156
-652
250
-4716
-8693
-13637
-12250
2812
-9305
0
-1426
-192
-1095
-502
-3888
797
-2602
-667
-110
1148
-568
-1413
-247
-636
-2606
-1310
0
172
-93
-4134
-600
-64
-1920
-2726
-53
933
-1474
527
-488
1700
889
7483
-1113
-2358
-4351
-4489
-5746
788
0
2277
-538
-667
1067
0
-1421
-160
5916
-962
143
152
-1765
-2010
-231
-2035
-3650
1359
-7987
-256
-3090
1040
-280
0
-2726
-864
1865
-150
-11743
2708
-210
-687
18
76
0
1491
-1640
-3664
-5621
1380
296
-2420
1430
-200
-1117
-84
252
-127
-1675
-682
-1847
1435
-5984
70
-9943
-4039
-3876
722
3341
-1243
-2670
-433
-1427
-4257
-359
-3288
-6879
-8618
-2345
-2929
-4780
-3863
-594
-106
-4624
-808
-517
0
-1110
-2704
-702
17
448
7700
-3034
-564
42
0
-786
-188
42
-5273
1239
-3444
121
-478
296
-526
-111
0
3576
-786
-328
-1581
-739
-1566
-1274
591
600
-148
-41
-1281
-180
-461
-1916
-1627
1257
175
-5024
-3556
-175
162
-6100
-120
0
0
-150
-408
-273
-1970
0
-65
-990
380
-5202
-4064
-17053
0
3725
-3605
821
-1181
-332
-1514
-164
284
152
-2362
173
-903
-2540
3708
-2217
-9036
-7307
-127
2327
-647
-952
-525
-8492
175
-1086
-942
-1837
-1480
375
-856
0
-8560
864
-3433
550
111
0
-3426
-1031
-1538
-1006
178
-4259
-438
-1404
-135
0
-3986
-947
-360
-383
-475
0
-108
-13610
-122
-2827
300
0
-1440
-4939
-273
2097
-6435
-4707
4119
-1036
-637
485
612
-8807
-737
-5651
56
-1590
0
-2035
0
678
1164
-8987
22
-1655
-275
-998
-627
-585
-216
1969
0
-284
-5147
-324
7492
-1108
1017
17
3283
-102
-60
96
-1329
-1179
1555
-4356
-1700
-528
-1168
-269
-665
-10646
-2846
-84
-807
-9412
-1942
-768
-1002
-2290
-496
-992
-4666
-2270
-630
22
0
1432
0
-2901
0
0
-188
0
31
-2052
-1648
898
1755
935
6259
-80
-284
174
2107
0
-1905
456
-436
-41
-6085
132
58
-1121
571
-114
-1622
-504
-471
-1788
-1606
0
-1298
-896
-3181
-1436
-2479
0
-18
1099
-6128
1913
3994
-2335
-46
357
-5077
-1198
0
-8777
-623
0
-1220
-3548
3926
-164
812
528
254
-320
-529
465
523
825
49
-2883
-12704
-1975
1294
-210
-1784
-98
-73
2441
0
-3916
-4802
1587
3309
58
-1972
6526
-834
0
-11706
-3802
-1160
131
-5858
-4629
-5685
-6261
-4668
-10336
812
-1438
-54
-1447
-440
-6097
-7237
-6795
-654
-106
3363
374
-2601
-1565
-2590
-1605
0
0
-780
-957
-7292
0
-392
-5505
151
-2860
-8406
-969
-2391
-1204
1697
540
3048
-1828
-870
-2160
-1959
-11356
-679
0
-799
-254
-1444
-4174
0
-3135
-508
-994
-754
-107
482
-2622
-274
0
-335
-2660
1068
-2938
-363
-1566
-4450
-1942
0
-2252
-90
-2959
-3415
-8131
3684
-51
-1545
0
-252
0
1587
-1692
-5813
-632
470
-3941
2857
-2590
-32
-590
-539
3369
-2761
-1358
-1729
3512
3275
-3428
89
-5602
-9145
-3218
505
-6614
-3722
-2370
0
-440
665
268
-1344
-2741
-3117
-10577
-3365
-3397
735
-429
-52
-1854
0
0
0
-611
-1581
359
-530
1930
5774
-12561
-195
-616
0
2768
1914
-120
-7350
6054
446
-1577
-8
0
-2708
-155
0
-1130
595
-592
-127
10
-4191
-26
-2550
-3400
0
-81
-1953
-2067
913
-2353
-1491
4631
-1356
-12253
-1488
1170
-60
-2568
1876
5877
0
0
-8584
-76
-1995
104
0
-568
0
-2882
2835
-9335
684
-2311
-2656
-2041
1813
-1660
117
-4499
444
5032
-3775
3001
-1517
2863
2542
-30
-5870
-3489
-126
720
-186
-351
-3241
-1071
-1145
-4191
352
0
-2956
822
-108
174
-2875
742
-3130
-9
102
688
36
1312
-1596
-56
266
-6924
933
-3601
407
0
2777
-489
0
-750
-291
0
-385
-8235
-2670
-776
0
0
660
450
0
2113
-8493
0
-4713
1576
-472
-1139
-5664
-3079
-1148
899
-361
-451
0
-571
0
-379
0
-5206
0
-1206
55
-1177
-1881
-440
0
1817
0
0
345
0
3855
-3568
824
201
2715
18
0
0
99
-294
1277
-890
-3841
-1016
-526
-405
0
-5012
-4600
0
-1170
-5718
-5029
-144
-1242
353
-330
0
-5772
880
-222
-2850
0
-120
0
-3018
0
0
432
0
-49
10
-1024
235
9
-1051
2159
0
0
0
0
0
-840
0
758
-3467
-4430
0
698
419
-2568
0
-2135
924
-1421
-1395
1420
0
0
-1632
885
-825
194
0
-462
23
-127
-27
-5500
-802
-90
773
-1539
-1584
0
4396
-4392
0
64
-888
1231
0
-3572
-2463
0
-508
-18
-28
-689
-822
0
-243
-7372
-630
2162
0
-2627
294
0
32
0
-10615
-2315
0
913
0
-2935
206
-72
0
-4095
-1548
918
0
-4746
-2286
0
-3344
-1516
0
228
-1781
0
-819
0
0
897
-1684
-330
0
129
0
-633
-2140
0
0
0
0
-4256
-329
-4260
0
-264
-5971
342
-556
-979
-981
1108
200
607
0
1114
-1192
-189
-1008
-464
183
-321
0
-2468
-122
-156
-1637
0
852
0
-98
2581
-18
0
-249
0
0
-778
732
300
-1362
0
0
-128
-1370
0
-2569
0
-4375
-350
-4536
-3616
33
-1433
0
0
0
351
-582
-1252
-5906
0
-1471
284
-3428
0
-935
-578
-35
4256
296
-1919
1000
195
-1197
30
3920
-2410
-5306
655
-4447
-9909
-2144
0
0
561
830
0
-3384
-3534
-1906
440
-2018
-140
0
0
1069
0
0
0
-230
-4593
-198
-572
-2096
-139
-7711
0
0
0
-3394
0
140
0
272
-38
-5672
0
0
-2164
48
0
-7128
22
-658
0
0
-1089
-130
-4174
-506
0
0
-218
-1928
1409
-1462
-138
-3513
-3751
-6128
-5900
0
0
-258
2956
-3024
0
0
2076
-2109
0
-376
0
0
0
-2240
-6601
1742
558
-1915
-2085
341
-1116
71
0
-2068
-980
-451
-3999
-186
-308
-2317
0
0
-2451
1907
-116
232
0
-936
1487
1370
-3262
0
0
0
-2867
-10630
0
-3
21
-368
-3790
-40
-271
48
2351
-140
-1524
0
0
-1577
-1717
-2354
0
0
732
0
189
-119
-279
150
-1170
-7035
-258
-4234
0
-324
489
-526
-755
-919
-6735
-5415
408
36
-833
-1391
944
756
0
-4586
-1990
-2945
0
241
0
387
-2136
-540
-33
-684
0
-445
570
454
-207
-2297
-127
-1387
-2676
-1113
4039
-1310
998
935
417
-1600
306
176
-928
1524
451
-318
-2211
-122
-343
0
1008
-3848
-4683
-31
0
-1791
772
0
-495
313
0
-639
125
-116
-1224
-63
-246
378
272
-812
-129
0
50
-30
679
110
4354
-7904
2290
2667
-2818
-96
-62
1518
-294
-2354
-2072
-128
-160
-638
-2202
0
150
1838
510
-1897
-2746
459
0
-1095
-521
-570
-895
0
-328
-2069
-645
0
0
602
2174
0
152
-1704
0
-1192
-4302
-160
0
-454
1043
4
19
200
-867
84
991
0
-763
0
-2057
37
1494
-232
-2343
-146
-442
-1849
357
26
-699
-1225
-92
-360
0
814
-1407
160
2094
-320
-1048
-1888
-96
7
-3246
-2088
-175
-243
382
-5955
9544
3267
-4415
-239
0
834
-621
-252
997
46
-7564
-1456
324
14
-5615
-578
122
0
-2378
-1774
-669
0
-416
-192
1245
-2720
0
-2242
573
-1378
-3380
-484
0
-1967
261
522
-1029
-2405
-852
-573
-404
-928
-2328
0
-4307
94
93
-365
0
-2354
168
-436
445
0
-1074
-1526
-1976
-210
-1957
1310
292
135
209
-921
-744
-3048
0
-192
-647
5117
2127
-2984
0
851
47
-558
-220
22
175
-696
-2030
0
-2272
-412
-7300
-11940
-104
-10
0
-620
-535
758
-1270
-8626
945
-2038
0
-133
2008
0
-1729
-1890
-707
-1319
-77
-240
-1761
24
-1776
-1891
887
-21
-450
-321
-181
-72
-554
-3175
-660
12
0
-304
1617
894
-2100
532
-9114
-584
0
2042
-1610
-1267
-27
-33
-3005
-799
2608
128
-246
201
-322
320
18
-460
-968
0
-1368
-829
-1876
1739
0
-1904
0
11
-1178
-1302
0
2640
-2567
-1175
-132
-2247
-1260
-3396
0
4111
20
0
0
-600
-1166
-3231
-3025
0
-115
34
-1041
441
231
-4072
-345
-1779
-2487
-3608
-6689
327
-792
-2716
-250
0
0
-501
-1287
-2616
1280
-849
-3834
-7772
0
1010
-154
-1112
-135
-3550
0
-598
1331
-1844
-315
-3595
-320
0
-159
0
2043
-946
542
0
-14
924
-3951
-1039
194
616
1306
-3613
870
0
-5786
0
-192
-623
276
0
-1357
-7751
-626
-4831
0
-364
180
-485
-78
-2034
-226
-4306
-3595
-4417
-1232
-363
4493
-475
0
756
-800
486
0
119
0
1062
-804
-1161
-61
-2060
649
-715
0
1174
-624
-5346
-24
-852
-2224
42
6780
-1718
619
966
-3526
-1367
-108
128
-204
966
-1733
-352
-1659
-90
-378
-204
-331
864
-32
-114
70
1161
1234
0
387
-375
-807
-166
-1508
60
-1309
-2875
-66
732
-10
-2090
-9
0
0
-520
2049
-1397
-1024
3026
2258
1653
-418
-140
-186
-618
-156
-504
-654
-140
-723
-116
-548
0
728
3074
-340
-323
-418
4605
-872
-2014
-4791
-31
-1040
-171
22
-1288
-702
0
0
163
-261
1662
648
90
0
-1034
-1749
-717
0
-626
-3884
-36
7
-3745
2155
10
-751
-35
157
-60
-750
609
318
-3608
215
405
-9216
-1290
-3124
-35
-1403
574
-67
715
0
224
-2210
550
5324
-344
-3298
1205
-6
-90
-6105
-2965
23
145
-3080
-1895
-6441
2988
1174
-5942
0
-1137
-108
-1112
219
-1149
599
-492
171
-160
2593
374
-549
-103
-233
-1391
-1335
0
-642
314
-1544
-152
264
694
-2064
1046
1524
-393
1258
214
1027
462
3873
-615
-138
-2090
-1379
755
2098
0
1325
-270
125
2089
0
-2249
-148
2260
-410
17
-476
-1162
-646
-48
-2697
1450
391
-1438
-40
-261
104
-947
0
-1520
-309
-3252
-5529
-7487
2203
-321
-163
-990
-152
0
640
-520
-2856
-1303
1019
-272
-601
-7998
0
-287
0
150
6
-163
-179
-2194
516
-1321
48
-8843
-1674
1134
-284
1618
-3125
-1579
-111
-595
-2366
-12
-2984
-1537
731
-2738
-1788
-2355
-2865
-117
-1304
-1496
-816
-106
0
-192
-1134
219
2005
-742
3442
-2441
0
112
0
-3809
1452
86
2782
1683
1487
22
-15
155
-1078
-40
0
3034
314
-112
-158
-772
-4547
-1521
357
241
0
18
-176
872
0
-499
-1319
-2070
-1521
-4523
-1614
-1780
0
-3563
192
0
0
-425
-750
-28
1210
0
95
-298
514
-3063
-226
-13201
0
1431
-3089
-1616
-4111
3333
143
-844
-398
0
672
-70
652
-2140
1106
-1021
-3889
-7088
15
1772
-341
34
-105
-6661
-535
1413
1881
-551
744
-298
-144
0
-3433
0
-2069
0
-135
0
-143
-588
862
-1817
324
-3181
-506
-1288
-465
0
-2475
-555
-381
-279
-273
0
-556
-8979
-45
-2667
0
0
324
-4428
0
0
-2369
-2494
1737
-452
-1008
936
1908
-4153
-1534
1225
-470
-1932
0
-894
0
2484
216
-3237
-106
-2054
-165
-1934
532
1268
-912
-3380
0
0
-2306
120
5126
-1504
1437
852
2974
-240
0
0
-55
-528
1053
-4249
197
0
-1393
143
-288
-2820
-4906
0
-51
-4953
-7451
-3048
1652
-795
-192
-120
-1514
-2679
0
-726
0
1046
-28
-1554
0
0
0
0
1802
0
-3852
3443
586
6138
1937
-508
-52
-606
762
0
-795
-104
-512
-1882
-3380
0
440
4320
921
0
-686
-1008
791
1400
-748
0
-1360
-1128
-6191
-1225
-3048
0
-132
611
-2196
-883
1584
1140
-54
345
-3241
-1116
0
-5213
315
0
-166
-4227
1674
-40
-3282
-666
120
-188
-216
512
-572
-3861
39
265
-9212
-44
-5937
0
-580
1225
86
2540
0
-3378
-1814
1270
1601
-200
-2489
3293
243
0
-3426
-2034
-302
26
-3358
-6905
-4935
1884
1441
-4903
748
-237
0
23
-240
-4715
2398
-5308
216
-98
688
0
-153
-928
-1289
0
0
0
-1832
-485
-5157
0
-384
-1560
-837
412
-7399
-2614
-1624
-1290
1081
288
2031
-415
-16
0
-1210
-7188
-82
0
-2440
-6
-169
-2176
0
-880
-260
0
-3016
278
-238
-1778
-221
0
-1196
-1022
100
-2548
208
0
-4061
-1913
0
-2782
-54
-6093
1422
-2978
3365
-9
-1798
-1143
-158
0
880
1992
-2221
1518
471
-1996
2181
3478
0
-5356
-252
1404
-6322
1504
-849
2926
1143
-1304
56
-2551
-4867
394
-1655
-3172
-1901
-5255
0
0
503
1477
0
-2101
281
-5773
-1909
-39
3600
0
-508
1588
0
0
0
88
-1395
56
-1043
842
6777
-4339
0
-294
0
3224
1080
-66
-8348
2227
1370
-2543
0
0
-1950
-94
0
-1506
270
154
-4
-340
-3339
-182
-1778
-728
0
-5
-1377
-1574
188
970
-1953
-1860
-3280
-9003
-1548
-3328
0
-842
-1636
4266
0
0
-6242
-969
-200
-1000
0
257
0
-1209
-3314
-16669
-1350
-1029
-5984
-2508
-201
2540
0
-2477
228
1843
-4086
1842
665
2296
1989
-82
-728
-2908
52
704
0
1651
-7191
5888
-2122
-2366
816
0
-1321
-613
0
-324
-2223
880
-666
109
30
-2032
-2308
478
-2337
0
852
-973
-3193
-2698
