-8
-4289
-328
0
1752
0
1134
-577
-303
-80
1352
-1353
-3964
160
446
78
1547
0
-96
-4378
-2592
-160
0
0
174
-3930
-192
-504
987
160
-44
1595
-4093
934
497
6482
-2567
-1016
0
-281
-1734
0
-2018
0
537
-4040
1753
-2238
0
3126
792
248
-2949
-6210
560
0
-159
0
-540
-3957
177
-4449
-1014
-621
0
-376
0
0
3011
928
0
0
1016
1872
0
0
-1699
-196
-930
1506
-1188
-1139
2730
3369
-176
-5407
11
-847
298
-43
-1756
1009
-112
740
266
-552
-3220
0
216
0
-4756
-1260
-3682
-97
-5406
6820
-2783
2073
-3665
0
5394
0
-1569
-4823
-466
0
1050
0
-802
-3470
669
1637
-2021
2117
-2855
-475
-153
68
2364
96
-8248
-2246
1159
-474
40
-4185
246
3976
-1898
-3248
3839
0
2897
0
-465
-9755
0
0
-1383
0
1401
-231
-2005
-24
-784
-909
-5187
-2216
-915
-530
-3039
0
0
-1572
-747
0
0
0
2903
-4025
-174
0
36
541
-376
1152
0
270
72
2019
-1036
0
0
1076
-367
0
-1802
0
-5780
-1156
2340
-1155
0
-74
-95
712
-160
-458
0
0
0
0
1908
-2379
-316
-1286
635
8
0
312
0
0
-413
2804
0
0
32
-342
0
0
1704
527
-166
764
-2533
202
414
0
0
-2040
102
0
1235
1
-502
720
375
-917
-2816
-1116
1123
0
-744
0
-324
0
-92
0
-4800
6255
0
-5217
384
0
1460
0
-5642
1820
126
0
-804
0
162
-3113
-900
2939
-1331
958
-5497
-30
0
3291
-4240
148
-2925
-2981
46
0
80
-2557
-355
-979
-1896
-381
-2613
0
97
0
-1104
-8266
130
0
1928
-294
2666
-324
-1008
0
396
-630
-10348
-365
15
-863
86
0
-224
-2091
-4267
0
0
0
2122
-1139
0
0
109
-239
0
3855
0
1922
412
3535
-690
0
-336
21
-111
0
-4656
0
-58
-2409
0
1396
0
-16
-255
1012
0
-3359
0
0
0
0
-61
-1244
-117
-1423
0
0
0
-2
0
0
2114
694
0
0
954
0
0
0
0
672
-3447
-788
-2670
-168
1738
0
0
-3133
0
-500
2557
-1355
-1774
1426
-266
-101
-1370
0
-1381
381
-1687
0
30
0
-2893
0
-6524
9425
0
-3927
-232
0
6202
0
-718
-756
-381
0
0
0
1538
-7146
-629
1713
-1954
3291
-2630
84
0
1204
-408
999
-393
-1349
-666
-480
0
-2962
492
727
-722
-69
252
0
381
308
-378
-4038
-586
0
-2979
40
2714
181
-417
-240
237
70
-1692
-1451
-1273
-88
153
0
-469
-3781
-814
2964
0
-343
275
-2376
0
-1016
42
719
0
1517
-378
2242
576
2394
-792
-2646
-558
1609
-1524
0
-2527
-77
-2043
-2432
856
-3001
0
738
1674
690
-1682
-2430
588
0
0
0
-491
627
480
-3146
-1215
20
-635
-101
0
1248
295
-272
0
0
297
3486
83
0
-1216
-208
3020
1092
1903
-806
-1068
-1255
0
-1621
0
20
1705
11
-870
1816
709
-33
-433
4
-1196
-510
-463
0
-5646
-1990
-2995
0
-6772
5318
-512
-1008
-1719
635
2659
-432
-1073
-2922
-318
132
254
0
1408
-5521
177
3017
-2858
3580
-2546
-70
0
62
-230
-180
-3785
-4670
1524
0
0
-1923
-1548
1551
-732
-5693
1543
0
1624
0
-831
-5401
-400
0
-395
59
680
36
-3918
642
1104
-208
-516
-2842
-4814
-1755
-917
0
74
-1176
-252
-440
0
70
3566
-6500
0
0
1705
-451
0
1801
0
2899
1340
326
-1059
178
0
4193
0
247
-2774
10
-3280
-4838
7621
-4471
0
0
1032
1197
-2515
745
0
0
0
0
3110
350
-814
-431
-720
0
-250
-776
0
-539
-185
3929
0
0
2992
-1450
587
207
3866
1039
-42
1760
-4610
-372
904
-3052
0
98
0
0
2513
-714
-2173
4598
-335
-70
-3529
-419
-427
1579
-1208
0
1016
1108
-3160
0
-7670
4678
-2121
-3764
-1585
919
536
-3164
-3097
405
-3486
105
-1599
0
1926
-2342
-922
2723
-1285
3263
-4567
-308
0
3366
-3196
-31
-3591
-4242
885
0
0
-2999
3470
-339
-3052
-1223
-1082
-120
3080
154
-508
-1560
-9719
254
-1677
-735
1984
1414
280
122
680
-366
220
-486
-1246
-288
784
0
-944
-2879
-146
-1596
0
0
-2413
-510
-254
-1783
889
0
-472
97
1328
3773
516
-160
-46
-874
0
-1326
1995
342
-1042
0
-2233
-2390
-3172
1510
0
2629
4652
-773
-12
-1568
2490
0
-258
0
-3601
-4459
-3338
-1546
-4837
-987
-1078
0
-123
292
-1733
-43
-495
0
34
-615
2286
0
-992
-2048
-2741
-86
-394
-1800
-2784
-8
212
-6077
63
-2385
124
-127
-2314
1052
0
1760
144
-127
-2975
0
-2032
0
-2672
1
-2211
113
-726
1117
-576
3712
-1870
620
6502
0
-288
-2196
-34
0
-1210
285
0
-5293
790
794
1790
7694
-56
0
105
-2625
-247
341
-11914
2557
-408
-792
200
-2374
900
1515
-220
-1120
-604
0
-341
0
-1322
-1702
20
0
-2505
430
2791
592
-762
116
-888
-1251
2035
-899
17
-376
-756
0
-1656
-10417
-3390
0
0
0
-2843
-4014
-56
-770
1380
2147
-576
3468
-2637
476
2256
765
-1573
-224
-432
997
-1099
0
-10055
0
978
-5256
1066
-3549
0
780
-749
559
-5810
-3003
0
0
-264
0
-2682
-445
-60
-3753
-1137
92
0
-100
0
0
-2502
1836
0
0
1472
5065
166
0
-2577
-512
-1802
3664
158
782
-1352
-11
-88
-116
482
-1270
581
-170
-677
5195
2124
1002
-286
-1130
-905
-110
-1056
450
-7347
-1876
-4343
0
-779
5121
0
1901
-1862
0
10170
0
-5231
-1626
42
-228
-36
0
1134
-7121
3252
4225
-795
2060
-7508
-1024
0
-1991
-439
1612
-8256
1201
1889
-350
772
-8455
-380
6150
-1437
-3481
919
0
224
0
-4051
-9319
579
60
-4441
2186
3315
1138
-4806
0
2520
-1555
4228
658
-1306
-2764
873
-1678
-2340
-7708
689
0
355
0
-1284
-4319
0
372
2184
-2755
45
7744
-118
2699
2461
-2125
-5156
0
-510
3551
587
3179
-14015
0
-960
-2427
441
-5667
-312
-82
527
-767
-2428
-2358
0
0
297
-136
-1701
-247
-1364
-4710
-163
0
-254
-1444
176
0
1739
1720
0
0
6083
-1641
158
-210
-6
2263
-4295
5996
-3402
-340
-2615
-754
0
-4704
0
-6366
5143
-9782
-4534
4905
624
610
-4332
-10267
-2663
1313
-9040
266
390
-2
-279
0
2050
8400
0
-1223
-1123
0
14990
-980
-2253
-3742
-117
630
-446
0
-530
-13685
370
5786
2387
8774
-8801
-850
0
-1980
-4170
1934
-2249
420
-467
-556
0
-7837
1580
1070
-2091
-652
-3808
0
-2101
192
-1853
-1695
-729
900
-5379
1581
-112
222
-1525
366
-1242
0
741
-6290
-2273
-358
-3915
-3036
-1168
-4404
1154
355
100
-455
-2816
-4485
0
0
-136
-240
9
3679
-324
3151
5287
-1074
-456
-1215
-946
194
-1596
-17
-806
-1401
-2267
-996
-2440
-2412
-120
0
543
344
-1524
-78
252
0
1346
-80
-735
51
718
-3288
-165
0
-67
-261
445
3416
-2402
2350
0
0
2671
4377
89
609
-3786
-68
468
637
-566
0
-1141
2420
0
-1779
0
-5402
130
-1400
-1268
4677
1946
964
-526
-7562
208
-534
-5753
-3352
-3631
-1401
-2702
109
1603
176
-3613
-1751
-3443
135
4331
-325
-4674
-1564
-102
-420
-666
1684
-704
-7335
480
4921
775
2410
-7506
-922
0
504
-2882
249
-4445
1684
-816
762
0
-2828
924
-52
-650
-1030
-1336
0
-4064
127
-158
-1346
-147
1368
-1987
3575
0
53
-3791
1398
2956
-479
259
-3975
-3367
-910
3813
-4532
-495
-1657
-2614
-209
-327
-70
-3093
-6707
528
972
720
-127
-1107
2719
-1454
2867
2547
-288
-1096
123
-2918
-361
-5016
513
-1106
-1061
-1788
-780
1551
-5004
0
1679
228
-1960
3219
-1758
2133
0
772
540
1512
0
3180
-2770
-3371
0
-3939
-1598
-630
-912
3204
-2436
1635
0
5924
2607
490
792
-6530
410
-21
1386
-992
-124
-43
6460
2068
2080
-612
-13950
1563
-8855
-4597
-110
-600
2817
-1856
-9003
-3471
4502
-6248
1204
-1665
-2860
2456
-78
2160
108
-2586
-2733
-5335
1308
5162
-1762
-1691
-6166
-1116
439
4532
287
-3780
-3274
227
4205
3121
1828
-9182
-374
-180
-2769
-3361
32
-6454
7305
2012
-60
0
-1848
2151
-145
-4174
-4149
-1157
-351
-6144
25
0
0
-939
64
-3854
1800
962
2752
0
0
0
0
1557
32
-7403
0
0
0
8
-2240
975
-4050
0
0
0
-288
0
-2027
0
0
0
1560
497
4768
456
-430
0
-1014
0
2550
-2516
-1197
0
0
1143
0
0
-1828
0
1062
6188
0
187
1890
2332
0
-333
0
1248
-29
-1297
-612
-2614
1055
1022
0
381
16
0
-210
-42
0
90
-2993
252
0
-1184
1744
1717
1386
-818
-2204
-4974
52
-52
1314
552
-2905
0
0
-930
411
0
2484
0
1
-1158
0
-437
0
-3530
-4576
443
0
1233
1110
0
225
-6374
900
3915
0
-141
-471
0
0
2152
651
0
-754
210
1419
-12
6288
-340
0
0
0
249
159
-10132
1803
0
-676
0
0
1270
0
0
-315
1432
0
0
0
-2921
-695
0
0
-1890
0
728
1857
-1196
-647
0
277
1062
761
-1211
0
0
0
-1152
-4286
350
-951
0
-560
-2198
-593
0
-4065
1389
1163
0
556
-904
2080
2130
988
-2730
-6988
0
-1480
-150
0
-4759
-924
-535
-9585
2494
-31
0
0
2952
-1133
-1935
-632
168
0
0
0
0
30
0
-2463
-4003
0
-1301
-1211
0
1914
0
0
0
0
1302
-2512
675
0
443
-330
-1075
1893
2261
-3586
-892
-5055
0
49
0
0
145
0
-220
4502
2522
-20
-195
376
-534
-429
371
-982
-9185
-3221
-5570
0
-7241
893
-2587
4127
-5503
2404
3018
-288
0
-473
-6596
-118
330
0
3680
-1980
900
0
-5403
428
-466
-1436
0
-1094
1705
50
-8289
-4117
5077
-520
0
-7532
2762
3809
-552
-20800
319
0
7128
0
-5312
-4905
-27
168
-5033
-147
-48
690
-5615
474
4396
-156
1498
-1565
-1992
-1755
2455
-802
324
-4366
1908
-480
11
116
2674
-8521
-981
-425
2365
-751
-79
1993
0
2610
2727
272
-4539
350
-254
-322
-287
-1725
-5240
-512
-2592
-5395
9969
-4330
696
635
274
913
1914
1384
0
0
-1101
-508
-4460
0
940
-5113
-33
0
-429
-3258
-86
-356
-3827
3504
0
0
4280
-2821
1007
513
3329
-248
-2807
1204
-3326
427
111
-6197
0
617
0
-4872
2006
-11908
-3172
1288
-169
614
-5924
1814
-1336
1680
1331
-3108
344
1084
-492
0
-7097
1754
-3666
-411
-2608
1140
5170
-4514
-2325
-4773
-8971
-755
1979
0
2162
-2316
-208
712
-2091
3883
-1764
-627
0
710
-4614
64
-1810
-3406
870
-80
0
-7716
3052
636
-4898
-6746
-3767
-240
1353
154
-4255
-702
-3339
66
805
0
0
0
-3766
0
-2736
-882
0
-1587
-2481
-3371
-5562
-332
0
-339
554
0
6
0
857
-7041
-609
-672
-222
-1065
-1060
711
0
0
388
0
-857
0
0
0
-134
-1829
-270
0
-1905
-1115
990
-833
306
127
1350
0
0
1041
140
0
720
72
-3647
0
-2470
-414
-1424
0
-142
-64
-38
0
-2786
6292
0
0
64
0
0
834
458
-304
-1151
-573
-460
-600
0
-1932
0
-1107
0
-3306
0
855
-1084
0
-280
105
-1523
-2888
608
0
-4290
-1596
-105
36
-1152
0
0
0
0
-832
-22
-34
1167
371
-6306
460
-2106
-148
-2956
0
765
-2131
0
2364
-672
3828
-3960
335
0
1852
-1748
0
-2156
0
-2109
0
0
-3038
3146
-185
-3909
0
-1991
0
-48
0
0
-4686
-1034
0
-3520
0
588
636
0
0
63
0
2610
288
-1270
0
-846
0
0
-1617
-520
0
0
0
-10
-4896
196
0
0
0
0
2760
0
616
0
230
0
0
0
3683
-762
0
0
0
6350
-345
539
-2540
0
615
0
-15
0
290
0
0
-231
0
4032
1482
1344
-260
0
30
0
0
92
0
-110
612
0
0
0
2884
0
0
-1316
272
4848
0
-2542
0
-3157
0
0
741
0
0
-3
0
-570
89
0
1088
24
-570
-1425
0
-650
0
-915
0
-767
0
189
1804
0
1890
-1270
0
1653
0
-2115
-1911
0
0
57
0
0
-812
0
2666
-6
1040
-4505
0
0
651
500
0
-4998
350
0
-676
0
-1660
0
1250
0
0
2494
0
0
0
-1633
-168
0
0
-468
0
0
0
737
1445
0
-244
0
-2162
-254
0
0
-1404
-416
-231
0
-5467
0
-867
-2912
-1176
0
-2637
2383
-1380
0
-195
773
2823
1634
-465
-897
-7011
0
0
0
0
-972
-1418
-481
-4871
-5246
384
0
0
1938
-1136
2150
-1256
252
0
0
-90
-343
312
0
-1243
-2437
0
271
12
694
2451
0
0
0
0
2320
1017
-14
-51
-4527
165
324
0
621
-2502
0
6083
0
95
0
-257
73
-470
-148
1170
2652
81
500
-1213
0
-847
162
-3690
-4885
-2994
-1635
765
2661
0
-8744
0
-7283
972
0
-312
-75
-1248
-1574
-606
0
1160
-1742
-368
0
0
2672
0
-504
-3866
0
-1795
-424
0
-6310
5269
-2101
0
0
-2274
5345
120
0
-9461
898
0
-8713
0
-849
-3029
0
0
-2263
614
0
0
-5476
2210
3035
-270
54
-2862
-2795
-2684
2630
-3438
264
-204
-1511
-294
-125
-612
-4876
-10366
-907
1539
1579
-269
-1861
2659
-442
2831
1894
-140
-3710
647
-1123
0
-1197
-1209
-316
-2181
2130
-1780
1250
-2662
0
659
36
-1362
1144
-1782
174
0
-440
321
80
534
1905
-2883
-671
0
-2939
-1037
-410
-223
2544
-3245
254
0
3795
515
366
-156
-6824
440
2044
2469
-195
214
0
4223
1430
1374
-894
-4364
39
-7760
-2441
-957
-760
3285
-2787
-5020
-2160
2617
-1467
980
-1263
-1862
1736
-546
1950
0
-3100
1038
-3340
978
1411
-3002
-3561
-5038
-1390
193
3548
-170
-5016
-558
168
2587
5171
12
-6809
-972
-240
-7938
-4619
0
-3796
5264
2133
-105
-5
-4935
4812
1949
-4991
-7992
-5
0
-8804
58
-4589
-760
6017
200
-1341
85
155
-300
-2157
0
-1736
-2865
-366
-1171
-2716
-4407
-7094
-898
-385
-1580
-2677
3648
0
0
-1143
-9308
882
408
-44
-195
-3798
0
-571
1944
796
1456
-1020
-1270
-1615
-152
-1321
890
-27
0
-3105
290
451
-3100
0
-1558
-9200
9
-840
-1972
4581
0
3100
0
-974
-5215
-2654
-2194
-5491
84
-2794
647
880
208
-1073
3216
173
0
0
-1651
1577
142
-493
-1892
-1067
1237
-355
3852
3192
1495
-1651
-5964
-207
-3705
0
-266
-2513
102
0
-303
-1357
-1554
-5644
0
-1893
0
-3112
-3717
299
0
-2599
508
0
-584
2854
2525
3648
210
-7560
-1239
1863
-24
1539
1143
-698
-1082
34
3861
788
3191
-3937
-12
256
-2851
-1811
185
103
-1397
1262
294
76
-1298
2643
-1225
-7214
-381
-1831
0
-840
0
