39
37
51
60
105
59
39
48
41
38
42
42
43
48
52
60
72
63
49
65
37
31
57
45
30
47
39
51
31
43
40
52
45
34
46
65
63
48
54
49
60
44
40
28
34
28
45
70
50
60
49
52
47
44
73
55
49
27
73
29
53
45
40
26
41
77
72
32
60
35
36
56
35
31
52
59
76
53
33
85
64
39
46
59
94
37
42
42
58
63
40
74
36
39
45
42
49
44
43
68
35
41
38
37
23
29
36
114
31
29
57
50
46
51
29
73
49
37
50
39
64
47
82
56
38
32
26
50
35
31
32
74
38
56
38
60
61
73
43
58
51
33
49
38
51
48
38
59
60
44
42
62
69
40
44
33
44
36
51
41
74
57
28
42
61
52
43
33
47
59
51
69
59
50
30
50
36
54
57
74
40
25
26
88
71
59
45
54
70
38
72
52
52
48
52
57
49
29
35
33
