472
501
1036
350
906
248
633
600
476
1509
715
277
534
827
572
234
425
311
358
709
485
461
7634
516
679
587
831
613
507
594
346
334
549
302
429
549
238
600
324
649
524
480
305
454
707
955
355
776
1342
433
578
476
305
912
703
1206
771
777
577
2015
827
1035
517
1500
510
517
763
467
290
390
999
890
377
480
428
546
624
577
1014
368
806
396
993
279
419
521
495
484
380
401
609
349
688
573
936
364
834
423
480
409
786
499
685
732
764
386
270
541
792
343
314
501
390
746
338
626
393
668
406
541
436
526
465
315
649
597
612
970
740
757
786
510
464
810
296
614
341
390
237
448
1178
510
497
823
