44
-49
79
-26
-27
60
18
73
-38
-62
24
57
127
-4
51
91
-86
-77
-1
-59
28
69
69
60
20
-42
48
-1
-28
-2
-32
-102
68
-38
-127
-53
-58
25
-15
36
-13
36
82
12
-31
-10
-126
-113
-104
71
49
61
82
56
79
-62
29
-68
14
127
29
-71
21
90
-6
-17
29
-45
-22
3
-28
51
-41
-38
57
35
89
-3
48
18
-29
-48
-11
34
-6
57
11
30
7
56
35
-21
-78
13
-35
-74
14
23
-111
-24
15
-73
-32
-127
17
3
77
8
-59
-34
-50
-52
-105
29
83
30
34
31
67
-36
-1
-5
-12
87
-13
16
10
127
-125
21
51
-40
2
-45
26
15
11
-27
18
36
42
-12
85
-17
-4
-36
20
10
-100
-61
103
-46
41
12
36
52
-15
77
24
-47
-80
-25
-52
11
73
-127
10
-63
6
43
89
21
-72
-13
-8
-47
-25
-50
127
-2
30
-1
95
-14
-7
34
-75
-13
-14
76
74
89
48
46
-63
-98
71
101
4
109
4
-87
65
50
77
57
33
37
-39
-102
-97
65
47
66
-1
83
81
63
-34
10
-58
32
-16
-105
92
-71
-81
-80
-74
56
-36
-9
-64
10
52
-24
19
9
-69
-74
-127
121
28
72
-15
97
76
-114
17
-69
3
98
-18
20
-63
13
-35
13
-46
-122
71
41
-51
81
-85
-54
73
123
60
64
74
-49
2
-52
-87
83
83
48
-59
23
80
48
-28
22
-90
50
18
-55
-17
25
-100
-65
3
-39
-98
39
-31
3
63
-49
-3
-44
-37
-27
-87
89
37
10
-63
123
127
-70
-5
-11
-35
100
-24
67
-74
45
-127
9
-9
-127
-28
29
-1
27
-26
-15
48
99
43
71
127
-25
15
-8
-96
37
-48
-102
8
-34
88
-7
-22
127
-65
34
65
-68
-127
109
-47
-38
20
-43
-107
74
10
37
88
-28
-15
-79
-97
-31
-107
17
83
-85
-33
44
126
-49
4
44
-68
2
-15
71
16
44
63
85
-124
-85
-70
90
14
122
51
-86
63
66
24
74
-11
29
-10
-23
-89
42
-119
5
-77
62
79
-53
-45
-52
-23
18
-30
-74
56
-20
-17
-67
-9
23
-52
-6
-86
-22
-32
-42
47
-12
71
-78
-96
81
-23
9
-52
107
38
-59
13
-39
-29
12
-14
-5
-121
-39
15
53
-101
-110
86
45
-23
41
-6
-49
41
76
5
73
-34
-37
25
32
-89
89
-53
25
-17
15
66
-43
-76
-34
-88
-9
-21
-45
-38
127
-46
-47
11
55
-106
37
-43
-3
-24
-28
23
-68
60
19
-95
35
-21
-34
-87
127
10
-9
-11
28
-35
16
-74
12
-111
-9
-127
70
-58
-109
2
40
48
38
-69
-22
45
42
17
78
44
-65
57
58
-85
11
127
-74
-127
13
96
-127
-100
67
-100
-74
23
-19
-101
25
-20
-38
1
-11
-95
9
-23
78
3
-32
0
-111
11
52
-91
-11
33
-58
-72
54
17
17
-23
42
-63
15
-85
-127
-61
1
69
0
127
-24
127
44
-80
36
0
-97
67
125
99
4
19
79
-127
-86
2
73
15
107
-8
88
19
-45
57
-107
67
29
-84
-40
107
38
-64
-89
-42
8
49
118
-19
43
116
-24
-77
-18
-81
-127
24
92
74
103
127
-9
54
-69
115
-127
127
77
-32
-59
61
83
26
4
66
-46
32
11
-90
-64
-4
-93
58
95
62
-9
46
-7
-87
-60
11
-126
-6
4
74
57
4
36
28
-98
37
51
-68
-21
50
21
-89
-53
-13
-48
-5
44
5
-3
79
-13
-90
-48
-11
-69
44
35
69
104
61
11
71
-42
72
-65
60
39
2
49
54
87
-54
37
59
5
-53
-77
-18
-56
38
-64
18
14
31
-34
32
21
-21
-47
6
3
81
-127
125
-50
-20
87
3
11
78
90
-30
-35
-46
-36
9
27
79
-45
87
-1
39
18
88
17
-103
-44
-19
-62
69
-71
98
38
88
-27
55
-35
61
-11
13
-80
-30
20
101
53
34
60
74
-71
-59
126
-82
59
59
-127
97
127
80
76
-20
72
-104
-127
-84
54
-46
93
-73
127
88
0
8
-92
57
35
-127
-81
65
-20
-34
-127
-36
3
-39
-58
-82
43
84
-76
-33
-38
92
-60
41
127
62
127
32
113
76
-127
127
-113
59
94
-34
-114
-6
16
25
62
48
-99
-79
72
-127
-24
127
-101
127
92
70
81
13
-19
-29
-79
-67
-62
-69
-34
-89
42
45
51
7
-44
55
46
-95
-70
38
-42
-36
-100
40
-98
-66
-99
-46
57
74
-63
-49
-96
59
-30
18
91
73
57
16
106
89
-113
103
-57
56
48
-66
13
3
65
-98
69
93
-97
38
1
-24
4
3
-91
45
69
45
54
81
33
-3
-32
-67
85
37
-115
-87
-30
54
16
-39
81
70
-37
-20
-82
-61
6
20
-19
127
12
29
-65
-9
91
127
-21
-30
-114
-94
-29
32
-1
72
-28
38
19
90
-120
90
0
70
-17
-11
1
80
55
59
101
-48
-86
25
127
-34
121
2
-119
101
56
31
127
-41
45
-27
-58
-127
-20
59
3
-112
117
127
5
-85
-44
43
-17
-119
-127
83
-68
66
-105
2
-32
-71
46
-127
52
-2
-104
54
-15
127
-96
-22
113
-20
46
-60
110
9
-106
82
-27
4
19
-98
43
-66
-39
36
127
-31
-120
44
99
-33
75
-47
-124
103
64
29
99
-29
-47
30
0
-126
61
66
-105
-102
53
83
-19
-127
-27
4
-61
-112
-87
-7
83
41
-113
34
-92
-56
21
-99
61
-2
-74
8
-86
88
-30
-28
68
31
2
-94
88
50
-73
47
12
23
27
-127
-58
-127
-5
-34
125
37
-100
-19
82
11
10
33
-118
67
56
18
91
-9
32
27
37
-62
26
-98
-80
-92
23
104
-74
-94
27
-15
-127
7
-117
15
-31
41
-86
36
15
-127
10
-79
116
32
-45
28
-127
-40
30
-76
5
18
-85
-55
83
61
-84
27
57
69
6
-92
-7
-57
4
24
-41
61
-16
21
-21
-89
-59
4
8
39
39
18
-14
92
23
0
-25
21
127
19
48
83
70
8
32
14
-104
43
62
-96
19
39
10
-99
-92
31
37
12
-81
-31
-32
87
-29
-127
-45
51
-51
29
47
43
124
106
-10
28
20
91
-89
68
40
-23
40
66
52
9
1
25
-35
-104
-62
-97
-127
-46
-13
54
32
-3
-6
90
-8
57
-37
25
2
32
-47
85
40
-22
70
32
-125
45
59
-101
34
16
48
-29
-21
44
37
54
32
4
-42
33
-19
-119
-89
66
-52
35
11
16
42
79
-24
34
14
69
-71
41
5
-44
39
53
39
-8
15
37
-5
7
-59
-14
-86
-20
-23
-14
34
17
-24
84
65
20
-42
56
58
-26
-71
62
-45
-35
33
21
-18
127
13
-48
9
-8
55
32
23
75
35
82
-9
15
17
45
-21
-76
-45
3
-74
120
-78
46
-9
79
-70
24
4
96
-25
58
-91
-19
-1
104
3
1
46
88
-88
47
32
-109
-43
18
-5
56
102
16
48
28
17
-4
-61
-85
90
49
-38
-34
95
45
-12
-37
-70
15
21
-126
-14
45
-75
8
-110
1
36
-64
58
-78
21
62
-87
-72
-62
43
-40
6
68
28
103
49
33
40
-43
109
-35
67
10
-68
-98
9
24
23
23
49
-84
7
21
-111
-43
-66
-42
72
71
10
49
70
24
56
-57
7
102
-14
-18
63
36
7
50
-8
-72
53
-1
-88
-37
20
-34
63
-61
56
8
19
60
-95
26
51
-86
-64
-97
69
-35
36
33
-6
36
48
-4
47
-67
90
5
83
30
-48
74
35
13
-53
54
98
-95
14
-28
-38
-83
-14
-53
20
-27
15
10
66
127
41
-38
42
53
30
-25
46
-47
3
-33
-78
-13
97
-77
-5
-44
54
99
74
3
66
73
37
58
-21
120
74
-62
-51
-83
32
-74
115
-33
57
-6
86
-30
33
-81
90
5
65
-49
1
34
103
30
18
87
28
-78
24
52
-85
61
51
-42
85
36
8
89
-104
46
26
-42
-69
-44
-56
-36
-60
95
59
-2
-45
-35
54
-38
-86
-61
55
-33
28
-106
29
23
-65
-91
-95
29
25
-127
-15
-61
81
-65
-19
66
-14
88
4
68
-10
-49
51
11
42
3
-53
-11
-41
-15
4
50
30
-92
-80
46
-81
-2
-67
-68
44
55
10
61
7
32
20
-10
-16
-4
-22
34
-80
70
50
-47
-41
-34
56
-76
-79
-99
72
-5
51
-77
13
15
-19
-32
-105
37
0
-102
19
-78
42
-39
1
26
-11
21
-17
64
-1
-43
55
35
43
60
-41
58
-52
5
-28
70
74
-107
-4
-6
-10
-33
-23
-97
32
-40
21
48
7
117
9
5
28
58
17
11
-94
-16
52
16
-90
32
74
-111
-10
-102
117
8
84
-44
20
49
-14
39
-66
127
66
-57
27
-90
57
-49
35
-42
47
-51
11
2
31
-73
60
50
19
-36
-51
-32
-17
1
