-3851
-5829
-2888
-7548
-5249
-6125
-5074
-2943
-2195
-3752
-588
-2648
-7181
-1127
-3132
-3320
-3468
-4370
-2312
-2862
-3844
-1220
-1836
-4309
-3068
-1236
-1432
-368
-251
-3558
-1902
-5727
-6988
-3583
-2381
-2119
-2356
-4455
-3060
-3434
-4017
-2416
-6585
-1170
-6370
-1046
-1462
-2646
-3367
-943
-370
-4895
-4258
-1749
-1076
-3420
-5136
-3943
-5005
-2446
-1543
-1388
-3878
-3044
-5490
-4051
-5055
-3444
-2977
-982
-3659
-2610
-4726
-6483
-3921
-3184
-3032
-5742
-4222
-7810
-3245
-8181
-4457
-6106
-3930
-7712
-2312
-6789
-5366
-2519
-1260
-5259
-4805
-9368
-3996
-2215
-2828
-956
-1938
-449
-1277
-1569
-5825
-1785
-625
-6011
-1939
-2062
-4508
-5016
-2361
-5466
-6344
-4028
-804
-3866
-3700
-2088
-3250
-4466
-2969
-3242
473
-4779
-1603
-2081
-2474
-301
