14538
11267
-18806
20129
-6998
-27014
-13944
-1648
-27512
-13863
-17641
21024
-5337
-32857
18847
-6222
6649
28096
-22114
977
18671
6737
-16587
49047
-14660
13772
-1857
18915
-19444
-17190
19001
8881
-39542
-23496
-22878
2682
-19702
13785
10322
-39280
-28405
28170
-17425
28858
-9040
-10674
537
-23204
2575
5611
-15194
12385
48893
-4131
22756
4318
10305
-1497
-50659
-30059
-10445
-8429
-2607
-23485
41522
-46129
-21496
-29881
9611
38254
27178
-9025
-21269
23449
-4379
-6559
-26771
-24102
-18859
-56187
-12032
46095
15849
-13636
-36188
-12201
52929
26635
-58980
33486
-1325
-7739
-16657
26427
11497
-30595
17472
12721
-20775
-18057
40333
-13759
28841
-3030
-22786
12051
-4105
-25781
11522
31919
19466
-32688
37623
16052
-16337
-25196
4234
-13229
-11926
-37929
14047
-42500
-24119
15821
-26044
-6615
15385
-26901
10357
14714
-20309
22173
6879
13259
213
21438
22555
-1286
-34078
12011
41072
500
-24040
18536
-9739
-1403
-21291
-6147
7281
-6673
-11588
51826
-11154
13030
16780
33641
-27820
-21295
-18381
-1431
-17653
-26120
-17325
27315
-20617
21553
-40570
11474
6361
13407
30749
27764
12178
-14689
-15612
17492
37846
16824
-20285
-2221
54263
8179
31917
-35671
7309
-19967
-45043
-21299
-18058
2539
-24390
3421
34358
-37996
-8673
-14164
-6374
41906
30988
-40479
-22190
35102
-15696
2348
-7429
9134
6073
-52502
-37653
45836
15489
14346
4236
-5985
50632
6345
4324
28190
-11194
5577
-1491
34337
11453
4471
-28333
-16991
-4159
-24736
42835
-5111
23307
-1091
-24692
18672
-1967
-19238
12678
34413
10046
-17939
51011
37611
-33456
-1405
14627
-15600
-35372
-42898
13044
7480
11439
-13625
-24058
-9178
-28241
-27356
-13543
-3926
-30683
-6767
1693
-10363
54586
3813
35824
-8989
30981
9157
16807
13848
-16269
22017
-15961
-16143
-19475
-9682
-12479
-13321
-10303
20433
3340
-620
5258
10250
25370
-23779
-14276
2180
-13325
33795
65311
6920
-29791
11226
-36006
25881
30302
4844
25290
9942
10358
30737
-7725
18591
21102
5427
10615
14972
22721
19841
10147
-15425
5801
-16514
-12507
10543
2078
-9519
-17072
-6086
16620
-10382
-33083
-1366
-619
17201
2276
-27517
47056
20546
21202
-10810
-25830
5286
3311
-17797
2066
13024
9181
6351
6906
5254
22071
3557
15885
11404
-14843
-7042
-9424
12489
-5611
3556
-17853
-27578
-28592
-8762
16524
43774
7097
-7079
-23940
7323
-15278
-23865
9526
12864
249
-8409
14041
14496
-5589
-19689
-7822
2807
-34754
-8642
-298
-19576
11308
-7118
-21739
-7169
-24952
38809
23236
12020
21317
-30
-1754
10719
-4090
23033
26940
-5769
-13425
9281
33798
16268
-21477
22880
-7357
-18700
-30098
-1201
-13087
2701
12918
11641
-16919
23856
19770
-1464
-14323
-8471
-13035
-19684
22152
-13091
-11075
27103
-21383
-277
-41434
-5435
3076
6056
20819
-10693
8725
-17285
33661
15489
27670
30437
14273
-23663
5621
34569
-2887
-10587
8327
-19246
7913
11636
2232
10863
-3434
18261
594
4894
20908
7252
-16501
-2022
18631
-35043
-7868
31791
-12564
33825
13917
-5117
-1579
3917
-9711
5514
-6339
-12917
12584
-14964
-29
-12004
10670
-9932
25023
-2605
-2653
8662
6336
-2666
-4057
-9497
24044
4854
-5741
-12282
-3095
10992
-11293
4034
-9065
-16159
-4062
678
-1886
12442
-6339
25222
-3725
7530
8997
2082
-22079
19119
6686
12086
11238
-10877
5610
-5289
-33820
-16512
-11867
-16161
-17746
-20537
-11791
-16808
-490
-14104
-22594
-1489
2984
-10476
-13321
-12890
-14878
-22518
-4917
-21774
-1454
-20026
-25663
9817
-15945
-27679
15932
-30053
-9856
-20056
7150
4159
-16437
-16227
-324
2766
1926
-1992
-8018
-15999
-25770
-11500
-7822
-8269
2124
-16327
-13882
-1925
-19292
-19548
-2128
-15677
-161
-20453
-27884
-27590
-15957
-5137
-20680
-20134
15830
-29630
10690
18097
7036
5479
-22619
17695
-8605
-6840
-25352
-18946
-5546
2267
-1009
-24924
-16685
-4990
2434
-15692
-6199
14735
-6752
-18137
-17035
-15902
-15535
-27246
-27562
-7271
-3127
-18091
-29275
-24224
-6477
-23138
-1077
-27067
5117
-7812
5631
-32015
-21471
-1924
-13743
-26720
-17895
-6602
-4253
-17948
-21584
-9637
-9996
-18976
-25401
-2505
10814
-16427
-14992
-26522
3251
-11819
-15781
-8866
-7242
-28380
-25829
-18740
-11609
6395
-415
5592
-43417
13385
3299
-23782
-26737
14095
-28872
-20716
-14812
-1936
-12320
-36626
-7626
-16284
3966
22646
-14342
-3353
14176
-421
-9793
18222
-228
12734
-20349
-3278
-10139
-10776
-14300
12647
-25772
-31532
-17685
29922
-5060
-14171
-45569
-31402
-45635
20540
-26671
5285
-21411
-10707
-9081
-16704
21637
1397
-32424
-29881
27438
-20286
1190
-37146
-4849
-32126
-27497
-33731
-4107
159
24170
-14263
12076
-33116
-15198
-14965
-1386
11519
28741
-48909
-23573
25758
-23560
4388
-19765
-5583
-16348
-29292
-11986
26423
-13179
-18982
-27285
-14050
24267
3404
-51909
14582
-10646
-590
-28712
12122
9044
-24008
24311
10770
-10181
-37897
10424
-9506
4708
-21077
-21722
-13283
-9055
-26909
7457
8237
19558
-47790
7729
29115
-4684
-28605
11342
-26514
-12215
-27933
5393
-32378
-19390
-36026
-41086
-13772
-33829
-19490
30028
14785
17479
7753
39023
28235
-1211
28655
-2824
-7493
-26073
30402
49522
-18908
-29283
46780
-18721
-519
-27692
-7917
11185
4824
-10803
61632
-29852
14896
49762
27749
-20389
-21966
4547
-35850
19284
-26323
-23093
7758
-6932
18232
-60966
16941
-3641
20277
39855
14695
4514
-13479
12034
36853
43403
52803
-7836
-33111
55148
42318
23707
-62328
5054
-31553
-41705
-2770
-8385
9345
-22867
33363
37014
-35069
45488
-27600
12734
28688
53456
-79529
-21655
89006
-22559
50501
41581
2203
-9435
-44675
-16930
45133
3671
-23240
17705
13688
40406
-3413
8923
19438
6583
51742
31800
44899
44080
4973
-26676
-4343
43566
-17116
25980
-12332
11329
26113
-26213
12712
-25128
-20151
19637
26795
-10283
-52820
32598
41291
-13045
33194
13020
-9920
-44763
8348
29449
54606
26517
-31323
-21143
-2882
-45292
-26629
16411
-19089
21015
-2615
6459
-4635
82972
-14754
13125
3755
75633
24260
-5860
5625
-985
71911
-12978
-6921
-4527
6602
-16901
12260
-12725
11644
1055
21822
39076
-8068
70733
-36083
12151
-16723
22878
79406
97988
-20763
12817
9039
-29675
28995
19189
4086
32863
-3909
28580
57452
24281
3277
-395
29627
28769
-3964
1408
74386
-6463
-9603
-15090
-1935
2698
60490
44789
2912
6989
18326
18746
3733
15889
-10005
18089
-4891
7776
-11234
80676
43309
46691
34447
12530
-25909
-11620
13497
50309
4405
718
14132
-6365
11388
-1650
9571
27085
853
20702
17706
14339
16062
19846
-1864
10705
-13144
14614
16746
-4976
56866
-1148
2872
7554
11919
4442
6834
9041
11127
10808
-23750
-7297
1448
59573
11116
9228
30882
-1203
57299
8176
29659
27997
-9827
8860
-10882
-11849
86706
26040
6029
17003
-5593
2935
15615
-4297
21252
16600
-1099
7152
2463
11853
11349
1289
22765
-6281
-18288
-15810
-8191
-14456
18119
14659
-29058
-10968
21143
21744
-28853
5492
5920
-12646
-27432
28994
4969
838
12862
-1381
-15895
-21900
-16464
1334
1929
20300
-32904
86
-6202
41486
4309
9786
30508
22789
-23466
-33799
37274
-33036
13523
-2590
-11558
31817
19564
21945
22379
20223
20424
-25644
26720
27621
19469
-11493
-31949
18445
-19241
-1623
20109
1903
40410
21268
-4175
-11373
32420
18230
-28496
-30247
-22300
8012
-16389
-47408
-25124
12953
-36784
28248
4140
-2207
-9937
24915
-6684
14727
-3017
29613
13781
-37516
-11511
-31113
-1448
12853
-9445
9997
6953
-10813
-25543
-1985
13535
-47350
17814
34337
11933
5521
-429
7074
37442
-315
8782
1570
-407
18081
-126
-17779
4311
-12107
-21213
8155
12426
-13901
-932
-7137
-13644
-21669
7685
-7231
-6212
-17047
-1679
-2649
-22611
5072
2830
10320
-9324
-21513
4810
-5558
-28250
5755
-30620
-9511
-22857
914
-7534
-6336
-9550
27163
-12594
-14278
-13824
15175
-4857
-25744
1429
4172
-1374
12315
-19748
-10226
3979
217
-15669
-13950
-8615
18518
-21344
-37122
-15546
-21210
-11513
-23754
-9423
21656
-17966
-5369
15400
1977
24648
-12144
15668
24091
1405
1389
-24612
-8844
199
-9424
-7404
7166
10459
27222
-7689
-3534
20644
-7201
-29226
-24346
-20447
-13078
-4790
-34378
-2519
-2069
-18629
-14260
-15853
2523
-11884
-1270
-16226
7826
-1738
24821
-10021
-29302
-2467
-11372
-11765
-1274
-4885
10403
4257
-20047
-3773
-653
-22748
-33802
2808
1512
-910
-17991
-23135
13610
15163
-4276
21440
18300
-25659
1623
-16630
-13966
-17278
-10139
-4621
-28867
14114
-9034
-46574
-16199
-12051
-39238
-13974
-18746
1147
-20366
-29061
2534
-24310
10942
23564
-14615
7516
7649
-1247
-2666
11434
-9901
10492
-25597
-4918
-15312
-23147
1780
6561
-35852
-34767
-15648
13988
-1594
-15754
-16202
-24121
-19038
16474
-22962
8175
-19843
-7944
-22492
-28350
-6430
-12907
-30572
-5885
18692
-26389
1572
-18525
-1818
-12198
-22987
-24757
-12309
-17983
-8246
-23969
14612
-28240
-24452
-31677
15432
8784
6262
-26656
-18712
9912
12083
-15340
-21833
-31629
-18677
-25432
-17436
17210
-893
-25704
-38165
8293
24929
12098
-57684
18245
-4802
-9095
-28995
7443
-11292
-30544
4795
4987
-23359
-20286
11055
-5822
5094
-14494
-10458
-12654
-3435
-17880
2256
9984
14947
-38280
7562
1940
-20149
-37062
-3823
-6386
-5628
-23606
766
-34323
-15504
-11485
-27465
-19185
-10656
-20754
-7782
28174
-10507
-2051
13760
20652
-25318
20950
-4516
-11453
-21192
12631
34039
356
9821
6485
8239
14285
1849
5541
37202
2608
7119
21178
-18053
-5700
9830
5032
-21133
-10145
19330
-7083
5723
-20175
-27559
-5166
-10290
303
11349
573
556
22761
20721
-369
-8492
-19320
4903
32143
1926
15167
5831
-9646
13646
-3457
4927
5834
29140
-4142
-5371
-7156
-13670
4515
-8126
6304
8083
-5974
3936
-2406
5412
1499
16898
-31534
-21837
26174
-21734
14709
3195
25564
-10593
-2618
-7763
5260
8873
-8426
28529
26857
13036
6423
5115
1243
-11268
23717
-231
19244
10725
17158
-6597
28655
403
-3932
-2305
-15758
2119
33881
-16549
5476
-20260
-7817
16627
4568
-2316
3010
4207
23785
-16912
8187
13724
-4564
-10378
11330
30305
17664
10823
9230
-11389
7493
4156
-21964
27150
22813
25084
-8697
6334
8126
63768
8230
30615
-3306
66036
17707
9016
7794
14767
77613
-12835
-16811
7926
-11151
36052
25423
-8745
499
463
19131
58605
-22167
58140
-3845
19333
-8119
37720
82977
77660
-41009
-3595
-5049
44046
39222
48154
7376
31343
-16159
32667
52574
42310
26859
-6711
38400
51234
47848
-17627
73988
-19670
61703
21352
29974
29694
69897
39874
22356
1240
22450
13082
29172
28816
10430
19970
-20513
14321
37438
74058
29692
47047
40929
22068
20224
-18648
39470
49644
-17005
-13396
20252
23754
16736
-22468
1118
42419
-20416
19753
10683
43175
17899
34796
26193
8816
26470
22668
27687
-20069
47862
-21869
18793
3175
703
-567
16979
18672
-529
-5945
28878
-29958
4436
54225
27012
34163
35168
9537
67665
21621
38158
33905
56496
19319
-79
35799
76715
14553
5128
6793
1387
-4311
4168
-8526
1090
8114
16039
625
-6915
920
13066
15865
27594
-4138
7373
13599
637
-24533
18622
2657
-11215
-11203
10518
17187
-27324
5899
-10286
-17918
-8481
35954
-10139
-5801
-11871
17017
-9339
8806
-18809
8990
-7815
6053
-22699
742
769
52370
-15949
649
32277
47400
-10207
-26319
35789
-24401
50441
-2332
7733
23625
32048
18158
26013
25947
19755
-11735
18135
16640
6476
-7261
-24268
12750
25400
-2846
15861
9302
31805
6574
-5942
-9914
29221
22806
-30197
-32727
-8297
-11049
-5734
-26662
-15181
-3137
-23712
19199
-2105
-20941
3823
24213
-10853
28401
-14150
12459
36781
-28270
-6239
-19808
-19427
32396
-11153
40522
19702
2829
-9797
9197
15882
-40045
15268
31363
-2023
6012
15563
28702
47797
-6750
154
7920
15525
31004
-17551
-2196
10627
17928
-24200
39000
26932
4292
-19444
-9985
-26814
-44458
35009
-4095
1892
-24769
-34652
-3339
-14333
3624
22430
5841
-2973
-27493
28000
-24256
-10781
-6493
-35751
19098
-13013
4904
-17109
2172
-18396
5565
-7420
-20532
-28393
36690
-8967
-6469
165
-5277
-5588
-9337
-12157
-3988
14966
-5840
-45632
-8720
790
8396
-19915
-19419
-1526
-13442
2037
-35979
11546
2911
-29205
11717
11588
3633
25909
-4878
1860
32710
-24939
-5672
-15114
1379
13436
-8500
898
13393
13335
43491
-33642
-12862
4720
4817
-9798
-24503
-22616
-39247
-28530
-23137
-5466
-24381
-13060
-16705
-10174
23453
-12050
18402
-40933
6435
-9431
29918
-14178
-16524
-10721
-12059
-26901
30539
-3817
31374
26284
-27448
-93
7863
-38647
-16680
-10697
17691
29744
-29175
-16625
31167
-5708
-15775
42782
-705
-7835
20736
-27092
-5958
-13745
-22417
20907
-28845
-26726
3676
-314
-7497
-14922
-18864
-225
-19047
-5512
16521
-3872
-14780
4327
2081
-7513
-2745
1042
28719
14792
-2788
-21453
3215
446
-4281
-14334
-11685
1329
-2477
-20194
-1636
-12457
-18534
-2117
1296
-25658
-27081
-5805
-5000
3588
7629
-18525
-13036
-2591
-27864
14040
-1212
-1932
-8273
-26377
-14264
-12293
-15576
-22809
-333
-19985
22859
-650
-1552
22230
-747
27
-27053
19067
-19270
-6870
-15457
-19493
-5131
-45402
-6144
-9467
-17752
-22495
-10683
5071
-8376
23283
-26995
-12999
-8485
-10760
15079
-885
-22454
-14556
12524
-14210
-15416
-12567
-15578
-12575
-8713
4253
-23820
18834
-12709
-11303
-21294
-11922
-22984
2628
-172
-17566
-21889
-9100
-1402
-18001
-3782
-1694
-21582
-3345
-13531
-7813
25528
-7783
-15415
-5774
10852
2143
13157
-11224
-14472
-22505
-14715
-15950
7950
36448
2899
-666
-7006
9702
-407
-12380
1676
-11955
9443
15346
10136
-16593
19206
29000
7071
16624
-4032
-4970
72476
30168
4231
-15520
-17038
15139
24131
-22157
8487
7662
30932
-6477
29392
20578
3366
-33201
-5661
-6807
28739
-25261
-5656
26251
7447
-13557
10040
29379
25628
14510
-23138
7350
27116
24969
-27618
19847
-21916
15476
21613
6291
14606
33521
16292
28282
2052
7449
6599
12252
12845
6928
13022
-24162
6331
-8179
11186
1113
13783
3689
2772
13028
-16065
24410
5270
-22744
-12483
6325
3972
1153
-27928
10161
7648
-11390
15169
1857
7294
13934
-2203
16958
4836
52708
13470
31470
-25008
9647
-11679
17964
17858
3733
-20437
11734
24655
2577
2908
12162
-30529
8581
16080
-11345
56634
22236
4881
23036
42122
-7002
32847
44688
21758
3487
43660
5097
-7708
28532
5395
761
-7513
19303
-14213
15471
1811
5971
37286
-202
3579
-17491
10843
2597
-13941
10490
1476
1542
61804
36487
14695
-25608
-2150
-8984
-2314
-20997
37975
-680
18323
-5951
15037
52678
12186
1079
8897
-27673
43824
-21463
-29123
2123
-31808
-14848
-2729
18493
5853
30646
-15811
8655
16352
-16583
-21111
5396
-20202
36017
31107
17062
15377
1200
42178
18161
9481
8876
-19822
21715
-6409
30400
-10230
-18496
-15874
-4654
21836
-10555
-17286
1307
-4881
39929
-6956
22675
53075
-19036
-15058
-1806
42762
-17785
-27421
-16876
19101
-17106
-12815
-6628
4977
-14599
902
30524
3319
64675
-5476
12013
-18228
11023
-14296
17845
23185
-8949
-6792
49731
-9776
-22114
-3612
20319
-22723
-3458
61329
25410
15114
15917
8995
12198
10370
18586
7089
35752
32713
-22
13521
36843
