10
5
0
13
0
0
0
0
0
0
0
20
0
0
19
0
4
25
0
0
13
7
0
29
0
14
0
19
0
0
17
4
0
0
0
1
0
8
6
0
0
34
0
27
0
0
0
0
0
6
0
9
26
0
20
1
5
0
0
0
0
0
0
0
31
0
0
0
8
29
25
0
0
12
0
0
0
0
0
0
0
22
9
0
0
0
30
20
0
27
0
0
0
15
7
0
18
13
0
0
29
0
18
0
0
6
0
0
10
27
24
0
16
16
0
0
1
0
0
0
12
0
0
8
0
0
15
0
6
9
0
15
2
6
0
24
21
0
0
10
29
0
0
14
0
0
0
0
3
0
0
31
0
13
16
34
0
0
0
0
0
0
0
28
0
14
0
7
2
15
24
26
6
0
0
13
43
22
0
0
29
5
28
0
2
0
0
0
0
2
0
0
25
0
0
0
0
32
29
0
0
21
0
0
0
3
2
0
0
22
8
9
0
0
29
0
0
23
0
0
0
22
7
2
0
0
0
0
30
0
14
0
0
12
0
0
12
29
11
0
23
45
0
0
12
0
0
0
11
3
17
0
0
0
0
0
0
0
0
0
0
0
51
1
35
0
23
7
8
18
0
17
0
0
0
0
0
0
0
11
0
0
4
10
21
0
0
0
0
17
42
5
0
6
0
20
26
3
19
8
4
34
0
14
22
6
13
12
11
15
8
0
1
0
0
7
0
0
0
0
10
0
0
0
0
13
0
0
31
10
21
0
0
0
0
0
0
3
4
0
3
0
12
0
9
8
0
0
0
3
0
1
0
0
0
0
11
52
1
0
0
1
0
0
7
8
0
0
4
14
0
0
0
1
0
0
0
0
17
0
0
0
0
27
17
6
15
0
0
4
0
26
26
0
0
7
23
22
0
18
0
0
0
0
0
2
19
5
0
26
19
0
0
0
0
0
10
0
0
27
0
0
0
0
0
5
14
0
2
0
29
11
30
40
17
0
1
27
0
0
3
0
2
8
1
19
0
15
0
1
10
5
0
0
16
0
0
18
0
24
8
0
0
0
0
0
0
0
8
0
0
0
4
0
26
0
0
0
2
0
0
0
18
5
0
0
0
8
0
0
0
0
0
0
0
6
0
28
0
3
6
0
0
10
4
7
17
0
4
0
0
0
0
0
0
0
0
0
0
0
0
0
2
0
0
0
0
0
0
0
0
0
0
11
0
0
15
0
0
0
6
1
0
0
0
0
0
0
0
0
0
0
0
0
0
0
0
0
0
0
0
0
0
0
0
0
0
0
0
0
8
0
8
33
3
2
0
12
0
0
0
0
0
0
0
0
0
0
0
0
0
5
0
0
0
0
0
0
0
0
0
0
0
0
0
0
0
0
3
0
3
0
0
0
0
0
0
0
0
0
0
0
0
0
0
0
7
0
0
0
0
0
0
0
0
0
0
0
0
4
0
0
0
6
0
0
0
14
0
0
0
0
0
0
0
0
1
19
0
0
9
0
0
9
0
13
0
0
0
0
0
9
0
0
0
31
0
0
0
0
0
24
0
4
0
0
0
0
23
1
0
0
13
0
0
0
0
0
0
0
0
0
22
0
6
0
0
0
0
8
26
0
0
14
0
1
0
0
0
0
0
11
0
0
0
0
13
0
0
11
0
0
0
2
5
0
27
11
0
0
7
0
0
0
0
0
0
0
4
3
24
0
1
33
0
0
9
0
0
0
3
0
0
0
0
0
0
0
24
9
12
0
43
20
0
33
0
0
0
30
37
0
0
39
0
0
0
0
7
5
0
38
0
16
49
28
0
0
3
0
8
0
0
6
0
11
0
12
0
24
33
13
0
0
10
29
49
70
0
0
30
33
21
0
0
0
0
0
0
16
0
31
27
0
27
0
11
22
52
0
0
59
0
38
30
0
0
0
0
21
0
0
12
6
23
0
3
15
6
57
20
32
37
3
0
0
33
0
18
0
4
21
0
6
0
0
22
22
0
0
14
49
0
24
10
0
0
3
29
38
39
0
0
0
0
0
11
0
15
0
2
0
80
0
12
0
56
23
0
6
0
62
0
0
0
4
0
14
0
5
0
24
38
0
59
0
10
0
11
43
64
0
10
4
0
23
15
2
26
0
23
65
21
1
0
39
35
0
0
59
0
0
0
0
0
51
39
3
3
15
12
0
7
0
18
0
4
0
56
26
52
25
7
0
0
4
30
0
0
9
0
4
0
3
18
0
21
15
7
6
15
0
10
0
10
18
0
68
0
1
7
6
2
5
7
6
12
0
0
0
40
6
6
24
0
37
6
20
41
0
7
0
0
61
20
0
11
0
0
9
0
23
15
0
5
0
4
15
0
18
0
0
0
0
0
22
22
0
0
23
21
0
4
3
0
0
15
1
0
12
0
0
0
0
0
0
14
0
0
0
36
1
8
40
27
0
0
29
0
8
0
0
20
15
18
42
17
18
0
20
15
20
0
0
16
0
0
10
0
30
14
0
0
17
10
0
0
0
4
0
0
0
6
0
30
0
0
0
19
0
15
0
22
15
0
0
0
0
12
0
8
5
0
0
0
7
0
18
23
7
2
0
4
23
0
4
3
0
17
0
0
3
0
0
4
5
0
0
0
0
0
5
0
0
0
0
0
0
2
0
12
0
0
5
0
0
3
0
0
0
1
0
0
0
14
0
0
0
13
0
0
0
0
0
6
0
0
3
0
0
0
0
22
0
0
0
0
0
0
0
13
0
0
28
0
22
0
10
12
0
0
0
0
0
0
0
4
6
19
0
0
9
0
0
0
0
0
0
0
0
0
0
0
0
0
0
0
0
6
0
18
0
0
0
0
0
0
0
8
2
0
0
0
0
0
0
0
0
0
0
12
8
0
14
27
0
0
0
0
0
0
0
0
7
0
0
0
0
0
0
0
0
0
0
0
0
9
20
0
5
3
0
0
5
0
11
0
0
0
0
0
1
0
0
0
13
0
0
0
0
0
19
0
7
0
0
0
0
0
0
0
0
8
0
0
0
0
0
0
0
0
0
0
0
8
0
0
0
15
6
3
0
0
2
10
0
0
0
0
0
0
5
0
0
0
1
13
5
0
14
0
0
0
0
0
0
2
4
0
0
7
0
0
0
0
0
0
0
0
5
18
0
1
0
0
0
0
0
0
0
0
0
0
0
0
0
0
0
0
21
0
0
11
13
0
23
0
0
0
11
23
0
8
3
6
10
0
3
30
2
9
11
0
0
9
5
0
0
17
0
0
0
0
0
0
0
7
0
0
27
14
0
0
0
3
25
0
19
7
0
5
0
4
2
23
0
0
0
0
6
0
3
2
0
0
0
3
0
14
0
0
14
0
9
0
19
0
0
0
0
3
0
22
19
6
0
0
0
0
23
0
9
6
16
0
31
0
0
0
0
0
27
0
0
0
0
17
0
0
0
0
26
0
4
11
0
0
5
30
11
16
3
0
9
2
0
21
16
18
0
1
2
60
7
30
0
49
16
2
10
14
67
0
0
9
0
29
32
0
0
0
20
58
0
49
0
17
0
21
45
51
0
0
0
35
32
43
7
25
0
27
59
37
21
0
51
62
50
0
58
0
46
16
39
19
60
35
42
0
20
7
22
16
9
20
0
11
38
51
17
53
30
15
14
0
21
30
0
0
15
18
9
0
0
30
0
20
7
29
8
29
26
7
28
16
30
0
57
0
15
2
0
0
15
20
0
0
19
0
1
37
19
34
28
7
44
21
26
50
39
18
0
39
54
10
0
3
0
0
0
0
0
6
15
0
0
0
17
16
22
0
3
17
0
0
23
1
0
0
11
16
0
5
0
0
0
20
0
0
0
14
0
5
0
5
0
0
0
0
0
46
0
0
43
57
0
0
28
0
37
0
6
14
26
15
49
24
17
0
12
8
4
0
0
10
25
0
7
7
23
3
0
0
14
13
0
0
0
0
0
0
0
0
0
20
0
0
0
19
0
32
0
8
40
0
0
0
0
30
0
37
18
0
0
10
9
0
15
21
0
3
11
28
30
0
0
12
8
30
0
0
7
13
0
29
20
0
0
0
0
0
37
0
0
0
0
0
0
0
19
5
0
0
35
0
0
0
0
18
0
4
0
0
0
0
0
0
0
34
0
0
0
0
0
0
0
0
16
0
0
0
0
10
0
0
0
0
0
0
11
0
0
9
20
0
23
0
0
18
0
0
0
0
12
0
0
12
8
31
0
0
0
1
0
0
0
0
0
0
0
0
0
0
0
14
0
13
0
5
0
22
0
0
0
0
0
28
0
28
25
0
0
8
0
0
0
12
21
0
0
31
0
0
30
0
0
19
0
0
0
0
14
0
0
0
0
0
0
0
0
0
0
8
0
0
1
0
0
0
0
22
18
0
0
0
0
0
0
0
0
0
0
0
0
0
0
0
0
0
0
0
2
1
0
0
0
0
10
0
0
0
0
0
0
0
0
0
0
14
0
0
42
0
0
0
13
0
0
0
0
0
0
0
0
0
0
0
0
0
10
0
0
0
0
10
0
0
0
6
0
0
0
0
0
0
2
0
20
0
0
0
0
0
1
0
0
0
0
0
0
0
0
0
0
0
0
24
0
0
0
9
0
20
0
0
0
0
0
4
29
0
0
0
3
0
0
0
0
7
14
3
0
20
23
4
13
0
0
62
38
4
0
0
16
23
0
7
5
28
0
15
10
1
0
0
0
22
0
0
32
1
0
4
32
22
10
0
9
33
23
0
15
0
10
16
4
7
28
13
54
0
4
1
7
5
4
12
0
3
0
5
0
12
0
0
7
0
11
1
0
0
0
0
0
0
3
2
0
15
0
2
4
0
16
3
58
9
34
0
10
0
14
16
0
0
10
29
0
1
6
0
6
10
0
59
17
2
13
44
0
48
30
20
2
48
3
0
22
2
0
0
12
0
16
0
3
27
0
0
0
10
0
0
6
0
0
52
46
22
0
0
0
0
0
32
0
16
0
6
28
7
0
6
0
35
0
0
0
0
0
0
20
4
24
0
10
20
0
0
3
0
26
25
20
8
0
37
34
6
6
0
15
0
33
0
0
0
0
13
0
0
0
0
33
0
10
32
0
0
0
35
0
0
0
11
0
0
0
0
0
0
30
1
71
0
13
0
12
0
14
21
0
0
49
0
0
0
12
0
0
42
18
13
12
6
5
8
11
11
23
31
0
13
26
