1711178928876 0.4508541718247091 0
1711179037494 0.8006932409012132 1
1711179144955 0.8596187175043327 2
1711179252841 0.8576380292151523 3
1711179359987 0.8873483535528596 4
1711179468588 0.8878435256251548 5
1711179573172 0.9212676405050755 6
1711179679163 0.9309234959148304 7
1711179791602 0.8554097548898242 8
1711179899013 0.9294379796979451 9
1711180007356 0.9126021292399109 10
1711180118714 0.9274572914087645 11
1711180227082 0.8841297350829413 12
1711180332394 0.9294379796979451 13
1711180436725 0.941322109433028 14
1711180544793 0.9447883139390938 15
1711180651660 0.905174548155484 16
1711180764254 0.9309234959148304 17
1711180872067 0.9361228026739292 18
1711180977442 0.9517207229512256 19
1711181084176 0.9207724684327804 20
1711181192342 0.9517207229512256 21
1711181297891 0.9381034909631096 22
1711181404510 0.9088883386976975 23
1711181510043 0.92894280762565 24
1711181616729 0.9358752166377816 25
1711181717849 0.9442931418667987 26
1711181824219 0.9492448625897499 27
1711181929260 0.9195345382520426 28
1711182031559 0.9351324585293389 29
1711182136447 0.9388462490715523 30
1711182242327 0.9544441693488487 31
1711182346779 0.9123545432037633 32
1711182453098 0.9507303788066354 33
1711182560496 0.9502352067343401 34
1711182666029 0.9571676157464719 35
1711182772665 0.9636048526863085 36
1711182877948 0.9618717504332756 37
1711182984612 0.9623669225055707 38
1711183090462 0.9046793760831889 39
1711183198964 0.9366179747462243 40
1711183304815 0.9408269373607329 41
1711183412428 0.9489972765536023 42
1711183519596 0.9420648675414707 43
1711183625868 0.9499876206981926 44
1711183736240 0.9569200297103243 45
1711183846177 0.9663282990839317 46
1711183954313 0.9725179499876206 47
1711184059243 0.9727655360237683 48
1711184164724 0.9410745233968805 49
1711184271345 0.9398365932161427 50
1711184378316 0.9712800198068829 51
1711184486486 0.9301807378063878 52
1711184593908 0.9645951968308988 53
1711184701591 0.957662787818767 54
1711184813929 0.9650903689031939 55
1711184924444 0.9774696707105719 56
1711185034294 0.9641000247586036 57
1711185144821 0.9752413963852439 58
1711185255660 0.9685565734092597 59
1711185359799 0.9673186432285219 60
1711185466020 0.9782124288190146 61
1711185574485 0.937360732854667 62
1711185681415 0.9361228026739292 63
1711185791284 0.9425600396137658 64
1711185897843 0.9529586531319634 65
1711186007849 0.977964842782867 66
1711186115186 0.9782124288190146 67
1711186224619 0.9789551869274573 68
1711186334201 0.983659321614261 69
1711186440726 0.9673186432285219 70
1711186548819 0.9294379796979451 71
1711186656699 0.9296855657340926 72
1711186766336 0.971775191879178 73
1711186871447 0.9772220846744244 74
1711186979864 0.9705372616984402 75
1711187086780 0.9762317405298341 76
1711187196671 0.9772220846744244 77
1711187312429 0.9774696707105719 78
1711187422147 0.9485021044813072 79
1711187530524 0.9744986382768012 80
1711187636506 0.9794503589997524 81
1711187745458 0.9824213914335231 82
1711187853434 0.9796979450359 83
1711187967653 0.9749938103490963 84
1711188074945 0.9589007179995048 85
1711188177730 0.9621193364694232 86
1711188283903 0.9801931171081951 87
1711188387664 0.9844020797227037 88
1711188492663 0.9784600148551622 89
1711188598165 0.9742510522406537 90
1711188706383 0.9737558801683585 91
1711188811718 0.9752413963852439 92
1711188918573 0.9777172567467195 93
1711189027925 0.9116117850953206 94
1711189132843 0.9638524387224561 95
1711189236183 0.971775191879178 96
1711189338630 0.9720227779153255 97
1711189441360 0.9428076256499134 98
1711189542733 0.984154493686556 99
