1711178928876 0.9059173062639267 0
1711179037494 0.9918296608071305 1
1711179144955 0.9960386234216391 2
1711179252841 0.9955434513493439 3
1711179359987 0.9962862094577866 4
1711179468588 0.9955434513493439 5
1711179573172 0.9980193117108195 6
1711179679163 0.9982668977469671 7
1711179791602 0.9930675909878682 8
1711179899013 0.9987620698192622 9
1711180007356 0.9967813815300817 10
1711180118714 0.9990096558554098 11
1711180227082 0.9970289675662293 12
1711180332394 0.9982668977469671 13
1711180436725 0.9995048279277049 14
1711180544793 0.9992572418915573 15
1711180651660 0.9975241396385244 16
1711180764254 0.9980193117108195 17
1711180872067 0.9997524139638524 18
1711180977442 0.9997524139638524 19
1711181084176 0.9995048279277049 20
1711181192342 0.9995048279277049 21
1711181297891 0.9980193117108195 22
1711181404510 0.9975241396385244 23
1711181510043 0.9980193117108195 24
1711181616729 0.9987620698192622 25
1711181717849 0.9990096558554098 26
1711181824219 0.9992572418915573 27
1711181929260 0.9967813815300817 28
1711182031559 0.9980193117108195 29
1711182136447 0.9987620698192622 30
1711182242327 1.0 31
1711182346779 0.9980193117108195 32
1711182453098 0.9992572418915573 33
1711182560496 0.9997524139638524 34
1711182666029 0.9997524139638524 35
1711182772665 0.9992572418915573 36
1711182877948 0.9997524139638524 37
1711182984612 0.9997524139638524 38
1711183090462 0.9980193117108195 39
1711183198964 0.997771725674672 40
1711183304815 0.9985144837831146 41
1711183412428 0.9990096558554098 42
1711183519596 0.9985144837831146 43
1711183625868 0.9995048279277049 44
1711183736240 0.9992572418915573 45
1711183846177 0.9997524139638524 46
1711183954313 0.9997524139638524 47
1711184059243 1.0 48
1711184164724 0.9985144837831146 49
1711184271345 0.9985144837831146 50
1711184378316 0.9997524139638524 51
1711184486486 0.9982668977469671 52
1711184593908 0.9995048279277049 53
1711184701591 0.9995048279277049 54
1711184813929 0.9995048279277049 55
1711184924444 1.0 56
1711185034294 0.9995048279277049 57
1711185144821 1.0 58
1711185255660 0.9997524139638524 59
1711185359799 0.9992572418915573 60
1711185466020 1.0 61
1711185574485 0.9987620698192622 62
1711185681415 0.9992572418915573 63
1711185791284 0.9982668977469671 64
1711185897843 0.9990096558554098 65
1711186007849 1.0 66
1711186115186 1.0 67
1711186224619 0.9997524139638524 68
1711186334201 1.0 69
1711186440726 0.9992572418915573 70
1711186548819 0.997771725674672 71
1711186656699 0.9982668977469671 72
1711186766336 0.9997524139638524 73
1711186871447 1.0 74
1711186979864 0.9995048279277049 75
1711187086780 1.0 76
1711187196671 1.0 77
1711187312429 1.0 78
1711187422147 0.9987620698192622 79
1711187530524 0.9997524139638524 80
1711187636506 0.9997524139638524 81
1711187745458 1.0 82
1711187853434 1.0 83
1711187967653 0.9995048279277049 84
1711188074945 0.9995048279277049 85
1711188177730 0.9995048279277049 86
1711188283903 1.0 87
1711188387664 0.9997524139638524 88
1711188492663 1.0 89
1711188598165 0.9992572418915573 90
1711188706383 0.9990096558554098 91
1711188811718 1.0 92
1711188918573 0.9987620698192622 93
1711189027925 0.9975241396385244 94
1711189132843 0.9992572418915573 95
1711189236183 1.0 96
1711189338630 0.9995048279277049 97
1711189441360 0.9982668977469671 98
1711189542733 0.9997524139638524 99
