1711178928876 0.7808863580094083 0
1711179037494 0.9744986382768012 1
1711179144955 0.9846496657588512 2
1711179252841 0.9834117355781133 3
1711179359987 0.9896013864818024 4
1711179468588 0.9886110423372122 5
1711179573172 0.9940579351324585 6
1711179679163 0.9935627630601634 7
1711179791602 0.9811834612527853 8
1711179899013 0.9950482792770488 9
1711180007356 0.9913344887348353 10
1711180118714 0.994305521168606 11
1711180227082 0.985887595939589 12
1711180332394 0.9960386234216391 13
1711180436725 0.9955434513493439 14
1711180544793 0.9972765536023769 15
1711180651660 0.9923248328794256 16
1711180764254 0.9955434513493439 17
1711180872067 0.997771725674672 18
1711180977442 0.9970289675662293 19
1711181084176 0.9967813815300817 20
1711181192342 0.9972765536023769 21
1711181297891 0.9938103490963109 22
1711181404510 0.9925724189155731 23
1711181510043 0.9950482792770488 24
1711181616729 0.9933151770240158 25
1711181717849 0.9960386234216391 26
1711181824219 0.9970289675662293 27
1711181929260 0.9915820747709829 28
1711182031559 0.9955434513493439 29
1711182136447 0.9967813815300817 30
1711182242327 0.9980193117108195 31
1711182346779 0.9923248328794256 32
1711182453098 0.9967813815300817 33
1711182560496 0.997771725674672 34
1711182666029 0.9982668977469671 35
1711182772665 0.9972765536023769 36
1711182877948 0.9982668977469671 37
1711182984612 0.9985144837831146 38
1711183090462 0.9908393166625402 39
1711183198964 0.9950482792770488 40
1711183304815 0.9955434513493439 41
1711183412428 0.9965337954939342 42
1711183519596 0.9960386234216391 43
1711183625868 0.9980193117108195 44
1711183736240 0.9967813815300817 45
1711183846177 0.9985144837831146 46
1711183954313 0.9987620698192622 47
1711184059243 0.9997524139638524 48
1711184164724 0.9950482792770488 49
1711184271345 0.9950482792770488 50
1711184378316 0.9985144837831146 51
1711184486486 0.9933151770240158 52
1711184593908 0.9980193117108195 53
1711184701591 0.9967813815300817 54
1711184813929 0.9980193117108195 55
1711184924444 0.9990096558554098 56
1711185034294 0.9972765536023769 57
1711185144821 0.9995048279277049 58
1711185255660 0.9982668977469671 59
1711185359799 0.9980193117108195 60
1711185466020 0.9987620698192622 61
1711185574485 0.9952958653131964 62
1711185681415 0.9955434513493439 63
1711185791284 0.9962862094577866 64
1711185897843 0.9960386234216391 65
1711186007849 0.9992572418915573 66
1711186115186 0.9990096558554098 67
1711186224619 0.9990096558554098 68
1711186334201 0.9992572418915573 69
1711186440726 0.9975241396385244 70
1711186548819 0.9935627630601634 71
1711186656699 0.9945531072047537 72
1711186766336 0.9985144837831146 73
1711186871447 0.9985144837831146 74
1711186979864 0.997771725674672 75
1711187086780 0.9990096558554098 76
1711187196671 0.9995048279277049 77
1711187312429 0.9992572418915573 78
1711187422147 0.9967813815300817 79
1711187530524 0.9987620698192622 80
1711187636506 0.9987620698192622 81
1711187745458 0.9982668977469671 82
1711187853434 0.9997524139638524 83
1711187967653 0.9982668977469671 84
1711188074945 0.9970289675662293 85
1711188177730 0.997771725674672 86
1711188283903 0.9995048279277049 87
1711188387664 0.9995048279277049 88
1711188492663 0.9987620698192622 89
1711188598165 0.9985144837831146 90
1711188706383 0.9987620698192622 91
1711188811718 0.9995048279277049 92
1711188918573 0.997771725674672 93
1711189027925 0.9918296608071305 94
1711189132843 0.9987620698192622 95
1711189236183 0.9987620698192622 96
1711189338630 0.9982668977469671 97
1711189441360 0.9945531072047537 98
1711189542733 0.9990096558554098 99
