636
-522
-122
-1142
-2139
-426
-755
-1238
564
-2873
-1087
-1177
-897
-396
24
-32
-645
1343
-1555
-1756
582
851
164
-113
201
-870
-908
885
684
-410
-2101
-84
-375
464
826
-179
333
851
-417
274
-1431
-2856
-47
-401
-2126
550
309
511
1469
-576
-298
-271
-286
-1034
494
76
14
-686
-1154
-453
-711
-1237
-1202
504
-570
-1173
-714
-605
-871
-2323
-2619
721
-1097
2487
-1214
-888
-2205
-2382
-1107
20
-517
2144
1927
-1082
-25
3425
249
154
-65
-1338
-476
498
941
698
1011
-408
691
140
337
171
124
-8
-1162
-5896
-321
250
788
-245
-442
-778
76
-399
-294
-92
401
-2577
-139
223
-2427
-394
1562
-789
-20
-1983
-2556
-2531
-98
-686
-375
-195
-50
83
-359
-571
207
-193
795
-432
75
267
823
-1041
-33
-66
-1923
-682
-984
-713
351
-2169
95
18
443
-1448
-921
-611
-471
-281
-114
-596
-355
54
-1884
-40
648
17
1433
-3310
1137
90
-33
295
-207
-2658
-948
-2273
-5966
-536
-403
148
-277
1211
-872
632
-846
-949
-293
-1690
-1061
-1293
-770
-541
