95
-22
-2
22
-34
60
23
-25
-12
67
19
9
35
45
66
21
13
-8
7
32
17
78
-30
-13
58
39
-6
-36
-40
-48
-8
-63
7
-43
127
-5
-26
31
-18
71
-16
30
35
44
61
-35
86
19
-23
20
21
27
8
-10
-59
24
18
76
8
-27
107
-39
24
-37
10
-1
-17
-25
43
35
10
64
33
10
75
-11
-27
4
-25
-28
94
-58
-30
46
-10
-15
30
44
-58
35
-19
-5
-8
9
32
58
10
-8
-33
-45
-46
105
46
-60
-74
31
-48
12
-4
61
6
-82
-10
-73
30
-123
-60
50
40
40
-8
127
40
-64
52
-16
-3
10
24
-28
-16
74
-32
56
29
-19
-12
37
-26
32
-11
-78
47
-36
-5
-10
4
51
-60
-2
32
44
19
8
69
-43
-20
-15
10
48
-69
1
-17
9
-23
46
-22
-20
16
30
-11
-34
43
-73
-3
-11
74
61
-88
49
39
2
55
-40
-31
43
-55
53
16
14
-6
29
23
-20
-30
-69
-29
-32
119
-107
66
61
-34
3
34
56
-47
33
42
-29
71
115
57
-36
-22
-64
-29
-19
64
78
15
15
7
40
17
30
55
8
28
-31
3
103
-11
72
-39
75
8
69
-50
32
-13
62
4
-106
16
-29
3
-18
47
-19
27
-30
-17
59
31
47
-127
-45
-74
78
-61
-32
116
-24
-8
-15
28
-53
59
6
15
-44
-20
-10
-20
-3
76
-5
43
-42
35
-92
-69
41
-80
-49
9
22
9
61
-14
-2
-30
-26
4
-7
11
-57
-50
-70
107
-127
43
17
-9
-9
-8
-70
8
16
-84
-117
38
64
79
-34
28
0
-63
43
-42
78
32
50
60
-57
-73
100
-5
-35
-9
-56
40
22
-53
9
65
63
7
23
22
-11
9
29
79
87
-47
-3
-34
32
-18
-25
21
-91
-66
16
-35
21
-10
47
-49
-52
-7
-47
-35
-31
-46
-17
26
-69
6
35
-95
27
27
-3
-55
-26
-32
8
74
-103
-35
63
-31
15
0
34
-67
-121
-41
-62
8
31
102
15
12
-39
-46
73
-56
-31
-116
24
66
24
-18
-32
-11
-18
-17
-48
-6
18
79
82
-40
-32
6
25
10
51
-73
-5
76
30
33
69
36
75
-19
-70
18
93
4
63
-29
-67
16
53
21
-95
28
45
43
44
-1
-13
-65
19
-42
15
-31
-110
127
-43
-17
-32
53
-49
-39
109
-113
-33
-25
-42
-2
-25
2
-41
-82
-4
126
-5
12
-45
-89
-63
44
40
82
-12
79
-6
91
52
62
-84
-93
-43
-127
26
-48
6
-7
91
91
32
-66
121
-55
-6
111
70
-33
14
-62
125
-83
-22
-20
-42
35
121
25
-70
93
69
45
-28
20
-34
97
70
119
8
53
30
-35
65
48
104
-39
-31
5
-15
-6
-16
94
23
0
61
-14
7
-71
-29
-64
-13
-8
-16
-10
1
63
65
-52
-36
61
58
-17
26
-18
-54
118
53
66
-16
-26
-10
-51
38
-36
-9
78
3
-1
-23
-30
-14
-9
-9
-47
3
-11
19
28
40
38
39
-44
24
43
54
-62
-60
4
-29
17
-47
8
25
21
41
-2
-75
51
55
-58
31
-17
38
-102
-39
-14
-34
-105
16
0
-2
-30
-62
-15
60
-58
-66
62
16
-18
41
3
75
11
32
32
25
-33
34
21
-34
106
-21
26
-58
-45
27
30
-65
6
-47
84
-32
43
-48
33
30
58
-80
38
-6
39
-127
-73
39
48
17
-34
-52
2
-28
-66
0
-18
64
-55
6
-52
43
25
-24
81
-11
-39
26
57
5
-88
54
55
68
-38
-104
42
75
38
4
57
2
-25
-34
-104
2
41
20
-45
9
102
11
-76
-81
16
-50
-16
-58
51
1
-114
11
-16
-20
-63
-3
-34
14
36
96
-29
-22
-6
4
-19
25
-51
35
97
-69
-12
3
90
69
-12
48
127
-46
-79
23
44
87
1
52
-17
31
71
25
-64
-63
-69
-38
39
34
6
-58
-101
109
81
75
-37
88
62
-52
-57
24
59
-13
20
-51
-43
74
93
-4
32
96
-80
-3
-24
-56
-51
36
-1
-85
65
-77
-7
4
-39
5
-12
-35
4
1
5
-4
-35
6
18
-29
33
54
-27
-89
5
-127
-86
-78
-5
-127
26
-30
-24
-7
-63
-79
-11
91
-23
-51
58
-49
-64
-10
-1
-15
57
-30
30
14
40
-71
63
-22
36
-50
49
66
27
62
-23
31
54
91
-61
13
-5
24
-117
-21
-20
45
89
7
-31
64
-11
-5
-32
53
-5
11
-13
75
-7
-73
-32
35
-81
69
127
-112
115
49
6
7
-7
83
61
74
-1
2
-73
-112
-29
-74
71
-5
-82
85
3
10
-79
-21
26
117
0
-58
47
20
31
3
-16
7
-69
2
-10
-5
2
-24
48
-23
45
-57
-21
11
-27
-49
7
-33
-59
31
-31
-39
-15
70
26
100
-63
-38
64
-30
11
23
25
-74
1
43
10
-19
-9
-31
-33
40
70
11
-102
34
-3
-55
104
-83
-45
-10
4
-18
23
25
-27
84
-33
16
-55
98
27
-16
46
24
-17
-18
81
8
-8
-69
-45
77
16
31
50
35
47
-31
-90
-34
-4
-41
9
12
-43
-8
97
27
-10
59
102
22
-1
11
58
40
-4
101
15
0
67
-22
57
-42
21
-15
22
-79
-9
16
-49
53
5
-48
-47
-33
56
23
103
-16
35
-31
-5
-2
8
-127
45
-6
-7
-27
38
-54
-14
31
11
-92
27
-13
3
25
-15
13
35
-55
-42
24
27
18
-18
14
-71
7
-16
-18
74
-37
51
-14
-4
-69
13
23
-38
45
113
41
-113
20
86
-29
-127
-27
16
-5
62
37
-39
9
-25
-5
-36
-24
9
-56
33
-96
49
55
-31
108
7
62
25
-15
79
-44
40
-104
-34
-60
-24
50
18
51
35
-2
-29
20
43
-46
95
36
-48
-25
-19
-43
75
111
-26
-48
55
-10
48
45
24
-5
96
29
25
102
37
66
-25
97
-30
4
35
-38
-8
4
124
-54
37
26
2
40
-12
-22
71
-32
-1
-6
19
3
17
-38
33
-20
2
75
-15
-78
-52
3
4
23
-4
17
17
-45
-31
55
19
-77
-61
-59
37
36
35
-49
58
-31
-17
17
2
-35
44
-18
69
57
-15
34
-24
62
12
-127
0
4
-34
-11
97
45
51
45
-18
-50
54
40
12
1
33
11
78
36
-16
39
50
84
53
-44
-5
-64
-69
-94
-23
36
113
-32
-30
4
22
32
-65
52
-27
37
2
-65
6
65
2
62
-48
-33
83
50
-55
-29
-36
-31
-34
50
27
-51
-20
-48
-17
-26
-32
11
-88
-13
2
13
16
15
2
-54
-64
73
20
55
-9
-12
-43
-8
-4
65
13
79
-49
-43
2
21
-32
-5
6
-13
41
29
28
63
-24
2
-2
-80
-13
-71
-4
-34
2
127
-54
-13
-27
2
-55
71
-4
-88
6
5
-21
23
-4
-16
26
4
26
64
82
57
-22
71
-3
2
-43
-16
4
-68
-8
-62
-62
-99
-20
104
45
80
-23
60
-23
-48
8
-30
-10
38
12
42
12
-15
30
39
28
-71
91
0
-33
127
33
-9
29
-11
11
-16
78
49
70
-30
18
14
-79
-41
7
-15
-31
-46
2
5
18
-27
9
19
-1
-25
10
20
-22
55
-111
32
-61
115
-93
29
52
-11
73
12
22
-32
63
54
-27
-22
-82
13
-86
-56
-7
-26
-9
-17
47
24
52
-2
12
81
66
54
-41
2
5
47
14
12
25
-21
-5
33
44
42
58
-8
-46
11
36
64
15
31
2
68
67
5
-26
102
12
-23
-47
-34
-2
15
-1
10
36
49
-2
-63
-82
74
-42
15
-15
-51
-66
-57
15
-79
-40
81
65
-91
97
-64
85
-36
5
17
65
73
0
-29
60
-79
24
35
-68
-65
30
-20
29
51
45
-6
-22
-4
-41
73
8
26
-12
-71
-4
23
-28
127
-13
-100
22
-39
49
-64
-18
-95
-50
-37
-4
-92
-72
79
16
22
20
-18
-12
56
-32
28
4
-80
5
-70
18
26
99
8
-37
20
-21
-88
-46
-47
-64
49
46
22
-80
32
14
1
-9
-32
53
-54
-17
42
-4
-86
44
-45
-25
-41
-41
-127
-44
52
2
40
-94
26
2
3
79
-38
83
60
-38
-6
38
-13
102
-28
-50
13
51
0
-6
-68
68
27
84
50
-53
38
59
-5
-9
41
-16
86
-47
-23
-32
35
-103
-55
-16
-1
44
-33
26
-60
-14
-33
34
30
-53
-100
15
-13
-3
50
30
13
-29
21
-21
67
18
58
2
-50
22
-36
-23
87
-127
-9
60
64
17
-13
-26
28
-18
-44
-9
19
4
6
-1
15
-79
46
-91
-7
60
11
28
-71
80
38
45
-42
-5
-31
-14
0
38
-74
-14
14
47
24
52
33
-38
43
-52
-127
11
41
-69
-25
-14
33
43
-58
11
-8
3
27
34
-55
44
-34
-10
-20
4
-21
98
-93
-3
54
-12
-105
-10
-57
-21
9
-19
42
41
-26
13
33
10
-46
-7
58
-40
-46
-28
-31
26
39
-68
-60
-127
-99
26
18
20
26
-19
74
-79
-42
-29
-52
-34
-63
7
59
36
-35
42
-14
53
102
-98
56
-1
31
-20
-68
56
-14
-34
33
1
9
-14
28
4
75
39
-25
-64
4
-18
-79
-8
-1
41
-13
-122
-54
-10
15
67
108
-63
-33
3
-14
-74
58
-76
-55
-15
-6
-26
-112
9
-1
-24
-58
54
30
-18
8
-12
72
67
16
-75
-49
-11
22
56
-3
-64
-15
96
-1
18
-32
36
-49
43
-1
17
15
10
27
-35
-41
-6
-23
20
-1
32
4
-42
-31
-56
11
-27
59
-81
-13
-19
21
80
94
-127
17
61
1
-28
-3
20
-80
-66
7
-10
3
6
-87
17
60
-60
43
-66
24
-21
-63
29
78
-11
-23
-24
-8
-3
38
-92
10
25
-32
-37
-12
17
-22
-22
-66
-29
-44
-19
-35
29
-36
-10
-28
42
-38
-38
-21
-16
-37
20
-14
0
-50
-27
58
-12
51
-92
-38
-24
-59
8
-9
-73
37
101
-44
-14
61
-53
-86
29
63
66
0
11
49
-17
-27
86
-79
-10
-33
8
-41
7
-40
41
-54
5
39
-104
-1
-25
-52
63
50
34
5
10
24
28
-85
17
-71
-97
5
-56
-15
82
-21
39
3
7
-87
19
-105
-60
13
-69
13
-77
-51
-127
-28
91
-19
-31
29
-25
-54
-4
29
2
-29
28
-76
26
63
-52
-57
-75
2
-32
111
-56
-37
-11
38
27
87
32
-77
-15
-63
-4
-10
18
-35
4
72
-3
-61
41
-17
50
13
-1
-26
69
-48
1
8
-42
-73
106
-23
-34
42
-25
-61
1
-66
41
17
-59
116
-61
10
-39
-45
-35
-7
-76
-30
-40
-10
-33
7
-26
16
28
29
16
-51
74
49
42
2
32
28
-20
-30
-86
85
-43
-34
30
-88
6
-43
45
14
16
25
6
-20
-106
-19
0
-13
33
62
-76
-10
1
-63
-99
-17
71
-4
-112
70
45
26
-7
-69
127
-96
-34
6
20
54
-100
5
-36
-26
-83
-37
-117
-102
62
-43
67
28
-58
33
30
-29
61
67
-36
-41
73
34
-15
74
81
32
55
-59
95
-35
52
-59
-65
83
-12
-18
127
-3
93
-11
-67
-81
122
-13
53
-31
30
7
60
-3
-73
-33
-65
43
-68
85
-17
-51
63
-98
-10
23
-26
-19
-49
-44
-3
-26
9
23
96
-38
61
-38
-23
-16
60
86
-78
-21
-93
67
68
-56
-68
-112
31
85
-15
-65
-106
-105
0
40
42
63
-25
44
-118
24
-40
-45
21
-47
-2
-114
50
64
-36
48
107
34
14
-62
51
41
25
98
57
-62
-15
8
-33
-23
11
103
-30
60
-19
27
-48
29
5
-69
39
10
-26
10
11
-16
-39
88
0
-27
-12
-19
2
-29
-21
-47
-8
-18
-2
11
-29
127
18
-84
-15
3
-20
-60
-45
53
111
36
29
-22
-36
-65
-27
35
85
-68
30
-49
-29
23
30
-18
-18
19
-70
-7
-48
27
34
66
67
6
4
-60
13
62
-17
43
-19
61
9
-27
-35
-65
20
-46
36
-67
111
-9
-36
46
-61
-9
20
20
-59
-89
104
-31
30
-89
89
-70
-15
36
-73
-52
44
24
27
50
35
42
-30
-7
52
-26
50
-38
73
22
-35
-79
55
-29
-1
6
2
16
-16
11
-45
-14
-76
32
-33
19
-29
-7
12
127
64
43
77
-10
-68
-68
-22
-44
-74
-55
-1
28
7
-1
-16
-17
-41
53
-6
23
-10
-41
-61
-40
62
9
-21
-10
3
-31
79
6
-77
-12
-83
80
-71
64
-12
2
48
-82
-70
-41
27
66
29
-65
27
127
-43
-42
44
-37
57
14
-7
-100
75
50
-22
12
66
-21
26
88
82
-20
-7
43
-13
93
26
-108
69
-74
23
-3
11
28
-36
-26
64
85
75
-22
33
-17
32
53
68
35
33
-42
107
-36
-52
-36
80
11
63
84
61
95
-33
7
-127
52
13
60
60
-54
0
-24
-28
6
65
38
94
-54
-18
-18
70
15
-52
-59
-79
-45
44
114
97
-53
31
-56
-66
85
61
94
12
28
-19
25
-65
46
1
12
49
44
13
37
67
-7
-19
53
-2
-34
10
-116
-29
75
-55
85
-39
-17
-60
69
22
52
112
-17
17
26
51
22
9
-12
6
43
32
-1
-73
-20
-26
111
-38
59
0
-21
-117
-96
-29
-53
-106
69
-46
-41
-89
49
15
127
-31
-116
95
16
-69
83
5
70
26
-29
12
-56
35
-82
-25
-51
-3
36
107
58
72
-56
127
-45
25
-9
4
-5
-54
93
-70
-71
-19
25
11
35
15
-20
12
-81
-30
-24
20
30
-11
61
97
32
5
-102
-46
-10
-50
84
-14
19
10
-34
27
52
-76
53
-5
-20
22
58
-81
85
6
-57
-4
-1
-26
23
55
65
-23
113
-81
-8
-27
-20
7
-58
-46
-66
-27
-10
-15
30
-75
-2
9
-29
-19
-34
47
-26
67
-30
18
5
35
0
-3
-15
2
-20
-90
6
1
-38
29
-69
-53
21
-30
-24
18
10
12
-4
22
40
-83
-104
123
11
-86
123
3
65
48
20
-25
27
18
-62
97
-36
-57
-33
-22
-39
22
-95
15
32
-24
31
-30
-33
67
24
127
31
-42
43
-14
-7
-87
47
-41
-10
0
24
-59
-7
3
-3
67
-93
-49
43
31
-16
44
-40
18
1
-2
101
85
46
-2
-33
23
47
-58
-89
49
33
-68
63
-1
16
27
7
42
-63
12
15
-108
-48
16
36
38
16
-31
-16
-43
-20
-84
-79
9
-108
16
14
-30
86
-6
9
16
26
-37
-12
11
-25
77
22
-93
-96
-34
-9
-6
4
6
-13
-19
45
-8
-107
8
-15
38
-41
1
-46
34
-90
-31
-51
-76
-56
62
85
-32
51
49
1
53
-60
2
-37
55
-10
-64
6
3
-49
98
-6
-99
24
-9
66
-15
-42
9
-62
0
13
-3
18
37
0
-127
-42
3
79
-24
-85
-16
-37
32
-7
-43
-123
58
76
41
-10
-33
-81
-23
46
6
-82
-1
-12
-13
37
14
-38
-20
46
25
18
37
-99
-10
-16
42
23
36
-17
-70
8
60
-38
-66
-33
-22
-27
15
-7
76
-77
28
96
55
53
-44
-42
16
-5
49
84
4
-34
-72
17
-57
-52
-19
-32
0
-104
-64
32
-15
-70
70
-22
63
1
-76
-39
-16
-19
118
24
-48
20
36
-127
-3
-12
30
0
54
-74
-36
-40
10
71
-50
4
-20
-56
-26
17
-27
12
48
60
45
-28
-29
-63
-45
-38
-29
58
95
-16
72
28
10
18
7
43
98
19
29
57
-28
-22
116
-25
-43
18
34
4
-127
-84
47
-13
-31
16
15
17
61
25
4
11
-10
-98
-26
20
16
116
55
38
-57
-47
47
45
23
51
51
124
22
53
-33
-2
-12
-29
-4
-67
42
25
-30
63
-91
35
10
13
-8
20
69
-29
41
58
-1
89
-94
-36
-38
89
-19
67
-26
-74
1
23
9
33
-18
-3
14
61
-37
24
27
50
20
34
-55
29
