45
-42
22
17
127
23
13
-8
69
48
-22
15
-13
-84
-69
-59
-9
102
-127
-30
-49
-8
0
30
90
-83
60
28
8
-24
5
70
-48
93
21
40
-34
115
-18
-42
-4
-27
-115
39
18
-127
68
95
127
95
-61
62
-9
51
-13
-106
-9
-33
-99
-38
-48
-30
49
-44
6
87
-26
-12
52
-66
-60
90
84
-46
-97
-127
-5
45
-1
-50
-68
-11
-32
-83
35
56
39
40
-86
-2
-127
-84
85
-3
-93
61
60
-56
81
-64
18
-12
127
36
51
49
50
-21
48
-19
-95
-79
-79
-127
-8
-66
-66
-21
74
18
-14
5
-19
39
2
83
55
-15
39
-127
32
41
123
75
88
-69
-47
106
-28
-45
38
-4
-66
82
40
16
9
-27
1
72
57
34
-127
-100
34
50
-81
-120
-110
-15
-75
-18
7
-79
-127
52
0
-79
-25
-2
40
-16
5
24
12
-65
-90
90
50
-49
65
-15
127
57
58
68
-64
60
70
51
-89
56
1
-59
-21
-34
107
-79
-43
-40
-33
-9
-6
-64
97
28
127
32
-82
-127
51
60
28
11
-112
-91
1
-45
-13
43
-26
-125
39
57
-31
68
21
-16
4
67
61
-54
-127
14
3
-33
104
-23
62
20
92
-25
75
11
-95
23
19
-38
-21
30
-127
127
54
39
-57
32
-42
-90
80
-97
24
-31
78
-1
43
-75
-127
85
-40
45
-49
50
36
26
6
-64
5
-32
31
29
31
-127
-46
91
104
45
107
-35
42
-83
-127
32
-63
86
31
53
47
-98
78
65
21
33
-104
73
126
-25
-19
127
-69
14
-70
94
23
18
-47
-44
9
104
89
119
127
-88
-83
0
54
28
-43
-56
5
-33
29
-82
61
52
-110
23
60
55
-28
45
-107
-46
0
5
31
-25
-127
52
-10
-37
92
-76
18
35
27
-8
86
-37
-127
42
-25
-51
-97
-27
-22
44
68
22
38
127
-13
38
21
10
-126
17
39
10
-61
97
-12
-81
125
29
19
35
-4
16
62
-127
19
97
-8
20
-15
-120
52
69
6
-95
24
69
7
-55
83
-88
-63
36
-11
40
24
31
96
127
71
84
-32
-19
55
-23
20
-69
36
48
-72
58
16
-5
5
24
-108
-127
41
-49
77
-102
-2
-52
-98
37
-10
20
57
-57
50
-127
21
92
75
-61
-5
26
-68
52
91
127
78
-7
-72
23
33
5
-37
2
-66
-126
-50
-56
19
106
22
16
48
-127
-86
-95
103
34
56
-38
-17
-56
48
-53
-30
64
-68
-47
15
5
-3
34
54
11
-94
127
23
-29
42
-54
-48
61
-87
100
-34
-87
-127
-67
33
51
22
-66
83
84
70
127
11
-61
82
27
24
-46
62
-5
126
28
13
-57
4
-89
71
93
39
66
7
14
-4
58
-127
-28
44
-114
26
25
-70
27
-22
-19
71
-15
2
-25
-103
-25
0
33
3
127
16
-33
106
-12
28
-26
88
127
-62
-127
-58
-36
6
-1
22
-50
-20
-31
38
6
-107
80
-56
-28
-18
127
53
69
113
-51
-42
-33
30
60
93
125
11
95
61
-127
55
-26
-105
-29
46
45
-76
-5
-22
-32
-20
78
-20
127
54
-17
46
13
20
10
90
-94
57
60
10
-44
23
-16
-51
-51
21
-118
-19
-17
-15
65
67
68
22
80
127
8
127
36
-96
-31
7
48
17
17
50
-7
81
6
-96
-76
-54
-17
61
-31
15
-43
107
36
89
-53
-59
6
22
-49
93
-127
102
43
66
-39
47
27
36
11
10
-50
-44
47
-8
59
16
-47
-127
-15
73
-42
51
37
-86
70
10
-11
35
85
-1
-54
66
-127
52
43
43
-42
54
-18
-87
127
-34
55
72
-11
-35
54
-34
43
44
60
-34
-56
-65
33
-51
55
-38
-21
19
3
31
-37
-68
-61
54
127
7
-127
81
-61
85
31
-1
71
74
75
112
122
28
49
55
8
-17
57
-66
-78
58
-39
-9
-95
-9
-127
35
85
43
-15
84
-65
10
4
-30
-127
-46
54
40
75
7
-48
-113
-54
-8
45
-46
118
-61
94
-44
-127
-104
13
-64
29
12
22
-24
-61
-106
-29
110
8
-124
99
31
41
9
-95
-63
-64
-45
-57
54
-7
-59
79
45
-127
76
-91
-67
-127
-8
16
47
27
-5
35
121
-74
-59
25
-49
-59
55
39
127
70
122
-75
-12
83
11
-65
-12
-23
49
17
48
-40
-20
-42
-58
-43
1
127
111
3
-24
-115
22
-63
-53
-10
84
-12
112
-55
-32
66
14
-127
-45
-16
-107
-2
-53
93
61
-80
-15
23
21
29
-40
72
-65
127
32
-27
-43
-35
-19
26
84
6
-10
-112
-68
95
-60
91
-5
12
-10
-64
5
9
-54
-22
77
-50
-60
127
38
-36
-4
12
77
4
-114
-55
22
127
10
-17
60
109
84
-39
-95
52
-10
5
-27
20
36
-59
39
-88
-47
-75
-35
-127
26
-32
37
99
127
13
25
-12
-52
61
-67
-45
-88
-27
24
-71
108
-17
-87
60
-43
-1
-9
68
98
19
24
-71
120
-53
-32
18
127
-61
22
-17
-11
47
126
3
-15
-95
14
76
127
-96
69
-114
-102
99
-11
-24
-30
-127
-63
45
55
54
30
-78
-81
-49
-4
-118
-71
-29
100
9
-127
-92
-45
-62
4
-24
77
-97
-50
-114
-6
-32
-36
13
