-621
-51
-2216
166
193
-413
-1115
-3458
1693
-3433
260
-3962
-700
887
-4017
87
965
-452
439
-1154
-1413
1799
-380
-2930
1124
-777
2501
-4504
-208
2179
1038
-823
51
-520
-1840
602
-467
767
-3773
-752
-152
970
-2862
429
-130
-5344
-1392
423
1065
-4018
-827
1224
-1664
8
-715
-702
-1692
-1089
74
225
-1481
272
-1663
-738
-3106
18
-496
-413
-236
-392
1154
-54
254
-3233
670
-1324
-16
-220
-2886
-3453
31
996
1986
1014
3205
-1103
-415
-1215
819
381
-380
1501
-376
548
-794
-2138
-699
1771
-1460
-2049
-1344
-2384
2333
-2344
-22
-2432
-2
147
-1883
-2616
-2055
-607
-529
-171
-2723
-971
-1522
-671
-2958
410
-2373
-813
788
-898
817
-1671
181
1528
-180
204
-740
-2832
-2052
-2483
-409
-913
-1715
-3336
82
-857
424
-1369
-1978
-404
-2595
-1324
-2327
-2156
-362
-1768
-792
-1645
-318
781
-395
-1468
-1
-2087
-742
-4056
1467
-2093
-465
-1109
-814
-3776
-4127
10011
-2787
1137
2227
2307
-928
2413
331
-739
-276
-1079
-2972
-1313
1161
1592
639
891
-2402
-2363
-2888
-7038
-393
3517
1146
632
734
-1348
-2270
-1743
-81
-2475
-354
9
-84
-1576
-867
-1217
-2269
897
-1726
530
-171
-868
-3021
764
-193
-772
286
-272
922
-1323
-126
-2420
3535
-1183
-847
-3577
-4047
-425
706
-3585
170
-2106
-293
355
-926
-1155
-112
34
-4092
712
1588
571
-747
507
1023
-1614
422
-4339
566
490
-2245
697
-1896
-3363
-85
-33
443
84
649
303
-24
-1430
-1218
3097
1049
185
-877
-1929
-699
-315
-1383
-1827
137
-2941
-3310
-139
-1046
-3338
-618
-198
-2786
-1079
-1211
-1230
588
-1693
-4228
2398
-259
180
