-10
19
22
5
7
63
2
-42
21
23
-30
37
-40
-63
4
20
53
45
46
0
-35
52
0
-47
78
-18
-29
-2
-1
-18
23
-45
39
-53
26
-58
44
-31
-19
54
-9
46
28
-29
-62
-78
-62
-87
28
-127
-70
36
-59
51
30
30
27
-31
11
34
-8
15
-35
-34
91
29
44
71
15
-26
-13
-80
10
28
-30
-48
31
33
-68
80
-82
23
-12
1
34
-2
-37
-70
-29
-73
-39
56
-17
29
1
-62
-89
94
-24
70
-37
54
-6
-52
22
-87
-26
43
-12
-12
-61
35
-68
63
5
25
-15
-119
127
1
-11
-12
-6
-42
6
-22
33
65
-80
-39
-45
-14
57
-87
-127
21
68
-80
-38
86
7
-14
55
29
91
-52
-80
57
78
-115
-44
37
-26
32
13
-33
98
-33
50
50
-56
20
77
23
25
-6
35
16
-55
-51
-59
15
-41
-27
-25
-41
26
-45
13
-67
-73
25
53
-11
115
69
55
44
73
-19
-46
-113
127
-68
-46
73
-84
96
35
-72
90
45
50
46
3
-112
7
-19
27
47
47
-51
47
-34
-39
26
-8
20
-110
95
-19
-4
120
29
-105
43
-24
38
-1
-64
49
35
-52
-13
44
3
-18
-46
75
-69
44
37
-113
36
-14
-119
80
-7
-1
-119
-24
99
42
21
-42
17
18
127
-48
39
76
-10
-27
40
-15
10
72
27
-33
-13
-7
93
35
56
10
2
57
-40
30
55
-30
16
-50
57
14
10
-82
30
14
-42
31
-34
2
-56
118
36
-4
42
-52
8
-28
57
-10
-11
49
16
14
57
46
38
27
-11
9
61
60
76
-81
-25
-60
-16
-63
-108
84
29
-74
-35
75
6
-4
78
55
-34
-20
30
-72
-28
-50
-44
-20
-33
-87
16
-60
-22
12
53
52
-22
28
-28
-49
11
57
-25
36
20
64
-53
-44
-10
53
-5
27
-33
27
-25
31
2
-47
23
7
-73
-65
25
7
-78
31
-48
-12
-13
-16
4
127
40
53
25
13
-58
53
-35
27
-35
13
10
-12
74
127
22
-106
-18
-7
-47
-2
-11
11
50
-39
-9
34
37
-89
-33
-43
21
27
-35
50
-21
50
-43
48
-48
74
65
-18
-49
-24
51
12
-29
5
-30
-40
-4
-35
-75
-44
-67
-18
55
100
-54
-29
-2
-27
44
-11
-9
66
127
40
40
-54
67
-72
71
27
24
66
29
20
-87
9
28
-52
-14
-9
77
-53
-12
45
-41
-101
94
-12
11
-8
-13
0
94
-87
70
50
-27
7
-20
27
-118
60
56
97
39
-42
43
-38
-39
21
51
-65
15
1
-37
21
31
14
-19
49
-63
38
-74
-27
-14
32
-120
73
-44
3
-67
64
-34
30
16
-95
-1
-78
-67
34
-127
-17
-10
3
113
-53
60
-47
63
81
-78
-22
-95
-28
53
18
20
-9
36
29
-115
-66
38
1
-85
79
-16
60
-40
-28
16
103
-5
-78
-22
-41
0
-26
83
-31
53
-8
-104
40
-86
-83
-21
107
0
-70
60
62
37
33
21
-25
-40
64
122
93
54
80
-33
21
-2
63
-10
35
7
-89
62
47
120
48
11
-71
-59
-64
18
112
-101
-86
50
109
86
55
38
127
90
32
-55
-110
82
-18
-57
37
5
-26
62
17
79
47
40
71
4
-19
-22
23
-8
-33
55
-40
-39
-27
66
3
-2
0
-33
55
52
-60
-100
57
-32
-6
23
81
88
-68
-38
13
-56
-42
-50
-17
-32
-2
-35
-66
75
96
-3
-49
-62
-26
-44
18
-24
5
31
85
78
37
127
-9
-1
-46
66
-36
74
-43
-13
11
-55
61
5
-98
57
-61
-78
-17
12
22
-15
4
42
12
-30
-90
-106
23
48
-72
85
-10
90
20
-55
120
-11
64
-2
-45
-35
-60
17
18
31
36
26
62
-14
-92
-1
-50
26
32
9
-29
55
-14
87
30
21
29
-64
-5
5
-18
6
-15
19
127
58
28
-59
30
63
25
-35
39
52
41
14
-15
-9
-39
-21
33
-33
64
-15
-30
31
-8
-60
41
2
16
-72
-15
-67
5
-56
-12
27
-127
84
96
-61
43
-49
88
-72
-23
10
22
50
25
-61
-23
-54
-29
-47
101
-52
9
-9
11
-14
-99
-50
2
-7
42
-21
52
11
-73
23
-38
11
-9
40
-27
-30
-50
-3
-33
-6
32
24
-5
64
41
52
-8
-2
6
-58
-45
66
-50
-72
-14
4
-10
-98
12
-93
-19
-57
-49
12
72
42
10
1
-32
-34
-103
-14
-26
52
-83
-86
-67
-119
-44
4
53
-58
-113
-41
-77
-64
51
91
109
-36
-63
-52
12
43
-37
-98
1
-65
38
-63
-3
-37
-82
39
-127
81
49
-104
7
3
-9
-4
108
-25
-81
-59
-24
-5
-6
28
66
-20
127
28
17
24
-6
-41
7
-102
32
-18
-48
20
-10
-39
-59
-69
28
32
-32
-21
21
38
15
57
-44
67
7
15
-75
49
22
-17
-23
-11
19
16
-28
-43
-26
-43
-49
-34
69
29
-47
-15
-13
76
13
-16
49
-6
10
-36
49
55
18
20
-17
45
0
127
95
-28
75
-98
8
6
67
86
-49
-26
-89
-7
-53
42
-36
-68
8
37
-47
66
-24
-22
1
-78
30
34
43
-7
40
-41
-107
-65
39
37
5
-23
-70
-98
-52
-27
15
-5
10
29
59
-7
-5
-100
-1
-78
-42
81
