60
0
616
-249
0
0
0
0
-75
0
0
0
-1240
0
-62
-110
0
0
220
132
-1143
0
0
472
0
0
508
0
144
500
0
0
-1298
0
-8
0
0
-306
200
-336
0
20
0
-508
-8
0
228
0
-1143
0
100
0
0
96
73
0
-144
340
0
0
210
0
-176
0
144
-920
0
0
-206
72
0
0
0
-127
-912
-52
-3
0
-635
0
-168
-1443
-475
-304
0
-1016
0
150
-62
-34
-252
-4
0
159
270
0
-61
-168
152
0
375
209
231
129
-86
350
-330
665
0
-464
0
0
0
0
-665
0
0
-80
46
0
141
0
-560
0
228
0
118
612
166
0
-1638
-21
0
0
0
0
-384
0
0
0
-2360
0
302
242
0
0
260
1452
-1341
0
0
-1600
0
0
-32
0
552
305
0
0
165
0
1056
0
0
-204
528
-1099
-20
-640
0
-752
24
0
423
0
-1341
0
148
0
0
249
-74
0
738
-640
0
0
-603
0
-880
0
363
544
0
0
106
330
0
0
0
-25
-1456
-12
231
0
-515
0
-336
-2964
-765
200
0
488
0
-1206
49
-94
-100
-34
0
-528
570
0
-172
-528
-264
0
-135
-297
-174
567
-374
75
40
1190
0
-1296
0
0
0
0
-343
0
0
870
260
0
663
0
308
0
384
0
-322
-78
60
0
616
-249
0
0
0
0
-75
0
0
0
-1240
0
-62
-110
0
0
220
132
-1143
0
0
472
0
0
508
0
144
500
0
0
-1298
0
-8
0
0
-306
200
-336
0
20
0
-508
-8
0
228
0
-1143
0
100
0
0
96
73
0
-144
340
0
0
210
0
-176
0
144
-920
0
0
-206
72
0
0
0
-127
-912
-52
-3
0
-635
0
-168
-1443
-475
-304
0
-1016
0
150
-62
-34
-252
-4
0
159
270
0
-61
-168
152
0
375
209
231
129
-86
350
-330
665
0
-464
0
0
0
0
-665
0
0
-80
46
0
141
0
-560
0
228
0
118
612
74
0
-406
-291
0
0
0
0
-330
0
0
0
-1090
0
48
116
0
0
268
690
-1035
0
0
-1016
0
0
124
0
312
335
0
0
0
0
512
0
0
-381
1016
-574
-70
-635
0
-428
-230
0
300
0
-954
0
44
0
0
315
-21
0
486
-260
0
0
-222
0
-1287
0
264
176
0
0
-44
254
0
0
0
-75
-456
188
51
0
-295
0
-252
-1651
-635
508
0
288
0
-762
31
-28
-260
7
0
-147
370
0
-102
36
-380
0
246
-154
-69
297
-216
265
-190
770
0
-1016
0
0
0
0
161
0
0
415
172
0
381
0
434
0
66
0
-68
174
-254
0
-1778
-174
0
0
0
0
75
0
0
0
950
0
82
196
0
0
112
474
-720
0
0
-816
0
0
-420
0
-69
-95
0
0
341
0
1016
0
0
36
-96
-889
-1270
-515
0
504
-154
0
-54
0
-801
0
-508
0
0
111
69
0
-576
-508
0
0
-327
0
-1397
0
381
1016
0
0
96
-242
0
0
0
36
240
508
342
0
-250
0
-198
143
-375
488
0
72
0
-210
127
108
508
-1
0
174
-605
0
127
-1260
-492
0
348
-737
-33
-381
-230
155
-870
-819
0
-280
0
0
0
0
273
0
0
-635
142
0
138
0
-406
0
414
0
244
-558
70
0
-1316
-483
0
0
0
0
-123
0
0
0
-1510
0
-72
174
0
0
380
774
-558
0
0
-840
0
0
-32
0
120
675
0
0
-297
0
496
0
0
-468
32
-868
250
-970
0
-576
-260
0
108
0
-1863
0
-40
0
0
6
36
0
-42
-160
0
0
-24
0
-627
0
231
336
0
0
-74
248
0
0
0
-100
-568
56
-330
0
-565
0
24
-1482
-670
456
0
-48
0
-828
-40
-282
16
22
0
-24
445
0
-182
-1488
-856
0
21
-363
81
15
38
610
330
-119
0
-856
0
0
0
0
-49
0
0
765
248
0
21
0
-1344
0
504
0
-210
324
-244
0
-2590
51
0
0
0
0
630
0
0
0
560
0
-346
-180
0
0
-200
330
-486
0
0
-688
0
0
-384
0
-801
-225
0
0
-1034
0
656
0
0
-78
-1768
-1624
-470
-315
0
-236
264
0
-564
0
-882
0
-628
0
0
-510
218
0
-630
-348
0
0
459
0
-242
0
399
-432
0
0
-198
-102
0
0
0
-17
-1216
-108
-258
0
-50
0
1176
780
45
92
0
-1024
0
318
2
-432
728
174
0
336
-165
0
-36
-2748
188
0
-108
-847
252
-300
224
-510
-1550
-385
0
224
0
0
0
0
-1239
0
0
-1070
-116
0
-600
0
-1302
0
342
0
238
384
60
0
616
-249
0
0
0
0
-75
0
0
0
-1240
0
-62
-110
0
0
220
132
-1143
0
0
472
0
0
508
0
144
500
0
0
-1298
0
-8
0
0
-306
200
-336
0
20
0
-508
-8
0
228
0
-1143
0
100
0
0
96
73
0
-144
340
0
0
210
0
-176
0
144
-920
0
0
-206
72
0
0
0
-127
-912
-52
-3
0
-635
0
-168
-1443
-475
-304
0
-1016
0
150
-62
-34
-252
-4
0
159
270
0
-61
-168
152
0
375
209
231
129
-86
350
-330
665
0
-464
0
0
0
0
-665
0
0
-80
46
0
141
0
-560
0
228
0
118
612
152
0
-616
21
0
0
0
0
-129
0
0
0
-2510
0
192
16
0
0
212
894
-1449
0
0
-112
0
0
352
0
384
470
0
0
-1133
0
536
0
0
-129
-288
-861
50
15
0
-832
246
0
351
0
-1530
0
204
0
0
30
20
0
108
-40
0
0
-171
0
231
0
243
-552
0
0
-56
148
0
0
0
-77
-1912
-252
177
0
-855
0
-252
-2756
-605
-612
0
-816
0
-294
-44
-100
-92
-45
0
-222
470
0
-131
-732
268
0
-6
66
126
399
-244
160
-100
1085
0
-744
0
0
0
0
-1169
0
0
375
134
0
423
0
-686
0
546
0
-136
360
152
0
-616
21
0
0
0
0
-129
0
0
0
-2510
0
192
16
0
0
212
894
-1449
0
0
-112
0
0
352
0
384
470
0
0
-1133
0
536
0
0
-129
-288
-861
50
15
0
-832
246
0
351
0
-1530
0
204
0
0
30
20
0
108
-40
0
0
-171
0
231
0
243
-552
0
0
-56
148
0
0
0
-77
-1912
-252
177
0
-855
0
-252
-2756
-605
-612
0
-816
0
-294
-44
-100
-92
-45
0
-222
470
0
-131
-732
268
0
-6
66
126
399
-244
160
-100
1085
0
-744
0
0
0
0
-1169
0
0
375
134
0
423
0
-686
0
546
0
-136
360
60
0
616
-249
0
0
0
0
-75
0
0
0
-1240
0
-62
-110
0
0
220
132
-1143
0
0
472
0
0
508
0
144
500
0
0
-1298
0
-8
0
0
-306
200
-336
0
20
0
-508
-8
0
228
0
-1143
0
100
0
0
96
73
0
-144
340
0
0
210
0
-176
0
144
-920
0
0
-206
72
0
0
0
-127
-912
-52
-3
0
-635
0
-168
-1443
-475
-304
0
-1016
0
150
-62
-34
-252
-4
0
159
270
0
-61
-168
152
0
375
209
231
129
-86
350
-330
665
0
-464
0
0
0
0
-665
0
0
-80
46
0
141
0
-560
0
228
0
118
612
-162
0
-3010
96
0
0
0
0
21
0
0
0
-320
0
336
322
0
0
104
1236
-1026
0
0
-1400
0
0
-576
0
171
-125
0
0
506
0
1560
0
0
213
-584
-1414
-1220
-520
0
180
100
0
69
0
-1188
0
-404
0
0
45
16
0
-324
-888
0
0
-708
0
-990
0
480
1384
0
0
246
-166
0
0
0
86
-760
308
522
0
-470
0
-282
-1170
-505
180
0
272
0
-654
145
42
668
-42
0
-207
-405
0
57
-1824
-376
0
-33
-880
-138
-111
-388
-35
-640
-399
0
-560
0
0
0
0
-231
0
0
-180
230
0
420
0
-532
0
732
0
-10
-810
74
0
-406
-291
0
0
0
0
-330
0
0
0
-1090
0
48
116
0
0
268
690
-1035
0
0
-1016
0
0
124
0
312
335
0
0
0
0
512
0
0
-381
1016
-574
-70
-635
0
-428
-230
0
300
0
-954
0
44
0
0
315
-21
0
486
-260
0
0
-222
0
-1287
0
264
176
0
0
-44
254
0
0
0
-75
-456
188
51
0
-295
0
-252
-1651
-635
508
0
288
0
-762
31
-28
-260
7
0
-147
370
0
-102
36
-380
0
246
-154
-69
297
-216
265
-190
770
0
-1016
0
0
0
0
161
0
0
415
172
0
381
0
434
0
66
0
-68
174
60
0
616
-249
0
0
0
0
-75
0
0
0
-1240
0
-62
-110
0
0
220
132
-1143
0
0
472
0
0
508
0
144
500
0
0
-1298
0
-8
0
0
-306
200
-336
0
20
0
-508
-8
0
228
0
-1143
0
100
0
0
96
73
0
-144
340
0
0
210
0
-176
0
144
-920
0
0
-206
72
0
0
0
-127
-912
-52
-3
0
-635
0
-168
-1443
-475
-304
0
-1016
0
150
-62
-34
-252
-4
0
159
270
0
-61
-168
152
0
375
209
231
129
-86
350
-330
665
0
-464
0
0
0
0
-665
0
0
-80
46
0
141
0
-560
0
228
0
118
612
-162
0
-3010
96
0
0
0
0
21
0
0
0
-320
0
336
322
0
0
104
1236
-1026
0
0
-1400
0
0
-576
0
171
-125
0
0
506
0
1560
0
0
213
-584
-1414
-1220
-520
0
180
100
0
69
0
-1188
0
-404
0
0
45
16
0
-324
-888
0
0
-708
0
-990
0
480
1384
0
0
246
-166
0
0
0
86
-760
308
522
0
-470
0
-282
-1170
-505
180
0
272
0
-654
145
42
668
-42
0
-207
-405
0
57
-1824
-376
0
-33
-880
-138
-111
-388
-35
-640
-399
0
-560
0
0
0
0
-231
0
0
-180
230
0
420
0
-532
0
732
0
-10
-810
-194
0
-1162
-423
0
0
0
0
0
0
0
0
-290
0
20
86
0
0
332
606
-1863
0
0
-344
0
0
88
0
75
405
0
0
-957
0
1008
0
0
-270
104
-1225
-1270
-495
0
-4
-162
0
174
0
-1944
0
-408
0
0
207
142
0
-720
-168
0
0
-117
0
-1573
0
525
96
0
0
-110
-170
0
0
0
-91
-672
456
339
0
-885
0
-366
-1300
-850
184
0
-944
0
-60
65
74
256
-5
0
333
-335
0
66
-1428
-340
0
723
-528
198
-252
-316
505
-1200
-154
0
-744
0
0
0
0
-392
0
0
-715
188
0
279
0
-966
0
642
0
362
54
80
0
-1778
-366
0
0
0
0
-3
0
0
0
-1570
0
-234
-80
0
0
-128
504
-126
0
0
-1368
0
0
-224
0
-9
100
0
0
-407
0
832
0
0
-441
-648
-1239
50
-935
0
-728
-340
0
126
0
-1557
0
-172
0
0
90
27
0
-336
-164
0
0
36
0
-572
0
276
-400
0
0
-102
212
0
0
0
-99
-1120
-216
-288
0
-115
0
786
-1326
-305
476
0
-304
0
-1032
-10
-416
72
10
0
-120
500
0
-223
-2232
-348
0
33
-473
-15
72
-50
40
-10
42
0
-720
0
0
0
0
-546
0
0
630
-6
0
-24
0
-868
0
294
0
-190
198
74
0
-406
-291
0
0
0
0
-330
0
0
0
-1090
0
48
116
0
0
268
690
-1035
0
0
-1016
0
0
124
0
312
335
0
0
0
0
512
0
0
-381
1016
-574
-70
-635
0
-428
-230
0
300
0
-954
0
44
0
0
315
-21
0
486
-260
0
0
-222
0
-1287
0
264
176
0
0
-44
254
0
0
0
-75
-456
188
51
0
-295
0
-252
-1651
-635
508
0
288
0
-762
31
-28
-260
7
0
-147
370
0
-102
36
-380
0
246
-154
-69
297
-216
265
-190
770
0
-1016
0
0
0
0
161
0
0
415
172
0
381
0
434
0
66
0
-68
174
-180
0
-2534
-357
0
0
0
0
180
0
0
0
-470
0
-136
190
0
0
576
1290
-1953
0
0
-1176
0
0
-68
0
-360
685
0
0
-924
0
832
0
0
-486
-72
-1827
-340
-985
0
-512
114
0
-282
0
-2142
0
-452
0
0
-279
206
0
150
-604
0
0
177
0
-1584
0
618
480
0
0
-214
188
0
0
0
-93
-1120
352
-249
0
-795
0
162
-1027
-955
580
0
-480
0
-240
3
-326
412
193
0
285
150
0
-97
-1968
-700
0
126
-891
279
-60
96
325
-1400
224
0
-928
0
0
0
0
-581
0
0
-520
310
0
-174
0
-1344
0
618
0
150
684
-154
0
-1330
-573
0
0
0
0
531
0
0
0
740
0
-344
146
0
0
616
348
-198
0
0
344
0
0
-48
0
-573
755
0
0
-1694
0
128
0
0
-423
-1528
-798
150
-680
0
112
176
0
-573
0
-1647
0
-416
0
0
-690
157
0
-540
224
0
0
456
0
528
0
177
512
0
0
-284
-186
0
0
0
-50
240
-380
-354
0
-885
0
78
208
-635
-176
0
-968
0
582
-168
-360
496
142
0
408
-495
0
9
-2928
-888
0
-180
-363
531
-426
456
860
-730
-1288
0
272
0
0
0
0
-938
0
0
-275
184
0
-651
0
-3514
0
864
0
2
912
60
0
616
-249
0
0
0
0
-75
0
0
0
-1240
0
-62
-110
0
0
220
132
-1143
0
0
472
0
0
508
0
144
500
0
0
-1298
0
-8
0
0
-306
200
-336
0
20
0
-508
-8
0
228
0
-1143
0
100
0
0
96
73
0
-144
340
0
0
210
0
-176
0
144
-920
0
0
-206
72
0
0
0
-127
-912
-52
-3
0
-635
0
-168
-1443
-475
-304
0
-1016
0
150
-62
-34
-252
-4
0
159
270
0
-61
-168
152
0
375
209
231
129
-86
350
-330
665
0
-464
0
0
0
0
-665
0
0
-80
46
0
141
0
-560
0
228
0
118
612
-254
0
-1778
-174
0
0
0
0
75
0
0
0
950
0
82
196
0
0
112
474
-720
0
0
-816
0
0
-420
0
-69
-95
0
0
341
0
1016
0
0
36
-96
-889
-1270
-515
0
504
-154
0
-54
0
-801
0
-508
0
0
111
69
0
-576
-508
0
0
-327
0
-1397
0
381
1016
0
0
96
-242
0
0
0
36
240
508
342
0
-250
0
-198
143
-375
488
0
72
0
-210
127
108
508
-1
0
174
-605
0
127
-1260
-492
0
348
-737
-33
-381
-230
155
-870
-819
0
-280
0
0
0
0
273
0
0
-635
142
0
138
0
-406
0
414
0
244
-558
-298
0
-2870
-108
0
0
0
0
186
0
0
0
-830
0
60
72
0
0
136
942
-2106
0
0
-672
0
0
-212
0
-216
340
0
0
-484
0
1184
0
0
-39
-440
-1974
-1370
-500
0
-348
-24
0
-27
0
-2394
0
-572
0
0
-6
269
0
-1044
-636
0
0
24
0
-1738
0
669
48
0
0
-26
-56
0
0
0
-84
-1688
868
12
0
-770
0
246
-715
-570
380
0
-1080
0
-186
134
-118
708
54
0
480
15
0
-18
-2028
-248
0
558
-1111
165
-465
-206
50
-1160
-301
0
-768
0
0
0
0
-406
0
0
-1025
218
0
15
0
-1008
0
768
0
436
-198
62
0
-3346
294
0
0
0
0
-198
0
0
0
-2900
0
342
228
0
0
64
1788
-1584
0
0
-1928
0
0
-332
0
261
240
0
0
638
0
1232
0
0
27
-16
-1848
-120
-645
0
-1096
162
0
222
0
-1791
0
-16
0
0
36
53
0
414
-1108
0
0
-462
0
-1045
0
507
496
0
0
190
444
0
0
0
-18
-2472
400
-96
0
-400
0
276
-2379
-485
396
0
352
0
-1332
118
-286
352
25
0
-381
920
0
-256
-1128
-172
0
-300
-880
-207
354
-264
-380
80
1043
0
-1320
0
0
0
0
-357
0
0
560
290
0
399
0
266
0
510
0
-248
-330
70
0
-1316
-483
0
0
0
0
-123
0
0
0
-1510
0
-72
174
0
0
380
774
-558
0
0
-840
0
0
-32
0
120
675
0
0
-297
0
496
0
0
-468
32
-868
250
-970
0
-576
-260
0
108
0
-1863
0
-40
0
0
6
36
0
-42
-160
0
0
-24
0
-627
0
231
336
0
0
-74
248
0
0
0
-100
-568
56
-330
0
-565
0
24
-1482
-670
456
0
-48
0
-828
-40
-282
16
22
0
-24
445
0
-182
-1488
-856
0
21
-363
81
15
38
610
330
-119
0
-856
0
0
0
0
-49
0
0
765
248
0
21
0
-1344
0
504
0
-210
324
0
0
-889
-1044
-1632
0
1397
840
0
508
0
0
665
0
451
490
0
0
308
1185
-160
508
0
0
381
279
0
0
-368
-38
0
0
341
0
0
0
0
0
0
0
-889
0
0
0
0
-152
-108
0
-712
0
-2413
0
0
592
759
51
-864
-1905
0
0
-327
560
-1270
0
2413
0
0
-1386
96
0
0
-252
0
0
210
2413
0
-1651
-500
0
-99
220
-225
732
2032
117
0
0
0
216
0
0
0
754
0
-100
1651
-1470
0
0
0
-536
-121
0
-1035
744
-696
-1170
-78
-70
0
0
0
0
195
0
0
-254
142
0
0
0
-493
0
966
0
0
0
60
0
616
-249
0
0
0
0
-75
0
0
0
-1240
0
-62
-110
0
0
220
132
-1143
0
0
472
0
0
508
0
144
500
0
0
-1298
0
-8
0
0
-306
200
-336
0
20
0
-508
-8
0
228
0
-1143
0
100
0
0
96
73
0
-144
340
0
0
210
0
-176
0
144
-920
0
0
-206
72
0
0
0
-127
-912
-52
-3
0
-635
0
-168
-1443
-475
-304
0
-1016
0
150
-62
-34
-252
-4
0
159
270
0
-61
-168
152
0
375
209
231
129
-86
350
-330
665
0
-464
0
0
0
0
-665
0
0
-80
46
0
141
0
-560
0
228
0
118
612
60
0
616
-249
0
0
0
0
-75
0
0
0
-1240
0
-62
-110
0
0
220
132
-1143
0
0
472
0
0
508
0
144
500
0
0
-1298
0
-8
0
0
-306
200
-336
0
20
0
-508
-8
0
228
0
-1143
0
100
0
0
96
73
0
-144
340
0
0
210
0
-176
0
144
-920
0
0
-206
72
0
0
0
-127
-912
-52
-3
0
-635
0
-168
-1443
-475
-304
0
-1016
0
150
-62
-34
-252
-4
0
159
270
0
-61
-168
152
0
375
209
231
129
-86
350
-330
665
0
-464
0
0
0
0
-665
0
0
-80
46
0
141
0
-560
0
228
0
118
612
60
0
616
-249
0
0
0
0
-75
0
0
0
-1240
0
-62
-110
0
0
220
132
-1143
0
0
472
0
0
508
0
144
500
0
0
-1298
0
-8
0
0
-306
200
-336
0
20
0
-508
-8
0
228
0
-1143
0
100
0
0
96
73
0
-144
340
0
0
210
0
-176
0
144
-920
0
0
-206
72
0
0
0
-127
-912
-52
-3
0
-635
0
-168
-1443
-475
-304
0
-1016
0
150
-62
-34
-252
-4
0
159
270
0
-61
-168
152
0
375
209
231
129
-86
350
-330
665
0
-464
0
0
0
0
-665
0
0
-80
46
0
141
0
-560
0
228
0
118
612
-150
0
-420
-381
0
0
0
0
324
0
0
0
1160
0
-224
88
0
0
504
264
-675
0
0
168
0
0
108
0
-381
415
0
0
-1397
0
144
0
0
-336
-544
-504
-170
-345
0
260
206
0
-381
0
-738
0
-332
0
0
-381
100
0
-12
124
0
0
258
0
-132
0
210
352
0
0
-254
-180
0
0
0
-25
352
-248
27
0
-615
0
-198
39
-600
-124
0
-632
0
648
-97
-106
220
127
0
285
-570
0
89
-1404
-412
0
45
-154
381
-144
202
515
-1250
-399
0
112
0
0
0
0
-728
0
0
-625
108
0
-291
0
-1736
0
426
0
144
762
-232
0
-2002
-90
0
0
0
0
-57
0
0
0
1830
0
-220
30
0
0
112
216
-333
0
0
-760
0
0
-112
0
-195
-220
0
0
-1386
0
928
0
0
-21
-1088
-1393
-300
-745
0
588
30
0
-321
0
-252
0
-432
0
0
-168
74
0
-774
-16
0
0
51
0
-143
0
291
-256
0
0
-160
-400
0
0
0
49
984
-548
243
0
-395
0
198
546
-330
-524
0
-688
0
132
-67
-42
588
79
0
48
-1205
0
153
-2748
-168
0
84
-1551
138
-471
-6
-120
-2520
-1232
0
40
0
0
0
0
-1617
0
0
-365
192
0
30
0
-1568
0
1188
0
6
276
-254
0
-1778
-174
0
0
0
0
75
0
0
0
950
0
82
196
0
0
112
474
-720
0
0
-816
0
0
-420
0
-69
-95
0
0
341
0
1016
0
0
36
-96
-889
-1270
-515
0
504
-154
0
-54
0
-801
0
-508
0
0
111
69
0
-576
-508
0
0
-327
0
-1397
0
381
1016
0
0
96
-242
0
0
0
36
240
508
342
0
-250
0
-198
143
-375
488
0
72
0
-210
127
108
508
-1
0
174
-605
0
127
-1260
-492
0
348
-737
-33
-381
-230
155
-870
-819
0
-280
0
0
0
0
273
0
0
-635
142
0
138
0
-406
0
414
0
244
-558
-150
0
-420
-381
0
0
0
0
324
0
0
0
1160
0
-224
88
0
0
504
264
-675
0
0
168
0
0
108
0
-381
415
0
0
-1397
0
144
0
0
-336
-544
-504
-170
-345
0
260
206
0
-381
0
-738
0
-332
0
0
-381
100
0
-12
124
0
0
258
0
-132
0
210
352
0
0
-254
-180
0
0
0
-25
352
-248
27
0
-615
0
-198
39
-600
-124
0
-632
0
648
-97
-106
220
127
0
285
-570
0
89
-1404
-412
0
45
-154
381
-144
202
515
-1250
-399
0
112
0
0
0
0
-728
0
0
-625
108
0
-291
0
-1736
0
426
0
144
762
60
0
616
-249
0
0
0
0
-75
0
0
0
-1240
0
-62
-110
0
0
220
132
-1143
0
0
472
0
0
508
0
144
500
0
0
-1298
0
-8
0
0
-306
200
-336
0
20
0
-508
-8
0
228
0
-1143
0
100
0
0
96
73
0
-144
340
0
0
210
0
-176
0
144
-920
0
0
-206
72
0
0
0
-127
-912
-52
-3
0
-635
0
-168
-1443
-475
-304
0
-1016
0
150
-62
-34
-252
-4
0
159
270
0
-61
-168
152
0
375
209
231
129
-86
350
-330
665
0
-464
0
0
0
0
-665
0
0
-80
46
0
141
0
-560
0
228
0
118
612
70
0
154
-132
0
0
0
0
45
0
0
0
-1300
0
-224
-364
0
0
-288
-138
-711
0
0
-56
0
0
316
0
15
-75
0
0
-1408
0
328
0
0
-279
-480
-707
-200
55
0
-660
-88
0
246
0
-837
0
-32
0
0
180
64
0
-438
336
0
0
270
0
-121
0
189
-1656
0
0
-234
36
0
0
0
-126
-1464
-324
39
0
-185
0
594
-1287
-110
-284
0
-1272
0
-54
-32
-168
-196
-16
0
63
325
0
-102
-912
660
0
387
99
135
186
-174
-220
-670
826
0
-328
0
0
0
0
-1162
0
0
-215
-208
0
96
0
-84
0
18
0
138
486
166
0
-1638
-21
0
0
0
0
-384
0
0
0
-2360
0
302
242
0
0
260
1452
-1341
0
0
-1600
0
0
-32
0
552
305
0
0
165
0
1056
0
0
-204
528
-1099
-20
-640
0
-752
24
0
423
0
-1341
0
148
0
0
249
-74
0
738
-640
0
0
-603
0
-880
0
363
544
0
0
106
330
0
0
0
-25
-1456
-12
231
0
-515
0
-336
-2964
-765
200
0
488
0
-1206
49
-94
-100
-34
0
-528
570
0
-172
-528
-264
0
-135
-297
-174
567
-374
75
40
1190
0
-1296
0
0
0
0
-343
0
0
870
260
0
663
0
308
0
384
0
-322
-78
-254
0
-1778
-174
0
0
0
0
75
0
0
0
950
0
82
196
0
0
112
474
-720
0
0
-816
0
0
-420
0
-69
-95
0
0
341
0
1016
0
0
36
-96
-889
-1270
-515
0
504
-154
0
-54
0
-801
0
-508
0
0
111
69
0
-576
-508
0
0
-327
0
-1397
0
381
1016
0
0
96
-242
0
0
0
36
240
508
342
0
-250
0
-198
143
-375
488
0
72
0
-210
127
108
508
-1
0
174
-605
0
127
-1260
-492
0
348
-737
-33
-381
-230
155
-870
-819
0
-280
0
0
0
0
273
0
0
-635
142
0
138
0
-406
0
414
0
244
-558
-66
0
-1288
-555
0
0
0
0
114
0
0
0
10
0
-338
-50
0
0
264
684
-1278
0
0
-1376
0
0
40
0
-198
175
0
0
-1507
0
992
0
0
-690
-208
-1449
-440
-945
0
-320
-104
0
-63
0
-1386
0
-420
0
0
18
70
0
180
-140
0
0
96
0
-1364
0
519
-208
0
0
-326
38
0
0
0
-99
-656
-332
120
0
-460
0
312
-1456
-870
404
0
-600
0
-318
-36
-268
16
122
0
42
-145
0
-54
-2112
-284
0
303
-418
216
210
-102
210
-1780
532
0
-768
0
0
0
0
-1064
0
0
-345
26
0
45
0
-826
0
282
0
96
810
-244
0
-2590
51
0
0
0
0
630
0
0
0
560
0
-346
-180
0
0
-200
330
-486
0
0
-688
0
0
-384
0
-801
-225
0
0
-1034
0
656
0
0
-78
-1768
-1624
-470
-315
0
-236
264
0
-564
0
-882
0
-628
0
0
-510
218
0
-630
-348
0
0
459
0
-242
0
399
-432
0
0
-198
-102
0
0
0
-17
-1216
-108
-258
0
-50
0
1176
780
45
92
0
-1024
0
318
2
-432
728
174
0
336
-165
0
-36
-2748
188
0
-108
-847
252
-300
224
-510
-1550
-385
0
224
0
0
0
0
-1239
0
0
-1070
-116
0
-600
0
-1302
0
342
0
238
384
74
0
-406
-291
0
0
0
0
-330
0
0
0
-1090
0
48
116
0
0
268
690
-1035
0
0
-1016
0
0
124
0
312
335
0
0
0
0
512
0
0
-381
1016
-574
-70
-635
0
-428
-230
0
300
0
-954
0
44
0
0
315
-21
0
486
-260
0
0
-222
0
-1287
0
264
176
0
0
-44
254
0
0
0
-75
-456
188
51
0
-295
0
-252
-1651
-635
508
0
288
0
-762
31
-28
-260
7
0
-147
370
0
-102
36
-380
0
246
-154
-69
297
-216
265
-190
770
0
-1016
0
0
0
0
161
0
0
415
172
0
381
0
434
0
66
0
-68
174
-150
0
-420
-381
0
0
0
0
324
0
0
0
1160
0
-224
88
0
0
504
264
-675
0
0
168
0
0
108
0
-381
415
0
0
-1397
0
144
0
0
-336
-544
-504
-170
-345
0
260
206
0
-381
0
-738
0
-332
0
0
-381
100
0
-12
124
0
0
258
0
-132
0
210
352
0
0
-254
-180
0
0
0
-25
352
-248
27
0
-615
0
-198
39
-600
-124
0
-632
0
648
-97
-106
220
127
0
285
-570
0
89
-1404
-412
0
45
-154
381
-144
202
515
-1250
-399
0
112
0
0
0
0
-728
0
0
-625
108
0
-291
0
-1736
0
426
0
144
762
74
0
-406
-291
0
0
0
0
-330
0
0
0
-1090
0
48
116
0
0
268
690
-1035
0
0
-1016
0
0
124
0
312
335
0
0
0
0
512
0
0
-381
1016
-574
-70
-635
0
-428
-230
0
300
0
-954
0
44
0
0
315
-21
0
486
-260
0
0
-222
0
-1287
0
264
176
0
0
-44
254
0
0
0
-75
-456
188
51
0
-295
0
-252
-1651
-635
508
0
288
0
-762
31
-28
-260
7
0
-147
370
0
-102
36
-380
0
246
-154
-69
297
-216
265
-190
770
0
-1016
0
0
0
0
161
0
0
415
172
0
381
0
434
0
66
0
-68
174
-254
0
-1778
-174
0
0
0
0
75
0
0
0
950
0
82
196
0
0
112
474
-720
0
0
-816
0
0
-420
0
-69
-95
0
0
341
0
1016
0
0
36
-96
-889
-1270
-515
0
504
-154
0
-54
0
-801
0
-508
0
0
111
69
0
-576
-508
0
0
-327
0
-1397
0
381
1016
0
0
96
-242
0
0
0
36
240
508
342
0
-250
0
-198
143
-375
488
0
72
0
-210
127
108
508
-1
0
174
-605
0
127
-1260
-492
0
348
-737
-33
-381
-230
155
-870
-819
0
-280
0
0
0
0
273
0
0
-635
142
0
138
0
-406
0
414
0
244
-558
74
0
-406
-291
0
0
0
0
-330
0
0
0
-1090
0
48
116
0
0
268
690
-1035
0
0
-1016
0
0
124
0
312
335
0
0
0
0
512
0
0
-381
1016
-574
-70
-635
0
-428
-230
0
300
0
-954
0
44
0
0
315
-21
0
486
-260
0
0
-222
0
-1287
0
264
176
0
0
-44
254
0
0
0
-75
-456
188
51
0
-295
0
-252
-1651
-635
508
0
288
0
-762
31
-28
-260
7
0
-147
370
0
-102
36
-380
0
246
-154
-69
297
-216
265
-190
770
0
-1016
0
0
0
0
161
0
0
415
172
0
381
0
434
0
66
0
-68
174
60
0
616
-249
0
0
0
0
-75
0
0
0
-1240
0
-62
-110
0
0
220
132
-1143
0
0
472
0
0
508
0
144
500
0
0
-1298
0
-8
0
0
-306
200
-336
0
20
0
-508
-8
0
228
0
-1143
0
100
0
0
96
73
0
-144
340
0
0
210
0
-176
0
144
-920
0
0
-206
72
0
0
0
-127
-912
-52
-3
0
-635
0
-168
-1443
-475
-304
0
-1016
0
150
-62
-34
-252
-4
0
159
270
0
-61
-168
152
0
375
209
231
129
-86
350
-330
665
0
-464
0
0
0
0
-665
0
0
-80
46
0
141
0
-560
0
228
0
118
612
-180
0
-2184
-465
0
0
0
0
-255
0
0
0
-140
0
130
312
0
0
380
1164
-1755
0
0
-1832
0
0
-296
0
243
240
0
0
341
0
1528
0
0
-345
920
-1463
-1340
-1150
0
76
-384
0
246
0
-1755
0
-464
0
0
426
48
0
-90
-768
0
0
-549
0
-2684
0
645
1192
0
0
52
12
0
0
0
-39
-216
696
393
0
-545
0
-450
-1508
-1010
996
0
360
0
-972
158
80
248
6
0
27
-235
0
25
-1224
-872
0
594
-891
-102
-84
-446
420
-1060
-49
0
-1296
0
0
0
0
434
0
0
-220
314
0
519
0
28
0
480
0
176
-384
-44
0
-1092
66
0
0
0
0
111
0
0
0
-1780
0
-22
-124
0
0
24
468
-1386
0
0
144
0
0
208
0
-147
435
0
0
-825
0
168
0
0
-75
-344
-1085
-100
15
0
-852
130
0
27
0
-1593
0
-64
0
0
-117
200
0
-468
-128
0
0
351
0
-341
0
288
-968
0
0
-122
186
0
0
0
-120
-1928
360
-330
0
-520
0
444
-858
-195
-108
0
-1152
0
24
7
-226
200
55
0
306
620
0
-145
-768
244
0
210
-374
198
-84
24
-105
-290
518
0
-488
0
0
0
0
-679
0
0
-390
76
0
-123
0
-602
0
354
0
192
360
226
0
-1022
-270
0
0
0
0
-459
0
0
0
-3600
0
240
132
0
0
480
1584
-2484
0
0
-1128
0
0
476
0
696
805
0
0
-1133
0
1048
0
0
-510
728
-1435
-20
-620
0
-1260
16
0
651
0
-2484
0
248
0
0
345
-1
0
594
-300
0
0
-393
0
-1056
0
507
-376
0
0
-100
402
0
0
0
-152
-2368
-64
228
0
-1150
0
-504
-4407
-1240
-104
0
-528
0
-1056
-13
-128
-352
-38
0
-369
840
0
-233
-696
-112
0
240
-88
57
696
-460
425
-290
1855
0
-1760
0
0
0
0
-1008
0
0
790
306
0
804
0
-252
0
612
0
-204
534
74
0
-406
-291
0
0
0
0
-330
0
0
0
-1090
0
48
116
0
0
268
690
-1035
0
0
-1016
0
0
124
0
312
335
0
0
0
0
512
0
0
-381
1016
-574
-70
-635
0
-428
-230
0
300
0
-954
0
44
0
0
315
-21
0
486
-260
0
0
-222
0
-1287
0
264
176
0
0
-44
254
0
0
0
-75
-456
188
51
0
-295
0
-252
-1651
-635
508
0
288
0
-762
31
-28
-260
7
0
-147
370
0
-102
36
-380
0
246
-154
-69
297
-216
265
-190
770
0
-1016
0
0
0
0
161
0
0
415
172
0
381
0
434
0
66
0
-68
174
-150
0
-420
-381
0
0
0
0
324
0
0
0
1160
0
-224
88
0
0
504
264
-675
0
0
168
0
0
108
0
-381
415
0
0
-1397
0
144
0
0
-336
-544
-504
-170
-345
0
260
206
0
-381
0
-738
0
-332
0
0
-381
100
0
-12
124
0
0
258
0
-132
0
210
352
0
0
-254
-180
0
0
0
-25
352
-248
27
0
-615
0
-198
39
-600
-124
0
-632
0
648
-97
-106
220
127
0
285
-570
0
89
-1404
-412
0
45
-154
381
-144
202
515
-1250
-399
0
112
0
0
0
0
-728
0
0
-625
108
0
-291
0
-1736
0
426
0
144
762
-176
0
-2296
-531
0
0
0
0
75
0
0
0
170
0
-402
-22
0
0
444
432
-999
0
0
-112
0
0
240
0
-243
620
0
0
-2981
0
904
0
0
-414
-1872
-2023
20
-1060
0
-68
-8
0
-285
0
-2304
0
-416
0
0
-381
204
0
-1446
424
0
0
459
0
341
0
402
-1016
0
0
-396
-334
0
0
0
-103
-40
-732
-141
0
-1300
0
306
-728
-840
-880
0
-2040
0
216
-200
-330
612
90
0
330
-860
0
12
-4440
-492
0
234
-1551
519
-624
162
575
-2330
-1456
0
-264
0
0
0
0
-2492
0
0
-95
314
0
-189
0
-3906
0
1854
0
-18
1038
-358
0
-3486
141
0
0
0
0
261
0
0
0
410
0
122
182
0
0
-84
810
-963
0
0
-1144
0
0
-720
0
-360
-160
0
0
814
0
1192
0
0
267
-640
-1638
-1370
-520
0
160
-16
0
-255
0
-1251
0
-672
0
0
-102
196
0
-900
-976
0
0
-186
0
-1562
0
525
968
0
0
180
-128
0
0
0
43
-776
920
15
0
-135
0
414
728
-95
684
0
-64
0
-336
196
-84
960
58
0
321
-255
0
43
-1860
-400
0
183
-1320
-66
-594
-120
-300
-830
-966
0
-304
0
0
0
0
259
0
0
-945
172
0
-126
0
-448
0
540
0
318
-810
-80
0
-1736
-864
0
0
0
0
201
0
0
0
-350
0
-296
262
0
0
884
1038
-1233
0
0
-672
0
0
76
0
-261
1090
0
0
-1694
0
640
0
0
-804
-512
-1372
80
-1315
0
-316
-54
0
-273
0
-2601
0
-372
0
0
-375
136
0
-54
-36
0
0
234
0
-759
0
441
688
0
0
-328
68
0
0
0
-125
-216
-192
-303
0
-1180
0
-174
-1443
-1270
332
0
-680
0
-180
-137
-388
236
149
0
261
-125
0
-93
-2892
-1268
0
66
-517
462
-129
240
1125
-920
-518
0
-744
0
0
0
0
-777
0
0
140
356
0
-270
0
-3080
0
930
0
-66
1086
-120
0
-4046
282
0
0
0
0
57
0
0
0
-1590
0
-300
-378
0
0
-764
234
-135
0
0
-1136
0
0
-360
0
-282
-435
0
0
-1221
0
1272
0
0
180
-2552
-2639
-110
-685
0
-824
-156
0
-87
0
-1710
0
-380
0
0
-129
222
0
-2052
-172
0
0
402
0
363
0
381
-2152
0
0
-86
-76
0
0
0
-70
-1960
-344
-453
0
-120
0
1878
-26
405
-540
0
-1800
0
-762
-4
-550
900
10
0
96
115
0
-202
-4380
520
0
36
-2090
9
-636
-18
-965
-1380
-1043
0
-264
0
0
0
0
-2275
0
0
85
-18
0
-207
0
-1736
0
1344
0
-68
-102
176
0
-2100
96
0
0
0
0
-264
0
0
0
-2420
0
140
-12
0
0
-248
1182
-909
0
0
-2128
0
0
-224
0
423
-270
0
0
55
0
1392
0
0
-177
-152
-1470
-220
-605
0
-904
-56
0
441
0
-1035
0
16
0
0
333
-83
0
444
-644
0
0
-543
0
-825
0
408
-192
0
0
78
294
0
0
0
-24
-2008
-284
273
0
-65
0
426
-2808
-400
220
0
232
0
-1410
79
-228
-44
-46
0
-624
625
0
-213
-1272
244
0
-123
-407
-270
624
-462
-495
-300
1351
0
-1160
0
0
0
0
-840
0
0
735
6
0
618
0
784
0
174
0
-302
-204
74
0
-406
-291
0
0
0
0
-330
0
0
0
-1090
0
48
116
0
0
268
690
-1035
0
0
-1016
0
0
124
0
312
335
0
0
0
0
512
0
0
-381
1016
-574
-70
-635
0
-428
-230
0
300
0
-954
0
44
0
0
315
-21
0
486
-260
0
0
-222
0
-1287
0
264
176
0
0
-44
254
0
0
0
-75
-456
188
51
0
-295
0
-252
-1651
-635
508
0
288
0
-762
31
-28
-260
7
0
-147
370
0
-102
36
-380
0
246
-154
-69
297
-216
265
-190
770
0
-1016
0
0
0
0
161
0
0
415
172
0
381
0
434
0
66
0
-68
174
-154
0
-1330
-573
0
0
0
0
531
0
0
0
740
0
-344
146
0
0
616
348
-198
0
0
344
0
0
-48
0
-573
755
0
0
-1694
0
128
0
0
-423
-1528
-798
150
-680
0
112
176
0
-573
0
-1647
0
-416
0
0
-690
157
0
-540
224
0
0
456
0
528
0
177
512
0
0
-284
-186
0
0
0
-50
240
-380
-354
0
-885
0
78
208
-635
-176
0
-968
0
582
-168
-360
496
142
0
408
-495
0
9
-2928
-888
0
-180
-363
531
-426
456
860
-730
-1288
0
272
0
0
0
0
-938
0
0
-275
184
0
-651
0
-3514
0
864
0
2
912
-508
0
-3906
-240
0
0
0
0
585
0
0
0
1570
0
-102
270
0
0
420
1074
-1638
0
0
-976
0
0
-612
0
-741
255
0
0
-583
0
1336
0
0
-69
-1184
-2142
-1540
-865
0
420
190
0
-636
0
-1989
0
-1004
0
0
-483
296
0
-912
-852
0
0
72
0
-1694
0
735
1320
0
0
-74
-308
0
0
0
18
-424
672
42
0
-750
0
216
767
-695
560
0
-696
0
312
99
-190
1180
185
0
606
-825
0
132
-3264
-812
0
228
-1474
315
-738
82
215
-2080
-1365
0
-192
0
0
0
0
-469
0
0
-1570
280
0
-417
0
-2184
0
966
0
462
-48
-430
0
-4074
-705
0
0
0
0
150
0
0
0
1120
0
-320
174
0
0
556
906
-1719
0
0
-928
0
0
-180
0
-312
525
0
0
-2640
0
1920
0
0
-378
-1968
-2912
-1250
-1575
0
436
-162
0
-339
0
-3105
0
-924
0
0
-270
273
0
-2022
-84
0
0
132
0
-1056
0
783
0
0
0
-300
-576
0
0
0
-67
200
-224
201
0
-1550
0
108
-585
-1215
-392
0
-1968
0
6
-73
-222
1120
89
0
504
-1465
0
139
-5700
-984
0
582
-2288
486
-1005
-68
730
-3200
-2275
0
-544
0
0
0
0
-2219
0
0
-730
456
0
-51
0
-4312
0
2268
0
226
480
74
0
-406
-291
0
0
0
0
-330
0
0
0
-1090
0
48
116
0
0
268
690
-1035
0
0
-1016
0
0
124
0
312
335
0
0
0
0
512
0
0
-381
1016
-574
-70
-635
0
-428
-230
0
300
0
-954
0
44
0
0
315
-21
0
486
-260
0
0
-222
0
-1287
0
264
176
0
0
-44
254
0
0
0
-75
-456
188
51
0
-295
0
-252
-1651
-635
508
0
288
0
-762
31
-28
-260
7
0
-147
370
0
-102
36
-380
0
246
-154
-69
297
-216
265
-190
770
0
-1016
0
0
0
0
161
0
0
415
172
0
381
0
434
0
66
0
-68
174
-4308
0
-4526
117
0
328
0
0
670
0
-882
0
700
0
-162
-254
381
0
-508
-112
-2448
1016
2332
-3180
0
0
-2397
0
-129
-803
0
1694
107
2832
2114
0
28
387
-824
-4943
-581
-892
-3810
2620
-2159
-532
-90
0
-940
196
-132
-1143
0
84
-9
0
-1158
-4
0
0
-1030
0
-707
0
45
1169
0
0
-28
-2577
0
0
0
397
-222
-272
1980
0
350
0
663
376
-235
20
0
-148
-1397
-764
2697
-134
1834
-12
0
-96
-2849
0
-41
-3369
-1583
0
1172
-780
-96
-1848
-88
-570
-862
-775
0
-39
-4318
468
0
0
-185
127
0
-2040
-254
225
507
0
99
0
-72
416
1240
-1521
-150
0
-420
-381
0
0
0
0
324
0
0
0
1160
0
-224
88
0
0
504
264
-675
0
0
168
0
0
108
0
-381
415
0
0
-1397
0
144
0
0
-336
-544
-504
-170
-345
0
260
206
0
-381
0
-738
0
-332
0
0
-381
100
0
-12
124
0
0
258
0
-132
0
210
352
0
0
-254
-180
0
0
0
-25
352
-248
27
0
-615
0
-198
39
-600
-124
0
-632
0
648
-97
-106
220
127
0
285
-570
0
89
-1404
-412
0
45
-154
381
-144
202
515
-1250
-399
0
112
0
0
0
0
-728
0
0
-625
108
0
-291
0
-1736
0
426
0
144
762
