3483
1559
-1443
-6354
-7407
4369
-14979
12045
1355
527
-7299
-11513
8699
-9060
-11268
-6311
4425
-9552
7026
-12059
-16270
9089
-4200
-13988
1558
6030
-1202
-1357
5419
2016
-8534
954
-466
671
10161
781
710
7279
-6858
-8553
-7235
2330
-11
448
576
971
2522
3344
-5034
4943
9339
5114
4813
-3522
6220
-8231
-251
10203
-11784
5243
20682
-6385
10911
-1360
5903
4135
5843
-3090
-4014
-2468
832
8036
-5427
-9013
-5161
12346
-4760
-998
6092
-2312
4939
5199
-9968
11737
-6226
1793
-11963
-1400
2027
-3834
2092
4404
-12326
3603
4267
-12173
10230
-9413
3403
-1074
10921
-6528
19740
-2710
2382
-7155
-4762
150
822
-313
-3522
-10780
3348
-4990
6803
3023
-6661
-10632
11274
-3831
6801
4701
1730
-5608
-2364
2476
3929
595
