-20
-19
0
10
-11
8
-7
21
9
-7
25
9
-12
-2
12
16
9
7
11
9
-1
15
-4
-15
12
-7
0
-7
-3
10
10
-5
10
-1
3
0
-14
-3
-11
12
-13
25
-7
-12
1
-1
13
19
-6
9
-3
9
6
3
1
12
21
-2
-1
-8
-8
2
-3
14
5
3
9
-2
-7
-4
21
-18
-3
-7
-9
-1
2
-7
15
10
-7
3
11
-7
-3
-17
2
11
-7
-7
-25
-33
-4
9
-23
-15
4
5
-1
14
-2
15
-18
11
11
-5
-16
3
-7
15
13
21
-5
-12
17
3
-5
-11
-2
-9
12
-12
-5
-2
-3
7
-6
-11
6
5
-3
-4
-1
14
-12
-3
2
20
-8
-17
18
18
-2
-5
-13
-3
0
0
-6
4
9
6
18
-18
21
12
5
-5
20
10
17
8
-2
3
0
24
-7
-14
1
-2
-9
-8
8
-9
10
12
-6
4
14
0
-2
-5
-2
3
-9
12
-9
-22
-4
-1
2
12
11
10
-15
12
2
0
-3
-8
14
-5
-16
-4
12
-1
-7
23
15
-4
15
-3
8
-12
7
0
-2
-2
-3
-8
5
-11
13
-14
-3
2
4
7
-3
-5
-3
-9
11
-18
-13
-20
11
2
-9
-18
-5
1
8
18
1
-2
-3
-2
17
8
-3
15
-18
16
20
-2
-10
-6
10
0
-11
7
-8
-14
5
-1
-9
6
2
-5
2
4
-1
-3
1
9
21
17
-5
-13
-13
17
0
-5
5
10
-8
15
-5
22
16
-7
-2
-11
11
-5
21
-14
14
15
-7
-13
14
1
10
-7
-7
-8
4
11
4
-8
0
-11
-9
4
2
-19
0
10
-19
15
8
9
6
3
-7
-24
-12
8
-11
1
14
-1
-11
3
-14
-2
-10
16
-10
-7
-18
23
4
-4
-8
-2
-15
0
0
20
9
-1
15
4
8
-1
14
-14
-1
11
-1
-11
3
10
4
-14
8
20
-15
-4
-13
-2
-7
24
0
5
-20
-26
2
19
12
-12
1
12
-4
14
-4
7
10
15
34
-6
-7
-9
-14
11
14
19
-5
5
5
-3
-23
-9
11
-29
-6
-3
-8
-6
6
0
7
10
-13
8
-3
-8
11
-7
-3
12
-5
7
-2
-32
-1
13
-21
-23
-9
-14
0
22
-3
12
7
3
28
-3
-17
-2
13
5
15
24
21
10
24
11
-32
2
-8
-3
-12
-10
-16
-6
0
-12
11
-8
-17
7
35
0
-11
-7
-16
-2
-2
19
12
-16
1
-11
6
3
2
9
6
5
-3
-2
0
-8
8
-19
2
9
-6
-12
8
-14
16
-5
15
1
1
13
25
3
-19
16
1
5
2
14
5
-4
1
-3
7
16
1
4
4
2
-16
4
-20
-8
14
-8
-4
-7
2
4
3
-1
-8
-6
-6
15
11
-8
-26
-5
-8
-3
-9
26
11
-11
26
-4
7
-18
19
-4
0
7
-5
-3
12
-12
-2
2
-5
23
7
1
-10
-7
-13
-10
-25
-14
-27
-23
21
8
-8
-19
-19
-9
11
17
0
0
-3
14
2
-2
-8
-1
15
4
21
8
12
4
8
0
-2
8
-26
9
15
-4
1
-11
1
-12
-7
-6
1
-9
26
3
-5
9
-16
-5
0
22
20
15
4
-1
-7
31
-6
-8
8
6
-1
1
0
10
21
4
1
5
-28
-2
8
2
-13
2
5
-6
-7
12
-4
-20
15
-2
-5
-5
7
-8
-11
12
-22
14
-1
12
7
-2
-1
-7
-32
16
-5
-9
-3
13
-12
4
8
22
5
-6
-4
-8
9
-2
2
-7
-4
-12
-1
-9
3
7
20
-3
6
-4
1
-6
25
-8
-1
8
-10
-2
1
-3
-5
-6
-18
11
2
12
4
3
4
-8
-10
-9
-14
-11
15
-7
-10
-19
1
12
0
5
2
-2
6
6
-2
4
-10
-5
15
3
15
10
16
4
12
1
-1
2
-5
-3
-6
2
-13
-8
3
-5
2
-13
-15
-8
22
16
4
12
3
-2
1
0
4
-4
8
-14
2
-2
-6
1
2
15
-7
3
9
11
-3
-16
5
3
10
6
3
1
-3
20
19
-5
-13
4
9
-11
-5
8
-12
-1
3
7
13
5
-6
-17
21
12
10
16
0
5
-6
-9
13
3
2
-6
0
6
-3
-15
-2
15
13
7
-2
10
3
3
-16
-4
-4
13
-9
0
8
-8
18
2
-17
-12
-4
2
-5
10
-10
10
10
9
4
2
-9
-3
16
-2
9
11
1
-8
1
1
12
1
10
-13
-7
-2
-15
11
1
8
-4
-13
16
19
-1
-7
20
3
1
-8
-7
-1
18
20
-4
0
-1
6
1
-10
5
-16
-27
26
-7
-5
27
13
-17
-6
20
18
5
-5
-5
2
-3
-12
0
-3
-3
-17
1
16
0
10
0
34
10
9
-6
-12
30
-2
-17
21
1
16
32
3
1
-8
17
11
-20
14
-22
0
-24
-6
-4
13
7
-12
12
-14
8
-2
5
-6
23
20
-9
-10
22
28
7
-17
3
8
-1
3
2
-8
-5
-6
-8
2
4
-5
-8
4
10
4
4
-1
11
15
13
10
3
-1
4
1
2
-4
2
6
-4
-16
6
2
2
-7
10
-3
13
14
5
15
10
-5
-7
-2
0
-7
5
-8
0
6
10
5
6
-3
0
1
-7
2
-11
-11
-18
-12
11
6
-2
7
13
-2
15
-4
-9
-6
13
3
-10
2
2
-3
8
17
2
-18
8
3
9
5
-6
18
3
-3
-4
4
-9
-5
11
0
-22
-17
-4
-3
0
-2
-2
1
11
14
2
-18
2
-9
6
-2
-7
5
13
2
-1
-1
3
4
-3
-1
9
6
-3
2
5
-1
10
2
-7
-2
14
7
-5
-1
6
-16
-18
-3
5
-1
7
-10
-5
2
-5
4
2
-1
-12
-2
12
10
1
-9
18
-9
13
-6
0
9
11
11
-6
5
-7
-6
2
-3
4
-4
-20
-1
0
-3
11
13
-9
-5
13
4
-9
-6
0
10
-11
-1
-2
-11
-3
-6
1
9
-6
14
14
29
3
-12
0
-3
14
4
-1
13
-10
11
27
0
-9
2
12
-2
-9
13
-15
-7
-9
-1
-8
9
2
-20
11
-5
7
-1
-5
7
26
25
1
-17
7
12
13
2
-1
13
-8
14
14
-14
2
11
4
9
-14
-20
17
-5
-18
21
0
8
13
0
1
-10
21
5
-5
7
-4
9
-11
2
3
-4
4
8
-2
-14
12
4
-1
9
11
24
-8
-8
15
19
-6
-11
20
21
-4
2
2
-10
6
0
-8
2
1
-8
13
-12
3
6
-17
-6
-1
1
7
6
6
-8
7
7
13
-9
-3
9
0
-7
1
-5
7
4
-10
15
10
17
9
-4
-1
-5
-19
1
-4
-12
5
17
-8
-17
8
10
-1
-5
-10
-4
7
2
6
-11
-10
-10
-5
-2
-4
8
10
-8
13
0
3
-12
14
-4
4
1
-9
-16
6
-4
-7
-5
-3
21
-11
2
-8
-2
4
-9
-17
-10
-11
-11
12
7
-4
-24
-19
31
7
21
-7
-13
14
10
27
-11
24
27
-9
0
38
4
4
6
3
-3
-5
26
-26
-19
1
-23
-19
14
8
-41
15
23
-4
-1
8
3
22
6
-12
-9
-1
6
-9
-20
-14
18
4
36
-6
-10
-3
5
-2
1
-15
4
-1
-2
12
17
-7
-14
10
10
4
7
9
-8
18
3
-3
-5
4
1
17
-6
-1
25
-1
-19
6
-10
6
15
-4
15
-5
8
-4
18
-2
6
12
0
-5
9
0
-28
6
3
5
10
-4
-14
7
-8
-7
12
-1
-9
-1
-15
18
1
13
-5
9
8
10
-2
-22
19
13
2
2
15
1
-9
1
-11
21
4
3
7
-1
-3
-8
19
-5
-5
22
-6
-10
-8
0
-17
-5
-16
-5
0
0
11
-1
10
-6
-6
-10
-7
-18
3
13
-5
5
-3
10
-8
8
-9
-7
19
-3
7
6
-3
-6
-10
-15
14
7
7
-11
-10
1
-1
-23
-4
-5
-4
21
-4
8
-16
3
26
-14
-7
-18
-9
13
12
0
11
-12
-2
-1
6
-2
12
-3
10
-2
-4
0
-8
19
-18
-17
12
-14
10
14
-8
0
11
-26
23
-3
3
11
-7
-10
11
-1
-7
-9
-14
-3
3
6
-20
4
25
-13
17
-8
0
5
-5
20
3
-13
3
22
4
15
8
13
6
14
4
-10
-4
2
0
-9
-13
-20
11
-7
-14
22
-10
-23
2
7
1
18
-13
-11
-1
7
-4
-11
-8
7
-16
5
-11
-9
4
-1
12
10
4
0
-1
4
6
-4
8
-6
10
16
14
-7
5
13
-14
-5
-4
-9
-5
7
5
-2
5
7
-13
2
2
-2
-6
4
0
19
22
-6
-8
-8
7
11
2
-1
11
-7
12
-9
-1
7
6
18
11
10
2
-5
-9
3
1
-1
12
-5
-5
8
4
13
-14
-7
-13
0
4
-5
16
1
14
3
3
8
9
-4
-10
16
5
21
11
4
-17
-13
-4
19
12
4
-9
-14
4
-6
-15
7
-3
19
1
0
2
-6
7
-2
-3
5
9
-4
-14
5
-8
4
-4
-1
-10
-12
8
9
10
-2
7
-9
9
-2
3
-8
-14
22
-4
4
13
3
-11
-11
6
15
22
11
-17
-19
18
-10
-1
3
-3
3
-15
12
13
-11
4
19
4
1
-17
-3
-10
10
13
-9
0
6
8
1
-6
4
-9
-23
22
-11
-12
9
12
-14
0
22
19
0
-3
1
11
-14
-4
10
12
3
-25
-2
23
-8
19
-1
43
9
3
-3
-6
29
5
-16
25
-1
21
38
4
1
-2
24
12
-29
14
-26
2
-28
-14
-12
25
2
-20
19
-14
8
-7
9
-6
30
18
-19
-11
24
25
6
-13
-4
9
2
12
