-6393
-1270
-6
4774
-4144
-384
-6826
-5635
1916
-8646
-5756
-2723
-4600
-10995
-301
-6474
-5307
1816
-1343
716
131
-2741
1719
-5624
-2924
-817
1868
-2974
4270
-4130
-1279
-4674
3464
-1940
-8999
154
-1198
1241
1960
-5499
3072
-8253
-6593
-8077
-5737
3823
-2174
5900
-3846
7765
-5463
-1184
2363
-5297
-2021
-1967
5142
1687
6382
1928
-3968
-12544
-677
3347
-955
1088
111
-6680
417
4721
5007
-2707
9543
2946
-2525
-1260
91
1800
-7577
1264
-663
-43
4435
2495
4357
325
1421
1896
-1364
2566
2189
1272
12476
-71
2821
-1897
2773
-5890
887
-2873
-1685
-2481
8052
-1485
-276
-712
-5474
2440
447
1101
3926
-1570
-8250
953
-4305
-7430
221
-3504
-7786
8073
-1232
-6354
3011
-786
5878
903
-1129
6812
150
-4145
2725
1847
-6185
-3847
-2871
-2575
-4084
-3757
4066
-6520
5516
-6762
1252
-1352
