-3746
673
5954
4184
-314
2006
-3632
10895
-1760
4304
-4084
-11771
-2185
7133
2052
-1142
-11980
1623
-340
2401
3605
10823
2780
-4433
147
-3548
3243
-11306
9684
-3619
4631
10135
11521
6615
-3108
8917
3438
5077
1259
-1271
-9236
2584
-1186
3158
3700
-4045
-1412
-3015
1676
-4285
3630
-2137
-4355
-5612
-3428
-5102
-5023
-1496
475
-3812
-36
7779
13169
-5643
4919
-4023
997
6432
-6536
3010
-1145
-2975
2563
10
2270
-1839
9495
-2969
-3964
-309
-4459
-7459
928
6770
2295
5003
18171
-2104
-3004
-3213
8873
2043
-4352
5803
10948
5019
-663
2740
8937
9344
6184
-6714
1128
3800
2840
-8890
-588
-5201
3060
-7181
5906
7878
2349
6673
-3999
11103
7967
504
-1944
-6828
-494
-9384
-6342
4870
1620
-2185
3331
-2135
-319
2434
1786
12153
-1542
5484
2550
1980
-6344
-3625
5751
1224
-269
437
4814
5799
2055
-4156
-6409
-7159
-5881
10697
4303
-1414
984
-7116
-4950
16907
-4870
4453
-5244
8837
7578
-11982
-5280
-7076
3347
-10764
-7752
10478
-5795
-301
2968
9695
1373
-655
6469
657
-2975
8337
-9366
5205
11386
3788
5257
-791
-5096
-3689
374
-1743
3724
-16898
-2707
18558
-5665
-7091
9
4988
-2422
2970
-3569
-1087
-3229
7948
-2302
-10249
1638
1099
2655
-10654
-2994
3246
-635
288
-2889
-8105
-312
-1634
-566
11250
7409
-6103
-3621
6411
-10148
831
-2492
5712
606
11126
3750
732
2924
7798
-2573
184
1262
2657
3557
6179
-3234
54
-1740
-5330
5118
-4156
-1587
-6085
-2486
-4750
-834
-3401
-2732
6763
8122
3128
3029
-4093
-1099
3084
-6396
-2927
-8847
-3170
1378
-5322
-5168
-1682
1422
-7409
8111
-8680
-2904
-1059
-1895
-2198
-985
-6819
-897
-6762
12940
1212
-3411
-6156
-6809
2161
3545
3218
7389
6955
-2472
-459
9892
9960
17411
-3089
2950
2645
5813
1341
9601
-1190
5216
-1721
483
948
-6636
-3306
-8073
-2753
4145
4816
815
-6914
302
3902
-4967
-5709
-461
-3776
-4305
6933
5773
1479
3416
6704
-1718
2445
6819
12968
2690
-6600
6168
-1837
5194
-2274
3971
2911
6807
-5056
-10142
4837
-6459
-5127
1701
-6748
-3570
3502
-6836
8369
7842
3285
1550
-1516
-4058
-3856
-5194
-1837
-5144
4499
-3078
-14321
-1771
-2827
8334
1874
5272
-294
3942
12379
-4892
-7329
3140
473
-924
-2413
2702
9029
-3138
-2279
-2514
783
7864
8119
5056
8074
2608
-7631
1047
-5347
2693
2324
-8723
3195
-3603
19
-2173
-8466
3993
2368
-3483
5799
-5983
5044
3361
-781
341
2160
1020
4592
-8050
2436
3038
-10676
3917
219
-2926
12577
-8351
5169
-2456
5730
2010
22
-1402
-6328
-7307
2297
960
3088
-2156
3456
-6118
-5018
-381
-4865
4510
440
-8022
-3824
3554
-8339
1333
-1022
-923
-353
-4473
-530
3970
971
3293
-4773
-5183
5864
-4737
2642
93
-9903
1192
-2615
3939
-11427
4093
-4
1293
6630
-6190
-4341
-1507
5623
-7958
2131
432
-1490
-3771
-764
-2591
1327
10323
864
4212
-6005
-4469
-5139
-4715
-8664
2378
-10247
651
3662
221
-4763
-330
-1223
911
-1659
911
3200
-8330
3543
5154
5378
1226
-1794
-1561
-5638
1936
-4502
-5483
1317
-2833
-8738
757
3295
-827
4061
1159
8523
-3264
2146
456
-2506
-1416
-2546
4468
-1659
-2713
2776
1154
790
1279
-3509
-7761
-5470
-4381
-7282
453
-5316
-5717
-1223
-11420
5273
-1222
-3697
1839
454
-6246
-7677
-7097
-2608
5814
-831
-6351
6935
-8932
-2073
-1924
1986
-310
-2999
1862
-5795
-1817
3277
-3696
4577
-1699
-491
-1862
-2610
-7236
-7137
1782
2273
1290
-2128
433
10377
-6913
248
2773
4772
-4170
1793
-3156
549
321
7716
-5294
-10271
1726
3692
4548
-9481
-6025
3843
-3207
1171
5781
10245
-179
-5990
2633
-2520
4436
-1884
8312
-1138
3730
-3497
14677
717
-2505
12946
1857
1987
352
1279
-6401
-3644
1403
387
-87
1675
-3164
3131
-3149
-8769
-1452
2345
-2092
-3701
2191
-2507
-7384
-7
-2301
-4270
3265
7152
1084
-3170
6336
-4787
1502
12871
-3826
3193
-689
690
553
2775
546
3468
10670
-1380
-175
-3702
-2565
-4558
8873
-3814
-883
-1285
14713
2960
-6796
-8196
634
-214
-5096
-711
11892
5086
-4821
4347
8641
17511
3829
-5750
-109
-733
5439
-3201
8040
5568
2276
-749
5804
5939
4781
1137
-7790
7668
10773
-3758
-2183
-4312
-1727
-2498
-3144
43
2197
886
3347
5601
3799
-2280
3449
6374
3436
1888
1717
3949
2051
-1958
5151
1097
6294
-3308
6925
10418
8710
-2427
-2167
1905
-8440
8216
700
-2684
1651
-5174
-1645
17858
1611
9183
-6500
969
8016
-8837
-4793
-3652
-2649
-4832
-3703
-1827
-5043
276
3900
5454
8405
1753
10522
7903
-863
2814
-5701
-2086
10636
214
3160
8460
-1243
-3597
6903
-2537
6015
-1508
-5568
12900
4146
-2410
-5401
-1735
-2725
1224
-2377
-3824
-468
8503
-2861
-3060
2691
-5048
8348
-7984
-590
-354
1989
-466
-1458
-6301
-80
5034
2373
4421
6941
-7263
-4970
5333
-5123
913
-7051
6560
-5504
-23
-3259
-1194
-6851
-6989
-397
-3108
4704
6439
2698
9070
-4075
-2978
-7460
-7968
-2424
-3148
-1868
-5677
-5206
-4716
3495
846
-1090
262
-1109
-1075
-7167
925
-6084
-2374
-6165
-1799
-3121
-5348
652
-3953
-6061
4593
4321
-2370
-1214
-9065
5365
-2792
-449
351
-1433
-4046
-3075
-2662
-4918
411
-6027
-5211
-9833
1482
1939
-5023
806
-6411
-6133
1251
-4630
-5711
-1018
874
1088
1427
2896
836
5608
3894
1199
-9059
-5747
3059
-4068
-1992
-2405
-1038
-835
1749
1319
-2658
-9755
1532
-121
32
1768
-9048
-4172
12298
2025
-3286
4063
-2095
-1990
-3314
1928
1690
1567
-2926
28
-5500
-1585
-8651
-2120
-7931
-1782
-2339
-3905
6206
-5154
-9944
-830
-6446
-9488
4563
-4214
-4438
1824
-2956
706
-6032
-8117
-3097
-5831
-1101
-135
3857
-3298
-8697
-9164
-4434
-1237
-9
-59
-2580
4860
6381
540
-4750
931
-3160
-9104
-5141
-8668
3434
-258
-9284
-1159
180
-1679
16796
3770
495
-4517
-6548
1541
-4219
5089
1104
-5293
5267
-4011
-4722
-684
-3195
8501
8009
-5205
3505
5843
5285
-8039
1950
233
6637
-2228
1091
-8847
-511
-4662
2091
4692
-7097
3804
6260
7608
1290
-808
13115
5708
2089
-4773
-229
-8495
-1933
-4999
-8842
-4747
200
-3417
-416
2749
918
-228
4814
-3191
6430
17649
-197
3736
4821
-876
-2130
-7137
-6003
908
-2452
14889
-2684
2878
3362
-4436
6274
2150
-5221
3150
-4737
-6848
-2677
2115
3590
3597
4846
-6297
-2198
2840
1326
-2586
3936
9471
2816
-2551
-1797
-4741
-3712
8733
2075
3843
-398
-2757
-3203
5208
5573
-2538
-9885
4804
1560
-4023
-332
-1428
2922
-1724
14231
4945
-915
1948
2063
-4417
5428
1470
-7595
-5271
-5998
620
-1398
-1297
1348
467
-2707
8156
-1721
-1928
2654
908
13400
-1300
-421
-4868
-2198
2335
24
776
-3746
7191
3056
15372
7907
12404
-3309
1918
-3742
-1103
-282
-1151
-2943
-1057
-7665
-6009
9127
3176
654
-916
4825
178
-479
-4279
3066
5303
5288
-4875
5645
-6715
931
-1734
4441
4884
-4323
5477
1412
-3023
2847
-2687
1172
7202
1269
336
2774
-5873
4138
8526
1184
1857
-5976
-466
1990
-5659
-1872
1759
-727
-4477
-1540
-185
-4629
-6823
-111
-587
-7080
-2200
-369
-2318
-12029
1584
2519
-9582
3122
893
6875
775
-4822
38
1844
-4540
8416
3909
-4127
-24
-5195
5037
-4073
-1256
13317
-2075
-6782
-5096
4058
-1033
-7500
2487
-3849
-794
-1
3159
-4864
-225
-3358
-612
3950
-1961
-1888
11268
-582
-5609
4962
1699
-2328
1035
-2159
-8034
2436
4291
-5472
-1084
3540
-3678
1116
3277
2069
-4149
-2209
-6285
2924
6757
-1227
2033
-1193
-1462
-3130
15
-10715
-6423
-1838
1591
7928
-9878
-2965
-8953
-5767
5155
-1717
9180
1952
-3770
4524
4261
13701
-3769
-7856
1420
-2302
-831
7496
11670
4213
-724
8829
-1106
-6649
4947
-8305
-7854
5116
5467
-8954
3895
-1344
-3429
-851
-3403
-5552
-5414
225
7169
3619
8140
753
2694
2470
-5940
-3524
1190
2151
5804
888
4786
-3438
10716
458
4825
3190
10048
2202
8198
10512
-10022
4524
1033
-7885
-2868
-8577
2488
10272
6442
8976
-5951
2160
6642
-2382
-5059
-1257
-1445
2429
-2990
-8256
-2166
1721
-63
-3532
13827
-3817
8451
9357
-1962
-2587
4527
-4809
1188
2778
-5335
4397
-3482
-3765
6765
-4263
3291
7247
-5964
-4518
1809
-6675
-3997
-1531
-5184
299
170
6647
-6602
8067
-3462
-9900
-1950
800
4506
-2074
-12666
-2261
4015
-301
-2341
1937
714
-5068
1997
2638
10632
-18573
3063
2152
-7282
11108
-3619
8906
-3253
252
-3143
3560
2829
-2044
-5902
5060
7551
8613
2211
-3306
-5305
-9813
1911
-9596
11057
-8790
-9633
-8720
-6629
-8753
-5320
-5673
-3710
5251
5657
11185
9659
-5451
-8106
-3973
-8468
-2396
-5510
-7143
-2648
-8039
470
3829
6107
-8768
728
-9764
-9321
201
-10082
-1343
771
9296
-4262
1145
13102
3322
-690
-5632
2865
4325
5707
7652
5060
1061
-3787
-5682
-1112
2365
12016
-6528
1879
4976
3833
-4944
-2685
-137
3769
-9958
-273
1810
-11578
3432
135
5041
3442
9187
108
-6726
-1013
-5995
-9594
3845
586
-6386
-3626
166
7958
4353
9597
9058
-1975
8319
4905
7936
-7569
-8983
3380
4172
-2151
-3451
606
-1361
-2645
-2636
-10114
-6986
-11586
-2858
6091
-3919
-6726
1758
-2392
1773
-4269
4899
3091
2951
-6811
-10942
-10467
-7672
2402
-4790
-5360
-2229
-971
-464
6946
4745
-4279
1922
-4766
4729
-1234
-564
-3841
5866
-3520
905
2768
2435
-7212
-1850
-1075
471
201
-7254
6971
18344
-5968
-10600
-3045
-110
-165
1801
-4948
-1283
-1443
8556
-4595
-11966
10143
3035
-3872
-7016
-6828
3438
-4542
2557
3987
-4247
835
2477
-5438
9894
8010
-7475
-443
8680
-13368
1449
125
670
276
16603
6802
-1577
1771
6755
-4854
-2348
-1267
-2586
-62
4481
-8249
693
-76
-6736
5121
-875
-3314
-1942
6930
-10315
-2276
-2651
-3614
5915
3354
731
2415
-1934
6076
-1741
-6242
1713
-7817
-391
3772
-4784
-5781
1428
-1812
-12045
8364
-6041
-2663
2658
-6244
-3866
4495
-4518
-4123
-5871
14692
6153
-1339
-10779
-7136
-245
14302
5744
6846
8359
-2982
-5634
6775
5595
15209
-9473
4121
-991
12411
-148
7725
4452
7912
6796
747
-647
-9351
-3705
-3380
-748
10128
4049
-149
-10875
2469
7425
-5219
-3716
-1676
26
-453
6912
4185
3982
2795
15039
-410
-386
1955
13305
3180
-7731
7732
-1211
6984
3874
3534
5718
12377
-1579
-11754
581
-5809
-6574
3211
-7685
-4479
4560
-11113
10760
6546
5428
6766
891
-6209
-5067
-8616
4107
-3724
9097
1286
-8290
-5839
-3411
7942
2566
6705
-608
4262
8012
-2164
-7785
-625
-2374
-707
-2488
5183
12733
-5858
325
4911
4904
12086
7737
993
9930
5594
4214
6206
6952
-122
3710
-6439
-1316
804
11045
-5383
-7539
17325
8565
6240
-4978
-9098
2024
-1762
-2154
13864
9505
2225
4921
2708
3442
2167
689
25
962
-1405
1528
5111
11331
-2965
19460
12875
2765
23
-7480
-5851
-5216
-6004
-3609
8807
4206
-2630
9204
-3357
-12725
-3785
9473
-4326
-5522
3362
-6231
6818
-2239
-66
-6396
-1255
-349
1924
-8773
12266
189
-466
8374
-5022
563
7024
5635
-2520
2207
6464
-3646
5976
-10681
17385
-4394
6365
-6474
10797
-3542
660
-640
9178
-3449
-5575
-11856
1849
-988
-602
-1628
10333
2365
-3380
8512
-373
4892
4901
-162
415
6529
9156
-3726
12013
12160
2563
-2635
1110
14359
-7016
-190
-11732
6432
7655
368
-5165
-2795
-8552
1895
-2334
-472
8488
-3246
10878
16318
-586
-559
-3459
13735
-2018
-1298
-5331
1992
3679
-1238
9965
-6944
2992
-2858
4163
6352
3629
295
-3688
-216
-7552
-2412
2373
-2595
-4613
2048
-9665
10832
-3667
-305
1187
347
-563
-4377
-5258
10095
221
-1562
-4289
7079
-10011
-4695
3536
7568
13156
-3721
15379
-2989
-3158
9228
-9024
-751
10895
3964
-446
2212
4038
-8216
2996
-1481
12878
9625
-7708
11365
-7749
-8633
4752
-3324
-3181
-5136
3739
1045
-6901
-5747
4328
-1211
-3959
1555
-448
-9436
-2530
-5395
-5132
5795
8149
2113
-3206
-4302
-2528
1474
386
-1398
3762
-5638
-2705
-1525
8697
1036
1070
2056
-3216
268
-176
-688
-4195
1485
1821
2338
-1598
1988
480
-12958
1699
-766
3386
-4795
-5553
-1908
-5190
2104
7774
4414
2802
-4159
1793
-698
-6069
-5063
7640
2401
2970
-15442
-4820
1372
-2651
-6471
-6026
-4667
-1368
13304
-5522
6134
3389
796
-2327
2389
-1841
-400
2305
-2571
9401
9077
-9229
382
-9900
-4242
1963
3697
-5144
-2566
-8457
1984
-3846
19101
-9
71
-2856
11600
2245
3989
428
933
-668
-2908
-12566
-3061
4582
-5636
-12730
9220
1635
1817
-626
3380
2347
-2699
1872
1890
-188
881
2773
2802
4450
-513
9045
6253
-5326
1438
4087
275
-4829
-2237
7193
-3246
2000
4144
2319
3408
2832
253
-3350
3177
-3611
-5108
3078
-5292
342
-5877
6737
5817
-312
3362
-5162
1941
-3345
-7953
-4134
4179
3681
-1660
-4683
-6155
-5947
2004
3811
4149
4760
6474
2188
5918
-10611
-4153
1533
6888
-4791
-1918
7538
2430
-3587
845
4357
-7342
916
-790
1718
898
-5096
-5981
-6892
755
-7872
-6625
-2341
2927
-7501
5753
1187
-10749
-2353
-3945
-1397
-8542
-7588
-1064
714
-4070
-5712
-5596
-1703
-7484
-1601
12244
7980
-8522
-6497
4457
-10571
-1457
-10032
2180
-8319
2497
-2478
-2575
1091
-576
-10404
-1534
3186
4724
5230
610
231
-10669
-3222
-7434
1211
-2297
-2360
-9030
-5329
-8828
-2797
-2937
-5153
3442
6437
-3092
-3
-1037
-7480
35
-5166
-5935
-11215
-11501
1455
-6773
-10184
-3665
672
-6940
990
-10658
-3152
-754
-390
-2008
-4880
-2024
-10643
-6065
377
3280
-5727
-8705
-10617
3350
8933
6061
7945
-2326
-4631
-9453
-588
3945
10579
-6729
-611
2830
2800
3063
9626
4413
2256
-7184
-8138
-2602
-8629
-4712
-6867
78
2900
8324
-1348
-5778
-9358
2542
-6327
-1626
-9667
-11844
-8007
5042
10515
-2781
6562
486
-7753
2480
1048
4828
-1768
-7937
6104
-2471
1149
-6493
-1670
-8762
-3623
-1675
-6889
2677
-8233
-8651
3209
-5519
-8515
2775
-4125
-565
233
1904
792
-341
-5844
-7028
-10824
-1612
-7119
-301
-7130
-12252
-6678
-3730
7841
-4427
-1200
-4420
4247
4076
-7477
-5989
4394
3837
-7976
-2265
-6461
543
-1332
-8390
-6473
-619
2792
11853
3117
801
3384
3501
9492
-398
5471
7345
-11935
526
2329
520
-4516
-3008
6252
5212
-5306
6758
3432
1256
-1933
-7551
1094
14700
1041
4469
-5813
-7145
-2171
-1116
1056
-6032
5198
-248
144
728
-12229
14967
4969
285
594
-9688
-8070
-1086
-8133
-5962
-726
1682
973
10634
587
-2621
-7065
9092
-3681
-932
3925
2110
2092
2742
4372
-7578
-9295
3327
1028
-1132
4210
973
-1193
14990
694
5076
-2318
6658
5252
-3554
-3295
-2409
5705
681
8000
-2016
4525
-9080
4238
2444
-723
7123
-2754
-10447
1485
-3006
7805
-2644
-2823
-4829
9095
-1498
4365
8883
-60
-2951
-2203
-134
404
5817
-6315
-2949
5741
3384
-3948
-805
5664
12383
-4075
4668
-402
4878
4205
-5980
-7293
-911
-10774
-3417
1575
1093
8359
-4957
6646
957
-7921
-1679
-13863
7599
706
-2005
-11628
-7434
1608
1364
1155
-2655
-1833
-2613
8161
5637
-2409
-1751
4826
-3443
3301
7846
-5851
-4753
-1598
-5922
-10994
6646
-1754
-11347
-3526
-83
7477
1281
1984
1523
-150
-7569
-2824
13253
-5675
-704
-12078
5632
598
-3962
11051
-9391
2905
18172
-8988
-1079
12661
3452
-2953
-3285
5226
687
-250
-681
984
-8598
-18233
4992
-12193
-3916
-1139
-1135
-3603
-4476
-3907
8004
-1576
-3250
-3505
-7041
5276
5171
-9020
-526
-3841
2556
-10439
-373
-1222
2410
-4581
-9562
-7048
2786
-856
-1487
795
-7365
1670
-2603
6624
-3565
1185
11191
4304
32
460
4165
-7420
-2664
-1979
-4769
-4291
-2341
-354
-2515
5191
396
1037
3037
-1627
1350
13532
-2120
-6974
-128
-4126
830
1306
-2609
4935
-783
2723
-3044
-2391
1408
-5466
2212
1003
858
-1363
-507
-8832
-6802
8472
-3803
-5075
2035
-8888
-5434
-1465
-3814
-10109
-293
16833
5672
-1204
-3884
-5125
-5020
9796
8460
9344
6081
1785
-3053
12667
7908
8764
-15159
5297
-2937
3440
467
597
299
2869
10659
4120
-6247
-2215
-3007
-6348
870
9800
-264
-3208
-9569
-3362
2213
-2825
-3669
-6004
-364
443
-8816
-167
2128
166
9747
-97
3226
-4057
2948
2558
-4274
2128
-2446
7340
800
8629
6123
9917
260
908
-4133
-5722
3971
453
-7863
-802
-7776
-2164
9034
5877
3476
-4889
9159
3341
-6090
-5347
175
-4871
2869
-5879
-5522
-2500
2013
2364
-1843
3690
-1968
1669
-858
262
-2369
273
2828
6005
482
593
3921
-7017
3447
1162
-714
2746
-2642
-2664
-1081
-6058
-4388
-2929
-299
-6807
-2662
3194
-7406
-4174
-725
4210
-6053
-2568
-2735
-4366
-14504
-2870
-4582
-3686
-3480
1730
-1308
-5338
-4902
180
6989
1272
2939
-7181
3860
-9736
-7016
-3234
-4652
-6430
1820
-6615
-8134
-1992
4436
408
-4775
2112
1367
1944
788
3189
-7894
511
-4454
1132
-2233
-1609
-4537
-2635
-6050
-951
-204
292
2389
2600
-4482
-6640
1854
-5311
1102
-3210
-8905
-2369
-7345
4467
-1722
-6217
-910
-6296
3729
-3399
-5871
1741
-2164
2290
2188
-1353
-5535
-2333
-6251
-1451
8865
-7939
-7491
-11066
-4035
9998
-97
1381
578
-3137
204
-3625
7700
3554
1168
-2454
944
5858
10212
7506
4979
623
-1937
-9819
-8208
-1743
-8206
-7260
-1196
4052
-793
4915
3145
-6066
2363
-1608
-2067
-6932
1
-4095
7159
7674
-187
4231
-828
-2823
-4869
-4
4599
3731
-3612
5339
-3569
6261
1005
-3744
-8836
1236
3189
681
8464
-8822
-6505
5553
-6951
-8220
16
3804
-1147
3301
2805
-1367
-2987
-3166
-2466
-9637
2203
-4686
7552
1470
-13823
-980
1492
3400
-3916
4729
1180
3086
6435
-2688
-8977
5824
-2336
-12241
-110
-2767
7839
-166
-1523
1362
-3082
2845
15510
-915
-5797
-188
-729
429
705
-1725
1979
60
-8042
3261
-14
976
-476
5031
4121
-4370
-5839
-107
-1187
-1688
-7399
4999
7302
-7678
3763
-1064
-1340
-1724
6064
-3815
2543
-1323
-2774
900
-390
-8346
6828
-2188
-4424
-1328
-3760
270
-4867
-5750
-1370
1843
3615
224
3300
-3246
-4653
-5622
3776
-1392
213
741
-2151
4473
95
-387
-3777
-1859
-4849
-6808
-683
710
2735
-1720
1672
-336
496
3724
380
1619
-51
-4988
4042
-3506
-3408
11831
-2424
3579
-88
6188
-3009
3563
878
-1066
1940
-3341
-7300
-1889
-4530
2240
-6498
1132
-172
-1814
4179
-5522
2784
-817
5961
-2806
4960
-16
6096
6350
9159
-241
-3293
-3228
3154
541
-1206
-8148
443
3507
-5407
-4436
4036
-9448
-272
4692
2461
2970
319
3147
9837
895
-3206
-3175
4560
2620
-5983
-7458
1507
3954
-677
2893
-4077
3873
-2206
170
-4302
-453
1725
4149
4124
-4292
-3367
-190
-2928
-5548
-838
-1490
579
1016
-2974
-3561
-7933
-398
3217
-3138
5604
-1870
6161
6192
-982
-2106
2395
-4083
3516
3633
-1686
6650
-219
461
2962
-2857
-4012
-2476
-167
-4366
6401
3647
2825
4829
-1914
2249
9232
-5585
-1244
-10202
-6463
-2073
3046
2488
-3563
-484
1757
1428
-2610
171
-631
5362
4445
-10489
2041
-3022
3963
-1880
-2869
6499
5248
-3688
3247
-7064
-2897
3070
3739
-548
4709
-3781
-4443
11776
-4865
-7000
7307
915
2461
1283
-1461
-3463
-2371
-9563
-5892
5172
3213
2684
3489
-2045
1057
-9595
-161
-872
3734
-449
-1568
5342
4
-3002
-3032
1546
-3528
-5150
-4082
9160
3918
4202
-1919
-5416
2496
1038
-5079
-1403
-3240
-7052
7836
-2511
6098
5228
3782
3840
-4875
5899
3240
14919
-118
4181
651
612
-9100
-276
-2683
-1034
794
-3822
6534
-4233
-1726
4000
8394
-496
7901
414
2412
2571
849
3697
3349
1803
189
936
8531
7314
-1285
-5896
3740
8779
125
-6773
-2136
-3969
2745
5703
1692
695
2538
-3052
2940
-4403
-5537
-3332
14846
-326
-4915
-9648
4475
-1634
-2807
5457
-1571
1276
-1463
192
-1382
683
-2020
-5386
2629
3867
-51
-4138
1991
-1145
1221
-3746
10253
1633
-5947
-1135
-1216
810
-729
-4184
9396
-2961
1734
3107
3655
-5821
4115
-1397
12245
-45
491
8204
3706
-4238
3054
-1894
-2763
2583
-1705
2206
7105
210
4518
4491
-2036
5889
-2370
-6637
633
2050
-2920
3754
1867
4555
-678
-1909
1734
4984
-5087
1687
5177
5770
4452
-3084
3735
-2550
-1522
-1385
-428
1227
-3983
-3935
6870
-5813
4253
-5580
2565
-2747
1993
-674
-1991
-1819
1924
-3047
5354
8200
-4666
1732
-1307
-4049
776
-11485
-7038
4117
-366
488
4140
-1019
4672
-4906
4865
2868
2195
-905
3456
10114
531
-653
-863
-276
-8265
1560
-2925
7266
4477
3260
-3627
-140
2620
836
-3514
-5171
-7601
-2150
712
-7455
335
7920
620
4001
-4421
1824
-1249
4808
2002
-2387
-1237
3237
-2410
-3761
-743
2630
1472
-4649
302
-1369
-383
-902
2279
2877
761
2933
5857
-687
1654
-674
3601
1296
2956
1796
4256
-5389
-705
-7830
162
-3373
3416
-4377
992
-5938
776
9954
-1363
2458
392
6011
2358
-2263
-1543
-2284
3211
542
-3558
-10055
83
2130
-2144
926
-5235
-226
1377
1622
3553
-3118
-491
-1161
-156
7659
-8453
-3232
-967
1467
279
-4054
-1940
543
-6192
3839
1311
-5320
5279
-69
8882
397
2411
6614
4420
-5040
-2752
3655
2105
475
-817
3458
-3410
-4890
2248
-2242
4405
1191
1070
-472
336
-1289
3878
-2609
1151
2407
2554
-3013
-1356
-5692
2136
1322
12125
-1507
655
3421
-4446
-2044
4109
-4482
-1046
-573
6159
-3301
-7008
-1957
6178
-4178
-5779
-1848
6939
-3192
2328
2557
733
-7135
9482
1644
1460
-3193
-1536
12170
2968
-2736
12061
952
-5133
-4483
7126
3446
-8974
-9802
-7906
14587
2374
3927
4952
2622
-2976
-1785
-6960
2559
-580
438
2838
-278
-1105
-125
5208
6937
1802
-901
-4820
1661
4792
3880
-3658
-4707
3091
5898
-217
2332
-5033
-8885
2605
2705
-7979
5635
-4326
1669
-7865
5438
-6949
17800
2392
5609
3057
-2731
-7265
5674
-2251
-7112
-2695
6274
15288
42
8653
14215
16713
1718
10203
4068
-1284
-4995
8919
15411
5327
1122
1186
9934
3442
8920
-4657
-13717
1404
4723
-4883
4676
-1526
-3478
-2909
2487
-3786
3588
5844
4522
7855
9098
1129
-2579
8184
-3447
-7894
-1599
11674
4345
2044
2610
-5052
10745
-632
1246
-2717
5990
-2786
1974
12097
-3166
6984
2165
3388
-422
-3069
16
14446
9094
10153
-3665
-1510
8400
8635
-7042
-1647
-3468
8446
3988
-3882
4089
-733
2906
7182
14430
-4502
16328
19247
541
-1376
4243
-7907
8092
5818
-6230
6498
902
1145
926
-3240
7126
-1879
-3338
-625
11784
-6391
4470
-8639
7770
8089
-9233
-1616
-1410
3207
-4481
1492
18435
8879
8192
3867
7399
6805
-4446
8402
10218
10328
3658
14974
-2242
-4742
-3304
-1633
11068
-7014
6314
12697
4948
14094
4502
17299
9359
3416
-7118
-11587
-5123
-1904
-10
-6107
-4309
7147
-9179
5620
-4668
-5510
-591
7853
-9304
6156
19349
1571
14663
8113
602
-6698
-10421
-2521
-5620
-4254
24579
-7733
-381
10989
-1312
12005
-702
-4596
2717
1191
4421
-3119
-1887
5350
17014
2404
-9018
1788
15342
1895
-2643
6038
5506
2754
-5199
450
-4111
-802
3185
-6940
-1473
-9202
-9063
2710
-6537
4085
-11490
-7269
5742
8469
-3139
-6315
418
11244
-1661
11453
3589
9885
-3356
3553
-3892
11946
-1706
-9768
-4581
-4126
1474
-2407
1436
2549
14950
-3274
21170
11554
-3293
3393
4432
14734
-2450
-771
-1361
-5562
2500
413
3298
-2614
2442
529
17872
16008
14116
-1305
914
-3138
-2404
-9541
-4174
-3436
-1046
-4466
-9968
9244
-322
984
3889
-3358
-5620
-675
-633
8328
14260
2440
-2054
13930
-12132
-1076
-4847
9720
11090
-592
6080
2161
-1355
8072
-8645
-1363
9927
908
1200
1859
-1914
606
18077
1581
3907
-243
753
9273
-5792
-3294
-4264
2328
-2609
-1656
460
873
89
901
4053
-3229
556
9
-1678
-5384
357
-3507
-1371
-2242
1912
4265
-2369
-5016
1360
-1079
3330
259
-2740
1915
5336
-656
8797
-5559
-8882
-487
-4876
3584
-2159
1304
-6868
-3101
-5406
1166
200
1758
2109
-211
-1068
-2136
-7276
2751
1605
-415
-3323
-3997
-49
1089
-2908
-4219
-2025
-3063
114
752
751
808
3689
3213
-1612
-1646
-778
-2453
2565
2683
-2497
9191
7
2636
2677
-927
3839
-104
1732
484
1844
39
3178
1188
-4346
-9516
-3117
-1469
-412
-368
1671
-2203
-2097
812
-1014
2657
-2697
1545
-3741
-4280
2404
-2384
-379
2599
1269
-6677
-3762
2020
8316
2787
-4708
2714
5391
-2632
-3649
3240
-7139
-1136
-549
8602
-3370
-4822
-4596
3477
-2877
-6006
2117
332
3990
-1570
-4250
-1411
-963
-458
240
-1092
1769
-5424
1759
-5782
-1422
-145
330
-788
-2290
1734
1408
3407
-4629
-1682
2169
2578
-3523
-3981
-6117
-1196
3194
-4701
-4865
1412
-4516
-1079
-2549
1611
-4909
957
-481
3846
-6513
-853
5168
-1394
-2369
703
-4563
-226
-2431
-1821
-804
5015
2534
-2531
2156
-1552
-967
3198
-3419
2225
-2492
-10561
546
-3555
-2625
359
-2839
-1033
-4826
-3801
6538
-3408
511
-1778
-8429
-2933
-2505
-4517
1126
-1811
4629
-2842
-1354
2014
-2941
3804
3269
-3116
-7293
2976
-5398
1463
-5396
-1597
-6576
2910
-3270
-1778
4470
-4499
-6938
1767
-4383
1232
1514
7123
4573
-3681
2571
-948
-306
-144
-4190
-2242
-9342
-2017
10629
2292
717
-256
-779
-1702
-4222
2412
-949
2349
-1310
-8303
-4591
-1831
-3064
-5956
-2673
-4110
1615
3468
-6589
3311
2697
987
3667
-935
-2959
325
-1181
-1911
-5668
1099
-4050
-5520
-7990
112
7071
525
-4748
-5792
-3486
-251
-11581
-1847
2902
1942
-4208
5590
3126
1722
1264
2966
2928
-10384
-10981
139
-2566
-1623
-2228
2131
2451
2789
227
5243
-3315
1361
803
2459
-3994
-7346
-6181
5216
-3385
-1071
2063
1864
-3011
-971
-1956
-1442
-1980
-1484
6094
-327
-4937
-182
-3063
-7851
-6696
-532
-3672
-3
1800
-12392
-1383
-2642
-4389
2570
-1846
-2716
-5124
-10922
-2420
-4868
-6676
-3411
-3288
7267
-4924
255
-1481
-3070
-8012
473
-1277
1676
-6449
2936
842
-4803
-6339
-918
1887
4543
-8725
-209
1359
1436
2249
-1835
-154
-1265
508
7079
-2677
-1810
-5549
528
908
3755
-3264
-2529
-934
1915
3442
-1876
-1191
-1884
-2885
252
-5169
-5735
-4259
-1944
-5549
-2539
1375
458
-1801
784
-2159
-343
-266
1165
-2605
2323
-206
-9226
5779
-3583
-8418
6400
-2518
-7349
-364
311
-3274
-5539
-5772
-4675
4244
2924
3776
2460
11
469
-5963
1050
2815
-1508
-5489
1280
-476
3232
-13
-1797
360
-252
-3653
557
-2182
-480
4752
2589
-1945
-48
254
3345
-4229
-2074
-4629
6404
-1754
-3379
-724
-2241
4010
-6452
397
-3977
3114
-416
-338
-908
-2673
-6922
-1516
-1165
-1437
637
4671
4354
838
4245
4482
5817
987
212
1833
2683
3430
4432
4170
3449
1751
-4150
286
307
3521
-2189
-7227
487
6135
2292
-1058
-3106
-7032
659
6285
-753
-2731
694
-2313
1455
-293
-4251
-2274
197
1831
-6343
-6409
830
78
-1182
2131
-3557
958
-2378
-1956
-3548
-2927
-1466
795
5198
3343
1266
-1813
-2599
-269
-2493
-603
2448
2174
477
-3248
1538
4685
274
-2775
2140
-6545
988
2279
-5098
-7343
-3283
283
2914
883
1066
7642
3453
-2319
151
962
-2013
1250
-708
-3159
2298
2586
2
-1507
-1268
408
3441
-8368
-1391
-5615
1739
1844
9144
-2907
85
45
-5907
-1583
5508
-1531
-5901
-680
1207
-1607
-6123
-6766
2358
-481
-5757
2988
5153
30
-4086
2854
2340
813
2869
530
6423
-5690
-4494
7432
-2379
-3150
5938
700
55
1778
6187
-824
-4098
-6197
-2506
7763
1010
630
4811
394
-6432
-2098
-2102
1893
-3358
-4627
-3533
-5485
-4377
-1109
1033
5152
1820
3208
-3450
46
4826
2231
4655
-3830
-1829
4219
419
-26
-2579
-1252
3221
6994
-6439
-1470
-2100
4916
-3998
4428
-3500
6620
-4659
1761
-1713
-1553
-8486
5178
1561
-2661
231
9012
9086
527
1390
6533
7800
6615
5984
-2682
-3556
5296
1949
8855
4359
1105
-2843
3323
3088
3550
-1202
-4834
-1152
7288
-1523
-1305
-1069
1937
1270
-3965
-1295
-1890
2492
-3462
6047
3763
-2934
-591
2979
-23
-723
738
8022
1407
701
5837
1648
3684
653
-3799
-1511
1419
-3980
-3244
4370
-2544
5812
5340
4335
1633
1561
-2708
9315
2973
5887
-1384
-1091
6202
-425
-5888
-1480
-4962
726
2249
-4639
1792
-2673
5783
1250
6537
-216
10040
6986
-1069
-676
345
-3335
4585
1397
757
5514
1723
-4805
-1016
-1488
8433
1399
-4124
6443
1889
-6572
-1248
-6694
6047
5333
-6752
1710
-5363
-1487
-761
1060
12841
6856
-3034
3620
12822
5385
-10600
3047
1224
11406
2994
6643
-5012
-5966
-3428
4702
4089
-4574
4631
7380
7383
3218
-3152
16343
2020
1498
-8605
-3971
-4691
-5793
-4603
-13034
-3354
2282
113
5192
296
420
-4574
5129
-5776
10426
23873
1046
6626
8996
-545
-2601
-10125
-5841
-5702
-1570
16733
-5754
1185
7838
-2294
5767
-408
-2098
4962
-369
-8116
340
-2593
3642
6994
2850
-7354
450
10409
2232
2395
4892
2910
2801
-2109
-3929
-2860
-2765
6952
-3776
1245
-1834
-1029
-240
2081
3864
-12748
-4777
8189
1024
-6313
-1570
-437
7315
-2161
16778
4724
1064
3740
1464
-3294
5785
2139
-11470
-4135
-6223
-2416
-1141
173
2313
7381
-2551
13204
1293
-5207
1777
2170
15887
-1805
-2888
-7656
-2786
2105
-505
282
130
4703
-2044
18950
6340
13469
-2228
8114
-1420
-669
-1550
-3474
-3027
-3770
-7014
-8316
6909
4006
-2026
1937
147
1607
4184
-3061
5605
7457
6821
-1078
7834
-7992
2513
-7686
8771
6524
-3196
4234
6827
1614
5295
-4324
-6803
8353
2259
-2360
4798
-1715
6419
16012
1541
1538
-3956
-3262
762
2708
-6207
1772
-9824
2939
540
-5918
4502
-4627
-2122
1595
1108
8633
1404
4675
6890
3243
2097
2962
6042
6854
4305
1209
-579
-5591
-2435
2316
-7363
6656
-8184
6156
9660
-289
4528
3246
504
3924
6272
-5604
-12838
-8402
3007
4078
4010
-9140
5779
-7739
-6248
-220
-4114
297
3820
-9461
1448
7392
443
9808
3176
207
-6810
-6433
-2575
-2376
1480
12616
-4482
-858
-1512
-160
6142
-5752
-9151
2504
2194
6810
1940
-2493
12231
9239
4021
-5576
61
-901
6480
-8774
1981
1311
1988
-5493
1987
-8290
-2208
4375
-2028
-6145
-16411
-10847
-2070
-11960
-2916
-10850
-10329
-2418
4647
-2998
-10043
-5989
3206
-2871
1139
-7365
4992
-1130
3454
-726
10137
-2854
-3999
-3902
1348
242
-5562
1061
5110
3068
-9954
5313
3633
-4590
278
6988
4251
-2470
4612
844
-9379
-1453
1749
346
-3526
-6272
-518
7533
8021
2871
-1313
-3439
-7527
-1794
-9969
-1683
-4134
-2545
-2246
-1901
783
-4272
-7843
-1903
1714
-9375
-9204
-2957
3304
10888
-4584
-11099
8981
-13800
-487
-3033
1660
-2448
1151
-854
-8280
-2784
4112
-6585
6882
-1436
-1101
187
-3965
-6730
-9279
7408
-2046
-3896
53
1041
4913
-8388
-4097
-5168
587
-6177
-6534
28
6428
-4676
-840
-500
-4953
3338
-2215
-1211
-8167
-3587
-3570
-8711
3484
3761
-844
834
-11069
-1402
2955
4945
-3953
-1233
-3449
-1211
-3014
6796
-3798
-1127
5848
-950
409
-4294
2351
-3993
-4781
3903
1262
-2115
1889
-1618
-7028
-626
-4011
-2340
-457
-3956
-4684
1242
-2804
-2513
1235
-3239
2903
3312
1909
-1632
-394
377
-5004
1000
-6357
-2932
-2407
-1284
635
-2751
5359
-2531
5478
2929
1784
-2548
643
-4534
-4729
-215
-3961
-4391
-4526
14017
7482
-6045
-7695
-8790
-4863
3229
8017
247
1667
-4792
1786
4636
8694
-950
-8248
-489
-1125
5274
-1257
915
3249
4595
-231
-4953
-3977
1312
-4820
-8172
2875
8440
3791
719
-4294
-5576
357
-1320
259
-4928
-4398
-1820
-1411
3534
-2463
4781
4554
-1569
-391
-1147
3786
221
-3529
2327
-6089
4622
-5342
3718
3044
5019
1855
-3423
1554
-7665
-1785
1125
-3811
-5839
-3631
4744
6526
2367
661
-3463
7252
-1798
-9494
-7945
1142
-3884
-336
-8009
-9511
-7511
-1371
3539
2632
1391
2854
3806
3977
-5372
-5304
395
1665
-3896
-750
-739
3975
-4245
-2937
963
-3431
-584
5801
-2565
-1639
-5417
-3298
-5244
-3215
-8316
-4556
332
-226
-3086
1773
2429
-6588
-1015
-4583
-1093
-9767
-8222
-5674
-1282
-125
387
-4375
49
-6952
-7
7038
6504
-5035
-6237
6422
-8468
-6176
-4279
-3814
-5641
-2065
-6794
-5198
-2115
731
-2594
-4708
3378
2205
590
2032
1147
-8071
13
-5767
3302
-801
-437
-1451
-2708
-9099
-6996
-1099
-2290
760
-1600
-3260
-3036
2467
-8921
-2981
-4124
-2224
-2625
-10775
2205
-646
-5421
1497
489
266
-736
-9689
-4538
-660
479
204
-4227
-1220
-7367
-6472
-5400
6246
-6538
-7538
-9502
860
12772
3198
6453
-1709
-731
-3908
-2411
-1170
3798
-5602
-206
-2037
8097
2213
1125
3346
2511
-3589
-8582
-8147
-3378
-4267
-2518
-1748
3264
5305
2810
-1351
-2022
2857
-6018
-136
-9921
-3950
-6572
2644
5419
-640
6114
-2347
-1055
-434
1132
1845
-2354
-3658
4590
498
-506
-927
-5490
-9598
-1483
1999
-5212
1979
-5559
-6664
7273
-5314
-7910
4055
-221
-5997
-3488
3679
1889
-947
-4183
-6588
-10783
-2283
-3632
2914
-1399
-12260
-5320
-1504
5873
-6880
829
503
-2
1299
-883
-9119
4064
-50
-10568
-2460
-2096
4621
-3511
-7607
-657
854
911
13201
2681
-237
-6403
-3640
-1406
1370
1848
6034
-9312
-1745
-3868
10393
-10360
-6759
9292
8199
2963
-3415
9320
16124
-7035
737
-2836
18665
2097
-745
479
-6006
-2282
4117
12847
-4963
4056
4311
19766
4090
1069
25273
2527
3328
-9866
1712
-4693
-9803
-1603
-9645
860
6202
-4167
8383
-6497
-7395
-4350
3388
-1686
7490
27579
-695
-8147
4636
-3993
-2564
-3910
1569
-3545
-6192
15734
-6917
-2381
22962
-7519
8095
939
-2711
5579
-1213
-7695
-6061
13968
-3331
4464
-1422
-11944
-2532
16672
-2887
2181
4017
11743
5463
-6739
-5264
1567
239
-862
-5944
18152
7846
-3893
-1364
19053
19381
-6293
-6807
11149
-6294
-7886
-1369
15009
10546
-3628
17443
17778
7146
10288
347
-5935
8946
8657
-15441
-4074
-13121
1252
-1618
-5425
-2288
7601
2463
12705
6565
5853
-110
3747
16874
-3026
-413
986
4655
6400
561
3968
2750
14622
-3785
23886
13334
24492
-4314
3899
6335
-8132
11251
-1286
-1042
-318
-9214
-11283
26425
11210
15645
-3408
-4056
13452
1001
-9294
-6061
3661
1691
-3510
3480
-1485
4661
-4202
7019
18582
-8009
17012
20549
4064
5231
-1139
-11754
21659
1069
-2157
11769
-2111
232
19300
266
8605
-6452
-1362
10420
-1513
-5568
1992
-2533
2469
-692
-1325
7593
-226
-4115
-938
-3226
-5190
763
-5650
4148
-2834
-3077
-3249
2665
710
6057
-814
266
-5488
-5561
1130
-10069
4198
-8661
6242
10389
4058
718
-5332
-190
-2743
2124
-465
-4640
-6207
4368
-2213
7014
-2176
-1716
680
-8353
2054
1854
-4
-4168
-5322
-4296
-6330
1116
3815
3306
3320
-5656
-1032
5279
3685
2000
196
-1070
-3853
-6666
-3808
6560
-7112
-5310
1682
803
-2704
2341
2317
7725
1385
1586
-5059
-4814
-5527
3922
555
7556
9751
264
-390
3141
87
-3884
-2016
2778
-3321
-4931
-2829
3875
-3463
1117
-1003
-2501
-2652
6163
-4516
-4228
-3804
-8518
1466
-9043
-5653
3207
3442
2312
-1347
9031
3959
-1838
-1003
127
-6816
-9221
1575
8118
1010
-4947
569
-5210
-4558
817
-1440
5750
-3172
1656
-12
-1280
-6459
-3703
-43
-2928
-4358
-1854
-922
365
-4489
-1084
344
-4739
-1962
5194
-3774
-6460
-1484
-9965
1067
7323
-3106
-7442
-9073
5710
637
-6963
424
-2315
3063
-8451
-5349
9064
-5796
1595
-7710
6634
-11043
-245
-1127
-5186
-1296
7550
-6381
5870
-2691
-31
-580
-2617
-5729
-206
-2093
-5069
-5369
-12908
-5559
2638
-1206
-1370
6298
966
1913
-1831
1098
6022
-209
-8011
5951
511
-226
1062
264
-3409
-1080
-7977
-6038
6903
9462
-32
-2536
-1678
-6984
643
997
-1978
-496
-8010
5162
162
5134
2063
-3726
2245
5258
-534
1688
-2729
-7361
2635
2051
4332
-3859
-2358
-824
-5511
933
2312
-1353
1798
-6063
-5021
-7688
5316
14570
5635
3406
-5501
1697
2518
-1426
1344
9457
2490
4253
-16382
-3019
5909
-5178
-1244
-1967
-328
-130
11027
-3818
14649
7779
-2517
4161
-643
-2230
1549
-14
-805
11639
2585
-3215
2816
-7808
-5658
-3835
3026
-9380
-8353
-6498
6770
-7217
12921
-712
-888
-5777
14873
903
-3080
-2269
-1968
646
-3401
-12191
2959
797
-1083
-12881
7939
-238
1379
-1557
5634
-7316
-5704
6179
5365
2421
-3270
6082
401
-85
-1999
1374
-481
-2630
-49
-1373
-1492
-2187
-2719
1919
-9005
-2775
-1156
1721
9677
259
-867
-1676
-1264
885
-3463
-3715
-7481
1854
-5670
4957
4371
-3463
-6535
-5217
5826
-7066
-7137
3295
7391
3019
-7154
-3424
2032
-11604
-2688
1212
5007
-6890
6293
-1344
-4254
-10775
4541
-5770
8290
-4542
-990
4189
-421
-2677
1940
-2067
-6568
-3031
64
-7986
-3442
-2634
4458
-3679
7155
-6795
-7590
7523
3522
1034
-3605
4009
-1690
-6533
-929
-1742
-5816
-9649
-7526
-2595
-2641
-1276
-5675
-5757
-7951
985
7116
343
1349
-8028
949
-2185
-2842
-3911
-955
-3469
-5066
-799
-8058
991
3484
-1578
-1138
1765
5282
4653
-7754
1634
-7318
-938
-787
417
-1394
1282
-6150
-7965
-2657
-869
-3610
-3087
2409
9230
-1994
2935
1348
-8832
2200
-989
-12254
-2604
-5671
4508
3729
-4703
2816
-3959
-1042
-3409
-5540
-1723
-4652
3631
808
-4668
-677
-3584
-4419
5436
4263
977
-1986
-3740
-2407
3274
6339
-1237
1166
189
-2619
-1677
4280
7139
-1343
-3935
3627
3781
4374
1036
1662
2396
-5522
-6742
-6260
-4068
-2747
-10159
-2494
1406
7913
506
70
-9456
-2557
-135
1657
-7184
-831
-2071
-760
10382
-1696
3692
-6745
-1389
-359
-1786
5135
-429
-4086
-1442
-5023
3550
-2163
-6437
-5395
-4471
1988
1143
1711
-5527
-964
3113
-4136
-2220
-735
8540
-5308
-715
5260
-1504
3873
-3012
-1552
-2573
1911
-7012
1021
3037
-6914
-321
-3205
8264
-4999
-5917
-1208
-4775
-2920
-5445
-3225
1414
5281
-8858
445
-3384
-285
-761
1251
-7129
-2109
-1636
8783
-770
-5425
-3323
-4910
-14208
3450
-8343
-7071
9071
-8231
-2913
9450
-4260
-3578
3322
330
-2977
-7474
-5998
5693
517
-5126
-1754
-1368
-6780
-997
4215
7433
3195
3213
-2122
4009
-12481
-433
-2289
-276
1817
815
-1079
-2376
2272
8993
2107
-3437
3640
1644
6223
-5710
-3426
-5656
-1726
-7562
2758
-3851
-115
-3916
3866
-7947
-5691
-8181
-8794
11337
12341
672
-3661
-140
-4032
127
-3962
-2333
-5864
-7332
9784
-3005
-2186
4545
-5127
-11364
-1305
-7554
-1594
639
-4943
6031
8845
-5158
-1276
-5100
5875
11185
1119
-7775
-545
-1033
6692
3545
-1119
9205
-6738
-11827
29
6022
11708
1889
-1639
-6178
5062
9779
11768
12718
3946
3720
1317
-5873
-6942
-5666
-1333
-2646
6324
5021
1031
-3294
-1821
9873
-5649
-2090
-5144
3413
-4847
8352
16882
1504
9453
4309
-2771
-1198
1426
16227
4156
-4302
981
2994
13987
-982
-1628
-8185
4600
2988
-1682
6601
-12348
-3370
2104
3326
-4165
3723
5189
1571
4834
15249
4074
-6929
-4995
2734
-8374
5335
-10097
12923
4993
-11831
11182
3403
8339
-2037
2257
-5061
487
9452
-384
-8936
7091
-4784
-5465
125
-2776
8166
1628
3981
5003
1580
7181
9913
7153
-2731
6792
2540
-318
-1307
-1782
2619
1326
-11278
-1123
10812
-6514
-3962
8656
4571
10645
-8869
-3256
6181
-1590
-1072
5055
5095
-2103
11927
4248
4156
-2452
4619
5061
-2286
-7417
2006
-2148
13307
1163
4663
3830
-543
-8425
-2758
4496
-7234
4083
-2095
8206
2258
-6623
-986
-7442
-12022
1531
-2766
-6137
-3235
3977
-4371
7156
-764
3313
522
-2787
-3233
-10234
-5314
7143
-2214
-1730
-2511
-3280
-2536
12518
-1052
-2251
1217
1875
-6775
1175
-11218
16169
-258
-844
3618
9042
-7486
5374
-61
-220
3822
-7960
-4251
-4650
-1667
1551
-8564
-634
3584
-9898
4007
-1021
4617
-1548
5854
1
4010
1736
8098
12656
10701
-583
2218
2018
3493
-3606
-5350
-6286
4726
-1872
-5126
3689
-453
-1416
4051
-5368
-2698
8294
34
8785
20704
8886
3015
135
8029
-5471
-6380
4498
5264
6310
228
3135
-6863
11167
1038
611
-1755
7686
120
-1775
8597
-11773
-5972
3721
-1748
-6512
-113
-2401
5994
2527
10998
1383
-7951
-4141
4519
-6400
5374
5545
13287
1903
-2774
-119
-1268
1798
4421
17326
-7189
14734
10608
446
-2527
1421
-8934
610
-59
-6385
4752
-127
-6054
6346
-132
8546
13828
6893
403
-1838
-5597
-4698
-1554
6838
2194
-7009
4036
1472
-1056
-3835
-2283
5495
1453
-4683
6953
6566
5886
-6838
-565
-3974
3423
-726
5290
-7551
-1656
807
750
-348
-2502
2335
4545
1499
-1590
-4840
8699
3059
2243
-2681
129
-5989
-1464
-4185
-5331
-1431
-109
1260
4483
-4657
2295
-9254
6955
-1873
3163
12900
-174
884
3703
-2025
-3153
-3112
-5666
-2865
-648
9485
-3110
-1773
8553
-3133
2139
62
-1861
-570
-831
-6768
-4340
1751
5100
3626
3789
-1959
-1679
6567
2773
770
2913
3284
-1177
459
-2662
-3239
-959
3771
-445
-207
-1294
-1153
-4297
3166
-778
-3557
-3441
4076
-3344
-2941
-986
1350
3242
-839
9206
5684
3249
-724
1464
3561
1385
3253
-5246
-6756
-7030
-7190
1918
1073
1839
910
-2889
1248
-697
-6523
-2863
-3368
8453
-420
-955
-8300
-2232
2803
-3746
-399
-847
5462
-4692
11551
3542
4580
-1839
1638
-1222
2130
295
-9632
-3945
-3281
-4897
-6506
7925
4986
-6449
1848
1804
1486
1630
-1627
4889
-827
296
-547
5932
-3576
2867
-6514
5786
-5308
-5099
3703
-2071
143
7679
-1960
-2348
4540
-1908
-3152
4651
124
4593
3939
1730
2097
-2226
-4901
-2650
-4254
-4403
-41
3210
8433
-2870
-3050
3683
6468
-8470
1127
4384
447
-77
-6921
2329
4252
-1774
-9571
1081
288
-3401
-791
7067
-7300
2309
-3859
6077
-3580
-30
-431
-5068
3554
-5415
-6404
7433
4749
-5393
-1471
3897
-2299
-2221
-11094
-9221
3191
-651
7047
5087
-2761
9346
-13409
6015
6664
3111
753
6583
6608
6754
1942
-657
-1747
-9244
-4690
-3081
10708
2676
6221
-2874
287
3753
-1021
570
-6363
-7051
-8031
8555
-6419
8758
4961
2243
6983
-4568
2802
-1806
9789
1441
-265
603
2081
-1869
-6439
-2582
294
2264
-6630
2000
260
808
4482
7154
-3872
4082
3437
1137
-1468
4099
1733
3028
-248
5479
1049
1261
1984
-3205
-4811
666
332
1938
-4458
-831
-6534
4305
11864
-294
85
3884
2308
-1101
-5258
-6483
-5948
3396
103
-7733
-12065
-2741
2212
-1833
1524
-5639
4055
-455
5610
3337
-1730
1585
-370
5667
11960
-3203
-8593
-115
497
-3591
-53
4748
5032
-7939
3226
2820
382
7799
1016
9822
-3767
-9
7172
2947
-5534
-325
-2312
5900
-2730
154
6695
529
-6687
3861
2087
-857
885
-718
1268
4069
1751
8251
-1358
-483
2182
875
-9828
-10166
266
3030
10370
2865
8496
3619
-2182
832
6947
-11343
4072
4796
-3063
2371
-7220
5442
5431
-2967
-3506
-2480
-2963
-918
-3401
4154
-9968
995
-9448
9176
-4204
-3976
3098
-6060
-3843
-4128
-5881
2416
6647
-7061
2350
2944
-1304
1729
-12738
-7821
-1342
-3548
4822
6155
1935
8795
-5377
6835
5096
3207
-2229
8613
8798
3268
6962
-4956
-3447
-6778
1173
1839
4334
8157
3734
-3234
3730
4971
-138
3537
-671
-10775
-6262
5677
-3210
6634
6877
-603
11038
-5516
-3739
-3406
4772
2422
-6636
-7481
4913
4330
-2426
-3770
-1491
-1997
-2911
-1415
4057
6206
41
-152
970
3545
-1520
7000
-6440
4535
-971
-3776
-3378
5382
-172
-175
-1005
139
-4865
-2747
-6144
-2869
-4202
5842
-5443
-1783
11036
-1870
1360
2293
5212
-3708
-6368
-926
-11908
-4034
3108
-4315
-9895
-4679
3951
1534
-2216
-5683
-863
2529
378
4958
-5947
-2367
5569
899
11511
1475
-6452
-2879
5374
-5880
-656
-2348
2050
-10558
-1805
3513
1458
10583
7421
5898
-276
791
6083
5551
-2213
-2456
-3086
-776
-3638
-1676
2315
-8303
-3231
7820
-1421
3328
1356
2382
-1338
-2984
-137
4989
-7492
-1334
-1309
-2653
-11190
-7712
-5892
4984
5307
11701
-2110
-214
4918
-5095
-2210
-2520
386
2784
-2797
5599
-7060
-3308
853
997
-4534
-8399
-3234
7248
-6175
-3089
85
353
-8739
14865
-733
-1972
1635
-5544
7575
-1659
-1860
4683
-283
-4840
-458
8076
3990
-6298
-10065
-6866
8970
-2159
6363
4448
5094
393
-957
-5612
1314
1419
-156
4899
1142
-2265
1055
1543
7672
153
-2
-1138
-170
9258
4120
-6684
-399
4903
4744
4154
4422
-5389
-11284
5491
2861
-2668
5617
-4839
5148
-4692
2856
-6204
13985
455
2231
2235
-107
-2127
5051
-5029
-7654
-3355
4100
12049
2695
10831
9496
13832
2101
11098
-2248
-341
-6850
8994
12059
2822
-818
3412
4810
-1743
8972
-4908
-15271
-2004
3112
-6657
3403
5205
-4413
-5302
1978
-3387
1672
4768
5900
1890
8426
1673
-6264
1213
-1278
-4031
-3085
6241
3335
2390
-239
-2769
9112
-686
-918
-1143
3229
-870
6090
7496
-1646
10557
475
2561
2938
-5603
3711
8139
7422
5289
-7003
-411
10396
9936
-148
-742
-5785
8265
3559
-2629
7586
-1115
2529
2426
10540
-2596
8856
8478
1943
731
1438
-3759
5802
6114
-6075
1502
2495
3849
-3169
-5428
5190
-4484
-8018
-6674
13814
-5923
3939
-6198
11255
10579
-10825
-2767
-2881
6339
-6992
1069
21592
12877
9742
5379
11020
11844
-4122
7298
7866
14273
5239
19106
-796
-4397
-6310
959
11225
-8598
4882
18184
6408
19346
5495
23457
12775
5181
-10135
-10745
-4371
-3590
-2484
-9623
1026
8060
-8543
8819
-5487
-6555
-620
8467
-9011
8818
25632
2268
16936
8501
1194
-5099
-12131
-4237
-5881
-8387
29614
-6639
-1471
12562
-3819
12421
2706
-4668
5191
-1146
2230
-7911
-1189
2523
22746
2573
-8587
2507
19463
2962
3274
9166
6895
1784
-4895
307
-420
114
2569
-8368
478
-5974
-7982
2308
-2145
6214
-12762
-3610
9212
8410
-7984
-4727
5264
13481
-3490
15233
8842
13391
-3087
4040
-5171
13583
-3354
-11386
-5192
-6766
1904
-1851
-859
2377
19738
-1920
25223
14965
-2049
5345
2064
21443
-6221
-2063
-818
-3526
4075
1626
4642
-3270
7442
1268
24069
16172
17956
-1258
1505
-821
-2666
-8485
-3883
-1177
-2404
-4452
-12808
14433
1357
4271
5966
-5504
-3317
5019
-2090
9163
16338
5372
-2595
18200
-8026
955
-6731
13629
15967
-6264
11541
6922
-1293
11404
-6869
-4275
16111
3502
231
2837
376
1837
20385
2278
7337
-2539
3974
9362
