10093
899
1671
3554
334
10312
-5202
-8282
-4411
3715
-6327
1020
1670
-3608
7229
-667
5167
-8972
-4379
-6145
-8851
-888
5474
-9571
6469
15030
139
628
-8162
169
-6748
6642
6238
-3112
-4519
2593
3925
4684
-3518
-7536
1361
6544
-2287
281
-1338
-8132
11329
-6612
3445
-13457
-7833
-7058
-8998
-3637
10097
-14283
8085
19486
-9170
2818
-2642
3524
-532
10138
10980
3143
-1920
1438
-4257
7427
-1800
-437
-1469
749
-2363
5726
6323
-8841
6221
3268
1754
-6380
-2590
-1706
-11573
-5256
3756
478
9260
10468
7942
5382
-8745
659
-10399
5744
7454
1128
927
2815
-793
7674
-1363
-2600
-5982
-2462
1577
1400
4967
-1015
6280
405
5374
-2043
2628
-2004
-5793
-2160
4728
-20
6985
7815
4459
1012
-4641
-1555
-4551
3464
10055
1701
-772
6053
-1784
3856
-583
-5701
-5430
421
4151
3673
3320
-104
1319
-2656
4259
479
-651
-4655
-3488
-805
6116
2482
11098
9504
3429
2294
-2802
2124
-1043
7696
7108
2007
541
231
-1290
5134
-2439
-831
-2263
-2612
2261
599
2876
598
2306
2251
5119
179
3304
-2716
-4656
-1387
1777
-822
4932
6703
3131
-4436
-3303
-2356
-6115
1530
12233
2710
-4316
-3520
-382
13776
706
6202
-4105
-3502
225
1850
1465
3633
2545
2435
3551
2421
7
-8576
-4152
-3023
6536
-1075
2313
3743
2306
-3616
-598
1506
-4363
1349
11693
2970
-2469
3432
81
4771
-2157
-1306
-4286
-3778
3549
1929
4817
-4671
6187
2704
2127
-3314
-1407
-3284
-7679
-6084
5538
3452
11407
6777
962
-2588
-7581
-574
-6700
5696
11722
3799
-2526
1373
2271
6954
-3907
-5389
-8340
409
-1000
1799
2924
-4320
13627
3232
5129
-9457
-2518
-6096
-12079
-4216
12360
-4727
9128
13322
2669
619
-12673
1373
-7941
1369
13299
509
756
4048
-1071
11697
-4073
-7574
-9270
3922
-1626
4711
7176
-3489
8536
5371
4405
-10031
-4543
-4999
-7625
-1307
5344
-3104
9110
12288
5515
2895
-11216
3774
-9700
6816
11776
4539
-939
-3244
-2853
5479
465
6685
-3341
-2959
2283
620
5610
-6123
4042
7772
3380
-1644
364
-3416
-6411
-3378
6886
4320
7952
3897
4815
-1904
-3972
1332
-7193
3573
11727
91
-6379
3050
116
5467
418
3370
-8675
-1549
10884
-1695
7378
-6986
11498
6331
1092
-1051
-23
-642
-3713
-1046
5972
6731
16659
2416
-859
-2331
-3271
-258
-2763
12003
6604
614
2535
1574
2667
15284
-4974
-11018
-6243
-74
-2544
1216
7227
-2003
9262
971
4696
-7283
-2738
-5230
-11285
-4430
8767
-3700
6150
10502
-3137
-4623
-3442
4563
-9981
8222
7649
2924
-236
-1976
482
13996
284
-5016
-6399
-2262
-3081
3139
6804
-8921
11505
394
5158
-6503
-354
-4302
-14057
-4320
11325
1762
4021
11559
5266
1438
-5080
3001
-11455
4142
12085
-292
-5780
1745
-1180
7948
-1770
423
-8832
1935
7458
-221
6033
-5465
8823
7764
1133
-512
-1133
-2688
-3069
-324
2968
5138
12003
2012
3201
231
-3362
-2092
-6732
11960
6085
-3757
3486
-6081
6727
4939
4583
2565
-7095
8028
4898
401
4438
-522
1525
9452
-1882
-7567
5538
-2047
2687
-6347
10953
6119
5193
-4341
-427
-3862
13535
9585
808
14031
11484
-514
-2263
1125
-3515
11082
-2236
1365
-5324
-1849
5061
994
7828
-825
2031
10263
1238
1135
-525
-1869
-2503
-3176
369
5230
8304
313
7926
-798
-4921
-46
-9602
7828
2662
1419
1387
2160
-509
8094
-2597
-5418
-1173
385
-3602
-598
1162
301
1666
-1700
3600
-1655
812
-967
-8572
-5910
4263
-6048
5716
8960
-2689
-983
-2743
2968
-3707
4875
5834
82
2990
-7225
-7528
14274
1763
-814
-612
-944
4412
4528
5527
-5122
1883
8361
-1278
3348
3360
-1043
-7366
-5670
4236
5669
863
-2370
8639
3649
3125
2299
-11900
6391
12116
4775
-1602
-6215
-6791
12049
-928
8959
-1672
-5167
2354
3721
1896
-626
-233
10590
805
5390
2353
-4100
-5467
-9076
-1459
7554
2924
-6595
8589
384
2724
-3084
-9742
6751
10759
-245
1051
-980
-4098
13838
-5916
-1839
-5099
-575
-365
3636
8885
-3457
2291
9460
5619
-2440
-3097
-2802
-7027
-4113
2112
617
6766
6041
5209
-1200
-7062
3631
-10858
7382
2862
5773
2477
159
190
3985
-2025
301
-6522
-2272
804
-910
2022
2526
3505
-531
5507
-3256
2608
-711
-6338
-3604
-1260
2910
5989
5343
2925
-5236
-421
-4
-3211
4039
9135
7396
3843
-4020
101
-3039
4726
8370
511
41
1553
1099
-622
-4794
3298
2052
-3826
-3869
7511
-2486
-2515
-11014
7773
4527
848
-2689
1816
-1490
10628
-4448
-102
4455
13502
2960
-1686
7779
3703
9502
-1472
565
-7974
-2345
5378
314
2439
1370
8272
-3372
-1284
-491
-2081
-5672
-756
-6036
9256
994
13322
6214
-2420
-1483
-6641
-268
-2371
4221
5384
-1653
-902
2652
1906
10212
-2046
463
-2493
-2821
3327
1006
7429
-458
1960
3569
2654
3016
1868
-1975
-4402
-2021
553
4162
9142
5877
-856
-5614
-4166
-497
-5410
3615
4300
-2604
-1495
-5283
11346
-13807
2505
10460
5712
11808
5764
819
3813
-6091
397
7491
-1026
-797
3869
-4171
-1429
-5887
2413
12844
10502
1742
-11109
-13617
15624
-2260
3526
11109
10820
5046
-1561
-4894
-3259
13544
3552
6195
1554
-2270
-3878
4353
9614
-3854
2511
4357
1173
-4491
-5365
-4923
-8652
-5344
3049
-2170
-2289
11466
444
-2185
-10668
2963
-6433
-2612
9311
-719
-1932
238
-1639
13843
-4143
-3930
-4589
-90
1077
2336
8507
1081
5652
5808
4287
1
-622
-4060
-5364
-3584
5596
-774
7959
5863
3878
-2497
-4560
3339
-8809
2154
9779
3517
889
-4509
-4758
13934
-2619
2994
-448
-3433
-1548
3017
10213
-3217
-1154
10932
3005
-47
-2223
-3424
-6801
-6165
1687
103
509
6836
4392
-4019
-7759
3365
-10032
1329
5618
1803
-7015
-1142
-2249
13758
468
5522
-4841
-1633
-249
-581
-910
4971
6486
4502
3318
2833
-1574
-4312
-3450
728
-1027
-729
4220
4929
9307
-1082
-6796
-6
-7030
1934
14118
8230
-3478
-12562
-6630
14573
11872
14489
3387
-6149
-2245
5891
7807
-4118
7824
4563
-6256
-3071
-7400
-4480
-7251
-6017
2919
1543
-10406
6796
5155
-1024
-1890
4097
-150
2245
14060
345
-1325
7563
-4242
6413
-3929
-4395
-6638
-639
7913
5028
1462
5315
2911
1065
-2884
1436
3727
-5634
6052
-2126
-5472
4827
9012
2521
4221
481
-2635
128
-1940
8308
9098
2312
-549
-5648
-8061
13453
-2236
6555
98
-3597
-572
2725
8808
-2870
-1426
15353
1234
3914
-987
-894
-6266
-8219
-741
6474
3639
-3322
12014
-951
-3086
706
-12294
9641
7155
2334
320
-1248
-3244
10827
-7023
-1456
-2852
270
-3937
-360
7247
447
-251
9008
6050
-1139
-2372
-3583
-5606
-2953
1320
-4197
4291
9081
4067
-7187
-7405
3937
-9879
1390
8758
-2619
-3666
2657
-120
11449
-3453
-8699
-5950
992
2433
-485
5107
-3056
8267
680
5960
-4559
-3726
-6529
-8906
2018
10353
-2437
9979
12176
3281
-817
-7869
3177
-8143
5072
10095
-1830
-2399
6152
5249
6410
-1040
-6406
-7795
4827
2845
1070
1608
-5631
12445
-1166
-323
-13034
-4073
-4652
-3694
-2870
10000
-2526
13619
10811
-2023
1979
-7160
2254
-1306
13665
7100
-4279
716
1194
6715
12859
-1150
-4999
-5896
4171
1847
285
109
3817
3422
-126
143
-6001
-709
-4406
277
-2536
8919
-1939
7021
7382
-3369
-4139
2318
7620
721
11180
9193
-255
-1613
-4746
-1202
4002
2664
5490
-5236
2423
7839
95
2982
-3582
2493
11209
1062
14
5103
-2009
-1321
-2612
3974
5174
7038
-6152
5778
-863
6545
1513
-4764
8783
11260
2536
-8660
-480
-1094
16068
1730
9167
-5779
-2036
3394
1185
-3369
5839
4452
5264
-2547
6938
-1599
-7545
-3893
-4403
-1447
5638
7380
-983
8962
-55
-1026
-4738
-5680
6227
11846
755
2781
9148
-185
7759
-2888
-5183
-11331
-3547
5683
605
7938
-3512
6998
3703
2604
-6292
587
845
-6125
-6215
1195
6144
14106
4057
3298
1356
-7967
-2492
-5883
13201
8194
495
-564
-4152
-3431
11029
-4387
4539
-194
-1072
-60
1632
6890
-2369
-1211
12242
836
4217
511
-2894
-3329
-7604
-1119
3270
4352
291
3311
-5439
-1788
-2072
-8630
3870
11846
755
2781
9148
-185
7759
-2888
-5183
-11331
-3547
5683
605
7938
-3512
6998
3703
2604
-6292
587
845
-6125
-6215
1195
6144
14106
4057
3298
1356
-7967
-2492
-5883
13201
9313
-4147
-5555
504
446
5386
-3639
516
-4754
5486
9161
822
5788
-328
5566
6582
2139
5134
264
-4757
391
1144
3111
2890
13070
3122
-2838
-5378
2875
-938
-1308
7243
10321
-2258
1420
9722
3096
9482
-4545
-13268
-9172
3855
2999
5424
7481
-682
8355
-2945
4204
-5241
-2698
-6536
-8159
-650
9156
-629
15573
15330
2435
2026
-7753
-569
-4822
5713
7959
2014
-2004
-7332
-1158
19732
-260
-1430
3952
261
-8131
-140
6967
-5849
1572
2857
2950
-7340
-6936
-5025
-12570
-5987
9174
-14077
-2541
16608
-7142
-932
-7652
10462
-7322
1796
6491
-974
1080
-433
5864
168
443
-3068
-5911
3746
5279
-352
358
2571
3257
2526
2232
-4243
6519
-2069
581
-2576
9137
731
6609
5960
-1923
-6676
1505
5624
258
5482
6217
1354
3392
7000
3535
6873
-2609
-10339
-3433
1346
-4435
4101
2082
-749
4326
-4066
3655
-4469
764
-4291
-8806
-3549
10385
-4754
9375
11595
1069
142
-5713
1312
-3792
3617
8633
-2847
-3848
4202
1144
7402
-974
-3442
-7801
2389
5304
1893
5532
1252
9037
-1886
3012
-3051
3154
-4554
-5511
1781
6039
-636
11821
8161
-1169
480
-3807
417
-4163
6153
10703
-1971
2309
7925
283
9814
-2672
-6162
-8964
-1833
5264
3627
9677
-1709
5349
1792
3104
-2183
297
-2594
-5269
-2694
736
6611
11245
5621
3050
-1788
-5245
-1340
-6485
8970
4892
2315
-1609
-2429
-2910
11758
-4701
570
-1153
-1745
-4252
-340
5734
2288
1793
7877
5557
1029
-793
-3412
-6785
-2555
1839
-2979
3474
8204
5556
-5748
-6689
2849
-9077
1304
8683
-1521
-2613
-5978
-1512
9545
2615
7047
4026
3745
1204
4172
2439
-502
-2104
10017
-3827
-2318
-3536
-4903
-123
-4480
4110
1425
3423
-11
3667
-2032
1881
5540
-3645
10874
3787
3890
1443
1923
-1954
2678
-4472
3229
-1210
-2968
-2342
-405
-1467
2643
1474
-65
3786
2502
4003
-1589
-6970
-6495
-4213
1906
5297
5986
-2230
-7390
-1964
-4333
-3187
-87
3580
-4558
-945
-6437
12158
6517
2610
8204
106
6700
1012
1188
-6847
-1233
5813
5301
-4496
-5510
4663
-7725
894
-3972
2235
-7842
-3358
7489
-3602
-13570
1721
2553
226
-2986
9454
-3607
-3385
-3316
-1538
7125
-870
3987
1262
4069
4818
-124
2115
-3184
422
-820
-2300
-948
-1901
-5919
-1439
-2528
6385
-3281
5483
4620
-6019
-2884
4310
2996
-3123
8456
10941
-2382
1133
7717
1890
11866
-2955
-5663
-4269
-2697
6513
-1032
10475
-3053
3519
-553
3943
-435
933
-114
-5716
-1891
4590
-1957
14105
10875
-513
-150
-2498
257
-4138
9913
11846
755
2781
9148
-185
7759
-2888
-5183
-11331
-3547
5683
605
7938
-3512
6998
3703
2604
-6292
587
845
-6125
-6215
1195
6144
14106
4057
3298
1356
-7967
-2492
-5883
13201
14227
1766
-4970
-4071
-4581
14410
-597
9221
-3987
-2929
2708
2682
5443
825
2987
11832
2157
3453
-2330
-6357
-4930
-1895
816
4465
5244
2024
8504
-409
-3997
149
-9660
2955
6773
7045
2692
-3785
-81
1223
433
3268
-6302
-436
1932
-1731
-1062
2241
5100
2220
384
-4002
4728
-4891
-4149
147
1202
4928
-1846
4511
8367
-2351
3586
-4990
-7697
-915
-2821
-6769
5605
1210
9132
2013
1862
3945
8089
11623
-5601
1210
-6229
4132
-7944
-1711
-8605
5721
6654
958
-7239
-16489
4834
11313
8092
3606
-7817
-13955
3427
-7024
-5363
10617
9037
4700
2130
3865
3207
4980
5376
3633
-5485
-5286
1599
2088
4968
-3306
8846
-3570
310
-7660
987
-1832
-7749
-6152
6288
2846
5798
7804
-3006
-2192
-5003
-254
743
2840
8083
2904
-6630
-15891
10777
-2168
10689
31110
-13984
23900
12556
-7045
-9155
-8171
5485
13630
-17779
-5071
3437
-5913
8889
-287
-10943
19473
-9070
-5624
-1354
2245
26265
-9415
-580
10187
9098
2312
-549
-5648
-8061
13453
-2236
6555
98
-3597
-572
2725
8808
-2870
-1426
15353
1234
3914
-987
-894
-6266
-8219
-741
6474
3639
-3322
12014
-951
-3086
706
-12294
9641
