1
2
-4
4
0
-7
-2
-5
-7
5
3
2
2
9
-1
-6
-6
-4
-3
4
4
-2
-5
6
-10
3
2
6
-4
4
6
-2
2
2
-8
5
-2
-8
-6
-6
-10
6
2
6
5
3
5
-6
3
0
-2
2
4
-4
-3
3
-9
0
1
3
-6
6
1
-4
6
0
-9
1
-3
-1
3
8
-4
-5
9
4
-3
5
-8
-8
5
-1
-5
4
0
-6
-5
2
3
-5
3
2
-3
6
-3
-6
9
1
-8
4
-6
-3
2
2
4
-2
6
5
-2
7
-7
-7
2
3
-1
2
0
-8
-5
-6
-9
5
-1
2
2
10
0
-4
-5
1
-1
3
1
-4
-5
2
-7
4
-1
3
-1
8
3
-5
-1
2
-4
4
0
-4
-3
-3
-8
4
1
4
2
6
6
-5
3
7
-5
4
-1
-8
-4
-9
-6
5
-2
3
5
6
1
-5
-5
3
-8
-7
5
-4
0
1
-9
-3
3
4
-3
4
-3
-6
-6
-2
-2
4
10
-5
-5
4
-10
-1
5
5
0
3
2
-6
4
5
-4
6
0
-6
-6
-8
-9
8
0
4
10
5
4
-5
-5
4
-11
-5
-1
-1
2
0
-7
-2
9
5
-1
0
-2
-5
3
3
-14
0
-1
-8
2
-2
0
-2
4
3
0
-3
2
4
2
2
-7
2
2
-7
0
-4
-4
2
1
5
1
5
2
-7
3
0
-2
6
6
-9
-4
5
-9
-3
0
2
-2
2
2
-7
8
3
-13
0
5
-8
-2
-4
-2
-3
-2
2
2
0
0
-1
8
7
-8
1
-3
-2
-1
-6
0
6
8
5
9
3
-3
-5
4
3
-5
3
2
-7
-3
-7
-6
6
3
2
5
7
4
-6
9
-1
-7
-2
-5
-6
3
7
0
-3
7
-1
-4
2
-4
-9
6
3
-12
-1
-2
-8
0
-1
2
1
1
-4
-1
-3
-1
2
-6
-4
-4
-2
3
-3
-4
4
-11
-6
0
3
-5
7
0
-5
2
0
-6
5
1
-7
-2
-3
-6
0
6
3
-2
7
4
-5
8
-2
-16
-6
-1
-5
0
12
-6
2
21
-14
-2
-3
-16
18
5
4
-3
4
-1
-8
-4
-5
-6
6
2
2
5
6
6
-7
4
3
-6
6
-2
-7
-3
-5
-7
5
2
4
6
9
5
-8
6
3
-5
3
-1
-8
-3
-7
-3
5
1
1
6
6
4
-7
6
3
-3
1
-5
-4
-1
1
1
1
6
3
4
5
-7
-6
5
10
-6
2
-6
0
-6
-2
-1
10
-1
12
-4
0
-4
-12
2
5
-4
-2
0
-5
4
7
-1
0
1
3
-7
3
-6
0
9
7
-9
2
-3
-6
0
-4
1
5
8
4
10
4
-3
-7
5
2
-3
4
-2
-8
-3
-5
-4
2
4
0
4
9
4
-9
0
0
-3
7
-1
-4
-2
-6
-8
4
2
3
1
7
3
-7
-10
0
-5
3
5
-4
-3
6
-12
4
4
7
-5
4
8
-3
2
2
-10
0
0
-3
6
6
-5
-2
8
4
-3
2
-3
-6
6
3
-12
2
1
-11
-3
-2
-1
-4
-1
2
2
-1
-1
-3
5
3
-8
3
-6
-2
2
-1
1
1
4
7
3
5
-7
-4
-4
2
-6
2
6
-7
-1
2
-10
3
5
4
-4
5
6
-6
9
7
-8
3
-3
-7
-1
-5
0
5
9
3
8
6
-8
-6
-4
2
-6
2
6
-7
-1
2
-10
3
5
4
-4
5
6
-6
3
1
-8
3
-6
-6
6
6
-5
-3
11
3
-4
4
-1
-5
0
0
-4
4
3
-6
-4
3
-13
-1
6
6
-2
6
5
-6
3
2
-3
6
-2
-7
-1
-4
-8
6
1
2
5
5
5
-7
-3
3
-12
2
4
-8
0
7
-5
-5
6
1
-7
0
-4
2
3
1
-6
7
-2
-5
-2
1
-10
0
3
3
1
5
2
-6
-3
-3
-4
5
3
-5
-3
2
-9
0
1
5
-2
3
5
0
-4
4
-6
3
5
-6
-1
1
-11
1
8
5
1
5
7
-5
9
2
-5
3
-6
-7
2
-2
3
-1
6
4
2
7
-6
-9
5
4
-10
3
-4
-3
1
-6
0
5
7
6
1
2
0
-1
1
1
-7
3
3
-6
3
3
-6
-4
12
-1
-4
3
-8
-6
5
2
-9
3
1
0
0
-5
-2
-1
-2
3
3
3
1
0
0
-2
-9
4
-5
2
2
-4
-6
4
-4
3
1
2
-2
-3
2
-4
-3
4
6
-8
0
6
-11
-2
-1
5
-6
3
6
-5
-4
2
-6
2
6
-7
-1
2
-10
3
5
4
-4
5
6
-6
4
7
-5
-1
-4
-3
0
-6
-3
4
3
7
7
7
-2
-5
4
5
-9
-7
-7
-8
1
5
3
-3
7
2
0
3
-6
-4
7
-9
-7
15
3
-16
1
-7
-3
-3
17
-2
4
1
-3
-8
-1
1
-1
1
5
-8
-2
3
-11
-1
3
2
-6
5
7
-6
-17
11
-11
-2
-15
11
1
17
9
-20
-1
-5
-5
-30
10
15
9
7
-9
2
-3
-6
0
-4
1
5
8
4
10
4
-3
-7
