401
5825
-15704
3071
-664
-2197
-17062
4115
-5879
-3676
-4650
6570
3019
-9929
7696
7351
2350
-911
8210
-4829
2130
6632
3927
310
836
9700
16180
-19070
-1005
11242
-2841
-12440
13630
1342
-3023
3735
3003
2043
-10490
1362
7034
-1748
-2112
-845
574
14815
663
10880
5560
21226
-5739
-4115
-2664
-5314
-9369
5502
-4192
-4734
-2836
10539
4901
-9170
13008
8105
1352
-3281
4839
-10512
4854
4737
220
-3824
3698
-481
2647
-17280
3863
-1210
-8611
-1138
4275
4791
-1903
3902
1911
4923
-8757
276
9277
-3124
-5328
-7861
211
19581
-5208
4360
22182
30469
-12231
3578
6890
-6438
-22456
-3949
1529
-49
-29123
12536
12286
1365
23062
6298
-1810
-15977
21069
-10228
-2118
497
-2984
8427
-5993
1350
11289
-17095
3767
-804
-10253
-14202
10043
3396
2226
3102
17262
21950
-22397
-9941
23883
2558
-3597
-3643
14774
25549
-7607
786
2228
20248
-5275
-3768
-14393
-8833
-6298
10181
-7303
-16730
-1686
7806
18940
-11257
15828
4238
8539
4489
1840
-11306
-1
13230
1965
-4301
5240
-4543
-1091
-19215
-897
-625
-5146
8221
2169
2243
12673
6390
-2328
2806
-17933
4522
-2379
-8411
250
-9201
-2078
10990
-3784
8042
16709
25987
-17720
-523
-3054
-9753
-22807
-38
-11382
-7267
-11013
11338
11026
-16760
12157
15272
6255
220
22075
-17541
14305
1213
4786
11412
3689
3176
15208
-23693
-1787
14573
-2292
-19261
9790
1754
-210
10264
5023
16841
-16333
6
18516
-11439
-8354
-3106
11518
22360
-5003
-512
14918
18170
-8048
4287
12564
-3340
-15552
-7752
4541
1879
-29612
12971
7240
6296
22307
2065
-5361
-16682
16676
-7341
-1486
2093
-5476
1811
-52
-1521
10968
-7513
4056
-3635
-9722
-10525
255
-1427
-911
332
12794
19639
-18934
-20086
11416
5324
4248
3030
9985
21666
-9723
3324
12763
34583
3441
-9456
-4381
-18243
2302
6139
6077
-9964
-3460
14638
-536
-12664
19858
1184
2270
-5826
-6683
-28320
6050
6345
-3931
-17541
12751
-10645
-9480
-21275
6006
-20669
-13193
12362
-7572
14227
-1640
9611
6974
6842
-13622
-15706
2024
-9738
-2903
-4209
8991
30851
-10413
3512
6284
17684
-22881
10626
1704
-4911
-29390
7622
-3700
-5182
-14614
11985
2653
-7479
9524
6109
4458
-5239
7919
-11483
-70
1165
5062
5541
-9736
11425
19651
-18734
4013
16728
-1226
-23483
14471
11070
-8426
7791
9508
11389
-7955
5970
16667
-5955
-1246
1705
10773
12969
2387
-5123
12458
23239
-2776
8834
-3056
-2948
-8009
6355
4355
-11918
-18622
6201
-784
2756
22173
-521
-3416
-4801
326
-9538
-6517
311
-785
-14371
-17745
459
3831
-12932
7441
-356
-7721
-9900
-487
10356
-5074
2727
14857
14821
-9130
-2794
11762
3578
13389
-4100
4374
14545
-1364
-10242
5894
8637
-17371
6377
10581
4960
-19101
861
-295
-4937
-33563
9647
15665
6993
12206
3050
11663
-644
19499
237
-17585
9793
-4755
8122
-20819
2159
2981
-6177
4794
5699
-2541
-8778
-3034
-1439
26900
523
6330
13083
-18148
-8258
13963
3267
20047
6631
4112
-464
875
-8224
10200
17441
-8665
29
-2778
-4487
-14505
563
-4288
-10852
-12648
11720
15311
-9956
17313
8025
4759
-1474
17222
-11825
2118
9393
3838
5139
-1624
-2660
12151
-16393
-1561
8681
-5713
-10774
6071
-1197
11507
9086
0
12387
-17630
-5495
6365
-9140
831
996
4838
13296
-2698
4182
13908
31684
-1616
-6339
-4931
-12570
-6318
4084
1874
-10459
-8543
15226
10463
-8657
23354
4825
1474
-8115
8280
-15744
6880
7761
-1503
-4411
6252
-6416
299
-20094
5671
-11594
-10690
6815
3416
11092
3903
7673
3839
12347
-13497
-9027
4564
-8594
-6679
-6818
7090
27385
-4589
3454
9900
19000
-10957
7637
3166
-3551
-20764
1686
-2268
-9520
-28293
10098
17002
-892
19695
3564
3539
-8700
17970
-2119
-7519
6496
-2476
5081
-7233
1310
13610
-15282
1229
6500
-6869
-8199
7940
-5619
14065
4750
8998
16910
-15404
-3863
13534
1318
7373
-4512
3424
10151
-3904
11405
5110
6659
-1956
998
12721
-6161
-4490
-4334
13664
6307
-15465
9429
-5237
-1839
11611
-4467
-3409
-10939
477
-13989
-3389
3095
-6741
-12207
4049
-4564
1563
-7228
5169
-10441
-5316
4012
-5009
8361
-5501
-514
2804
8056
-7393
-22234
-3428
1827
792
4363
3898
16236
-7893
8839
14230
24961
-4582
-3928
-6274
-9067
-9611
2499
-4950
-8981
-7591
5939
12437
-9094
13982
10227
5707
1346
10794
-16553
6240
4026
3236
2152
2695
-1812
5286
-17447
-1670
71
-1938
-8459
-333
6967
3256
9699
5603
10574
-15221
-4213
8252
-9130
-3938
706
7761
16169
-3034
-2898
18525
22690
-13522
4464
-116
-1297
-19780
2266
-5273
-8120
-30592
10371
25085
-7582
23801
12269
6404
424
31198
-9203
-1331
5126
743
11388
-10165
-3365
9569
-14437
-1512
9035
-2295
-17791
4871
-11063
23683
9224
-1065
21301
-22453
-2387
18567
-4230
4136
1814
9548
9279
-3635
260
6309
23274
-11133
2519
-7946
-1280
-8733
8544
-402
-13162
-17808
11313
21086
-7981
22607
6857
10972
5828
18099
-11697
-3198
11151
1177
131
-10059
0
3393
-14143
-741
-39
-1609
-4401
790
1141
18895
7091
2726
14197
-16530
-1411
5915
-6485
3602
2047
2027
8710
503
-2017
9803
11379
-23665
10136
18214
2927
-21869
1909
-1248
-1049
-21065
13413
3283
2379
4493
-6795
13885
-15288
19025
859
-10149
-1780
-7937
9513
-2752
2479
9655
-11081
7113
10530
-11154
-6107
-709
-5881
4856
324
13739
15966
-6652
-10208
15577
-2198
11072
-3380
5149
767
-4677
-5412
6984
16910
-10994
-6678
-881
-5770
-3279
13532
-1687
-7849
716
8767
8220
-16905
1437
3567
15260
7488
3252
-17279
5356
7609
237
-605
11581
-2883
-2037
-9604
-3334
-1429
681
6598
-8367
5646
12390
13844
1187
4305
-13140
-5915
-289
-14358
-3076
1661
4801
8371
-7833
7963
29533
31697
-14708
9435
15444
-1192
-26044
-1104
8746
992
-46496
12088
15502
20211
29599
106
-6576
-20911
22457
1964
-19999
-2796
-10827
8841
-26481
-4584
6982
-10011
12139
1302
-15355
-21032
4615
3053
4212
-4079
18128
26533
-28590
-10882
33032
13891
12290
-7120
13690
24595
-8653
-4284
15882
17500
-16967
-773
-116
-7329
-23129
-4401
-6324
-3935
-13822
9654
13127
-10556
10704
10122
8778
-138
27625
-12556
8076
4804
5878
13122
-2099
1104
15387
-20837
1956
10628
-2345
-20037
11812
954
4234
3496
5200
14374
-15240
-6361
10906
-9883
-7736
4603
7832
16060
-702
-4375
20550
29188
-19636
-855
1046
-1271
-22219
5864
-7270
-5023
-27084
15400
20603
967
17661
13050
6162
-3795
21984
-10186
-7694
-1357
616
13673
-10276
2695
13069
-10000
1834
9581
-7679
-19248
3368
-2897
5513
7721
11137
17871
-26817
1151
22352
-943
2090
-6500
7634
19476
-7523
-4155
5051
10698
-7655
-1793
-2457
-4256
-5348
10705
-3374
-13107
-2415
10851
12019
-16116
10096
2323
8923
5427
8550
-8998
722
5614
1541
4299
4727
-1070
4748
-10219
-3815
6581
1756
5270
795
3973
12734
11567
477
10750
-11792
-4762
-7282
-10624
1332
-3151
2697
9526
-729
12667
981
14609
-6669
-9653
-13276
-6151
-6988
15699
-10834
-10440
10588
8653
11350
-17613
6757
9167
7825
7236
-2400
-12939
8597
6116
5792
744
10902
-3686
-1221
-18061
-2720
4963
-3333
6886
1041
1058
6219
7353
-4065
2189
-11156
7049
-1729
-13626
-7695
-10153
-25
15487
-3956
7008
26102
30180
-7582
6545
7220
-6270
-18283
-3966
10947
-2353
-34155
10109
8351
7998
29448
-764
-4905
-16463
18026
-11373
-9378
1195
-5767
-1559
-18678
-2742
4118
-16277
8198
-4780
-13267
-14642
3669
8739
-1662
145
20739
26500
-22766
-15896
21798
7482
4470
-1715
14495
26421
-5691
-3780
25697
25050
-18089
6911
21319
2526
-28908
-5213
836
5204
-38330
19721
13168
10650
15070
2783
-1662
-26194
29314
-1498
-7572
-4164
-5101
19611
-8327
5501
15464
-8585
6686
4285
-13874
-16839
13481
-2594
5089
2229
20137
25794
-19796
-14055
28992
3229
-539
-6875
19032
26468
-10424
1980
13236
21508
-6332
-4579
-4435
-6046
-2412
1342
2068
-6777
-4073
5507
5463
-9846
4412
2007
8403
2815
10737
-16103
5399
5742
1033
2938
1850
592
1909
-9178
-1522
-3469
-1321
352
-2926
12653
8332
9369
8723
7479
-11985
-12358
3568
-11252
997
4999
6132
12389
-4298
-571
12205
19852
-8233
-4547
-2278
-10967
-9416
-4448
-2212
-4124
-6026
8698
10476
-11979
10459
6856
3514
590
12599
-18297
13454
4057
472
2482
6395
-3787
5741
-14259
-606
-2982
-2441
-3850
-2032
5216
1323
7622
2186
9461
-16649
-9274
6600
-8364
-3618
2386
9692
16681
-6658
-1074
12779
40260
-120
-4270
-6443
-15202
-4609
9218
4813
-13991
-8277
19281
11079
-11273
33919
212
-882
-11350
1638
-21662
2683
10447
-4652
-16678
6377
-9466
-7383
-27985
9126
-15308
-15687
10320
2438
14477
983
5405
5661
11780
-18148
-8620
6677
-4805
-6389
-11413
6012
35986
-7851
6747
7446
11176
-22603
8499
2908
-5265
-28248
4502
-8355
-6003
-19687
10345
7532
-9783
7970
8855
8259
-2711
17331
-9108
3000
3443
3842
6119
-6069
6072
21097
-19879
1277
22382
-1640
-24098
14863
1549
1414
10174
2594
10091
-11738
-1409
13943
-7911
2136
1755
7122
12719
-1297
1145
2336
9955
-10536
1209
1757
4571
-7863
2492
-1008
-4768
-17491
7355
11030
-245
9146
5951
9842
3514
15868
-6349
-6300
7481
1829
658
-7969
5311
3897
-3593
-351
2136
-4047
-3080
-1419
-5027
17720
3509
5479
7800
-10962
-5448
6308
266
11465
5187
1948
3586
-153
-3405
-1360
3983
-11503
-4635
4158
3209
-4817
5161
1152
3732
1473
6891
-1936
-7079
-1729
2595
10535
5545
-807
-11036
2713
735
2323
2380
-4367
12611
2009
-3099
1322
1441
-1640
-2441
1452
13972
-1120
5794
7000
-74
-3599
-1054
1351
-5792
1798
6621
1483
8817
6760
-1196
15419
22993
-5170
938
-6878
-7081
-6817
3104
3524
-10244
-15068
2724
12521
-1888
13902
1973
5716
1045
4077
-12108
-3945
7000
-628
-1997
-14792
-1450
2600
-7602
543
-1117
-3536
-3265
-3621
12220
5002
5879
8604
9148
-16813
-241
10593
-149
9304
1583
3701
4692
-404
-6829
13236
23607
-8123
1514
-10391
-4830
-14831
2716
-7078
-10220
-22796
6196
21627
-6274
19319
13076
6736
6779
20558
-12548
-317
6809
1959
4953
-10678
1464
5880
-12443
-2277
2915
363
-11205
618
501
14484
8429
7051
15222
-20983
967
12455
-2754
3268
1242
6633
8540
-1229
-4311
16691
20107
-10783
6949
15042
-3110
-17236
-7940
5066
1139
-32287
13906
5924
3072
19923
881
-2520
-17221
19961
-10062
-406
1628
-5819
4735
364
-885
12563
-7891
4360
-1414
-7666
-9295
2607
-1224
1179
2314
13018
22902
-15874
-22415
11109
1857
2890
3015
10703
20125
-10151
2200
11393
17738
-6245
1736
1334
-4564
-12116
-209
-2769
-6017
-21882
8126
12310
-4381
9809
4039
10984
-1868
18824
-9496
-2698
7656
784
7226
3246
1586
9535
-7179
20
-1612
-1351
-201
-771
-3473
15437
8524
8901
12950
-14280
-13522
5097
-3496
3743
6941
3661
5597
-6761
5092
-5334
3239
-17132
-2344
18294
-3339
-14202
-3516
5461
4347
-18023
10464
4791
-7387
7547
-35
7740
-4374
13197
-3636
3246
-1147
-6976
10984
16367
3492
3673
-8496
-7674
-1604
-1493
5543
-6556
-6772
12975
-6460
3852
4833
-8190
-15675
2588
-3152
4071
12154
4218
8807
-3104
13535
5803
6940
-17688
-11021
9428
-1184
260
17405
5773
-215
5464
17497
-4846
-23793
-4113
-4420
13840
984
2185
-9710
5881
1818
1791
-800
11582
-2432
-1872
-4869
-3057
4587
-2218
12041
-7782
8067
6468
13076
-632
-2871
-3586
-3957
-10151
-15745
-9696
4280
5558
1172
-2326
9481
29533
31697
-14708
9435
15444
-1192
-26044
-1104
8746
992
-46496
12088
15502
20211
29599
106
-6576
-20911
22457
1964
-19999
-2796
-10827
8841
-26481
-4584
6982
-10011
12139
1302
-15355
-21032
4615
3053
4212
-4079
18128
26533
-28590
-10882
33032
13891
12290
-7120
13690
24595
-8653
-4284
