150
4978
3025
-9002
17346
-1061
10399
8915
-344
11466
3365
2091
466
510
7491
2036
5453
4528
4667
-8891
-1498
2004
-4243
11817
13007
384
-4486
9059
2172
5148
10198
8113
-11253
1246
509
1491
2458
-5623
7476
4983
-481
19719
11365
2033
7578
-1298
4885
-13299
4466
-6025
1993
1963
-10460
430
9398
-48
2617
-3756
9137
-7261
16093
12313
-5443
13044
-10110
-4593
14633
-4942
-1697
-3831
-211
4915
-6957
-3595
-3881
627
-3212
2191
2155
-623
-13228
-11710
-5738
-13784
8226
7239
-1610
-2588
1153
1776
4944
-4005
-1376
-4305
-4836
-10444
4492
8197
-7436
5130
601
1984
-9918
9985
-1641
-2382
2931
7760
-807
-2313
1688
5420
12269
16211
543
15242
8693
7343
9824
-6181
-680
-1482
-576
-2028
-3564
1533
449
-4672
5948
12718
-9906
-4987
7902
11589
6627
10191
-2887
10005
-2225
3695
-2953
3047
-901
2828
3653
6268
3585
-6548
17376
3230
1340
-6579
-170
2713
9957
-2758
968
731
2390
-418
9926
-4135
-2627
-8584
-677
-6470
11583
-3596
7624
-930
-3043
11750
-6332
-6045
11703
1361
2373
-14809
7249
-3837
-508
-3295
3
9451
6926
5949
4502
-2589
-4662
-6496
-7068
-4942
-2961
1974
3228
-10131
-5118
2068
-1359
-4514
8919
-8621
11263
-4396
-2830
7213
1362
7502
7326
-1543
4593
-3984
-93
894
6711
9386
-5794
-7640
-4851
-1505
3569
-5434
1376
-827
-7916
3261
-3745
-11093
12085
9173
-6185
-6410
-323
613
-2412
-5105
-1332
-743
-1574
1632
-792
-4119
-4137
19
-8569
5721
836
5905
4857
-5347
2211
-6280
-564
1404
7086
15201
7730
15576
4254
7458
46
2641
3865
-5113
-446
1063
4038
10315
-517
-4496
6670
12186
2111
-400
2210
2423
-589
8026
-1948
9447
-8217
2171
-13030
3579
-2879
-2908
-1232
4724
5291
333
1062
-10459
20818
9503
442
-9024
1473
6689
15005
1029
1828
8158
1334
-903
18602
-4268
-6053
-13016
-2335
-6394
13923
-6538
1558
382
-9823
18476
-5393
-8933
4217
7412
2037
-7446
9045
-3671
-953
-1539
-776
3217
9334
12932
17446
2375
-9911
268
-5693
-5036
-4985
401
506
-13799
-4210
2317
6141
-2189
13856
-5815
10555
-7127
-6993
7641
-1911
7751
3727
-2239
-3894
682
-652
-4904
-931
9025
-13200
-9043
-2930
-7090
4883
-4488
5258
-5641
-6101
-3294
-11649
-14902
17005
5678
-9287
-11301
-4179
-11304
1614
-3819
-9658
-3049
-1284
9358
2622
7506
248
-5079
-11884
4322
1494
15754
-3259
-6607
7644
-14506
-2757
2717
12016
13759
11049
14118
3689
11434
8242
4060
10033
-8836
2062
1953
3324
4216
3036
-3692
5953
12793
7443
-465
1335
13021
-3064
16338
-6795
8783
-9226
3672
-9361
5590
-1267
8813
1606
6298
1148
3928
1349
-12965
8443
6841
13386
210
-1789
860
4501
-2653
6954
1666
7789
9818
-2309
6198
5074
-2055
-1293
4922
-833
7529
7974
-870
-13995
4048
2622
-4082
1657
2013
-4857
2821
295
7366
1488
-3440
6235
-5570
5309
21700
5332
103
-1448
-5166
12606
-1653
2328
-6653
-4258
7881
1138
5280
-641
-2575
-4463
197
3403
-6649
2396
15654
-8433
-1354
-4864
-3464
-213
-290
2591
-2255
-7752
385
1012
-4924
-6203
8896
-2526
-6484
5040
3746
917
3305
-7894
-3600
2500
8562
1154
-9158
-5413
10567
-1192
3019
5836
-7899
-11939
-1365
2737
1799
-7960
3816
4034
7577
646
3487
4961
766
-239
1398
5333
968
1761
-860
9300
7701
11797
9885
5135
4566
2941
722
-579
-4226
-6106
2365
3105
259
-5517
-2064
1638
4793
-2235
-2726
4368
5445
9621
2642
960
6307
-6172
5705
404
4451
5417
2432
10516
20632
1978
-3032
5271
9812
25097
4938
1027
9483
20318
-90
7160
10700
7285
16188
8823
3595
6334
7901
9862
9754
-962
9541
10069
5482
-5744
5206
-19431
-1018
10514
11782
-1888
-2316
15608
1039
-1267
-3981
9789
9264
-4781
18896
-289
1973
4567
-4999
9502
1106
-14961
-14851
2668
1230
-4172
5451
-9555
-1617
-8268
1291
-6465
741
-2449
28929
-4533
-10438
12887
-5280
-10297
13307
6239
-5031
-10243
2339
-3164
-6291
873
3039
6797
-10774
6524
-4200
-4431
14820
-8909
-1885
2551
-109
1621
-9769
-330
9541
-7858
-6725
-6853
-3389
-3683
14620
-1288
-8178
-7575
5779
8609
10666
678
4863
4979
-1291
8159
-10657
1498
8137
-8273
2453
11656
-3833
25806
-1034
1297
4088
4962
-19387
-6869
5422
-12915
11657
-3175
-15517
-6021
-2491
795
-7658
-5059
-7975
9519
133
273
3036
5507
-2164
-15086
10863
-2695
-2164
-1616
-3051
-926
-1674
10119
-7814
18722
-4703
571
6606
512
14572
-2317
6374
789
1488
5118
6118
3335
287
-2320
-9579
-3261
8807
1434
11991
6211
9458
-7010
15239
7980
15365
6486
3928
-22009
9925
7043
9196
5146
-10999
8058
8464
-9107
22926
10862
7244
5993
-1948
111
-23715
13217
653
8820
4263
-7431
8303
11883
-1702
460
-7556
5985
-2382
15876
3618
-969
13025
-17890
-13915
21544
-2007
-3841
-10770
-9911
6205
-2432
2970
386
-4633
-8743
-1460
4995
543
-6802
-19899
-7691
-6960
11677
-3813
-8051
-5408
9094
2112
5806
-5657
-7374
-14546
96
-10263
8075
12789
1949
4181
-7030
-4457
-16466
12612
-7072
-2622
1105
13271
2049
3349
1301
11107
12729
5376
1983
18630
4339
5492
6888
-5616
2178
-4792
-2026
-12926
-4615
-517
949
-14634
7689
8164
-18072
-639
8586
12632
1915
15702
-7281
14407
-4884
3670
-5313
4154
1387
1953
3232
-2917
1731
-10266
4381
-530
1629
-3232
72
-2181
10506
-155
6239
-3219
5107
4080
9831
-577
-5493
-5765
-1303
1567
15235
-1739
10400
2333
-10712
12807
-7140
-1979
5162
4290
-2915
-14781
11495
-662
-2716
-1058
921
13564
3565
1127
4345
-1641
-8725
-9831
-8152
-2859
4326
3835
-4795
5869
-8548
5675
-50
-9513
7484
-6481
4384
4216
1207
-243
10171
-1830
1465
-2083
4874
-1060
4843
-9464
682
8248
-1581
-2844
2081
-5326
6556
-10634
-1861
-4191
-5852
988
-12323
-618
12248
6615
-5781
-10684
-363
5476
-7519
-7189
6453
-8666
-1425
4922
-2289
151
3046
1429
-11685
-2917
1932
5310
3244
-951
6849
-204
5114
11622
683
6117
4627
5708
2936
-6499
704
-5441
-843
-3847
2711
-7136
1343
-3602
5316
-4098
5238
13205
-2913
-2873
170
541
-2722
5537
-4210
8093
-15808
85
-7950
-1065
-1551
-1458
-3011
-2994
2610
-12011
345
-3585
7817
6105
1725
-4656
3058
6469
4151
-1968
1921
3728
3646
2154
16149
-5722
-7754
-8917
2869
-3557
9601
-5857
1335
2450
-12076
8462
-11855
-2776
-6859
4797
-2486
5749
13894
-891
-1834
7668
1051
3840
6431
-1086
12891
-2297
-15258
-1583
-3321
-7039
1504
-1557
-1222
-158
-11315
3920
4547
-3505
1528
-2304
7219
4706
3753
7020
7368
7164
2003
-6214
-7111
3696
1132
-2559
-5928
6377
-4476
-6344
-8060
-9692
8720
-10017
-481
-5360
-7225
-1435
-7431
-1805
11678
6377
-4554
-11952
-932
-9256
39
-5246
-5099
-7233
-3792
10643
2174
3951
3937
-593
-10500
389
-5102
14518
2661
-1623
4793
-17730
-8807
6190
7902
5343
8433
-6058
1359
-1680
-167
-3418
3675
-8843
3919
-5297
3468
1296
7485
-11014
816
4651
4709
-1807
-1600
7661
-10688
2185
-8651
6287
-3734
247
-10308
-738
2279
6694
1336
5234
620
-2372
7792
-7715
-2157
10000
6948
3586
-9796
4398
-9594
-8497
5329
4119
3303
12513
-13460
6736
4860
-7627
-940
10219
1279
2286
9039
4399
-28705
-469
-900
5040
-2266
8032
-9111
16393
691
14204
-3693
2097
8756
1628
5191
14608
11219
-6194
-14330
-17801
18298
-1873
12932
-123
-5155
18164
10059
-1723
-5013
2388
-22157
1629
-4090
-4441
12248
8453
-10236
-9615
-9133
-6618
1944
10875
1370
9591
-26109
-87
4123
-3629
-1615
2441
5184
-19554
5184
8008
4013
5085
1890
9078
-3780
7095
1024
-8688
1736
13878
-3038
3836
7183
-10918
-15241
389
7593
-1690
-10613
10123
1058
14695
8817
3227
1530
-2493
2249
1078
5335
-94
3535
6312
12149
-9593
6564
3889
696
4838
-5218
4941
9192
-12870
-16065
-752
-6205
-6928
-22263
-4097
-4592
59
-3375
-7909
9987
-1170
6656
5405
3738
3560
-7702
8645
-1165
782
5496
-4716
15099
18424
3892
-2489
-7189
8437
18614
10048
-7889
4637
20580
-1312
11491
10648
2443
17563
2064
1660
552
4883
850
21608
5909
386
19328
4438
-16137
13354
-16557
265
12436
19396
-8441
-11755
17303
1599
-13472
-9383
9435
15141
-5168
11218
-3216
-2147
11918
-11442
-1399
-3928
-1523
-16525
-980
11430
-5535
1338
-1021
-4572
-8246
4643
-12552
493
540
19255
9027
-17204
7095
-3785
-2888
19040
11098
-10675
-21052
5847
-726
-2630
7347
2788
14354
-18119
246
81
-1629
11905
-17229
9315
2304
-6543
1261
-9583
1533
13067
-13337
-10750
-3682
-535
2010
16417
-1504
-7464
-9789
14316
1351
8341
1400
4399
3604
3994
6237
-8879
10200
7299
-7216
1360
16081
-9284
18910
-13018
-2504
-2898
2473
-12015
583
1052
-17753
-1261
-10412
-12412
-7622
-4776
-10014
-14559
-5529
-9608
8791
-2302
-3712
10471
-2512
-3932
-10255
7587
-2532
-4712
-7703
-10674
-69
4276
8206
-17464
23219
-2769
8250
11045
7636
20267
4595
742
-2703
8928
9452
5362
2890
-7633
1189
-20530
-3239
10841
-5908
9930
10699
5912
-11748
9580
12031
16595
10462
4526
-15546
-1734
11132
10255
-949
-2988
16464
15676
6826
35213
22597
14043
12151
-477
5553
-26189
9800
-15453
12781
1475
-8762
6520
22008
6437
112
-15962
16855
-8379
17527
14117
-7477
10387
-13746
-6535
22127
-5539
-4771
-9686
-9830
5880
-17
-4755
-8570
-6451
-3355
3245
11008
8743
-8239
-15131
-294
-19022
7026
292
694
-2501
4544
-6708
9595
-977
-17574
-17226
-6039
-7736
6305
11081
-6064
4295
-330
-1618
-10451
14000
-11635
2572
4347
6240
1071
-4240
7051
14474
16399
9806
-7676
22206
11928
13074
15457
-3660
12812
-2454
-7629
-7106
-12577
213
2010
-11394
-540
4363
-4349
-2052
5902
15427
6905
13968
-6106
10965
-2024
11271
-7630
17369
-4156
756
9560
1706
-968
-11850
5897
1693
3805
2283
1147
7213
14175
-8415
-1740
-1569
1055
-4526
7580
-5106
1411
-19600
-6079
5039
2849
-7754
10910
-8468
-12423
3948
-3132
2675
10289
11115
2200
-7071
2439
-455
-775
6128
8591
9387
13934
13826
12547
-2689
279
-3487
-273
-4925
-1570
-16166
-4473
-1646
-5646
-1220
16006
6134
5809
1000
14301
-4300
5299
2723
-5695
587
6725
4024
7090
2393
1574
-645
3179
6423
-1554
-9189
-12111
-4024
10956
-6342
3143
7622
-9266
1290
1167
-5703
8835
12282
2539
-1461
-1825
-7074
-2322
-2050
-392
1025
-7471
-2780
359
-2719
-12591
7127
501
7155
-31
9369
-9944
-1890
13708
2083
537
-5132
8766
8538
4219
12482
-11017
-379
10810
7600
11604
-3329
13529
1886
-5133
-142
-4286
-609
1383
8558
-4921
4667
5752
-2022
-3174
6931
556
10126
-11157
-10562
-4565
2672
-1709
9486
-5308
-6362
-2399
955
4886
-434
3955
3428
14454
7847
1878
1915
4327
230
-1301
-3403
-4810
4216
3882
-662
8796
-12749
7688
2201
-4969
-4889
5463
1409
-15925
-7798
-14116
-1776
3044
10252
2225
-585
-1673
-2205
3181
8355
9588
3294
14647
8423
12938
-12814
390
-6257
7035
-6445
1829
-12859
-6192
-3670
-7328
-4846
-67
5247
-5536
1343
4968
-4659
14492
14496
-6853
3291
2452
2615
-2131
2524
4952
9194
-8708
3876
-4254
-6661
-13259
-3358
15541
-10907
-5235
27
-9537
6726
398
-5932
391
11950
4121
-1940
-5477
-1797
-498
-4610
-792
1114
-4563
4541
1985
-751
-10130
7686
4709
6924
-1333
5736
1311
-10
4319
-9146
-5008
-556
3773
6395
17391
3318
-5776
-205
2138
-154
-2125
-1524
5758
323
3394
3945
-4451
-10055
-9334
2150
843
4149
4791
-5708
-1006
-820
3013
-303
1533
-8165
-11182
1102
-2623
6047
-575
-3454
2591
3409
2344
-12679
-4002
3813
15878
6195
-4290
10466
5721
865
696
-4090
5352
10144
-2787
9978
6787
-2947
-1243
15512
-2308
-397
9810
-7277
-22535
-338
-1270
5327
-3822
14941
-2415
12527
1010
6034
-4064
3869
8225
12750
-4345
19178
12025
-1522
-9667
-21101
14538
-778
2806
-4894
-6555
17095
7285
-2044
1374
-696
-16938
-1786
843
-6979
8206
8755
-8142
-9802
-2278
-1718
-3675
9555
8591
-4208
-27640
-1763
-758
-8536
3787
1629
5149
-11079
10781
6353
-5577
11472
-7411
5933
2380
7330
5537
-1293
-2482
11753
-5481
-1325
9481
1879
-8521
2392
-3179
-4281
-9926
13423
4127
5751
12593
96
-5959
-7751
8508
4410
13048
4052
-3027
6566
11934
-241
1298
32
10659
-2750
8192
2248
11741
-12380
-12884
-1762
-10607
-4612
-18973
-1398
-17735
132
-4249
-15012
12141
1287
10407
7863
3823
-3980
-836
4129
-5039
187
-138
-16025
8815
16611
-367
-898
621
8799
14862
7024
-4384
12572
15932
12055
10447
2064
2964
11618
14344
7119
4375
4929
2466
12674
-3392
2252
9006
106
-6607
5822
-16233
1872
10888
15800
-6445
3541
14554
-2650
-1637
-4756
6282
8539
-5839
14312
1777
2323
5356
2175
-4291
-2072
-9742
-15451
-3571
2919
-11939
4807
709
-4677
-4285
5721
-6504
1718
-2055
10442
246
-3303
897
-4561
-93
6505
8111
-9374
-10973
4369
-8474
-4419
-882
-424
3772
-6211
7791
-3378
-4231
4612
-13727
5104
3403
3448
1419
-12369
4675
11848
-8644
-17337
-7746
2622
1476
4864
-14740
-4631
998
17660
-2086
91
-5648
7992
551
-4597
10842
2197
473
13343
-9499
3481
10154
-366
18576
-4808
1633
442
3786
-14075
-13421
6525
-6630
177
-4161
-9589
1802
-3282
-6205
-5767
-15736
-6737
1792
150
-1211
8041
1454
-1492
-1783
5311
693
981
-5485
-15745
15194
7442
-5168
-9629
8038
-1776
-456
712
38
8160
9635
6831
1882
8620
-3257
502
-1766
-1849
-2824
-10159
-9690
-3888
1162
-2959
7768
2797
-4001
563
-3005
7541
17195
13506
-2179
-3837
12436
-2151
6428
3215
-2813
-872
5485
2988
4358
6552
3212
-4652
-3474
1212
-3576
-2201
-569
2599
-7808
836
3936
2105
-4492
-2248
12541
7496
1763
-1795
1289
-2996
4551
1216
-2423
2228
-3864
-9203
-5051
1619
-10961
-3706
-2574
-8121
4679
-6604
1272
1177
-6348
2097
7049
-2600
5041
6489
2537
-5238
1895
-1615
-4985
-8933
-3968
-7322
-4345
-5250
1394
-3897
1603
4813
-12416
-1933
-3798
8314
3763
-2053
-2039
2073
-1913
2430
-520
5875
4946
6347
3677
-187
-2054
813
-2054
-9756
-1619
14213
-361
6721
3481
-987
3179
4907
-6817
-1458
-1939
-5687
2873
8397
-206
7006
-2575
117
-2044
-4115
1383
11631
-5854
3272
7828
1421
-3516
-5299
8754
2902
8424
7864
1495
6411
4853
5322
-758
7773
-4915
5917
-3690
120
3285
353
-1335
-1799
-5464
6870
8851
687
-7948
-7434
-8964
-283
10185
16149
-1795
-1377
5387
-672
6179
2609
-2419
985
6692
3870
6496
-960
10709
-6056
5929
-2411
798
-5710
2589
5091
-4944
-7273
-2322
4164
-11964
3240
3499
8028
4947
17328
-5772
-3878
1780
-180
-10549
8568
2724
-7889
-6058
-2861
-6860
-2818
4057
-15122
9306
-2148
-4756
2722
-470
2622
624
-304
4678
4366
2709
-9778
-1861
5189
-9731
-4009
-6020
-8901
-6218
2219
3963
-617
-813
5209
-4791
-3007
2898
3640
4089
-2764
4859
-8649
2636
5075
-4203
6718
9819
-237
2126
3462
600
-879
-4210
-1600
-5781
9089
-3068
7923
-2256
-7408
-3099
-1671
-4970
-882
3454
-8237
7627
1167
2871
797
5762
-3056
-2722
1082
4312
10696
-7562
-2043
17113
9944
1624
-4840
7857
-1272
5111
8786
-1258
14741
11308
12452
-1153
1026
8310
14814
-6494
15328
3770
6925
-8032
11116
-4324
10859
12463
-9344
-7584
12117
10925
14364
13042
19817
-4840
9315
16130
2165
1
6567
-144
5306
-13013
10315
7292
661
7645
-13045
6806
-6367
403
-125
-4276
19897
-12673
1447
7217
-6989
-16535
-491
5435
274
13119
-4139
13265
-4476
-8628
-287
-1369
1938
2638
-13558
-24570
-6638
-3080
-5574
10721
-10737
-11958
-6737
7392
8620
-5325
-4754
-15225
794
11712
1172
7698
-12085
1849
15671
-10630
-9292
9058
-5753
-3929
2222
2274
-6984
29
18204
-11947
-7314
10748
2222
-905
-3933
3865
13294
16247
-423
-7083
1999
3339
3876
391
-5154
7537
-2053
3279
-6482
-393
123
-6059
4272
17
-5574
-12990
1834
-20685
2619
2014
-14821
15749
3296
7601
17394
136
5291
13874
1830
-5001
-3977
-10129
-8252
