-9983
1967
-3512
-913
117
-1170
-670
628
-6508
-1993
-3412
2486
-7922
-1173
-1251
659
-1146
-2037
3129
-4415
2443
-297
-2683
-1395
-1397
191
-275
3058
-4601
-178
879
2479
2441
-5421
-495
1300
1637
26
-2406
-998
-107
-422
2114
3226
739
-2226
2110
-1601
-4740
3163
-839
3506
-1372
-1308
686
601
893
-15178
-7316
-4115
-2977
-2651
-1988
-3028
-2685
1050
1918
447
-1801
-6278
-1225
2700
649
71
-2337
-2750
-3449
197
523
552
-3814
-221
-4029
-1980
-8264
-2721
-870
-1839
2235
361
-8865
-4617
-7419
-1365
-1778
-1488
-6641
-4033
-2363
-549
420
-5178
-21667
-6607
-270
5669
14
-2308
-2209
-2882
-2949
-1210
511
-381
6856
-1092
-4850
-2873
914
-1675
-11911
-3897
-304
3167
-4735
-2127
-8792
-1916
-2267
-934
754
-2132
1831
-9971
-610
1345
1340
-390
-754
-1076
198
-1058
-897
-1989
