0
-122
-132
-2283
-3727
-964
262
0
0
498
1588
960
-925
-1143
1092
1958
0
-1736
-2777
-1276
-1952
-93
775
-69
4575
904
2292
-3108
742
-3189
0
855
188
0
632
-1397
-391
-1028
381
-3246
578
828
392
588
0
875
32
-306
-761
-1455
150
0
-527
-123
0
-289
0
2964
-2284
-368
48
-4408
1143
-194
0
738
1061
0
0
-1171
0
0
1082
0
514
292
-3701
0
0
-1096
258
0
-715
0
-1900
-102
293
-4001
0
766
-221
0
-840
-297
-995
1125
1817
-1569
-443
157
0
1341
1836
0
-4606
-1786
0
4627
0
-1111
0
-275
2444
-2534
0
1800
200
628
0
-2303
2154
-417
1131
1463
1408
2405
132
-3135
-1920
25
254
105
-3898
-1038
2146
0
0
-840
140
769
-1024
9
1279
1576
0
-2354
-578
240
-821
-106
-323
368
-1835
67
2694
-1554
186
-1418
0
1064
508
0
150
0
-390
3584
0
-1388
1830
495
0
0
0
300
-128
-935
-250
60
17
0
-327
-424
0
-240
171
1298
-388
-128
0
-4847
36
-1162
-82
413
-3170
0
0
-1497
0
0
425
500
2231
889
-3458
0
0
-247
360
0
-779
0
-825
-381
1167
-1033
0
-84
-730
0
0
-1305
-1188
1000
-37
-798
-608
-1236
0
-1886
-1498
0
-5045
-2725
17
2663
0
-1535
488
627
1902
-490
0
126
305
204
0
-2147
-401
640
-135
1002
456
-4930
-64
104
0
0
0
0
-429
344
2688
0
0
702
0
0
204
0
-30
450
0
385
-2413
0
0
0
2714
1349
-361
254
508
-824
381
-1122
0
0
174
0
0
1116
66
-90
0
19
846
470
0
0
0
0
0
0
210
-381
246
0
459
-164
0
0
-708
1148
1524
0
0
-406
162
0
0
504
448
0
0
-344
0
0
0
116
-116
-12
-96
0
0
1350
0
0
-2100
0
0
52
1397
0
0
686
0
0
156
870
0
0
-351
-33
-381
-1717
0
468
1651
0
-240
380
0
762
0
0
-590
0
1512
616
0
0
0
508
0
-252
335
-1778
0
406
0
0
-635
-341
0
0
0
-1292
-7512
-4069
-960
0
0
-2468
0
643
-4028
-60
3910
2358
621
-996
-1329
-1147
102
0
-3182
-1024
5101
976
1475
-1306
81
-6541
99
0
105
0
0
2868
-749
-4075
0
-3681
351
1581
0
0
0
0
0
-594
-730
-422
24
0
-2871
-2596
98
-38
-814
1640
-2116
0
0
-1350
2786
-227
0
-256
-869
0
0
-1937
0
0
0
2819
1339
57
-695
0
0
-3882
0
0
-4690
0
0
-2064
1548
0
0
79
-889
0
-111
-856
0
0
-1015
-805
-849
-3280
166
673
743
0
-1383
-6785
0
2668
0
0
1511
0
1732
-2674
116
0
0
144
0
-1332
815
2296
372
2785
0
0
64
-933
-216
0
84
-1587
-1166
0
-806
0
0
-949
0
599
-1571
0
0
2232
0
-932
-75
216
403
0
-1557
-3224
-1046
658
0
0
44
-188
0
0
94
0
0
0
0
-3479
0
-1346
0
579
0
-106
0
-469
0
0
174
-134
0
0
-4541
-285
0
0
-576
1206
-570
0
0
1439
914
0
0
84
0
0
27
-2666
0
45
0
545
-619
0
-466
0
0
-4668
0
0
19
0
0
-225
220
-368
0
-28
0
0
0
322
0
-25
732
-118
-152
225
0
-1539
1404
0
-889
-127
0
1855
0
0
0
0
140
-992
0
0
0
58
0
0
-565
0
0
737
0
56
-6
-264
-1397
80
-990
0
-1925
-1529
1918
0
0
-609
-707
-1524
-417
-889
627
418
0
882
-2250
58
-330
0
1883
2819
1501
80
260
-1464
189
-2799
324
0
608
6
256
-561
690
-958
0
-235
1419
861
984
0
0
0
0
0
-381
-4206
-762
0
855
0
0
-2563
-2360
-663
1531
-112
-2
0
-198
-62
0
381
567
0
0
0
0
0
-557
0
-903
87
0
0
0
2080
1244
0
-4454
0
0
-272
718
-390
0
-449
0
0
-400
765
-3871
0
-623
424
-3189
-3467
0
-3141
1188
0
-1425
48
0
1751
0
0
0
-66
1200
1085
0
0
240
0
0
-1862
3631
-1876
1656
-1763
-284
405
-4302
-765
-941
-4
2853
0
-8985
-3332
419
0
0
-2901
0
1607
-882
-63
493
720
0
-358
-560
1240
-1166
0
-2058
705
1433
0
704
-222
0
-4478
1197
0
280
552
100
0
-2708
5146
0
-870
-532
340
1110
0
0
0
0
-264
-854
2560
0
-124
1507
-165
0
-1066
1926
-2357
-2786
-140
0
-1016
-144
-2696
0
159
-1515
127
0
-708
0
0
-30
1625
2227
0
0
0
0
2649
423
0
-5811
0
0
-1334
1314
-190
0
-763
0
0
0
-1725
-1279
0
-2618
-1674
-3436
-4089
0
424
-4130
0
1377
-4743
0
1969
0
0
2135
685
920
-932
0
0
886
0
0
-1642
1081
1571
1026
-92
0
-615
-1752
1048
-714
0
-366
-1731
-735
300
-1088
0
0
1753
5985
2610
-179
-144
582
576
0
-3474
-1982
0
-880
-38
1293
615
508
2528
1152
-882
821
-2367
0
0
0
0
0
-1401
-257
0
25
-3505
120
381
49
360
0
120
0
-381
1479
-1981
0
0
0
0
363
0
-138
4076
508
-368
-519
-697
9
0
-2901
504
426
0
0
-5622
0
0
953
1654
-567
165
-1560
0
0
-644
264
0
-120
0
0
104
2187
-5315
0
2312
-80
0
-516
1079
-736
690
4091
-2177
0
-148
0
-54
2283
821
-1688
-1675
0
4562
0
-1077
0
-250
127
-1657
0
306
0
312
0
0
1208
-1946
0
1800
2568
1716
108
-2022
-2156
0
-780
-949
-3289
339
3310
0
0
1276
-192
1446
125
-1115
201
2247
94
-2276
-2987
-20
-2709
0
372
1022
-380
916
1517
0
81
-1252
648
0
0
7
0
-492
-385
1658
0
-2035
922
636
98
213
0
915
0
0
-1689
204
0
0
1164
-1066
-1397
0
-3254
2964
425
-128
1107
-5802
264
70
-3637
122
-252
0
0
-2667
0
0
85
4936
24
0
-4146
0
0
2481
480
0
-3112
0
0
12
3124
-2495
0
1103
-165
0
-60
931
-594
390
-2451
-3103
-4191
-3134
0
507
2466
475
-1694
-1041
0
6106
0
-2279
-3186
2444
1512
-482
0
0
520
697
0
-126
633
-1342
127
1531
722
-3603
-889
-644
-2081
140
-2946
-1615
-1972
-419
-273
0
1143
3819
546
1186
-1728
243
1578
-420
-41
697
-3803
0
-2286
-4379
3238
1520
1800
1042
3164
-5616
2067
-5249
1728
0
1340
312
0
2130
-1216
-363
3448
-1954
1624
3933
-47
736
0
0
0
-324
1915
-3105
2172
5
-1001
-3150
0
-145
223
2768
736
-864
0
-242
-2742
-477
-72
1465
2720
0
472
-1561
0
260
-310
2826
-3600
3
0
128
288
19
2682
0
-7065
0
0
-2384
4376
0
0
316
0
1170
1638
1175
-1470
0
1206
-1305
-4588
-4353
0
975
1223
88
-920
-1216
0
1627
0
0
-2054
368
4047
-3284
0
300
0
155
0
-1203
746
-7223
1285
1649
600
648
-2296
-3882
-162
0
672
-609
-4367
-2023
-3980
0
0
-2299
0
1271
-2658
-214
840
3572
0
278
-557
41
-60
0
-2787
140
3876
416
-155
0
308
-2430
0
0
2444
92
0
-1016
-866
-4080
125
-2543
0
2240
0
-477
0
0
0
0
754
-2744
225
0
-2089
-932
0
-254
-2311
245
-2017
100
0
-2727
796
-53
0
843
-158
0
0
-746
0
135
0
477
-1310
0
-325
0
0
-3385
0
0
-2444
0
0
-544
-836
0
0
-635
0
0
0
-175
0
-75
1180
-118
-1594
-1006
0
-1811
-1344
17
-315
-922
0
1710
0
0
120
0
-304
-1507
0
0
0
116
0
-1270
2571
975
324
-3009
254
0
-678
-617
-1740
0
700
-2191
-9197
-1365
-151
0
0
-2189
0
2779
-1312
0
1166
-810
0
-108
-646
1116
-602
0
-93
1981
2492
236
776
0
151
-4180
0
0
580
120
0
1107
-494
1493
0
-657
1778
1441
333
254
0
455
0
0
-706
611
85
0
1082
-598
0
-610
1089
-1386
-1427
-126
0
-8698
-169
-675
0
811
0
0
499
-538
0
48
0
1835
2812
0
-2203
0
0
260
0
0
-3547
0
0
-746
486
-508
0
-238
0
0
0
-2152
-27
635
-1566
-462
-1460
-3078
0
646
-3810
0
357
-1247
0
1512
0
0
1220
380
1366
-96
0
0
0
21
0
-123
2571
1273
0
-859
0
301
-272
714
-180
0
0
0
-3010
-1187
2724
0
0
-1239
1391
0
-696
-254
-24
4568
0
715
-3051
-762
-1016
0
1037
-1040
2433
1143
2382
-1957
938
-2273
0
0
2726
0
224
1116
198
-2256
119
-869
1719
2471
147
-106
0
0
0
0
610
-2142
425
0
-2589
0
0
-408
-711
2556
-2193
0
38
27
1568
20
0
1134
512
0
0
0
0
0
-132
87
-151
-108
-88
0
0
-847
988
0
-3145
0
0
364
1319
-58
0
294
-96
0
780
1240
-168
-60
-5
-99
-762
-2310
0
780
4065
68
-520
520
0
0
1524
0
-1298
-10
4413
-154
0
0
0
254
0
-630
-120
-3429
0
1078
1146
0
-2794
-1459
-2489
228
427
-657
-8531
-2614
-337
0
666
-3939
-3777
-910
-329
-66
1392
-108
0
1336
-2832
-102
-2130
-2284
-2446
1475
958
776
2510
-6462
432
-8110
0
0
1143
0
0
270
-476
1978
255
-876
1758
916
1713
0
0
0
0
-1281
-2214
-575
0
0
1107
-1070
709
-1841
-2379
-1450
-337
-336
-408
-1138
-129
-2354
-687
-381
-3283
381
0
1393
0
0
-86
33
-1025
600
-90
0
0
3231
3710
0
-6803
0
0
-1128
-1094
-4780
0
-258
-1687
762
-722
-1047
-2904
0
-2545
-638
-4708
-9023
0
1432
-2714
-804
-2033
-6035
0
1145
0
-1251
-2668
440
966
-766
0
-444
0
83
0
-3693
2522
3289
1094
-1177
955
1445
-1281
405
323
0
534
-1376
-3580
-2514
-488
0
0
-1469
0
195
-438
192
375
845
0
-2342
-230
650
-1043
0
-1491
-951
1632
1044
77
0
0
-3780
0
0
0
0
0
-684
-3376
-302
0
-3137
-608
753
210
0
0
0
0
-787
-1056
464
0
0
-386
-4185
-957
81
735
-1648
-408
-56
828
80
582
-154
-1750
84
0
0
27
-2155
0
0
-6
3836
-3405
0
-474
0
0
-869
24
0
-1899
0
0
-4030
608
-342
0
-1283
-50
0
0
-1016
11
0
-2264
-1498
-990
-994
0
246
-1441
-1651
0
-3096
0
1996
0
-800
-200
1050
-153
-884
0
0
0
0
0
-858
44
-1220
50
-1039
508
-842
48
-229
-166
0
1122
0
-866
-564
-4472
0
0
4059
0
-920
-3190
288
1875
-993
0
-57
-635
0
0
-78
-2386
776
3276
0
56
-770
996
-3485
0
0
2311
21
170
-1311
-974
-2207
460
-885
-1369
4814
809
316
0
0
0
0
-1291
-446
-1144
53
-2244
0
0
-1396
706
-1067
2532
-278
0
75
-2422
-624
-50
-230
-1116
0
0
0
0
-150
-6
0
-4249
61
0
296
0
-2644
186
0
-8002
0
0
0
1071
0
0
0
0
216
0
1933
21
-187
517
-18
-513
-644
0
0
-300
206
0
77
0
669
1157
0
0
135
-653
-3201
0
0
0
0
0
0
1015
-2475
155
479
825
0
-864
-1909
-555
0
544
0
-5095
290
-8966
0
0
3948
96
964
-2414
74
1189
429
0
-260
-1092
-4
0
0
-2016
-1648
1149
536
864
-624
612
-5697
198
0
3828
-98
22
-151
-819
-2547
280
-2959
595
3954
153
1230
0
0
0
-178
-1538
-429
-21
0
-7672
-233
0
-602
902
1353
-5104
-1465
605
-3009
-109
-465
0
538
-264
0
0
-572
0
144
106
1217
2226
127
0
0
0
-5798
504
0
-4511
0
0
-1079
-760
0
0
-222
-96
910
-119
51
-412
2356
1458
-2832
-798
-3544
0
802
-1550
154
-453
-3464
0
1989
1053
0
488
165
1992
-2599
0
0
0
42
0
-176
304
960
0
1462
888
-55
-208
-2800
-348
-767
-3102
0
-1677
-3420
2700
0
-38
898
2006
242
-2127
-1498
949
3241
0
-1071
-1955
0
-381
-5153
4208
2604
-1014
762
3514
-6243
2346
-528
3564
0
812
37
352
1202
423
-2961
3570
-2278
1322
1177
1866
0
152
0
330
-417
1146
-6136
552
-381
-4750
-41
588
-1025
-2769
2614
-2600
-112
418
0
1368
-1111
-75
2204
4160
456
0
-301
0
0
-663
87
-1098
-24
0
0
1440
-4764
4756
0
-277
127
0
0
2207
-580
0
2254
-1638
-294
3354
379
-3187
0
-8
-267
-4674
-4278
0
-1881
5316
765
-1261
665
306
285
2667
0
-1534
32
6399
514
0
2416
-976
381
0
-1418
-335
-4968
2978
954
2921
0
-3002
-2169
-108
1962
7145
0
-5550
-1860
-1296
0
-76
-3156
-1736
299
-3373
0
1786
304
1397
-483
-230
-8
-261
-6096
-6278
-863
2176
504
982
-4651
486
-3614
1188
0
973
896
32
-1089
-6898
-1974
2385
-3571
289
1364
2422
0
154
0
0
-2315
-3650
1680
291
0
-1711
-3348
147
-399
-519
248
-511
120
1493
0
3263
-4557
-87
-512
-8255
57
0
-412
0
0
1750
1362
-2460
499
0
0
1500
-2549
2106
0
-1438
75
0
-2247
718
-140
0
-885
0
39
-1542
0
-1943
0
-368
-2277
-1305
-2163
0
0
488
-56
-2222
-6977
-270
0
0
0
941
635
729
-2658
1062
112
122
93
0
-1287
0
2988
275
860
0
0
48
-744
-3048
0
-660
0
-836
129
7504
0
0
1872
321
0
288
-635
-33
975
0
0
-2794
0
0
0
5310
2982
-456
0
1397
-618
2032
-1428
216
0
1856
12
0
2511
330
-102
952
27
1598
2068
539
960
0
0
0
0
630
-3556
2542
0
1377
-82
0
-198
-2360
2132
4699
784
0
0
288
80
-75
2016
0
0
0
-215
0
0
0
29
-156
-84
0
534
0
2484
2088
0
-5250
0
0
0
4445
0
0
0
0
116
0
3132
-336
828
-1188
0
0
-2626
0
0
3556
357
0
0
0
1143
-64
0
0
0
2268
1008
0
0
0
127
0
0
469
-3302
0
609
27
0
0
-806
-330
0
-2196
-3132
-1756
-1428
-5370
0
618
3672
0
1600
-2532
0
804
-918
0
-737
-895
0
765
-208
-829
1307
3184
783
641
-1200
711
-1659
292
-56
2232
0
889
-2125
144
-1476
705
-1393
325
885
295
318
0
0
0
-1904
916
147
-2107
0
0
-495
0
-2667
-122
-525
-1813
0
0
338
-2770
78
0
513
273
0
660
-3175
0
0
448
1738
-1089
0
-880
0
0
-904
82
0
-1820
0
0
648
-180
0
0
1856
-15
0
451
-1920
0
1524
2440
-504
-345
31
0
450
-464
-175
-1887
476
0
0
-1452
-12
-2413
-100
669
-2204
0
0
0
208
0
-132
2522
-1440
0
-1257
171
572
-80
-542
0
0
1656
3186
-703
0
2960
0
-432
1956
0
240
-3429
0
912
850
0
-1100
-1449
-127
660
572
2246
1637
-2038
941
476
275
1831
-327
288
-80
1539
2
192
-2575
-864
-18
-315
-1518
160
1741
360
269
0
0
0
-1275
1053
-3556
834
0
945
0
0
-135
-89
2258
4699
112
0
85
2313
-497
0
1728
-1974
0
-648
-175
0
0
595
2508
-1452
0
0
0
0
124
348
0
-2272
0
0
-1248
2088
-290
0
-224
0
0
-1397
1392
-210
897
-550
-84
-570
-1652
0
-1587
2396
176
-2319
-4318
0
0
-96
-100
-133
228
875
-164
0
0
0
-54
0
-276
841
-12
0
378
30
-1521
-393
-610
-306
0
2576
-2182
-8879
-1860
-2641
0
0
-3584
963
4270
-4416
-1177
1766
1055
0
492
-1141
-445
-2197
-114
-6204
-913
4746
1663
960
-1449
986
-5144
2032
0
1780
266
75
-3302
-2260
-3432
150
-5367
301
1266
616
142
0
0
0
-467
-1564
76
80
-127
-1221
-2077
0
2
-1825
849
-4853
44
152
-2987
4971
-2004
-300
-933
678
0
127
-1957
0
0
-44
2959
-1396
0
-480
0
0
-4241
783
0
-3532
0
0
-1110
647
-1984
0
348
0
0
-504
-1314
-1236
-143
-2877
-725
-1614
-2907
0
154
120
192
-1084
-5641
0
3117
132
-808
413
342
2539
-2271
0
300
200
116
0
-192
1109
2458
1302
-316
783
1712
210
-1534
-108
0
728
-2638
-3796
-2595
-54
0
0
-3115
-1116
2846
-4243
0
4427
802
0
-903
-500
542
-1967
-381
-1214
-110
4265
394
2121
-2214
531
-4685
0
290
0
0
0
-1270
-1690
-150
0
-3220
1499
690
0
-53
0
0
0
-1056
-410
-90
200
-254
-2076
-1415
0
-285
-43
578
0
360
508
-4466
3970
-604
-348
420
-1615
0
496
-3075
0
0
596
3334
1160
0
-2382
0
0
-1703
240
0
-950
0
-402
-1900
838
-987
0
-839
-2484
30
0
-129
-265
0
-196
-2968
-637
-1139
0
284
331
-16
-3236
-5228
0
1946
0
-1108
1515
2257
3584
-1366
0
537
305
80
0
-3612
415
658
0
1248
0
-2655
568
-1196
-1016
0
0
0
-583
1118
4816
0
0
1170
0
0
408
-762
-21
700
752
0
-3302
0
0
0
3422
1988
-437
508
1016
0
0
-1377
108
0
464
1
0
1302
88
-252
0
23
940
987
0
0
0
0
0
0
21
0
328
0
1269
-1107
0
0
-2832
1148
1651
0
0
-1131
396
0
0
1134
0
0
0
-559
0
0
0
522
-196
-144
0
0
0
3942
0
0
-3675
0
0
416
2540
0
0
1078
0
0
0
1827
0
0
-351
0
-2667
-2222
-309
351
3683
0
0
480
0
1016
0
0
-4130
0
3024
644
171
0
0
1524
0
0
335
-2286
0
696
0
0
-254
-341
-889
0
-1878
-2349
-355
0
3688
0
300
-2298
321
-2540
120
0
-1302
550
0
814
-1735
-762
-450
-572
3964
2783
25
864
-399
-3278
2609
-764
120
254
620
8
0
-1717
1460
0
1296
168
784
1327
744
410
0
0
0
153
999
-3937
1339
0
648
240
0
-162
-1815
1704
3048
952
0
-714
147
23
0
1890
1965
0
516
982
0
280
-607
-638
-2804
0
0
534
0
272
1508
0
-2736
0
0
288
883
0
0
-1120
0
0
651
1044
-798
621
-1399
176
-920
-3947
0
-2130
918
-13
-925
2312
0
381
0
-244
-627
-24
1106
1140
0
0
0
226
0
-312
1492
-2735
0
-334
30
351
-1519
-624
-49
0
6287
-1894
-5928
0
-1514
0
276
-2182
-372
588
-3401
0
1892
-477
0
-1686
-190
658
-1590
-2028
-8407
-2124
2322
750
49
-1701
873
-4009
3258
164
544
627
0
-2872
-7052
0
2303
-4316
82
329
1164
244
0
0
0
-1784
-5030
2068
58
-127
336
-3710
0
162
-1659
54
-2930
-296
192
-1074
433
-3994
0
-2160
-3297
0
417
-2086
0
60
486
3527
-5443
0
0
174
90
-847
1053
0
-3056
220
0
-3069
896
0
0
-148
0
0
-2537
-1164
-1644
-99
-5402
-2375
-1460
-1241
60
-66
-857
-131
463
-4847
0
1418
0
-200
-44
180
-763
-2874
0
0
-44
-114
0
-948
26
649
558
-219
580
-533
-168
-523
-561
0
1972
-3683
-3272
-1785
-5989
-235
0
1230
0
986
-3480
-235
980
-540
2540
175
-430
-10
252
-756
-1629
1199
2356
1060
-310
-1771
0
-2978
526
0
814
-300
0
-1961
216
-3970
336
-1957
413
299
492
0
0
-335
0
-1614
-504
77
0
26
-177
-3487
0
-889
-1165
-1047
-537
-635
0
1647
-1596
-1219
0
4
-1817
0
0
-2228
0
0
0
3468
-158
495
-143
0
0
-2733
738
-112
-2523
0
-256
-1845
-3036
0
0
-741
0
0
-828
-772
-2057
0
30
-68
-2346
-641
290
-112
-1776
0
0
-3810
0
1466
0
-144
689
312
-792
64
708
0
0
158
0
-254
522
2451
1134
-1353
19
0
-1470
-58
-768
0
0
0
-6731
-2730
2494
0
0
-1980
0
1750
-102
-180
742
2016
552
0
-650
0
0
0
1189
924
1196
268
776
0
0
-3429
99
0
1016
24
0
1722
-152
4872
0
-483
1270
1155
0
0
0
0
0
0
-74
0
68
0
1128
-135
0
0
216
280
-1261
0
0
-4953
132
0
0
810
0
0
0
-767
0
0
0
2250
5831
1524
0
0
0
1825
0
0
-3325
0
0
-928
1220
0
0
22
0
0
0
-945
0
0
-455
0
-924
-2794
249
252
-1334
0
0
-2736
0
728
0
0
2135
0
2256
-322
174
0
0
240
0
0
280
1206
0
1104
0
0
-16
286
-378
210
-1896
-1161
-2693
400
-724
0
1054
1958
3783
1600
-2323
-216
2014
3933
0
-1235
-936
-4
-1827
-500
-424
-829
4471
0
1536
-1641
882
-2810
0
0
1924
0
224
-1656
-525
-724
141
-3341
419
2335
1041
488
0
140
32
-336
1467
-6950
575
0
-1545
0
336
-710
0
4160
-1723
-472
0
-29
-120
62
0
1596
452
0
220
-2118
0
0
1717
237
-446
0
-1440
0
0
-972
1845
0
-1085
0
0
0
1848
-2696
0
0
-157
0
-168
1721
-1718
374
3317
-952
-391
844
0
452
2626
646
-2619
350
0
5124
554
-1212
0
-380
1984
-2596
0
2251
440
0
0
-264
2969
-1848
2387
1179
1730
2708
-20
-3861
54
689
2633
-2708
-995
392
-2990
0
168
3553
-1502
768
-4805
87
2267
-264
0
-1323
-2375
-492
-2694
-1653
452
2040
2174
2119
1952
-2600
1405
-4767
442
0
534
-250
320
-2237
-210
-1355
1862
-3196
505
3285
830
271
0
105
-128
154
280
95
728
26
-983
-931
-1582
-253
432
2818
548
-1427
-119
-1316
-914
-2534
0
-58
-1403
0
696
116
0
0
779
1722
-1560
0
-1050
0
33
-2682
1729
0
-3165
185
0
-1672
-1297
-412
0
-2126
-341
390
739
-341
-3569
-66
-34
-1241
-6698
-3704
588
-954
-865
211
-6434
-4052
0
3234
286
-1524
80
1545
1785
-2030
0
679
773
0
0
-2441
20
-2560
556
1127
1027
-4157
-3859
-3403
-1395
-5429
-767
-12271
-2128
-816
-1690
244
54
-1693
1028
2167
-3101
-1819
1292
197
776
-4524
-2096
326
-1222
-2727
-5340
490
-337
3348
708
-2178
342
-1825
1085
29
450
0
636
-841
-6170
-2219
1929
-4464
560
453
1739
0
0
400
0
-6560
-852
-1861
196
0
-1778
-2537
0
-586
-3561
3037
-2191
-86
353
-8924
1230
-7685
0
491
-4822
-144
1242
-3271
0
0
4917
2333
-2390
249
-1811
0
486
241
1440
-1040
-157
0
-911
-5643
1150
-2847
0
429
-33
-126
-1505
-240
-3780
0
-1756
-7324
-4021
-4295
1194
-519
173
309
-7046
-9751
-78
4224
1016
-667
-1430
331
565
-2320
246
1524
-1808
42
30
-4927
-259
15
1764
-359
1564
-664
-807
-2825
-789
250
5173
-1394
-747
-1354
3050
-381
0
-147
160
87
-411
-302
-6
1500
1754
-2183
-2962
0
222
506
1450
-90
171
2649
576
66
0
-2897
1116
0
94
0
33
1302
-3627
-1524
-56
-3648
0
862
392
0
0
0
0
-3491
291
-60
0
0
-399
-7395
637
0
-1118
1674
216
-144
492
-672
1613
-1825
-75
941
-1128
434
0
-3084
0
0
425
4628
-1678
243
-66
0
528
322
360
1248
-2266
0
0
-5856
3319
207
0
1725
-288
0
299
1373
-864
0
-486
-2682
-3253
-2698
693
-54
3933
245
-127
-5392
-635
3590
0
-149
-3015
114
1335
-355
0
588
229
809
0
-560
-66
-1258
-315
1076
38
-3822
-619
-572
-378
0
127
40
-671
1838
-3881
0
0
2430
0
890
-2552
-24
607
-19
225
-69
-1502
0
0
0
-2656
-35
2367
686
1084
0
0
-3838
217
0
384
-17
0
-714
-1615
-4532
144
-1621
150
2513
0
0
0
0
0
-165
-449
0
208
0
-1769
-4313
0
0
840
924
654
0
0
513
-4672
0
-87
-258
0
0
0
-2275
0
0
0
4597
-4497
720
0
0
0
-2713
0
0
-3962
0
0
-3886
1588
0
0
1
0
0
-210
1149
0
0
-45
-1089
-883
-1582
1327
297
-767
0
0
-1822
0
1424
0
0
-5341
0
2103
-3801
207
0
0
1403
0
0
310
-668
0
2072
0
0
-88
-1317
-2308
0
-1488
-87
-2979
38
-32
0
450
-2084
-762
-2540
-267
-162
-780
-183
0
681
-1632
32
-270
-352
1455
2727
1916
0
-912
-3714
559
-2911
108
0
1818
6
889
-960
965
-332
45
-247
1398
1488
3078
100
0
0
0
27
-1037
-3199
-2593
-150
969
-246
214
-5210
-2478
-830
404
-144
0
0
-39
-290
0
515
1140
0
172
656
0
336
-817
-87
-1240
0
0
89
0
1902
2477
0
-6190
0
0
0
323
-693
0
784
-405
0
-80
813
-3958
1016
-1163
385
-1847
-3839
0
-3234
-709
47
-825
1720
0
2049
-726
0
0
-89
-372
1144
0
91
0
0
0
-771
4495
-1551
794
-1161
98
513
-1430
-777
-4
0
2641
-9
-2181
742
-4146
0
414
-1380
-11
-1379
-4868
288
-6
-377
0
-407
-1712
2
-954
-1248
-3999
325
4126
288
655
-3726
542
-3891
36
0
513
384
0
-1379
-1319
-4246
276
-1205
636
2045
1467
62
0
0
0
-216
-1472
1000
-738
-145
-1167
-1137
-690
-1576
1241
-1724
302
-546
-111
125
-3349
-2005
0
-117
-1404
0
112
80
0
72
-520
258
-6157
0
0
29
0
-2447
880
0
-8846
0
0
27
276
-152
0
-136
69
564
315
-1401
-1354
0
-4438
-468
-1862
-3587
0
-1384
-2754
-423
-366
1216
0
1173
0
0
-1905
757
3271
-2041
0
-1079
0
0
0
-1589
1173
-3402
694
-856
84
-779
-2436
-1463
-714
3104
4
-4317
-5575
-3770
-1345
-285
4880
1301
1811
-512
-5619
-864
2253
-650
138
1586
-1510
18
-6483
-10798
274
-209
-593
1915
4377
-11599
3716
-4954
534
0
616
0
1274
2817
1841
-4137
3332
-1825
324
567
4342
0
76
0
0
235
-1756
-1367
-764
-69
-4534
80
98
-4605
-2137
-1604
-2283
-2755
1026
25
2376
-3807
0
373
238
190
2005
738
108
0
-2384
0
-3745
762
0
267
3203
-7067
6509
-169
-5070
0
-304
-792
-90
-2036
0
-617
-94
199
1930
192
-7312
0
-1999
-506
-7334
-11088
166
-894
-941
204
-2640
-3955
526
425
-968
-305
-341
-12
6611
-112
0
1884
2286
0
102
-10939
2860
-3524
4252
-404
789
2130
-7707
10
-750
-3937
8837
-1891
-6205
-1547
-138
-1551
1119
-2569
-2108
6997
-5333
-1530
1242
492
80
-745
-278
192
-3636
-8416
-5287
-2358
4156
458
5596
-8293
702
-3681
2317
0
824
644
99
-1420
-11942
-2424
3772
-3291
586
91
2314
0
3410
0
0
-707
-2491
-1770
282
-762
-1711
-2497
962
-57
-1302
-1255
-1008
777
3416
-2610
3608
-9374
-3937
-6
-6040
2912
648
294
0
585
4827
1472
-1180
174
-660
87
7959
-3834
5268
58
-1004
0
-164
-2562
-1580
-664
536
-3828
-73
0
-3007
-240
-5196
0
-824
-1873
-3244
-4987
0
328
-884
-1021
-4393
-6109
-1391
504
0
-305
594
580
6470
-3365
236
-105
648
295
0
-3991
-134
3419
2367
-1349
508
-943
1056
-1590
-3048
0
-660
0
-836
129
7504
0
0
1872
321
0
288
-635
-33
975
0
0
-2794
0
0
0
5310
2982
-456
0
1397
-618
2032
-1428
216
0
1856
12
0
2511
330
-102
952
27
1598
2068
539
960
0
0
0
0
630
-3556
2542
0
1377
-82
0
-198
-2360
2132
4699
784
0
0
288
80
-75
2016
0
0
0
-215
0
0
0
29
-156
-84
0
534
0
2484
2088
0
-5250
0
0
0
4445
0
0
0
0
116
0
3132
-336
828
-1188
0
0
-2626
0
0
3556
357
0
0
0
1143
-64
0
0
0
2268
1008
0
0
0
127
0
0
469
-3302
0
609
27
0
0
-806
