-10
5
5
-8
14
-2
6
3
3
5
-3
-1
-5
-17
12
-8
0
11
5
-10
-2
-1
-3
7
27
-1
-5
7
11
2
14
4
-11
-1
-15
3
2
-9
14
-1
3
17
7
-8
2
4
4
-8
1
3
-6
1
-10
-10
10
-3
11
-4
16
-10
18
0
-7
26
-13
-5
21
-19
-2
1
8
6
4
-1
-9
-1
-7
8
-10
1
-18
-20
-2
-17
12
13
0
-1
-1
5
16
-5
15
-8
-3
-18
14
2
-11
4
-1
-1
-3
8
-4
-6
-5
15
-1
-2
8
6
7
20
-6
10
14
7
4
5
-4
-14
4
-9
4
5
-1
4
9
18
-10
-3
2
11
5
20
-10
9
3
-4
5
-5
1
3
-4
7
6
-3
14
4
-9
-13
3
-10
6
-8
-4
-16
3
-12
5
-4
-5
-10
-1
-17
17
-11
13
-4
-2
10
-4
-23
16
-3
8
-25
-3
-7
-2
-4
3
7
12
-3
-3
-14
-12
-4
-13
1
-10
16
-4
-17
-3
-7
-5
-8
19
-14
18
-4
-10
-6
1
17
7
-1
7
-17
1
7
20
18
6
-8
-10
-4
9
-8
-12
1
-11
6
1
-13
16
16
-6
-8
-5
4
-1
-6
15
-1
2
0
4
-9
-5
-5
-14
4
13
4
10
-12
-7
-6
0
5
15
21
-1
19
0
0
0
-2
-8
7
-4
-10
12
31
10
-8
9
34
3
-9
7
4
-9
6
-7
18
-18
-2
-13
-4
5
-12
0
6
-2
-1
2
-11
18
13
-10
-15
6
-3
13
-2
-3
-5
2
-13
16
-4
-10
-15
-3
-16
20
-14
-4
-1
-14
17
-2
-30
5
3
8
-14
0
-7
-3
-1
2
-4
15
7
17
-8
-18
6
-11
1
-14
13
-9
-23
-2
-6
6
-5
26
-8
17
-9
-17
-6
-3
17
3
-2
-5
-10
0
0
7
17
-6
-11
-7
-13
12
-6
-4
-7
-9
-6
-10
-19
20
10
-11
-17
-17
-10
9
-4
4
-6
2
11
10
1
2
-13
-18
2
14
14
-8
-15
5
-18
-5
7
22
19
5
17
-1
5
13
1
4
-2
2
-8
10
11
16
-6
8
36
12
-10
5
15
-12
17
-14
16
-20
0
-8
-1
8
3
6
9
-8
4
2
-15
5
9
10
-6
0
-13
-2
-7
3
-15
12
6
-9
14
5
-2
-2
4
1
2
14
-4
-22
1
12
-19
1
-3
-2
1
-15
15
0
-5
12
-21
10
20
-2
-11
-8
-2
14
4
-2
2
-18
10
4
0
-4
-6
1
4
10
-8
-2
4
-10
3
-7
-3
0
-11
6
3
-5
-6
18
-4
-12
12
-6
-10
-5
9
0
6
-5
-2
6
15
3
-13
-21
15
2
7
25
-14
-13
-5
10
-4
-12
2
3
6
12
2
10
0
-12
6
12
4
8
-4
2
10
12
3
8
2
-9
21
-4
-19
-5
5
16
2
-10
9
3
1
1
-1
-2
2
9
0
-5
4
-3
-1
11
-3
14
2
6
29
3
3
1
13
28
-1
5
1
21
-4
3
0
11
17
4
9
7
11
15
13
1
5
19
10
-7
2
-26
-12
14
7
2
-6
12
2
-3
-6
17
7
-2
16
-11
-8
-1
-2
10
7
-29
-11
-5
0
-2
0
-16
-4
-4
6
0
5
-10
20
-6
-11
14
-6
-15
11
13
0
-9
-1
11
-6
-2
3
16
-19
-2
-5
-7
25
-6
1
7
0
4
-14
-5
14
-13
-9
8
-6
-1
19
3
-13
-11
5
9
9
13
3
10
-4
6
-12
4
17
-6
1
6
-3
34
-11
2
1
-6
-27
-19
-2
-16
35
5
-31
-11
8
1
-24
-3
-6
4
-5
-4
1
2
-8
-16
6
5
-11
-1
-8
-11
-4
17
-6
16
-7
-10
1
4
10
-12
5
-5
-15
8
-1
-2
4
-5
-11
-5
11
4
7
9
19
-9
13
21
26
8
-1
-26
12
-3
18
5
-20
15
6
-7
22
7
-1
0
3
-3
-19
14
13
6
5
-6
6
14
-5
8
-11
12
-1
18
-11
-2
26
-22
-18
31
-14
-6
-7
-8
10
12
11
-3
-9
-20
1
-5
3
-10
-34
-5
-7
15
-6
-9
-6
24
5
18
-7
7
-26
4
-18
21
6
5
2
-12
-8
-12
11
-16
-7
-9
23
5
8
7
15
8
7
-4
15
7
4
-2
6
2
-20
2
-44
2
1
0
-14
12
8
-21
1
3
12
-1
35
-17
15
-1
-4
0
-3
6
1
-5
-6
3
-10
0
-1
-8
-9
4
-18
7
-4
2
-23
8
-4
5
2
-9
-6
-2
-2
22
-9
20
3
-16
11
-5
-14
6
0
1
-24
4
-1
-5
0
4
15
8
-11
-3
-13
-17
-9
-14
3
1
19
-19
7
-7
1
-3
-14
17
-9
11
11
-4
-15
10
2
1
-1
7
-13
10
-6
10
15
14
0
-1
-10
16
-18
-18
-5
-9
2
-11
3
16
12
-6
-16
-5
9
-12
-10
26
-15
2
4
1
-5
6
-2
-18
-6
14
4
6
-3
3
3
12
23
6
7
-7
8
-2
-18
1
-17
-17
10
3
-25
7
-14
20
-7
6
36
-4
-15
4
2
-12
2
-10
15
-30
-5
-6
-11
7
-11
-4
-8
-6
-20
1
2
4
8
-8
-11
9
-4
-2
-7
-3
-12
5
-8
13
-7
-12
-10
4
-11
15
-13
-4
4
-19
6
-13
-16
-13
0
1
6
9
-1
-4
18
4
-3
11
-14
10
-14
-24
3
-8
-1
-4
10
-12
-2
-11
-3
3
-7
9
-1
14
12
0
-7
7
17
1
-7
-10
-5
3
3
-2
10
9
-6
-15
-17
21
-17
-15
-7
-10
-3
-4
1
15
11
-4
-18
-7
-8
5
-7
10
-13
-1
13
9
-2
8
-6
-17
-2
4
13
5
-5
-1
-23
-18
13
17
6
0
-6
-5
-12
0
-13
-8
-2
6
-21
11
2
24
-21
0
21
7
-12
2
10
-22
-2
-16
10
-12
-5
-9
-10
14
0
5
7
-9
-5
13
-5
-7
13
0
-2
-14
-7
-22
-16
1
-11
5
11
-22
15
5
-9
-1
13
4
-4
16
8
-49
-4
6
2
-6
3
-8
21
-15
28
-6
7
16
-7
10
10
7
-19
-23
-20
22
4
14
12
-20
26
15
-14
-10
1
-23
6
2
-4
13
-5
-12
-10
-12
-8
3
7
3
17
-35
-8
24
-1
-6
2
12
-37
-4
16
4
9
9
17
1
12
3
-12
1
19
-2
9
27
-19
-18
-2
20
-7
-16
12
-1
14
24
2
3
-7
-7
5
12
2
10
7
7
-10
4
-5
1
3
-25
31
18
-35
-21
-5
-1
-13
-37
5
-7
-8
-1
-6
5
-7
5
7
-1
0
-5
3
8
-8
14
-11
13
25
6
4
-12
11
18
5
-11
-7
21
-6
8
-1
3
19
-4
6
-1
7
1
34
10
-6
44
8
-26
11
-21
-9
17
15
-7
-20
15
3
-18
-17
17
18
-2
4
-15
-14
7
-11
-5
2
-8
-14
-12
16
-4
-8
-4
-8
-4
12
-6
4
-5
8
9
-22
7
-4
-4
20
22
-7
-27
9
15
1
7
2
34
-34
-14
2
-3
20
-18
18
6
-10
4
-14
1
18
-25
-16
12
-1
7
21
2
-12
-15
19
0
7
14
3
7
7
2
-10
23
15
-5
0
14
-10
23
-27
-4
-12
-10
-9
-1
-10
-24
-7
-8
-24
-14
4
-15
-39
-4
-8
3
-8
-9
21
-10
-11
-9
2
6
-15
-13
-22
-10
4
14
-24
21
-4
2
6
17
19
-2
-3
-9
-3
15
-2
-3
-10
0
-24
-5
15
-5
5
21
11
-18
7
28
29
14
0
-17
-5
4
20
-3
-4
27
19
12
40
25
8
7
5
5
-21
9
-12
14
0
-8
2
27
6
7
-28
23
-12
20
2
-9
22
-17
-8
32
-20
-8
-6
-8
9
16
-3
-15
-12
-8
10
6
17
-12
-26
6
-25
11
1
3
-1
10
-5
27
0
-7
-31
-5
-14
17
5
-8
2
-3
-5
-3
12
-26
4
-2
13
3
-6
15
20
15
12
-19
19
19
18
15
11
27
-16
-8
-26
-12
2
1
-8
-1
0
-2
0
0
16
6
30
-15
10
3
7
-4
14
-6
-1
5
1
-2
-13
2
2
-5
-3
6
-2
12
-15
-8
-20
1
-19
3
-6
0
-23
-9
4
6
-16
21
-20
-19
1
2
-3
14
7
8
-13
-12
-1
-2
15
16
7
20
8
9
-14
-6
0
-3
1
-8
-13
-18
-4
-4
-13
19
5
15
5
21
-4
2
-12
-7
6
7
7
10
-7
4
5
14
10
14
-11
-20
-8
26
-9
-8
15
-13
2
8
-5
12
21
5
1
-10
-5
0
-1
17
2
-7
-7
6
-8
-19
7
-2
5
12
8
-22
-5
17
7
2
-7
18
11
-7
16
-25
-10
18
8
7
11
28
-8
-3
-3
3
1
0
28
-7
1
11
0
-12
4
-3
20
-23
-20
-1
-6
7
3
-8
-14
-13
0
8
8
0
4
12
2
7
-11
-2
-3
-7
-23
-8
-4
-2
2
10
-15
12
-1
-4
-12
7
1
-26
-12
-17
-14
3
6
8
-4
-19
-4
2
20
17
-4
21
0
10
-28
-6
-4
7
-1
-3
-8
-22
-7
-6
-20
-3
4
-1
6
11
-5
16
2
-8
10
2
5
-3
-7
10
16
-6
3
9
-7
-22
-7
37
-19
-24
2
-14
12
7
-5
4
21
7
0
-21
1
4
-6
16
2
-2
4
9
-6
-15
8
4
5
10
4
2
-1
-2
-10
-10
1
11
8
16
5
-16
-10
4
-7
-19
16
10
-11
10
10
3
-19
-16
16
2
0
10
-4
-9
-6
0
-8
-4
-17
-11
-8
5
-1
1
-9
-6
3
4
-15
-9
5
14
1
-4
3
0
-3
-5
-24
8
6
-10
20
7
-3
-2
23
-1
-7
18
-18
-38
-4
5
3
-8
10
1
16
-14
12
-6
11
15
13
-2
16
8
-13
-18
-25
17
5
-2
5
-22
24
11
-15
-1
-3
-16
0
7
-9
6
-5
-9
-10
-4
-1
-5
5
17
1
-38
-12
15
-10
2
1
12
-19
6
13
-8
20
-4
13
6
13
9
1
-12
17
-7
0
30
3
-8
1
-1
-9
-15
18
3
4
30
-1
-14
-17
6
10
29
9
1
8
7
1
-5
-10
17
-12
1
25
24
-34
-16
-8
-9
-8
-32
10
-27
-8
-2
-14
8
-4
11
14
0
-11
5
-3
1
-8
2
-31
4
23
-1
7
-4
12
13
1
-5
6
15
13
7
-14
4
9
11
15
4
7
4
18
-2
-4
16
-2
-9
3
-21
-5
15
11
-4
2
10
-5
-3
-7
12
6
-3
9
-7
-8
0
9
-9
4
-21
-12
-17
3
-11
-1
-2
-8
1
14
0
7
-9
-3
0
0
0
-5
0
0
16
-5
-10
5
2
-3
-5
-3
9
-9
0
-4
-6
8
-13
11
7
6
4
-19
10
17
-15
-27
6
5
6
4
-23
-9
3
25
-5
-3
3
6
1
-11
11
7
2
26
-8
3
3
1
23
-16
3
-6
-8
-14
-34
0
-6
-2
3
-18
1
6
-9
-21
-17
-5
-6
-5
-6
14
-4
-7
3
-2
11
-7
-9
-31
13
9
-9
-9
4
-3
-11
-5
4
-1
6
6
-3
-4
-6
-10
-8
0
-6
-12
-14
-12
4
-10
13
4
-4
-3
2
8
25
9
2
-8
6
-4
6
9
-1
-12
10
-8
-3
-2
-3
-1
-8
7
-11
9
-11
2
-6
-9
3
0
1
-1
19
17
-3
-17
1
1
4
3
-3
-7
-7
-5
0
-3
-2
-1
-7
-14
11
-10
-12
4
-9
4
16
0
9
11
5
-6
2
1
-6
-13
12
-13
-2
-10
8
-9
4
3
-19
-5
6
7
8
-6
-16
7
-3
6
5
7
-6
8
-1
-10
-3
-5
-19
-4
-7
14
4
19
17
0
3
21
-10
-12
1
-4
-4
6
-4
12
-10
-5
3
-15
13
6
-10
3
2
0
-6
-1
5
3
2
2
6
-4
-1
4
-6
-5
-8
-1
-11
3
3
1
-2
-8
-5
1
16
0
-11
-11
-8
-10
14
12
2
-5
-6
-1
6
8
-1
-8
12
-7
0
-12
6
-3
5
4
-5
3
-5
6
-3
-25
-6
3
-9
10
10
18
1
6
-7
-1
1
1
-15
3
6
-4
-2
-15
5
0
2
-25
22
-1
-23
7
-2
4
7
3
9
8
6
-14
-10
9
-17
-5
9
-16
-5
0
13
-6
0
4
-9
-6
16
2
8
-7
-1
-9
7
11
0
8
3
1
-3
-5
1
-8
-23
16
-16
5
0
23
7
-14
-7
9
-7
-10
8
-7
2
-4
0
-5
3
-9
2
-8
18
5
-13
-6
16
13
3
0
4
-2
-3
3
1
10
8
14
-7
-16
13
15
-14
30
3
9
-12
15
-3
6
26
-22
-10
10
26
23
18
15
-2
11
13
5
-1
16
3
0
-12
3
1
-10
2
-14
6
0
-5
12
-18
29
-12
-8
7
-11
-16
2
12
4
14
-20
13
-2
-11
1
-2
-8
6
-10
-33
-26
11
-5
11
-18
-28
-10
0
17
-8
-8
-15
5
15
3
12
-18
1
21
-19
-14
30
-10
-2
0
10
-12
1
26
-19
-11
27
1
-3
-10
-3
23
35
1
-4
1
-9
6
-6
-16
12
-11
-9
4
-4
-11
-5
11
11
-10
-22
16
-32
-3
6
-13
13
-1
7
39
-6
2
27
-7
1
-14
-19
-17
