11243
7987
2581
-20614
3802
15791
-1042
3123
19918
3384
5972
-555
11407
7308
-800
9617
-3835
6235
-5918
4900
-2325
1218
310
8913
5593
-5852
3953
5390
-567
-4993
-11328
-9987
-18857
17404
-6564
-14467
3550
-15051
-6872
-3928
2884
4465
-13621
5237
-8170
14383
3859
5683
-61
-11826
15093
6494
3941
3771
7134
7828
-7587
-2478
9741
-3409
-3331
16086
11723
7123
12532
20798
4092
-8709
11958
9966
4087
4887
-2265
-15302
-11534
7274
4079
2833
-10728
-19568
11474
13964
-3458
-1501
18423
2693
8104
3780
-9783
-6748
-10094
-688
5806
8676
15863
-4877
-10217
-1954
-14728
26000
-11635
948
-2427
-2004
-7323
2954
9057
-10891
-11479
274
-5817
6324
4424
11557
13493
-8593
-162
3248
10675
17552
5885
16923
-730
11602
-17245
6040
7172
-15705
5485
-1434
-13571
-24557
1438
3161
-2640
1028
2133
10318
-290
1260
-19695
9326
-9882
-1100
11090
7013
17642
-18576
391
20085
-4062
-1809
425
-10721
1603
7655
5668
29222
-1223
1541
-7443
-13825
-16271
32146
-16073
1906
-5206
20372
20267
-9862
5472
1361
6347
21151
10692
-6898
1822
18504
290
20807
-8528
14603
269
-5468
-7168
-7341
-4927
-3861
14083
8181
6796
15010
-3026
-23074
4608
-10505
6680
6381
1355
-9622
-5393
33444
23737
10575
1651
15985
3542
13338
32692
15448
-6518
1018
11746
13649
11325
3394
1419
-8447
-11541
12836
-1355
-5558
-3269
-1920
17747
7635
4003
-9381
26939
4226
-4349
3674
-19709
9734
97
-6909
21639
1819
8399
15527
17955
19112
5513
9621
-1198
15244
39626
-13383
-7709
-4202
1591
-5694
-359
2467
10198
-7455
1607
-1763
8165
-5130
2434
1855
33080
19136
48399
-3596
-6372
9826
9153
19102
27508
2712
12929
10645
-6689
-12860
5656
-3827
11639
13932
115
8126
-6213
16416
8054
11977
-17760
7681
12529
11152
14942
-12580
-5512
7226
24326
-2274
5868
-1100
720
19226
2404
29553
7676
12625
-7631
-15913
-8623
33906
-24392
-6508
-5272
19082
23018
-6600
19059
24506
-564
20075
17130
8744
-4092
16510
3095
21978
-5825
3965
2868
-34616
-12598
-8361
-15664
-3813
13860
9456
5765
10353
1952
-19606
4738
-8873
2988
1261
5065
-14199
-14813
27257
25793
19643
-7325
16584
-6379
14905
24180
20399
-7115
-18872
12574
3973
14366
8725
-1948
-7175
-10276
4867
-22566
6678
-11585
-7349
21976
-5220
-8294
-13177
28559
12782
-13649
-1905
-21082
-1317
12966
-7249
15725
-2776
11415
11834
14055
26358
11989
7372
-7820
9106
33372
-20327
-14735
-4631
-7573
4311
-6258
3856
8746
6778
-1826
4979
7953
-9808
-7160
12355
43155
19235
33880
4524
-3408
32519
13745
26155
24840
-7048
8180
21267
1855
-11551
9508
-4358
9789
16772
-9017
6410
-16002
9041
-2755
10845
-15554
6198
13710
1983
786
-19108
-11911
1744
-9833
-7286
-14845
-11212
13933
-17165
-6006
-660
6271
-13428
3613
9884
-13497
13859
1339
-2663
-9071
5726
-8637
-13401
-11115
-9728
1397
1682
13841
-27751
-10618
1039
1707
-11797
2659
9052
3441
12204
-12027
-3634
-3890
1103
-17579
17967
15982
3506
-2188
-13405
8680
-6158
9122
13875
10446
11619
4648
13824
-2498
7073
1467
289
5522
4169
15662
14257
-4209
836
2755
1026
-2260
-6717
5300
-8446
7180
11255
20736
-7703
-15584
474
11130
13754
60
-150
10462
-169
971
-10619
-1246
-6841
-8499
4850
20671
-2441
-199
2289
6521
3328
940
-1181
-1729
15434
23498
9248
-10511
2959
5579
-4086
-10049
4238
-2533
-13868
7639
2054
17332
-12530
3060
-6571
-8922
7905
14511
8828
-10172
359
-2053
12385
6980
2977
1346
4865
-6677
-16420
3261
6842
-3650
15169
1214
-174
15395
-1583
-14589
-2286
8920
-10162
-634
-8331
9403
1470
-6177
-574
-6739
-15467
-20233
-10110
1093
3656
-6233
1127
-14914
-24530
-8528
3154
6278
6868
11034
-3111
8358
4477
-7153
-731
-22035
-5153
4678
577
12765
-14106
19709
-9916
2203
1972
5328
21432
-4924
6320
-14461
-7896
-5293
-1876
21194
-11769
-11364
6504
-1899
-1864
-20581
-24034
8494
17658
3850
-9987
5489
23479
-10502
-15528
-1038
-13826
3640
-9873
12179
-18723
-14211
15410
-14608
-6759
-199
-12673
7414
20615
14755
8452
-1118
-5146
1346
17446
-3117
9638
17159
-3081
-5141
-19992
-2890
-16164
5611
-414
-21020
12420
8147
3018
-12583
11253
18336
-2059
-10885
-16701
22720
7561
22046
7830
-17
-4781
-12168
-6752
7885
-6550
9717
-26316
-9942
-21489
-10908
-452
-3266
-20177
-3540
-13498
8766
-30140
-7231
-36246
7500
-1151
-3522
33107
-2022
-19051
24553
-6028
-6379
6644
-16358
10088
3224
-15929
1211
-4716
23838
-11770
2921
-5337
6872
15719
-6873
-17960
5999
19603
1027
17420
45604
18910
11171
-3667
10410
2685
-4149
37088
-18307
10556
-4905
-9161
-15525
11905
5490
-6885
5825
867
21735
16335
-4793
-16874
-6158
5466
-30300
29766
-5386
-12959
3142
-22842
-4662
-13840
-9284
9154
-9369
-9514
-19254
372
-17252
6836
-10842
5
-902
33505
-1491
-3234
-22542
11343
16433
-17127
11857
-2939
-9832
23810
11158
14693
3148
25262
11600
-14697
22307
-2846
-3245
12588
-16567
-19341
-20419
-3955
5395
-318
-9815
-27179
11588
8615
-24417
4205
4369
7438
14150
23941
5298
-2924
-13459
-7606
-14818
12743
28336
-11318
-27736
-9954
-10179
29448
-26543
-6447
-17406
496
-12515
-11094
726
-12500
-17833
-4884
-11601
15786
-11191
14090
-2634
-8411
-10557
5024
4486
17750
-11691
28776
5984
29201
-15208
841
6411
-27205
-6319
6521
-19691
-14864
8134
3126
19993
-24737
9662
9469
-2955
-7843
-20816
7526
285
7456
19940
2026
16798
-24758
-9314
10146
518
-9592
-7292
-6406
13355
-548
612
13925
-1880
-3023
-12581
-10645
-24525
23238
-26180
10353
-5754
10678
15994
-13273
-506
-711
-7002
20877
25494
-7016
-6938
12065
12656
17647
-774
20664
3643
4737
-24143
-12239
-3905
-10789
9857
20433
9793
18819
-14660
-22384
-2824
-11895
2174
10146
-12718
6800
7279
31481
13127
21598
2066
4654
-4687
16319
37278
16206
-6938
-885
10068
-5224
-373
5720
-4466
-3680
-10647
17816
3570
-23565
-10453
1680
11873
-2236
-1179
-2926
6883
4649
-10183
6081
1059
-1326
-7868
-9032
24600
4544
4354
5164
20802
12541
16688
4738
-3935
29247
41749
-22621
-17429
-18313
-16194
-4881
-879
8829
5842
-20544
-3372
1794
21845
-18532
-1113
-8083
7873
18727
44719
1757
-20998
16717
9354
12712
33690
7685
8630
25383
-1089
-15398
9050
-9188
9703
3134
-5054
7626
-9858
19005
2925
4711
-12284
-638
13455
9936
13678
-12632
-12272
-6349
16613
-11699
-6412
-14840
13075
11003
-14672
16884
-3127
12842
-492
-13499
-18562
18892
-23710
8618
-10722
17650
20629
-14619
15658
13550
2739
18500
13609
12570
3629
7916
3680
18900
-6057
15025
-23
-25692
-15357
-5752
920
-5875
17633
7230
7483
14338
-15013
-20937
1562
-13230
888
15324
-2287
-7062
-2812
30690
15003
22342
-2614
2100
-10021
11916
32078
13957
-4791
-8302
5211
-5996
19482
3239
-5986
-3458
-13478
13033
-21420
-13862
-7167
-857
11206
-4751
-2080
-5707
12807
2019
-6831
-2685
-11650
-2634
-1686
-4674
21483
5325
727
2497
20438
7314
9032
1381
-9041
19799
36421
-20467
-14999
-7683
-7460
2338
-3055
-7300
13469
5779
-6199
8051
-7844
-9392
-7223
-10951
31212
20288
30254
11369
-17793
28810
9300
12953
22625
8299
15309
11600
7039
-5340
5479
-890
11552
9582
-1282
4725
-12242
11337
-6059
-3598
-8667
3688
25725
-7780
-2397
-29513
-17249
-17197
-22412
2275
-25608
-1557
38584
-16694
-18723
-7025
-2732
3801
15223
22385
-19817
17391
7018
15175
-19014
4271
-23438
-7383
-8001
-16206
8658
-12650
25527
-27862
-11930
-1732
-17012
-22386
-2422
14306
8906
11960
-4450
-162
1652
-13879
-21341
6050
9396
9305
-2882
-17741
14687
-3742
-365
39258
8048
17661
23410
21148
-20721
10009
-3660
-16006
11592
-13547
15545
-5751
4559
12839
-12629
9560
-21823
-27860
-4638
-6002
10847
21812
38975
-20192
-5809
16276
-5875
30136
-14214
25231
-178
-8502
12786
-504
13428
-8798
-14462
18102
13879
-14045
-2903
-13418
19460
-18263
3443
-72
-6701
12132
39053
27270
-9946
-7860
-7641
-20324
-5747
-5134
-2163
-16497
17600
7961
7585
-2588
-11374
-32218
-19814
-6531
14586
11027
-18218
5153
-1734
-14768
12523
28878
-4769
-5182
-9935
9367
-7234
19296
-14920
-345
29593
-9700
25159
-13965
-15578
-9611
48905
2213
14794
-16105
7869
-13976
-11465
-7570
-19367
-4095
-25491
8889
12560
9081
-8016
-2806
-16642
-30273
-17431
3884
738
12287
8462
6460
4915
-2569
-16255
-5892
-18274
-11713
-3696
1615
17560
-9500
14515
-3187
-256
2699
5444
26431
-3531
5986
-11795
-9411
-7657
-11781
4411
-12130
-17477
13845
-7751
-5474
-20227
-26830
4903
24605
-827
2521
22860
26792
-20710
-9809
-7460
-25479
-3156
-13090
16611
-28718
-13107
16897
-17557
-11732
-22653
-15846
76
36226
9852
18931
9748
-19137
5398
20432
-9637
18968
-1567
12160
-10603
-18491
-265
-7677
23347
4741
-12022
19977
3194
-1679
-14834
12758
23231
-6577
1317
-16502
10897
13618
29387
-3901
-6795
-21116
-35343
-14792
7294
-435
3315
-43469
-1069
-14908
2561
-693
-11604
-31869
-16628
-23754
14894
-28422
-25302
-25724
13017
-894
9025
37172
-13703
-11082
14798
-5817
-12891
5559
-17387
-162
16655
-25091
-2879
-8049
32494
-12145
15363
-4223
13957
9143
3212
-31310
2022
12830
4061
19469
50213
22176
9374
4995
23596
6298
-2948
37632
-22652
8263
267
-5222
3120
-3006
15186
1800
9493
-2706
11169
15156
-1010
-20605
-14797
6806
-32507
19015
-13281
-20883
-9884
-37153
-4560
-30673
11217
4341
-24288
-1148
-10298
-3061
-15199
12732
6902
5407
6261
22808
588
6342
-4675
6823
-3553
-26154
6622
-244
-20016
27353
26968
7631
-10228
39423
14319
-15851
15356
10224
-11180
7163
-8771
-20286
-25057
2698
7258
14866
-12978
-18329
5591
8803
-27282
4740
16901
7603
10796
15247
-2566
-16116
-6209
-6370
-17211
2659
30202
-10837
-14942
-5813
-17926
34873
-27457
-24306
-22055
5644
-20680
-471
-7661
-11211
-12588
-825
-12295
11387
3398
17755
247
-11848
-4432
18467
14413
23958
-21794
15036
12379
24071
-20750
2199
-2197
-32894
-17336
-2276
-18805
-18924
1423
-9136
1575
-23915
17931
18731
-15565
-20520
-27748
21679
7696
-13635
27357
1703
16732
-30644
-11221
600
5375
9758
-6628
-371
7925
6979
13584
16704
5531
-7004
3543
-12579
-9782
24072
-910
928
-4023
18016
14774
-14045
-1325
2367
-3765
12181
462
-7459
-10573
5642
-15316
1743
-17562
-6385
-4345
-13755
18400
-10431
-20766
955
11055
17524
10441
16607
10822
-18892
23365
-13163
69
22850
26816
-4950
-20618
23521
10243
22393
-6548
7214
5654
3156
21848
8592
5919
-5275
-2905
28292
-495
-8385
1031
-5697
-13911
28844
2355
-3532
-11626
9898
5022
13064
-7676
-2891
26058
-938
-6986
-6783
-21786
-8761
4843
-489
16455
-11478
7709
4961
15657
6384
1688
15249
-7737
7103
19244
-21348
-6401
-641
-14165
-6910
4332
7666
-1247
-10623
24275
7112
26752
-16677
449
5000
25669
14766
25390
-443
-11843
15905
-5935
10462
23335
-5803
3803
7137
4735
-13518
-10861
-1908
-19502
5873
10804
9372
-8904
2533
-9590
7750
-4151
-12413
23453
-122
19358
-25888
-12211
-4062
-2862
-5303
-18185
-14803
16775
-5537
-9432
11861
-5661
982
9440
-9009
-15212
21074
1642
3756
-15685
18488
3601
-16916
-13461
-12936
7303
10342
6100
-16765
10069
2844
-17496
8711
-16064
20242
-2727
-8354
3281
-9060
-9254
-1417
14918
15480
21866
10221
-8280
-24713
14924
-24130
586
29874
23513
7132
-1326
34767
-3705
6274
5854
-6583
5650
-9776
19483
5028
977
13594
-5139
12485
3528
-12499
-5004
6181
-2233
23571
-4757
-12506
487
16549
-3278
19076
8029
3192
13181
-414
5894
-2968
-8037
-8701
-14646
16191
33154
755
-612
-10666
37602
3998
-2678
-1820
7621
19874
37034
-8301
-14439
-1016
-781
-16003
-5217
-8728
11513
-4870
14687
13191
16682
-7767
-3041
-23397
11416
6619
34125
2594
-21967
1780
-3005
-4088
15600
19072
16074
-3534
11675
-8301
-5215
6760
-15277
9446
8399
8183
2103
7513
-11359
5821
3467
-5767
24438
-19489
6712
-24501
-9261
-19427
-9328
321
-19310
5099
29971
-22355
-6251
-4627
-6389
-13186
11805
16938
-5671
17936
4216
8116
-10597
5731
-13917
9297
-29557
-27150
-8524
-14608
30608
-40666
-19917
-6423
-23519
-18866
-2267
5873
-419
20884
7519
-7991
-11363
-7923
-7786
20815
19449
12876
10992
-12989
16703
-14026
-3325
29984
16788
18899
8755
18912
-22211
12154
2916
-23556
15522
-22763
12540
-11789
-2711
3765
-25731
13154
-21812
-28160
-131
-75
25906
29435
35772
-18657
-11182
18194
-11474
18571
-40
17081
1082
-9639
-643
4370
13025
-26960
-15233
10957
11935
-19561
2003
-14189
11756
-15094
-2543
-1708
337
8191
22409
11078
-10532
-4155
-17336
-18990
10293
-8099
-4875
-18137
18771
1965
28969
-21905
-3003
-26291
-20510
-14314
8782
-4405
-17096
-8432
-10957
-9509
11405
23570
-8594
-2214
-2790
6230
-12917
2467
-32377
102
19931
-2150
11047
-2658
-22561
-7693
38841
-7633
-1213
-12338
7019
1245
-6936
8558
7253
-4895
-11314
2223
-3358
8765
-4753
-3321
-12199
-20895
-5350
-9572
-63
5109
-9155
7624
19772
-5357
3267
-4491
-9737
-556
-14885
3030
6257
-10429
2331
-3358
9659
6261
9723
5812
-18853
4173
-12660
-6330
-3288
2027
10974
4438
-6029
5013
-12440
-5637
-13745
-11868
7348
10493
-3836
-328
8286
20257
-7244
-6876
507
-18587
-9752
-8351
18661
-21730
-9155
-6070
-11251
-2813
-5412
-8804
623
18266
4478
10848
-8295
-11900
-8338
1146
-8851
5725
9864
-7892
-6251
-8488
-5721
-3145
4655
-7818
-13762
4821
10635
19133
-14251
2971
3511
-3992
-6250
-12308
6117
14728
10847
-25653
644
-3407
-15100
-9283
18562
-4295
5180
-19544
-9262
-17978
10785
-13540
-8415
-16150
-849
-12710
8220
-6754
-14784
-25087
292
-481
2889
10107
-1813
-7200
16807
-8448
-9729
6663
-9395
-2114
2659
-17524
3321
1224
12907
-7351
-16265
163
10231
3146
15262
-15166
867
23664
1090
-4640
-7776
-16080
-2280
13637
6704
8437
-780
-2604
-10509
-1894
-16126
12206
-4793
14662
-4375
7692
10110
-27225
1304
9853
1718
16180
6264
528
2261
5035
14861
12140
6909
-4411
17
-8279
658
5663
15248
4760
12659
3978
-1822
1587
-9759
-22189
257
609
11153
7552
-5424
-4218
-4712
22497
4598
13343
-2382
-3779
-9661
-4711
32652
2631
11897
-6028
2402
16770
710
-5920
7066
-4053
-5093
11655
-5055
-11365
-4167
-1363
-71
2815
-4099
887
11894
-1193
6134
-1280
9013
-1336
-1129
2774
23100
5457
468
1448
10035
-875
-4145
8620
-2401
13146
26315
-17080
5712
3897
1832
-9086
15580
7381
-7323
519
3502
-6264
-7414
-6969
9663
-5812
15379
6052
27743
701
-9984
7697
630
1983
15425
-3856
17308
3401
7453
-12400
-3677
5198
6334
2688
6659
-110
6178
8808
3065
4834
-15713
-12128
9878
-5736
15118
-16323
-6957
-2864
966
-11324
-21093
-18521
8232
-1735
-4457
2629
-12640
-6574
-5712
1468
-11345
7152
7901
9835
-4371
8296
-2650
-25032
-19277
-7193
3303
5160
5950
-10152
9707
305
3989
7805
6324
4295
3450
5160
1014
5452
15647
6275
17084
2941
5182
-5208
-12215
-16766
-2885
-17113
12241
16066
1261
11662
-4123
20880
-10396
7560
6720
-19572
-1310
-15864
25860
-8964
7730
4911
-9607
9667
-3058
-15616
12746
4059
6316
13545
1941
-13957
-230
9281
-12208
7192
15058
4489
153
-9496
7039
-8840
12866
-7462
-19624
13393
26444
-682
-6559
-12270
25190
-3055
-3876
3277
14022
14323
33793
-3475
-6075
6046
5251
-16425
14735
-620
507
-6040
6479
2064
-6832
-7773
6618
-18472
-2677
-11316
25198
-1488
-16883
-11078
390
-3726
1228
17051
14330
-5729
16501
-9967
-8324
8119
-12110
10224
11285
3479
10181
5276
-6062
10660
-6238
-10244
6960
-7187
3812
-12615
5759
14978
-8665
-98
782
-3487
19716
-20061
1165
-5719
-7818
-13609
-8469
22405
-4850
4748
627
19263
-4749
87
-754
-11131
-23394
-19600
-7320
2362
22028
-34689
-19354
5437
3213
-15758
27670
-9732
-6562
10363
16645
17891
15706
519
2514
22094
1712
2442
-5312
-10758
410
-6796
4970
6786
-3066
12261
11158
4860
-12964
-1720
6410
-17707
10359
-9193
23136
-2742
-3842
-3523
-12782
2790
-14416
-9424
22276
-9729
21569
17838
23051
-20407
-16705
-10397
-3808
14094
5978
15876
-3681
-5489
24207
-3589
28072
-26769
-21605
6286
7151
-10582
5935
-13638
-11685
-10050
-5825
6413
1333
7603
9808
3694
4133
7694
-3594
-9123
19090
3236
-13027
-20024
1611
-4806
3004
-34866
4225
-15441
-15341
-1829
6867
-10244
-16717
-4065
-11157
1670
3970
12922
548
429
-2622
-21792
-40
-3923
-2444
-4694
20662
2977
1895
8350
-20293
-5984
11808
-14062
