-1730
0
-197
0
-152
96
0
150
-5554
0
0
89
-2058
-65
-2444
-679
-115
4
900
-6760
0
16
308
0
84
-2221
-448
-1612
261
0
0
-179
-176
1795
0
200
0
-4403
-889
-777
-1616
0
-749
0
1528
1050
107
-130
220
-847
1275
168
518
-285
-258
-8268
-744
1332
260
777
579
-36
-500
-882
-1180
0
-2527
-1175
62
2129
1479
768
0
2381
381
333
-1817
-1628
-1044
-4470
-451
0
-472
0
1336
-1590
0
24
-862
440
1680
-218
0
0
-1620
-501
0
-360
0
-660
266
400
0
-371
0
-569
783
0
-2220
88
1275
666
-2230
2447
-762
-126
316
-1180
-458
151
0
-905
-2667
207
-2768
-3297
-770
88
-256
1316
-515
-762
-2712
-1892
-1761
-2146
-315
349
-1798
400
-10048
0
210
-125
-130
0
0
770
0
0
-2210
-69
0
-78
-1070
209
0
-127
-249
462
531
0
-4829
149
-2935
0
2106
0
-1397
-1280
-4445
-889
-1467
0
0
-44
-1721
0
0
0
-2002
0
-690
-256
-3087
-515
-2002
119
230
2612
-225
-3268
-4257
0
-305
0
-1066
-90
0
595
-5941
381
0
1330
-2837
-256
-2434
-469
-620
70
-507
-4050
0
-1600
432
0
-36
-1929
-652
156
629
984
0
-237
-48
579
0
-385
0
-201
-266
-10574
-3232
0
-1922
0
-172
-3150
799
-593
1456
-672
1638
490
155
-459
-108
-2651
-972
636
765
-205
-1688
-254
-2789
2273
-4282
0
-1370
-70
236
100
2013
-1458
0
1888
388
694
-2431
1563
-1372
-2810
-163
0
-453
0
2813
-795
0
-136
-399
-1160
-294
-610
364
0
-3055
153
-1524
-6285
0
-1364
190
110
0
-654
0
66
1143
0
-48
554
370
-1014
-2756
-2393
882
-172
-636
412
180
-352
0
-1662
-2778
171
-1112
615
-441
169
-1804
1132
-344
-306
448
-2919
825
-2562
1416
-1836
2382
-1168
-9493
0
-867
-58
422
0
0
1850
-43
0
-530
-679
0
-632
-950
124
0
-23
-1825
-150
-1163
0
-4555
-425
-3554
0
-1608
0
-715
840
-3185
-595
-1732
-116
0
-588
-1671
369
0
0
4915
0
-2122
-112
-1837
-1140
2192
63
-2023
-3000
-831
-1845
-5090
0
-93
0
-2159
-60
0
235
-3600
-105
0
-166
-1939
-2
-3708
672
-270
254
-1319
-2250
0
-824
627
0
-54
-2736
-172
-988
364
-384
0
622
416
392
0
0
0
1432
371
-11106
-2594
0
-1575
0
-1484
-1230
-923
-375
104
-889
1352
-49
-755
-246
440
2098
-372
1272
225
-150
-1656
0
-2342
-3224
-578
0
-1472
875
233
-476
1389
-1652
0
1292
-28
336
-1285
364
-712
-1352
141
0
-216
0
2510
-414
0
-404
72
-1877
-1778
-254
-508
0
-2747
17
-528
-146
0
-2794
-78
25
0
730
0
-280
1053
0
309
268
-623
-889
-2200
2678
-828
-117
-1684
1425
309
-96
0
-588
-1504
-603
-3048
2226
-392
25
-1720
-3869
171
0
1476
-395
975
-172
1102
-1651
1660
-454
-4224
0
-507
-63
-510
0
0
390
-8
0
442
-211
0
-166
-588
-230
0
0
-681
-762
-1416
0
-3541
384
-1375
0
-557
0
-319
1820
280
-791
-901
-10
0
-508
-743
-423
0
0
1966
0
-796
-42
412
-635
-4072
889
-1625
2432
0
2481
0
0
-160
0
-358
1422
0
30
-1510
0
0
612
958
-252
40
0
398
0
-365
-63
0
1220
297
0
0
0
-2480
0
278
1779
0
-841
34
641
0
-381
-482
-1820
-635
-606
-2967
0
-651
-933
0
40
-330
-440
1128
0
25
68
2
-163
-232
-969
0
0
-192
12
381
110
-576
-2150
273
0
-2501
-1019
-32
0
-564
535
0
66
0
632
-140
-1691
0
-259
-449
-312
-1265
-1986
188
-1944
0
25
-1431
188
0
-36
959
-166
-30
-709
-970
-1216
0
0
0
508
0
-127
0
0
-332
0
-1025
0
234
1301
-2064
110
-871
0
741
-1614
0
1129
0
0
-635
0
-1404
-971
-260
-90
0
3397
-264
0
-4651
1442
72
-421
-41
-138
-207
-45
-639
0
-3341
0
-185
0
62
233
0
0
-659
-188
127
2323
0
0
-44
0
7
-122
1334
0
-1529
0
-1978
0
1365
-162
0
-341
-455
0
-2616
0
0
15
-512
0
0
0
-1171
0
1252
0
-2523
32
0
0
0
416
223
-507
266
0
-411
0
115
199
0
119
105
0
0
-1408
2957
88
-1827
0
-357
0
-1123
-807
0
-1706
387
0
0
-1445
-488
-47
210
-1857
0
-647
248
1405
0
-42
446
-983
-190
-3711
-1980
0
-12
219
5
-108
-792
-1716
-80
0
-6
-88
50
-1521
-557
-957
0
0
-92
50
1998
-46
-2054
872
-2544
0
-3908
-1292
982
0
4182
-945
0
1115
0
1507
-908
-987
0
93
-321
-140
-1056
-1362
-317
-3321
0
-125
428
-451
0
-168
-307
-172
911
-226
-230
-1482
0
0
-560
140
0
-701
0
0
-344
0
-2133
-288
-194
-1528
-4326
-704
-2678
-480
747
115
0
-1055
0
-112
-550
0
-66
-1181
-248
261
0
-3369
112
0
-2356
-1247
-160
-3556
7
-196
-430
1243
-2252
0
123
0
435
0
118
1980
0
0
-1603
-517
-97
-831
-381
0
14
0
-266
857
-1090
0
-1106
-678
-2413
0
1252
-132
0
578
-1139
0
-1368
0
0
-73
-942
0
0
0
392
0
354
-254
-3851
-45
-1746
0
0
102
-519
-214
-6227
0
978
0
-866
609
0
315
-8989
-36
0
274
1116
-337
-2162
-937
550
12
787
-280
0
-1
-1917
0
-504
-7779
-2160
-897
488
177
0
-825
-888
2765
0
-70
0
-3502
-1240
-3203
-4627
0
-1611
0
-112
-660
-860
-410
-151
-172
1035
143
833
-246
-764
258
-1608
120
-33
-837
-1510
110
-5126
-2628
-604
200
-2095
-74
-4
-377
-2086
1361
0
-422
1067
231
-1585
-2381
-8
-3762
136
-116
-1022
-1120
2872
789
0
372
-1635
231
1618
-221
630
-189
-3829
-259
480
-1430
0
-2090
64
635
0
-1708
0
-793
-747
0
-1286
-320
-649
298
-1594
-17
-1074
544
-37
-1376
-840
193
0
-2368
-4235
873
-2648
1325
315
-359
1246
1046
-3032
255
-4471
1643
324
-527
-1129
645
1162
461
-4547
0
-1274
-112
-672
0
0
886
0
0
2131
-80
540
-269
-1591
-1581
0
-6
-394
84
-321
0
-4179
29
1192
0
80
0
-1087
-2540
-5195
-677
-3160
0
0
392
-947
-448
0
0
-3908
8
1219
470
-378
224
2081
-98
-149
-86
-84
-4200
-8341
0
1123
-225
430
996
0
1113
-8090
99
0
-2464
-34
-417
-975
-956
-86
16
-51
620
0
-1575
-547
0
108
-1819
-2911
-1350
334
1877
0
-1169
-244
1603
0
560
-336
-1452
-2991
-9211
-5128
0
-387
0
448
-2450
-1376
-1442
413
-795
2128
-84
-163
-1941
-310
744
-1236
267
-1636
-2416
-2724
-46
2054
-980
-4704
48
-4447
-549
-353
-671
-3320
44
576
2340
269
676
-1724
-670
-952
-2244
-2348
-1008
-1977
-3854
3491
945
0
100
-2098
-783
-1603
-355
1236
-1920
-2602
-3462
94
-165
0
-2200
1100
175
0
-2993
0
-1035
270
0
-858
-271
-2314
-977
-3115
-1338
-2061
436
-1374
-1751
-1378
428
0
-2837
-4271
-405
936
2219
-1973
400
-1230
4378
-237
-519
-4906
-1304
-180
-2840
-419
-2145
2960
180
-3857
0
-1731
-946
982
0
306
1736
-127
0
3738
-66
483
1684
-1227
1519
0
78
-2644
-688
-1798
0
-4638
4
2390
0
-2715
0
-2508
-305
-6313
-694
-4961
-254
0
-232
-2487
-295
0
0
-2908
22
567
129
-1589
-390
2950
-1072
-1443
-2112
-375
684
-456
0
992
0
-70
2470
0
-22
-5826
0
0
-2463
-1090
-980
-953
0
716
0
-1133
-619
0
-1720
-630
0
0
-561
-2204
-124
508
-2481
0
-782
-64
1017
0
-264
-675
-2311
-105
-1512
-135
0
-2099
-65
260
-105
86
-1443
2150
0
-127
-156
400
490
-1462
-3433
0
0
-1767
19
717
-170
1456
-1732
-471
0
-3356
-559
538
0
-4629
-10
0
-220
0
1037
-1798
-1259
0
-612
-164
-214
550
1212
1237
-1932
0
-81
-389
-375
0
172
-563
-334
-617
247
-1429
-1987
0
0
210
-44
0
-260
0
0
272
0
-2960
132
-634
-1391
-1135
268
-1066
-168
-1864
242
0
-1985
0
-316
-410
0
243
-1102
444
-51
0
-3017
-200
0
-6264
1787
-24
-1018
47
-130
-707
759
-3184
0
-1676
0
235
0
-500
1539
0
0
-219
120
-95
-1377
-309
0
-212
0
-322
126
-1586
0
-1790
240
377
0
-2579
-170
0
-392
-2025
0
12
0
0
-57
-3674
0
0
0
-1962
0
-1107
-124
1089
-57
954
0
0
18
92
126
-955
0
797
-150
-565
1509
0
83
-5378
239
0
-2896
-1377
-379
-1396
0
147
4
3148
-488
0
-1070
108
0
0
-421
-3168
12
-176
-2444
0
604
-269
2021
0
69
-426
-334
-391
-3779
-4558
0
-3080
538
97
-41
-1524
-2184
888
-1089
1755
-456
-500
-1381
195
-3903
0
222
-700
340
-41
0
-410
-2650
618
400
-4888
-223
-155
254
-2394
520
0
1537
720
1322
-1873
-1879
0
-1325
-1392
-182
593
-386
2181
-1718
0
0
-984
-315
720
264
519
-151
-1425
-2587
-975
-3057
0
0
70
-140
0
120
0
0
260
0
-2671
710
62
-734
-2583
788
-2070
-252
-1408
839
-381
-3385
0
-1376
-3094
0
-439
-853
-1476
74
0
2236
-424
-195
-2157
852
0
-2310
-1864
882
-785
-1151
-4808
0
-3030
0
280
0
-408
1910
0
0
-349
-1413
497
1156
-36
0
-94
0
-341
-242
-837
0
-456
-762
-1672
0
-1194
404
-1143
1729
-3864
-127
-1203
-360
0
72
-4173
-512
-87
0
-1717
56
486
-214
33
-12
1682
0
0
933
60
455
-2438
0
-117
-72
168
0
0
833
-2895
-505
0
-1964
-1031
-471
-765
0
0
70
-495
-333
0
-46
0
0
0
-884
178
-76
348
-59
0
-451
-108
1621
0
0
420
638
-114
-3740
-3495
0
280
-18
-256
0
896
-887
112
-864
2322
0
-404
-300
-408
439
0
106
-73
-59
-1548
0
-1624
2921
-2376
96
-3814
500
9
70
5078
-930
0
447
455
310
-1078
195
0
-576
-630
0
-139
-342
3130
144
0
0
-397
-120
-126
0
656
-1905
-2271
-510
203
-1141
0
0
-100
0
0
475
0
0
0
0
371
-148
76
-288
-4686
3193
-1854
-264
-457
432
102
57
0
-498
-2420
0
-127
-480
-756
95
0
-2528
120
-1905
672
-1456
0
-1491
694
-432
1590
731
-3126
0
495
0
-65
0
210
1198
0
0
290
-1088
-231
-1006
-363
0
0
0
0
1359
-2722
0
0
576
-1614
0
172
56
-585
0
-1330
-85
-1368
246
0
-160
-1512
-992
-127
0
83
98
-1327
-70
-611
-606
761
0
0
1864
-81
0
0
0
190
-630
-477
1952
0
-331
-1760
600
0
-359
-104
-70
-1458
-64
253
-254
-2639
0
0
-1323
36
0
0
0
-2822
-1984
955
4038
0
-1636
-1132
655
0
115
-1092
-1905
-990
-225
-4367
0
756
0
0
455
-658
-868
1061
111
-580
-295
-584
975
-1338
0
-900
-1298
-2245
-635
0
-170
606
-2951
437
-152
-2722
-731
1092
-643
-1709
636
228
23
-283
0
-1126
-1101
204
114
1018
-620
-841
-3395
430
-357
0
-508
-2275
40
-1065
140
184
2806
-58
-467
-3107
-1828
0
0
0
-55
0
-71
0
-1464
-384
0
39
471
-378
-754
-611
859
246
0
-990
-798
-580
-233
0
0
-2156
-72
0
-335
1580
-904
-140
3454
-1272
-45
-3481
2241
-828
-807
1061
-2339
522
400
-1378
0
-2458
-875
-397
0
68
804
0
0
1059
493
778
1795
-448
0
0
7
-1849
122
-424
0
-1663
-32
616
0
-2455
0
-559
-320
0
517
-2202
0
0
-144
-3010
-206
0
0
-1700
-11
-1489
0
687
-305
2681
187
-54
708
-90
472
0
0
0
-396
-127
307
0
-1720
-1530
-210
0
-3265
-148
-118
-1680
368
-102
-330
-2314
0
0
-1232
0
0
0
0
-1282
192
-136
-1830
0
-206
1660
-175
0
0
406
-75
-1213
-150
-3351
0
112
0
0
-1365
-2895
-2276
17
217
-1454
-925
-112
-1728
-1884
0
-360
-1511
-2897
0
0
0
-289
-1950
1426
180
-3488
-99
1586
-266
306
-1067
522
-299
-277
0
215
469
-72
0
-652
154
-336
-1014
565
105
0
-324
1363
-120
394
112
-1423
-3850
-89
1437
-1334
274
0
0
0
-175
0
675
0
312
-447
0
402
172
-762
-838
-2276
-812
-1761
0
-617
882
1109
-547
0
0
-952
-882
0
-299
-136
507
-404
-5212
-115
-69
-1006
1182
-180
-1057
192
-1139
156
166
-478
0
-232
-406
1045
0
238
174
0
0
265
-1438
-928
-990
-907
0
0
0
-1397
420
-496
0
-418
0
198
0
-4282
0
-1193
210
0
1069
806
0
0
-228
-1317
-1030
0
0
46
21
-323
0
1058
-68
-898
99
-600
-1418
0
494
-339
-108
-15
0
-659
0
-375
238
-2861
-120
0
736
-606
-2413
-2581
-804
-642
0
-360
-5593
0
-1372
-1344
0
0
238
190
0
516
1706
-600
-1254
-126
364
0
-539
573
105
0
-5688
-5413
127
-1721
0
141
-186
543
-64
1200
-1824
3101
-35
148
-251
-88
-3856
0
0
276
-40
-286
-1433
-1240
1270
-699
228
-844
0
0
-510
-94
-1994
0
551
840
-147
-3484
564
-89
-849
0
0
0
0
1047
-84
0
202
-360
-1299
-143
-408
574
-1651
-99
-170
21
-3605
0
0
210
25
150
-251
-38
0
0
256
-1362
76
868
-254
-6801
1927
-2041
-364
-730
-318
34
0
751
-914
-1540
-201
-414
-1927
-630
0
0
-16
165
-3048
-770
-3487
455
-743
561
-522
223
-246
-5065
0
1075
0
-375
0
0
1170
0
0
-2368
-82
-594
-45
0
-508
-102
-184
-906
0
-1195
0
-4980
0
-526
744
640
126
-455
0
-3877
-1020
0
0
-31
-663
-2233
-1612
0
0
630
378
-1475
0
-4248
-1437
1717
0
-224
1365
-1748
868
-581
0
0
-910
-3470
522
-264
157
-4020
1191
0
2298
-1338
-2325
-3743
1152
0
8
-1674
-2097
0
0
0
0
0
-336
-44
-124
336
380
0
521
-312
73
0
0
657
-1524
-352
-3094
-8351
-79
312
0
-687
23
-227
-572
828
-2383
3829
0
-146
-109
-80
677
0
0
72
0
-754
-254
-1662
-1194
-463
2413
-2387
-657
620
-144
1603
-1475
76
364
-246
0
-2158
430
0
-944
413
-280
-552
-2032
2024
-416
0
-405
-1688
-2326
-2385
-1016
840
2808
-847
-323
-2149
-3500
0
0
70
0
128
-239
-9
-380
-249
-508
223
189
165
0
-7581
-938
-1651
-374
-518
-243
-567
195
684
-950
-1720
0
-1143
1963
-20
-762
0
-353
261
-1224
-1118
-834
0
-1206
1775
-4961
2703
-1914
-5430
0
-140
-625
-333
0
36
672
0
0
455
-1216
205
1639
0
0
125
0
-261
32
-887
0
-1989
0
-588
-167
-2908
516
-401
0
-1540
-1356
-1785
-58
48
-1489
-3273
-1316
-138
0
3366
3429
-667
0
-305
-864
1038
0
-254
-790
-1133
63
-1122
0
0
-572
480
180
0
-66
-1935
-315
0
-1569
-600
-1122
-1488
0
0
-68
-3810
-630
0
0
0
0
0
0
-753
12
0
-1728
0
-48
504
49
0
0
544
-60
-231
-508
-3088
0
952
0
-636
-315
-368
-1011
27
-51
294
0
-28
-345
-1672
931
0
0
-795
0
-216
0
-976
-539
-162
0
-2065
-81
1120
0
2451
150
174
-299
14
0
-283
275
0
-360
-287
70
-336
288
1715
210
0
-500
304
-1503
-136
0
-889
-3224
-890
1330
-877
-69
0
0
-100
0
0
120
0
204
-258
0
415
326
-58
0
-3206
-249
-815
-240
-846
621
540
-70
-635
-420
-656
0
0
-243
12
-24
0
-4637
42
0
-454
1424
0
-1318
-656
-784
1524
770
-1947
0
-429
-290
783
0
126
0
0
0
748
-32
-679
-945
0
0
7
0
0
192
-194
0
-196
0
0
-240
-1811
0
-275
0
735
0
-252
-5
0
0
-987
-235
-18
0
1364
0
-54
0
1156
160
-24
0
0
-972
-55
0
0
0
0
-540
96
540
-1375
2495
-1440
-430
-854
-930
0
0
-114
-4995
-68
8
-3947
-1134
-2688
-6
192
-2286
0
-187
-52
204
569
-576
0
-492
242
1166
0
-14
377
0
0
0
-6537
964
364
0
36
-1155
1856
-143
0
-2650
3224
388
-657
-896
0
-204
-756
742
91
0
0
440
-512
5842
-5098
288
-240
0
0
-748
0
-762
0
-798
1428
639
-416
-371
-1016
0
-1655
0
-336
-1482
0
0
0
-95
86
0
-2320
-357
685
-6118
0
2191
185
-850
-41
-1364
0
70
1302
-594
0
1173
-1138
0
-1476
0
309
-360
-1530
220
-3622
0
396
0
538
57
0
-63
-5500
-566
-88
0
-1311
247
-168
-1827
300
-3946
-46
-1816
416
-45
644
-576
0
2819
0
-1651
267
-638
4959
120
0
476
-172
0
-152
-102
-2918
0
-308
96
0
0
0
0
-3381
0
-485
-1397
0
0
1453
-778
-1190
336
0
-1588
-1368
0
0
-300
0
-1039
0
-210
-165
728
-318
0
-519
280
986
0
0
-231
-189
-450
-3509
0
1221
-264
1120
180
0
-154
-5592
-550
0
-4058
-892
-542
-836
0
0
-68
-4191
242
0
-164
0
0
0
-346
-1982
-127
-60
-57
0
-715
504
2772
0
0
203
700
-63
-2924
-2841
0
958
-42
511
0
-1288
-1056
654
-153
675
0
-808
-460
-1184
512
0
26
-1720
-911
-1993
0
2759
-1127
378
-304
-4240
716
-78
-68
-4391
450
0
-449
-530
442
-41
-393
0
-629
-369
0
24
54
3248
-336
0
0
185
-85
-678
0
-1016
-1860
-907
1425
-1412
1764
0
0
1270
0
0
275
0
0
0
0
136
-344
-252
-424
8
2153
-907
192
313
229
180
-42
0
-1833
-1804
0
-6
730
12
-20
0
-3536
-264
735
-2718
1743
0
-536
-562
-1242
697
1309
-805
0
-1177
0
435
0
70
1228
0
0
1705
826
-679
-1499
-30
0
0
0
0
207
-2084
0
0
-192
2970
0
-4102
-264
-225
0
-4234
16
-228
-160
0
120
-4638
-376
-9
0
-3422
98
-1499
210
1404
192
330
0
0
230
78
0
-195
-130
-400
36
-1492
684
-452
4567
-2936
520
-1241
1160
339
-16
-889
-2713
-264
140
588
-1620
1613
-2580
-1310
-78
0
-1008
-1690
575
1139
-566
-168
-1107
-1792
953
0
-1786
-1106
-889
-762
-4071
-7843
906
-3079
0
54
-359
-602
-817
1218
-1730
180
2442
-2021
-568
314
-826
-1325
222
-663
-84
227
-2076
-4505
-4498
-3956
861
-1196
0
-616
-988
-1559
-450
0
1936
590
1513
-1194
1401
-1824
-1063
-2490
-436
-920
-2966
1116
-1887
-30
-363
-2665
575
1756
-606
1305
-526
-61
-681
-172
-2241
-451
1666
0
312
1087
-1281
-14
-44
3417
92
-4
22
607
645
-6992
-662
-1371
480
-1655
-642
-363
-286
385
-1936
-4812
239
-1828
-494
-980
401
0
2497
-772
-1633
-3689
-374
1190
-2561
-408
2555
1756
-1426
-1571
-127
-1373
0
698
0
72
1821
0
-22
-901
399
2017
2067
-1694
32
-66
-209
-1632
-1364
415
0
-3530
332
-1826
1122
-1490
-1520
-126
525
-2438
-1262
-4152
0
-127
1031
98
-583
0
0
-3972
1128
-485
0
-4714
-3126
-2119
0
-204
12
329
-1499
-1096
-106
-273
0
533
-225
-289
3029
-5599
-140
-510
-203
189
-1645
-1234
300
-579
508
-4439
-1244
522
-1882
-215
120
0
-525
-832
1050
259
-443
-420
-2104
1136
231
0
476
-264
65
-228
-6873
-4624
-555
-2758
0
-528
-321
-1040
-1146
626
-2863
883
51
-204
-889
-712
1328
0
106
-2382
-60
-771
-1032
-3795
2015
-2450
548
-612
0
1298
-305
-1072
-2288
0
1637
-70
662
-2169
1164
-923
-2416
-1118
72
-1016
-2286
2091
808
20
-2960
-173
-1577
-2164
-717
-503
-2318
-1106
387
-24
-165
286
-544
-70
250
1032
17
98
24
3757
-108
1911
-14
-494
-646
-7453
719
-3319
1528
-1001
-18
680
209
-125
-2514
-3308
-755
-1661
2008
-809
100
0
-2535
7
207
-2589
-445
-431
-2536
-697
-2351
4728
-1535
-1474
-12
-250
0
-1253
0
168
1799
0
-814
4516
531
-2012
-453
-1372
-40
21
624
-1903
1938
-4013
0
-5423
0
-498
-56
-1614
-1012
-175
-20
-4295
-1390
-3023
0
-127
-79
-958
-1664
0
0
-2493
4061
-568
0
-1815
-2259
865
0
-272
549
-542
455
0
0
0
100
640
4632
-737
-1496
-1152
-486
-1902
-2436
0
0
197
-1227
200
-1128
-6007
-72
-3192
-69
-592
-108
0
-297
-2617
-782
623
-108
0
-780
588
539
0
-88
-1365
0
0
0
-1716
-640
-819
0
-56
-1089
-2668
-462
0
-1
550
-627
90
1910
0
6
-2025
182
-798
0
0
-480
640
-2254
-704
-912
-381
0
0
-682
0
828
0
-56
119
477
-508
-263
-464
0
-369
0
486
234
0
0
0
-256
-1124
0
-3303
-294
-1684
-4326
0
-710
-220
850
12
-2200
0
-22
266
45
0
-2484
1044
0
-846
0
-321
-530
-1704
635
-1230
0
-2728
0
430
-42
0
-312
-4100
-149
902
0
1341
-52
-70
-1281
-660
1667
-127
1986
936
230
-650
-1656
0
761
0
-663
-1094
-627
2679
60
0
378
-32
0
1016
673
-3634
0
-84
564
0
0
0
0
-3105
0
-613
-253
0
0
423
-1086
-472
-344
0
775
252
0
0
225
0
-268
0
147
-200
-1144
-1052
0
330
-1580
1513
0
0
1397
182
-160
0
0
0
-12
652
0
0
1190
0
-340
0
-393
0
350
192
0
-459
0
-1674
0
0
-233
0
0
0
0
-614
0
270
-198
0
-923
140
686
0
0
596
0
0
-75
-4775
0
-889
0
0
0
-472
-366
173
-288
2256
0
0
-592
-982
-204
-53
0
-372
0
-108
-144
-622
1210
-978
0
-1096
0
0
493
1482
-914
0
1008
35
255
-1501
-719
0
0
-1120
0
0
-912
335
0
0
0
-238
-120
-113
-102
-127
-635
0
-137
-132
170
0
0
0
0
75
0
0
-46
127
0
-1127
0
95
-981
-3520
3981
-2537
-14
-830
0
0
114
0
-210
-1782
114
0
-1848
-627
53
0
-1947
-225
-976
-272
-389
96
-576
-399
-1047
-102
1433
0
0
-231
0
0
0
420
274
0
0
-1143
168
-326
-621
0
0
-102
0
-112
1224
-873
0
-2745
0
-258
0
2182
-660
-65
0
0
-85
-840
-30
0
-20
-256
-47
0
-2
-1461
0
-1429
0
-2462
-1047
979
0
0
4150
-459
-2070
0
168
42
-176
-962
867
-285
735
-3904
-35
544
1011
967
-328
-1763
-2088
745
16
-492
-96
-2382
-31
-1240
-112
0
-889
126
-1860
1012
-528
-24
943
-858
1392
0
-1488
29
-435
106
-2622
-3483
119
-1457
0
-206
-66
-470
-231
649
200
1456
-62
379
-192
-440
-267
-175
0
70
56
0
755
-3328
-1434
-2211
1533
-305
0
0
-828
-554
-25
0
-746
-223
63
-650
-634
-973
-965
-56
-320
0
-1797
-1240
770
65
1905
-964
0
-441
-153
182
1484
-260
279
0
-522
-264
-1020
0
887
-285
-901
58
14
-1494
0
-256
0
174
-379
-3131
-1920
1024
-1143
-4464
0
-635
-154
0
0
-3211
1217
-4040
-127
0
-560
-803
0
-1547
1690
-960
-110
722
60
0
-3785
2474
402
1615
-94
-762
0
-707
0
0
139
-252
770
-388
-1468
792
0
-2358
-324
0
886
-1106
84
-1135
0
-1465
-508
-527
0
-1364
-254
-116
378
-1964
-84
-2351
0
0
188
-384
-1152
0
0
-1040
-571
1078
0
-1026
366
-3466
0
-56
-1247
1489
-3522
0
184
204
68
-2309
620
173
-672
-3821
377
-255
-1984
-378
-1500
-489
-3025
386
-136
-3075
-96
-1701
-3916
-87
-254
0
-189
-3346
-440
2561
480
120
-2002
-1201
1090
0
2016
-1142
-2032
-192
-2327
1997
-19
-1819
0
-84
-297
-281
-1186
1704
-169
-612
-678
-1148
-3377
256
221
-700
20
-1799
-426
165
-902
946
-1662
-1502
-2090
-366
0
682
-374
-918
-1225
0
888
-495
491
-265
1899
-1346
-1799
274
0
-736
-2084
0
-814
90
2260
-2393
229
834
374
-429
57
-815
-1546
-1317
-3232
132
-2108
0
199
376
-266
249
-214
-2627
76
-35
-38
-708
-353
-4116
-396
71
0
-1844
-318
237
-264
21
-254
-3054
302
-1294
624
1855
868
0
134
-486
175
-2928
2417
-2060
-2598
1683
1177
2978
-548
-1803
-51
-1412
0
350
0
16
684
0
154
3349
305
-246
1886
-1499
188
-381
346
-2107
-207
-2505
0
-5641
384
-1058
-22
-2058
-1948
7
179
-1278
884
-768
0
0
554
-1666
682
0
0
-2513
456
-873
0
1007
-701
745
0
-18
-342
770
368
0
170
276
0
685
1242
325
-4889
-4533
-132
-2142
-3114
-802
-356
-3145
317
17
-152
-1431
984
486
-882
762
-170
0
-98
-3731
-1080
1080
-498
-168
-883
1187
744
0
609
-1284
250
-126
-4185
1528
-353
406
0
630
-381
-240
-2045
369
825
-120
-4920
-196
63
-1081
357
-775
26
-1693
-508
273
-1216
822
-2751
280
-1241
-2472
0
1232
1088
-377
400
0
1547
-1170
1918
-465
-1670
-1107
646
-1851
-4
-448
-1188
-200
-712
270
-3635
-108
-885
-760
332
-697
-600
-1005
-1397
-684
1007
275
-4318
0
89
-278
1291
182
-158
-1964
-144
-1385
56
-1896
323
-290
-540
-1763
-200
-203
234
832
-154
-462
-208
-2137
-1444
-2660
-787
673
272
0
-700
-626
-210
-1682
-170
-20
-2376
1122
-2220
-586
-1185
-542
-89
-1709
0
454
0
74
2297
0
-341
669
-97
-1451
-155
-1694
292
-318
56
-2729
53
-3358
0
-2427
0
-519
-1386
-185
-907
-84
420
-1745
1522
502
0
0
45
-568
261
0
0
-2707
-1525
814
0
-480
-1491
-532
0
-200
-465
753
-201
0
0
0
-94
1154
195
0
-220
0
-442
0
-376
0
303
-5878
0
-153
0
-590
0
0
-1663
72
0
0
0
-1311
0
538
-864
2540
29
74
2662
108
536
-188
-413
-381
-64
-3781
0
-801
0
0
0
-653
-1165
152
-51
4066
0
0
690
-1695
6
-28
999
-153
114
-228
455
-328
-5287
282
1293
-1947
0
-280
1615
-718
51
0
817
-718
337
-1442
-2980
-1293
0
-1672
0
0
144
-361
0
0
0
-1024
-85
-392
-119
18
-620
0
-308
6
-1076
-424
0
0
0
36
0
30
-75
-86
0
716
0
-377
-2344
-3420
-2853
-1705
-4
-1277
0
-254
140
0
-979
-3862
-270
0
-195
340
-226
-219
-2377
-1039
-359
-368
-2991
-1435
-2095
2590
-4078
-1704
231
0
-12
-229
0
0
0
284
616
0
0
1381
-431
-616
-1068
-1905
0
21
0
-614
-281
-637
-456
-4805
-113
585
0
-1058
-757
-1284
0
0
-1000
-1230
-384
0
-583
-569
-1530
0
-140
-553
0
-1126
0
-1876
-266
-4178
0
76
-1115
-1008
-1021
-180
0
-1143
-923
-272
1218
-2024
-41
570
-348
-705
1024
468
-8
-4559
1489
-694
0
1985
0
-2400
-134
552
-3302
-6
-255
253
504
280
-1304
254
1330
448
666
108
661
465
-590
-249
-1134
-4478
-592
-150
-127
0
-2310
-359
-444
-336
-4275
2249
-628
-1533
-902
-1977
-168
-1624
2247
561
0
0
15
-68
-3494
1
3860
-612
-1088
187
1039
176
600
0
1983
-134
1386
-700
-210
-2744
0
-4520
154
-1601
-1172
-868
166
216
-3719
-1515
0
-2667
-929
1492
-5048
600
850
672
-1036
494
-3348
0
390
1980
56
0
2205
-934
0
-372
0
381
1274
-180
-72
-2245
-127
-2823
585
1051
840
0
-42
-4578
-895
-132
-426
-1090
-318
-1851
727
288
-359
-1668
-3129
-1778
-1628
-408
-5207
0
2620
3068
0
-1547
-2204
4177
160
0
1653
-560
406
-114
-980
-2425
2409
-854
176
-593
0
-113
-650
4064
0
-210
-2667
-1180
-91
-737
0
-1037
1677
-1030
-746
-4426
0
0
63
-632
-4682
-54
-1960
-630
715
33
0
-1780
94
-3175
270
-740
-282
-378
-419
0
0
32
-508
0
100
-134
0
-2431
103
0
-576
-544
-535
522
-254
127
0
-212
0
-115
1880
-1524
0
0
0
-1212
0
2388
-132
0
-647
0
796
0
-2208
-99
-86
-42
-1235
1235
0
-1720
0
18
0
-1490
-147
434
0
350
-286
783
-1235
-415
-358
-84
0
-1259
40
0
-1512
-987
-2415
-980
-342
-2263
0
0
-840
-848
465
0
-210
77
0
-1651
-276
-83
-547
-450
0
0
630
670
-630
0
150
-381
0
-678
192
0
0
-522
-1972
0
1690
0
0
0
18
0
0
56
-508
0
0
441
0
114
-285
-1560
2540
-99
-126
-4504
0
60
99
0
0
-2132
-90
-744
-303
0
-988
-924
0
-747
-240
-1250
2448
-220
-73
0
-1311
1085
-144
-3048
0
-405
0
-381
0
0
20
-72
0
-191
532
22
0
-701
0
0
812
-522
35
-801
0
-399
156
-356
0
548
0
-100
-1143
-1680
0
372
0
0
0
-192
-611
0
0
-354
-11
2951
0
73
-624
2314
0
0
3175
762
-1274
28
0
-492
0
149
403
0
-1308
-1515
0
0
-806
815
-887
-2961
0
-472
0
20
-1143
0
-1519
12
0
0
-510
83
-635
93
-975
0
-453
12
1348
0
-154
-163
208
-793
-3120
-2802
0
347
-127
7
40
-421
-1158
436
0
1340
-1482
0
-464
-720
-796
0
-254
-1198
0
909
0
331
-1878
996
0
-3403
-1143
-858
212
-253
-1900
0
2506
-28
1691
-1349
276
-1157
660
95
-170
-266
1232
-1179
-977
0
-1215
-62
468
-1200
0
-212
-764
204
52
-25
-759
0
0
-112
0
0
0
0
0
845
0
255
0
377
-2255
-4116
-1177
-168
-390
-962
-813
160
-1397
0
366
14
-784
-54
-2480
-282
0
-511
1709
693
-308
-2952
-2218
277
-2162
1567
-2987
-641
-24
-1226
0
529
0
446
0
-368
2129
0
0
-2124
-1328
0
-539
-588
0
0
0
-1534
353
-1682
0
-3974
0
-924
0
-1504
199
0
1132
-2135
0
-90
224
0
-784
-2364
0
0
0
-154
0
-2499
-635
-2446
-666
-1975
0
-152
1401
-1530
315
0
0
0
-127
-1314
315
0
-770
0
101
0
-400
0
-329
346
0
1143
0
-1038
0
0
911
0
0
0
0
-2202
0
1230
-216
0
-2236
168
833
0
0
-792
0
0
0
-660
0
-1163
0
0
0
-1790
-420
574
27
368
0
0
-1446
-1162
0
-127
0
-3021
0
0
-576
-1270
-1673
-696
-342
-839
0
0
-1190
-474
884
0
-207
70
36
-1577
-363
-406
0
-720
0
0
840
268
0
0
0
-1143
0
-1356
128
-127
445
0
-1613
0
1962
0
0
0
0
-82
0
0
-127
102
0
-378
0
57
-1275
-2860
3512
-361
0
-3603
0
0
54
0
-21
-2372
762
0
-405
1270
-228
-252
-224
-755
486
-1000
3072
-60
-159
648
-1035
630
369
0
-51
-1962
0
0
0
50
20
0
0
-263
1512
-9
774
0
0
-381
0
-344
60
-194
0
-914
0
-43
0
236
-198
-99
0
0
55
311
-25
0
293
0
-658
0
132
-2282
0
2017
0
386
-400
1513
0
0
4349
900
-3209
-96
0
0
-38
549
885
-2507
-817
-868
-143
224
11
-338
-1712
-1296
-4560
153
0
-1944
0
0
-821
48
0
0
0
-2092
0
85
-1794
-280
-1191
-684
0
78
-112
-528
-35
-511
270
-1791
102
-693
0
0
0
-2945
-786
401
299
-2187
408
0
-306
-902
-1016
-233
167
-3192
24
0
-405
734
-2314
-1194
1056
-2871
0
870
-935
-288
-224
0
-462
551
336
-1347
-1025
-48
0
-88
0
0
-820
795
-140
0
3441
309
0
1117
-123
728
-430
-240
286
-264
-592
-360
0
0
1778
-127
-424
75
-93
65
0
-782
0
885
-714
1155
1875
1547
-42
-1901
0
-1036
-818
0
0
-6740
382
0
0
-220
-67
630
-378
-1917
879
-264
2784
396
263
-408
1539
282
133
-2912
0
-996
0
0
0
-1158
571
-860
0
583
-551
308
-252
-901
0
-141
0
-508
516
0
296
-1002
-127
0
714
-3345
0
-791
0
-700
176
-513
-20
0
42
-1176
1476
0
84
-1417
-75
-598
0
1080
-483
3995
0
-74
1028
-135
-113
-100
0
0
-2125
-1275
920
-1541
-3828
-1856
-175
-732
-1649
-481
-864
-1929
-5693
4445
0
-136
0
-2875
-156
-140
-208
-84
-1905
-1296
-2898
475
-396
-700
-1755
1479
0
0
-484
-2079
301
390
-675
-1636
-127
840
0
0
-484
-3496
-486
-25
2
435
-4030
1827
-1560
-1632
-272
-8178
-630
-2424
-90
0
-115
-144
-845
-1212
-1005
-3101
-64
605
-1548
1092
-1692
0
712
216
63
-1778
1708
-1115
0
-2283
-918
414
2316
1389
-162
-1524
925
-425
0
-3053
218
-1016
3382
-464
-4064
-246
-344
428
-5130
0
490
-4510
40
415
-5568
2346
0
1302
0
-100
-798
0
-1740
909
-44
-5402
-630
919
-252
0
-254
-4880
185
-4092
156
1270
-132
-477
-240
44
27
-375
1856
-1040
-1994
182
-5475
2667
-455
-3302
0
-1084
-4256
-4572
-136
80
224
-160
174
12
357
550
307
-2669
-1782
-1651
0
-126
-595
0
-256
-940
915
0
-28
-339
0
-898
-4064
-1050
1904
1622
52
0
-1314
-403
-842
-672
1848
1728
25
3768
0
361
-1469
2165
-420
-407
-870
1778
721
0
0
-27
542
1360
2879
0
-5278
-960
-350
-4191
-1748
0
0
48
867
442
0
-5207
0
450
-559
360
-962
127
-210
-676
-5334
-60
-2159
-28
-141
224
441
78
163
-1212
-50
-2637
0
-1064
-991
-315
-9
0
-2794
-1748
-1031
104
1101
25
-4140
-2226
-730
-2112
0
-1740
-313
-1397
0
0
275
0
-1225
786
-38
-1016
216
896
-784
576
-640
0
-1005
42
1085
0
-220
-211
0
-358
-2275
-136
2012
0
0
-504
75
447
0
0
462
-1270
-5252
0
-257
-616
680
0
-3564
0
140
-6985
0
0
-4300
463
0
-188
0
57
-1562
-990
254
1140
0
520
375
408
-210
0
-74
-1148
-490
-198
0
-210
-148
-909
-1797
0
-32
-927
1584
504
756
-246
0
0
1400
0
0
-1185
-1482
1689
96
0
1972
0
-3683
318
-704
1925
-1584
-140
1606
-527
0
-1303
312
-3104
0
-228
-672
-430
0
54
0
-558
3038
0
2592
2348
0
0
105
-256
-440
-402
1176
-1239
-869
-1188
0
126
-1835
0
-1200
-1000
0
-210
-544
0
0
0
0
400
150
-536
-242
0
-560
-75
-532
0
0
252
-1270
0
0
-4318
0
0
-115
0
0
0
0
-1288
0
-80
0
0
-845
616
588
0
0
0
0
0
0
-5236
-6
-1197
0
0
0
-2208
-252
52
-289
1025
0
0
-460
0
0
0
0
-1125
0
0
0
0
-1225
-522
-798
0
0
0
0
108
810
0
0
119
0
-1270
-504
-116
0
-205
0
0
0
0
0
0
0
128
0
-2260
-252
-1270
-1116
0
1425
-396
986
0
0
0
0
396
0
15
0
0
0
-846
0
0
-530
-2420
3048
-1794
0
-3224
0
300
0
0
-168
-3362
0
0
0
12
-16
0
-1566
-660
1764
0
2728
144
315
-1353
-2208
24
1540
0
-255
-1287
0
0
0
0
0
0
0
-95
644
-1649
0
-12
0
0
0
0
0
-1067
0
-350
0
0
0
1053
-528
-275
0
0
208
-156
-65
0
285
0
-799
0
0
-649
224
13
0
-81
256
890
0
0
4191
-162
0
0
0
-9
-475
-1074
1232
0
540
-254
-324
24
-364
0
-235
508
-1261
-96
16
2114
0
93
-322
144
-145
0
0
-2892
-141
610
59
0
-1056
-949
1335
0
240
-387
0
-635
-375
-3527
-576
-1989
0
0
0
-972
-243
502
-2541
1541
24
252
-1158
-949
-158
-550
222
-2126
0
-114
0
-1589
-2228
86
400
-4
0
0
-999
-1753
1544
96
488
896
196
-1133
-2801
-754
-264
-2130
-348
-743
-420
1662
0
0
0
-3292
0
1220
-28
1008
-494
0
-2625
288
1907
0
0
0
0
180
-254
12
-882
1479
0
-100
-264
-189
-986
-4620
2808
-476
240
-2578
0
-1397
0
0
-126
-1419
46
0
-1108
-482
-208
-588
2412
-1484
128
-250
2080
180
-789
-913
-247
1290
74
-254
0
-2075
-635
1070
0
59
232
0
0
-371
1144
1200
160
-453
0
0
0
-608
-65
-51
0
-1039
-113
-560
0
167
-227
-1651
0
-474
-2159
-2880
-20
0
434
176
-448
0
0
-4966
216
3081
0
-748
8
194
0
-296
4078
992
-1337
-698
0
-114
-79
-534
-469
0
1296
-4468
-72
-120
2372
-1013
-159
-2715
1248
-85
1024
74
-2987
87
32
-59
242
0
-1290
466
-1952
226
1729
2413
344
626
164
288
-241
1534
-4746
-677
-90
-4721
-1280
801
-9
375
560
-482
-1317
382
-4482
2103
41
-169
-1131
-224
-5545
0
2876
-1774
240
319
21
597
-6478
1046
1616
-3737
-1030
-294
-378
-2296
-495
255
-70
693
994
-648
-587
-402
-1026
-2268
-206
-972
-1046
2420
-895
0
60
-2057
-384
681
-508
1548
21
-652
-1764
-61
-108
-530
-450
56
0
1020
-357
-18
-21
3207
0
-2055
-1364
-353
1230
-663
1654
-485
-250
1508
-444
-598
560
-18
-632
-5943
27
-2166
-2026
-3782
44
0
-780
-31
-1018
-4426
-1846
-3810
-2308
1770
-103
42
-2674
-3503
-654
-525
-270
-2912
0
307
500
-156
0
427
-1411
-760
2068
-1310
70
0
0
0
-750
3508
-342
-727
243
-674
0
-4265
-128
-2790
-1260
-3612
-4334
-4707
0
0
-237
-4503
-819
0
0
-2236
3469
-2623
-504
-287
-2711
-2925
34
0
138
-327
-693
-879
0
-198
-120
-889
-14
0
1785
-3765
-150
0
-1201
-1248
-56
-939
0
-142
140
-585
-1791
0
-2
312
-78
0
-900
104
204
580
-1146
1463
-56
-96
0
-200
40
426
344
-289
-6065
-2147
1143
308
84
-317
-2036
1792
-410
-50
-1440
1634
140
-73
-105
-659
-395
0
1272
-18
12
-1296
-126
-2144
6731
-3302
144
-2426
351
2318
-90
3323
-930
78
330
588
849
-223
454
-762
-480
-1680
80
-240
-1254
2654
-392
0
-340
50
-2518
-357
0
484
-1137
-1168
318
-162
-1049
-410
-930
-6
0
375
35
0
-138
1778
0
-1289
150
-1
-468
-2136
-1365
-889
-148
396
990
418
190
136
-168
-4730
133
-76
1079
-1827
114
0
-5378
120
-2159
378
-1216
480
-2148
723
-456
1951
301
-2527
-762
204
0
1392
0
364
1224
-172
0
404
-268
0
-1917
-352
80
0
0
0
2037
-4028
6
-1078
-508
-930
0
-930
82
-1235
1064
-2030
-1615
-900
0
0
-360
-1540
0
0
0
2571
70
-519
-168
648
0
2010
18
0
-1416
-330
-1305
0
-455
-18
0
1148
180
0
2380
-1560
-300
-511
-95
-148
-189
42
-1016
-289
0
-636
-2331
-1536
-196
312
0
-18
-408
442
60
222
-336
0
-328
-60
1484
52
0
29
-35
0
-2175
-3138
242
336
0
126
-1050
1024
-104
40
-1152
2752
560
0
-392
-579
-782
-336
212
131
0
-216
385
-992
1524
-3429
120
0
0
0
-1052
180
-1312
0
-939
336
1086
-832
-421
-1397
-352
-1583
0
-168
0
0
0
0
0
-20
-600
-294
0
0
-762
-58
786
0
-850
0
0
0
245
1200
0
0
408
-946
0
-1523
0
393
-680
-1590
572
-2540
-14
396
0
170
0
0
-9
-3410
-407
-88
-1319
-373
76
-756
-738
180
-3302
-644
-1953
160
342
792
-456
33
1141
0
-762
435
0
2945
20
0
952
0
0
-1202
-484
-198
-732
-88
136
0
0
-392
96
-1358
444
-2310
-1016
-43
0
1770
-514
-390
546
-1575
-850
-1008
576
0
-220
0
-1240
0
-420
-1214
112
-1265
-42
-1436
-1035
789
0
-888
-229
-447
-1304
-130
0
381
-836
-779
380
0
-396
-3175
-315
-60
-1467
196
-141
-219
-1651
322
-272
-4826
-36
-288
-686
96
-635
0
-762
-788
36
-170
-108
0
-1087
700
779
0
-10
-444
-1118
-75
-615
-2109
-16
1907
-52
0
-22
-2006
-420
1040
-357
-695
-22
-657
-562
-1284
166
-280
26
-3238
0
-274
0
-2586
-642
1008
-304
446
-72
0
-1182
-4315
-214
87
-328
-22
213
-22
-1024
-117
-90
-615
60
374
108
3466
495
0
0
-76
168
-1191
-168
-1016
-3968
-508
1721
-692
1739
0
0
-14
0
540
10
30
714
-1462
0
-620
550
-734
-510
-930
-1632
-198
384
2413
-378
660
0
0
-222
-672
-90
0
468
9
-32
-707
-2060
-979
511
-2750
1740
-60
-915
1023
-1243
2098
1638
-325
0
-1617
-290
2697
0
77
277
0
0
1139
-440
-1940
376
-96
0
0
0
-2413
93
-97
0
-1160
-127
360
0
-5494
-718
-325
-254
-1106
272
48
-256
0
-399
484
-329
0
0
-5407
378
532
50
1184
298
-1268
0
-400
-3604
537
-369
-3531
0
1194
-440
1037
59
0
-330
-5112
-175
0
-2783
-433
-669
-147
0
134
-136
-4953
281
0
-23
-962
-254
0
-1056
-184
-782
-100
-788
-266
-512
448
0
208
-14
-738
-365
-284
-4908
-2396
-18
-441
52
651
-2008
-2576
-614
420
-255
475
-44
10
-161
-1797
381
0
312
-2125
-207
-1886
385
3328
-2597
-468
-456
-3622
844
1309
-258
-3831
450
174
248
49
897
471
-538
-348
-318
-984
-1016
723
198
2578
216
0
250
-258
-1783
-1921
0
-1165
-1016
-750
715
-858
1056
120
-1500
402
0
180
-756
0
153
-1204
0
-412
84
-316
-689
1782
-246
-483
-24
-2728
495
426
-140
-40
-832
-3526
-315
779
1003
29
-24
0
-2614
-264
833
-4663
1084
1080
-228
-397
-1311
434
539
-737
-306
-821
0
752
0
-791
1078
-32
0
943
473
0
-1825
-96
470
0
0
0
381
-3652
222
-418
-92
1452
0
-3521
-80
-475
-721
-4126
304
-30
0
0
270
-4422
0
0
0
-2081
70
-1099
481
1956
0
2835
-14
0
-1400
-90
-481
-100
0
0
-308
0
120
0
0
-840
-455
0
-532
-481
-378
0
0
0
-136
-3429
0
0
-184
168
0
0
0
-966
12
-35
-1680
0
-325
168
588
0
0
377
-70
0
-900
-2975
0
-504
0
0
-840
-92
-756
65
0
100
0
0
-575
-792
-476
0
0
-270
0
-36
0
-352
-1127
-108
0
-2032
-27
112
0
864
300
0
-570
0
142
-127
-189
0
0
-287
0
0
252
0
-324
0
75
192
-840
0
0
-1270
-1984
0
1425
-880
1054
0
0
0
0
0
0
0
0
-344
0
-564
0
0
-424
-2640
1143
-1242
0
-868
273
0
-252
0
-63
-492
0
-20
-1065
18
-36
0
-3915
0
98
-1334
1496
36
693
0
0
0
1771
0
0
-1014
0
174
0
0
680
0
0
0
224
-388
-1080
0
0
0
0
0
204
-2425
0
0
0
-301
0
810
0
0
252
-105
0
-228
0
0
0
-448
0
0
0
-590
14
22
0
-198
96
0
0
0
889
0
0
0
644
624
-200
583
2796
0
-20
-1248
-386
-105
-76
-24
-210
-363
72
252
0
-1070
-148
-1824
-794
-962
-174
54
-648
-1334
-794
142
645
0
-592
104
686
310
0
-513
-474
-2159
-1856
-5112
-436
-756
0
-196
-910
-1492
-505
-58
-1898
1385
-176
0
-504
-754
23
-2000
1162
-891
0
-202
-420
1144
-964
-341
-380
0
-1905
-280
1449
-281
1660
96
2416
28
2027
-1016
-940
-638
-728
-4171
-348
-1137
-770
0
0
0
0
-2006
-425
-1582
0
0
-1353
-47
-1422
192
814
0
0
0
-77
672
0
0
-2061
1531
0
-764
0
-537
1375
-1680
1651
-1380
76
-2728
-856
-716
448
0
-146
-2542
-365
902
-195
-1204
-42
-315
2386
-396
1274
-3223
1441
360
-934
-2140
-1311
356
834
0
-306
-1645
-1651
3445
10
252
870
0
0
1550
280
-102
1414
-24
870
-684
0
-318
-554
-742
-108
-4086
-1201
110
0
1065
-504
-1420
-337
-1905
33
-2508
-45
0
165
-90
-470
0
-1103
-1657
112
995
264
-1237
-362
1044
-186
-108
2867
427
-534
-100
0
0
-308
0
120
0
0
-840
-455
0
-532
-481
-378
0
0
0
-136
-3429
0
0
-184
168
0
0
0
-966
12
-35
-1680
0
-325
168
588
0
0
377
-70
0
-900
-2975
0
-504
0
0
-840
-92
-756
65
0
100
0
0
-575
-792
-476
0
0
-270
0
-36
0
-352
-1127
-108
0
-2032
-27
112
0
864
300
0
-570
0
142
-127
-189
0
0
-287
0
0
252
0
-324
0
75
192
-840
0
0
-1270
-1984
0
1425
-880
1054
0
0
0
0
0
0
0
0
-344
0
-564
0
0
-424
-2640
1143
-1242
0
-868
273
0
-252
0
-63
-492
0
-20
-1065
18
-36
0
-3915
0
98
-1334
1496
36
693
0
0
0
1771
0
0
-1014
0
174
0
0
680
0
0
0
224
-388
-1080
0
0
0
0
0
204
-2425
0
0
0
-301
0
810
0
0
252
-105
0
-228
0
0
0
-448
0
0
0
-590
14
22
0
-198
96
0
0
0
889
0
0
-630
-381
-1016
-377
1085
1888
0
-2488
3387
-685
-919
-771
1368
-6
-5001
287
-550
0
-1056
-6206
713
-232
360
-762
46
-850
-93
-608
-176
-517
0
-401
-236
1042
182
670
397
-20
-738
-7016
821
-94
1689
-254
-2678
-114
-2576
-1025
-268
-84
-3527
-768
196
-1050
-2535
-1088
-1660
-378
-2701
0
-150
18
-1948
-652
2054
-960
0
-770
560
3439
300
-1368
87
2803
-368
2204
-564
-2235
-989
1403
-3463
60
-1707
198
-2728
78
0
0
-1236
0
-1189
-7
0
-4406
1305
-2456
-176
136
0
140
0
180
-1744
0
0
213
270
0
-442
0
588
-1113
278
-2982
960
-2159
2652
312
685
-112
0
231
290
-1151
-2772
-1689
-116
-56
-2806
-1888
79
-832
-2227
-3014
-120
-1734
431
-3394
525
865
4838
120
-1459
-754
4600
254
196
1048
0
0
-1038
-2424
-14
-831
-655
-29
84
0
-882
-84
0
296
-5662
-3516
-225
-39
-5030
45
-622
2193
-3399
1096
-743
-576
0
-627
-192
-1142
0
-1913
1386
-488
1105
0
-4303
-635
-4824
18
380
-4086
-339
1118
-77
-162
-927
-166
191
-276
0
0
2718
0
0
983
751
262
-214
96
-2136
0
15
-4837
667
-658
-1625
0
-80
-119
-88
785
224
-105
0
-227
0
212
36
-770
592
-992
-603
-5417
-475
0
105
-1608
-1078
8
0
-925
677
-254
0
-42
-189
-510
-51
-3600
0
0
86
-74
-139
-762
-3712
-613
-48
0
-2316
-1139
-56
310
3810
-708
0
5049
0
1799
-843
-492
0
985
432
0
-760
-140
244
-2130
0
0
-1140
-1298
0
-127
0
-112
878
-608
24
-176
0
-224
-602
54
0
0
0
144
1752
0
-574
-96
22
-1324
-4948
1361
-872
-311
0
70
0
412
336
-42
0
-469
-304
-3532
-321
0
-438
-18
36
0
-3269
-3285
0
-3159
-68
0
-921
-1746
-264
0
19
0
-1476
-184
172
3835
0
0
-2609
-72
-190
-851
-490
-1848
-15
0
-956
-1657
-1140
0
-2533
1517
-3602
0
1600
0
0
-12
-3824
0
-1748
0
0
0
-792
0
0
1098
-552
0
-2030
-849
-6827
-2421
0
0
-359
572
-1455
-1683
-350
0
0
-1016
-2853
480
0
350
-2340
-77
-891
-416
-1406
-189
-2555
-2116
2161
0
-1269
-2520
528
-1203
-159
-48
0
-170
-338
-828
425
-144
-250
-1096
-498
961
889
0
-1683
-344
358
-5057
-1578
1504
991
0
234
-995
-368
-273
564
-1986
2632
1050
0
-1341
-2185
-1784
-4014
-1040
-579
0
-136
0
-1928
-1612
-3791
108
8
-120
540
-1766
35
-2250
-32
671
1281
290
-3564
2483
-3553
-829
-1843
-204
828
1155
110
-324
0
0
-2676
0
-2906
-686
574
2200
-812
-2162
-428
-1043
0
0
0
250
469
0
-9
-2965
1045
0
1008
0
909
-2186
-3102
1713
-2005
-365
-1827
-336
284
72
0
-14
-3546
103
0
-1538
2032
-76
-2791
-573
447
-1349
-2125
-3532
520
-900
5005
-4334
1625
78
-5207
0
1316
-1901
-4298
0
70
586
0
0
-1005
-352
-154
1120
-882
-61
-1524
0
-1022
-37
-712
-48
-5136
351
-204
-12
110
-587
-705
-254
-3465
-625
-268
168
0
-1905
132
-2266
0
726
769
0
-560
0
-2103
-2753
758
-28
-520
3127
-294
-1215
-284
-1211
-260
281
-1662
1746
0
173
-6644
-65
108
-1389
293
-1624
-260
-127
494
0
-61
-7154
-813
1866
71
-483
960
-5191
-307
-2554
366
-1404
1763
-174
-368
1312
-56
821
-2194
-3070
-2712
-1335
88
-172
-1862
-1575
481
-359
4
-1231
2988
428
-818
1298
-879
-795
-2446
-4058
-3525
-677
-1363
494
192
-84
-3954
2678
-2759
0
600
383
-390
4254
-5491
-1057
-127
2043
0
2299
-467
-3464
-5079
-1879
-3679
-510
594
-58
868
-369
0
0
-495
311
2040
-195
0
-4230
-346
-2054
-766
-1209
-335
-538
-126
536
-812
0
0
-3178
75
0
-3087
0
-364
-2184
-3940
-484
-1780
318
558
-726
-506
-583
406
-254
-880
-97
-4654
-720
791
215
-5457
-1302
153
-2325
-7088
-531
624
-2329
527
469
-1652
1729
-4395
-127
-1452
-507
3749
40
-1768
824
0
-288
-4330
-778
131
1243
-3763
1363
-1326
-1524
-200
692
-1000
-1218
-4544
-7293
-3311
0
-1819
-80
-1890
-263
-3533
-2305
-551
0
630
-140
-300
-960
0
-2328
-4664
84
-20
-828
-1283
-1572
-388
-731
3418
-162
2320
-3623
-533
-343
796
-559
-2511
844
0
2424
-4321
0
-1308
-933
-584
-2248
-943
-1056
-1899
0
699
-6380
4643
-3922
-566
-351
-1101
-2793
-725
17
633
2328
-188
-498
0
670
111
-223
-2078
-2425
-1442
-7964
-1922
-216
-76
-912
-1564
479
-153
-1792
1129
-1640
625
59
-841
-1861
-338
-3007
-4714
848
284
-234
-1521
-3059
-2337
-2522
-918
0
-585
163
6
1665
-2677
-2934
0
4484
0
2706
-659
1925
-6977
-494
-1649
-116
-751
-668
802
-703
0
0
-1248
-919
-357
-385
126
1996
-275
-2930
-1326
-3749
-86
-161
-181
450
1299
-254
0
-3021
475
0
339
44
-195
-3282
-4821
78
-1517
625
-2201
-230
-1066
-400
-602
-208
-1718
19
-3107
403
1125
300
-4027
1393
887
-1299
-6566
-1941
2535
-2312
-164
-1201
1256
-3145
-3772
-12
113
-1778
-2272
-32
-26
4299
0
-18
-1490
-469
185
-1407
-2881
23
-658
-276
-3524
-602
-801
18
-5112
2010
1009
0
-351
847
-1412
1576
-6019
-1615
-2664
0
1533
-889
-2170
-2628
0
11
-2078
762
-5259
228
-3966
-5179
232
-420
-2175
246
-1149
-900
-306
-432
620
-305
513
744
0
2039
-3912
0
-613
-1582
193
-2722
-827
-737
-1777
0
-835
-5420
1481
-2007
177
540
-1680
772
-1384
1418
-5
-2673
-300
-566
0
152
26
-231
-329
1285
-112
-11992
-1435
381
1470
1357
-1063
-1044
792
-1226
384
-1344
1038
630
-135
-752
-1103
549
-1749
212
-107
-512
-1574
0
-2056
-708
-2231
0
-2631
-85
230
-1376
-1316
-547
0
4191
0
2904
-245
1405
-4220
367
565
-80
-729
36
1180
18
0
0
-874
-1360
-2159
0
82
-1097
153
100
-450
470
104
-528
-361
159
1238
-132
0
-146
1334
0
999
200
481
-103
-560
-239
-289
-728
0
-182
610
-1640
-1421
-74
-1100
-878
-3385
-357
-1075
0
-3397
1871
108
-153
-3280
-2502
0
-3163
327
-1651
2196
631
699
0
-1806
-1246
-340
0
242
4211
0
-666
-67
-604
60
723
-2450
-2617
-275
0
-2145
197
-884
-1143
-4891
2900
-185
0
-2818
98
-680
1625
-2631
-2147
-2860
0
609
0
-3043
-3243
0
2070
255
0
-2238
-828
-5284
-4850
-508
868
-2573
-779
-673
-2848
0
0
-3
-220
-2469
-195
0
-22
1470
-315
0
208
288
-569
-508
0
-1194
0
-2697
-686
0
-795
0
0
0
0
329
0
-25
-5928
0
671
0
254
0
0
1607
179
0
-2268
-3308
0
-189
3
0
72
-180
-1421
105
0
691
0
0
-1398
-328
-346
0
0
-15
0
-52
0
-1144
-1396
0
0
-1766
104
0
-102
1611
-556
0
417
0
66
-604
-17
0
0
-328
0
0
252
-992
-81
0
0
173
-692
0
0
-127
-1344
0
957
-616
-309
0
0
0
0
0
0
0
0
-141
0
-282
0
0
-1726
-4469
793
-1025
-127
-124
1592
0
-1386
0
0
-82
-402
-81
-2023
-428
-24
0
-6622
0
49
-54
-490
0
362
344
-69
236
-238
0
0
1236
0
-225
0
910
1197
0
0
-179
-784
-329
-4427
0
-762
56
0
0
-1713
-776
0
-2258
0
-944
0
-248
0
0
126
-1238
0
-1541
0
0
0
-928
0
0
0
1644
0
-1005
0
-2946
-412
0
0
0
715
-855
750
-910
0
0
0
408
1086
-635
432
-4953
474
365
792
1064
-141
-378
-3666
184
8
2069
-160
-762
44
75
0
0
-1270
-3995
0
155
0
-70
-636
-986
1917
0
0
0
0
-2033
26
-7205
204
-1767
0
0
-84
-1555
-156
143
-990
2349
255
0
-323
-16
-484
-1551
1665
-1650
0
-42
0
-5018
-3972
-1250
951
-2014
0
-224
-285
-26
2197
0
-219
1874
146
-2426
-2655
233
-1351
-18
0
-115
-490
3365
396
0
0
-2353
0
3538
-240
1519
129
-1778
-288
480
1401
0
0
0
707
-225
0
15
-1266
-83
0
-1869
0
-140
1224
-2020
760
617
802
-2303
0
-1601
112
0
-1051
-7734
2083
0
-339
-1430
-156
2352
973
-2010
807
0
3334
-855
-549
-3122
1635
2575
-355
-779
-545
-3661
-625
-666
0
54
47
-234
0
-276
1280
1510
-45
-1378
-560
0
0
-556
-263
1087
0
-2702
0
-205
-6
180
-1522
-2865
0
-2607
-1445
-3296
-320
0
297
-180
526
0
0
-4173
8
871
0
223
254
-3489
0
-316
3304
112
-5021
-1778
0
0
0
-727
225
-625
450
-1872
-450
-279
-1017
-228
-210
-4107
-3414
-369
140
-3147
-160
-576
-1654
72
0
0
-270
-1557
0
631
0
-175
-699
76
1535
0
0
0
0
-654
-4303
-5472
-24
1066
0
-364
-903
-580
-156
-55
-1334
2944
-330
0
-307
-288
100
-1441
795
-1198
0
-228
0
1280
4464
-4011
-198
-1620
0
472
-486
1829
-2422
0
780
942
397
-2749
1330
-2415
-2201
-715
0
-127
-798
2231
232
0
0
-182
0
-3456
-215
-315
-1515
-658
626
370
-2049
0
0
0
131
915
0
83
520
-86
0
947
0
-1241
-1644
-1890
-269
-2242
1277
-1199
0
926
38
0
-667
-6055
-559
0
2400
-819
114
-1622
-804
181
-1728
0
-786
-496
-2556
389
-5216
4050
1185
-2460
-635
-196
-290
1566
0
126
788
-258
0
4803
-650
-1102
-83
-1529
337
0
0
-1311
1087
-1577
0
-7377
0
246
-378
-1010
-1016
-1640
0
-4191
-807
-1464
359
0
-1255
-408
-1344
0
0
943
14
-1105
0
673
-188
5088
0
-308
-2435
-609
1309
-65
340
275
-423
167
2794
-508
31
-6933
0
576
-1488
278
-439
111
9
1667
14
749
-3240
-7531
401
-1761
-504
312
-3398
-254
-3960
658
-57
214
0
-154
963
0
81
-420
-1032
-651
-422
-1451
0
-3348
-891
676
-99
-736
-734
718
-333
155
-438
428
670
-1800
-1150
-1801
222
-1058
475
-140
932
-2298
-3477
-476
150
-792
200
0
-782
-2185
936
0
201
127
781
-106
-3391
-1215
-2467
347
0
154
-608
0
1492
-7
102
-2532
42
2059
-118
0
-1057
-2201
-2122
288
1315
-537
-2380
-119
351
-323
-635
0
-4335
492
0
-1677
-48
-10
-1284
-3922
0
-903
102
-3331
-168
-408
-62
21
-168
-656
1690
-2876
704
0
-282
1428
-122
-2282
770
-4034
1854
134
-1840
-96
1725
966
564
-2379
-378
-854
0
811
20
0
1895
0
342
220
40
-475
-249
-6774
-145
-57
-72
-695
-306
-80
-522
-1471
77
-1250
-14
-829
0
-1069
-2217
-1580
-114
-1350
0
-2373
105
0
231
-87
-547
-4501
268
-1209
-342
747
-268
212
119
1384
-36
1999
-3161
-127
-1789
1055
-1544
-3944
3324
-500
-21
-7839
0
-76
-2808
428
-572
-796
-1269
378
245
-307
-3609
-1004
-3920
115
-1143
599
-3515
-606
-3370
649
-439
4541
-1122
-42
187
235
4683
-1989
-1526
-649
-4166
-1493
-1173
-80
-658
-7
808
-1152
-1752
184
-4075
962
-2077
-2433
-2286
-1719
-501
-3575
-138
-1126
-737
-774
-1054
-614
2422
-2150
36
-270
108
170
828
-3420
447
0
903
84
3849
-694
-2669
-6465
-1649
-8686
-80
-559
-1908
1116
246
-53
-578
-2728
245
-1603
-201
91
-619
-1523
-7398
-420
-1319
-988
-2681
-52
828
1258
-436
0
-853
1476
40
719
-66
482
1446
-2526
-44
-4068
130
120
-381
-320
-391
-714
-244
-2920
233
-6664
501
-1819
987
-3462
628
513
-3451
-6097
108
-4357
-4802
-161
-1868
558
-1494
-4443
-579
-3629
-2004
-305
1040
56
4622
0
-436
-832
-121
625
2453
-4773
3432
-788
936
-4407
989
-210
-360
-6530
-5645
777
84
-2030
-567
-813
1158
-3093
-4522
-390
0
-651
-430
176
-957
-475
-4030
-4600
372
1295
-552
188
-1672
356
63
-2721
-81
1525
-212
-51
-700
904
-28
-751
2069
-352
3678
-7595
0
-4254
-1825
-813
-1341
-707
-1397
-1623
889
-1793
-2474
4241
-469
-820
-765
-865
-2477
-1698
-336
543
3713
2870
-1714
364
457
-46
-672
-1263
-805
-177
-7743
-2191
2153
3133
159
-26
-2346
-1452
-1731
1691
-3787
1133
890
-340
903
-1827
-366
-3741
44
-1005
-1093
-636
-2025
1412
-2932
-484
381
-324
68
91
-491
-4859
-2291
0
911
-28
2480
-1913
1940
-6445
1306
-5083
20
-752
-356
899
-871
-38
-1717
-486
-851
-1473
-635
-127
-58
-1615
-2356
-102
-3131
-240
-3031
29
145
4109
45
0
-1773
1190
512
-271
-142
-38
-1029
476
-2
-7703
18
-153
-240
918
-62
1372
426
-1920
-663
-2
-640
-570
225
-4818
1273
798
-5001
-6438
-339
826
-3301
-106
-3632
772
874
-1917
-163
-1638
-990
773
8
-416
3662
0
-979
-919
-298
-5
498
-6537
-251
-431
0
-4057
-901
-790
-558
-4946
3879
952
-91
-3899
-462
-583
1129
-3199
-2223
-1806
0
1008
-180
-1416
-3171
-624
478
-2682
2935
-2985
-501
165
-4135
-8
889
-7362
-334
-438
-3328
0
-648
-14
-134
-2129
115
0
608
-3831
927
-936
-2251
-264
-1200
-309
121
-3866
0
-882
-1535
866
-1618
-1344
0
-1040
297
-2750
1409
725
-5033
-2000
-977
0
349
-122
-1617
-884
628
-682
-6043
870
-1484
676
398
4
-1382
-1938
-1596
1249
-3813
935
-1508
0
-2298
-1921
39
-1023
0
-1191
-127
-139
-6223
-870
-2244
-170
0
-599
288
-69
-1513
-4054
-4901
0
-130
0
440
-1443
1958
-1154
549
2266
-6
-84
1646
1535
521
44
0
282
-1090
-381
0
-133
-329
0
-590
-1684
1731
364
-384
-856
147
3620
190
0
-869
1672
-1016
1058
-208
-591
-4914
-4864
-211
-2856
-715
-2028
529
530
-1313
3136
610
-1190
-3271
-1680
-512
1362
-456
-1020
-5743
0
-1550
-4335
628
715
-1491
307
-312
1412
-4790
-413
-12
1648
-990
-2787
-736
-783
4227
0
-1258
-469
-12
-183
-3619
-1274
-3207
-524
0
-918
598
-1031
-1143
-3521
351
-182
0
-2726
287
-138
230
-1773
-4294
822
0
0
-1143
-986
-1524
-464
3112
-3623
127
-1012
-501
1171
-3414
0
0
-1330
55
-1715
2161
-100
0
0
-308
0
120
0
0
-840
-455
0
-532
-481
-378
0
0
0
-136
-3429
0
0
-184
168
0
0
0
-966
12
-35
-1680
0
-325
168
588
0
0
377
-70
0
-900
-2975
0
-504
0
0
-840
-92
-756
65
0
100
0
0
-575
-792
-476
0
0
-270
0
-36
0
-352
-1127
-108
0
-2032
-27
112
0
864
300
0
-570
0
142
-127
-189
0
0
-287
0
0
252
0
-324
0
75
192
-840
0
0
-1270
-1984
0
1425
-880
1054
0
0
0
0
0
0
0
0
-344
0
-564
0
0
-424
-2640
1143
-1242
0
-868
273
0
-252
0
-63
-492
0
-20
-1065
18
-36
0
-3915
0
98
-1334
1496
36
693
0
0
0
1771
0
0
-1014
0
174
0
0
680
0
0
0
224
-388
-1080
0
0
0
0
0
204
-2425
0
0
0
-301
0
810
0
0
252
-105
0
-228
0
0
0
-448
0
0
0
-590
14
22
0
-198
96
0
0
0
889
0
0
0
0
0
0
539
1935
-335
-1212
0
-478
-1188
-2400
0
0
-1262
-546
518
-136
-4505
0
-684
-775
-222
0
0
0
-2610
0
165
0
-70
-924
504
753
0
0
0
0
-419
-832
563
-288
2142
0
0
-198
-2619
-504
462
160
-1174
-585
0
-293
-737
76
-1650
195
-3947
0
0
0
462
-2220
1048
-1257
-2744
0
448
-692
-720
-52
0
-28
-1597
349
-752
-686
168
114
-149
0
-56
126
1489
0
0
0
-442
0
-2689
247
-966
-1338
0
-920
-440
1730
0
0
0
-55
-330
0
127
-1194
68
0
-1153
0
-956
-1248
910
2079
183
-22
1175
0
384
-28
0
-557
-2978
-88
0
0
13
-24
-443
-636
-1132
239
0
1279
228
-315
1943
-3984
650
259
0
-255
-2009
-285
846
0
42
618
-48
0
954
908
-1338
-9
-210
47
0
0
-1651
158
-1297
0
-1887
0
99
0
-3525
-635
-657
0
0
696
316
-217
0
-735
-384
1258
0
0
-2230
14
-818
0
813
-945
2451
0
-200
-411
-154
342
0
832
85
-1524
-2548
1496
-268
-1789
2059
0
-937
1444
748
-527
-284
-561
2657
16
-2256
-1934
-11412
-245
-106
-54
560
-2279
234
-4485
20
-3904
2518
-795
196
598
333
-2830
-1140
0
74
-4627
-293
274
-332
-9
-78
166
-1094
-1960
3116
405
-76
-2920
-1104
-835
-2113
-356
-7612
-1094
-1080
-1314
0
522
-1148
-3555
1208
13
-1079
0
362
-2272
39
539
0
678
7
378
-1070
-1891
645
-1976
3593
-30
203
24
0
872
269
-2201
-1866
202
-1061
-12
-77
-120
-733
-3622
-187
76
541
-4322
559
214
-1825
-209
0
-4484
690
184
-1586
100
-359
255
1003
0
5938
31
1142
890
-218
-2037
1540
-916
-1518
3925
-5721
201
900
-92
-495
-176
-1355
2272
-77
-150
-108
-943
900
-2870
-1183
-3110
971
-227
-5039
-1818
-2589
-40
20
1323
-56
533
1895
164
508
2113
-3632
749
-235
84
-4292
-182
-765
0
-2382
-1310
69
-28
-1939
-889
-289
-2125
-1236
1007
-981
0
-2667
348
-128
2358
-285
-157
-1016
-69
-3591
156
-841
-3316
324
-49
341
0
1105
-3218
196
-100
-103
-1995
-898
3090
-4865
-1881
-5170
-684
-2568
-364
-72
-236
-163
-3975
1506
-206
3753
505
-40
-394
966
-2914
2589
-3185
-2293
-4104
280
-432
-644
-1988
97
198
78
7086
-1798
-774
-6214
-4054
-1854
-4570
-343
148
1383
-2345
263
-2392
262
-7530
1410
-1942
506
-2639
-2264
223
-6089
1602
-3300
-516
-28
2545
-1253
-589
1589
1735
60
-32
-1365
-2213
-2415
1435
2208
691
2278
1362
-1647
159
-5782
-158
-5470
-2052
-758
-3856
992
-451
538
-1873
-5059
-566
4646
-20
367
-985
-882
-3865
186
-65
-1536
-3123
661
37
365
-6218
0
-8457
3932
-216
-238
-1452
-805
-2103
-3442
-44
-4531
-88
-3807
-408
-3598
126
-560
-1526
-8149
-2567
-491
687
926
-12
-6575
-1279
7
335
-4014
954
-404
-1652
952
-2816
1273
2104
-437
-3370
-2935
-8280
4978
160
-200
2798
-1833
-3232
1036
508
294
-210
-9624
1988
-1382
0
-3773
-185
1070
-1818
-2565
-4066
-684
-288
-3161
131
-8981
959
-869
-2166
-3782
-610
-126
135
176
-4670
-3547
-770
-3170
847
339
-500
1837
-2411
-112
-2326
-7006
-12
168
-3909
0
0
96
-1143
0
75
320
-242
-2580
0
0
-392
-1073
-882
118
0
0
-341
-1123
-504
-2990
-41
-690
0
0
-68
-460
144
1484
-1536
0
-260
-399
303
0
-2208
0
0
69
-1725
-226
0
-1417
-183
0
-420
0
-756
744
27
-34
-440
870
-440
-264
-612
-112
-104
-596
36
0
-318
-768
-2961
-688
-308
-1582
0
224
-350
36
180
0
-846
-53
0
-127
-204
1065
-353
-82
20
345
1533
0
-1278
-889
1296
-920
0
138
320
0
-35
-983
-632
-686
1306
720
-1025
-21
0
0
-585
0
-381
-398
0
209
-38
0
0
-120
0
-745
-14
-2611
312
0
-196
0
-762
-328
-270
-48
0
0
-700
0
0
-483
-440
-874
1344
-100
299
0
1173
485
1154
-2286
240
0
0
0
0
0
512
-16
54
-95
84
0
0
-1722
0
-127
0
-358
54
-558
0
0
156
-162
-14
412
0
7
630
-1260
0
141
0
0
0
-64
510
-112
0
0
-23
602
0
-189
-176
0
0
0
0
0
-160
-350
1020
570
-2430
-279
1509
-2613
-6333
0
-665
-3984
0
-185
-354
0
-5334
527
-1020
-6604
369
-3720
-1127
312
-11303
1651
-652
0
-3649
-88
0
-560
115
1008
0
-24
-483
118
0
-882
-380
-1746
-855
2142
0
210
-2574
-736
-1186
840
69
-520
-4184
-3066
-828
-2816
0
-1624
221
-3175
0
0
-3120
616
0
-450
-1216
0
0
2688
-551
0
-1032
2001
0
126
1176
536
-572
-3266
342
-267
310
-616
720
0
-228
222
1050
736
-304
-4195
0
-381
-8928
0
1153
-396
0
1346
-5738
1016
-105
-5619
255
0
3264
-3283
-608
-341
2800
133
-1530
1260
0
3599
-110
3429
0
1800
0
-2128
-1168
-4454
-3234
-282
0
-439
-96
-1512
0
-132
1049
0
-144
-132
-441
-82
-195
520
273
0
-1408
-1890
-3442
4885
96
0
1914
-376
-1263
2067
364
-759
-216
-658
1825
-328
0
-2159
24
-1447
900
-456
-3081
0
-16
0
-396
-1600
672
0
4712
-540
-50
-434
-513
0
-3337
-628
1008
0
1115
-502
-190
945
492
0
198
-4166
0
-330
570
0
0
0
0
400
150
-536
-242
0
-560
-75
-532
0
0
252
-1270
0
0
-4318
0
0
-115
0
0
0
0
-1288
0
-80
0
0
-845
616
588
0
0
0
0
0
0
-5236
-6
-1197
0
0
0
-2208
-252
52
-289
1025
0
0
-460
0
0
0
0
-1125
0
0
0
0
-1225
-522
-798
0
0
0
0
108
810
0
0
119
0
-1270
-504
-116
0
-205
0
0
0
0
0
0
0
128
0
-2260
-252
-1270
-1116
0
1425
-396
986
0
0
0
0
396
0
15
0
0
0
-846
0
0
-530
-2420
3048
-1794
0
-3224
0
300
0
0
-168
-3362
0
0
0
12
-16
0
-1566
-660
1764
0
2728
144
315
-1353
-2208
24
1540
0
-255
-1287
0
0
0
0
0
0
0
-95
644
-1649
0
-12
0
0
0
0
0
-1067
0
-350
0
0
0
1053
-528
-275
0
0
208
-156
-65
0
285
0
-799
0
0
-649
224
13
0
-81
256
890
0
0
4191
-162
0
