-3987
1212
-1920
1672
924
-3787
-9
-728
-1156
2391
126
-27
-411
-900
-1352
-514
561
954
-2030
891
557
-2589
-690
137
6
-132
-332
-110
663
-683
272
-500
-4174
-39
778
96
687
-1680
504
-2074
-1905
644
-427
2793
0
82
1120
-1469
-462
-948
-779
-321
-1787
-1867
-2074
-770
4927
-372
-259
-982
735
-1680
126
-150
-183
0
936
-1905
-352
30
-1036
2457
-1002
-693
203
-648
-894
0
-308
275
650
-3144
-682
869
128
-2465
-185
-1320
-624
750
-1887
100
-1087
2608
-291
0
0
2584
409
-1747
0
833
0
1239
0
-1974
-3634
-234
128
0
-45
-3004
-1568
4686
-2528
0
735
-458
-225
-5416
-2170
376
-2242
-315
846
-18
-1845
-691
198
-1490
-408
-2146
-2985
-705
-5667
0
1093
-1021
0
-1814
-264
739
-230
-714
1557
-252
-2156
0
0
0
-403
1040
-2802
-620
-1062
-3098
-101
-177
-3510
-800
-264
-7352
0
-3475
1334
-2230
-2337
-1
-285
5053
-2156
-368
-1331
0
-4312
-174
567
-920
-989
0
315
-2202
-2611
302
-1215
-660
614
0
-1280
0
-4026
-3399
-3233
444
-3537
475
-462
1055
393
-616
-1318
1946
-252
-41
46
-972
-1066
3575
148
-11
654
234
159
-4188
-2558
286
-2034
-222
16
-223
-1638
-487
1385
-482
-3190
-3289
-3552
528
-5578
-540
-1356
-5516
-3
2941
-986
878
0
-977
-4064
-2121
1227
-988
1804
1812
-1828
-857
559
-889
-6309
-648
-221
-3002
3997
-1864
2024
-580
-3194
0
481
-1590
40
-230
2187
336
-498
1573
-464
-3018
-1034
0
-672
-129
407
-4335
-2637
-1878
-535
-2917
1294
-326
-767
-360
-799
56
-4993
-3482
26
0
0
-1906
1066
2017
0
-4026
0
1617
0
1302
-6329
-4731
-416
0
-135
-2408
-1690
-2756
-2207
0
2057
-1275
-900
-3189
3100
880
-2736
-224
909
-1089
717
-520
-90
-500
-288
-2489
-1554
-1685
-6181
0
-1310
-449
0
-2087
-2904
307
-60
266
-3233
82
-5910
0
0
0
-455
3939
1367
260
27
-2390
2355
646
-76
-1480
-190
-760
0
833
-7366
7832
302
-15
1118
-4184
-1716
-3764
-1428
0
-3096
-200
-308
4517
554
0
-2604
-1610
708
-2426
-466
-228
-361
0
-528
0
-517
-2442
-1409
0
-2765
176
-1190
-65
855
-446
-2315
1487
-22
-2312
-485
-3126
-659
2411
855
-811
-342
44
159
-5416
-3138
-2739
759
-936
0
1733
-1353
-889
-608
-310
367
1855
332
154
1533
-1167
308
810
-845
1002
-870
1759
-1509
-1397
-3281
-1115
-848
-1793
516
-219
-972
500
842
-889
6051
-1296
-197
-2020
982
-1982
-1433
608
2386
0
180
-1905
0
612
20
0
475
-1919
0
880
-371
0
-2
0
-588
-669
-1826
-126
-1482
-3243
-2309
-1764
-48
-468
-2649
0
817
760
0
-66
-84
-240
-1417
806
-433
678
-889
150
-2132
-381
-1089
256
-581
20
-183
-5002
-228
5159
-2442
-525
1760
699
-180
-1344
-684
500
-864
0
889
321
-2707
-1123
0
-594
-2000
-4706
-1908
-1753
-7207
-1071
1556
-2011
0
1727
-2100
0
-889
-508
470
252
1584
480
15
0
-558
-1080
-231
0
0
-1260
-146
-2006
3542
-847
-1246
-7038
0
-4855
6143
-4810
-470
0
2602
4638
-2178
-4532
-2255
1200
-2717
0
486
-2543
1924
-70
-472
-3099
-1571
-6060
-253
0
1547
216
-720
92
-112
-6526
-168
0
-1765
50
90
-1776
150
-77
-716
2259
-112
-254
-255
-1660
2370
-4012
-197
39
-1006
-254
252
-9900
-2765
392
-297
-234
0
-2006
-54
-448
421
-285
-77
-1057
-323
-1392
-3977
-63
-1745
-1400
-1755
1826
1905
-1674
2073
-392
-922
-3174
-500
-671
924
713
-1817
-491
-127
0
-4982
0
-436
-2540
4028
-1918
342
-285
-1053
345
144
-2225
0
-968
-132
468
520
-599
591
-1905
-30
0
-604
0
-1568
-2770
-231
845
-584
-2171
-1697
-2845
-1503
190
-4663
-2487
-656
760
0
-8
-156
245
432
1273
-849
586
0
467
0
-174
-1483
-5072
0
254
999
-3205
-508
-2021
-1648
-415
670
77
-1125
-1872
60
-425
0
0
405
-6
-1211
-1143
0
282
-1850
-1778
-6313
-1068
-396
-1251
1090
-1269
368
-516
-2646
175
-399
-480
-1015
-399
-3420
-1326
-110
0
-8
-207
-1144
0
0
-636
1779
-78
-135
-1234
-1655
-5588
0
-448
1415
2342
-1863
0
74
994
-626
1903
-661
-635
-4015
0
-264
-791
28
0
-810
414
-1325
170
1372
0
966
0
-297
-254
-376
-3251
-280
0
-2831
-44
-2115
-476
352
0
-56
1092
-156
-2266
80
-2184
3003
679
57
-88
719
-215
-36
-5439
-1038
-4370
-561
0
0
-4114
-2713
-448
1862
-635
142
-4384
-5258
0
-3527
114
42
-1900
-400
2224
-1080
-3596
-1748
-368
-7948
-4031
510
-78
-537
1320
-1329
-646
-64
0
-331
0
16
0
2829
2462
1494
-1102
-3429
381
74
-1655
0
84
381
30
346
1226
-456
1335
-190
0
-994
0
-1925
-3659
-4692
373
-110
-3627
1554
-613
-4048
69
-3676
-1796
-1911
-1349
0
846
-288
-825
1067
-1905
-1420
141
0
-207
0
333
-5399
-4878
0
-80
-2199
-2459
-476
-4386
-2691
0
284
-1330
-100
1712
600
340
0
0
254
-363
650
-360
0
-225
-2318
0
-806
-872
-5874
-992
-2849
-777
-144
-3609
-5196
-300
-763
-236
-1963
-345
-3645
78
-96
0
-628
2625
-640
0
0
-768
1255
1416
-400
-674
-1114
600
0
1772
-4327
5080
-529
0
1416
27
-736
-711
181
115
-2077
0
0
4496
-236
0
-333
242
522
6
-25
0
-686
0
-450
-28
-312
-4183
-1159
-156
-1179
1140
-121
-1182
18
16
-583
679
-42
-115
-37
-1440
312
-406
-2257
186
-3406
684
772
-829
86
-1723
1063
-216
-392
-178
-978
-412
1187
-502
-5941
-1871
-1166
-176
488
-1374
-1384
1070
-2281
-852
-2130
1683
0
1167
-704
-1862
-3071
-570
-1353
-1648
-2173
-486
-3771
-21
1974
-504
-891
-2006
4254
-3446
1080
-230
-2544
0
1040
-345
232
635
688
525
-579
-2755
59
-672
324
0
252
261
-220
669
-1607
-1975
-1054
-902
-944
-1879
-247
306
-340
-150
1863
1706
-664
0
0
-906
3027
-2458
0
-160
0
413
0
-1554
1549
-173
-336
0
360
-1482
85
2661
2324
0
1325
459
-189
-4091
-2776
-680
-3078
889
1143
-54
-1201
-419
762
530
152
-4894
-2475
460
-2911
0
-140
263
0
3107
308
195
-188
420
2544
140
580
0
0
0
57
-2236
-1619
-215
-981
1642
362
-1991
-1548
-230
418
-5984
0
-1362
1566
-8395
-5415
28
-3359
3982
352
477
4620
0
-1288
92
126
-1152
565
0
1008
808
-3086
-2135
-359
-292
385
0
-1648
0
319
264
105
-960
-776
-608
-362
-2013
39
-1381
-1358
653
-588
71
477
-2952
156
-3292
-1081
-549
2027
-594
-232
-6671
-4305
-2365
495
-54
-332
1539
336
-969
2352
-593
-3767
-3377
1754
-1392
-4706
-3516
-96
-2266
-342
-2952
-131
-3345
2794
-600
132
-3537
-5458
1618
-201
555
-6353
-273
-2153
-14
-1594
-132
-916
-5676
5567
90
-3600
-456
900
0
-390
-270
808
-236
352
-541
-10
-1322
611
-2922
597
0
1778
-3267
-115
-1520
-1999
2002
556
-1108
-1737
-1046
-1300
1815
-901
-254
-2772
-361
-698
0
0
-1030
-3104
-2711
-225
591
-429
763
762
0
-1009
-1504
-232
232
-450
-4937
-1256
-4980
377
0
355
-1005
-684
-4332
1294
544
-953
-161
122
-331
-389
20
-186
-513
152
-5743
-1509
-2815
-2274
0
1070
444
0
2960
-1633
-794
-118
-119
-1472
-189
-6116
0
0
0
1026
-4495
-3457
635
657
602
1030
-227
-1946
-756
-510
-2090
0
3376
193
-2941
-2239
92
-2175
1703
-1797
2118
3465
-508
-2056
-30
-819
-1557
-9047
0
4888
-2179
-2346
701
1257
-1412
-522
0
-1792
0
-3960
-785
-1352
707
-4480
384
-635
-1197
141
-1964
-231
2040
84
-1736
-102
-4278
-1508
4748
5330
-145
-1360
84
1125
-4284
-2444
-1588
-285
-1224
0
-1694
-2790
-1375
119
-434
-5393
-499
-4589
-220
1215
-27
-2513
-2519
-3265
1143
-1080
732
-763
1165
-2786
-2268
-550
-1450
-792
912
-3441
-4122
540
-1024
4283
-465
-446
-1968
332
-1821
4072
-421
-276
-567
0
-254
0
1434
-1000
234
-221
-2458
-498
-1096
-1146
0
-988
-2006
43
-2415
-4725
-293
-1299
-2809
1026
-2017
-1584
57
-2442
586
-15
-1445
879
0
0
0
-2939
33
-662
-949
-2381
0
-442
-2468
-3040
544
704
-230
-72
-3906
-171
3187
-4069
-1312
2419
-503
-400
-1260
-3015
-300
-3384
0
1492
-176
729
-1660
311
-2209
-1020
-5009
-2958
-1158
-4840
-1197
205
-1656
0
-890
-320
175
-348
0
1112
-336
-3707
0
225
0
-924
3562
449
-344
9
-1460
622
-56
-3040
-1892
-912
-6682
0
-1414
5326
-1037
-3611
0
1555
4090
-3488
-4926
-2445
573
-1905
-44
1010
1123
3444
0
-1907
-2751
-1367
-4860
-862
270
1220
0
-526
0
61
-5172
-1474
259
-8100
11
0
-624
-1933
-1331
-414
1615
-266
61
32
-1016
-1189
-2469
-972
377
-1051
812
1526
-7722
-3482
332
-1797
-306
0
270
-1557
-811
532
-399
-5398
-2663
-1226
-2680
-7965
640
-339
638
27
1357
0
253
503
-6
576
-1559
1022
-491
1540
722
-2977
-1482
229
-567
-3773
-2178
-986
770
3164
168
960
-58
1632
-315
254
-212
0
-448
2933
36
-276
-1187
0
-946
-615
0
-994
-304
26
-2241
-4157
-1922
-194
-3156
-824
-361
-1947
-635
-1034
8
-4337
-2159
546
0
0
0
906
2704
-934
-5202
-1984
0
688
2719
-2046
-6513
-439
-638
-216
-1768
-981
658
-3300
-1101
3845
-2427
-1600
-549
4508
-1019
-2556
0
213
0
-2415
-924
-105
-1265
-720
-9905
-2035
-3618
-2074
-266
-1037
-2199
0
1100
-1668
-300
-768
0
-1793
-504
-241
0
-1650
0
-4211
633
1143
1016
381
-1220
4515
364
1027
-1388
-851
236
0
1336
1459
3849
-2914
0
1012
-273
-1730
-5648
-1862
610
-1185
492
-616
5511
2837
32
-1160
-2208
1028
-6154
-624
344
4620
116
-356
0
-1779
-4412
-282
-252
-5823
-164
-414
-1306
-571
-645
-492
1520
-253
-4040
0
-3154
0
1222
150
1054
-110
519
191
-6498
-4595
-2849
-408
-1651
-332
2118
792
0
0
-1323
-4748
-553
-1130
-961
-1365
469
220
-1359
570
1148
0
-1786
745
-1562
908
799
359
2293
0
-1586
-1186
-162
-2479
-21
3738
-1008
1090
-454
430
1346
-594
0
600
0
266
-150
0
1533
542
-14
0
-2937
0
1541
492
0
-216
0
-1080
-3031
-3053
-85
-2308
-1752
-3133
-184
-4815
-495
-2043
0
-1308
0
0
0
0
0
1857
-276
1193
-2085
-77
0
-1563
0
-642
-6800
-84
403
-3150
-7579
0
-33
1391
-208
2643
-352
-803
963
1265
459
-1096
0
-633
127
-1896
-188
0
3727
-750
-9131
-336
468
-4345
-2043
-1780
-749
0
3266
-127
-635
0
0
-395
0
-1145
352
-1440
0
4922
-5825
-53
0
0
0
2666
476
-4388
-886
-63
-65
0
-1672
1202
3941
-3285
0
-665
-874
-432
-296
2737
-1245
-1345
-180
762
-1288
112
-50
-1940
-542
842
-1050
-1117
0
939
62
-58
0
-466
-4162
-2123
0
-1563
-64
-752
-1010
-3271
-220
-1661
-22
-262
-5254
50
-8606
-2836
10196
303
-1149
258
-999
705
-10276
-5392
-2262
363
-1559
508
-2533
642
-3094
1224
-1304
-976
-2626
-757
-2008
-1346
-1625
558
-3301
-2240
-12
1085
-3392
-338
-830
-5050
-3387
-7697
-2125
111
-3042
-5234
-880
81
-1176
-6451
-180
-872
-4597
6957
774
-151
139
-2574
59
870
-385
0
1999
631
447
-427
-2321
590
-795
-1095
846
282
-625
-5733
-1433
-3920
955
1604
-4197
-6006
-3006
-68
899
1567
1401
419
551
-316
-984
-328
596
2017
-2921
2250
-1155
0
241
2077
-282
576
1364
-28
1060
-7969
-9464
-3665
-6907
612
-515
-1934
865
-857
-2032
-328
-143
227
0
113
-200
2042
-637
0
360
-1978
-2435
-4457
-3101
971
-2206
1204
-1466
264
4119
-537
25
-1524
-408
500
336
-4684
-518
79
0
452
5230
-1451
-225
-354
-72
1050
-2726
-2514
-1848
267
-6063
0
2707
3058
-3506
-1933
-104
-4170
-840
-4931
4038
3976
-1106
-2098
0
-366
-4312
-3923
1326
1146
-3331
-54
1335
507
-116
2614
432
-1008
-232
-758
-9634
-4056
0
1682
-98
-6999
-1576
-178
-112
-1941
-24
-284
-994
440
-6378
-1504
3071
1542
971
-1210
-554
117
-8809
-2553
-6716
22
-792
-913
83
-2856
-1829
2600
-1316
701
-3790
-2805
114
-5184
-930
-270
-2058
180
-130
-918
2681
-1526
-2747
-8994
-2585
-2652
-2789
93
-6
-2798
-343
-1630
-1540
6192
-310
-642
-2779
6543
2655
1986
-1562
2220
11
804
-2271
0
2046
558
972
-398
1151
-2492
-900
-543
1008
2596
-1875
-6766
-4762
-6290
414
768
-3410
485
-771
-699
63
1970
-22
-1634
392
984
-896
-134
6666
-165
-1972
-190
-216
0
1798
85
186
-9401
2119
176
-160
-8557
-5105
-7954
-3004
1863
0
1508
-2619
-76
-1964
-280
-689
-3782
0
2370
-371
2347
-614
0
-18
-658
-274
-2769
-5107
-2619
-651
1374
-878
-132
-371
-3498
-340
-4215
152
906
-339
-7721
-872
108
-21
-1027
4979
-1056
-1860
9
144
328
35
-5535
-2220
1723
-2695
0
2457
1643
-2981
-183
-2
-2436
1309
-2398
-1970
477
-231
-4108
-180
0
1678
-1041
1224
-1411
-4158
-1271
-526
-511
-80
32
0
639
3099
-1198
-10809
1565
-252
4594
-570
-128
-1534
-335
-3548
-2154
-2033
-1587
-1497
-216
-4739
-1044
1093
1088
515
-1966
-483
174
-3150
-1718
-574
-422
-2159
-364
-1338
796
86
-7
602
-8210
-730
1972
-1495
6078
-487
263
-627
2912
-1009
1618
1678
-603
945
-1018
-6541
-4236
-191
-4254
-1000
-2621
-1200
-5594
316
-2633
-855
-300
-2023
2056
-97
982
-96
-468
-98
0
-510
0
708
-675
-248
-925
-7371
327
216
74
0
-242
404
-787
-6121
-1841
-2367
708
-1989
-3009
-1998
-412
-30
-351
-67
-239
-856
-1449
-165
0
312
2001
-2270
-1085
-1161
-1309
-721
190
-1658
-3560
6597
2032
305
-1530
-8139
201
-5411
2376
-300
2055
-1904
-1168
66
-4777
2
-3033
0
931
-4
-1874
-574
-663
-1225
-4524
-6184
439
-767
-2423
-1575
-1078
-544
-1968
3971
-1194
-333
-836
0
261
-983
-3881
199
0
0
1005
-4607
-700
-185
-804
620
-557
182
-4922
14
-718
-5619
0
-3855
1608
-10828
-3438
0
-1311
1139
-2670
-1400
4719
-1800
227
368
2102
-4120
903
78
-4009
163
-1479
-4195
-130
-1320
3808
0
848
0
2808
-3435
-1560
-91
-2487
434
-1904
-1257
492
-1389
-1593
1269
163
-1041
62
-5421
348
652
-1389
-2518
-3470
-1360
-1306
-8380
1070
-5941
-136
1853
508
-2740
-1565
-950
462
-462
-9843
-1920
-6979
2630
1076
-5052
-1654
-2658
-4478
-525
-3112
-847
-1316
1403
-7375
-5508
-4077
-3460
-853
1501
-4251
-1020
-4996
23
2413
-630
-1681
-3658
5392
-1755
1130
-499
-1524
28
0
-427
0
699
907
635
-571
-5020
379
-1464
-457
0
-571
123
-2226
-2808
-2160
-1861
-1053
-2407
-2299
-3108
-5091
194
-1880
-2960
461
680
-1020
387
0
2032
4538
-6575
-1412
-1074
416
127
212
-2668
-2344
1492
-192
-644
-2808
-7368
-306
2484
3745
-1453
3709
238
-336
-846
-4232
-157
-3218
0
1317
-242
-14
-1044
1057
3670
-3012
-2535
-4595
-4065
-5834
-733
-1697
1831
-1456
-437
-309
25
-356
0
1473
490
-4102
-1204
-1020
0
-3835
1587
-597
-92
219
1026
1583
-868
-2924
-10
3299
-8484
0
266
-6232
-5747
-7050
0
797
-768
-1249
1633
8383
-798
-2973
1612
76
1402
-2331
72
26
-62
-2712
-214
-4274
-565
2447
0
-666
0
-2019
-4792
-1298
-560
-2400
-194
-2468
-2459
-719
-1753
-2088
1779
-367
-1692
176
-2253
174
9365
238
-282
558
297
-5635
-6305
588
-2672
1850
221
0
-1143
-3476
-812
869
-1573
-7559
-1963
-4835
-895
-7092
-2134
-603
-5646
-703
-3815
2578
-1704
-1808
-1966
-2039
-2577
-7434
-1367
-170
411
-8556
-546
-221
-133
78
2883
-1007
-296
3592
1372
946
-68
292
-140
-144
-354
0
1800
279
2648
-208
-3647
-121
-2851
351
0
-129
8
-3917
-4025
-5850
-847
-558
-3172
1689
-2399
-6614
-505
-1891
-3769
-2402
-1207
1140
672
-126
2026
3553
-3962
1180
-2916
733
625
20
930
-3453
999
406
11
-4842
-4662
-1782
257
852
-1355
367
-3730
-1216
-501
1447
-1522
-2583
0
412
0
150
-89
104
5281
-2242
-1528
-8657
-3002
-1137
-1500
356
2710
588
-680
-1115
-340
-316
0
-915
-938
-2108
160
855
0
-4429
3879
-360
-124
75
894
2624
256
-8681
-688
813
-4331
0
3704
4355
2315
-6159
0
-1311
309
-1770
-3126
8164
2491
-4344
1340
-854
2965
-1143
-91
2054
268
-954
1034
-178
168
730
-122
-476
1209
-1643
-2496
-97
0
1685
254
-5111
-261
-798
-521
1856
494
-547
-1619
0
-7046
-648
3968
-2792
-1833
-1646
708
-2800
-3551
-5820
-381
-1524
0
-332
-3541
-2417
308
374
-2813
-1039
-902
-541
-657
1412
1143
0
-1627
2280
-2711
-1053
-175
-1033
-1020
-573
-1394
-3869
-1570
-726
-279
-3018
-200
190
-203
1350
-72
-116
204
68
-889
406
152
-276
0
2
390
0
94
-700
-154
-493
-3392
1174
3070
792
0
50
0
-161
-2094
-2743
-289
-200
-1627
-3074
-1437
-1989
572
1094
-460
-69
0
-900
762
-940
-2658
2640
0
2204
0
-455
-412
559
-57
630
4979
-259
0
-778
-3883
1458
-3554
-466
0
-1490
717
0
0
-462
-255
-150
0
-206
212
-507
506
1040
552
-1324
-2080
1544
-3203
-997
-1879
-3569
-828
-1274
5580
-1985
0
-1003
-292
1280
0
-3003
-1194
-99
0
2612
939
-54
0
0
-1329
479
218
-3804
-2544
449
-5029
0
-2101
3565
-1796
-2505
0
-2556
972
-1546
-1557
1331
-675
-1750
0
0
-2275
-1275
-226
902
-183
-2783
-581
933
0
3256
-220
-1143
679
177
-11051
-1158
0
-460
-98
2565
-828
-2675
-143
-1110
-810
-663
-312
0
-7160
-360
-2135
-2177
-2589
-2863
2100
-1212
-5578
-3025
-4045
0
-1854
168
-14
-959
-630
396
-340
-427
-626
-1364
-2395
80
-492
0
-26
-2540
480
-2649
15
-250
902
-2108
-1853
-2904
-2416
-1287
-1987
-1697
-130
-954
644
-2496
-570
-1086
-95
5516
-3
1451
277
-1641
-156
1672
-410
0
-410
-790
-60
-1153
-1530
-2152
0
1010
-54
254
-925
1684
-63
-2024
-867
-25
-699
-268
-1127
1040
75
4063
705
138
0
-1824
2676
84
-458
1593
-2425
4129
0
0
0
918
-222
1057
591
508
279
-6501
-2397
3177
-3736
-1636
0
936
0
0
0
-1138
-510
-2841
0
768
-125
-1059
-341
0
1143
176
-2771
-1640
-5827
-351
-3482
-1896
-1256
0
6086
174
0
-1538
240
1458
-552
-1672
42
-116
0
-950
-4362
-1024
-1530
-327
-312
306
530
-2864
-2180
2050
-2668
0
624
-292
-264
-2627
14
-908
168
-14
-1385
2903
401
-1202
0
0
-870
846
272
-207
-679
-118
-471
702
-12
1195
-268
-126
-762
246
-9428
-1841
0
1318
-60
-5234
-1326
265
-91
-880
-812
0
-72
0
-3132
300
-922
-436
-230
-597
1375
-171
-8166
-3573
-1719
0
-1296
-1078
1202
144
-1654
660
-758
-2362
-1048
-665
-209
-3068
-1579
0
1408
-560
584
-1433
608
-565
1127
-994
2556
-3750
-2104
-339
385
-2230
-65
-3432
-42
2880
-420
112
-5134
6103
611
1240
-2827
1557
-150
946
-1104
0
-172
812
8
-878
430
-457
360
424
-702
-262
625
2951
-616
-3476
-602
0
-2523
-3731
-325
1050
69
4414
-1900
268
960
-1120
-400
-1454
-1650
323
-1951
581
0
0
450
-1105
0
-568
-1138
-48
-432
-6576
-1554
495
1269
-642
0
347
1431
0
-1596
-490
238
-4853
0
2488
-242
-512
-49
0
387
608
-736
-2894
228
-500
-1678
1250
-1122
0
8063
-1476
0
-3021
-68
-311
-168
330
-125
-127
-366
630
-1471
-576
-645
219
-5184
-495
-2208
-4338
-2680
2029
-3124
0
265
-1795
-843
-3348
56
-1156
729
752
-941
2950
-784
-241
-57
0
467
-342
-425
70
-246
-3089
1008
745
-232
201
0
477
1342
-72
-11653
-660
0
1761
0
2940
-750
276
-77
-140
338
0
-1220
0
-1048
96
468
-713
-1490
-1523
659
-414
-1605
-1955
-351
0
-324
-913
87
-2408
-815
51
-1494
-1496
-328
-948
-1653
0
-525
0
-992
0
100
-1765
-2680
55
168
-847
-3313
-2954
-644
-63
1345
-3047
0
-1536
308
-2223
-110
-132
-4953
1427
172
726
-1224
-741
-150
-360
-494
0
-92
757
-486
-156
246
282
-2540
342
-171
-432
25
1935
-2506
-875
-329
0
695
-748
-151
1561
0
1531
-3954
-8
960
-384
-394
-1148
-1963
392
-1098
341
0
0
1026
-1156
0
-465
-5
-84
9
-3935
-554
-4257
-2140
0
0
315
-2565
0
-2223
328
-1445
-1798
0
994
0
-237
-80
0
216
0
-602
914
-3200
10
-1080
1320
-645
0
2787
0
0
-1407
0
-1088
-692
-2432
0
0
-12
186
-668
-944
1905
75
-2628
320
-67
-2948
-1596
239
-514
0
-240
-2784
-480
-1311
184
-324
218
324
-2175
332
-201
-1448
138
0
183
-1593
-2159
-150
575
-363
612
1279
38
28
0
0
-3937
-1596
-7058
-898
0
-85
-155
0
129
-76
-973
-2362
0
-320
-3841
-557
0
0
-3199
225
351
-133
0
856
-4233
-2702
0
0
-4000
0
-45
0
-256
0
0
-1177
-327
0
-331
31
0
364
-2446
-1140
1415
0
0
-71
-870
0
-91
1062
-3306
0
500
-417
0
-4368
-806
-4448
-1338
-10
-3765
1355
0
632
-287
-78
508
4264
-106
-440
108
12
0
376
1258
0
0
258
0
0
0
0
0
-208
1615
-997
-1624
-630
0
0
1250
-53
0
-879
0
0
0
0
-48
140
-545
0
255
0
0
0
0
0
-2505
-36
-384
-36
-5458
-1524
-710
-1509
-46
1000
-1170
-175
-4608
-758
52
-3390
-154
2680
0
-1008
0
0
-227
0
-2080
0
-1015
-103
0
0
-245
0
390
0
-120
0
0
0
0
0
0
0
0
906
-72
-2590
-172
0
0
0
0
0
-840
-1198
0
0
-853
276
702
-605
82
-209
-2239
-1268
0
-2570
0
0
184
857
136
-1135
0
103
-711
0
1107
-1083
0
1282
-246
0
0
-621
0
144
0
-2086
0
-719
-94
-113
-2274
-565
1268
-288
-2600
-51
-6621
0
122
-4808
-988
-1700
2057
-1793
-6780
992
-2540
-243
-1232
-332
-118
-2770
-2332
0
-62
-2633
-81
55
-1260
-367
2910
-1599
-3407
-304
8
-2005
-1933
-2081
210
1278
-5584
-5021
-2357
-33
-2023
-6719
620
-12
-1489
-30
1905
-414
1649
3319
-85
1527
-426
-1068
0
216
-2159
0
2896
-92
-32
-60
-5550
414
-952
203
0
182
-682
61
-733
-4210
-2833
-621
-1246
538
-531
-3009
-431
-2090
-816
-592
813
-3145
-285
0
254
1329
-3670
1065
-2408
82
508
1077
-1555
-1312
3524
1696
-32
-237
-9685
0
477
-2126
53
1463
0
-85
-96
-2088
0
-4884
0
1516
-12
-975
-819
374
4057
-3572
1190
-4236
-3226
-168
10
-143
38
-576
2899
-11
369
-376
0
1280
-1960
-1211
-2638
15
0
-2530
-523
57
-2326
-81
-562
15
-64
-1497
-804
141
-3978
0
-571
2327
-4271
-3899
0
-3556
-228
-3201
1354
1730
288
-3381
0
-30
-2444
-318
376
14
1034
-1482
942
-1834
-775
5304
0
0
0
541
-1187
-732
111
-4309
381
-1488
-2121
-1184
-2556
392
1767
1403
-1341
-194
-311
984
10706
-4081
-3343
280
2019
-2665
-7811
-4374
-753
-459
-2072
168
918
-2439
-2295
0
-337
-940
-1071
-4853
660
-3098
-1867
-1753
-1412
-2884
-1036
-803
356
-1689
53
-2715
-5313
-6774
-5260
68
763
-8676
410
-44
-1943
-749
-105
-1010
-5545
3868
-1472
2678
-1342
156
805
111
-2200
0
1540
474
1851
-282
-1298
-515
-1918
320
0
249
-3715
778
-2823
-6822
-1256
-1922
-3398
-3223
-2043
-3030
234
-3463
-921
817
305
-3829
-1394
0
1045
619
2993
2342
-6697
-895
747
1069
-1690
-2001
-1155
-1152
-254
-7413
-7727
597
1996
-1923
757
1347
-253
295
-762
-1990
0
-1741
0
1910
-130
703
-1053
-213
1746
-3728
3111
-5956
-4319
-2845
-3935
-1830
-1122
-2032
4926
-273
-206
-236
0
1922
-2488
-3770
-791
-1388
0
425
1522
-830
375
60
-1103
3167
-1409
-5296
-3424
-1110
-3949
0
-614
1023
-2097
-2817
0
-2232
-1698
-2850
-721
1099
-1177
-4266
0
-430
-272
-1662
-200
-147
369
-1902
-2355
562
-1052
3051
0
-508
0
-513
-3447
106
-339
-1924
-147
-256
-821
286
0
-318
133
-246
101
-100
-2738
3048
-2337
-217
-69
-484
1256
-2553
-5605
-1110
-5633
828
0
0
0
-766
-1606
-136
-1267
-120
174
-3578
-1305
-351
-5502
-410
652
-329
-57
-862
-903
-451
949
-588
-567
-4322
-874
-57
58
-6503
100
280
-203
1015
-45
-339
-1016
2073
-270
562
-127
1428
889
0
-1719
0
-736
-286
888
0
1022
128
578
728
0
-897
-816
1542
-2727
-7410
-325
490
-1724
-1092
-1998
-4937
635
-162
-1307
-1673
-1554
-1677
-1122
-702
-1526
503
-2141
-671
-5677
-723
-21
-820
1110
-2175
2905
-592
0
-6441
-2095
-806
-793
-804
477
-1226
1472
0
90
1222
-40
39
0
355
0
284
-35
429
1435
-1044
-2216
-4905
-174
-223
-2248
-572
-1761
1288
2353
-143
41
16
0
-2319
-2498
-222
-1460
-4679
0
153
-1341
-621
889
-159
-3797
4110
-2415
-5384
-540
-246
-3122
0
148
418
-4109
-1188
0
41
-992
-1070
-3642
207
-148
-2011
0
0
2243
-2016
-127
-180
126
-1174
2357
2926
-434
-207
0
-56
598
777
-7189
-718
-471
1009
-90
381
89
1245
-127
113
-1720
1094
-2344
84
1178
1896
3766
-125
-2643
-576
655
-1809
-1034
50
-3146
-324
0
-112
-3048
-757
-225
68
-1006
0
-138
-2324
-161
-1651
-912
0
-885
0
-91
-1634
-3274
-393
-117
-2412
-1500
-293
756
132
812
-480
0
0
0
-1367
0
547
504
1300
288
379
0
-1398
399
-144
-272
0
801
0
-684
0
-1152
-682
-3127
1215
0
-461
0
1885
-3850
-6167
-168
63
-309
1213
-2042
-2028
0
1581
-306
-381
-127
768
-284
-492
-2461
941
1298
3271
-3564
-127
-60
-655
0
-2454
410
0
0
-8074
-1600
-1576
-5097
-1032
1143
0
-3881
0
0
100
-340
-31
0
-154
47
28
0
-195
-48
-1356
723
1297
-1398
-1574
-5571
-2639
394
-504
437
-66
-31
0
0
-897
-648
-3085
-297
-4269
0
-1706
-96
78
0
0
-2276
561
-120
-1925
-104
743
-82
0
112
608
-176
-1219
0
-399
400
116
-1050
109
3
-1558
0
0
3703
0
0
-1905
441
-563
-128
-1192
38
200
-244
212
-1651
-512
-4400
48
0
25
-1151
0
-1076
100
-259
-2234
0
-272
-2505
-134
0
0
-1962
-1380
-180
889
0
-2124
-2719
1232
0
0
1620
0
-12
0
-244
0
0
-2432
-821
0
5628
160
0
-948
-1804
-1375
-269
0
0
-32
224
0
127
-2626
-1317
0
-1073
-1105
0
-3360
-1293
-1620
-665
-405
1348
4200
0
1248
-487
-178
-324
5176
-18
290
1796
18
0
-1016
-666
0
0
1320
0
0
0
0
0
224
-1059
1460
548
587
0
0
524
127
0
940
0
0
0
0
-26
1395
-895
0
-2850
0
0
0
0
0
-3465
-216
-1110
-120
-5518
-228
-1130
-20
-2198
1940
-222
-147
-5699
-1239
-2720
-3710
-90
2125
0
624
0
0
1104
0
390
0
680
574
0
0
0
0
7884
0
-136
0
0
0
0
0
0
0
0
-1584
-3792
-1960
388
0
0
0
0
0
-24
3480
0
0
968
324
-1656
-1614
302
-3534
-373
1528
0
1780
0
0
508
360
-756
380
0
1334
1699
0
-1449
1062
0
683
-762
0
0
-1401
0
-1524
0
-1968
0
-990
-186
-89
-2266
-871
13
448
-4383
10
-4154
0
678
1105
-2793
-1100
-30
228
-4529
-968
-3301
191
-2236
-376
-122
1227
-2364
0
-66
-1866
-295
327
-1448
-247
-2959
1498
0
-1906
755
-824
320
-2048
139
-445
-3091
-2801
-1869
150
-1035
-2810
243
0
-615
-1747
0
-634
-1773
2518
-345
-989
131
0
0
240
-645
0
2883
0
-508
-254
-4163
558
108
656
0
-352
-1154
-1147
259
-1983
66
-1507
-2217
-4048
-720
2024
254
549
455
112
120
-2334
1817
-306
-32
-2654
24
5999
-68
-13
100
2957
-890
-1934
588
0
-288
-9010
-10758
-684
96
-741
-105
1128
-100
-125
0
-556
0
-261
0
2493
-188
-741
-1952
1524
1369
-4043
-969
-2055
-1295
-3386
-3110
1504
546
-528
3485
-2779
-540
-1651
0
-260
672
-1436
-1402
-71
0
1130
-3309
-170
-629
0
569
67
-1606
-3269
-1306
1443
-4091
0
-69
-174
-1688
-2074
0
28
406
-2474
2960
-839
-16
-364
0
350
-3317
-1959
627
-934
-585
-1806
-671
-4269
-470
3720
0
0
0
205
-3136
-2382
-117
-4922
0
-2853
-566
-2090
-2405
-2455
179
-716
566
-106
-4561
-2310
-810
962
381
-1320
694
20
-11433
-2356
-6569
192
-874
-712
152
347
-4316
0
-83
-1312
-1309
-7765
-1026
-6337
-1653
-3669
0
-3382
1250
355
-1039
-1098
-993
-2027
-6796
-2898
-5585
165
-396
-5566
318
0
-572
3
0
-1086
-4758
3850
-802
2568
-137
0
-399
175
-3176
0
2186
-10
2319
-138
-673
-157
-1434
-82
94
-1097
-2011
-1072
-994
-4477
-10
-131
-1604
-2219
-403
891
346
-378
-5748
166
160
-5078
2556
-903
-389
-494
527
2873
681
-172
295
3713
-4242
-5721
-3170
0
-928
-9925
-9554
-1817
22
465
-551
1374
472
-500
0
211
0
-664
0
2155
-352
750
-5374
-264
8
-1790
971
-9560
-6100
-2387
-2735
1794
897
-1584
2241
-4990
-1108
-2392
0
499
1036
-1929
1297
-1891
0
-237
4980
116
2300
-826
228
2814
-1087
-4920
-3049
3072
-2609
0
-430
2695
324
-2452
0
301
555
-3260
2255
-177
-2648
-3172
0
-512
2047
-1077
1626
-3807
-566
-588
-905
902
-598
2819
0
0
0
-549
-4721
-1787
-720
-9847
616
-1765
-3194
-107
0
1569
-119
-194
-1011
-102
-57
1038
5204
701
202
3
1078
-963
-6379
-1645
-2643
-718
0
16
-3591
-5450
-2655
-4
-1362
95
-84
-6220
-1506
260
202
168
-2394
-1963
-58
-2762
-4823
-687
-3847
-7789
-2926
-2573
-1751
276
369
-5297
156
0
-889
3886
-144
-1681
-1217
792
133
2280
-983
-994
-567
1261
-3562
97
160
127
-453
0
-463
678
-4383
-816
394
-1605
-796
-551
-1941
-8853
-153
392
-3255
-1550
-2714
-3825
-424
-1357
-4597
-441
-173
-2348
1308
-2034
3032
521
341
-764
1461
-11
-120
54
-888
-9321
-2417
0
464
-6700
-2822
-4667
910
372
-735
69
-3113
0
-2088
-682
-1172
-568
0
-155
0
1177
-5413
1255
333
124
-5305
-10180
-2521
-6646
-816
-2577
1995
924
504
-3067
-60
-3174
0
665
-1802
1381
171
-233
0
4018
3795
0
-675
21
935
6330
-1673
-8542
-270
515
-3695
0
-128
5969
3065
-2876
-208
-60
1906
-4432
-3936
2049
595
-4296
-900
0
3688
1469
905
630
34
-2210
-704
1342
228
-634
180
0
403
-2432
-2416
-192
0
-255
-896
0
-1551
0
0
-320
517
-252
-230
-663
0
0
-1122
0
0
-456
0
0
36
-1188
0
0
0
0
0
0
0
323
-249
-2904
-1058
0
0
20
0
0
-1876
0
600
0
-2106
0
125
0
0
836
0
0
476
0
0
-3556
0
-4300
0
-972
-780
310
-1800
486
0
-741
0
0
-144
0
0
-88
-64
-1524
270
0
-1524
42
0
0
0
0
-552
1400
0
-120
1620
0
-1770
0
0
0
0
-45
1160
0
0
0
-1456
1176
0
0
1188
0
1140
0
0
1107
-1632
-24
-396
0
-976
0
-1968
0
-420
200
-1900
0
-6318
-44
-2550
0
0
0
-8
-945
0
0
-10
0
0
-564
0
115
0
-195
-441
0
1275
0
0
0
0
-1518
805
-2888
0
0
0
0
0
-1062
0
0
0
0
-68
-297
-126
0
-759
0
-1056
0
-1272
-1215
0
-375
1092
0
0
-3332
0
-1562
0
0
-476
0
0
0
462
-253
-1369
-9
0
0
0
-2688
-381
-2726
0
-4375
0
-1388
0
-362
56
25
-791
-4352
-72
0
-733
0
-5201
0
-1025
-2009
1516
-1900
92
-989
-4760
-1926
-214
-105
2384
0
1083
677
-1022
0
-40
-1559
-501
2401
1651
210
-384
-820
-1466
-1684
313
-2466
991
-1035
247
2550
-754
-5690
-2182
230
-2619
-6163
-1192
-2297
-1492
-2140
-382
-348
761
2890
-635
-2086
961
0
0
789
269
0
3494
91
468
97
-4084
551
-498
981
282
288
-3304
176
-374
-2735
2370
463
-1823
-5565
0
949
746
1344
-110
-1007
304
-1680
-460
-1593
2758
545
-6067
1524
-2709
-731
68
4772
-190
-646
2174
44
-756
-5335
-9133
-1275
49
-3231
-119
1520
-380
-105
0
-2208
0
-1760
-682
2388
-478
-1116
-481
0
255
-2502
-2273
-1160
-3681
-3686
-635
-910
775
0
4502
-624
-612
-4162
0
2540
-736
-329
-861
-99
0
-1517
-4004
-4732
1261
-472
-1145
534
-1056
-4054
-859
3952
-3531
0
41
659
-817
-2737
-419
209
-1056
-1355
2379
2304
147
-1066
0
756
-1402
-4959
455
661
-1901
-2058
642
-546
-738
5094
0
0
1953
-1669
-7756
-7374
-1026
-1847
0
-794
66
-1546
-1897
-2857
-784
-6
-4059
-254
-6195
-3150
6950
1056
1342
1638
-438
-884
-9951
-6336
-2405
246
-244
-641
4287
2678
-5698
0
-12
-883
-1192
-3295
-2575
-3487
-6797
-2206
-2157
-1630
551
-1603
-636
815
1283
-164
-4063
-7304
-5428
2889
-1244
-9755
-601
607
-2852
90
-736
-2539
-9385
4660
-746
-1634
397
0
-98
1421
-1921
0
-93
332
765
399
-635
-731
-66
769
424
2062
-5315
-565
-1153
-6685
3101
1077
-2029
-7355
-800
3348
61
4522
3069
-2963
409
-2879
210
-3498
-1298
819
646
2648
-7613
-1844
138
5057
-3054
-3799
15
-104
-32
-7884
-7171
-6251
-469
-2259
-328
892
0
-380
0
548
0
-3967
-1450
2222
-1364
499
-1956
0
968
-4326
-4026
-4913
-5994
-2008
-5022
-990
-520
0
3750
-1980
-328
-4606
-889
2114
-1348
-1300
-2255
-4379
0
-221
1420
222
-1027
-2167
-1818
1880
-2366
-7738
-4227
75
-1621
0
-701
282
1888
-883
-53
143
-1033
-5590
3964
2169
-1316
-742
0
-718
-1053
-8809
347
149
-5161
67
-1523
1173
-2684
3747
0
0
-489
-2601
-8436
-9635
1156
2002
420
-4157
-1806
338
0
-438
-703
-126
-126
20
-4552
-443
406
1711
1277
-2309
242
-901
-4131
-1240
-6600
-399
0
-2976
1638
-3254
-6654
-5
-2252
-1744
515
-6814
-2482
-130
-5990
910
-1946
-1846
0
1552
-754
-1923
1394
-4343
-2926
-2952
-1573
-168
1249
-6882
-250
-1921
-2965
4590
-796
-1100
-4304
345
733
2315
-2391
204
28
4062
-6286
55
0
-6
2729
188
-1922
-498
-1748
231
555
1100
-7176
-2906
-4199
-9662
1396
-30
-2886
-3456
-1470
222
43
3867
-767
-1431
-838
183
-156
-3742
2646
-842
-2176
176
-3801
-1169
275
-1430
-5238
-15528
2277
132
508
-5234
-1711
-15132
4016
0
-1227
851
586
0
-1512
-1274
-742
-6585
-1819
2051
0
639
-3682
0
752
-3577
-7984
-6872
-4718
-8364
-1115
1296
-2251
0
1090
-1802
-68
-10442
-3126
820
-869
-2154
-349
-2213
-84
-2300
3926
2292
-334
1055
71
2162
-1572
-14314
-851
-121
-1100
182
320
-2372
983
-2627
-92
-680
2076
-2184
-4685
1322
-1489
-5059
-285
0
981
-1170
-95
-140
-3553
-4184
-1060
989
-549
2715
290
-1120
3503
-2718
-8776
-5902
551
-1207
-224
-1798
-1441
236
0
868
135
-733
-1165
176
-2901
41
165
4452
-2668
-937
321
714
-2364
-1146
-1402
-78
0
481
-6170
-11435
-3423
22
-3649
-2630
-25
-6783
-2912
-1289
306
-1183
-3314
153
-399
-1652
231
-832
328
-10017
-2405
-170
-267
-2515
1270
-1997
-54
2050
-2946
-2580
-837
-1309
-2959
371
542
5032
-4480
70
-140
4014
-4171
-44
0
0
-1101
164
-1123
0
-3756
-1527
330
-2489
-3037
-3339
-5040
-6647
-1874
0
-2386
1253
-766
3464
-530
1494
-811
-1382
-5663
2042
-201
-3362
-3096
-432
506
153
-306
-2097
379
-5567
247
-15138
-330
-249
-72
-2339
-185
-16061
-1557
-154
-1242
1398
-1457
0
-2442
52
-1963
-4608
-867
1010
0
442
-2999
0
410
-2033
-6795
-1147
-3271
-2362
-2971
986
-1786
184
1018
-1836
-37
-4907
-2573
-1777
-2429
-3642
-518
-735
-1524
-2132
1948
1528
358
1699
-542
4578
659
-6376
-1248
-25
-165
481
632
2193
-98
-3530
112
-393
1642
-1144
-8806
-1161
214
-4239
481
0
2276
7119
-1990
-797
-2751
-629
-549
-289
1544
2398
433
-462
-1719
-2173
-6448
-3683
-720
-4710
-343
-3048
-412
0
0
-896
736
-1211
-1803
0
-279
395
-2423
0
-4757
191
0
-330
-1978
-2529
-3198
-189
0
3898
-5161
-4948
-1024
95
-5319
-2058
-635
0
-1590
60
418
0
-2616
0
175
-1800
-952
-71
-2838
-6249
-120
269
0
0
0
6
0
0
-762
-1070
-298
968
-1055
100
110
960
-1856
-46
0
1036
-2487
5
0
0
-1379
0
831
0
1018
-762
58
-737
-38
-3819
-2337
-3774
0
0
-879
1910
210
-1655
0
-342
-570
-2699
-4191
0
-24
-3660
-6798
632
0
-72
54
0
-515
-2852
2348
-7515
-6841
0
-232
-150
-1623
-8091
-4754
-889
-249
1460
-2007
0
1458
1816
2264
0
0
0
0
0
-680
0
49
-186
-6109
762
-305
-4058
0
0
-534
-72
2040
-1778
0
-5024
-1062
-489
-1700
-2376
40
756
1104
2178
-2119
-59
0
0
-443
3338
2259
1615
-1422
-240
153
260
0
3390
1974
-1564
368
9
284
320
-2159
-950
0
-1102
281
0
0
0
-410
170
-588
2941
-28
1205
1118
312
-786
-700
-1789
-2504
-6323
-1524
0
-518
0
-2188
-94
0
18
-2274
0
0
-425
0
-4219
0
-88
-3235
-329
-1219
2644
-2454
-1474
-308
-3382
293
41
0
-2399
-2070
308
0
0
0
-274
-1093
-873
-210
3296
-1070
292
-68
-102
-3933
43
-1055
56
1369
-2160
-2364
-625
-98
-2614
-2686
-234
-4923
-69
-740
-648
-29
1172
3005
0
1811
1337
0
0
1143
29
0
2594
-129
156
-381
-2579
-433
0
1742
-18
0
-2746
338
-3
-1329
-556
160
-182
-730
0
0
-380
-334
0
372
480
-4261
484
-2718
-352
4289
-933
3491
660
-110
0
2091
0
1229
1133
-12
-54
-30
-4812
4766
0
1574
0
1419
92
0
0
-1789
0
-4507
140
1597
-44
-1555
702
0
644
1102
81
-192
-3844
-1821
0
0
-631
0
4682
-456
0
-3637
0
0
0
-347
887
0
0
-1003
-1516
-1482
0
-436
752
405
-396
-1302
-220
3333
-1153
0
-8
4765
-5082
-2750
140
-247
127
486
-1687
-340
836
-204
0
144
-896
1285
-280
944
444
-2340
-2000
-2323
-296
1794
0
0
966
-619
-1213
-1799
0
-646
0
270
-46
-1007
-774
99
0
381
-570
0
-4256
-648
387
-8201
-3251
233
2823
-5225
-6660
-6070
-3826
62
-61
-406
-2129
-4597
-678
0
0
0
-510
-1963
921
-2058
619
-2531
101
-359
-716
-4374
-1254
154
827
2791
-559
-5039
-3394
-1308
-773
-5981
-197
-6252
159
144
-506
-81
-4267
4449
0
1873
543
0
0
741
318
0
-214
297
-1055
-431
328
-622
-1162
1485
-280
270
-3114
203
66
-3318
-1564
1593
-526
470
0
2555
231
333
386
-1527
916
-5547
1701
-5427
-590
2933
-1496
5043
360
-1032
0
1672
-494
3805
-360
360
-174
-145
-4317
5325
0
-2286
0
742
-508
0
0
682
0
-6858
55
1723
-1470
-197
1232
0
1580
1418
731
-2206
-5694
-11
-2387
-70
-749
0
6773
-1142
0
-3999
-707
508
-828
-636
296
-2079
0
-1650
-1328
-2546
-224
-1205
321
1107
-1620
-4048
-1834
1023
-217
0
187
4146
924
-1274
500
135
106
766
-2167
150
1568
-687
0
-488
321
-72
234
2491
-674
-535
1909
2509
-2425
1106
0
0
-2483
-1866
-2619
-1495
-260
3002
889
-2478
-107
61
0
-168
333
2649
-868
0
-2147
-419
2435
-1678
-5439
-2955
1300
-6713
-1315
-1112
-1834
367
0
-3761
1770
-5018
-3264
-34
-2156
-2494
145
-3138
-62
0
-8419
182
-803
-2579
0
-4555
-765
-1305
2624
522
138
-5461
-1190
-794
910
-6499
-52
-6999
129
934
804
-1309
-7122
0
-127
2980
-3132
204
0
1552
-1473
76
0
127
-2587
-508
-2110
120
-3413
686
-320
1847
229
1823
100
-4313
-1133
588
-1806
-3268
-500
2065
725
998
-3245
179
1632
-3022
-3225
-5642
-2184
1224
395
2289
-207
-176
125
-962
-3882
976
4412
-36
124
-127
-1475
132
3378
0
-75
219
66
0
-288
-1748
-82
-6265
-1085
2051
0
176
-1000
0
419
-2050
1539
-5905
-1614
-3537
-652
32
2740
0
7217
-926
0
-8170
-2532
1279
-1504
1029
-619
-3129
-1464
-2279
-529
-1668
108
1116
-2973
1000
-5622
-11804
-1102
465
-770
1651
0
-244
-29
-4538
652
-108
238
480
-1998
3175
-952
-1189
1380
0
-470
-2636
-108
119
379
-5519
700
-364
-3054
885
-305
-1442
-412
-1540
-8215
-286
-1600
5539
-343
1596
-1280
186
0
854
359
1439
-2445
0
-1716
-152
2387
-1302
-6790
219
458
-5627
237
2550
-1686
8
0
-2966
2048
-6538
-2680
17
-3050
-3136
-115
-3132
922
276
-6331
-806
-3987
-476
-406
-4449
-2542
-4
1575
-1211
-2783
-3416
-138
995
1800
-4506
-26
-2624
378
-1787
535
-440
-4241
-70
54
1650
-6513
-78
0
2291
-1608
29
0
0
-3526
-276
-2697
0
-5857
1915
-641
381
-101
1643
-657
-2088
-987
0
-475
-1776
-800
4317
115
760
-7214
-191
-242
-840
-1843
-2754
-1811
1669
198
1696
-378
960
285
-2828
-2087
-4726
2624
-63
-192
-666
-1087
-7748
-2890
574
-357
2182
-1681
0
-2350
-543
-3305
-1984
-544
710
0
130
-647
0
139
-1738
4017
282
-2740
-148
-1100
49
1270
132
4614
-444
0
-2616
-1570
-818
-1913
-2310
-168
-3479
-48
-4090
-998
-441
132
-71
-1713
628
-3099
-12757
216
607
-387
273
0
-3163
502
-4546
328
-416
-277
-548
-3379
5350
-804
-1408
2917
0
999
-3717
-3847
-1480
498
-5450
-44
-1118
-1052
783
-1306
-1568
-4445
-2357
-5493
-60
0
0
-512
0
-329
-95
-728
-2176
0
-112
-3220
-51
-50
0
-3036
225
0
-228
0
702
112
-3186
0
0
-2736
0
98
0
0
0
0
-3344
-276
0
-528
640
0
98
-812
-945
750
0
0
0
300
0
0
1026
-1950
0
272
120
0
-3429
-36
-1600
-1260
0
-3240
290
0
702
-46
-78
0
2640
0
-264
66
-308
0
0
891
0
0
630
0
0
0
0
0
0
-187
-560
1305
-864
0
0
525
0
0
-21
0
0
0
0
0
896
155
0
759
0
0
0
0
0
-2448
-72
-450
0
-3111
0
-287
-1270
-525
975
-1710
0
-2457
-48
-1955
-2349
0
1143
0
-945
0
0
-50
0
-2726
0
1056
0
0
0
-441
0
3995
0
-60
0
0
0
0
0
0
0
0
2478
-2856
-944
-258
0
0
0
0
-27
-1092
-435
0
0
-432
276
-552
-1305
252
-315
476
592
0
-2924
0
0
368
729
-700
98
0
748
567
0
-1887
-369
0
704
-287
0
0
-940
0
