248
201
144
147
218
175
155
123
128
132
119
210
184
139
136
227
125
164
151
243
172
157
137
172
122
133
209
151
107
162
224
179
113
178
179
152
223
197
140
186
175
120
170
121
267
186
171
246
147
155
192
156
213
207
134
176
137
152
229
144
165
130
153
135
111
261
194
174
195
128
183
186
162
198
146
136
129
214
188
173
130
88
140
147
161
149
157
240
189
141
117
186
191
234
155
155
165
106
153
177
170
173
95
87
219
119
177
151
170
111
196
164
175
157
157
186
166
295
155
133
167
105
98
218
202
160
206
216
181
174
138
134
243
161
205
182
76
164
165
179
112
137
126
144
215
153
155
125
157
184
136
237
170
190
243
166
206
175
152
175
99
142
209
149
164
229
191
166
173
121
161
176
150
115
123
218
183
94
129
250
220
206
158
167
192
191
160
121
163
165
176
143
138
179
172
91
158
164
156
254
147
103
152
157
166
173
117
171
260
183
212
287
156
192
136
173
200
169
142
213
151
160
169
134
118
265
115
165
156
154
185
171
125
179
129
129
115
107
174
184
211
145
139
110
216
160
190
121
157
209
146
138
158
150
170
87
154
183
172
103
94
167
117
120
244
199
168
123
131
206
101
154
192
168
169
173
120
203
240
197
150
142
167
131
148
131
183
114
