1714
-112
-249
-923
-397
-298
-847
1756
50
-539
-234
1406
723
2067
497
-1169
-546
1383
-667
-948
604
1556
1691
1479
-342
775
1023
1572
1158
1478
-1559
1345
405
1830
-145
55
803
-157
1635
1271
138
-280
-230
481
-383
492
205
699
1050
295
-428
-97
2073
-125
-438
384
8
-1239
228
400
-1712
301
-782
1942
-632
-923
-2349
1653
-3130
-1347
-232
391
418
975
-542
292
-2678
-572
-1391
1308
221
2706
1933
-726
266
1671
200
2331
1200
-878
-90
374
715
859
1682
-146
1626
-370
-814
206
-1636
889
1360
-570
-777
1438
1774
-475
-1890
-1372
2666
1103
873
-471
-2
91
-697
-358
-201
-258
822
-274
1678
-747
-1331
-427
-857
599
-637
-194
917
1537
812
2126
2698
1654
-544
-192
1178
-2578
1935
432
2910
1578
-898
437
1255
515
2579
-196
-133
-251
361
-1246
-1012
652
-2504
446
1160
1301
-828
907
-295
-56
-486
-417
320
-1203
-88
-888
255
17
-1347
-98
600
-414
-454
-1172
-59
1251
-46
496
-23
314
281
824
-2685
-1410
1247
-466
431
1355
