302
-195
-229
386
-77
-878
5
176
-2524
-309
-178
-189
381
-56
-578
-440
-1876
-4030
-7362
346
3012
220
-2540
-111
-54
496
923
1854
-707
-1211
177
-6664
915
-278
14
-1540
1140
-136
-1024
510
914
69
-1410
348
-613
-2938
-595
534
-170
-327
-928
2205
-1193
1309
-915
59
1224
57
-791
27
-565
-1110
-263
103
-468
-1414
-3170
-230
-1377
-1139
-224
-36
409
1853
-1206
682
-496
-580
-272
-524
-416
-641
-1220
479
-7859
90
-897
1561
-433
-191
-1504
-562
514
-765
-93
1170
-634
-591
1149
1879
1478
-414
63
1087
1268
279
-1179
622
1641
-1086
-245
-2222
18
-1198
-1480
1019
746
631
-723
1786
-1415
-811
-3034
113
-1617
-1341
-78
-1122
29
-1840
-150
-2841
-4552
-1514
-1857
143
681
-2001
30
-548
-710
-3218
-1882
-73
326
-803
-1248
-67
571
-850
-1173
-4624
-1312
-241
-940
823
-4
-1420
-1839
-897
88
-187
394
1076
-829
1662
-3177
-1618
-1206
-1924
-730
-384
398
7
243
-369
-904
1418
-533
443
123
-2311
163
323
-1263
-288
-1264
-401
857
-1203
348
-417
