730
641
859
1322
1354
932
2348
1032
1452
813
1130
1360
1463
1948
1067
1918
1301
488
550
683
282
327
997
910
644
1689
449
476
1184
661
204
1283
1390
1595
1279
281
1163
984
750
1239
1389
305
864
1071
1532
593
1154
516
263
412
451
3640
1270
1514
1253
1030
1234
722
1329
355
559
1943
1424
361
854
1328
589
950
1527
882
536
801
788
730
1006
1630
1049
2401
338
379
722
758
378
1565
908
1149
1124
1440
867
1648
380
1301
4158
1794
691
1340
1388
432
1112
2634
1442
2147
2056
817
897
962
1139
657
862
1629
735
1113
588
1117
1752
488
1141
1200
1636
905
427
517
1607
541
431
1641
2117
1288
