-4529
4293
1769
13997
-16386
3190
-19589
24211
3683
-8716
14006
10347
-14292
-12687
5097
10539
-57
-752
14110
-2198
-1845
-1142
781
-12772
20296
-15121
2631
595
4052
8250
1986
15892
7039
6549
14306
14055
-21526
7410
-14953
5713
-33917
4718
-14863
-12586
6781
-7231
-6787
7125
4914
9207
-6630
17066
14192
5132
-10223
7463
27554
-291
-12996
-6846
370
-8735
4373
11538
4338
-888
17643
-5696
-9860
-8257
31758
-5035
-11146
-4238
-1145
2024
-1183
-2497
19116
11348
4676
9120
18791
-16945
-9041
-15551
601
6769
-9904
-10311
-23341
-36624
-1668
-6651
-28900
-19428
8134
2111
-778
15631
-13984
11852
-26605
21648
3858
-6383
-2221
4913
-14547
-4454
405
21668
-5881
-11641
13390
-875
-2742
-13642
6847
-11702
25477
-18315
-2167
-2598
-3511
6547
-3776
13062
5345
11979
4624
5759
-17569
6926
-10615
-327
-29743
-1102
-10845
-14897
15047
3255
-4342
2927
3223
4073
-4704
9884
-231
7059
-3187
-1004
16684
-5478
5934
10213
-2390
-10919
10779
4099
3083
-1279
4327
-5125
-3679
7223
961
1386
-1790
7136
8345
264
10921
-3866
14422
9294
328
4909
7494
221
-5053
4137
1905
-3658
-15461
-2113
-13097
-14777
2526
-8525
-11664
4129
3454
4791
-11515
20237
2461
3919
10
-3433
25191
-4599
-5965
190
10277
-5174
5549
18085
13059
-5029
10472
-391
-2941
-2205
11771
10842
-2446
-4814
3414
-1869
6562
-11484
19558
-2806
-1178
7720
4618
-11839
-2011
-17872
-4004
-12505
-2364
-12018
-9199
-20688
-764
-9601
-8049
-9350
-589
5036
5947
14221
-6598
-5029
-12276
6456
16883
-1161
13748
13615
-25038
-9558
20129
6465
-7788
-4522
9327
-9057
-2243
5402
1157
-13951
17982
-3406
-1270
829
5580
-5373
2199
14110
7393
5717
9573
19374
655
20079
-9642
-7928
-29386
5928
-8984
-7644
885
4352
-7481
16891
-7686
7743
1823
11908
-278
7351
-1484
-10451
22264
-12373
10775
13930
-2630
-23916
7118
5429
10681
-4532
7475
-10332
-2470
4273
21754
7995
145
6708
18986
3084
-3842
-5986
16606
1609
-1216
13810
10178
3049
-7559
827
-13174
-19276
-20285
2780
-14524
5547
4967
-11730
-16317
-7370
-9325
9109
-4136
8313
-13452
-13227
-20581
28440
-11815
3091
-10988
-2147
-10122
-10388
-9719
23273
4518
-312
14331
-3843
11307
-7651
22277
-11685
10718
-5099
-2976
-3820
6773
1093
-7765
13111
1653
24103
5908
36
-23006
336
-20374
11431
-20273
-10504
-21033
-24277
1782
2615
-7496
-15627
347
4771
-7560
7188
7200
5191
905
15075
30327
534
-6298
-6106
-6647
-9611
7290
18072
-819
3518
13632
-8003
-13380
-8735
22589
-14534
3717
-3768
3511
-2573
-2570
-2242
12195
18450
-43
10825
13833
-7491
-6379
-8881
2205
6195
-18487
-3124
-12249
-29041
970
-219
-26498
-14242
-5077
-3301
2684
21043
-8531
3455
5778
6073
27212
-4945
-878
1507
7204
-16265
14524
25345
16081
9857
19281
1565
-13062
5830
4726
-3698
8724
-13834
-863
-8802
-3585
-13107
9182
-5245
-6101
17257
22115
7102
-14496
-7861
-9661
-4960
-18252
4740
-5340
-21564
-112
-9490
-4057
5205
3795
8462
5296
12888
6328
5887
-6009
-7082
10741
-13552
-5514
7881
-16530
-20796
-1333
-8553
14562
-4215
15238
-10274
132
1000
30557
4911
-12752
15064
11179
3482
12997
2066
6266
6937
187
2388
2404
11534
6577
13383
-1349
-4101
-21607
-5297
-25947
-19780
11840
-11918
-11404
-13692
-3411
5734
1154
18134
-3895
2608
-16744
14770
7290
7534
-14886
4895
-16265
-13572
-18197
33395
11772
1535
20967
-11035
5624
-16555
32997
-2869
6713
-3433
-408
6380
12901
-6724
1952
8861
-9061
23831
-38
2999
-17302
-11474
-25752
-5439
-30340
-19558
-25381
-30607
10245
-6483
-12531
-28465
-17446
6277
9723
10805
-3025
-16161
-4522
13681
-945
5652
43
-2566
7185
-15587
8059
13403
6670
13923
1613
-7250
10090
4925
-21918
-3414
30833
-9
1520
-7205
5383
-21131
-7986
6064
1433
2624
11387
19745
-7916
14956
-15301
-830
-9915
6620
11097
18897
-3398
-2114
-1522
22398
605
7446
8293
9703
-11790
-10767
-17298
20671
2392
-1194
10608
4806
-23225
-16610
5863
9449
-17259
5183
13300
-8835
-1421
7440
9055
-11332
27212
-3734
-351
-5660
4802
1073
-12310
18096
-7608
21694
2421
29091
-7483
13055
-6220
8765
-34838
-451
-7598
-8634
-4580
3423
-10724
4587
7795
16580
350
10980
5481
-4649
4924
-346
-20
-2389
-4780
-9645
-7124
-15054
-3833
7736
18047
-3877
16364
-9800
-7257
-6523
33974
-1792
4678
9319
-685
-1655
3805
-4691
-3780
1149
-7640
13387
-2331
12020
-235
9506
6385
-7547
-22315
-16606
-16271
-20205
8720
-13264
-14665
-12573
-4802
9202
-1133
4558
8479
-3673
9056
9680
2058
2799
-928
-3712
467
-3264
552
11787
13310
1534
6913
-7769
3675
2108
-4804
-1829
10074
1216
-2387
-9096
16017
-15592
-3065
-2779
-13831
6758
5934
6568
5253
10752
4000
-4419
-16530
-9895
-310
-4348
326
-8446
2627
-8
8048
4080
764
7037
-5496
3575
3175
4689
-4130
-15875
6690
-271
401
-7884
-202
-697
-10229
13422
14630
-13160
-4004
-4751
11334
-7485
6053
5032
-5721
506
22161
-5644
9350
8432
-1407
-6289
16534
15233
4427
19118
2739
-3553
-16874
-15702
6379
1211
4471
-7885
2257
-2664
2104
536
2005
12527
4389
5056
-3736
8474
11667
-4552
861
1852
-8089
-8446
-2924
9454
-3777
1346
14212
-8830
-7563
-7978
12723
-8370
5341
1215
-5242
5120
12936
-2040
7899
1675
699
789
18195
6198
-6816
2304
-3669
-594
-16655
-3741
-1993
-4362
3552
-5146
-5366
-9859
-4878
13338
-1047
16144
-3784
-4871
4685
7546
1611
-5623
10079
6692
1276
-8665
2989
-222
3871
9139
2921
-5114
-1407
-3085
3321
-3385
1456
-13387
-10345
14616
4559
-8624
21821
2814
2301
-7887
21550
715
-1158
2615
-6948
-6662
-4194
-10937
765
6333
-3355
-16634
-4037
983
604
4173
-2930
24561
5535
7845
-2165
-4351
29453
-4286
5098
14612
-4233
-15026
16015
4018
6917
-831
10816
-3029
-4817
6326
-4927
4472
-543
1579
8416
4601
3962
-11859
18052
-2712
6860
2095
17331
121
6230
8631
-3598
-14851
-6022
2199
-4705
-13019
-4546
-6060
-7513
8747
1821
2119
-6071
5936
-5391
748
1971
3931
-4361
-6259
10817
5057
-4327
-4014
5860
8428
7240
10116
-520
-7251
4097
4572
1368
-1662
12573
8737
6110
-1862
14265
-9623
10462
5269
10679
5466
8377
18596
487
15113
10528
-3346
-19446
-4568
773
-11970
-2954
-8173
-4935
5230
9928
1266
5458
12498
2559
-5396
-11696
-1501
-8912
-13823
-1960
-5208
326
-15767
-4009
7765
8907
395
16000
-9961
-2424
-504
19571
885
3864
-2157
-377
-896
16179
-1588
6535
2557
18493
19486
6988
7378
-16992
24939
5799
4083
-17891
-9867
-17206
-19493
3444
-5284
-15829
-11394
1290
6201
-1832
14334
3713
3656
5359
2620
4868
-11458
10634
-774
7455
-4832
1006
8840
7736
3872
2646
-6443
3845
613
-5752
2051
10112
2998
4341
4568
18079
-8233
13064
-728
4054
-1678
8450
-2259
-11473
-1837
135
-11974
-8748
-4230
687
-2671
1795
-14022
-6984
-776
2192
7651
372
17133
-8156
-1972
6519
-1869
7665
-10423
9672
-2260
11397
-8039
12107
6584
6239
4919
7965
498
-8478
2564
-3289
2590
662
-5349
-5587
3740
6885
-12075
11209
1733
5482
1338
9797
-3092
-4489
8061
2812
-4665
-9800
-592
-911
-1555
-5250
-11094
1046
4122
-6587
12026
6612
18500
477
-8465
-1209
6563
13905
-5073
20058
11204
-15568
-16050
13042
10485
-3370
5214
7426
-9983
1604
8362
-4864
-2870
16475
299
8356
6045
6437
-17129
13558
703
9077
4406
13133
11542
8425
15800
-1561
-15018
-16137
-3949
6322
6528
-12115
5862
-9875
12897
14467
-11830
1816
6928
-12088
4603
-9652
-12389
7505
-16500
-61
16098
-7331
-16031
5896
-477
-4927
4742
8694
-4822
1965
5635
4891
702
761
-1918
7956
-2737
6397
-158
8018
-76
9986
10667
3626
24593
3259
14011
-7702
-2891
-10513
3954
-8379
-4040
8045
3017
-1010
1395
3227
-7899
2590
10027
-6254
979
-13757
-4688
560
-13474
-2482
10455
-17861
-12549
-429
8936
-6135
5359
10749
-12512
7480
1305
18863
-6806
2252
5523
8644
-1592
9244
-2316
7671
6748
3216
11513
5890
17108
4302
8493
-9179
1157
-22578
-3574
-4797
-15147
3312
6516
-9494
-10007
9920
5585
-1138
10972
-7276
9519
-6687
10002
6714
-5015
-11214
3211
-9548
-5547
-1042
14820
11406
-7349
17725
-5076
-12048
-14001
25983
-1711
3508
-6267
-3505
-10417
5565
-1003
-5430
-3070
1937
26389
-7486
4266
-8678
-1133
-8922
-844
-29080
-10741
-16052
-19870
12127
-84
-4906
-15428
-9211
12931
-5717
28437
-4403
-214
6725
672
21793
-1916
16711
19225
-8334
-9373
28513
7655
4149
6052
13817
-5027
-4646
8750
-17599
-2739
-2425
-5709
2531
15418
6778
-21553
24053
6867
8123
-8080
17627
-2022
15316
10709
-11067
-14435
-6704
2651
-6360
-7784
-14966
-2017
-5462
24303
-2076
-2663
-1038
-2026
-5859
-9733
-15069
2342
4478
-7398
11717
18947
-14137
-26980
1825
-103
-3451
5526
5657
-12980
19840
6611
-3956
-8669
17524
4687
21471
-2023
5161
2956
1397
-1415
6845
-370
12402
24396
-6278
15117
-9524
3063
-22015
6317
-4130
5210
7843
741
-4668
4172
9900
-15013
5334
11618
2934
2381
-16358
-17026
6235
-14369
-9707
11635
-3920
-31926
-3382
-11411
7474
1077
17711
-12625
15174
3485
11598
2052
-10945
17873
24676
-1492
9062
4012
9035
-2336
22035
-4847
12370
9104
-9432
17404
-7654
1807
-6278
7567
-17125
-14348
17940
-4837
-15097
-3430
1333
1769
41
10399
-3238
-4025
-13665
11701
-2456
1237
-8120
2184
-8669
-11675
-12879
15893
1820
1403
12879
-9415
10779
-3713
12780
-9960
9416
447
6420
536
10383
-1093
-296
-44
-5664
10541
5105
6013
-20135
-944
-10735
1378
-17436
-5436
-7359
-11528
7673
-5138
-3363
-10065
-4059
18149
-25830
-1556
-7049
-9682
-1993
13188
-2680
11344
-14308
7417
-6740
-9397
-13007
20041
-4839
8695
4511
-12490
12256
-12668
29743
-5365
-3500
9046
29
100
15732
-9958
-693
5675
-9364
29811
-3739
-5403
-4402
-4548
-19011
2516
-2507
-18772
-17580
-9662
-5800
7094
653
-20687
1637
21103
-15575
19711
427
-676
1176
-661
26924
1689
-2746
8482
11807
-5638
9801
6618
10799
-6537
8688
-54
-1934
2031
6848
10402
-640
-18585
-2960
3918
-5419
-14911
17016
-8740
-12945
7723
6045
-14442
13057
-6724
-2796
-10964
3671
-8958
-15408
-2638
-165
-10007
-2364
-624
-7769
4904
-9824
2601
1501
-131
1709
11260
-626
-1601
11022
5934
-12923
-5966
5863
16856
-2881
11180
11261
-21872
-1018
-7233
5607
-9048
14758
7568
4364
-1956
14970
-12700
5572
8075
776
7259
12021
9784
12150
14934
-4106
691
-27427
-10276
9430
-1563
-7515
7750
-443
3475
-3793
6496
-2873
7088
17612
17495
6809
6271
-4996
-16516
6498
3644
-11285
-4022
-5097
23
544
2578
14497
-25333
-5211
-14508
7538
1222
-1722
11604
11147
1397
14184
-6619
9547
3392
9166
-987
18715
12890
7290
10915
-3056
-10677
-24302
-17620
13389
112
-1800
-1056
-9700
-7481
11126
8694
9170
12079
6337
-340
-6554
5210
-10954
-9297
-849
-1252
3862
-7027
223
-1623
-2388
-4219
6889
-11176
-3716
-8294
1775
-5807
9691
2503
-196
5233
1739
-1978
-4410
-851
10102
2375
15494
14345
-6716
18518
-4930
3739
-11218
-2859
4495
1393
441
-10413
-13829
-850
-3005
5860
7517
19624
-1065
-5663
-5371
1490
-17088
-2780
3618
1315
10718
-13676
6597
4041
-2296
13658
2626
-8213
2997
2781
1602
-1770
8058
-6503
-4433
7925
993
-16485
6856
-4596
7348
3696
21745
8719
-7563
13657
-6555
2418
-8894
-1300
11825
12957
-9322
-12764
-10780
8554
-8880
10646
-4769
29894
1544
3469
3875
-2496
30446
-1984
10095
20473
-5234
-12362
27109
7036
10319
3512
16546
-721
-8873
8023
-13291
4341
-6350
-8125
1679
10817
-870
-20739
22820
-7237
9430
-4024
19663
-4424
14315
8121
-14879
-18430
-47
3719
-5785
-3809
-11801
-3364
-2257
18429
