-32
-69
53
-15
-31
3
114
-54
-124
65
84
-127
29
-43
28
-116
-59
95
-7
47
33
-41
-121
97
-17
-103
6
35
-59
8
23
-1
-87
-30
-127
-127
35
-41
-21
10
-8
-66
-26
-19
-84
-33
123
-63
41
13
50
-45
8
31
64
-57
7
-13
-77
62
20
-127
-37
-81
-46
-25
102
-28
-127
-102
-59
-127
71
-43
-127
-20
-24
-53
68
-127
-37
-127
111
-127
107
-5
-7
-44
46
-33
-51
-57
-46
-50
77
55
65
-127
105
-68
-44
8
55
42
-104
-42
41
5
-21
39
-127
91
-18
-97
-62
70
49
50
-127
-35
-2
-25
54
-101
-67
-127
-73
-85
-127
-127
-126
-43
-11
-10
17
-72
-47
8
-127
-28
-17
-33
98
-94
-67
70
-109
-11
17
108
68
-77
1
-105
73
13
-127
-61
-72
127
-25
-109
-52
6
86
58
-98
-82
-59
-118
-25
38
127
-50
-14
-63
-17
-109
-56
-90
98
-32
60
9
37
-95
-124
-85
-18
61
45
-88
-59
-99
-25
38
-95
-15
-88
-88
13
-16
-69
-127
42
-127
-67
-40
-38
21
41
-23
75
13
-91
54
-38
-8
118
36
-127
20
124
-1
-127
-1
-12
-6
-68
9
-127
15
76
57
-54
-52
-127
30
-45
-94
127
-35
-22
86
11
44
83
23
15
-30
-9
127
-49
13
11
11
-101
30
-29
5
-77
-70
-17
-109
22
-127
-94
57
-63
5
5
104
63
-75
51
-70
69
-70
-49
7
29
-59
-10
-127
-126
49
-10
24
38
-44
-60
-51
-79
113
47
-49
-94
-110
-39
-127
-127
-44
3
57
6
-127
-92
57
90
28
-16
67
-127
-23
17
-68
-75
-5
-127
67
-46
-20
-95
-74
6
-26
-9
-61
9
-9
-80
16
-46
-89
-14
-73
-34
44
-70
-10
41
-66
-64
-37
-30
-86
19
-57
45
-76
10
56
-65
14
26
-127
77
34
37
-127
2
-5
-51
22
61
-77
127
-111
-16
-27
65
11
-22
-14
16
-12
73
38
-127
-91
-65
-13
-127
-38
-7
-87
-68
-39
-42
52
-127
14
83
-61
-73
18
78
-26
-116
-40
-78
-127
86
-92
-127
11
68
-7
-43
40
91
-64
-102
-37
-34
-31
-96
112
36
-87
-78
48
-88
35
127
-127
-127
-4
-69
-44
-21
31
-51
-8
-127
-52
48
40
127
10
-31
47
127
-55
-88
61
-61
69
-80
22
-118
-49
-45
-8
33
-88
-5
-40
-25
127
86
11
127
87
127
-96
-38
-64
90
-55
-82
-27
11
-127
6
-47
48
8
-27
-24
-113
102
-72
-39
101
-23
-127
-16
3
-127
-38
78
-61
-31
-69
0
110
56
-69
36
-23
-125
19
-40
-94
127
127
-92
-85
-111
-72
67
-92
52
-108
-76
-48
0
-70
127
93
-4
-73
-8
-53
-39
15
51
78
-1
-31
-34
39
-127
-38
-43
3
-32
-30
-62
3
50
-29
-101
-10
-58
-34
-38
-81
-62
-90
4
-59
-127
51
127
-106
-21
-15
-31
39
46
83
48
-39
-21
1
127
-127
-4
-98
-32
71
-96
-120
45
113
-127
44
-16
-127
26
72
67
-64
-6
33
-84
127
-105
-35
-99
30
-7
-106
-12
-32
-81
-70
-127
103
-18
-99
-121
-105
-34
11
-68
-121
78
-78
-29
12
-41
62
-127
2
75
107
-65
-22
16
-53
-127
-36
20
95
-70
-4
-124
26
-43
66
-8
-28
-11
127
-17
40
-27
-29
-27
-4
-62
-83
-127
-102
-3
127
-94
-110
-12
-127
-17
-69
-4
-71
-48
-127
6
-66
-127
35
-34
16
112
-75
-36
-127
127
38
-55
19
-75
-42
42
61
-127
69
60
31
3
-35
47
12
94
32
-53
-52
-79
-127
31
28
-96
-115
-64
16
-29
25
48
-127
76
-32
-94
-17
-113
-127
-25
12
66
-66
-11
-26
90
-113
-127
38
-90
-2
-4
63
4
-121
-127
-127
45
127
-4
8
-127
-109
71
108
-91
11
-11
-35
11
-127
-113
-23
8
-27
-31
-106
-116
-5
11
-90
6
32
-8
-73
-63
-94
-64
-26
-63
-85
-46
8
14
-84
-126
-39
84
-92
-35
-4
-58
-46
-54
23
56
-87
-65
-94
-14
-127
-18
9
93
63
-127
42
39
-88
-5
-122
-15
-127
-57
0
-25
-20
-65
10
-7
18
5
-55
-74
-53
-6
-118
-3
-41
-41
-24
61
-11
-35
-21
32
-77
-11
14
-125
-93
-46
23
-99
-9
-70
93
-127
14
-29
-17
28
-32
9
-127
32
-127
19
-73
-73
-6
31
8
-48
11
-23
-12
-96
-42
-35
-8
24
-119
-19
0
68
29
-27
-4
-22
-12
-61
32
10
1
-127
-12
-16
-81
35
11
-43
-31
-14
-11
-7
-94
14
40
-54
38
-17
-15
-31
48
-15
-9
-88
-95
-74
31
-39
-20
-53
-46
-83
-62
-74
-59
-18
60
-113
64
41
-127
-44
-127
-75
-53
71
21
-26
-40
-22
-90
-13
28
-101
3
-41
-68
-45
62
-59
-16
-20
103
37
98
40
17
127
28
-37
-24
31
99
28
3
21
-7
34
13
32
-9
-50
-23
-38
-111
-48
88
-76
-23
-14
27
123
87
-127
-92
-33
60
-34
-90
-45
-127
-28
41
5
-44
-62
111
-15
21
66
44
56
-127
48
-47
31
56
127
-91
57
127
-104
-127
80
20
-16
19
3
-44
13
52
127
116
-33
-80
61
-50
43
-105
-88
-34
87
44
-92
76
-33
-12
56
-121
-60
61
-99
-7
37
-83
13
21
25
-82
-78
-10
-21
-82
127
-57
-32
-85
-111
-36
-1
51
26
-40
-7
58
-3
60
83
64
26
-21
-58
125
-1
-126
98
-55
-66
41
-32
73
-122
-127
4
-124
103
-57
58
-89
-99
-23
79
127
-117
-127
-16
117
105
-21
-31
-82
-39
9
5
-127
127
-59
-127
-5
18
-6
-52
-63
-58
15
-67
-21
99
63
5
2
-62
-74
28
62
-89
-104
52
-127
82
-96
38
19
-63
68
-73
-58
93
-52
30
3
31
100
-127
20
54
-91
-93
-108
-3
-76
42
-94
27
-111
-53
-38
27
-65
-22
100
16
-111
111
88
127
-97
-38
125
-25
-84
6
47
84
-66
38
65
-127
-39
-48
54
-85
-118
-127
-20
-127
-36
127
112
-127
37
-30
59
0
-93
-96
112
-80
-95
86
16
-127
116
-44
-24
-45
-23
127
-103
127
10
-89
-79
100
-74
110
22
-66
109
-122
-15
-15
-101
-127
88
-93
-57
-74
-29
-84
88
32
-46
127
-38
-127
-121
39
-98
-103
-24
33
77
61
84
-120
-21
-116
68
52
-127
-2
-10
85
-12
28
4
74
-101
-65
-62
13
-56
-60
-74
-100
-109
-1
-127
32
-19
-26
62
75
-82
-30
-127
105
-127
-51
-67
-60
123
-127
-16
-62
87
-85
13
127
-51
-113
-20
1
-48
127
-28
-105
-84
-81
-74
89
64
127
-32
82
3
-115
13
-96
-80
-105
-118
0
61
-2
-8
127
-11
-35
52
-41
87
-43
29
-75
-67
51
-69
-81
-1
-91
-56
-50
-58
8
-100
-112
1
-55
-48
-34
-35
-49
-127
-80
-48
-65
-127
78
5
12
-127
-23
-33
-68
-74
-99
61
127
-114
56
-127
-117
-50
-99
-68
-25
-127
-66
-73
44
-83
104
-6
65
55
-75
-48
-49
-61
2
-3
-13
46
51
-91
35
105
-15
-110
12
-45
-5
-81
4
8
-127
-93
-20
-25
-16
127
0
13
-111
12
107
-127
-127
55
-55
6
-125
-100
-43
70
-127
-127
99
-40
-38
-118
127
-25
85
-92
27
-127
26
-56
-111
-42
-63
-56
18
45
-87
-105
-127
21
44
-29
2
44
83
-6
-66
25
-94
-54
-7
-26
29
-40
-6
-30
-83
-110
-9
-59
-9
58
-96
22
-62
6
52
-115
36
-19
-95
-127
-50
-66
12
-100
-39
-25
-36
-27
49
14
-127
-92
94
1
31
-68
-7
-10
-94
59
-10
-18
57
61
-4
-46
-9
53
-26
12
103
-127
55
17
-48
-4
72
73
-39
63
36
127
-127
-9
-127
-11
99
-80
-14
-122
-33
-127
25
-44
19
-74
-127
-30
87
-10
-20
-59
-99
-17
-127
11
22
-22
77
-122
14
-47
-127
-62
-54
-127
-74
-20
24
-127
127
-108
-3
-2
-99
109
-26
-61
-118
15
92
-127
52
-20
-100
-52
-87
-63
-20
-127
70
77
-54
-54
-10
-102
94
127
61
-127
127
-99
21
93
-12
42
-30
-127
-122
-63
-22
52
127
86
-14
24
105
-65
-23
-26
37
-78
70
25
-18
-35
-92
102
-46
-45
-127
-103
73
-127
10
-85
51
-13
-71
4
107
-92
-10
-127
-127
103
-42
8
-110
-5
62
16
1
-45
35
25
-72
-80
127
-35
49
20
34
-101
-57
127
28
127
127
-46
-113
127
-119
-125
-57
-77
39
-118
57
62
-127
-12
-75
39
91
25
-38
-25
-113
-112
-18
-97
-93
-127
1
-15
-14
-54
28
61
-77
113
-101
-119
57
59
-114
75
-127
26
103
-51
-127
-86
-127
93
-87
25
-56
18
-48
9
127
-3
70
-127
-105
127
76
-116
58
12
-127
-81
110
-127
-63
67
114
-127
54
-127
1
-29
93
45
12
-127
-36
-2
69
-127
-111
-86
12
-100
127
-86
39
-127
-96
-80
29
-66
40
59
-127
-13
113
-94
-28
67
-127
