19
-50
-24
4
-91
-46
10
54
76
39
-77
37
1
92
34
-78
-23
13
1
-16
-85
102
-53
-20
-116
20
-120
-35
1
-59
-63
-80
-81
-65
20
-127
-13
-72
-6
-36
-26
-50
-10
67
-104
19
-87
31
4
63
-78
-15
0
-28
19
30
-30
17
-75
-39
-1
-76
-34
44
-51
48
29
-78
-9
-16
-85
-27
35
-83
61
10
33
-13
-12
-87
-71
58
8
-69
-14
2
47
-25
45
-12
-72
43
41
-21
-40
19
-73
44
31
49
42
-59
-70
-67
21
85
46
-10
-109
-21
-36
-55
23
25
-51
-50
-9
-81
118
51
-66
26
-34
39
-48
-2
43
127
37
-13
43
37
-58
60
72
6
-15
8
37
93
62
80
6
-65
-1
12
3
79
37
-24
-75
44
7
48
115
-59
18
-20
-46
81
66
-12
-85
-18
39
-8
-22
-83
31
-28
36
-1
0
-127
-25
-62
-25
43
55
5
19
29
-28
44
54
16
25
-19
92
-44
-5
-9
1
-16
25
-45
84
29
-3
41
-37
-57
26
21
64
-11
-46
72
127
-17
2
-59
-48
-1
49
-11
49
32
24
-3
67
80
51
26
6
-43
40
-8
-8
37
-23
67
83
43
-33
-9
108
-14
28
46
-45
25
18
-36
61
23
92
-53
-83
-105
12
-81
-43
9
-51
19
47
60
57
-123
-23
51
-47
32
-27
-26
55
12
24
11
-41
45
63
-31
-18
-100
78
-57
-58
-10
-78
48
-8
-60
74
-26
48
21
-25
-78
24
26
99
127
-65
-12
-60
-42
-44
6
9
-21
37
-48
-40
12
81
23
-59
77
-56
13
49
75
23
-99
0
-73
3
-18
36
6
30
55
9
19
53
64
-76
66
-41
-50
49
-87
-64
-18
24
-34
-20
-40
67
58
27
-68
32
-47
-23
-87
-26
25
12
11
30
-11
-19
52
-40
33
32
38
-27
59
10
59
-48
-127
83
73
75
6
57
22
60
9
-37
-15
-29
45
0
2
44
14
-34
17
26
91
13
-24
13
26
119
41
79
74
-58
-54
-64
-29
-42
16
69
15
-93
-1
-34
18
-34
14
-72
-22
11
7
-40
-29
19
31
-40
25
-10
-78
-127
0
-51
-5
-14
-60
7
-119
-44
33
-115
-36
-19
29
23
22
-31
-17
-36
42
-17
-53
13
-73
103
-1
-15
-24
48
-51
35
83
-6
-38
-41
-34
76
11
105
28
-88
-14
-56
-12
124
26
-86
-38
-58
46
-38
86
-116
66
17
-49
-4
27
-10
-7
50
-27
-109
-43
88
-29
2
75
6
36
75
-80
112
16
91
-31
-31
-10
-92
-37
-48
-17
52
-22
35
15
-76
36
-22
-61
-53
-127
-66
-23
102
33
14
17
-16
-53
34
36
82
12
-81
56
-26
-28
96
-127
-46
-2
32
43
75
-24
9
-24
-25
2
-30
99
-84
31
-104
17
44
34
19
21
-101
26
93
10
-45
-25
-45
43
103
-16
-25
47
54
-99
-58
-47
-62
27
-74
49
9
-74
24
91
-28
-3
43
-68
-7
51
109
-116
73
21
-24
-55
25
16
-19
-60
66
55
-93
-6
48
-41
-35
-85
-32
-127
70
-30
-49
117
119
33
45
-1
74
-4
82
106
-2
16
11
38
-20
-27
-41
10
29
-13
88
-4
5
-83
55
59
-24
-115
62
-42
-22
89
-11
-26
10
22
-14
86
45
57
-28
9
-10
31
19
26
-76
-5
20
-48
110
13
-36
25
-19
127
-43
-96
33
-1
12
-12
48
-8
33
33
110
38
27
-15
-21
-54
16
-99
-58
-4
-101
93
77
0
51
-70
-67
-45
-29
-21
-114
55
59
-21
3
31
31
-21
-12
40
8
-125
-120
52
33
-33
-4
50
-31
117
-37
-98
58
12
-4
-17
60
71
1
26
-32
-43
-122
69
41
106
-4
-19
4
-103
-41
-23
51
99
-51
20
-73
2
33
-58
41
79
-82
-1
-66
62
-18
24
74
16
63
-17
2
52
-93
32
127
97
-17
19
-38
-101
9
-75
40
-52
33
-15
46
19
-36
26
28
48
120
15
14
10
19
-42
-47
-17
29
-58
-76
-8
19
-8
104
14
58
22
-31
-48
-3
-95
99
-21
29
-19
-25
88
-12
-117
85
-68
-16
73
18
55
105
43
86
-50
-15
-56
-39
43
103
11
-7
-6
42
44
29
-25
-4
127
63
12
-48
-38
-7
-15
53
-13
-45
-56
-54
-19
-73
2
-59
-23
11
-7
-22
-51
52
-31
32
-48
107
-40
63
-53
-76
46
94
-34
79
70
68
55
4
95
12
8
-64
66
15
35
43
-50
127
-31
47
-48
-39
-71
55
3
-18
-107
4
76
-23
-69
-15
-110
17
-14
-22
-2
-27
-5
-83
-98
-78
60
8
-48
-73
13
-4
-84
-75
31
-19
57
-31
-44
4
-26
-121
-11
-67
39
57
-53
45
-45
-59
29
-72
1
-40
23
30
-4
12
90
-4
-42
20
-51
-127
76
-16
41
-54
-62
-90
-32
1
-90
2
-114
-5
-36
-32
18
-33
24
-23
5
10
93
-74
-70
77
-55
-20
-86
-18
-95
6
64
61
-58
88
-65
-51
10
38
-64
9
107
22
127
-116
-26
-33
94
107
-73
-95
-6
-4
-38
-116
-19
-3
-25
5
-18
5
26
21
-77
-16
73
6
98
46
-27
-52
-18
10
74
-61
55
-75
11
23
80
43
-21
26
-62
88
-87
8
47
-61
-27
