905
595
334
493
750
1084
487
572
461
774
535
564
774
541
757
702
446
272
815
556
991
722
534
620
686
949
611
922
518
422
1299
467
771
787
730
685
669
512
607
597
427
363
702
453
394
885
856
564
451
546
335
734
950
603
794
479
356
388
570
603
579
547
314
482
573
1570
704
491
1136
682
380
532
696
264
487
827
1253
529
528
595
489
576
631
1158
458
752
385
638
1045
872
800
409
615
698
587
435
615
710
465
443
718
294
305
525
747
519
1013
520
617
510
784
443
403
878
677
1200
1052
922
814
504
724
658
658
418
1064
1049
456
633
