1600
-788
-1266
273
288
-2281
541
901
953
-542
1041
-329
-940
1327
1263
1151
-825
424
476
1243
614
-135
-121
763
-1436
1636
1014
1320
-2719
1212
-1024
112
-582
-3465
-2217
683
-206
651
1423
3031
1103
335
781
-149
-838
266
474
1107
-3447
1620
-1338
880
543
80
328
1184
1609
-231
861
-16
-1257
1154
127
475
-216
-439
2097
-128
-3850
452
-1852
-197
-1723
-1734
-746
-2499
448
-711
470
-138
78
823
-325
-44
-1906
-614
-276
1053
-101
952
52
-596
-358
-480
30
1024
141
509
-2162
1003
-948
-3629
-645
1142
-1451
3603
-6594
-35
-378
512
-509
-277
387
161
89
-834
39
-1932
-1058
-108
-519
1099
2873
-927
1296
-691
-1019
92
125
583
695
116
719
723
88
2015
-1203
622
-4312
-284
612
259
173
2532
-852
-221
233
-3801
1732
2300
-1257
-304
-408
-355
2762
-255
558
-898
1079
-177
29
120
4210
-480
1050
982
590
-671
1295
-3256
1102
-1144
555
322
276
-146
807
607
863
-1262
689
-679
310
-559
510
2389
-326
-680
644
-268
-572
-43
