1
14
0
0
8
20
0
6
9
2
4
2
4
12
0
14
0
6
0
1
0
2
0
13
7
0
4
9
0
0
0
0
0
11
0
0
7
0
0
0
4
9
0
12
0
18
10
7
0
0
22
12
6
3
13
13
0
0
2
0
0
15
13
3
13
25
12
0
16
3
4
8
0
0
0
5
1
4
0
0
5
34
0
0
8
0
12
3
0
0
0
0
0
9
20
0
0
0
0
50
0
0
0
0
0
10
28
0
0
0
0
7
7
32
19
0
0
0
12
17
0
15
0
13
0
4
0
0
5
0
0
0
4
0
0
4
5
18
0
0
0
17
0
0
1
13
19
0
1
26
0
0
0
0
0
9
0
54
0
3
0
0
0
35
0
4
0
33
30
0
6
5
2
30
18
0
6
12
0
26
0
19
0
0
0
0
0
0
26
9
16
24
0
0
6
0
12
5
3
0
0
12
12
7
0
15
2
7
39
19
0
2
16
7
14
6
5
0
0
12
0
0
0
0
9
18
0
0
15
2
0
2
0
12
0
0
13
1
10
28
11
10
3
18
0
13
9
0
0
2
5
0
0
0
12
0
3
0
14
0
0
0
35
18
28
0
0
11
5
18
18
1
17
7
0
0
9
0
15
25
2
14
0
36
14
23
0
10
2
18
16
0
0
8
37
0
0
0
0
20
0
55
6
18
0
0
0
37
0
0
0
30
35
0
22
29
0
28
28
13
0
10
5
28
0
5
1
0
0
0
0
0
25
10
14
15
0
0
6
0
4
0
10
0
0
8
14
17
0
15
0
9
28
25
0
0
17
0
19
11
0
0
0
3
0
10
0
0
12
0
0
0
16
13
0
0
0
0
3
0
7
0
14
21
7
14
10
13
0
5
6
0
0
1
0
1
0
1
10
8
0
13
14
0
0
8
45
18
17
1
0
32
10
26
15
0
9
16
6
0
14
0
12
30
0
11
0
19
0
21
0
7
3
6
0
0
0
1
0
0
0
0
15
0
0
0
5
0
4
12
0
12
4
0
0
7
0
0
0
0
0
2
23
0
0
0
2
0
6
12
2
14
0
0
0
6
0
23
32
3
0
0
12
0
17
14
19
19
10
0
0
3
0
0
5
1
17
18
0
1
2
0
0
0
15
0
5
10
19
0
0
1
5
33
0
0
2
0
0
0
1
0
0
0
12
0
0
2
0
0
0
0
0
13
1
2
0
10
17
0
0
1
0
0
12
5
23
0
0
0
0
7
2
5
0
3
0
11
0
1
0
3
0
0
6
0
0
27
4
0
28
0
0
0
11
0
0
0
8
1
0
0
0
0
0
0
0
6
0
0
0
0
0
2
15
3
14
0
6
5
0
0
0
0
0
1
21
0
31
0
3
4
9
28
0
7
0
0
0
2
38
0
0
9
0
1
0
0
16
18
8
0
12
5
0
0
0
0
2
0
12
0
0
18
0
0
0
0
20
48
13
7
0
0
4
26
0
23
16
0
0
0
0
0
9
0
0
10
1
2
0
20
11
0
0
0
31
3
0
1
0
1
0
0
7
0
12
0
0
0
0
0
0
0
0
0
0
0
0
0
3
0
0
38
0
0
60
0
0
0
0
19
7
0
1
0
42
0
3
0
0
25
0
0
12
26
1
29
26
25
11
0
3
3
0
50
0
13
0
0
0
29
3
0
7
2
25
20
0
0
0
9
0
23
0
0
6
0
0
0
0
20
0
0
0
0
0
9
0
3
0
44
0
0
0
19
33
0
3
0
0
23
13
8
1
31
26
0
33
0
0
15
0
0
0
0
2
0
0
0
5
20
0
3
0
6
22
30
9
0
0
0
0
14
38
0
0
0
0
56
0
0
0
0
0
0
2
0
0
0
0
21
0
40
4
0
0
2
6
17
0
28
10
29
0
0
0
0
0
4
0
0
13
0
26
0
16
16
0
0
0
14
0
10
9
6
18
0
0
12
0
0
0
0
14
2
0
25
0
0
0
0
0
24
0
25
0
16
23
0
0
2
0
29
41
0
0
6
23
23
1
27
2
5
0
0
0
0
18
26
21
30
0
0
0
0
2
10
0
12
15
11
4
19
0
2
0
10
45
20
0
0
13
0
0
8
0
0
0
18
0
0
0
3
5
0
0
0
0
3
0
6
4
0
0
0
15
4
4
7
13
5
15
8
0
30
10
0
0
0
0
0
0
6
5
0
0
4
27
0
0
0
9
18
25
0
0
18
5
11
24
7
10
19
0
0
14
0
12
7
0
13
0
42
5
8
0
0
3
17
14
0
0
0
25
0
0
0
14
12
0
30
0
18
0
0
0
18
0
20
0
28
31
0
18
17
0
26
22
18
9
2
6
24
0
20
0
0
0
0
5
0
32
7
17
22
0
0
1
0
0
15
0
0
0
10
6
19
0
0
0
6
39
17
0
0
5
0
26
6
0
0
0
12
0
0
0
0
5
0
0
0
4
0
0
0
0
0
0
0
12
5
0
2
13
2
7
2
0
18
8
0
0
0
0
0
0
0
18
7
0
22
0
0
0
0
33
20
14
8
0
28
5
12
13
8
20
8
19
0
9
0
15
18
0
8
0
24
0
0
0
3
14
0
0
0
0
0
0
5
0
0
50
0
0
0
0
6
20
31
0
16
10
37
0
5
0
0
0
0
6
0
41
0
0
0
0
0
0
19
11
14
0
0
6
0
0
6
20
14
0
0
21
0
0
41
15
29
46
4
0
6
0
0
13
0
17
0
12
15
0
3
0
0
0
0
9
23
39
0
0
24
0
73
0
28
0
0
20
0
18
0
0
17
6
0
0
0
12
0
1
0
0
9
9
18
0
0
0
0
0
0
0
0
27
22
14
0
0
0
0
0
2
8
0
7
0
0
4
33
0
0
0
11
0
8
0
2
45
0
47
0
0
0
66
0
4
0
6
0
0
0
0
0
0
10
13
11
0
0
0
0
0
3
6
10
11
15
3
0
0
0
0
0
0
2
28
0
24
0
0
5
9
35
0
6
0
0
0
0
9
0
0
21
0
0
0
0
8
25
0
5
45
8
0
0
0
0
0
0
18
0
0
20
0
0
0
0
2
85
8
20
7
0
13
30
0
46
0
12
0
0
0
0
29
6
0
19
0
0
0
23
15
0
0
0
15
11
4
0
0
0
0
0
6
0
1
0
0
0
9
0
0
0
0
0
2
0
0
0
9
0
0
43
0
0
37
0
0
0
0
2
26
0
0
0
57
0
20
0
4
16
0
0
4
16
5
33
29
30
9
7
16
10
0
51
0
10
6
0
6
0
14
1
13
0
13
19
0
0
0
11
0
13
0
0
0
0
0
0
15
9
0
3
0
0
0
20
3
8
8
31
0
5
0
12
0
0
0
0
0
27
34
3
0
47
31
0
22
4
0
10
0
0
0
0
4
22
0
0
1
21
0
3
7
6
17
18
0
0
0
0
0
2
41
0
0
0
0
67
0
0
0
0
0
6
0
0
0
0
0
15
6
50
7
0
0
13
16
23
0
12
22
24
0
0
0
0
0
0
0
0
4
0
1
0
28
32
0
0
0
43
9
0
16
5
18
0
0
0
7
17
0
0
6
9
6
30
4
0
3
0
0
25
2
2
0
29
21
0
0
6
0
17
2
0
0
0
0
4
0
0
0
0
25
0
0
6
21
22
22
26
8
0
34
0
0
23
47
0
0
5
2
20
0
5
5
0
25
11
15
0
0
20
0
0
4
0
0
31
0
0
0
15
1
31
0
0
14
0
0
0
0
0
0
0
8
0
9
7
8
2
0
29
0
2
0
0
0
6
0
0
3
5
0
0
37
20
32
0
0
2
27
14
10
0
0
17
0
9
14
0
2
5
13
0
0
0
0
12
18
16
0
3
0
14
0
0
12
3
22
0
0
0
0
0
0
0
19
0
0
21
0
2
12
0
0
21
4
8
0
29
4
0
0
0
4
14
11
0
18
0
0
12
0
27
0
0
4
0
0
2
27
19
42
15
0
0
21
0
0
31
41
12
0
13
0
2
4
0
5
0
22
7
6
16
0
6
3
0
0
15
0
25
0
0
2
25
0
46
5
1
4
0
8
0
0
0
0
14
23
0
0
0
29
0
0
0
11
18
8
0
0
5
0
0
0
0
15
0
23
37
22
0
0
0
13
5
17
0
0
4
0
0
6
21
21
0
30
0
0
0
0
18
14
14
3
15
0
10
4
0
13
0
4
0
0
0
0
2
0
5
38
0
0
0
0
0
15
23
0
17
7
19
0
7
0
14
0
0
0
0
49
0
0
0
0
0
0
8
0
25
10
0
0
0
0
27
38
20
9
0
24
0
0
31
30
31
18
2
0
9
0
0
19
0
13
0
0
5
0
6
0
0
1
0
24
32
36
0
0
27
0
45
0
18
0
0
0
3
17
0
0
8
4
0
0
0
5
0
0
0
1
4
0
4
0
2
0
0
10
0
0
0
29
5
34
0
0
0
0
0
0
0
0
0
0
0
2
26
0
0
0
6
0
0
0
2
31
0
20
0
0
0
52
0
0
0
5
0
0
10
10
0
0
0
0
10
0
0
0
0
0
0
5
1
0
18
19
0
3
0
0
3
0
4
11
0
7
0
17
9
15
8
0
4
0
0
0
7
20
3
0
6
0
0
0
0
13
10
0
0
17
3
0
0
0
0
0
0
21
0
0
0
0
0
0
0
3
43
2
10
0
0
0
2
0
13
7
0
0
0
0
0
8
0
0
0
3
23
0
3
0
0
0
0
9
12
0
0
0
3
0
0
20
0
4
0
0
0
17
0
0
0
0
0
0
0
0
0
0
0
0
10
0
0
42
0
0
0
0
0
6
0
5
0
23
0
0
0
0
7
16
0
2
31
1
0
0
0
0
15
0
14
0
0
0
0
0
10
0
35
0
11
14
0
1
14
0
23
11
4
7
0
27
16
11
0
0
0
1
12
28
11
23
3
1
0
0
0
0
5
22
7
0
0
0
5
0
10
0
0
0
0
39
4
27
0
1
9
0
0
19
0
0
11
0
0
0
0
0
6
0
0
3
0
9
0
13
0
0
0
14
5
0
0
3
0
0
16
0
10
2
0
7
11
6
0
17
5
0
0
6
0
0
0
5
0
17
5
12
0
0
10
0
0
6
0
23
2
20
0
0
0
8
7
12
0
11
18
6
8
0
0
0
0
16
0
0
0
0
0
0
0
7
1
0
3
0
0
0
0
0
3
11
23
0
12
0
0
0
0
0
7
11
0
17
0
7
11
11
6
2
5
1
11
28
13
31
1
13
0
0
0
0
0
24
16
3
19
0
4
0
4
5
0
0
0
30
0
19
6
0
3
0
0
33
10
4
13
0
0
1
14
0
17
13
3
0
0
10
0
17
0
0
11
17
0
0
0
17
0
0
5
19
11
6
0
0
13
16
0
16
0
0
0
10
5
0
0
2
0
0
0
10
0
0
0
0
0
0
18
19
0
41
0
0
0
0
19
18
5
18
10
0
20
0
0
0
0
0
0
12
19
0
1
0
0
23
0
0
0
0
0
0
31
0
0
3
47
0
0
0
0
0
0
0
3
35
0
0
0
5
0
39
0
0
12
22
40
29
5
6
29
7
1
0
0
0
0
8
6
0
20
23
0
0
0
4
0
11
0
27
0
0
0
0
0
0
0
56
0
20
18
22
0
0
0
0
34
2
17
0
0
39
0
35
0
0
2
0
0
6
0
0
0
0
11
2
3
0
0
5
15
0
0
21
0
0
0
3
0
9
0
0
0
0
0
0
0
0
0
0
0
0
13
0
0
0
0
2
0
0
0
32
5
2
17
0
0
15
0
