4307
-540
2037
-2164
-625
-3810
-3370
-5782
4175
-580
-2913
50
3997
195
1946
-2936
-888
-2873
-4013
3132
-1651
619
296
-5254
-128
2314
-582
-1413
-3459
-904
-1139
-3410
-2426
2730
-2435
-1377
-2506
2895
-2244
4252
-3117
-4694
2016
-354
1107
493
-384
-2689
200
-6834
-4673
-2004
-459
-2535
-822
4647
-2932
-2944
-1347
2195
4032
-3391
4868
-2673
-337
-5560
1511
740
-116
195
4755
-935
-4515
437
-66
1114
2124
1215
-961
4083
-5213
-2981
-638
-3320
4002
2067
-2969
-1698
-3498
270
-2242
-3070
-1225
-4810
2775
-2554
-1127
1875
-5192
-990
1039
-471
-6057
-134
-1094
-3271
-5342
-2826
2401
-484
1119
-1563
2917
3965
-2104
1345
71
85
-1197
-2877
-2034
1750
-2427
-1518
1661
6429
-3621
-1521
1008
-20
452
-3270
2113
887
-1291
444
-492
-1692
4147
-1705
4448
-1547
607
-2697
-1105
-2129
-2043
846
-1447
-4900
4371
763
-3849
1488
-268
890
-2691
-1005
1807
-2059
633
-284
2202
-1261
4032
-1238
3742
-298
-5282
-198
3714
-3661
-1210
215
-668
311
1814
-2164
-1083
-2610
4027
-7211
703
1887
2275
-3152
1079
-957
852
4097
451
1072
7420
1394
824
-2821
-933
-2898
-6313
-6394
7536
-2497
-862
650
7003
-1018
767
-1542
1139
-5234
-7268
7903
-823
-939
855
-3717
1523
6937
-2364
1852
-6757
125
-469
-2788
-4847
32
-926
-1825
-1600
6216
-744
8880
-6387
-4116
-1873
-442
3361
5011
-921
-6928
-1245
-7457
-9349
-1114
831
-3158
-239
7952
1336
-5386
-3910
1753
5156
-4173
8753
-8362
-461
-7958
-1569
3227
574
-954
1536
-1680
-3393
899
-1496
2027
2491
-939
-879
5294
-6166
291
131
-4349
4510
2021
-892
-3955
-3090
2852
-3935
-2330
-707
-4686
5074
-3478
-2954
-1283
-5889
2436
2777
296
-6575
1355
-2211
188
-3817
-3829
-858
671
2270
-4078
386
905
-3691
1669
-2719
3324
1380
-4135
-2382
1120
-4343
-790
4722
6394
-5098
-2832
2609
2228
-1967
-9082
2695
-988
-4030
-1703
-4041
-4613
2425
-3097
6084
-4620
-819
686
801
529
-95
-1038
-1428
-2242
4497
517
-4342
926
-3906
3322
-4406
-39
484
-3007
-109
-354
2899
444
2116
-2249
613
100
-5886
2756
5455
-3785
-1948
-1930
-491
-4950
1828
-961
-3169
-952
1428
-9699
734
1440
5232
-2863
423
3282
1055
435
-285
2294
3285
-3915
539
-664
-1435
-1597
-201
-3474
2045
356
-2112
5010
3631
-1639
634
-1866
-2377
-1810
105
-1641
-5305
279
-1619
-5007
-2941
-1036
2960
-2418
-1325
1064
-2084
1184
826
1683
-5632
-942
-1212
484
-1553
1678
1920
-3755
3405
-388
-616
109
1212
-331
1634
-3866
-1104
-1284
1161
-1017
-1330
2509
-2958
-3065
1368
-88
1381
-3554
1636
-1156
3086
-442
2101
702
756
-3841
3991
-266
-1772
-1570
2431
153
2273
1769
-2022
329
-4002
113
-1100
-422
3289
2140
-2711
-868
-316
1284
-1113
624
2683
-787
1398
-1262
1857
3822
-3201
-2159
1586
-1024
-3109
2266
-2575
-3441
-3950
-2676
1185
1487
-38
-898
4109
4421
1723
1175
1043
1442
1066
-374
-1023
1621
629
-2069
-2695
2803
-1569
-275
-2486
3938
1517
-1138
131
2677
-2182
530
938
-507
1684
683
2113
-1778
2790
-2582
-2986
-2121
-662
-326
-150
-7189
1897
2083
374
350
-693
-1264
-2346
-136
-1965
-1997
940
-2820
-36
-3575
1336
-1248
3948
-310
-2953
-2368
1774
-1417
148
912
-3796
-144
1420
1630
-1799
-5985
2023
-2319
487
-1457
1726
-4183
-159
-1182
-2373
4148
-77
-530
-1128
-1027
228
-829
1074
929
-1289
-1565
2241
-254
-3125
2452
1183
452
1409
-1501
-172
432
924
61
-2694
1076
-675
-2893
-988
-1419
1877
-1379
1654
1811
-1212
1072
1373
480
-977
-777
-59
-185
-1196
298
1083
-2084
788
787
22
-571
-38
878
996
-2690
-94
-775
-35
1213
-301
961
-1296
-1232
1023
554
-225
74
2334
1918
715
-1057
1542
528
-767
-119
3895
978
-529
2467
-762
1183
581
2278
-2204
-546
-743
-1544
10
58
1997
1320
-2544
160
1038
-96
-879
1200
588
449
-880
415
640
2997
-1667
-2073
-345
64
-2587
-744
-317
-1937
-211
-691
770
-553
123
882
2974
1111
370
740
-219
141
-660
1844
216
-1514
-1000
16
-175
2098
111
241
-1526
1799
1446
-283
1839
1727
366
2478
924
37
2021
1406
283
-1671
1691
-2361
-436
159
873
670
-951
-3759
1650
469
885
863
-289
-741
-1598
346
565
1464
-221
-1325
964
-1055
742
-1552
2809
-274
-2431
-219
995
-1136
-68
-1003
-2040
1011
489
-1151
-1390
-1698
2477
-616
1567
-587
2066
-1168
-164
-1174
-1219
1031
969
602
-689
-271
2207
-523
1342
3690
-4237
-1322
1271
-748
-4428
3393
-210
-1048
-347
-1173
3230
-1291
1403
-437
-2519
1541
517
-2268
-1416
-895
2641
-901
1316
1858
-1373
2083
141
270
-538
204
725
1514
-571
1322
11
-1704
-895
2160
-841
315
1365
907
2477
-784
-2820
513
13
805
12
283
-380
-427
-689
75
659
-522
1318
806
1063
-2401
1052
1614
1129
-37
4538
-302
-1699
2680
-515
2541
-358
-509
-1945
-893
-9
1055
2536
836
1739
1466
-1265
-566
1740
905
-3564
2013
2992
286
-615
-106
1579
1672
-3203
-1310
53
999
-2429
-749
-1070
-2019
1073
-1287
-1264
-1960
-63
3426
3076
244
234
-1467
-789
1626
-490
4071
70
-1960
-984
-299
1721
2113
915
-151
-1959
3388
-70
-4437
3659
1778
-87
1219
224
-2636
925
2623
-41
-2292
2901
-884
767
2726
1174
1919
-1962
-2694
-191
-507
1532
3552
-2643
118
319
215
563
2870
983
-1974
1596
-1639
2435
-2438
283
684
-3319
1959
820
-2693
927
-1663
-4086
-956
600
-1657
-2425
283
2601
-1402
-267
-709
1342
-3079
-1455
-1110
-1657
-544
1172
1133
-3007
409
668
-427
1212
844
-2188
-519
-9
-682
-1992
844
-259
-1258
437
-2208
1308
295
300
-1131
-1122
1359
-585
-2902
-595
-2010
1065
-1481
1489
-424
-256
906
698
1886
-657
409
-410
-1016
-456
141
592
-2731
898
235
-972
-1212
621
473
2175
-1688
677
-442
-294
1040
304
-739
-435
702
1206
859
-520
156
555
1671
2245
-647
527
740
-510
1425
1987
961
-1894
2656
-452
573
421
3635
202
-372
-23
-1692
790
-274
1751
1183
-2170
-1138
507
-1958
-584
2090
-528
-734
-994
1362
-499
3399
-1748
-2048
-446
173
-468
-1241
417
-1022
-672
-630
1014
-1380
-685
1419
2448
967
989
-1037
619
-923
-668
316
-899
-1176
-434
54
-212
2761
-1053
685
-33
-587
2598
764
979
2301
1403
1833
2397
1293
2763
1633
215
-953
1817
-1699
-330
-234
0
869
-1562
-2516
2140
552
377
746
833
-621
-918
982
2527
1026
-519
-1438
1022
15
607
-1602
2455
-508
-1632
-178
-1461
-460
1291
-588
-1573
1601
-306
-304
-928
457
2120
-229
1738
-498
772
-134
-255
-570
-157
1288
1047
1450
-4010
-767
-1016
-2225
2144
612
-1306
328
86
-1094
103
1380
-2236
-50
3879
1215
-567
1720
1944
-865
-327
405
-3033
-411
-1632
-2711
1553
-2800
2374
-1213
-367
2181
2766
365
108
-2342
-2135
-4290
1077
-1184
849
-132
-953
-1944
-197
-1967
2278
-415
-758
520
2137
858
-1347
713
-191
-2367
1257
2573
2621
-1713
-1124
-923
338
3772
3622
198
2269
-1649
29
1801
1355
2539
253
1294
1527
369
1893
800
671
-3977
297
-2313
1262
-430
1248
-303
-5985
553
1380
-1499
3473
1647
1576
-852
-2122
-535
-1415
2192
854
-2454
-1019
1116
-101
-910
-733
-62
2056
-1259
1751
-2813
568
1642
678
796
-80
263
916
-1778
1347
-480
-202
-2285
2680
2060
-1167
-991
1418
8
912
-3680
2192
-322
-104
2212
2387
1621
2561
1526
1535
962
658
296
57
-1241
196
-460
624
-292
-1258
-1785
1426
1057
302
-1243
716
-1243
-3861
-1571
2249
962
882
-1159
1430
-1052
283
-1982
3864
-579
1533
-1805
210
1445
1089
-1926
-772
1586
858
-406
-3683
-871
1849
-1146
952
-2832
677
-286
3381
-2592
565
1514
-1192
2154
-742
-2795
368
-1023
-277
1328
-1744
-287
1478
-642
-2444
3638
1702
-683
-1382
-2375
568
1008
1237
-2301
-2660
171
-1726
-3183
-1567
-1511
2676
-176
-398
1105
-1974
2544
1193
1560
-2538
-1088
146
688
680
1151
1680
-3288
839
-845
-1211
569
426
1218
2574
-1920
-471
-258
-569
687
692
359
-1306
-142
2160
-1188
1116
-2594
1585
1094
3058
-880
2508
1161
1270
-1070
2696
976
-82
486
123
1006
2115
1616
-2130
-2656
490
1412
1188
1008
1952
2302
-3262
-747
1186
661
-1760
745
2645
704
-779
945
1476
4329
-2905
-1085
-453
-872
-1364
485
-3446
-1458
-20
-2750
1474
-1565
-1896
1718
3553
1390
2815
-250
1462
1439
909
522
-1039
-389
701
-282
614
3500
1016
265
-1658
2827
-18
-1897
2645
2043
-187
875
394
-412
-309
2307
301
-1241
3377
-1227
-996
183
658
458
-1588
-4892
1442
1581
1032
2766
-599
-950
-2888
-2528
380
1723
1180
-2932
-669
-1223
408
-4546
4239
-2486
-1173
698
257
-358
2611
-1107
-2581
-463
2215
212
-1567
-1455
684
-1953
2348
-597
2336
-2170
43
831
-1406
1687
-465
121
3107
-3111
913
-2974
-2027
-3366
-1713
-5365
4892
-1899
-4024
3780
3637
336
898
-4217
-1849
476
-2117
869
-1552
-1285
-2130
-5636
-928
1877
166
178
-2548
-379
-2455
-1786
935
1685
-2586
-2167
-1933
2526
45
2057
-1084
-6686
2702
271
785
-721
-1832
-100
2354
-7178
-3906
-2492
1063
-2370
-351
3575
-2923
-2291
374
933
3918
-5379
4844
-530
1491
-4430
3926
2250
631
-1163
5082
-1874
-840
-3
301
1309
2651
1883
-3065
-66
-2286
-325
796
-1615
5052
3467
-4051
-642
-534
392
-1226
-1391
439
-890
3645
-1304
95
4060
-3222
-379
2453
-1523
-5278
1036
-3553
-2642
-3598
-3772
2980
1209
-568
-739
3754
3803
150
2923
970
1039
524
-2435
-735
584
-3039
-1746
343
4409
-2064
-1236
-59
410
-195
-4376
2754
1062
-2175
2178
-829
-1506
2921
-1607
3260
-1174
-249
-3861
-1176
-1676
-1108
131
-1764
-7178
3075
1419
-1688
1009
310
-452
-5554
-4026
136
447
786
-902
-1373
743
1925
-3407
5282
-3482
-3206
-356
3839
-1463
-694
-754
-267
-813
3705
-1265
-2350
-4220
2376
-6377
3509
1156
2434
-4288
1893
944
-2
3401
-175
-1813
3347
-3257
1952
-1336
-1267
-2155
-1487
-5888
2370
496
-4877
3258
2383
7
1338
-2792
-1890
-485
-366
155
-3237
-429
-1535
-5082
-1630
292
2016
-1760
-1983
275
-2945
-1236
630
2676
-3496
-1472
-737
1382
-737
1631
314
-4534
2214
577
285
-654
-129
-73
904
-5793
-1833
-2871
373
-1378
-228
3438
-4562
-2426
-716
655
3487
-4862
3007
-1108
287
-3445
3919
1809
-139
-206
6545
-1342
-2529
377
1945
974
1996
775
-2888
914
-3354
-1416
453
-2221
4562
1698
-3984
-1444
-359
597
-1382
-2527
1296
-1047
1643
-1537
1353
3438
-5721
-2378
609
-1720
-5643
19
-1905
-3079
-4204
-3694
2187
938
207
-219
3991
6552
-443
1875
-73
384
-833
-1625
-1945
2258
-1720
-2768
-1509
6218
-1403
-699
-1150
3104
58
-3158
2403
2121
-2945
1616
1541
-1049
2607
-517
1645
-791
1556
-3201
-603
-1557
-1337
1380
-903
-7976
2037
1721
-1140
2947
-189
-479
-1818
-3707
-510
306
1436
-656
13
-993
3639
-1802
5593
329
-3155
-1036
3655
-3592
24
960
-1332
-85
3596
-897
-303
-4397
4552
-5110
1793
1461
1533
-3536
789
-1231
-889
5860
418
-1860
-1463
-3522
-581
-1019
-987
2080
502
526
1161
95
-202
5180
386
-2033
717
232
-861
1625
2695
-4117
-2545
520
-2624
-2181
-3072
-3039
3409
-1303
807
501
-3179
2082
3524
1088
-4352
-1384
-645
-2782
1170
-924
3573
-1695
150
-975
-1949
-529
1141
1190
1345
-321
2243
62
1048
1049
125
-1539
-581
599
2744
-1532
-463
-2684
-6
1593
4163
1052
2308
312
845
-1169
1550
1290
355
-93
2396
11
1743
2098
-879
-4215
-743
1023
1665
1529
1865
1258
-4060
-95
2033
-1955
1022
2277
2982
1728
-563
1110
1589
4272
-1432
-1282
-330
-377
282
1378
-2548
-619
59
-3641
1408
563
-439
993
2891
1911
2179
-521
1757
505
1812
196
-1666
-792
1752
-22
-1727
1062
225
901
-949
1678
2521
229
813
3095
-554
298
2329
223
-518
2408
1025
-468
2459
-1205
-824
-1212
146
-1319
-902
-4557
259
2241
3348
-1159
771
-1852
-3043
-773
-137
-117
261
-3482
-167
-1793
-619
-3956
4093
-1295
761
-1202
-952
1058
3074
-324
-2690
-629
947
1413
-1765
-2599
814
318
2118
-2993
765
-722
186
1396
-1748
2285
-800
-1059
-1105
-3603
-1697
1496
528
4598
-1181
1496
1916
598
-2709
5354
1036
-723
-1726
-587
1459
2721
4425
-2988
-3127
-1671
-1856
73
-2368
-1554
3341
2323
-445
3854
-3199
3593
4759
-839
-793
-1354
2141
2414
2959
-14
4262
39
-2291
-1164
-1865
2435
224
2611
959
46
1775
-1050
-547
2740
3549
-482
-9
846
2716
-2272
27
-2093
2638
1227
2083
-583
2797
2316
2876
-575
2331
1745
3967
1467
326
406
840
1346
-3468
-7289
2748
3825
2322
3059
2450
502
-2646
-540
5354
564
-546
861
4040
6059
-3367
3438
3254
3845
-3386
-986
-2545
-1461
-694
693
-2662
1437
2714
-3599
505
994
-1168
823
2561
10
1417
-126
683
2631
3539
1639
-2531
-911
924
614
-229
2241
2979
732
-1846
7090
-633
-1381
4173
1695
-1755
581
2001
-891
-2602
2669
-2009
-2185
2835
1619
1755
1350
3363
-1166
-906
-4349
-2670
3163
4076
4484
-1381
-1548
-1672
-2948
-3110
4068
24
-2498
-890
-558
-2260
-6643
3404
-1897
2221
736
-795
844
4630
-883
-2643
-1461
3438
883
309
-986
-452
265
3861
-1298
3402
1024
-1128
4115
-2711
-368
-2120
-1482
495
-162
155
-2851
1180
-1274
-2734
-5877
4065
-1470
-2041
69
3102
2275
2161
-1980
-1991
298
-3466
4354
-506
-948
-1976
-3761
-675
716
464
-1283
-2248
777
-1747
284
-939
408
-1161
-2655
142
-697
-2191
2297
-15
-3283
1483
-1665
1899
715
-1348
-1984
975
-4312
-927
-3687
-2447
-280
-612
3614
-2331
-3985
1028
-2425
2864
-2598
4526
-1258
-2184
-4873
647
-812
-4141
1161
4169
1385
-1657
735
-1121
428
3539
1303
-3313
2010
-2071
-3942
-154
-3390
3139
1097
-4467
-1415
-2985
1825
544
-1865
-1540
-2502
-124
-1620
-1366
2099
-4676
-2523
-172
-636
-5446
-2414
-1068
-2103
-3023
-2082
2568
-2922
-297
-1194
5317
2933
460
2466
68
-488
-2187
-4297
81
1933
-1997
-1382
1761
5528
103
-2676
358
1182
-818
-1237
1849
1302
-1735
2200
-256
1071
3944
-467
2641
-1261
914
-1772
-522
-920
-1205
520
-3205
-5913
6626
1388
-140
872
-1469
-293
-2641
-3916
844
-1012
802
-437
2020
-1284
1249
-1858
6514
791
-3194
-1347
3414
-2208
-1951
-2409
647
1568
2203
-2343
-1347
-2757
2940
-4975
2692
21
4404
-1061
1576
-1877
146
4009
1382
-57
1855
-2953
30
-2564
-332
-1413
392
-5434
5385
-1592
-1819
3143
3927
1470
2380
-960
-5196
784
-1761
2121
-2772
-876
-3703
-3866
-2374
-324
1283
-2702
-1349
1886
-3283
2418
918
-1724
-3910
-3474
98
-2104
-2072
299
1239
-3626
2359
-320
1506
28
-1114
-456
1109
-4297
33
-3966
20
-871
-1947
2397
-2477
-4977
2465
-2927
1072
-3272
3896
-533
-1231
-1684
2776
-1505
-3717
-2348
4449
184
245
-717
324
-663
3554
981
-4088
1004
-4829
-1696
-722
-897
3820
1694
-3692
581
-1645
2283
1212
665
-204
-1377
1641
-2416
274
3000
-1880
-1941
2358
-822
-5148
477
-3220
-3010
-2217
-3119
1295
369
-325
-2987
4764
2815
1172
3641
153
894
-1239
-2422
1304
1098
-1432
-1849
-1341
1327
-126
-1605
-1312
1775
564
-1091
821
1232
-3308
2455
-537
857
2880
-229
4310
-1992
117
-2608
-3881
-2020
9
-1223
-1927
-7034
5056
942
1194
-2648
-655
-1406
-3144
-2465
-2322
-1798
-75
-2368
373
-3329
-142
543
5986
183
-1919
-2664
3729
-455
-2807
-2056
-765
-154
2448
137
-3134
-6704
2168
-2696
1186
-1330
3708
-3842
1254
-644
-1459
3500
140
-1139
-88
-3342
-638
2063
654
2736
-832
33
-420
1012
-2535
3903
-363
-1420
-692
-895
221
1702
4065
-3533
-3149
-2128
-1828
-514
-2504
-2057
2896
161
-865
1681
-2434
2288
4716
559
-459
-870
2000
1784
1692
-1081
3432
-337
-405
-1186
-1692
934
735
2169
837
-203
2030
-2109
-603
1868
2592
-925
-1506
575
1789
-1620
1055
-2775
399
1007
1550
-680
2610
1893
2257
-686
3371
1092
2614
172
1274
6
908
1282
-2412
-5553
1060
1926
1775
1516
2503
-202
-2338
-1193
4081
1009
259
-235
3485
4318
-3063
2044
2953
3115
-4004
-1967
-1809
-1777
-1138
1030
-1200
187
831
-2556
1135
1242
-544
218
2749
2260
448
-303
588
1277
2710
285
-2349
609
1129
-603
-1910
2490
2198
621
-1964
5808
-314
-277
2643
1592
-1492
111
3866
-337
-1066
1535
-2356
-1113
2595
1424
1339
258
2108
-594
-616
-4265
-1956
2723
2745
4384
-1051
-1893
4
-3328
-3312
2988
400
-1283
-551
-1279
-652
-4257
3424
-63
1611
-962
-883
227
3017
769
-1823
275
3206
1110
1385
-2385
1067
-106
2473
-542
1815
-299
-548
1454
-2301
1766
-1367
-1416
-3036
685
-29
1842
-418
7795
-1888
1131
2963
180
5372
4407
-394
-2516
-645
5439
924
2953
3578
2863
3456
-1078
386
3266
-874
1144
2913
2512
1350
1483
-3559
69
3970
-2249
-1468
-19
1952
-4618
-468
-781
3695
4888
-4741
-1982
611
2227
-836
-1493
-1848
4099
1966
1269
1253
2901
-919
509
2945
-2393
-1117
-3740
-157
949
2852
-3405
428
-698
-4813
-1008
-3545
2869
-2265
3126
1457
1745
792
2181
18
-136
-1561
-3362
4085
657
1808
-2711
-1943
-1198
-1267
431
5933
-1011
4098
-63
2345
5761
-1327
4507
-1302
-3211
-1129
2409
-654
674
1439
-1730
1274
3057
5826
-2886
-697
-2207
507
-432
1223
-1549
1818
-578
-2812
-1988
1887
-3700
-473
496
-441
2757
4214
953
2099
-1450
708
3326
-776
542
452
1368
-4181
-74
1019
-1527
-1630
3909
-2173
-428
1829
2311
7953
6280
-545
706
-1958
-275
1978
1126
7102
-963
-640
1698
-754
-2332
-367
-332
1195
-743
634
1657
-3576
-4611
2068
2819
445
1191
439
1314
1773
-3052
-284
-3831
-2615
571
679
1549
417
3910
3026
-2015
2003
6322
-2522
38
-442
-603
1113
-3718
-3056
-2544
-341
959
1657
2797
-314
532
-2616
1363
-2129
3040
-1751
-1393
1085
-148
209
1715
4574
-4181
-3367
-828
-2171
-1601
-2270
-4516
4376
-2290
2066
339
-958
3095
4817
2110
-1490
-415
932
-1745
415
-1838
4691
-303
685
-1969
-1770
-784
1863
1638
1151
906
4841
-899
-1675
2564
653
-1568
-1899
976
2952
-1928
-306
-1371
-1267
2613
2664
1682
1814
262
377
343
3057
2641
-7
698
1951
349
1230
2430
-1438
-4379
1320
-779
910
42
1656
-349
-4518
-878
3653
87
1879
855
3587
2690
-4317
2251
2311
3679
-2986
-4091
-2894
-1114
162
-388
442
-953
65
-833
1432
-1448
-705
1929
3165
3872
2021
-536
729
-1013
1418
5
-1595
107
2788
398
-3288
2801
2138
494
-2041
3985
1325
2328
503
3581
-91
1007
5821
2078
423
2617
-3791
-9
4425
-314
799
62
1392
272
-438
-4627
-437
2572
2859
3264
-185
-2208
-474
-2481
-1201
2644
1052
-1531
68
-1881
-489
-3090
4931
1147
1228
-2180
-1407
528
2724
1228
-2294
2551
1416
1496
1097
-1773
2251
1205
1846
-1604
923
85
341
-1980
-2104
4228
-44
-464
-8
1818
946
-2068
1556
181
-4503
-2830
2799
-1039
-1020
821
3215
387
2163
-2100
1346
-2526
-3133
3797
-832
1578
1444
-3264
201
661
710
-861
816
64
1443
-933
-1821
1381
-1212
665
-1788
412
-3469
3622
-450
-2068
1682
-1174
874
919
602
-2646
1765
-3198
-2037
598
-1112
-29
-1361
3362
-4
-2567
384
694
572
1271
3930
-1307
1409
-3423
-2587
-657
-1036
809
1909
2694
-3535
2072
-1986
1765
669
2558
-166
2701
-342
-3708
-1100
-2803
1381
1706
-2866
-780
-1365
-271
-737
251
-370
-3118
266
764
-2011
1529
-1710
-1349
403
1155
-2825
-1617
1487
-2332
-2784
677
1122
-3059
1083
753
3192
753
350
621
592
-634
-548
-1337
118
-776
-1139
1005
2667
3350
-1991
-1986
163
24
1815
-802
904
2666
1102
1572
-106
-338
5196
963
1329
-1849
1947
-2331
831
453
-1019
595
-2111
-3154
5328
708
-545
576
-1809
629
-2437
2560
2842
-1717
444
-242
4034
-843
535
-2157
1646
778
-5460
63
1213
-1331
-1373
-833
-2497
1673
-2356
-2175
-1691
-127
1812
-2772
1524
-917
2990
-68
256
-2304
226
1685
2238
2566
-2403
-1266
-1327
-61
1925
2083
1105
-223
-2217
464
707
3583
-1834
-1807
3028
1934
-3437
856
3161
-1247
-2140
-2205
-1874
-1075
-2873
-4784
3957
-2358
2165
413
-524
3823
5309
-581
-3057
-1561
1666
-5176
-2474
-2069
6196
487
1714
-1205
-175
-736
1300
446
1408
2882
6525
-1474
-1214
1731
-2484
-1242
-480
-2181
2419
-4416
-1672
91
-2415
824
980
3799
-2334
-2066
-3608
-2340
822
1273
1255
-1258
2799
-619
1742
924
-2152
-1656
-581
-1012
-379
-710
-102
-1045
-2879
772
2263
2387
4008
2842
3400
2356
-2052
1037
761
1201
-1478
-3723
-838
254
694
778
1536
-2131
75
1922
-449
-179
196
-799
4360
2242
2954
73
-562
-1426
998
-2054
1598
297
1753
146
-4258
-2033
1772
-1524
-2437
3368
1759
3870
-2286
3757
-2045
888
4143
3206
1927
1896
-1648
-281
2538
-793
-121
-211
239
-1113
-1309
-4990
1850
764
5273
-3277
-2217
-2489
534
218
-3371
-1901
553
-2108
495
-3815
-3715
1437
3140
3313
791
-5180
-1307
2121
-1628
4
-1854
2938
-1461
2155
-1695
-4028
1903
4346
-779
-4564
1648
265
-519
-4202
-2963
3243
1018
-1288
-3671
-2969
-2070
200
964
982
2243
2926
-4611
1515
2827
3778
-4052
-2131
3228
2041
-2816
2838
6020
-6342
-2864
-162
-2263
-104
-3730
-7071
4508
-3638
4065
-1213
-331
3562
6113
2056
-2040
-1158
-475
-6025
-398
-3882
6425
1628
1781
-4183
-2505
-2078
3624
1338
-400
3592
6059
1088
-289
3361
-857
-4902
-876
2989
3132
-2884
-2279
-255
-5605
5804
5688
4807
571
-1955
-22
-1916
276
3755
1940
-2495
4082
-904
1639
2161
685
-5938
1340
-1466
-94
1192
-1683
-1763
-4914
732
2149
-209
4487
2603
5052
2465
-4306
1279
857
3378
1157
-4071
-2213
433
2516
1599
665
-710
2222
453
2837
-1638
80
2186
3314
1605
3169
-2298
2651
-2451
2396
-3
-53
-52
6107
639
-4036
-3192
3549
1665
-3037
-104
3278
5498
-2907
3631
4007
-42
5009
2859
-786
2900
-3066
2360
3588
-614
-587
-2080
-364
-1169
107
-2318
-242
1845
3939
-2041
817
-3768
-2157
-420
137
-145
2408
-2399
468
-3455
-1738
-2477
3878
522
2584
-4898
-3966
3166
2536
499
-1890
4059
-398
1489
-1487
-3510
82
4596
755
-5683
-1116
413
1798
-4789
-1962
2520
-1116
356
-535
-2440
0
-1228
543
121
-405
-2673
-775
957
-1270
2564
294
-1001
2478
-964
-1158
136
1477
-1778
-4450
760
-2818
-3565
-1893
-3144
3983
-3482
282
133
-2159
1921
2097
2604
-2989
-1882
307
-3204
-958
-115
4050
-2116
1941
-2389
-70
-576
1450
-85
405
-2060
3066
-1885
-518
1766
-140
588
-2855
-1091
1832
-1983
1258
-2913
-36
649
1863
-539
1481
262
-1734
435
4221
2642
-1672
312
1936
712
3057
2239
-1556
-1135
-1491
-3224
368
-1792
2390
-346
-5434
-2507
-202
511
1066
-230
1991
-93
-1976
126
648
4388
-4848
-4499
-1591
-643
-2303
-740
-76
-1953
-2836
-2435
2614
-734
279
2076
4851
5830
1612
841
908
-1102
-315
-1922
-1322
1324
1390
-1244
-3421
4506
736
40
-1196
2929
1664
616
209
3570
-454
672
4816
1254
2352
1356
-255
-22
3818
-1942
-587
-1708
-485
-25
-1339
-6717
3418
2666
1769
1893
-938
-1722
-1370
-2149
319
-387
965
-1053
2083
-2218
1057
-2383
6488
2419
-1095
-2820
422
-1467
600
1519
-1872
1724
1455
584
-179
-3295
3523
-1623
2270
-1362
1709
-944
1214
-2627
-1414
6384
1584
-288
-1473
1330
721
674
-180
1157
-1385
-1807
1610
5
-1276
1374
1438
25
425
-1964
331
1263
380
-262
-243
3357
1212
-1550
-1284
-761
1090
-2019
3609
1385
-843
314
-295
923
-356
2726
-110
-531
-1162
329
2153
-1286
1269
-1009
-1674
-42
632
509
1481
-1966
-995
-424
1164
2475
149
210
-1436
-14
-358
1667
-1935
2573
679
3074
1982
-1494
588
4
-1215
1578
1985
2602
-1180
2558
-1005
-613
-1348
4389
475
456
1463
-2697
721
371
713
925
-892
-137
54
-2901
-923
1741
-466
-12
-1240
2523
6
3628
698
-1641
-32
606
-2087
-1402
1646
77
166
-1937
1723
-1755
-368
1241
2924
44
1345
-1275
1802
-1426
-1938
1429
-1067
-176
-74
-1345
1287
1254
-68
1573
-1038
-94
3409
1789
1712
1943
3371
2355
295
783
2574
2584
-561
-626
1614
-1759
461
-645
-1159
357
-1506
-649
2323
367
1398
120
1443
-1217
-1083
2263
3569
1211
968
-765
1845
447
946
-3011
1319
55
-2509
1321
-2140
-1433
1801
-1464
-2034
470
-1048
-1739
530
66
-404
1814
3501
-632
-12
1550
-810
-511
-507
-81
930
406
-1614
-1332
-827
-409
-1963
2696
816
4638
2332
-830
5189
3270
624
-3205
-1273
3162
-1566
2014
2135
-1096
2117
-527
777
752
-1632
-641
1659
2155
538
-649
-2289
-972
3199
436
-4278
271
-1747
-3631
-1117
-676
1235
1557
-782
-745
-1927
-20
-252
418
182
3056
-674
3904
1931
1242
-1870
-1995
2639
-172
-533
-826
-1352
804
-502
36
4475
2105
-2875
-2100
-220
-3006
-3883
536
986
-1655
1871
228
-160
-93
701
-2162
855
2133
690
1421
-3159
1790
878
3614
2005
-2832
1285
1768
2274
2450
1559
1512
-915
-407
3121
3834
-57
1279
2703
2832
-2570
-130
3891
-939
869
-1611
-78
-1992
766
-4814
2927
-3265
935
-1018
2942
-850
-494
-944
1936
2339
3810
-2825
-945
391
-178
-1751
1175
2941
-973
589
260
-1379
-3845
-640
-3509
2742
1136
674
204
277
1363
1215
-2413
323
-488
1690
571
-320
2845
-4962
1835
-153
-3295
885
1638
-2998
1213
-4359
-2584
-1088
-2138
-3318
-358
-3302
-619
-306
-1562
2343
2467
-3875
-1443
-1563
-3261
1656
-3071
-826
-2428
4734
61
-4562
432
2401
-2485
-668
-893
-3764
-1755
-824
-2308
-2080
806
-1691
1737
1319
-2730
1332
1989
-1189
-4405
1402
714
1089
-619
-2305
1118
1319
2176
-35
-1176
-184
-900
-1445
-436
-132
1538
763
-218
1225
-834
1504
1866
1034
112
-1095
-916
2372
867
1367
462
-1704
-212
-124
-1208
-133
372
2322
1722
-927
-1174
1533
-2574
90
1463
-355
-171
1037
1320
-465
1312
-932
3311
2616
2426
-1604
2770
167
2379
238
3160
1399
1519
1497
-343
2009
503
-1334
-2644
-3916
3253
970
2087
1364
554
2027
-3055
1977
2897
667
-1555
-875
2669
1236
-1151
830
1160
2921
-730
-952
-1616
-42
-2212
269
-4140
-2004
2772
-2081
1838
-3741
-993
2341
1948
-414
1297
315
508
872
1889
1457
-101
-2499
1527
1975
1874
2078
2255
-661
-505
852
-1620
-2897
4291
1411
626
1692
-1253
-1002
-302
1221
-344
-1189
996
-1714
1647
1909
1257
1848
-2123
-3670
116
742
-1211
4732
-527
-112
-2619
-3847
909
3450
2217
-1513
-1464
-965
1539
-4852
2560
-3469
-776
1423
2220
-951
1729
-3090
-2769
543
2239
-1352
-3421
156
1359
-2767
1015
610
3766
-1584
1177
-1372
-67
-7
-1917
1267
-4777
-792
-131
136
2552
3462
-1762
1026
-314
126
-1381
781
465
801
-306
-1724
2116
532
1187
-1284
-2703
1469
-1668
-956
-20
-2821
2281
-1072
1600
2070
-303
3668
543
-46
-161
-364
1016
-1563
-245
-599
2756
-45
114
-1197
-673
112
1079
1411
1518
-165
3668
-136
-2109
2266
1714
-1074
123
355
4161
-1768
-1044
935
1665
1333
1080
86
152
-110
-812
2160
1611
3870
-81
3235
-1756
1212
953
2705
-1118
-2508
2543
-1265
-193
625
1052
109
-3459
-1124
1714
-845
469
1668
-33
1069
-3881
2837
220
3470
-2024
-2936
-1932
-176
574
-2925
-153
-329
455
-589
727
-2636
-1138
2881
2647
990
2113
694
948
-151
-349
533
-9
-1495
1077
1552
-939
3168
1881
239
-541
2218
1205
1324
1382
2495
928
2129
3522
1363
1503
2874
-1542
-1272
3498
-600
95
1343
2277
308
-1289
-3781
2744
2279
2075
3857
-420
-196
575
21
871
2104
-915
-767
2398
-843
-798
-2440
3809
154
-429
-104
-875
568
1643
-91
-2091
1585
-33
-39
-9
1217
1424
87
2368
138
2385
1194
17
96
-537
1985
1603
1900
-4569
-704
-705
2643
-2160
10059
-1887
6240
972
-435
9245
2630
378
-3725
-8783
2772
7391
1113
-200
-3403
3107
993
-863
4585
718
1625
792
6059
-2151
2028
-3236
2445
-1779
-2588
-781
1649
3198
-3187
3320
-2166
757
4335
-5535
-2060
-1972
3860
-963
91
45
6269
-953
4077
3091
3153
3475
-3920
6242
1299
1456
-3327
54
-381
-183
-5360
2208
-1895
-6433
1755
475
2305
-7689
3600
1167
1242
-2358
1784
342
1371
1687
-5764
6440
5992
1770
2071
-3018
363
2580
-3408
2153
-4294
-184
2652
-931
6343
-2317
5022
-1290
-2102
-737
6078
358
-107
8354
-2687
-2332
6119
4807
-4441
-1304
-1385
-2595
2896
6
-6864
3511
-3294
839
2150
2672
-1049
-1451
357
131
1428
6459
2223
1902
1000
1820
2342
-1983
-270
732
-1801
-1268
-2891
-780
-4349
-6683
5309
-364
-226
3087
6822
5082
6974
441
-1199
-1071
4926
1740
2603
6876
2554
1862
3140
2634
-158
1814
-1027
-1693
-1490
860
3208
-3715
-7902
-607
-1928
1159
4486
-4579
3740
6646
-2053
-106
-7756
-3836
1795
2055
7223
-6103
2737
4476
-1414
-1046
6533
-4830
8502
927
-6135
2471
-1489
-189
-3598
-1571
-5091
-1146
-1595
882
-1103
1604
-447
4
1473
3355
811
3148
309
-2045
-691
-1719
-547
-3267
685
-4424
-2901
-692
-1889
3446
-2217
515
-390
-1475
2363
335
1666
-6234
-2169
-3845
-5000
285
1633
287
-2264
1277
-1011
331
-1020
2083
-1383
-378
-1563
2432
1589
-1187
-530
-1425
1314
335
-181
3552
-2244
-1394
-3348
1804
-394
3877
1838
3306
-2465
400
-1102
800
1334
-3467
-269
2995
-1089
3637
-35
811
-186
-3577
-2415
-731
-812
3303
2091
-6853
889
-1927
-2804
2036
363
969
-2966
1208
-2205
-1200
3608
415
-1428
-1068
281
-494
97
-3302
-1923
-3867
-1813
1186
-1237
493
-411
-53
4073
1384
2308
2546
-82
1068
-1877
-1222
-368
3260
834
-4369
2022
-2171
-547
2129
-2469
1453
-538
-1093
3337
-1757
736
-29
3106
908
281
3032
-115
386
-2819
-4299
-3670
-927
-696
627
-5587
2683
3046
-1208
-2025
967
-1081
-5335
-981
1705
-2716
-245
-2965
271
-2250
379
-536
5303
-1062
64
-2591
2985
51
923
273
-1794
328
1126
2180
-3390
-2998
705
-3219
332
-3589
1501
-1290
2718
-1169
-777
4823
-50
1319
-3095
-1724
76
-1949
2628
996
-1737
-2514
155
-552
-2835
1868
-449
523
2394
-1485
215
609
572
-178
-2236
-820
-3075
-2897
-1176
-2299
2342
-2274
525
80
-799
2223
2415
983
-610
-1832
-169
-2474
-667
-824
2229
-2174
1174
-1056
128
-1643
479
266
1240
-1750
2049
-1371
-1772
968
344
45
-1002
-592
2716
-1620
1167
-2339
1786
1112
1130
-1838
954
318
-1833
1334
4068
2047
-624
2063
604
1588
2119
2014
-2185
-2456
690
-2791
708
-1723
2939
427
-5395
-1475
994
-156
1838
850
628
662
-2205
-105
50
3351
-3304
-4114
-1239
-438
-2005
-2212
-417
-1505
-1720
-1099
1980
-2285
529
1759
4291
3556
806
1565
101
-851
466
-1481
83
-379
192
119
-2203
3904
871
-1234
-435
1322
682
-151
577
2946
-398
2928
3776
1406
2961
682
-629
-652
1882
-1798
843
338
742
645
-1828
-6032
3239
2214
1029
2435
-470
-1001
-1334
-2731
259
1090
426
-331
1256
-871
750
-2143
5734
975
-1131
-2565
1425
-547
-146
-879
-954
2343
1452
-353
-1801
-1630
3572
-2257
2234
-997
2386
-767
1655
-2632
-532
4111
1839
468
-2625
-2724
-789
-3372
283
329
364
-672
-1423
266
40
1546
412
-1065
3272
-439
-1189
69
337
-2526
-3795
755
-3875
-3090
-1269
-4388
4591
-3722
1289
-1196
-1427
2656
2353
3030
-5069
-1561
-1768
-5847
-846
-650
3799
-1923
2047
-2544
-692
-1627
2456
-293
1264
-624
5065
11
-1259
1506
-938
-676
-1252
-17
3830
-2947
-622
-2847
-782
920
3771
1830
1287
-1551
-1629
-144
1562
3066
-3252
-287
2850
-55
3354
1502
522
-1095
-1258
-3541
536
-1455
2218
554
-6822
-719
-765
-2363
3090
1228
1781
-1362
-1398
104
-713
4853
-2090
-3955
-2290
103
34
-1007
-651
-1974
-3649
-1469
2193
-2145
-9
1934
3042
5277
2584
753
2475
-1753
414
-2716
-1446
233
3222
474
-4679
3070
-601
-390
799
-267
2904
2058
-1211
4620
-320
284
4237
3236
2047
1365
-247
758
3165
-2523
-2467
-3038
-894
-877
-803
-6170
3488
3351
1431
-91
-143
-1864
-2699
-1268
1762
-1242
417
-2296
1571
-2587
8
-1784
6745
892
32
-3694
-11
-38
1205
1429
-1876
2344
205
2284
-1695
-2518
1894
-853
1591
-3454
1001
-388
1840
-2846
-1179
6586
1473
669
-2488
379
119
323
1893
-495
-725
-1881
-1154
374
-3320
1582
-1336
655
4126
-1396
136
575
2536
-1948
-637
594
-772
-1701
-2028
-2350
299
-3485
4043
-1117
2424
1364
2821
166
1949
827
-1860
727
434
-926
2132
-1045
2027
-2313
-1236
-1868
1838
-395
1084
-1868
2584
-1561
-1549
-593
98
-724
-1248
2194
3581
1093
-1933
558
209
4247
2163
739
3130
-365
1303
2271
2800
2852
-499
1619
1198
-623
-964
5380
864
-2947
1229
-2943
15
-557
2943
-278
-3817
-448
2367
-1413
2786
2200
372
-555
-2278
2060
1023
3253
2495
-4242
239
41
-1477
-882
2446
-113
-1015
111
2172
-937
306
463
625
3272
-662
978
2088
-1872
1144
174
-513
-1184
1662
421
-3357
-822
59
779
-910
-1276
3493
2333
-441
3517
2043
3416
5873
3189
4772
18
-1854
-409
1098
-1874
-615
-1873
1851
-186
-283
-2163
-609
1563
-371
923
2070
-2522
-2178
531
13
3088
127
736
1153
-32
-860
-1304
2085
417
1038
-2061
-1480
1488
430
1270
-1350
4775
1303
-191
292
-2117
2131
-834
2046
-821
-180
-1062
3159
-1333
69
3393
-1069
1217
647
-3789
-5108
-5973
-1756
-1282
4040
1453
1738
48
2506
2615
2290
332
5564
6255
-4130
119
1081
-61
-1432
-1018
-4732
429
-2736
-2226
4800
-1591
1688
644
-1932
4321
3512
-1680
-7635
-4243
-5780
-7042
2062
863
2266
1369
-936
-2656
-93
-382
3037
-1935
-2751
3019
3597
2905
-2105
-572
-2930
818
3093
1492
4287
-5371
-4964
-3085
81
986
4356
5813
4072
-5554
1245
-3637
-2908
23
-1996
-2964
7022
-3633
3852
-2973
1830
-2248
-4233
-79
-126
1107
2734
1016
-6240
4883
-1362
-2514
4945
2286
3562
-926
989
-3221
-523
1898
4906
-358
-3370
2322
452
1448
-3793
-248
-2021
-673
-360
-842
1055
-3023
-2972
699
1080
951
3475
-776
4399
-1547
-2249
-447
6060
2221
-5747
-5772
-1370
-1148
2841
-3296
1398
1123
-2674
2650
-2895
-828
-3104
4985
-2864
-249
3394
610
-1838
-760
-6398
-5694
-753
-1695
1825
-2105
-2307
2763
187
-6840
840
-2862
-7361
-1103
-722
-3251
299
-5390
-2245
-4631
-3673
659
3531
-2243
5089
-4926
2128
1762
1919
-1527
-1270
8
1420
5151
-5548
-4966
-2531
561
-2320
-9054
246
372
2712
-2255
-2724
1703
-4462
498
-2448
-211
1956
1175
2145
2599
-2856
1274
-4578
1136
-4744
1797
-3388
-1549
19
-835
1937
250
5672
-1949
-808
-251
1585
-236
-1004
-2386
3028
-869
2177
243
240
1619
2716
1817
1801
1323
703
1392
613
-552
2161
492
506
293
-2501
-1286
2419
2746
1577
919
-108
1395
-1852
1738
1813
-1792
-873
3087
-2029
120
-178
560
-2604
3004
2533
334
1435
1812
1858
1619
3572
221
85
3058
2075
1788
-2502
-762
-133
-2600
3811
923
2760
1369
129
-826
-445
513
4150
414
-2574
583
4208
2889
-2700
2138
2243
2644
-1829
-2559
-2977
994
-2145
-637
-55
-813
2603
894
776
-3152
21
3238
2233
1191
557
-4275
368
-1770
1299
2092
-1951
-797
1769
-265
-622
505
1806
1328
-2795
2503
-295
-568
2707
2385
2215
1467
1836
-195
-721
2354
-4404
612
2584
-64
2684
2193
492
5149
-974
-1811
-2184
-45
-99
6425
-987
-970
2458
-2233
1086
5013
2886
-800
-733
-568
1862
-2367
-45
462
-832
444
-1885
-2701
2741
-1182
-2649
2260
1339
113
-880
303
2759
2042
-461
-103
-135
-211
-1135
-4751
-1614
520
-1770
1399
-3318
-2917
-1946
-268
637
2264
1874
1198
-3854
2017
2062
4070
-1985
-2387
3382
1603
-1243
818
4713
-5826
-4190
217
-2821
-2223
-3775
-6724
5852
-4096
3119
-737
-720
3749
5523
2296
-3934
-1241
-273
-5749
-1356
-2641
7572
725
2612
-4907
-1894
-1192
3009
140
873
2410
7404
-506
-1350
2615
-1612
-2306
-1814
546
5174
-3857
-1520
-1519
-3986
2907
4167
4106
-209
-2008
-1235
-1403
872
4732
-1106
-2364
4090
-321
2953
4072
-54
-4322
635
-2783
-314
-798
136
-922
-5818
-1080
1312
-375
4722
2399
4116
1658
-4375
2246
1403
4087
-1248
-5146
-2727
-9
2047
54
1504
-1581
-1768
-44
2844
-1767
-435
2214
4567
4708
3884
-667
3092
-2354
1895
-1652
-703
1084
5041
507
-5071
459
2145
401
-2394
2829
3277
6067
-2808
5298
640
-212
7327
3829
1159
3059
-3193
1224
6025
-894
-1421
-2516
-104
-1219
-480
-4867
1368
3593
4997
-344
-81
-3740
-1685
-763
-926
-733
1131
-2516
1326
-4085
-2603
-3131
6112
2023
1473
-5505
-3111
2226
1905
2543
-2752
4851
-670
2658
450
-4141
1470
2710
1828
-5452
114
370
1120
-4057
-2772
6175
1046
-524
-2229
-168
935
-2327
819
-161
-2181
-3217
-433
-262
-1299
401
493
-1260
2758
-2447
1258
-934
-1483
-868
-1792
1661
-2184
-4141
-799
-1961
2032
-3706
530
-2194
-550
217
312
3415
-2156
1
-1734
-3015
-1077
404
1886
-3355
2154
-2684
-678
-1536
1371
-1480
1903
-3253
1535
-1341
-616
642
-6
440
-1656
14
2238
-75
1021
-2513
865
14
2742
-2374
345
325
-1823
2594
2658
2982
-4506
1643
1157
861
2101
4287
1194
269
-453
-4889
1238
-3063
3329
740
-5403
-3203
-1565
-3429
1665
860
-848
-2566
-916
846
-1370
4785
-3414
-3976
-1023
27
-1700
-2532
1132
-1033
-4968
-2555
3158
-2434
514
2204
3830
5359
891
381
2186
-2241
-545
-3298
-2268
863
427
-573
-2150
5772
-2138
-394
1453
-940
3479
915
-102
4114
821
1314
5049
1942
4851
627
249
103
2782
-2310
-340
-2259
-1373
-17
-2068
-4954
4739
2888
-75
1789
671
-995
-1817
-589
3527
-532
211
-339
2936
-157
1599
-2981
5916
1386
-2152
-2090
-527
-1492
977
1248
-1150
2380
80
315
-280
-721
3059
-3062
3393
-875
612
-25
1664
-1627
394
6332
2608
1110
410
-436
1348
-1037
1560
331
-3404
-5106
3101
-1737
-4971
2049
1454
262
1006
-2467
620
-827
-1241
1383
-1684
-684
-2279
-4218
-1165
527
313
-1714
-1839
732
-1733
1729
108
-542
160
-2276
1066
1900
218
2153
-478
-4561
-44
411
1015
570
-728
-671
2018
-4546
-1462
-3883
-1225
-1268
141
2462
-1558
-2232
1274
-639
2832
-3377
4351
-1164
-1203
-4343
2380
1959
-1141
1242
5262
-1074
-774
2509
-889
1422
2505
1967
-3230
99
-2585
-407
1780
-1533
5049
1442
-3600
-2876
238
2066
-1286
409
200
-1625
222
-849
783
2717
-5909
-2475
1030
-864
-4428
-944
-1551
-1379
-2172
-3241
148
-382
-292
38
3833
3739
-481
2232
-1105
1314
-1009
-1075
-365
-90
-3090
-1070
-193
5286
-308
-1535
-201
3125
-284
-4828
3210
1414
-2468
2269
2408
-639
3677
113
2217
-3014
1725
-1096
-222
524
1780
47
-2771
-5730
2998
603
65
2479
-2105
-109
-1379
-2702
-1171
1621
-341
-714
1409
-490
1516
-1200
4410
722
-2158
383
2747
-1693
-1000
-966
-1061
-736
3421
-1207
-1385
-1544
4180
-5360
1750
2033
3065
-3514
1068
1479
-639
3592
952
304
4451
-1052
1414
68
-1631
261
-3772
-3468
5516
-674
-2910
3353
4719
-270
-1238
-1495
579
-1067
-198
3526
-732
-1111
1263
-2508
-193
4251
311
2488
-3671
1959
-2424
-1594
-132
-196
-953
-909
-4
6384
122
5271
-1399
-2177
-994
-312
810
3444
-1335
-1637
240
-4835
-5278
-1390
-137
-1643
567
5375
-1118
-3363
-1995
563
3985
-2999
6761
-3930
-302
-4626
1382
2638
1672
-363
3354
-1160
7
784
-243
2143
818
-376
-3288
288
-884
2160
1259
-1566
2896
1839
-727
-872
1988
2668
-3210
-2897
2123
695
2520
720
925
428
-4403
1605
1001
-783
-5539
1407
-3019
-429
104
-4224
556
-59
-13
-1791
1725
1633
-593
1141
-1268
2121
1550
-1787
-1844
1168
-2489
-175
3664
5069
-809
-1343
-271
5214
-2855
-5736
4465
169
-4214
73
-2235
-3417
154
-129
1483
-3039
1400
-204
2344
1879
519
1495
-1575
-4285
783
1052
-754
4250
-2214
1526
-3068
-3543
-1582
1606
1401
-945
-622
448
1085
-4476
1718
-1353
-3171
2911
4171
-2924
509
-1614
-1611
-2878
3400
-1021
-510
-1689
1973
-5302
2025
2584
4472
-1758
-551
2137
-652
1199
-1579
-1222
-1222
2851
1367
-34
1576
2641
-4825
-2212
3311
-1126
322
56
1053
182
906
1260
2507
-449
117
5877
1798
569
1260
93
1045
2823
336
696
-149
897
-636
-449
-436
-1367
1680
-754
-107
785
-1203
3205
-178
1322
-2577
-2031
1804
2072
-254
-2675
-934
-763
-1819
-105
-1774
391
-384
3098
1327
-1953
-1060
-1415
1916
767
5654
-2560
-1214
-3871
-2266
-310
-2060
4174
1380
1929
-1213
2876
-1280
2982
625
-249
-1506
569
2001
-1886
1183
-3757
593
-772
-2151
-820
1920
1475
545
-1471
339
-23
-500
1871
-2072
-1778
-2645
-283
-607
1352
-3042
-2861
970
727
2360
-2095
232
-4338
618
1193
1407
169
-222
896
-2188
-1677
-176
-3058
2
107
-1362
2520
4178
3246
1077
-2339
1793
1358
-1654
-3054
2180
786
-1824
1100
269
-1373
2494
1103
-96
-1657
1474
137
4788
4180
198
2273
-2922
-1457
3316
303
861
3119
-2111
2382
-1588
-2262
1420
1474
1383
932
2478
1124
94
-2709
1809
1973
-2119
1859
2899
-1812
-740
-2636
-486
-1007
144
-1985
-835
2213
2846
-2600
1546
1601
3525
1990
401
-1794
1177
1110
735
465
-3158
-1295
-745
3074
514
5305
-649
2125
-827
1127
1927
5441
-2701
-3837
141
2151
331
2819
5249
-3507
41
-1488
-446
1281
-2891
-3019
3050
505
2154
284
-2059
1521
6113
66
-1331
243
1696
-2711
775
-2210
4919
1767
-2154
-1252
-1739
310
1155
786
39
3116
4094
66
1187
2519
567
-2254
1079
1013
1119
-1455
-1360
-123
-1176
920
3292
1632
-1322
518
73
399
-318
2013
2359
960
2185
376
-329
2767
-497
-5757
2314
1821
1636
420
-221
-763
-1984
-728
6163
-1283
3128
2048
3675
5350
-2748
3860
995
655
-1859
-548
-936
-469
2585
601
1716
1710
3661
-1471
12
982
-35
-333
1706
143
1244
-1975
-842
-764
3085
-613
-1613
-761
1141
933
-707
-179
1621
998
-1414
3119
2105
2231
50
2805
-1248
63
5058
153
-1093
3253
-2616
-479
2500
1373
4345
2502
1105
-1366
-623
-1677
-1094
1459
5786
-1036
206
-1272
-224
59
-1536
674
342
-1773
27
9
-3088
-3801
2111
1232
1907
-1077
-3244
2851
3469
-216
-1516
-705
-767
1431
677
-390
800
4445
2298
-2985
132
3149
-1845
879
-1641
-33
-102
-2224
-3514
-1199
-1267
1667
2241
-296
65
1670
-3826
597
-874
1334
-4185
562
2519
42
-391
2083
5331
-4532
-1237
-555
-1228
767
-2512
-4072
1247
-2635
3956
-839
2358
3022
4406
86
2953
-69
-1265
112
1081
-2875
3293
1826
1099
-3931
-2191
-1802
3562
1484
-135
2104
3310
179
-2226
785
425
-4078
-934
4472
3647
-1130
-1622
735
-2588
6790
3755
2493
2762
-1394
2751
266
1186
2663
2618
-1662
2248
-656
120
1728
419
-6378
3901
-693
-104
1038
-324
-1599
-4061
1346
3249
721
4150
1295
3844
1364
-4753
1803
992
1772
3017
-4118
-1286
85
1246
162
1028
-8
3120
744
2297
-2765
-997
2647
591
1113
1093
-2
2600
-1884
2279
1334
714
-483
5196
1802
-2727
-3733
4649
656
-2119
-1046
1427
2573
-872
1864
4564
1702
4620
2173
1062
1140
-4400
1411
1919
-372
26
-812
1738
-358
169
-506
-2855
1372
529
2570
1020
-2650
-1776
-1916
-741
4116
2734
488
-118
-1538
-595
-2120
1920
-1504
3265
-2973
-2158
3076
1790
499
-1440
4666
1816
-606
-713
-1576
-225
939
847
-1682
-1328
-1260
3728
-3849
-224
1243
-2769
1461
727
-3264
104
1052
-297
1916
-955
-492
1674
1612
-4095
3964
2307
675
-1128
-2236
-777
2009
3633
-1983
-4919
711
188
-2870
-1773
-2207
4495
159
1128
3912
-2913
1619
2382
2273
-2384
-282
1870
2122
-1038
1203
3992
-1370
986
-654
-1214
1660
332
2838
1020
-2329
502
-899
-617
3211
848
1712
-4141
-1484
231
-551
738
-247
1809
2689
1117
-620
2882
960
624
-1482
5190
1909
797
885
-360
940
1001
1255
-4425
-1972
1010
219
53
1312
685
1385
-2723
507
2358
1967
-2823
-1830
4121
2791
-2833
2269
3041
4342
-4369
-2248
-2767
-1421
-3386
401
-1635
-2605
1061
-1998
1944
-1146
-1666
1858
4907
2326
2708
-104
684
1001
-734
2701
-1248
481
807
-795
974
4568
2989
1021
-4183
6983
-498
42
4215
2063
309
1163
270
-784
-963
3516
-2467
-1108
4998
-1876
319
436
527
1340
-697
-5660
351
1462
2125
4964
-1495
-1511
-1497
-2473
-439
3076
2307
-2322
-275
-2084
1263
-5116
4603
-998
-2518
929
756
-2238
2723
-227
-3590
495
2256
-1609
1049
-2536
1346
265
2998
87
3145
-742
-1512
-1201
-2970
1946
-315
-1095
-4085
-2374
-1093
-647
1135
1920
532
2449
-3274
1138
2676
1171
-1295
-1489
1370
-291
521
572
2153
-4016
-2871
356
-2396
-829
-743
-4714
3741
-2037
1199
-1287
-415
2277
3158
2583
-2358
-845
-487
-5043
-1141
-2025
4766
648
1584
-3937
-1298
-1182
2149
547
443
1479
5679
947
-1248
2599
419
-2454
-116
1409
4294
-2402
-379
-1225
-1985
1167
3867
2035
-1414
-1099
-846
236
-367
4493
-629
-496
1693
986
2394
2596
954
-3627
2301
-2562
-285
-770
-506
-688
-4903
-1518
777
-2007
3581
832
1733
1211
-3400
2327
-770
3444
-1847
-3107
-2820
-89
2772
-1164
614
-466
-1316
-211
2856
-2359
118
2772
2919
2916
2933
-343
2561
-1933
1818
-2390
-744
243
3756
1715
-3326
2490
1280
405
-78
473
2075
4232
-1919
3571
1534
-297
5499
2271
468
2222
-2525
1390
4106
-570
228
-1006
-30
-834
-452
-3852
2862
3427
2510
1714
95
-1399
-699
-590
1299
-867
292
-961
1839
-1534
-1355
-3093
5162
655
571
-3497
-2216
1870
2039
1958
-1083
3101
-909
1794
141
-443
957
1337
2196
-2475
521
1910
936
-2392
-680
4463
2195
948
727
-3264
104
1052
-297
1916
-955
-492
1674
1612
-4095
3964
2307
675
-1128
-2236
-777
2009
3633
-1983
-4919
711
188
-2870
-1773
-2207
4495
159
1128
3912
-2913
1619
2382
2273
-2384
-282
1870
2122
-1038
1203
3992
-1370
986
-654
-1214
1660
332
2838
1020
-2329
502
-899
-617
3211
848
1712
-4141
-1484
231
-551
738
-247
1809
2689
1117
-620
2882
960
624
-1482
5190
1909
797
885
-360
940
1001
1255
-4425
-1972
1010
219
53
1312
685
1385
-2723
507
2358
1967
-2823
-1830
4121
2791
-2833
2269
3041
4342
-4369
-2248
-2767
-1421
-3386
401
-1635
-2605
1061
-1998
1944
-1146
-1666
1858
4907
2326
2708
-104
684
1001
-734
2701
-1248
481
807
-795
974
4568
2989
1021
-4183
6983
-498
42
4215
2063
309
1163
270
-784
-963
3516
-2467
-1108
4998
-1876
319
436
527
1340
-697
-5660
351
1462
2125
4964
-1495
-1511
-1497
-2473
-439
3076
2307
-2322
-275
-2084
1263
-5116
4603
-998
-2518
929
756
-2238
2723
-227
-3590
495
2256
-1609
1049
-2536
1346
265
2998
87
3145
-742
-1512
-1201
-2970
1946
-315
-1095
-3902
-834
-676
1319
2989
5301
-3090
1619
-1535
23
-1338
1870
-2751
-1337
-1482
-593
5012
645
2324
-2078
-1223
-1224
-1756
1414
-370
-1216
1616
1731
-696
1500
-1140
2760
2587
-680
2834
-741
2582
136
2529
-1548
2240
1061
-3112
-478
-936
699
694
1747
499
1889
1391
16
-686
2593
4090
-2434
2132
2382
1418
-1619
995
-1433
544
-44
913
-2684
-1001
2946
1292
2586
1202
1799
2395
3250
-698
2248
237
504
-1230
-6174
4536
1857
2917
1048
1305
-1126
-1907
-3159
3850
-614
131
1281
1523
4914
-4170
2386
679
1325
-4519
-1600
-2477
-322
1626
-2432
166
2358
2030
-1559
-179
-402
202
3650
2004
-404
-406
-783
-670
1166
2556
959
-1301
-1489
-259
875
-273
2848
2742
-6
162
3828
-976
-2199
2619
858
-18
482
4165
-1774
-1027
1702
-2637
-1092
1755
2734
4511
3672
2936
-330
-1533
-1519
-866
2262
3096
5843
-1842
203
2324
-1874
-722
3283
-706
671
1614
1325
-617
-4616
1704
713
1317
381
-1657
480
2974
-404
-893
-1116
1093
-228
95
3216
867
-392
2792
-237
1231
2191
-913
2153
-470
-953
1440
346
650
-1705
2281
-858
1154
143
-3641
-4792
3388
-1316
-6677
1465
1831
2040
-1688
-4450
1310
-1075
-1565
1640
-3289
366
-922
-4428
14
1184
637
-277
-2259
3057
-2417
960
-1868
79
323
-1487
1755
3664
-1278
1716
-1505
-4161
574
2979
933
34
-1108
1670
2196
-4932
-4278
-2581
-637
-752
500
2568
-3176
-3142
-720
512
4091
-2593
4616
-432
-2432
-5447
2094
2792
-1224
-215
6790
-2290
-567
2191
-2063
3082
1714
-1152
-5309
1085
-363
258
950
-847
2882
2262
-1691
-1298
-547
2797
-3888
-1257
281
-436
284
-1772
973
1838
-6478
-2015
918
-1085
-4944
-2056
-2890
-3245
-984
-2535
-106
-1425
-1207
2607
4891
2526
213
2532
-1876
2476
-2909
2272
1642
254
-3777
-1752
1715
6362
1731
-1660
-1803
4595
-2693
-6012
4794
-325
-1665
2882
-1286
-3198
1915
489
819
-2653
1874
-2540
326
2400
872
2154
-2342
-6254
2506
-138
-649
6240
-2691
1384
1061
-3514
-467
3011
1044
41
445
-686
4665
-1298
3578
-938
-4882
1632
4724
-4313
-1493
-1912
-1790
-1199
3210
-3640
-1981
-653
3944
-5560
1189
3758
2963
-4598
-433
-1021
-669
1505
2595
-129
2405
-494
-1221
-6596
492
-3054
-3810
-5606
4887
-2067
1051
-7
5975
184
6247
623
-2337
-3501
-6571
6428
-2610
-525
-3624
-4083
590
1018
2048
-2635
-2352
-1560
-336
81
-1424
1845
-6284
-3323
-4831
-3761
-1986
5826
-2212
-3129
193
-2725
3173
1492
2160
-6679
-1093
-4520
334
-77
-2212
-1444
-2571
5556
1156
-4142
1821
-2901
1291
-3993
6890
-5308
2635
-2666
-253
-2553
-1753
99
1208
2000
-6235
131
1485
-230
5419
-825
889
4051
-7115
-5403
-1282
-5763
5550
1409
-9049
-873
-3627
-784
3374
-1202
0
-6785
2505
-3406
-4721
1651
-3477
-1850
-303
909
-4173
-644
-1038
-2140
-6458
-2136
513
-2246
2616
-2787
722
5169
-1143
3832
96
-644
1018
-7307
-2201
671
983
1922
-1776
5073
-4865
-4293
4968
-2187
1966
-3461
-1075
3661
-3656
-374
108
1951
5621
-1817
5359
-2134
-208
-2468
-2351
-3406
-1666
-2283
-1240
-7076
7223
3449
-2474
-3063
-2557
1003
-7265
-268
2075
-5463
-328
-1746
4678
-2712
441
-52
6474
1792
-2795
-2997
5672
-1319
-2062
-184
-1202
-328
111
1295
-4469
-3052
2556
-7694
339
-3286
4806
-909
3848
-1935
598
6947
452
2987
-3188
1961
1782
116
341
4845
-4614
-432
2775
-1558
-289
2364
337
-1987
-1364
86
3533
1316
792
2872
2821
198
703
-397
669
1859
725
2376
1204
304
-1322
-416
1096
-475
331
1010
409
-551
402
749
-125
-505
-2405
509
153
640
-1219
-509
1766
-368
-1388
743
774
1156
547
771
2198
-484
-1047
-399
260
617
3880
-1987
1038
-2767
-1980
1369
-1045
4199
343
1117
-1318
4603
-1480
2470
-929
2164
-596
-1177
3204
242
2391
-1763
1372
1058
-731
-530
3996
-2162
-282
1345
-394
2499
370
4000
-1472
263
-1120
1552
483
693
-629
-2545
441
1352
2746
-1967
-268
-2140
-616
1227
1258
-1408
783
-983
-1442
-1268
608
-1752
-1087
-1318
-2859
1694
4250
2748
-982
-748
1386
468
337
-1967
2586
1481
-2007
1997
581
-1240
1945
2458
-372
-1400
828
50
4740
4718
-102
2528
-2745
-1070
2209
241
2451
1775
497
1736
-1227
-996
2345
2204
-238
-534
460
3254
-1431
-4003
1037
13
-1743
2713
-74
-311
1582
-2614
-874
-2189
-1393
-437
-504
2909
1536
184
3282
272
1794
2876
-1843
1314
726
-974
934
-902
229
383
2822
-1989
600
37
-4332
-3620
4703
-1731
-2800
1691
3066
1041
119
-3179
1429
-2241
-2942
3469
-700
1766
1408
-4524
-74
1543
-4
-348
-1025
646
-782
-1631
-2803
693
-1751
-767
-1654
1759
-3741
3282
-2095
-3634
1946
1518
1155
-384
-903
-962
2842
-4492
-4478
-277
-849
-2285
-1740
3727
-1375
-3406
502
1171
2790
-704
5031
-1412
-465
-4642
-474
-97
-1313
170
4186
-221
-3283
1790
-2230
3543
1061
985
-2462
3010
-965
-1754
-475
-2179
1439
3125
-1687
-231
-1664
855
-2764
-483
-848
-3350
2308
-1059
-958
847
-3163
-268
2073
695
-3876
-1887
-1441
-4044
-2037
-700
1111
-3129
-231
1353
4116
701
652
1303
-243
530
-2036
100
1736
-862
-3199
343
4202
4386
-1280
-2008
-562
135
-361
-3295
2338
1291
-804
2336
-1933
-2256
3839
737
3228
-2122
1780
-3780
-120
1830
-1023
2560
-2745
-4790
5146
-504
-948
1709
-1616
1631
-1821
142
2095
-673
541
-972
1928
-1076
2965
-1415
2264
-1135
-6590
1171
3657
-2657
-2140
-2185
-2125
777
-172
-3423
-2892
-729
4004
-4592
356
1460
3019
-3343
-349
-2318
491
1190
2764
1179
-1034
-664
-19
1084
2235
1822
-3297
-2344
2035
-582
-4430
2610
1027
655
-385
-1753
792
266
941
1195
-1440
-800
-1093
-1877
-1103
530
682
165
-200
2671
-1030
1286
930
-689
1408
-543
1476
1978
899
745
-488
-1618
-627
1621
392
338
-325
1059
719
-2475
-1145
-1592
-942
392
1568
1367
-373
-1018
142
271
761
-235
3605
337
113
-3299
1625
1941
517
1481
4179
52
1346
3940
-1515
942
341
1756
-2898
-1893
534
263
265
-61
3150
1074
-1941
-927
2954
982
-1339
-2
406
1650
-2026
847
1079
1844
-3562
-1447
-5
-956
-2733
-1180
-796
-618
952
-1003
-228
127
-321
-71
2320
960
-777
1239
-1460
981
133
1330
-559
-1019
-2065
-365
615
3319
801
-522
-1387
3410
-331
-2755
3383
600
-722
3095
906
-849
1956
1343
-204
-2745
587
-225
2231
2413
1827
1590
-1300
-3765
1145
830
466
3541
-895
95
140
-1692
-1029
2427
-359
-53
634
215
1017
-1879
2261
-238
-1737
950
1638
-1181
470
-1718
-1856
-532
1448
-1441
-390
-834
2682
-2109
2135
1429
2663
-358
-417
271
-973
87
-180
647
-2049
-2549
450
763
1461
2901
-959
-316
344
1094
-4062
1910
404
1250
-1268
-1952
331
1381
2510
-1849
-3755
774
-1231
-1879
-1180
-2603
3489
-776
669
3584
-2631
3160
995
711
-1025
-1100
2475
-139
-590
-455
3017
-990
324
425
-703
310
325
3147
1055
-891
1719
-1241
-1806
2310
1299
187
-2747
-763
1593
-1511
335
-395
879
2283
-714
-796
2448
303
-1105
282
4627
1604
411
2302
-761
1171
1211
599
-3799
-1720
1227
-32
354
1324
819
854
-2518
-363
1374
1336
-2031
-724
1781
2009
-3574
992
2279
3406
-4663
-2829
-2685
-1019
-1973
-2064
-1538
-2166
836
-1326
965
-1974
-1890
2323
4297
1955
2009
228
31
694
-1754
2495
-231
-247
188
-880
-212
4307
3308
711
-2938
4948
-927
-114
3581
1475
-132
1937
1407
-32
-835
3089
-1572
-1056
3941
-1163
-144
1444
1434
1674
-1112
-4841
1527
1011
1787
5048
-1113
-850
1465
-2677
-187
2882
953
-1575
296
-2060
1569
-2602
4814
-117
-1608
454
629
-1895
1846
-791
-2254
561
2103
-1313
289
-861
2327
37
1657
723
2274
-695
-1397
-1389
-2012
1691
1140
-93
-2991
188
47
-2377
1280
-226
-1598
-2917
-454
-485
-1192
934
254
-320
3673
-1794
1037
-988
-907
-920
-1251
1354
-2084
-4093
-1148
-2348
1509
-3733
1695
-1804
656
681
892
1870
-1078
-310
-2211
-2670
-1054
-271
1808
-2722
2673
-2817
-514
-1974
1124
-1546
2065
-2963
2043
-1447
-1266
22
-671
196
-1104
167
3687
-339
75
-1516
856
1096
2359
-1423
343
-165
-1604
2341
2210
2995
-3762
1598
820
675
1824
5378
1031
-420
-50
-4836
260
-2677
3471
696
-5383
-2227
-1215
-2955
2595
2160
-1142
-2285
-1343
1203
-1067
4400
-1206
-4164
-432
420
-1298
-2621
1568
-1036
-4588
-904
2924
-2408
392
1882
3485
4376
851
927
2683
-2449
-188
-2693
-1035
162
409
186
-2350
3466
-1761
-714
876
-1348
3710
2080
-919
3982
1315
2377
5060
2750
5505
515
-77
-81
2591
-2369
-1152
-2414
-547
123
-1775
-4305
4080
2785
453
817
1082
-1455
-2378
11
2524
96
-491
-201
2799
-389
112
-2254
5087
650
-1627
-2778
-762
-110
65
1059
-1005
3980
-300
139
-444
-1411
2802
-2650
3189
-1523
467
-334
2355
-1891
161
5605
2029
1443
-2271
-146
-729
-137
-53
3429
-1308
1301
-1659
707
3963
3486
-1077
-3062
1448
3906
2102
-1232
2848
-1124
457
-278
-569
151
-1676
-1536
3167
-640
619
-1352
-151
1627
2394
153
-2576
-777
-1432
-3041
528
1267
2833
2412
-1588
-3499
-512
811
2430
-3224
-632
3360
2956
1839
-1441
-346
-1456
231
2397
500
2374
-3037
-79
-1629
-261
-2525
3622
1999
-2498
-815
404
1030
-2340
2191
-1835
-851
3762
1376
1718
1001
1450
-3042
1280
371
741
-2540
-121
-917
-3667
-1593
2625
-331
3481
1423
3489
863
-1199
1889
-396
-998
-1156
-749
-995
1105
2681
-272
555
1405
478
-1083
-168
-2510
519
1061
153
2197
1885
-1138
278
-1372
3414
-3357
-1201
672
3213
2485
-1011
882
358
-1193
1031
1504
359
530
-2287
3512
-2551
-1327
3869
1104
-314
2132
-1287
-153
3746
1333
2545
1549
18
402
-644
-1885
226
2571
3499
-173
-930
225
-2020
-932
-495
-1197
952
-1669
1049
-1064
-2454
-2814
1953
1863
1513
-1489
-562
1523
2094
395
-1748
451
-858
2534
-554
278
1482
-67
50
-3116
539
1847
715
-1380
-670
3437
62
-204
-2613
1103
426
-637
738
-190
-1534
1101
-728
-264
395
-282
972
-107
132
-2922
1593
-473
-656
-1094
-872
3496
950
-1965
124
-1467
381
-1177
2670
-456
1535
89
-1664
2013
59
2046
-1605
-1417
-1629
195
1507
-1300
2917
-2313
-1630
-809
1214
756
1927
-1748
-484
2004
413
1833
682
-1279
-44
1809
1187
1611
-1634
2836
-486
2665
3784
-808
-1366
-420
33
1505
-98
3725
-1630
2196
-1675
560
-715
4577
2074
311
2605
-2968
-837
745
-637
891
-1133
-564
-1495
-3255
-1223
1888
-1099
-1476
-1287
2795
-1352
4344
1578
-1498
-515
1232
257
-1428
832
-833
-1161
361
3076
-2748
-252
3100
2884
-849
2259
-1587
3688
-1965
-684
623
-541
-1055
1134
486
1255
713
-912
1491
-770
-2616
3626
2758
24
2118
5949
1656
515
689
2955
2269
-29
687
2038
-2048
-739
-1011
-1381
1033
-1169
-298
3955
738
-703
1146
1640
-750
-1111
3509
5166
-536
467
-359
2591
429
375
-2945
851
-1552
-3243
-37
-3203
268
1482
-199
-2200
2233
-2790
-1214
-806
1079
-855
1136
2838
-867
-224
1351
38
-1358
585
-2
1082
3208
-3517
2998
446
452
-1387
-447
-2339
1443
2347
-1877
5448
-3152
838
-2500
-1050
-379
1776
631
-2986
4380
5764
-668
-2
1897
3942
4279
-3877
3815
-2125
-3608
674
-2588
-1272
-795
569
215
-2771
-1421
958
2067
-2258
82
-2531
-2484
1686
520
-878
-3554
-1346
-1171
632
1210
491
-2678
888
1172
4593
1087
637
520
-179
-317
4810
-5117
1520
-428
-3112
-661
-2022
5329
-6474
1048
-1773
2344
246
1011
78
2351
3815
1314
2733
-146
100
-4049
-48
112
-227
-1409
1793
-4738
4044
-750
-4688
-873
3573
3640
-6740
-2271
1717
3686
1430
561
2897
-2842
814
4144
1534
-2410
1034
-1251
-1465
-3353
-4634
-1028
-145
1240
-811
-3225
2077
-8721
-1815
-247
-1611
3571
1868
1573
-3989
-213
6772
-7314
700
202
-1519
231
-3369
-2
1463
1443
1439
-1857
2177
120
-2975
-149
2883
2281
-489
-262
-763
1477
4407
958
-2712
-1199
3627
3760
-2449
-410
4136
-1548
-1515
1313
-1095
5978
-3420
-875
1928
-2638
1277
912
-196
3099
1032
-1015
3808
-2687
-838
2362
-1291
4577
-376
-1283
2834
2213
790
4987
453
3231
4918
-28
-133
216
-1351
1123
-449
344
2472
2998
-3983
1321
205
-1011
1101
344
142
-3200
-257
1782
2145
-1895
415
1904
-103
-853
-1125
508
-428
862
1106
120
-2260
-300
-293
2140
664
-63
-194
-913
610
-686
1221
2932
-32
766
-3265
-1596
176
2477
1776
-2166
-682
1974
306
1173
-1669
398
804
147
3575
-157
-270
-1964
587
-618
2126
-3477
2606
-1353
-2683
134
642
1218
-1438
1452
39
1579
777
767
1667
-938
667
-1541
-76
1032
1908
-1261
547
-422
-1600
-2067
2375
856
439
393
2021
-226
-1446
846
-1216
-446
-3682
-25
-1408
772
724
619
-921
1198
1725
-2003
-1389
-1781
783
-565
-101
-231
-69
-1035
-1848
351
3031
-2380
-2175
-814
1347
2189
748
2326
-331
-1429
1966
1762
-228
-3029
1216
1360
-1699
-1758
1494
-611
273
1399
872
-2508
1120
2801
3426
2641
1230
-353
-1973
-594
1602
926
385
1316
-2696
1129
-53
-453
-113
-1421
312
-1373
1635
-1104
-912
-2046
709
1701
445
544
128
53
1413
-1627
-2371
-2479
-810
2055
-2134
1745
1072
-1338
-523
-837
3092
1756
-449
473
-189
398
-1038
2559
-2241
-1274
-500
-175
3337
3015
-4197
-970
2793
-319
-4105
958
1638
-29
-75
-1296
2346
-530
314
1092
-5641
380
-1616
-2762
-146
-1792
3275
-311
-636
3982
-1985
3245
1075
781
-1302
-1863
1192
1273
-794
1875
886
-1152
-2331
536
134
1840
1214
533
282
-1685
544
-934
-2041
3144
1455
1117
-664
-1924
1349
-1259
1011
-552
5074
46
-9
-2487
470
1216
-600
167
4443
1292
-1432
3220
-1555
1868
2324
-145
-3870
-1148
-1228
-611
437
-369
2918
637
-4102
-937
1646
1273
-1367
508
1630
1042
-3850
272
173
2480
-6752
-3578
-3458
-388
-2439
-2277
-856
-1831
465
-1967
-1037
-2278
-531
2010
3646
899
200
897
-2342
1602
-458
1906
-1171
-1112
-227
1519
563
6154
1572
-1346
-259
5920
-96
-2230
3748
1489
-1242
1151
1552
-842
1097
2210
-638
-3581
3725
-460
581
1982
2546
-117
-1472
-5165
1303
1905
1355
5233
-2891
865
-279
-792
-223
2694
-266
-2100
2436
-2714
1616
-2758
4757
270
-2222
67
2161
-2441
1591
-1536
-3418
-355
1419
-1007
-1746
763
2899
-2466
1174
-289
4647
-441
-1205
-693
-1614
981
968
2052
727
-3264
104
1052
-297
1916
-955
-492
1674
1612
-4095
3964
2307
675
-1128
-2236
-777
2009
3633
-1983
-4919
711
188
-2870
-1773
-2207
4495
159
1128
3912
-2913
1619
2382
2273
-2384
-282
1870
2122
-1038
1203
3992
-1370
986
-654
-1214
1660
332
2838
1020
-2329
502
-899
-617
3211
848
1712
-4141
-1484
231
-551
738
-247
1809
2689
1117
-620
2882
960
624
-1482
5190
1909
797
885
-360
940
1001
1255
-4425
-1972
1010
219
53
1312
685
1385
-2723
507
2358
1967
-2823
-1830
4121
2791
-2833
2269
3041
4342
-4369
-2248
-2767
-1421
-3386
401
-1635
-2605
1061
-1998
1944
-1146
-1666
1858
4907
2326
2708
-104
684
1001
-734
2701
-1248
481
807
-795
974
4568
2989
1021
-4183
6983
-498
42
4215
2063
309
1163
270
-784
-963
3516
-2467
-1108
4998
-1876
319
436
527
1340
-697
-5660
351
1462
2125
4964
-1495
-1511
-1497
-2473
-439
3076
2307
-2322
-275
-2084
1263
-5116
4603
-998
-2518
929
756
-2238
2723
-227
-3590
495
2256
-1609
1049
-2536
1346
265
2998
87
3145
-742
-1512
-1201
-2970
1946
-315
-1095
-3527
-3498
-1525
-499
1385
571
1400
419
-3270
971
-843
3134
-3236
-917
3126
918
-1178
2190
4424
-5488
-3136
-550
-4258
-1031
-2960
-5226
3573
-3791
2506
-834
-775
3396
5045
1513
-1447
-1848
-990
-4128
2171
-3546
4279
-175
647
-2563
-1768
-2566
2920
1375
-175
1203
5443
-447
-928
1556
592
-3505
-1203
3118
4094
-2240
-957
-2618
-2511
4422
4224
2545
3596
-280
1106
434
2274
2262
759
-426
3574
-601
2044
1800
14
-6059
453
-1121
804
508
2224
-1110
-6490
-427
2627
-1183
4236
1876
3374
1760
-3953
371
1562
4008
-658
-4695
-1996
-722
1146
-71
-317
-162
-91
-1522
1958
-434
-48
2492
1770
4220
1128
370
1731
-1450
2099
-153
-1296
-329
4225
438
-5536
-181
2317
729
-948
271
2641
1939
-1282
3231
1505
1167
6164
2481
426
1258
-2263
1265
2262
-863
-674
-1956
1109
-1188
308
-4146
-1271
2987
2121
655
1311
-2763
-2066
-2586
-761
1883
971
-1068
214
-1911
-115
-2017
5296
184
3609
-3841
-1338
1925
2638
1386
-1306
2491
2024
1730
-759
-2664
1673
266
1455
-2814
-1055
-744
3076
-2061
-1111
4524
-1297
-70
-1741
638
1399
1361
-784
-188
1174
-687
-481
-774
-961
308
-1123
-1756
-288
17
-2619
2761
1732
-1950
3168
-121
2
-897
-1860
-915
-573
-2447
2216
-1813
-911
-1073
2481
905
-767
2667
-520
-1533
497
-3197
239
-1633
1735
706
-2788
-2729
-722
1881
2207
-107
71
-1270
1316
518
-862
-2752
-1339
900
-1063
1574
-1495
1060
-2071
2890
1728
807
1553
-413
-967
690
426
-1431
-272
630
1110
-2520
-2003
3004
1455
61
-537
-598
1566
939
1220
958
1302
2337
1381
-3659
1134
2150
-1110
439
402
1501
1051
2268
2822
57
1124
-445
-663
1134
239
-4
568
-1320
901
-176
-712
-2200
828
-376
796
-2437
1032
-2817
-875
-762
-1682
832
-143
-1428
-97
-1493
-1945
1058
-161
-2632
3424
3608
-151
322
1630
1784
92
2120
1435
1076
-474
991
-1286
-439
-139
-1478
-2193
1185
-799
1326
-493
-980
524
-3019
4346
-1646
89
-247
1207
911
530
-1379
-2519
503
481
659
-63
-1152
782
-207
-2721
269
1409
-1743
286
628
-891
1300
1060
-1347
-366
3688
788
104
-2699
703
-823
-380
-240
-107
-2213
-1394
-6981
3964
1451
2075
1062
4635
-3788
6363
-959
-1881
7825
-4004
1128
279
-7701
-839
6484
-2472
-1871
1355
3438
3041
1536
-748
2735
1737
-1651
4473
461
-808
4857
1431
-5620
-1270
1746
2366
927
-1784
-4255
257
372
3305
2256
-5213
424
2257
-1281
-242
3710
5351
1627
4115
-3170
-1112
-2645
-2452
3057
-1164
5216
-4057
276
6386
1336
-3679
-136
217
-10759
-5137
-2107
3687
-7876
6272
-2467
-1683
-5748
2980
2345
4468
4
779
9395
-1133
-4845
-2943
-7498
1696
2488
-148
-1579
1212
1364
-192
-3697
-2269
-2685
8047
-4061
-3560
3727
2639
1965
803
8740
-4238
-63
-2460
2776
3011
1799
-9013
-6459
5776
2830
-5029
8940
1699
3193
-2507
-1880
-3432
5927
1385
1349
6242
9103
1508
3309
-3449
-11
-1760
-2508
4961
-1856
137
1728
273
-16
189
4525
5911
-1207
688
6404
918
1886
7054
-1885
3849
-4048
2849
8486
-257
2108
4929
1717
3496
2294
585
3298
-3117
505
1317
1530
707
-4962
-3287
-365
-2580
-3831
916
-2113
5803
-1537
348
-3081
2686
-8977
-1844
1692
6215
-2862
257
2008
2351
1616
3043
-1433
-1523
3310
-784
3945
2577
-395
-2415
-1220
-2337
-1389
1193
-107
1157
5452
-503
-1276
3114
4690
2053
-455
-225
-1295
1713
154
1153
-1180
1503
-542
-1297
-575
331
2296
1771
1313
3557
-2493
1131
-156
-393
-4146
-1063
-1873
-598
217
2411
456
-1070
-520
666
-159
1117
-328
1197
232
-1743
-970
2344
-411
574
-332
2338
390
-910
1568
-629
-2006
697
4329
1479
2269
428
2902
-1647
802
-1232
621
1207
123
1820
-658
63
847
-24
-1958
-741
129
1054
-618
2118
608
3320
-2671
3495
865
-1572
-1644
-71
1321
403
700
701
342
2835
1473
1670
-1075
384
-1550
84
-4084
-1363
1606
-1715
635
-1539
-1336
-597
475
-1796
2167
961
1443
1169
221
2047
-588
-2302
604
1508
2463
540
30
395
-494
172
194
-1070
2935
1102
-301
1742
-5033
-5
-1866
2435
2304
-1406
448
-2612
-1678
55
26
696
-74
-2845
1362
757
207
-1005
706
-103
-4951
-232
1909
151
474
-3632
-1234
-939
-432
-3422
2649
-4390
-1543
2074
2337
-207
2296
-3229
-2504
-1935
473
-695
-2878
-1174
-1215
-221
1744
-1755
2999
492
-569
1008
-1236
-1569
-1745
342
2316
-1982
-595
10993
-5036
3903
6248
7619
-4454
2300
10426
-1659
-2444
-6678
-6492
7028
-5708
7331
7220
-4517
5695
-5761
-15
14356
-170
3035
-1579
3442
-910
-1987
-2646
-2611
8411
-1873
167
8070
3069
-895
6177
-8965
2874
11248
-4557
-2610
-5310
2034
1221
3787
-4688
10294
5247
1619
6558
4750
4904
-9010
3049
3384
-5701
-1274
-3422
2407
-5674
-2700
3705
6156
-1378
-945
4643
-250
-9733
846
9122
-5471
4258
-7936
-7089
-5404
6095
-7213
4363
6835
2690
4338
-3951
-5809
8788
5572
11179
-5814
8065
-2824
2476
11532
-1071
6938
1416
-5398
9441
7520
670
-3397
6962
7643
1105
9287
9843
-5267
-1984
6977
613
-8383
-10033
-4265
-1296
-3530
-793
-2646
7183
-5935
-6471
5125
6875
529
-2940
-9644
497
3157
3378
5
830
6883
-2751
-4707
-2623
-6697
1036
-635
-8743
-223
-7478
4372
-7268
10210
7880
1581
-1517
-4731
4762
10869
-10164
2109
3673
-1860
6474
56
5640
-2475
-6333
254
1300
2535
-6366
3561
-4474
195
-7439
1577
12355
497
-6310
5837
6429
2118
2751
-8480
-2288
9518
8710
209
-11272
13337
488
1111
-6248
10067
-3529
6590
820
-5274
-9329
-7156
-3318
-2917
-1946
-268
637
2264
1874
1198
-3854
2017
2062
4070
-1985
-2387
3382
1603
-1243
818
4713
-5826
-4190
217
-2821
-2223
-3775
-6724
5852
-4096
3119
-737
-720
3749
5523
2296
-3934
-1241
-273
-5749
-1356
-2641
7572
725
2612
-4907
-1894
-1192
3009
140
873
2410
7404
-506
-1350
2615
-1612
-2306
-1814
546
5174
-3857
-1520
-1519
-3986
2907
4167
4106
-209
-2008
-1235
-1403
872
4732
-1106
-2364
4090
-321
2953
4072
-54
-4322
635
-2783
-314
-798
136
-922
-5818
-1080
1312
-375
4722
2399
4116
1658
-4375
2246
1403
4087
-1248
-5146
-2727
-9
2047
54
1504
-1581
-1768
-44
2844
-1767
-435
2214
4567
4708
3884
-667
3092
-2354
1895
-1652
-703
1084
5041
507
-5071
459
2145
401
-2394
2829
3277
6067
-2808
5298
640
-212
7327
3829
1159
3059
-3193
1224
6025
-894
-1421
-2516
-104
-1219
-480
-4867
1368
3593
4997
-344
-81
-3740
-1685
-763
-926
-733
1131
-2516
1326
-4085
-2603
-3131
6112
2023
1473
-5505
-3111
2226
1905
2543
-2752
4851
-670
2658
450
-4141
1470
2710
1828
-5452
114
370
1120
-4057
-2772
6175
1046
-524
