-1349
-1252
-1457
1065
-702
-472
-704
114
-73
-1089
707
355
322
-2048
1505
1688
-1582
173
-1147
167
325
713
-162
-484
1442
1781
1832
-2783
-1579
-2228
-870
-753
2067
-1638
2745
82
-1251
2972
1799
1825
-1641
-1406
941
-1730
-1975
-2272
-1461
800
-2058
-1602
2942
-990
54
-2130
1710
1928
666
2025
-1928
-400
-759
-821
-3222
-1675
-1476
-1520
-302
-417
-1078
-547
-2339
1333
-408
335
-362
-622
386
172
669
377
-315
369
-514
1407
-1740
422
1405
811
325
1212
855
-2166
-818
-1031
-1315
581
-152
-182
2899
-799
-109
1885
300
1648
-1804
-1261
-354
-2144
3
-360
689
167
-1278
-392
2287
-1363
715
5
1305
729
-936
988
-1852
892
434
-2923
-2832
-3578
-812
-1399
-580
1990
-824
-614
-1100
-97
119
-1507
292
-332
1202
-1091
1498
2686
-1357
1163
-1398
627
727
1761
492
910
906
2093
994
-2093
-1365
-1731
-577
-293
1839
-646
2239
1127
-1829
2503
745
2291
-1634
-454
1288
-924
-1575
-2234
-1159
1569
-2185
-1809
1941
-1623
221
-2541
3177
2130
682
2806
-2068
282
-1908
-913
-3061
-1178
-1065
-1094
-1350
553
-344
-836
-1613
231
-590
669
-550
-174
-66
-1056
345
302
-531
-18
-789
299
-772
401
1011
104
1179
1187
1623
-2834
-1517
-2406
-1739
-486
872
-1530
3071
-509
-537
3861
1135
1477
-927
-1741
365
-3081
-1564
-1424
-891
728
-1666
-1014
3259
-927
876
-832
1596
603
-405
592
-1581
282
-1
-1887
-2908
-2197
-860
1551
-2756
465
-691
-554
855
229
-1712
3158
520
-338
-3133
-3710
-864
929
-830
440
4350
-139
1653
401
-1939
-2010
401
-1135
1825
-3574
1665
-1107
-1078
67
1542
-3439
1350
-360
980
2638
942
-382
2545
-2957
952
-2604
-331
-1669
-1131
560
78
-1619
645
2279
-1219
746
588
2920
-1038
-1916
-1701
-2554
790
-2138
330
737
-861
929
-1763
1393
601
-1489
-783
-159
-1746
-135
-6
-597
-987
-1896
-989
612
-860
655
1583
802
985
1321
-207
-301
1013
203
643
-3256
58
-1056
-1297
-298
1759
-2390
1425
-628
318
2502
1522
684
546
-2747
93
-2314
-862
-1272
-1631
1033
-1116
-1197
2226
-126
-13
-687
875
1654
96
176
-907
-1382
210
-1652
-1502
601
-303
1860
-1706
1315
-427
-1075
625
-661
-1153
1081
171
395
-3190
-3310
-1278
2290
-995
321
4283
1009
2245
958
-1968
-832
-251
-546
646
-3660
1993
-1453
83
-538
2039
-2659
351
-24
907
1715
1127
-497
2265
-3375
1347
-1416
446
-1462
-1071
23
-138
-2158
-186
873
-1384
-910
578
3042
511
-551
-1911
-2915
-547
-1101
-506
926
-1332
-1535
-1251
1221
-248
-336
-888
-103
168
-1494
306
115
928
-1656
1245
2194
-961
519
-1467
1093
801
642
846
-28
1337
2507
1256
-1801
-1521
-1967
-161
41
1774
-1285
2478
626
-1640
2529
1125
1886
-1858
-1177
918
-1446
-1225
-2151
-1079
572
-1346
-1465
2334
-1176
647
-2420
1904
1201
427
2526
-2341
315
-1640
-833
-3252
-1279
-1438
-1501
-475
289
-374
-242
-1679
852
-735
-628
468
92
62
-843
862
1278
-518
416
-1182
771
-1141
865
1035
504
778
1390
1340
-2473
-1016
-1182
-847
764
439
-726
2754
-450
-1096
1633
590
1348
-2045
-1934
53
-1971
-389
-1424
-379
297
-1212
-345
2739
-1490
350
-1163
913
1364
-281
1581
-1656
622
-309
-2674
-2583
-2690
-1342
-1224
-100
1386
-902
-480
-1535
518
-323
-549
499
-505
412
-845
1420
1789
-991
881
-824
883
-381
1454
502
620
470
1129
740
-2502
-879
-1017
-941
298
1184
-512
2328
370
-1237
2020
714
1468
-1600
-851
402
-1175
-677
-1369
-979
957
-1525
-940
2110
-1496
134
-901
1781
2102
161
1587
-1413
523
-377
-2036
-2506
-1872
-1061
-752
-308
2455
-651
-885
-1189
-909
-17
-1514
138
-144
809
-1646
1741
2444
-2130
752
-1260
978
844
1662
190
1024
963
2173
632
-2204
-1521
-2492
-626
-941
2587
-1036
1944
1024
-1225
3161
1560
1997
-1212
-501
1195
-663
-1768
-2037
-1924
1329
-2231
-1745
2065
-1821
260
-2670
2820
2188
1490
2502
-1818
272
-1548
-151
-3379
-886
-919
988
-1340
-601
-468
1445
-775
727
-1401
2778
753
410
-409
-1326
478
-593
631
840
1384
-2799
334
-865
105
-948
-23
506
1597
-1604
-1380
-162
-333
159
-1367
-3062
2947
339
-1340
1651
-719
707
647
-1103
255
-3874
-1673
-1271
-824
2633
621
180
1853
1219
-1286
823
656
701
-504
-1271
-555
-1207
495
-1495
662
202
-1422
-1379
-1003
46
-987
-404
-1573
757
-533
876
-123
-476
719
-626
1389
363
-658
966
-714
92
-908
292
1007
64
1066
1437
1596
-2327
-1492
-1238
-1602
195
1244
-1104
3390
-28
-1085
3209
1046
1686
-1676
-670
219
-2687
-1458
-1600
-259
1418
-1837
-1347
3105
-1118
1207
-216
1908
1341
-699
718
-1625
906
480
-2131
-2758
-2818
-833
-1559
-70
2711
-786
-577
-1057
-882
380
-1602
234
-380
1101
-1495
2198
2944
-2367
821
-1894
1043
827
1996
368
1246
1114
2132
929
-1981
-1435
-2272
-672
-382
2600
-257
1925
1527
-1645
2913
1331
1987
-1598
-32
1528
-110
-1751
-2356
-1853
1168
-2468
-1888
1811
-1988
421
-2904
3330
2665
1295
3053
-2004
858
-2031
-283
-3363
-1278
-1326
2130
-565
-26
-1463
782
-746
261
-1654
3143
1466
246
-1571
-1607
984
-555
-519
349
2530
-2871
305
-677
-1510
-1043
-1050
-513
876
-2179
-1157
-674
-206
-1045
-651
-3455
2190
324
-495
1744
-3
124
1480
-1098
260
-2911
-1512
-552
-1619
2599
227
227
1621
1202
-2432
1295
48
1775
555
-2082
167
-2070
1516
-730
732
391
-1443
3203
135
1406
-564
-433
-1627
-600
-1111
466
-611
-482
278
-1038
290
12
-1200
946
2676
762
1340
931
-836
604
-429
863
-1549
-1045
-297
-1127
-399
-2151
995
-2211
347
-600
1582
2251
698
1394
1479
85
-302
-919
-1435
782
-2274
2073
134
-443
-177
-213
-1403
71
2241
540
2233
-1168
-62
-1650
254
729
-481
2383
-561
-307
-1204
1318
-712
-997
-723
251
-487
-370
222
-558
388
-1167
552
1232
-1031
1182
336
50
742
1207
-150
148
691
945
862
-2648
-682
-865
-1121
-508
1600
-1364
2032
546
-877
2279
1015
1685
-410
-834
707
-1655
-1334
-1680
-663
1832
-1917
-1732
1877
-506
9
-902
2025
2077
-30
1414
-1425
-726
-277
-1172
-2103
-673
-1220
-679
-1481
1134
385
-1280
-1428
-192
-1559
826
-989
-913
420
-1421
379
265
-1012
1160
-791
851
-575
1424
1388
585
2079
1367
1514
-2350
-1070
-2125
-2528
176
2292
-1561
2643
-513
-250
4594
1496
1617
-719
-1216
119
-2756
-1866
-1942
-1429
1388
-1911
-1251
3295
-1100
2046
-797
2572
976
-707
238
-1363
1346
134
-2269
-2566
-1247
-20
1521
-70
3022
543
467
-1118
-1317
61
279
-1001
-809
951
-1197
364
944
-952
1182
1439
524
2782
1405
304
743
423
790
-862
-1419
-276
-159
-516
-629
977
-1081
672
1459
-294
2214
398
799
1348
584
767
-977
-1769
-624
-2773
2227
67
-1357
-413
-212
-550
-416
2981
1373
1756
306
-335
-821
-1306
763
-220
2904
-537
1475
-803
1443
-1529
-958
642
-1328
-306
-304
698
409
-1027
-2790
1100
2409
-2689
684
2202
325
2272
622
-2154
131
-281
1286
263
-1592
168
-2149
682
-1682
2855
-2181
309
1262
283
1627
1481
1062
1244
-658
1667
323
-746
-1652
-755
1163
-1402
-2142
-274
209
-1307
-2122
1691
3038
1597
1266
-2098
-1916
-975
1247
-1642
379
-1016
-998
-1105
1971
-823
-1218
-776
-256
3
-1585
325
-551
1259
-1642
1617
1971
-1994
1167
-1089
813
940
1420
87
496
1241
2186
852
-2193
-1424
-1824
-992
-775
2666
-1226
2180
1005
-1206
2917
1650
2468
-1229
-193
947
-857
-1738
-2160
-1035
1670
-2508
-1934
2197
-1103
500
-2045
2612
2176
494
2754
-2046
44
-914
-469
-3420
-1019
-562
2034
-2622
1043
300
-1095
1039
-765
-2189
2591
-25
-989
-2221
-3676
-962
159
-1598
702
3387
248
1876
760
-1339
-1066
1056
-559
1193
-1909
1354
-1369
-1429
62
2038
-3313
321
-82
1657
2810
1086
-17
3156
-1862
546
-1642
-602
-1487
-1309
847
-22
-876
296
2475
-365
437
860
2034
-1110
-1590
-1267
-1508
732
-1171
585
2009
-1126
2718
-378
1559
704
395
-1267
-1050
-747
-160
-598
-250
144
-1776
-14
-385
-1681
-273
1912
1006
1887
592
-530
108
565
798
-941
-793
-302
-1142
-364
-1560
481
-2004
72
-778
1939
1731
1031
822
1552
-488
-299
-720
-1677
657
-3001
789
698
188
-266
383
-1550
-494
1508
169
2400
-595
-53
-1710
-314
1264
-132
2994
-1749
-746
-1046
-509
-279
1399
-1788
1900
-1252
1800
1019
-666
14
-388
451
72
1040
788
522
-840
-455
-16
1157
-998
307
165
1575
-2155
-940
881
-655
1920
-1632
-1649
3345
-265
-1624
936
-861
582
-1231
-1856
-362
-3550
-606
-879
-883
1364
588
376
2476
209
-661
1120
658
1008
-1191
-539
-737
-144
395
-3486
-96
-1056
-1057
-488
-1425
1113
-425
-1057
-1055
388
-545
-303
257
-836
392
-1165
426
604
-879
675
51
523
492
713
276
-231
840
982
763
-2529
-1007
-969
-1214
-292
1234
-1637
2254
202
-606
2435
1164
1571
-548
-1134
182
-1976
-1086
-1219
-783
1290
-1510
-1113
2361
-257
208
-393
1237
1372
-362
1209
-1334
-507
238
-1394
-2333
-789
-1069
4243
-3307
-1685
65
3178
1187
-2272
2071
3745
-2259
185
-1373
-4246
-954
-2127
-2538
-4197
6526
2587
5765
-4705
-1984
-3569
647
1153
-208
3201
1328
-3011
2174
-2418
-1234
-3462
-1644
-1123
6571
1599
690
-544
5583
125
880
-22
-1238
2750
-1878
-3527
4693
-71
-5409
5849
-3087
193
1089
-2748
2266
-3119
-2833
-4275
-1573
5958
1834
5097
-1237
-1171
-906
2072
-243
-1317
-818
-422
-592
-1750
331
-790
1153
-1710
1595
1924
-2305
1151
-1697
1260
431
1962
397
787
1749
2045
998
-1849
-1240
-1904
-1332
-154
3018
-905
1821
585
-930
2936
1796
2196
-1515
-420
661
-445
-1631
-2239
-1477
1218
-2531
-1461
2464
-1436
1001
-2270
2580
2177
401
2606
-1747
884
-895
-913
-3242
-995
-1277
-1153
-1154
2279
-578
-1126
-850
239
-387
-1722
499
-684
772
-2125
1300
2778
-1772
1507
-673
1586
881
2294
132
499
1379
1859
977
-2920
-502
-1382
-1183
134
2661
-1059
2161
621
-1169
2568
1390
2303
-1367
-1005
854
-841
-1102
-2380
-1257
1261
-2118
-1852
1977
-1171
311
-2003
2722
2867
167
2756
-2319
32
-1141
-1840
-3146
-922
-1049
-798
-1042
2277
-79
-1119
-631
-456
-438
-1854
431
-946
1227
-1786
1398
1853
-2265
1247
-1065
1234
1192
1860
193
513
1631
1849
697
-1854
-985
-1233
-1086
-74
2874
-1015
1570
890
-903
2406
1752
2019
-1111
-310
655
-335
-1541
-2094
-1560
1393
-2205
-1570
1977
-1000
646
-1972
2405
2348
503
2645
-1620
336
-893
-582
-2797
-201
-869
1077
-1733
849
-653
-994
1204
-564
-1216
467
577
776
-2156
-3652
1
2781
-1214
1056
2522
799
1621
969
-1714
-740
435
767
1168
-2331
1334
-1962
202
-295
3046
-2610
548
121
111
1997
1205
356
1082
-2288
1375
-741
69
-2351
-675
302
-464
-2033
213
517
-442
-1704
1004
2780
209
88
-2313
-1513
-803
-988
-1001
314
-273
515
-598
2215
-720
-2188
-413
-763
-2425
102
1296
373
-3429
-2761
-749
2725
-1762
-523
155
-592
-708
2581
-1381
1477
-543
-318
1536
-3638
-184
-4159
-816
-1095
503
-2508
850
-94
-76
2424
45
808
1463
-4006
1437
-1280
-154
-1989
-1465
460
-1854
420
2085
-250
-2181
-2826
769
2628
159
962
-1474
-1501
-1174
-2381
-1496
-835
-408
1222
-1337
257
700
334
229
-249
-1106
2126
-1213
1318
-2469
-3041
-1493
1423
924
142
2313
991
456
578
20
-319
519
285
1025
-1899
1720
-2076
-400
268
234
-2028
643
-1251
938
2360
-402
-284
1826
-2675
660
-2233
362
-1113
-890
-760
1761
-372
-538
822
-257
-569
821
130
-341
-1819
-1725
-866
-1071
-2066
457
874
-360
1428
-1438
1882
-815
-1265
881
-1504
-678
-485
189
414
-826
-3484
867
2426
-2886
1236
2012
523
2440
1284
-1910
176
788
1513
726
-2177
419
-2266
-217
-1537
3901
-2361
527
995
332
2586
2106
1326
1270
-824
1705
-121
-1364
-2464
-1143
1482
-1851
-2715
199
88
-464
-2432
2325
3332
1374
1379
-2257
-1637
-1024
841
-1877
722
-1205
-1130
-1480
2048
-193
-1311
-416
-112
-512
-1391
608
-1119
957
-1928
1274
1804
-1869
1355
-888
1224
1092
1622
230
-26
1659
1612
978
-2183
-858
-1043
-1226
296
2969
-1277
1895
919
-1162
2588
1776
1839
-1155
-591
590
-757
-1234
-2279
-1248
1308
-2136
-1708
2334
-670
940
-1431
1961
2421
-232
2379
-1757
384
-455
-1198
-2833
-544
-858
-1723
-724
1584
-887
-924
-892
99
311
-1031
661
-540
327
-1016
1358
1757
-1436
398
-937
747
368
943
126
-22
739
988
1058
-2878
-1087
-1096
-822
-42
1936
-551
2301
962
-1503
2122
1569
1186
-1586
-965
844
-1026
-888
-1775
-826
686
-2260
-1801
2474
-1259
427
-1214
1273
2459
152
2300
-1579
69
-355
-1131
-3133
-2084
-1724
-1262
-457
-966
-1123
-360
-2443
1441
-870
596
-86
-212
535
69
1118
-532
-581
271
-1001
215
-2413
57
1207
615
654
1357
1386
-2230
-1649
-1348
-1754
15
-193
-783
3489
-1268
-147
2366
687
1940
-2030
-1169
-612
-2812
-981
-545
428
788
-1670
-34
3291
-1362
613
74
1101
538
-739
617
-1407
845
1134
-2735
-2852
-3893
-894
1820
-1883
442
-1269
-607
405
-110
-1194
3094
21
-120
-1845
-3070
291
23
-1235
646
3267
-682
946
13
-1764
-1191
214
-267
1131
-2600
523
-1661
-1393
-1246
1657
-3162
1485
-146
1085
3339
1148
528
2378
-946
651
-2221
-1191
-1147
-907
1475
-393
-1329
637
1771
-868
1027
1056
2064
-431
-1865
-1250
-1815
1392
-870
-223
390
-433
1941
-399
2387
973
-276
-1316
-1506
-1301
287
-1330
-1063
775
-1102
-126
639
-1449
1505
1547
945
2154
1876
515
1166
1105
1017
-488
-1080
-166
-785
-980
-474
1961
-1389
496
409
543
2870
884
962
1075
-210
481
-1178
-2031
-853
-2850
2211
-609
-1465
400
-788
338
-1165
3595
1255
1710
-159
-386
-248
-1239
330
-504
2637
-566
1857
-1274
882
-1405
-907
637
-560
-606
715
333
647
-2356
-2932
-160
2387
-1535
547
3988
716
2086
676
-2451
-713
-468
100
481
-2974
1497
-1637
384
-1361
2510
-2358
404
98
868
1667
1347
195
1657
-2143
1495
-709
-98
-1342
-736
462
-688
-2557
-442
461
-1514
-1214
1258
3148
1182
-212
-2038
-2829
-535
-102
-1004
366
-1312
-1085
-1341
-26
-692
-524
-1633
680
-650
609
-163
-337
734
-909
1128
-356
-953
477
-944
-193
-1003
59
948
77
1296
1564
1666
-2375
-1861
-1632
-1898
-330
797
-1534
3444
-382
-572
3302
1238
2009
-1282
-840
-31
-2971
-1818
-1402
-282
1400
-1888
-789
3349
-670
858
-268
1501
839
-687
896
-1549
472
756
-1821
-2842
-2587
-424
1409
-1926
1430
-734
-1142
1026
-1634
-688
-195
303
576
-1417
-3506
364
2399
-2676
439
2282
349
2695
709
-2055
-466
762
1292
1166
-2094
258
-2822
251
-1673
3590
-2786
508
726
444
2719
2069
903
1365
-1709
1976
-508
-1453
-2407
-1413
871
-1635
-2755
454
365
-729
-2876
2074
2898
1516
1011
-2366
-2137
-1451
1172
-1820
799
-1312
-1085
-1341
-26
-692
-524
-1633
680
-650
609
-163
-337
734
-909
1128
-356
-953
477
-944
-193
-1003
59
948
77
1296
1564
1666
-2375
-1861
-1632
-1898
-330
797
-1534
3444
-382
-572
3302
1238
2009
-1282
-840
-31
-2971
-1818
-1402
-282
1400
-1888
-789
3349
-670
858
-268
1501
839
-687
896
-1549
472
756
-1821
-2842
-2587
-1337
1759
-2189
-11
-998
-1165
184
-156
-1827
2599
-197
-447
-1795
-3092
-125
166
-1593
622
3089
418
665
210
-1305
-752
590
369
1183
-1931
645
-2312
-1326
-865
1942
-3244
1244
-766
1831
3396
1168
945
2099
-1564
414
-1988
-770
-1081
-516
864
-525
-1057
779
1583
-350
237
1356
1606
-732
-1517
-1899
-1311
996
-1235
-765
72
-1618
-1313
-1329
256
-1143
-1009
-1575
773
-986
957
89
-992
379
-860
1081
671
-875
1018
-453
437
-804
600
918
162
938
1384
1613
-2412
-1376
-1642
-1647
314
1322
-1519
3296
34
-868
3412
895
1894
-1329
-1141
272
-2670
-1128
-1654
-167
1404
-1997
-1213
3214
-807
1058
-355
2025
1522
-1145
835
-1979
789
404
-2575
-2924
-2735
-1188
-1357
-585
1831
-1094
-1115
-652
-20
96
-1406
375
-302
818
-1658
1954
2308
-1996
1043
-1301
1130
140
1772
-177
496
1207
1729
989
-2333
-888
-1893
-1203
-594
2965
-543
1932
522
-1030
2858
1727
2069
-1624
-144
907
-284
-1413
-2083
-1106
982
-2489
-1891
1998
-1542
629
-1893
2514
2497
546
2314
-1860
532
-701
-941
-3314
-1697
-1423
2289
-865
435
457
471
-1734
-607
-1575
2455
-1039
30
-832
-1787
-142
-1445
-822
-359
1931
-157
219
-123
106
-256
769
344
419
-1806
-790
-1933
-1473
-1258
77
-2776
1733
-1443
1656
3626
971
427
1512
-1371
-414
-3105
-2099
169
-2728
1074
547
226
1503
377
-639
565
1282
-147
1177
-2358
-65
-966
847
-413
-217
1156
-1688
-628
-591
1420
-607
-586
-1364
154
-682
154
41
-445
-173
-1830
1237
1577
-1368
779
16
1482
-121
1396
300
239
976
1106
903
-2816
-398
-1586
-1345
178
2013
-1139
2278
-162
-358
3026
1371
1202
-979
-1257
337
-1494
-833
-1461
-1530
582
-1244
-1212
2074
-1172
463
-726
1858
2186
249
748
-1635
440
-50
-2061
-2498
-1478
-1366
-847
-80
416
-845
-678
-2298
947
-500
-189
-474
-921
879
537
364
903
-85
651
-524
1338
-967
1199
1213
1020
207
1175
228
-1479
-914
-1211
-999
-24
18
-217
2036
-684
-224
2088
-135
1884
-1494
-821
-106
-1564
-572
-157
-400
742
-1134
-458
1756
-1553
336
-670
2443
284
-87
766
-1278
607
-568
-2086
-2309
-1724
-1507
-611
-1189
183
-930
-743
-1534
427
-849
566
155
-527
834
-966
1499
-268
-1319
949
-480
-277
-566
22
611
58
1045
1659
1289
-2293
-1934
-1330
-1622
-442
1456
-1862
3321
97
-739
3201
1550
1966
-1174
-523
-35
-2701
-1791
-1473
-366
1977
-2071
-1095
3348
-725
853
-119
1423
1376
-405
903
-1411
368
1078
-1426
-2865
-2294
-635
983
-2284
1247
-748
-1789
1335
-494
-1359
332
770
212
-2132
-3429
-333
2512
-1374
1017
2479
309
1798
1276
-2086
-1082
608
211
1378
-2967
1032
-2036
-379
-834
3446
-2881
630
173
-12
2580
1617
530
1235
-2447
1489
-1019
-530
-2515
-968
814
-1389
-2466
990
672
-444
-1640
1192
3019
-2
157
-1961
-2007
-487
-903
-1280
539
-711
1716
298
1647
-2110
-938
-643
-580
64
-275
585
698
-1203
-1740
903
2003
-1702
37
2010
84
1010
818
-2159
543
-1428
623
-605
-2508
-238
-2344
405
-2777
1135
-1833
615
446
409
1643
803
1242
1134
-744
1111
-177
-629
-278
-1092
1176
-1041
-1175
-129
-398
-2463
-1243
1302
2183
2172
611
-1216
-2497
-419
729
-1722
17
-473
1036
-2938
207
-175
-264
607
-538
-814
3078
-167
-667
-1713
-2675
-516
-870
-1198
-592
2799
-777
1821
-876
-1150
-2237
1138
-694
1898
-2228
-6
-1503
-1316
-719
1302
-3093
1518
-53
1049
3426
1550
-256
2239
-1652
831
-2750
-1790
-1177
-1518
591
-411
-1528
1365
2293
-326
705
691
1282
-631
-1732
-1032
-1904
880
-54
-153
846
-993
565
-65
2141
-585
-282
-1066
-106
193
-487
181
-393
-34
-1314
661
1664
-735
659
1284
1273
1467
1133
-427
-24
-212
520
-639
-2475
11
-402
-180
-590
1150
-1048
1071
600
-394
1493
797
736
101
-612
405
-671
-389
-412
-1755
910
-242
-1193
354
-567
-913
-196
1275
1864
1222
691
-838
-1140
-366
-521
-1395
685
-355
-435
868
1341
-1672
967
-796
578
1528
-170
808
628
-1161
-616
1008
2309
-378
-685
1410
440
733
667
-1399
-509
-1251
-834
2
-3103
609
31
561
-611
-275
468
957
472
-727
-148
189
-379
-477
-947
1101
-16
128
-20
-1293
-478
-90
-1299
-503
-839
-2340
-196
619
2627
1759
606
-663
-1892
-763
-469
-817
-959
-571
-1664
-1249
111
-402
-663
-1352
764
-320
1535
-1527
-1278
897
139
40
321
218
1066
-456
1022
-771
917
1759
444
1397
843
1440
-1483
-397
-1098
-2143
740
893
-8
2428
-353
-310
3509
155
1499
-986
-329
362
-2378
-1107
-1178
118
792
-1457
-1592
1883
-825
2107
-29
3166
308
-1613
36
-1671
1529
-368
-2485
-1983
-2029
-1312
-1085
-1341
-26
-692
-524
-1633
680
-650
609
-163
-337
734
-909
1128
-356
-953
477
-944
-193
-1003
59
948
77
1296
1564
1666
-2375
-1861
-1632
-1898
-330
797
-1534
3444
-382
-572
3302
1238
2009
-1282
-840
-31
-2971
-1818
-1402
-282
1400
-1888
-789
3349
-670
858
-268
1501
839
-687
896
-1549
472
756
-1821
-2842
-2587
-1090
795
-821
1177
-1500
-598
360
-321
-745
-357
1189
882
-793
-2903
1464
2810
-1626
1448
1280
-220
1250
994
-1619
-10
-66
1605
825
-2251
-141
-1785
367
-975
2511
-2401
1406
903
-981
1739
1013
1463
122
-1021
1354
-652
-753
-2327
-700
1697
-1179
-1755
766
-245
-1095
-1898
1532
3067
970
1258
-2095
-1370
-773
-457
-1706
-325
-1280
3591
-2198
-47
552
-496
839
-336
-3027
1296
464
429
-1949
-3773
-1084
256
-977
1192
3749
-131
1590
585
-1666
-838
644
535
537
-1040
1227
-1206
-232
-498
1415
-4165
-27
-1286
1859
1409
571
602
2702
-2301
-124
-1623
-494
-1081
-1202
1274
1039
114
-97
2114
-1408
-388
366
1099
85
-1759
-1038
-2329
433
-860
1154
2933
1720
-998
-3923
784
33
-2293
975
-1785
1225
65
-2373
-2042
1914
-381
-903
-853
-2518
-221
259
242
3234
-480
162
-645
2817
1293
1860
-324
-1246
-2367
-1931
-2104
3428
-813
884
1335
1013
4586
2611
2044
1147
836
2081
-1252
-3617
-1904
243
1229
-4057
-4420
1344
1044
2575
-2220
4286
162
-675
2020
-2299
-764
-1495
3084
-3105
244
-1453
-1437
-1610
-44
-63
-762
-1549
652
-1000
700
-488
-816
1111
-604
677
-334
-253
814
-1540
274
-1065
244
1783
64
1728
1746
1658
-1533
-1870
-1637
-1957
383
950
-1465
3212
-457
-825
3661
851
1967
-1512
-817
-217
-3030
-1616
-1504
-351
1263
-1539
-590
3536
-704
1850
-317
1755
-38
-1355
595
-1466
1411
397
-2244
-2648
-2096
-2391
8507
9294
956
833
1871
-3828
-1772
-5400
4540
650
-969
-3622
2581
1158
-4426
-1550
316
4548
171
-4457
2248
-1630
4260
-4887
-5479
-6739
2610
2676
3669
-15
598
-2643
1433
-5390
-2765
5379
-4243
-1387
-5494
3712
1859
-4949
4108
3130
7125
-4799
491
4841
7340
-3676
-2139
-3505
6700
-4011
720
4811
-9115
8507
2052
6317
-421
7816
4196
-360
1428
-1438
1882
-815
-1265
881
-1504
-678
-485
189
414
-826
-3484
867
2426
-2886
1236
2012
523
2440
1284
-1910
176
788
1513
726
-2177
419
-2266
-217
-1537
3901
-2361
527
995
332
2586
2106
1326
1270
-824
1705
-121
-1364
-2464
-1143
1482
-1851
-2715
199
88
-464
-2432
2325
3332
1374
1379
-2257
-1637
-1024
841
-1877
722
