24
-64
3
38
51
-95
-43
119
-31
-36
45
-101
40
-20
-13
-127
7
-43
45
99
-25
-71
50
-23
77
-44
61
107
-127
-127
-46
127
-127
-45
20
-127
59
-21
27
-127
-103
-32
1
-82
29
127
-35
35
-75
42
6
-127
11
60
5
-72
14
-76
56
-127
57
-71
-66
15
-85
-127
32
-26
-127
127
-18
127
-72
-71
-93
-29
-127
37
47
-76
-122
127
-25
31
19
-127
111
58
25
-92
-98
-6
19
-63
-127
-119
63
86
-127
-127
64
50
-49
1
-30
-44
-127
-107
47
-1
61
59
41
-38
124
35
-127
-50
127
-127
17
-127
-45
-110
-1
1
-13
-25
-12
-1
19
7
9
-61
-57
-19
50
-73
35
-85
-121
16
-46
-51
-84
-35
26
-26
9
-11
13
19
-44
-7
-127
-127
-67
31
43
-71
-92
-116
-65
-40
28
-55
11
-44
10
-4
-71
-127
-127
-10
-72
23
-64
21
7
22
-43
45
-4
-111
-36
81
71
45
33
87
95
-69
55
-46
22
31
-6
-127
42
39
-21
-39
127
-15
-20
1
49
-70
-25
51
127
-109
-17
-92
127
-22
-50
-53
-16
52
-118
-93
-14
71
-45
-30
25
-64
-14
94
-70
-66
-100
-49
3
-99
58
127
54
51
-23
41
-25
-97
127
41
27
76
-117
105
120
-35
0
-42
-51
-102
17
-65
72
-76
35
69
57
105
-127
-39
-127
83
68
62
39
6
-92
75
-127
118
28
-48
127
70
16
-48
-126
12
30
-29
-33
7
110
121
-34
20
34
33
65
-120
-42
-127
-26
-95
-11
-23
57
49
-106
-28
-50
19
-46
9
63
-46
74
-55
53
-75
-127
40
-103
68
-40
99
-30
-69
2
-67
52
-92
-102
30
-18
-88
-63
104
21
-96
-82
34
21
16
70
32
113
74
-26
66
11
-121
-127
47
51
-58
-44
-54
0
-34
-60
-127
27
-98
127
19
-63
47
-113
-127
-127
11
-127
-49
25
22
-117
120
-66
-59
29
123
-5
88
-13
28
1
-21
-10
-49
-90
12
-94
-70
94
-40
70
-40
79
83
-102
20
127
105
-9
105
101
-127
-118
6
34
29
-42
-26
-127
-41
-98
-67
127
31
56
127
-1
-34
-66
127
-127
-64
0
-40
-4
-126
81
78
127
45
119
73
61
-41
13
17
27
34
-16
127
120
14
-38
71
3
-127
17
104
47
-127
57
64
47
59
-63
-45
-48
-127
-73
-70
-26
108
-10
77
-19
-86
-3
28
11
2
-127
-28
-8
-4
58
-73
-19
48
80
127
-32
-61
-27
-17
1
-101
3
-69
32
-108
-84
47
69
-63
-101
34
-76
24
-51
-48
-69
-33
-59
21
23
-127
-39
73
-127
-91
-127
-6
-127
44
108
-91
-50
7
-23
75
-18
-68
-100
57
25
-117
-27
57
48
-80
74
-73
97
95
-121
28
116
7
20
4
17
-42
15
-127
-127
-94
-50
-96
-102
-11
-9
69
-19
6
-1
-40
19
-120
-58
-70
-38
2
-37
75
-63
5
-35
127
-65
127
-111
32
-82
-50
78
-68
71
-28
-90
70
-127
74
-88
-15
-63
41
2
-44
-63
76
18
85
41
-2
-11
-30
-11
-46
127
-127
53
68
-90
-93
-38
108
-112
-31
-62
-57
1
-20
31
-43
-127
-2
118
-63
-67
-37
-82
127
-24
-127
-127
16
90
-12
-11
-68
48
-37
-20
-90
84
-101
-127
-36
-43
43
51
44
28
62
7
-6
-8
5
-14
82
-46
127
11
-74
-19
94
52
60
4
-82
124
13
-22
-127
30
57
-12
-75
-10
-99
-23
-36
-54
-120
127
53
112
-23
-88
99
-86
-52
54
-127
83
0
34
-75
-55
2
-51
-99
117
-116
58
-63
-21
-114
39
35
-1
-10
55
28
17
-127
-30
-113
-29
127
-47
61
12
14
127
64
23
-61
-127
18
-60
0
5
-87
24
76
-127
59
-103
51
-88
-9
32
-66
-127
-46
47
-16
31
-99
121
-63
-29
32
-83
-66
-101
86
-4
30
-20
63
26
32
-57
94
-15
-18
39
-23
99
52
28
-19
110
0
29
-127
127
-70
-112
40
-49
-11
-22
-127
69
31
-32
10
21
-81
45
127
105
-120
-25
-77
75
-115
-10
-79
107
20
-58
-56
-52
45
-96
-46
29
-90
-55
49
-17
46
-65
-50
100
-92
-14
-8
-114
98
88
-45
11
20
124
-18
-107
58
-127
-1
44
59
37
74
33
-62
-44
108
89
48
60
98
81
-30
-68
-17
-33
6
75
122
8
127
-115
5
48
42
-28
-121
58
-49
-63
-4
81
32
-10
-85
55
-94
-63
57
-47
75
55
-33
97
-27
-59
11
-79
-127
-83
-51
-67
-67
80
20
-127
-68
-91
-58
-32
38
127
4
127
-41
72
92
-108
19
-22
127
-72
58
116
44
28
-102
-127
127
-127
52
114
91
127
-70
-47
48
38
29
-47
127
127
111
-47
127
50
-39
-90
127
126
94
-63
-19
37
1
0
-44
56
-127
100
4
-127
-9
-81
-49
-61
62
22
-89
51
30
-127
100
-39
21
34
-95
33
118
-58
-125
50
-58
-127
-23
32
-64
-98
42
31
-92
127
-70
-29
11
-127
127
116
115
36
118
14
-46
-90
-36
69
114
-58
-2
-52
-3
-95
-14
90
-22
23
126
127
-85
-93
43
-69
-4
123
-111
-1
-112
6
-7
-108
73
40
23
125
54
-69
-25
-94
60
-121
62
119
48
-127
127
124
8
74
107
98
13
-14
43
127
35
88
-60
6
-102
-93
-32
-127
111
-52
4
54
-84
-22
25
-28
-42
-125
-32
127
-127
6
-127
16
33
-127
51
59
4
-24
-17
-82
-20
-32
-86
-64
-109
-127
-44
-29
-107
20
127
15
-104
29
-58
-63
94
-7
79
104
31
69
127
-92
89
-75
23
-62
109
127
-127
3
-55
-52
83
-91
10
-16
86
87
-68
-3
92
36
-127
-80
-77
104
127
-25
51
98
-80
-87
45
56
50
-31
19
-57
-127
-127
-35
21
15
87
127
-102
-104
-83
-2
3
-119
50
-96
127
-46
-64
-38
16
0
103
-34
-29
87
-127
-127
-127
-127
76
-119
-8
-24
-111
47
59
19
-111
-72
-17
12
-14
-7
-67
116
-127
-53
18
49
-34
-127
-11
17
76
-111
23
-58
-13
-117
-5
-48
-43
36
-72
-38
4
-57
53
5
-57
21
127
-123
98
-39
-104
-48
-7
-67
-18
-38
94
-29
32
-127
-13
4
-28
11
75
-86
67
-87
-116
106
28
-26
106
-86
27
-42
-109
80
-4
118
-55
15
1
-74
-78
-54
-27
75
115
-4
41
-125
-93
-96
67
32
-127
-5
-32
-103
-21
0
-29
-48
-63
-40
55
-11
-127
81
-75
-35
20
47
-127
-127
5
-101
-5
-63
-43
-61
82
-22
121
37
50
-71
42
75
34
12
55
33
-5
-81
-86
-16
-97
126
-25
36
-20
47
106
7
-105
-127
54
-4
-127
1
-84
-116
47
83
-51
46
-83
7
-49
-24
-43
65
-112
59
51
-1
9
-94
127
-64
-73
9
-124
22
17
88
-27
15
31
40
-126
-92
2
127
-2
127
71
-87
-24
-8
46
-16
-2
18
101
-48
7
-94
-127
-9
-56
-127
11
5
8
-127
38
-2
-38
-124
-53
54
21
-72
-32
-104
58
-55
85
19
91
-127
16
-77
-77
48
-51
82
59
-75
-72
-53
-13
93
78
-121
32
-127
127
-9
-106
-33
7
-14
28
-7
20
-127
76
-103
-103
-15
-127
96
82
62
84
-47
-121
46
71
-46
125
-68
48
6
-4
127
34
95
-120
111
9
77
-76
-81
52
-87
127
-125
-18
-114
-107
-32
84
18
-65
-26
44
-127
-55
-36
-9
34
-51
127
1
-65
-28
-6
-3
-22
-14
92
5
-53
-127
-55
-73
-127
-118
-32
-43
61
48
75
117
94
58
68
-77
51
74
60
-93
83
48
10
50
-41
-8
58
-41
127
80
127
-115
-95
71
29
-24
37
-127
102
114
59
23
82
-97
107
-39
105
84
127
-59
16
65
12
71
53
93
-60
14
17
-34
-85
20
-35
-18
58
82
41
48
-127
-18
52
127
-4
127
-16
127
75
-17
-121
16
21
-79
-16
43
-127
-57
100
-92
-69
108
-6
-12
-96
-121
3
77
110
-59
81
-7
-90
-127
-48
63
127
-82
41
72
-94
16
2
-72
-88
28
-7
121
-75
-127
-49
8
-35
100
-127
-31
-95
36
-10
-79
-76
-127
68
72
30
-111
-89
127
35
-56
18
-17
48
32
24
89
118
-127
52
127
1
-22
-2
29
-65
76
79
106
-77
-10
28
-62
113
-127
-59
-21
-127
87
30
6
-127
-64
-35
116
-4
-86
-86
-72
-125
-107
-95
119
-34
-24
84
-127
-127
-46
-115
-40
8
-57
20
34
4
-108
83
-37
-67
-41
-127
-35
90
-5
88
63
71
98
-17
-58
127
20
-11
15
112
66
-103
127
-80
-44
-14
-93
107
-23
116
-101
-95
6
127
-28
-126
-48
-50
109
86
2
-30
-62
20
15
109
127
48
-29
77
-76
-104
-47
54
-2
40
24
54
-92
-68
13
-8
-30
-127
62
-127
89
-77
-53
-55
63
-17
29
-45
120
76
-2
-87
-104
-5
