17291
-9115
-14714
-25698
-28867
11453
-13490
15549
-30017
-20122
-27524
5523
12056
5999
-160
-21765
6690
-2180
557
22288
27343
15211
-16598
-26015
10392
8817
4961
-26944
2233
33402
4510
-23733
-21976
-30502
-12260
-16846
-17103
21271
-23015
11258
-9313
-29266
-24962
3975
-5622
36673
7825
-15618
-8751
7638
-811
-32358
38162
14794
-30852
-11288
-4235
2265
45087
-11551
-20238
28104
15566
4042
12333
26496
18159
-24987
-13563
-19795
-26714
15306
-18641
108
-18564
-4556
1280
3738
-25178
-3209
-20415
-33911
-13806
-27632
-4198
-12553
-4815
-6255
5210
22087
16038
-4165
16021
9535
-6756
-4946
9159
23841
-7729
-15851
-15712
19746
12483
92
-19483
-6698
613
-4874
-2006
-4535
-19676
11156
1311
5212
569
-8282
-10317
14049
-3911
-2821
-6944
26509
-13311
-14506
8063
10751
-19070
749
-658
15961
11741
-534
4993
33902
-750
-11229
3408
1621
26706
4022
17643
5691
-4706
3019
-15808
-9025
-10587
19776
532
3595
-2019
-8603
-8898
-10658
861
-4925
-1646
-15469
-280
-16472
15622
1611
-5603
-15099
-3971
14407
1841
-747
1637
24504
-18728
-13622
-16332
8053
10660
-8130
-19852
5145
3672
16406
806
-11438
-21198
394
13529
-8356
14998
5868
-10302
13379
3159
-843
10882
23813
-19672
-20956
6346
-5070
-14638
10807
15197
2401
8513
-25044
2035
3685
5474
-3190
-1537
-8333
14109
-19065
20468
6421
5262
6220
3493
-7619
-2725
3978
-7232
-720
-6009
-2925
-15814
-17415
-1276
4583
9536
-1155
-7677
-15969
4480
6867
-6219
549
8168
5710
1503
-9201
8170
10958
-11724
-14758
-4434
20183
11986
-17285
-12637
-10566
-7985
614
-13222
-3218
-22409
12777
3552
-8778
-3909
17401
-11916
10720
-3006
3820
-150
16595
-2910
-17173
9806
-2134
-11810
3488
2294
2120
22850
-19570
-1072
12223
3839
2944
-7991
9047
8452
-19195
6216
36
-12412
12603
2616
-13046
-7370
-5405
-267
6730
-18081
-6336
-17397
-23719
-856
-10278
2305
-12450
-4514
-13188
8410
7899
-12765
-437
9611
4202
-4212
-9348
7783
21278
-13437
-23417
-10074
24990
24738
-19915
-17445
-19273
-4562
1938
-10746
-1824
-13642
14473
901
-3760
4561
9744
-9000
9137
4540
12148
-13096
27188
-11830
-25752
-368
16875
-8485
-3628
3678
11168
22678
-6102
-4842
9664
-1711
1698
-6488
-1669
16176
-7759
10392
6503
-8245
10484
17154
-7365
-18990
-23954
-24666
6826
6146
-5979
-21356
-19799
-21189
11605
34418
-2712
-1949
-30353
-154
-6661
-11261
11363
35442
-1720
-20434
-25977
26986
-11944
11424
-13175
-9791
17914
11474
-17360
8239
-42153
-4140
-5850
-19139
21610
-1887
-7210
-34631
-33191
-24252
-11097
-8733
14280
9811
3383
5699
-2702
-5955
-27514
23100
9203
-16445
11820
-22852
4491
43091
-11974
-32558
-2157
1543
6964
-7141
7204
19256
-3754
-21539
2759
-19378
29874
-5479
14273
-28340
-27859
-10396
16980
2707
6133
-921
-4118
-14674
-11684
-13523
-11890
-6884
-14872
47207
-16305
-6634
-13561
6678
-10212
2453
5205
-11201
27123
14571
-4357
-14740
-2494
-3374
6117
-22159
-3542
6694
-26578
9490
3612
-4120
-20501
-11705
-9544
17259
-7557
11510
-14185
22438
-4368
-1605
26489
-7341
-14753
10882
-8008
2118
8382
-3019
-18700
1925
18972
13462
5756
8777
-9707
-19024
8647
23570
7906
12092
22396
6810
-32455
-8010
17164
-22491
9786
9684
-12305
-19003
-5836
-4684
-35757
-12298
-5708
1068
5769
-15655
5814
5783
14097
16463
1499
14465
10898
14784
7416
254
4743
6869
-519
-20658
6501
88
24464
-14776
11009
14234
-715
10924
-7678
-6642
-6826
-1127
-32839
5935
19521
-12002
459
-5087
-18824
19216
17720
18428
-1197
11305
-17179
-25788
-6604
-2127
-15706
-125
18619
20061
26242
12615
-13797
-3396
-45
19934
-4670
-5666
10751
-1114
4950
1526
3572
-23367
-37271
-15276
14948
-3646
3362
-25150
-25888
-23863
-18322
6413
-27864
-1170
-36004
30390
-20202
2069
-22938
27030
4029
-761
-4115
11900
5603
12359
7557
-9155
28714
13284
1508
-23111
-15448
3649
-8863
885
-1180
-14410
-16040
-10538
-18230
5927
-9003
-7553
-7229
3968
-10474
12581
24907
-13157
-20897
6449
-4529
-18015
33818
432
1464
20693
-8794
-9291
-590
-670
-178
8517
3982
27072
-19843
14244
7770
-7016
9330
6034
-8428
-13928
-11815
-12516
-2598
-22809
11702
-407
-9142
1699
11664
-1798
-3983
-12564
-7101
14786
29637
-533
5650
8383
-3063
20941
1675
2498
21337
170
-38066
5054
18846
14628
-13883
-2462
-23941
-8756
-5094
-15179
7202
-21677
17206
14717
-2807
2661
15073
-219
11690
11916
23154
-13522
29649
-14552
-10267
-7329
14395
-12981
-3241
-2415
-2982
23790
3875
11216
21453
-2766
11759
-29946
-4396
-2598
-6557
12624
14469
-18715
17670
31881
4305
-20688
-6289
-29769
4130
-5848
-15238
-9748
-20344
-8260
-236
30913
8918
1653
-31500
-3816
7906
-533
12542
32479
16201
-12297
-20394
13797
-9496
32346
-6940
-10921
2617
-7994
-4232
5507
-23251
-3126
-8526
-15739
14628
2849
-15560
-34140
-20770
-13922
-24114
1466
11041
15723
7417
4312
-2505
644
-45795
18485
-12439
-13025
960
-18658
-19258
17093
11279
-24694
10858
11118
-200
-15363
27542
18744
-11192
-26600
-8713
-20816
6448
4118
3773
-17289
-22547
-12224
19173
4692
13489
-1899
-10972
579
9897
-4045
-8025
-12025
-3395
31391
151
3828
-1026
6197
-15215
-209
5868
8289
20788
11166
5300
-14180
18609
1877
-2711
-865
-6346
-10654
-20712
-8068
-3325
-8822
7339
-13093
-5040
9970
8927
18599
1826
-2345
9400
-4332
12635
1292
-13541
17104
-9305
-7162
4118
7308
-647
16331
3565
-4013
2325
-7087
20980
-13874
4130
15206
-4745
-6820
19325
-17462
-14734
-5414
17077
-32477
-23574
-19781
10458
12685
22394
-6891
-5024
-7602
3185
-4174
-8025
-10452
-12623
36419
-5151
15
9277
15112
-24245
4101
3111
-11404
36216
5842
-24189
-9042
25292
-13229
-4622
-15655
-14114
-7117
-6127
8960
12035
-23844
15480
6073
-30964
212
6961
18914
-6330
19498
-6187
12710
8759
1720
26415
27151
5390
-9082
5434
16898
-5965
27982
6547
2230
4181
4430
15784
-6959
-5373
10966
2313
2095
26098
6722
-14990
-2873
-10558
-6821
5318
2514
1721
3541
-38825
3967
-27127
14358
6800
26668
-17281
-18648
-19794
16296
-8036
-44174
-171
11325
3772
11528
-880
-11509
31619
257
-10151
-7513
-13313
8308
5855
3609
-9029
10906
11666
3505
12346
2849
-6616
-2702
-3486
9188
-313
-2043
-9958
-10502
22791
7461
-5398
1955
-35652
-17456
-25917
2718
12505
10959
-6691
13681
5457
9615
-16882
18778
-7628
-6480
6028
8033
-10319
18912
3433
13601
-20885
20483
-12785
-537
-2050
5960
3060
-20178
-18010
5427
-24939
3971
9205
-8078
-13528
18432
-21284
20219
13753
2267
5098
896
-22322
7340
-12481
1703
24019
464
-10767
16828
15754
17557
-4571
-15527
-15637
-6143
12785
-12540
-2834
-7950
-27167
3941
-10147
5325
15043
-3789
3491
24756
12349
-4700
27040
-1977
-13812
2553
19893
-1348
-4383
16382
-2949
18223
3561
-6950
4789
-15106
7033
-15040
-3439
28
-32102
-12329
10676
-1935
5271
12345
14668
-2520
-4240
-3219
14746
24226
-26952
22395
-2489
-14676
12252
15987
11873
31846
-6624
34251
-12135
-31254
5302
6838
-29106
3340
-15467
3578
16209
5004
-9550
-6598
-12981
-1374
-9027
12824
-25129
15320
-808
-3577
3473
6778
-22223
-40789
-11544
14854
-8132
6577
-7238
32097
29416
-18555
28634
-9497
-68502
718
-12639
19707
13315
3002
-22344
6717
21788
4499
-25535
-19788
8701
-33079
7913
-10941
852
1975
15386
-7858
-20743
8506
12933
-20500
-16173
-10183
709
5645
502
-3257
-17332
-14269
21699
8019
-776
4597
-9383
20060
-4988
-16860
-11572
9689
-6398
-3444
213
12641
16293
3708
-8071
-7940
12629
13729
-17084
-4657
-23248
267
-23095
-13661
-355
-5239
2588
-21919
-16384
568
-5026
-1195
-10496
19095
4880
-8986
15411
10631
-35345
15489
-5896
-4669
9812
-8759
-7657
17006
9017
-8904
-6084
-16428
1982
-19456
-6010
4666
-5326
-12525
15790
-6881
5374
22278
12722
-15119
6416
2733
-8305
-27234
-18086
12606
-36341
3162
-14187
4678
16732
-13926
4211
-2278
5591
5065
-11084
13077
26374
7746
13074
-2265
11261
22088
26746
-5526
-4047
11204
-3448
332
-4694
5668
-43310
-11616
-13944
14874
-5108
-30502
-8466
2439
14295
-3892
-7671
-7289
1364
-17386
6532
18015
-62110
6627
-21247
-11748
-14013
-20109
-10715
-12105
31495
11692
19794
12904
-9980
-12385
15021
12330
-5572
-21525
-7304
-18432
-28139
