0
0
0
0
-2033
-3757
-192
-6407
-988
-483
0
50
-1571
-1090
201
0
381
0
-896
-7320
657
-443
-749
-816
0
1499
-1053
-51
-1901
-1512
0
-2194
-2218
0
-8556
86
0
-3009
0
0
-108
521
0
168
1311
-274
-250
-13962
2232
-6079
686
925
0
-5248
-669
0
0
3175
-657
-890
-1306
-912
-603
0
0
-1916
0
-400
-2121
0
-1277
-1144
-810
-1170
-2529
1772
-1322
-4157
0
-131
-1682
-1068
0
0
-7136
0
-1252
-6888
-636
0
-48
1956
834
-1539
-3585
1504
930
87
622
-2074
-1175
4520
-921
-2134
308
0
-2412
-6570
0
0
-4315
-1061
-353
0
-188
-4412
-2342
-11885
222
-1530
304
-5275
-4381
0
-1948
377
65
2616
-300
-1330
-78
-1119
368
-9577
0
-6904
-612
-1301
770
-226
0
0
1764
1577
-1977
-3338
2257
-6472
0
-6281
-960
-381
3443
-594
1798
0
-3358
-4230
-207
218
1200
-3890
-7658
0
-3065
1912
-162
-3104
-4428
447
3422
-3034
458
-265
-2764
-4996
-1189
-2312
-3011
0
-344
3213
-2271
-108
0
-8802
-3100
-1996
-250
1144
-5902
0
458
-1168
-2177
0
-4427
2150
-120
2132
-550
3339
-1098
-2394
-185
-2868
-6169
-1987
-33
-5582
-574
2286
0
-626
2245
560
-18
-1648
3198
-966
-438
27
9485
-4965
-4100
0
-1680
1294
-168
34
-2106
2803
175
256
1901
1238
0
0
-949
-2438
0
-1861
-1979
1453
0
0
-5044
-5522
3163
-416
-126
-977
799
-2569
0
-1179
0
-869
1024
0
2712
172
0
-518
-307
-2053
-5924
1310
-3340
35
0
-665
0
1752
-1952
2408
400
1912
-14548
-1465
-519
-2814
-693
-114
-3855
-525
-1118
3716
645
0
0
0
-5298
-6027
-294
-4822
-2752
800
0
-66
-1574
-1410
-29
0
-30
392
-7505
-12639
-435
-2343
-3583
-650
-435
2629
2031
-2022
881
-769
0
-2659
-1767
-162
1657
5846
0
-2972
0
0
57
-4984
0
228
-5354
314
-3402
-8718
-2615
-6640
-984
1105
0
-6355
3382
0
0
3445
-1259
-1958
-1592
-2760
333
0
0
382
156
498
2133
0
-93
-2368
1
754
3158
7
1694
-2056
0
692
567
-893
0
0
-7526
0
-660
-2451
-833
0
42
-7196
-1365
-2327
-7654
3744
1429
-2977
-3355
-1181
-2462
-560
-1244
-6002
4749
0
-2861
-4341
0
0
-1495
-2806
1163
0
164
-10247
-1314
-14285
-62
-1116
4402
-6345
-1912
0
-1398
91
40
4267
1994
1316
-81
-2771
410
-7017
0
-3249
-2643
-1292
-1918
-3124
255
-297
-665
-1026
-1124
-1010
-3781
-5865
0
2377
-1800
261
-2714
-2864
665
0
-10209
6489
-4706
1441
-326
-4332
-4265
-63
-7053
-4473
-254
30
-7743
-734
-1958
-6057
1000
-369
322
-354
-1580
-3828
-7831
33
-886
-10778
-8831
239
0
-11821
-4871
932
1024
-2442
-4633
0
-2276
-1016
-1611
0
-9527
-5988
-726
4019
-7490
4709
764
-3189
-539
-4592
-5586
-4694
-150
-6087
-51
-2106
0
-3380
-7649
1267
-348
-1797
4773
-4779
-4621
-414
-4794
-3504
-3639
781
613
3415
-2376
-4159
693
5490
-4792
-4310
599
3459
0
0
377
11
0
-11067
3426
2324
0
-378
-5230
-7834
-8061
-1584
18
-1617
-363
-5374
-24
355
-430
-4963
-608
-592
-6095
451
-108
-6378
-3880
-1743
-8101
-948
190
-5707
0
1607
0
-4040
-2178
-2300
-5496
-4748
-19946
-3871
-1010
-636
-4495
-521
1525
371
-1825
-3711
600
-762
0
0
-7828
-3258
-162
-2560
-1115
67
0
-1129
-1929
-403
310
0
-366
-164
-1405
-11639
-254
3472
-1284
-131
-280
1080
521
-7260
-2087
360
0
-3975
-2115
666
-3874
-2164
0
-3403
0
0
-306
-4204
0
785
-726
1163
-3455
-8198
-351
-5279
294
733
0
-6736
3674
0
0
1134
-90
-4653
-204
-2995
-1143
0
0
-871
84
-438
-659
0
-106
-2005
-4058
0
1459
2102
-1767
-3449
0
415
-968
-887
0
0
-5105
0
3604
-3307
-363
0
-147
-3207
-2212
-2902
-9170
708
1281
-3825
-1711
-315
1352
-3980
-3247
462
-544
0
-2239
-2436
0
0
-1601
-2277
1222
0
86
-5145
-4139
-5710
-687
-1656
477
-5531
-293
0
-787
-195
0
1835
-88
2150
0
1472
-260
-10248
0
-1708
-3948
-266
1309
-2952
-381
-663
1734
4229
-814
-2421
-2147
-4890
0
44
-2927
-517
1202
44
72
0
-6177
-6615
-283
-244
-2608
-4664
-483
-612
-4572
-2091
134
-1819
-465
-2188
-5424
-2562
-2296
-365
-2109
-781
1345
-4608
-6704
-21
-70
-3002
-1339
-55
0
-9096
-3525
-546
-363
-3227
-6225
0
1372
1074
-2142
0
-4407
494
-3963
6554
-4056
3520
-1405
-967
489
-3126
-1500
-2112
60
-3987
-1724
-2513
0
-114
-3173
889
-36
-1880
8273
-1962
-4496
819
1511
-180
-2777
-1397
2841
-3641
-1006
-208
-983
6515
-4146
-1603
-779
1167
0
0
-1430
-525
0
-5054
400
3613
0
-540
2966
-7177
-2485
-2929
-94
-1398
-2520
-7812
72
2509
-1555
-1640
-962
-704
-563
3677
923
-2512
-1725
-3300
-10694
148
-161
-783
0
-1157
0
-1118
2
2687
-3736
120
-10527
-536
-493
-2508
-808
-100
-1014
-1428
-927
-2464
-2279
-636
0
0
-4836
-276
0
-1425
-740
245
0
-291
-864
-371
-45
0
0
-84
-739
-1388
0
-1848
623
627
-210
0
-1000
-6633
-1015
-986
0
-2794
-1155
-324
-4011
728
0
-3263
0
0
-147
-2685
0
973
-1930
-1237
-3236
-5553
-208
-5475
-648
1816
0
-9065
456
0
0
359
-468
-5214
14
253
0
0
0
1654
-381
-182
-1567
0
-3434
-1207
-1645
0
-204
1507
-1986
-1330
0
-667
-134
-568
-175
0
-6175
0
-67
-761
-441
0
-64
-6289
554
-1836
-8593
-2714
601
1627
469
-368
-1093
-4852
-1859
-491
761
0
-2954
-3750
0
0
-349
-5579
-3857
0
0
-3805
-3327
-10212
-121
-340
-6088
-4595
-2566
0
-306
348
-87
578
-182
1129
0
674
107
-3185
0
-2022
-1882
1146
229
-1790
-209
-145
398
3771
-1354
-4208
215
-4456
0
-2859
-1482
18
798
-1415
-351
0
-11148
-4151
-923
-3628
-1422
-3924
-542
-216
-697
1867
0
-4629
-2033
700
-2885
-5471
1492
-493
-345
-5021
-736
-2223
-7435
-258
-1032
1493
-887
-771
0
-7581
-2945
-1825
-36
-863
-7333
0
-678
528
-810
0
-1636
-95
2006
6153
-1299
3439
-1181
-3093
-141
-453
-4700
-588
0
-6623
-386
-2423
0
-1441
-3411
0
-1214
3870
5409
-4328
-1824
9
2620
-3914
-2038
473
299
1573
-1712
-1187
601
5231
-823
1809
1133
1217
0
0
0
-2620
0
-3698
-4061
1788
0
955
-2809
-5352
1712
-6060
-108
-694
1171
-3638
-1660
-1007
192
-3503
524
-512
930
3173
373
-3091
-448
-759
-9531
-554
-133
-1563
0
-337
-252
4089
1017
908
-2758
-284
-8317
-1576
-1420
-1477
74
-42
-2286
-1272
-1166
197
0
156
0
0
-3966
402
0
-1313
-1950
-318
0
-1867
130
-508
-112
0
0
0
-4514
-6438
0
-2781
-3242
251
0
0
-541
-2006
-886
588
0
-2335
-257
-46
1216
4439
0
-3306
0
0
-72
-4507
0
494
-95
-3298
-2408
-3652
0
-4388
1074
1320
0
-5931
1829
0
0
-175
-762
-3543
-10
-1311
0
0
0
-2400
0
6
-1221
0
768
-2794
-844
0
508
2537
845
65
0
-218
-158
-1807
-300
0
-4642
0
63
-1001
0
0
56
-6913
-185
0
-7400
-3147
-1492
799
-1862
-570
-1668
-767
-1198
-3272
1519
0
-3964
-2508
0
0
324
-4298
-3232
0
0
-3913
731
-3738
-2206
-248
1415
-2462
-1501
0
273
84
65
64
378
181
0
-1824
762
-3163
0
-769
-1941
1365
-389
-773
-72
-141
-648
3821
1340
-3290
-3452
-2046
0
1497
-2104
575
-3116
-1338
0
0
-5197
4032
762
-1201
-184
-424
-215
0
-983
-1938
0
2234
-4867
-1154
-1142
-464
-1796
0
-1862
-3845
-3761
-2291
-4811
-350
0
-5283
-519
-618
0
-6821
-1666
-87
-308
-1888
-1623
0
-190
-199
-1641
0
-4706
-1212
-2298
-291
-4860
4565
611
-5685
-138
-1914
-5216
-492
0
-4835
237
-309
0
-451
-1928
0
42
3118
3961
-1527
-1062
-138
-1108
-2873
-1598
0
410
-770
1548
-103
-56
5020
-5282
225
99
3747
0
0
0
-3359
0
-4590
-346
2063
0
110
-3497
-2264
-3216
-1118
0
-174
-262
-3493
-96
-12
77
-372
-418
-352
-3159
-208
51
-4260
239
-167
-3632
-339
-245
-3199
0
2695
-1071
-4903
78
-218
-2864
-1059
-2586
-999
-784
-459
-750
211
1296
0
-644
-4750
0
0
0
0
-2464
-3600
-1443
-3689
-3390
-730
0
-1509
-2923
-680
-3321
0
225
0
23
-1340
-968
-291
-409
-780
0
457
-1573
-2031
1757
-658
0
-2439
-3609
0
-2486
-2619
0
-5987
-128
-201
-306
1203
0
266
-1539
-1150
-635
-7512
-2631
-5555
-865
4699
0
-4660
848
0
0
1061
-568
-1777
1629
-2673
297
0
0
-1351
0
-216
-3126
0
-1205
-2124
-1027
-2098
-2663
-2016
-3833
-5621
0
77
-2489
-3022
0
0
-8523
0
1302
3284
294
0
-297
-2524
-4197
-720
447
1890
226
-435
-456
-3133
1269
1728
-2396
-2285
-4788
0
-407
-9307
0
0
-6777
-149
-3486
0
-1458
-3293
-1718
-2554
-864
-1422
2200
-8597
-4343
0
-2006
325
-55
4913
-525
1498
27
-4578
1464
-10792
0
-7320
-6116
-1594
-1446
1484
0
0
3940
2790
-2976
-7167
2115
-4180
0
-3686
-6531
-2127
1973
-2919
-3032
0
-1702
-5550
-3866
132
1196
1300
-2888
-1496
-5716
-9906
-170
2080
-6687
-1191
-5399
-2415
-1380
-1638
-4564
-10359
-3294
-5817
-2432
0
-503
3046
-3127
-2448
0
-7607
-6327
828
1775
2266
-7333
-295
-4256
1648
-3948
0
-6775
645
-4603
-2472
336
9744
-1602
-3201
-740
-5498
-8749
-1464
-1364
-254
-1710
-3326
270
60
2871
-1344
-294
-1313
6709
-105
-5534
234
-7536
-299
-7499
0
-1625
-4493
-1113
-559
-1122
-5420
4920
384
-3820
-6673
780
0
195
-792
0
-14227
-965
3592
0
-160
-4198
-4045
911
-2032
49
-1641
-3252
-8005
0
847
0
-5921
-2808
0
3142
-677
0
-3890
-2526
-3343
-5702
1494
-2865
188
0
-2094
-3451
1680
575
2030
-1832
-436
-3341
3486
-186
-1136
3327
645
-3562
-323
-1118
-590
272
0
0
0
-9982
-5545
-987
-2775
-4484
-223
0
-2428
-2903
-1048
-4549
0
234
-463
-10218
-13199
-1261
-2093
53
-1045
-635
-1163
-6865
-4334
-1282
40
0
-1081
-460
-522
-13574
-464
0
-2740
391
-306
-492
-5737
0
-486
-4971
398
-2835
-98
-1403
-3968
-1709
-2262
0
-6798
-4895
0
0
2420
-927
-4072
-4722
-1925
108
0
0
1790
-111
-1258
-1391
0
-3838
-1916
-7371
-1423
1538
-5899
79
-4794
0
-2408
-5609
-1133
0
0
-6353
0
-1708
-9244
-1390
0
114
532
2126
-3183
-8322
424
4620
-2372
-6368
2245
1953
3712
-3350
-4152
8282
0
-2834
-12329
0
0
-266
-1160
-3112
0
1208
468
-764
-3745
-3040
-877
4693
-8252
-6238
0
-4902
39
-20
3632
5422
-1949
-116
-2161
1380
-6422
0
-1682
-3467
-30
-1990
-7497
162
-1242
114
-112
-2676
-9401
-9451
-4164
0
-5869
-8046
975
-12000
-4585
-4704
0
-10267
-4503
-10245
2677
3956
3425
-2875
-960
-6649
-7742
-202
-2805
-12419
-667
-4052
-13644
5901
-1684
-7421
813
-1413
-7211
-1748
-127
-1344
-16433
-10396
112
0
-12333
-7296
-1330
-192
-4123
-11750
-240
1326
2250
-3383
0
-6263
-1139
2137
-2417
-8409
4289
735
1502
-284
-8724
-10015
2154
104
-4805
780
-5641
-756
-1861
-14187
147
-571
-12
12865
-4988
-706
-309
-271
-3681
-8781
-1309
5839
2132
481
1370
-203
-1110
3350
-296
-4844
-5331
-384
0
546
-4785
0
-13638
-473
2280
-1017
-524
-6795
-8040
-6159
-7688
-22
-5288
3101
-5748
-8
-2388
-462
-1167
-2096
-152
-8452
-3628
-312
-6730
-2170
-2783
-9807
-1791
-3804
-10779
0
1553
-754
683
-3761
9938
-8108
798
720
1943
132
-5231
-8191
-270
-3660
-1492
-1003
-8630
1205
-744
0
0
-7577
-7014
294
-3339
-963
-66
0
-4781
-3337
-1452
-1282
0
69
159
232
-21644
-82
259
-1752
635
-310
1464
-2938
-9818
1154
-878
0
-654
221
-320
-9448
-1370
0
-2708
568
0
-111
-3645
0
-2948
-3559
316
-5536
-2877
-969
-2260
-390
143
0
-13295
1710
0
0
294
-402
-4588
-222
-6418
-540
0
0
-1530
-99
-574
1742
0
-957
-2532
3298
986
3528
-4351
-1502
92
0
-996
-5234
-1850
0
0
-12087
0
-1742
-1498
-1466
0
-721
-3867
2260
1309
-9570
-284
2632
-6655
-2877
-3545
318
2496
-5798
-3659
360
0
-5058
-3757
0
0
-70
-631
1843
0
785
-4041
2757
-4741
-5659
1153
7957
-5873
-6110
-21
-5070
-1105
0
134
1379
-1466
0
-3199
-564
-9656
0
-581
-6629
-144
-1554
-1676
-285
-616
1288
-1750
1029
-7840
-8364
-6964
0
-1078
1116
1402
-5981
740
-405
0
-8467
5944
-2863
-419
8178
2393
-476
-828
-1408
-247
92
-3479
-1436
1163
-6041
-7651
-2347
-1886
-3328
-1933
-1771
-5122
-4054
-22
313
-6470
-1438
6262
0
-6748
-10424
-167
58
-1962
-6081
0
-5787
254
-1233
0
-6410
-1426
-1914
-6343
-4352
2542
-441
-3305
714
-8904
-4424
-1054
-87
1079
-445
-2968
-198
303
-3220
861
-857
-1241
5479
-6969
-629
-547
-10826
2904
-12795
-616
840
2175
-910
1549
-204
4313
1539
260
-5234
-4841
-756
0
-1018
-4094
0
-16465
5402
2745
0
-145
2940
-4662
-7290
-4313
356
-4194
-569
-7567
72
1054
-2253
409
6034
-424
-3158
-3474
-378
-4412
-4410
-3425
-13107
2222
843
-7745
0
-1558
0
-9811
-5355
-728
-4182
-6140
-965
-3295
114
-4402
-4068
653
-6
-322
-1231
-10135
-2090
120
0
0
-1889
-13967
-960
-1069
-598
-1352
0
-2953
-7248
-1377
-1830
0
0
148
-1941
-6965
0
703
-2296
-1659
-80
0
1856
-8858
241
-1666
0
-1287
-439
-1088
-9632
-5997
0
-11347
0
0
-789
-2375
0
-1616
-2641
-3983
-5465
-8554
-1079
-11501
-3135
2308
0
-15709
-3148
0
0
289
-294
-3647
112
-3553
-402
0
0
-2712
-147
-870
550
0
-2946
-5609
3834
0
-3620
-7605
4665
2631
0
-1704
-4856
-5231
-635
0
-13251
0
-1018
-3896
-547
0
-596
-4008
-2844
-2318
-12238
-1797
2185
-2110
-1366
-10010
191
-9081
-864
-2992
-554
0
-3642
-1470
0
0
-4817
-5571
-2129
0
0
-6986
-4524
-5937
-1883
1
2843
-7511
-6603
13
-5849
970
-13
6700
-693
1426
0
5370
797
-8796
0
-3340
-6081
-1989
-632
-1765
-281
-360
2734
2989
-1204
-14214
-3403
-4216
0
-3364
-5459
-584
969
-2197
-513
0
-20831
-8651
-1801
-1629
4150
-805
-180
-604
-1654
-2027
0
-1448
-3108
-2294
-6040
-7147
114
-623
-4623
-14897
-3182
-3579
-7112
151
60
4595
-2701
-2736
0
-11422
-8097
-2489
247
-1029
-8708
-147
-2044
-5196
-5007
0
-1110
-512
3856
-5926
-381
3970
-1676
-10831
-476
-6326
-1221
1438
-308
-5815
-1927
230
0
-601
-6299
1023
437
2399
10755
-4158
-1958
-70
599
3901
-8051
451
-2897
-5479
1570
-8585
-1095
3230
7731
-1590
-2656
-4872
0
0
-635
-997
0
-9798
-900
4514
-702
2333
-294
-7719
4088
-4915
403
-2662
1275
-6621
-250
-1621
125
-3337
-604
-746
464
-2923
-335
-4561
-2531
-4057
-6776
-1825
49
-4222
0
2212
-233
1907
-3763
6403
-6910
596
20
-2386
543
-3181
942
-3
414
852
-1463
-5140
-2551
-672
0
0
-14666
-2545
-1470
42
-5042
-404
0
-2651
1684
-204
-508
0
0
0
-6185
-1871
0
-4415
-249
635
0
0
5060
-2864
-543
1046
0
-1010
-830
-29
-4756
4535
0
-6743
0
0
831
-7545
0
-1140
-174
-2952
-1719
-902
0
-7645
-303
1422
0
-12364
-3743
0
0
-224
-480
-404
-182
-1900
222
0
0
-1394
0
-254
-1783
0
-2334
-6389
-4412
0
-1360
-4189
3097
933
0
371
-3167
-5951
-245
0
-8361
0
-3559
-1336
-378
0
-208
-3431
806
1524
-14194
-2599
1719
5072
-1810
3104
-1715
-3322
-413
-6225
2036
0
-2119
-3185
0
0
-1638
-4290
-3986
0
0
-5207
-4295
-2569
-1972
-2582
-4551
-4450
-2897
127
-3752
398
-55
1964
450
-354
0
-7295
660
-4588
0
924
-2377
-552
1415
-179
-127
-70
-268
2991
970
-11064
-7010
-674
0
-2867
-5879
268
-4445
-1714
0
0
-2268
-10082
-4526
-3184
944
-663
-144
-884
-1925
-1921
0
-128
-5767
444
-2436
236
-4163
595
258
-8846
-2251
-3607
-5683
-147
0
-4466
-1787
-5852
0
-10625
-4372
991
110
-301
-4984
-1239
19
-5054
-2904
0
-2210
-2462
-7299
-4669
-3216
10331
-1457
-2015
-2172
-2769
-6447
-67
-1400
-8458
-1108
-2138
0
-245
-1515
1914
779
1983
3866
-7172
1133
536
-4979
-6171
-4803
0
3161
-1628
-1676
-2135
719
6080
1655
-189
-1086
967
0
0
-250
-288
0
-6848
-3572
-1384
0
655
-4340
-6599
-1197
-1011
92
-2204
945
-781
432
-3349
-290
1412
-2789
-828
-3293
-158
-477
-7420
3024
-2405
-1292
-1642
-595
-5228
0
2912
-4057
-4816
-314
-901
-6781
285
-1491
-2367
316
-540
508
-1205
-2178
0
-632
-4929
0
-174
0
0
845
-2810
-2051
-6925
194
691
0
-4986
-1041
0
-883
0
0
0
1032
0
-44
-800
-1133
418
0
-2609
-5890
-640
522
0
0
530
-2061
0
-6189
-5271
0
-3776
-1176
-191
-381
1052
0
0
-1697
-318
330
-505
-3249
-3402
147
0
0
-4555
-478
0
0
4997
-49
-558
-132
-300
-873
0
0
-51
0
0
-2793
-62
-38
-3881
768
-2911
-2380
-502
-1154
-4088
0
-5320
-1695
-2002
-35
0
-347
0
184
839
0
0
0
2891
1033
-2025
2902
579
147
0
-2454
-8399
1263
360
-952
-3094
-6573
0
-438
-3267
0
0
-4595
-298
-1847
-315
-616
-1593
-36
1083
-1815
0
0
-5146
-4977
0
525
-1388
-88
4211
-30
0
-18
1956
424
-8201
0
-2620
-7338
-409
-1279
749
0
0
2215
-1290
-945
-1744
144
-4232
0
-4981
-6439
-768
3501
-3975
-1170
-312
-1594
378
-3933
24
2489
1720
-1320
-2080
-1207
-120
0
0
-452
449
1288
-1030
-205
-354
-3681
-19413
-675
-3987
69
0
-430
2245
-997
0
0
-478
-117
1360
1633
-145
-3887
-610
-4656
-32
-8356
0
-4194
323
-1488
-1071
-1186
-1141
0
-1451
-303
-1012
-3215
-253
-2237
-9636
1566
26
-312
36
1391
-563
0
-1519
9107
0
-4395
0
201
4397
-3414
994
-3369
0
-29
-1017
709
-2455
-2667
0
-5386
-5829
2312
0
0
973
0
-14706
-34
947
0
74
2702
-1290
-1246
-772
-105
-3279
-2477
-8597
-1524
804
0
-4754
-88
0
3011
-30
381
-1207
799
-4796
-7356
1476
-1137
-1721
0
-5089
-72
0
-5197
2329
-980
-5533
79
-1700
0
521
4458
-1241
-3508
1603
-3401
-3866
-623
-282
0
132
-6046
-7552
453
-284
-2940
-1298
0
-12129
-5262
-652
-1271
0
0
882
-10033
-3101
-156
126
-3784
458
-457
618
-4278
-1373
140
40
0
-1670
-528
-1071
-5936
-19
-1974
-2975
498
1040
267
-2041
0
-367
-283
-91
-2502
-8900
-2729
-1048
-720
2057
580
-13190
-4398
0
0
5607
-80
-3779
-203
-2386
-1098
0
0
-57
-111
0
-5658
-52
-3257
-3849
4218
-215
846
-3036
3175
382
-81
-3671
-4787
-1251
-970
0
-5042
-410
-3354
-3925
-85
-288
0
-1427
-3414
-1817
-7245
1240
-434
-291
-8033
-4575
-3826
3466
-587
-5678
3785
0
-18
-6452
-480
0
-2219
-524
-3734
-84
1
-5107
-230
-4279
-2719
-595
1434
-9403
-5911
0
306
-928
-1391
-3914
-962
1294
331
-1722
2689
911
-408
554
-8332
-493
1002
-1242
-1313
-1716
2767
-2680
-1568
-7728
-7365
-2549
0
-2878
2469
-1794
-5914
386
-1482
-1151
-11548
-2265
-4265
1534
1204
1385
-1364
-1903
-6634
-3951
-75
1206
-14737
651
-2504
-6870
-1966
-315
412
-1088
1836
-3417
1443
-816
-1219
-9344
-4868
-343
-1270
-8142
-1505
2071
-980
1602
-6632
-635
-2510
1364
-9040
-1270
-1606
-1154
1675
-2452
-544
9941
-394
-1205
-408
-4372
-8559
1389
-1664
-9355
-2352
34
-804
-426
-6251
-520
-19
768
10501
-1004
2635
3
1076
-3631
-2218
68
-1948
-3161
382
-5769
-1768
-3480
-2650
2262
-4555
-7754
-430
0
0
405
363
-13286
-1262
1398
828
3327
-9571
-2879
-97
-2816
-20
-161
1671
-6164
-3017
-2146
936
-848
396
-1460
-6053
-595
51
-444
-5421
-4452
-12698
2597
-4143
-6385
0
-1253
-5690
4090
-4031
-326
-3968
3116
256
965
-254
-4046
11
-1289
-5045
-693
-6997
-7186
-900
-636
0
-795
-6152
-6158
-382
-2224
-5160
-617
0
-4088
-4472
-1334
-526
0
0
-369
-6249
-14609
-206
-283
-5232
49
-416
4
-120
-5245
-3576
-1763
0
-4867
-20
295
-8021
1280
147
-5293
1875
-1142
-702
-1988
0
374
-4837
-3356
-6445
-8183
-240
-4397
135
863
-300
-6784
-1945
0
0
4429
0
-4291
-950
-1133
-531
0
0
373
-54
0
-3217
-33
-2418
-4917
-3180
-139
3135
-1536
-2842
-4907
-81
-7570
-4885
-2703
-1572
0
-9257
-165
-3591
-6327
-1164
-328
-160
-4177
-1206
-4022
-11396
1188
1644
-63
-4959
248
-2077
6762
-5594
-6042
5789
0
-5385
-6505
130
0
2168
56
-3845
198
1011
-7100
-4514
-9651
-2145
-1964
1968
-8880
-4289
-48
-603
-249
975
-4686
2558
-1207
-780
-3735
2037
-9148
-728
-4030
-7868
-559
-238
-4747
-936
-1719
2852
-245
1985
-5567
-9565
-7701
0
-7108
-7417
1791
-5672
454
1751
-679
-1746
-3445
-1429
-242
-1877
593
-3122
-204
-8498
-3490
-42
-3177
-6277
-1733
-2864
-5927
182
-509
-5060
-2318
-1206
-5862
-5817
-1200
-993
-9585
-1512
2494
33
-12372
-9611
-2946
700
-1720
-9124
0
-3015
827
-5032
760
-3426
2336
-2593
-5263
-7259
7195
-649
-2887
-354
-3917
-10092
-3801
-1213
-4511
-1397
-17
-438
0
-6124
566
-638
4734
10172
-8569
4025
-31
2764
-4745
-6525
-2524
8037
-738
-2422
-3846
159
776
-2352
885
-4545
-7146
-2596
-332
-365
-4019
-671
-12155
1372
-4184
-783
525
-2142
-7438
-4649
-6056
-71
-1489
1955
-8120
-306
-1037
-637
1692
5444
-1392
-5850
1137
1200
-3623
2447
2379
-12076
304
-806
-5055
0
1639
-5031
-2100
961
4357
-2439
-3590
-3903
287
-196
-3007
-6950
-187
-553
-1009
-4776
-9016
-1718
-762
0
-1731
-9648
-10155
-870
-2224
1322
124
0
-9477
-5630
-1272
-517
0
0
-189
843
-13113
0
-645
-661
-2250
48
2753
2247
-11330
-874
426
0
-2770
359
-500
-1390
-5675
-2667
-11638
213
-1428
-10
-1763
0
1138
-1683
-6775
-3984
-5378
0
-1408
-771
-427
-880
-2642
-1401
0
0
1326
0
-4811
0
-4115
198
0
0
-3087
-60
0
-1300
0
-6176
-1115
-487
174
-58
2648
-1152
-925
117
-7938
-5758
-6097
-747
0
-8680
-250
5837
2242
-1183
1016
140
-1277
-3394
-1356
-7519
1033
2180
-910
-2974
-480
5756
-4174
-3455
-4421
-92
0
-3512
2079
-880
0
-3454
-1589
-1291
0
0
-4276
-6031
-9482
-5331
-1760
4082
-7854
-8009
-32
3566
-1546
727
899
2338
-858
-810
-9211
550
-6025
-984
2577
-10390
819
-409
-130
-622
193
1864
5194
-672
-7807
-2982
-3712
0
-3896
-8341
-192
1998
-3922
799
-1030
-10830
2561
263
-3009
-1932
-5622
-4759
-1911
-3790
-5769
-204
-1762
480
-1533
-1806
-6349
3639
-239
-6199
-5172
-1074
-8116
-3425
-2953
376
-657
-1907
-2675
-874
-4060
-2211
2181
-583
440
-4732
2562
-4306
-1955
-2100
-930
-10941
167
4123
-4734
296
6600
138
-6163
-617
-1828
-4282
-139
-1784
2144
-2722
-216
0
166
-7399
-2244
-75
8665
10769
-1771
-102
-139
-2738
4155
-3628
-466
281
1663
552
3583
605
2765
-6709
1788
128
-6434
-126
-52
145
3765
-1397
-13619
1332
-573
-657
-323
4084
-9777
-5006
-5621
-118
-2168
-725
-3667
189
1954
2
1350
-2298
-1459
-129
-2046
-280
-4728
-2566
788
-8641
-563
-254
175
0
308
1459
-1515
-72
3481
-3653
-1570
-5041
2174
-837
-671
-24
-593
0
-75
-3811
-7869
-555
-636
0
-381
-10879
-2766
-1290
-254
652
705
0
-4591
5823
0
0
0
0
0
-4594
-3552
0
-5173
-817
192
0
1260
874
-8384
-2243
870
0
3123
415
-381
-3077
-5004
0
-11997
0
0
2230
-4781
0
1780
870
-2655
2713
117
0
-6424
2794
1164
0
-7187
217
0
0
-129
0
-1783
0
1480
72
0
0
-778
0
0
-176
0
1368
-2868
-4569
0
-2958
-2593
2779
-1918
0
-5067
-2447
-2580
245
0
-7417
0
1436
-6923
-762
0
-490
-1424
-4176
-1296
-15830
628
-2540
-1513
-1276
45
-323
-5279
-608
-1472
145
0
-5905
-2759
0
0
-1558
-3364
-301
0
0
-3926
-382
-5958
-3327
-1656
2208
-4752
-2050
49
2005
-387
-88
1224
877
-137
0
1846
0
-845
0
-4398
-2920
2262
-1451
412
-95
-68
744
-3342
372
-7141
-6312
-1936
0
2855
-8238
-160
-3879
-950
2159
0
-4622
-2606
961
-2072
-1230
2044
-2208
-1196
-3564
-3531
0
-2000
-1597
-832
-2332
-2546
-308
-203
1567
-17655
1341
-1761
-4119
-154
-1548
-2565
-1495
-1863
-89
-5358
-4274
-697
-118
-4740
-4111
-2562
2810
-1577
-887
0
-2487
-2701
-845
-1440
-184
97
-1320
-6819
-2009
-2709
-3570
-1351
-3136
-2889
-1122
-3021
0
12
70
1617
1220
6937
10761
-3326
-2093
455
1760
212
-3528
0
2035
-1413
840
1415
-90
2289
-5816
198
-4759
-3437
0
-508
-550
-1438
0
-7301
-2715
-2089
0
515
-2052
-3761
-914
-651
-27
-792
-2497
-3892
454
652
539
2330
-1774
-803
-2086
7702
-34
-5963
779
-1241
826
473
20
-4377
0
679
384
874
156
3249
-7840
1500
-2470
397
-490
-46
158
128
0
-127
-1142
-5780
-294
-636
0
-816
-2347
-2957
600
-1129
1636
-4096
0
-5173
-3302
-276
-97
0
0
-1143
-3431
943
0
-394
1152
-971
-127
256
918
-1383
1365
-508
0
440
1702
-214
-4530
-7662
-147
359
-1320
-892
-1728
-921
0
424
-217
-2375
-382
-498
-720
7759
-408
127
-920
315
-3388
0
0
2162
0
-709
448
-220
0
0
0
-1991
0
0
-1532
-127
-1649
655
-4570
192
-1079
-1388
-804
-2794
-237
-5824
-2778
-1356
-3351
0
-1728
35
-944
1985
-424
-256
0
1818
-3346
365
-5409
-458
906
-270
-6199
4502
4922
210
-820
-15
-82
0
-184
1329
-780
0
-26
-517
-348
-18
-1885
-2035
-1458
496
-3502
-553
1334
-4740
-3319
0
-3502
24
-195
-5679
-1534
1106
-310
-2706
1004
3820
368
873
-4070
127
-1682
-2826
1105
-2069
308
2243
-2285
-4894
-4578
-2633
0
-530
-11656
-720
-3049
-1150
0
-779
-3108
-900
-2519
240
2620
390
0
-3818
-8831
-6604
-243
-129
-6880
-1445
-3906
-3655
270
-908
-2652
3856
-1098
-3575
-1344
792
-508
-5005
0
-68
20
-3239
-1828
136
488
230
-4088
-210
-2772
720
-5707
-490
-1582
-383
1670
1485
1880
3820
-445
-1658
-138
-422
-1275
217
-3042
6402
-2923
-252
448
0
-5233
294
-45
-1047
6797
-95
-816
26
-4002
896
-2324
-2569
6669
-4064
259
2435
-1342
-3063
2160
0
-2342
-3254
940
0
0
-148
-462
-8285
-238
-4836
-1143
1470
-2072
-1001
-834
-360
605
-271
1649
-8585
156
-553
0
1353
348
-114
-2046
-5
-93
-3098
-976
2420
-7165
1664
-631
-3054
0
-601
-266
1500
-3698
6460
-1515
-3463
224
-409
-68
-47
9014
-1020
-6077
790
-724
-5045
-847
156
0
-1620
2380
-1540
-234
-486
-62
-1072
0
-7918
-5971
-408
-157
0
0
-108
-3943
-2970
0
-1963
706
252
-62
938
95
-3488
1685
-2587
0
709
-1048
-199
-6504
-4232
357
-7032
192
-1882
-5283
292
0
1110
-2233
-5120
-5249
-4870
-1245
997
441
4372
-900
293
-2943
0
0
1232
0
-3579
-728
-2512
0
0
0
-1340
0
0
-3743
-31
-1410
-873
1379
1234
1898
-3080
727
-60
-189
809
-2517
-2599
-1203
0
-9811
55
468
-281
238
-192
-990
1417
-1812
-3476
-1304
1003
975
-537
-5718
1199
2040
2894
-1471
773
5830
0
606
2627
290
0
1680
-1078
-3834
-75
-1555
-3087
-3636
-4992
-1512
-1940
2374
-4729
-5624
-48
-1838
635
-825
-1064
-246
-1623
270
-1094
5062
-1393
-720
2794
-2202
-3766
-1756
-1611
-1651
-617
3612
-2471
620
-5586
-9108
-4121
0
-3668
-526
-600
-3861
-1855
323
416
-1853
-5459
-2154
148
4373
1678
-2553
-1008
-1575
-10502
-381
690
-7300
-231
-3929
-6957
-390
-1740
-5204
-4184
-5037
-1070
-1118
-504
-2190
-5218
-459
-3333
122
-7983
-7739
648
235
358
-4098
0
-4032
1942
-3282
-480
-2161
-1871
2056
-1088
-4479
2616
-1180
-2416
-475
-3068
-725
-4399
-4214
-558
-1526
-669
-168
0
-3278
738
-116
117
6131
-2785
-373
97
-5461
1830
-4752
-266
3837
-6427
1728
-2754
-714
-5976
6450
0
-3188
-6630
-2460
0
75
-1444
-473
-11080
-3108
-800
342
2008
-3943
-3087
-994
-780
49
-3361
-74
-6082
-12
-960
372
2682
-1736
-318
-4889
-370
-720
-3835
-382
-2607
-6468
-128
-2266
-2710
0
3734
-987
3064
-4173
124
-2357
1597
-4844
2009
-76
-3790
1029
-2648
-1666
815
-2079
-7967
-1690
-744
0
378
-862
-6390
-3320
216
-1332
-2568
0
-4583
-6221
-306
-56
0
0
981
1841
-8527
0
-1045
-3668
1643
-16
617
-2667
-7758
-966
999
0
2414
-2383
159
-6918
-2936
84
-11904
99
-728
-5139
-2
0
909
-1694
-3290
-2496
-2476
0
3845
2612
-439
-460
-2846
-4090
0
0
619
0
-1880
0
-1429
-582
0
0
-935
0
0
-1980
0
-4940
-11677
6073
-69
-580
-3888
759
-4064
336
-9662
-5874
-3981
1846
0
-5617
-375
-2449
-1500
-1156
-304
380
2122
4166
-333
-1310
849
980
206
355
-10287
-840
493
-1914
-2741
-127
0
649
-861
-320
0
-2204
514
-5267
0
0
-4126
-5536
-2845
-5017
-1521
5158
-2087
-2481
-54
-4414
-6187
-300
-8428
-1939
-3664
-1160
-4658
0
-1577
-296
-4980
-4950
-2404
-3367
1464
-468
50
2524
-6602
-1016
-10901
-1863
-37
0
-6071
3519
0
-6006
-3057
136
-180
-6821
-5412
-3785
-714
4408
-3553
-1221
-433
2605
-2829
201
1148
1906
466
-1044
-2857
-694
-1244
-4516
-12047
-6246
-2207
-137
-480
452
-1501
1683
-2420
-448
4004
-2821
-2169
150
-1622
-5293
-672
455
1195
-1061
30
-1212
-826
7970
-2067
-150
-1568
-170
-3988
578
-2569
-2994
-114
2570
-5601
3376
-656
0
0
-3600
-3531
-697
1870
1275
-2893
-2508
-213
-147
1681
-2954
615
-1920
660
-4495
-1262
400
-1998
3785
0
-4524
-6153
-254
-252
210
-2626
671
-6956
2038
-2755
351
1156
3878
-2652
-3729
0
-93
-2925
-651
-438
-1492
243
181
789
-4739
-1003
-165
-3197
-496
-3383
-811
1630
-8142
1061
-38
-4691
0
776
-5463
-2188
-460
-2446
-5078
500
-3089
-2016
-134
-1572
-124
-2585
0
-119
-2324
-4542
