367
301
383
387
373
350
337
279
329
336
331
283
360
383
336
268
346
252
200
338
323
374
276
358
210
255
357
451
309
271
260
303
316
165
275
356
279
321
285
185
249
181
335
297
318
251
204
232
273
350
381
273
447
341
469
375
284
246
303
321
262
435
242
332
353
274
291
541
174
309
281
283
273
335
291
274
328
310
288
331
259
277
309
211
325
445
263
441
195
222
387
441
281
271
371
298
337
250
311
257
281
332
332
341
379
398
274
409
400
276
294
187
395
212
259
336
367
327
242
385
368
354
289
154
271
372
265
164
