-514
2661
-75
-1808
773
-931
260
-622
1385
-521
956
-152
533
839
-125
104
589
600
971
219
-1461
1049
1769
-1186
813
1669
-1273
-38
-308
-1396
274
-175
531
1928
-475
1474
1815
361
909
1213
-539
-311
1134
453
535
-198
933
176
1877
1231
1882
751
-1654
1719
-1486
397
996
2011
3345
765
1580
-1824
1636
1763
-487
436
1208
-1268
2590
-445
890
1653
-167
1296
1059
1003
-4633
1368
2622
-706
-1910
635
-454
854
74
-444
1341
367
-164
612
534
74
1618
2052
8
-683
640
1135
2604
-1241
-315
2230
852
-550
-245
-564
-1719
1473
947
2202
-1528
631
-474
-226
-1332
-544
-577
685
-951
1061
-230
2518
-867
291
1873
105
-758
2221
-219
105
191
468
1535
-558
282
343
964
-765
-1565
218
-150
-439
-781
-1538
538
1221
-73
275
206
-1575
680
-59
1192
613
-1967
-124
-541
-4
1292
-1424
1375
429
1837
1136
676
20
-381
911
73
1461
1190
191
-1419
2880
1305
2074
269
-576
-189
2458
-692
1143
810
1775
-342
-74
338
-796
-948
603
1760
346
330
-516
343
-2296
841
-429
1341
1984
929
1207
-664
-285
1705
893
-1598
647
-4
-172
73
-1144
1554
1310
-262
541
798
182
596
-671
2758
-351
1787
-187
-797
309
1016
2052
1608
-3
-1402
-1702
1191
693
265
2314
-786
-2480
1205
-199
584
-1813
1665
-2674
883
168
1502
207
-65
-117
597
187
65
252
3121
-652
657
1141
2344
-429
4711
1937
2158
-1248
10
-785
315
330
2053
520
960
-1678
-392
-1095
-10
2682
1196
1209
237
946
857
-518
1220
1205
127
-12
-1530
605
