-1782
-2946
-638
165
2912
-3389
406
-3039
-1081
632
-750
-947
177
-1262
-191
2246
-1111
412
2144
199
851
-3337
4782
3135
1383
2856
-1397
-438
2517
-683
-2142
143
549
-821
1855
-1958
-1598
235
1899
-1247
-426
2123
-1520
2587
-2844
2404
971
-3231
3652
2112
-201
-1446
566
-3213
-2657
-2920
-1804
1238
1326
-3114
-1429
4147
168
-778
-4176
900
2922
-4000
2463
1219
-906
-301
-1509
-2113
1102
1250
1723
432
-1811
-2926
-2758
-3875
-2330
-3459
-94
-1866
1348
3524
-4810
-3891
-2425
-2772
-139
1975
-1603
2719
2149
400
-2230
74
-1030
1814
-83
-2067
2451
-512
-1013
1925
-1634
-1663
-2742
-748
-1392
3465
533
-1397
-1292
1879
-2460
-1158
1054
-973
-2560
-2361
91
433
-50
-1365
-3180
-1801
25
3214
-2135
-1455
-4335
-1608
621
-1722
-982
-1993
3164
1348
3628
-2949
-2332
2481
3579
-1056
2171
196
1270
-1325
-1705
1004
1858
2684
-1313
-2163
-2006
4597
-3015
-3458
2168
-2338
-2161
1970
1185
-2714
-2276
-7237
-1685
200
-486
2503
2758
2801
-1437
-914
-368
-2550
-2276
147
-953
-4589
-1412
-2203
-2629
-4976
-617
3543
-1780
422
-4308
211
5010
-2596
2963
3955
-984
-4291
-2493
-371
-1413
-1451
4391
-1577
-1275
-2215
-4192
-1002
-4969
-2041
4860
-135
-375
3452
-4697
-3475
2025
-2590
-1191
-1007
-2267
209
-1812
1060
-612
-839
-1408
3249
400
-672
2476
2300
-621
3172
-4531
2179
-684
505
-1650
-2821
973
3620
1615
1470
-1644
4191
1044
-1224
1424
-2748
-2897
3891
-514
-3592
3140
-4021
-1393
-1376
5040
526
6673
-365
-1084
3715
121
1778
4482
2326
454
5619
727
-271
4462
-119
-926
-2646
3205
2585
1085
1107
3072
-321
1685
2736
-2949
-581
1349
2270
-1543
-2772
-1455
5762
821
-476
3929
5241
-531
793
358
507
-3997
-4083
363
1100
416
-2175
4948
2217
-2924
-1230
3336
9
-47
-640
-565
5203
4412
-1884
365
1515
-1114
70
1826
3569
-4509
-1852
-2732
1157
4548
2640
2365
-1891
-1552
9041
-739
-4568
1168
-6737
-1502
-1640
5929
1349
-2895
-3401
-376
-2801
-4033
6558
-2390
2621
822
-1531
-200
1214
-1368
1780
4120
226
-2637
-1042
641
1363
-2205
485
3229
1595
3060
1857
-38
-736
493
1486
-4741
-2440
1401
224
-2947
4668
-1260
-1670
-149
2850
-612
-3715
-1267
-1576
6667
790
4028
-2026
-2241
3316
-1476
1650
3283
-1091
2341
4949
-91
883
4391
-402
-1248
-2269
4878
3305
5307
1429
503
793
1609
4708
767
-1743
1201
895
-964
2088
-19
2986
96
4077
3710
5726
292
278
-2928
-2617
-4848
-2249
1733
528
650
-698
2479
384
-1045
-1113
242
2265
1763
-3199
-1453
1847
6112
-1265
-1929
913
1508
-2877
818
1503
-355
-2321
-1014
1147
6194
1200
-138
-570
-2491
5010
-1499
-4529
3487
-794
-3414
-275
3878
-873
-2819
871
-1407
-1418
216
2113
-1134
-793
1995
85
1108
2893
-1200
2170
2096
-121
754
2778
-2899
493
-3327
-2307
2507
1685
2041
4861
-1391
-2109
-862
1396
-3068
106
811
2111
-430
3471
-328
-1868
487
2215
-1692
-4968
-1420
560
4146
1101
1743
-1679
-690
2133
-2584
267
2480
120
3408
765
2711
-141
6100
-175
-1251
-2605
3986
841
2813
2477
1013
641
-203
4838
1612
-1215
502
-1321
-545
3535
446
3316
596
4546
587
4528
-1198
-1570
-3503
-2482
-4991
686
-1976
-3752
-207
244
1160
4367
414
-1837
1652
735
-302
-2703
-244
2914
5448
-485
-1593
-141
-348
-2140
2703
3551
-939
-3357
-2057
3416
6588
977
-222
-1504
-2049
4109
-3885
-1728
3819
-491
-1444
3032
5132
-3162
-3991
2115
439
-245
473
595
-3559
-3339
1653
355
2188
4630
642
2714
3504
-1209
-1602
3641
-2309
1420
-3487
-634
4978
-578
680
1984
1965
-2873
-783
823
-2479
523
-340
2155
728
5541
-1797
-754
-100
1751
-1345
-2112
-2919
-3568
5603
1428
2192
-2679
-960
2194
1244
-1420
1430
-948
2071
2878
679
1566
4420
824
-883
-1825
2995
1577
4590
2318
1282
1773
2479
5918
-228
-1008
973
-811
597
1925
471
1893
2
3071
4101
6274
2155
-453
-1829
-4240
-4821
-1945
1468
798
1299
-1454
613
-877
-1941
2025
-1526
3027
2930
-1740
891
-1965
3510
-425
-2195
660
693
-3248
87
-1458
304
-2707
1820
-957
4635
1561
-1719
-1509
-2096
2050
1173
-3488
3337
-2290
-3217
76
2737
148
-3864
-695
-1077
-356
1986
1828
213
-962
772
786
1528
4334
-1003
2706
1481
-1059
958
2884
-2723
-522
-1328
-3444
929
-816
2457
4813
-2593
-508
-1928
-125
-3460
1596
313
2656
-129
1973
1422
-2011
2495
4614
-513
1152
-1062
-1632
3701
85
-849
-3276
-467
2649
1401
3499
1200
-3822
-585
2390
-3490
3585
4
2148
1382
-316
30
26
5288
834
-775
-1117
828
3100
-2725
-1546
-3656
-801
-2014
-2557
640
-276
-2009
3152
3024
1979
40
-268
-1572
-2519
-2585
-3199
568
2784
-3333
809
1290
-3434
-94
2873
-3146
3420
-1317
1355
-394
-2315
995
528
-833
-734
891
-2087
1257
-926
-1988
-963
1539
-1181
1573
-1693
-2247
-989
-3138
2159
2501
-1626
49
-1817
-4224
-981
1619
991
476
512
-698
-2447
-2513
-1693
3486
-1735
2580
3156
3887
1448
-4319
5065
335
-1196
4472
1352
-3161
242
-603
-2477
-700
5633
1047
289
-2711
-121
-1234
-2462
-989
1758
4115
1576
1930
1770
3397
2258
3368
5087
-1026
-5040
-1602
-1502
7064
2474
4068
-2969
-1510
4125
-4409
1845
5311
-741
2571
5153
-179
-245
5433
680
-2445
-4355
3345
2847
6837
1487
609
-650
-814
4507
13
-1902
-43
757
-58
-98
-286
7175
-1806
4420
1086
6397
-231
-890
-1288
-3866
-4337
-1997
-3094
-318
-1476
500
5434
3295
-185
465
1828
1888
1832
-3462
-3210
3175
8115
-712
-4211
689
405
-2678
1674
525
-2849
-3782
-3885
1288
6928
561
32
-1167
-4049
11768
-2621
-4974
4898
-2812
-3024
576
4282
-3435
-4158
472
-923
-1390
-1344
2056
-2137
-2115
734
-671
5130
3902
-1075
3737
3456
-866
-1036
3175
-4368
1235
-4212
-4442
4742
121
2074
1466
1246
-3216
-615
537
-2708
1146
1402
1770
1469
7090
-1463
-2992
670
3627
-962
-3179
-1431
921
4274
-945
1724
-1404
-2244
1238
-4363
1147
1679
-3108
-1667
6724
-2161
737
614
2090
-379
-3827
1411
3076
4275
2093
-2272
-2692
-66
586
-2918
-1013
-429
362
-526
-5057
-1946
3307
-1989
179
-222
3669
-635
-658
-1879
-15
-1458
-2496
-951
1352
-2432
-371
3793
81
-2338
-1151
1177
850
334
-3456
-2747
4908
2078
-2515
-3565
-182
-540
-2968
1236
424
-2426
-1865
-3739
-1163
2755
-938
1038
-1635
-4381
5360
-4505
-4553
-581
-1293
-1519
-835
998
98
-93
-481
-1946
-3356
-2161
-150
-1533
572
242
-1242
1457
93
-1259
2394
1872
-943
916
-225
-3029
71
-3059
-2938
549
-383
813
506
462
-3391
462
-384
-1766
-610
2582
-1493
-1875
2716
-461
-1139
-29
-549
1623
-4780
-134
2950
2865
-1487
3215
-980
-1164
3056
-2977
1852
1198
-818
-1666
4371
-283
-669
1809
-108
217
-3831
3924
2301
1270
2414
-1411
-2494
1126
294
-3683
-623
621
285
-60
-2463
-1770
2263
952
-715
1374
4557
-1589
1557
-2498
1940
-2624
-3583
722
191
-548
-386
3008
158
-2027
-3179
2091
782
-1041
-1276
-2083
6879
2642
-1198
-2554
302
-1261
-1200
3627
4713
-2845
420
-4331
1424
3472
405
2575
-1244
-3046
4091
-4856
-2249
-758
-4593
-1346
183
3766
862
-2847
-1615
-1766
-2929
-3567
4029
-2612
1952
2827
-128
72
-797
-828
2516
1788
-2579
-574
-806
-482
2378
-2060
-763
1453
1541
-492
1425
1293
-3299
-1341
754
-2600
-2325
2425
-1361
-4467
2344
-1001
718
-1193
-818
1501
47
2252
-4204
7774
30
5897
-585
-1188
4504
-2027
4022
3135
1043
547
6492
-1778
-615
3032
147
-3214
-1455
4327
5462
6139
-552
405
144
-1493
2007
2010
-4187
2256
4729
1716
-657
2012
4696
568
4400
240
7497
373
-259
829
-3143
-1609
-3937
-53
4228
-180
1155
5114
-456
-1562
2499
3630
2613
3098
244
-2693
-915
5424
2282
-1706
764
1938
-1219
740
-1448
-4327
-587
-2636
-2265
3566
-1144
-2253
-295
-951
9670
2327
-6429
4785
-2205
-3702
-3139
4145
-2721
-3238
-820
-2577
-1746
-1015
3294
2683
-337
1311
400
4657
2383
-3887
1160
3479
138
-1471
1241
-2947
1659
-1830
-5018
-413
856
2021
3507
1153
-1499
1880
-184
-3688
-555
1481
3035
3405
4137
481
-3581
2243
6997
1156
-2245
1885
-1586
6981
3835
4498
-350
-2222
4896
-4140
5464
4625
2202
1095
8633
-504
617
4243
-349
-5096
-866
3370
5487
5950
-2
388
-1580
-3066
4124
4147
-3986
-1049
5105
124
-644
3629
8130
-355
7919
412
5675
2508
-2186
1459
-5792
-5222
-799
-4064
761
-1720
2239
6181
5872
-943
1419
6814
2235
264
-1891
-1720
1004
9803
-111
-714
1426
-172
431
1242
2343
-4568
-3052
-4383
2916
8141
-322
-3378
-3315
-3175
17482
-764
-3776
5443
-2073
-4918
2775
5060
-5621
-2704
6371
-2501
-2381
-1391
1154
740
-3141
-562
1514
10288
3737
-1557
1928
5983
-168
-2870
5337
-3710
1527
-4108
-5136
9254
2520
3337
2296
466
-876
2212
630
-2350
323
2162
3281
2687
6867
-537
-2103
1620
5155
-1939
-3890
-1038
2591
1979
-2516
-625
-3386
-1159
788
1499
1615
-112
-1217
-797
3513
-1140
2171
1353
-1813
2950
-2238
3396
2047
-573
3749
-1307
-1031
1585
-161
-579
-152
-70
-1920
-2440
-814
-1154
-42
275
958
-1218
1343
-1289
1792
-3748
1534
-1896
-1823
3709
785
-2343
-87
-110
-844
-1385
-4267
-2075
2050
-130
-3386
-1398
4724
1375
-2851
-15
999
862
-2215
884
2680
-2542
-1951
-1730
1897
2915
719
1941
-1433
-2764
-1088
-1697
-2308
-3237
-1642
-1123
-52
3026
4321
-2580
939
-2106
-3757
219
-130
-2498
3060
3126
2260
-2087
1482
-140
-791
103
922
2147
658
-178
939
-1367
1801
602
2213
-1033
2181
-1228
-1491
-1005
987
-2020
-2460
990
-113
-2885
-1403
-144
1250
-1921
-3475
382
-2964
-2246
1777
2359
-1591
1618
16
-4070
-308
2287
2937
-1231
-14
-1206
7032
-2153
3125
2223
1264
3543
-6169
235
3354
-765
2734
426
-3908
-1661
61
-1696
-3156
-3240
-156
-6279
-3875
-1599
3132
-3522
1364
482
-2040
-4964
-332
-3377
2999
-1880
-4902
918
1309
-4934
147
1119
-703
-1845
-4782
-795
3301
-1630
-3040
-2834
5524
13
-3866
5002
-85
-1524
-2084
354
4149
-4828
-1840
-3885
2511
3075
-1256
4327
-2555
-3132
3318
-2143
-2743
-3118
-1239
-1816
-1462
2958
3507
878
1687
-1751
-6821
-2920
1852
-1450
1680
2780
2684
-1489
-152
-1425
-541
1056
1009
930
-452
-531
1955
-2796
3513
1339
5990
-462
-373
-979
-558
2227
258
-3824
-3236
1958
805
-1379
3076
228
1364
-865
-1295
1988
-3943
2422
-916
7223
2229
5885
-539
-3200
4924
-4034
4835
4083
1371
2077
7093
1160
88
5172
118
-4157
-2847
4733
5647
5568
1128
226
-1408
-1074
4571
2799
-4490
-892
4853
91
1231
2650
6584
728
7129
1974
6375
864
-825
-475
-4243
-5744
-1940
-2091
230
-225
1024
5255
4529
-766
-376
5750
2818
552
-1947
-1944
3157
9433
495
-1217
1072
935
-781
2807
4625
-2838
-892
-4009
3828
8473
943
-1576
-1028
-2784
14109
-2348
-3439
5577
-2416
-5270
2291
5887
-4589
-3815
4083
-2935
-1531
-1093
3313
-302
-2485
1997
1900
7433
3519
-255
2378
4545
-1806
-2653
4630
-2835
2685
-4196
-5122
7434
3257
2099
3325
1095
-2317
397
1679
-2907
-260
1341
3237
964
6654
-914
-1456
1033
4383
1181
1877
7279
2590
8132
-351
6128
-3933
2534
8887
840
10932
8310
-1052
3457
2080
-213
3670
5668
-5102
2728
8333
11963
4158
8077
3074
2782
6681
3285
5370
4916
-1739
3377
1076
-37
7335
5389
-728
7407
9263
4698
8325
1789
1919
-3291
-5048
-8446
3303
9077
1844
1954
-125
-89
-103
-1564
-1300
1569
2816
-3075
-200
-1039
-1409
12263
5826
-1257
3409
10717
-363
6099
4650
-2976
-2722
4381
4999
9693
-1118
-5041
-1906
1325
2568
5578
-4975
1962
-2064
-2840
355
6639
-1387
-6358
4026
-3251
-1158
4760
1029
2429
-1084
6599
4658
6427
6681
-3691
3265
4248
425
3675
8873
-431
-1743
-2317
-1943
3897
6296
3774
8598
-2257
617
-2552
583
-2787
2323
2189
8054
1754
-1088
-526
1065
3393
4309
2010
-3559
1042
-2328
9817
1829
8117
-3270
-777
7781
-2876
5802
5864
-795
2531
6872
-556
-1166
5425
344
-2771
-2637
6746
4295
8380
848
1133
-1161
1358
5962
-273
-3727
1314
4380
-198
1464
2350
5926
519
5895
4972
11445
1089
1051
-2475
-4171
-6168
-4913
413
1315
1070
635
6405
2263
-1761
1803
3417
3340
1489
1467
-2721
1760
10632
754
-1858
2233
-1717
-2274
4258
3200
-3193
-1324
-1478
2629
8379
911
-3152
-180
-3557
12247
264
-4667
6852
-5461
-6375
385
7778
-3997
-5325
8
-2170
-1466
-2864
4695
-174
-100
5067
369
6484
3809
-3836
5372
4888
-1526
-1756
1477
-3272
1570
-2320
-4822
5797
3152
2925
4056
1000
-3863
-2259
346
-3724
-367
3164
2946
-707
7407
509
-2694
1844
7601
-1692
-924
-838
-929
3112
-2695
-2363
-3520
-1639
176
3669
2075
459
-2330
904
563
-693
4675
1348
4
1824
470
1595
685
528
3947
-113
1656
3166
2981
-488
-300
-2384
-2208
-3368
353
190
-2457
1605
3251
900
420
677
22
-2945
-932
-3604
-1031
3480
1292
-2412
-1895
-2040
-1715
-385
-1318
-3443
2090
-910
-2145
3231
577
-423
-1237
791
-1343
3868
-2431
706
2419
-551
-1655
2082
311
2392
1518
-711
-475
-2203
-3677
1098
-1970
-2100
-141
-3129
-1028
3531
4907
-528
495
-774
-2360
1676
-2196
687
-1092
2598
4232
-1822
3588
-1917
373
1250
2286
3867
2425
-799
989
-1256
765
-1490
4620
219
2740
-2517
1092
-1750
786
-3055
-669
-64
1567
38
-1391
2623
3070
202
623
2653
-15
207
-131
3724
-160
2575
-403
-1961
2995
4939
6211
396
150
941
3488
-1310
4236
2000
-432
1980
-1387
1301
2245
-588
1315
1825
-1056
988
3061
-1090
-3467
-1247
18
-6627
2073
1869
-491
-816
5432
3419
3138
-392
311
-4721
38
-5019
-4036
1298
1505
-3393
-1703
-47
-912
1566
-226
-320
4908
-1289
1315
2920
582
315
-956
6641
-142
-1348
-611
26
5996
-3321
-1794
634
3877
3040
-844
708
-344
-2101
2778
3159
-2846
-340
-927
-5450
-2509
6632
1481
1005
2038
105
-4545
-2483
1475
1664
-577
5551
4909
-763
2941
-3813
-1433
2213
2824
-533
1117
-914
3255
326
3347
28
9058
-982
534
-1927
63
23
-595
-2550
-3140
2365
3968
771
4448
4997
2845
-1653
3071
3165
-617
2583
-6661
9475
1952
8067
-1960
-1884
5775
308
5195
5209
219
3134
5552
121
-107
2856
-1160
-3982
290
5636
4196
6850
-1567
1282
1722
3135
6900
1384
-5409
2689
5331
-205
4039
2349
1792
2492
7158
6331
11348
3021
1843
-1038
-4891
-4607
-4122
3224
4554
4661
1402
5058
-908
-229
5147
3191
3945
3063
3815
508
-2663
8416
1517
431
1419
2593
-668
-518
-219
-443
1266
624
303
5844
1023
-4026
2187
-299
7540
5672
-5960
9032
-1893
-7596
-3468
6427
-3480
-2695
-1262
-1577
3205
-968
3768
3412
-62
5059
-121
2301
3432
-2931
-364
2536
469
-713
1475
-2486
160
197
-5474
95
2679
2915
6794
-92
-2775
-1447
414
-2476
-1718
170
4380
1726
6091
2480
-3756
1668
8817
1086
-3363
1105
-1691
7237
-2694
7284
-2514
-1737
5609
-726
3391
528
159
-844
7875
-1173
-1670
2105
-2598
-1768
-3413
8252
6205
3098
925
-2028
-2356
2438
1311
581
-4678
5827
3778
-437
1375
1562
1233
2554
3385
1100
12238
-378
3129
-4244
89
-2324
-6485
5401
3645
1744
971
4482
-1454
-1972
-1312
2385
4094
4207
609
-1867
3687
5085
-1110
-750
2342
-729
-2522
1362
1665
-3546
899
-2672
639
5077
360
-597
578
-2123
3412
170
-6609
3535
-3127
-5052
-2680
6685
121
-5043
-541
-4337
-2536
-1823
5900
-1001
4243
6047
-185
-1584
1479
-2754
-1958
2258
453
-1541
-1924
-1165
1995
199
-1768
-802
776
-1239
6970
340
-5367
-1075
945
-3500
-5746
1134
632
-3451
2549
1009
-3110
-2567
2106
-564
-2261
-3705
-3723
7240
672
4301
-1716
-37
2822
2621
2198
3146
97
1785
2899
916
2285
5758
1437
732
-1462
4157
1291
5375
3254
2950
2385
2293
7733
-451
-644
169
-580
-2296
2103
1339
3158
1547
4133
5528
5688
295
410
-1299
-4078
-6939
-2041
3473
26
245
-156
1377
-487
-3751
232
-2250
3289
-167
-418
967
-750
6226
-524
-249
623
1707
-2159
1677
-98
-428
-3459
1827
1078
7602
3038
-2752
-3272
209
3235
3022
-1569
4272
-4134
-3376
1521
3475
404
-2492
-211
-2074
-1269
2018
1474
316
-1442
2423
1731
1807
4933
-1130
3711
3196
-821
2004
3836
-1127
-1469
-2542
-1552
3741
2411
5415
6967
-2307
-761
-3751
1071
-4899
1265
-331
4431
-1866
1496
841
-1428
4915
5082
1885
1881
900
-3120
6581
3189
4870
-859
2461
4268
-636
4602
7949
129
2118
245
299
2420
5178
-222
-1598
2798
1413
162
7120
153
2989
5294
-860
5747
-634
-409
2382
-105
-454
1547
659
3076
1502
4622
1758
6356
3205
-1727
652
-5034
-6037
3104
-729
661
-272
-363
2204
1223
1149
5076
2104
382
-885
523
1683
-3101
5383
4653
-1841
-2047
6309
681
160
-2191
-1788
-4551
1081
-79
4555
-670
-1939
-2062
216
7379
5535
-4779
5117
-2718
-2209
-2741
3169
-4035
-1317
-2310
1097
1323
1186
416
3027
-3894
441
464
3997
4945
-2948
1191
5259
2661
-600
5472
-3021
-1114
-949
-3092
-1450
1814
4005
1004
467
111
-1885
-1419
-2568
2585
-380
5471
3840
4368
3401
-1442
2030
7373
-1947
-2546
-1297
745
2638
2665
-541
-1784
-193
1462
-5074
897
3383
-2986
59
2070
210
1049
2350
1506
-1803
-2172
-1075
-825
5811
1349
-1696
-2480
-1630
3833
-1187
-2212
-2032
-1420
-1164
-3321
1228
3775
-2136
3601
-898
4169
1197
-3442
-644
-4462
-3752
1339
-5647
-2215
-2849
720
3339
4403
806
1587
3206
640
-686
-1847
-241
2387
4529
-999
-3568
-1204
-1959
-1655
1894
-343
-2411
-3184
-2025
1662
4777
-436
-2184
-2171
-3638
8836
-3522
-1293
2362
53
-2553
3163
2603
-4397
-419
3031
32
-711
-2615
-2025
-1573
-3787
-960
35
6892
3178
-566
3869
3654
-328
-484
2659
-3872
56
-2672
-3940
5737
-1009
667
-2179
1198
-3481
-775
-1801
321
1641
2243
-222
1221
5706
482
-286
565
2373
-1086
-2052
-508
-1112
4474
-984
1919
-2633
-2210
2508
1277
1644
-176
-521
800
2926
378
2852
3698
575
-1403
-3520
3259
2938
3335
2930
-968
-622
1103
5401
1900
-4383
-1017
483
-1670
1542
4246
1246
1198
6332
739
5610
1133
-1064
-2663
-4677
-5147
-1521
1371
618
-1608
-329
225
903
-1138
375
759
4745
1144
-702
1932
722
2896
457
-854
-397
1727
-2935
2580
2404
-1953
-1243
694
2090
7019
1244
-2482
-1556
-1725
3146
635
-1920
2923
-1875
-5537
2391
5139
-504
-3990
3732
-3692
-2317
1347
1719
338
-2541
2784
5083
3709
5342
-146
1580
2220
-1234
219
4662
-2468
1806
-1942
-2893
3171
2501
-301
4923
-2370
-1629
-1915
92
-3342
-497
-326
3026
-218
1723
1415
410
939
3880
-1287
4846
7720
-2067
10211
-2816
6851
-2888
100
5727
2745
10347
7740
-680
2755
4208
-837
4478
3103
-1171
-320
9733
9197
8522
7953
2619
1639
8671
4739
5183
9699
-3419
2303
7651
-259
4212
8767
492
8132
8979
2079
5995
4961
-1158
1817
-8421
-7687
3510
11303
4405
485
-2700
-835
-241
-5742
103
2957
665
-1801
-1234
3316
-2690
8864
4541
463
1799
14576
-2044
3379
1323
-3625
-2222
8398
1007
8240
1269
-8599
-967
4912
2227
7690
-7435
635
2006
-3405
243
5372
1685
-2397
5753
-6079
-3065
9784
-2825
4848
-247
1020
5362
7549
9953
-728
1708
4948
2934
3624
10335
1862
-3570
-4599
-4379
4183
3400
6414
11608
-6350
3213
1088
1168
-3584
1738
-1393
7738
3256
-4280
-1539
-1719
5873
6152
1272
-1705
-3653
-4700
7230
1636
6759
-4381
-81
5124
-2112
-1583
1695
-1374
-1088
8943
-2821
-1956
2340
-1842
-2922
-4178
4578
4135
6194
-1607
-18
-2373
1766
1124
-2990
-2723
6540
2215
2435
-2763
-2505
3549
-2120
-434
2654
12612
1107
1454
-2331
-391
-206
-6981
1127
3877
3102
595
7014
-1932
-962
3847
943
2553
7099
-589
-3447
-114
4011
-2073
-3237
2215
-3837
-2332
-1144
-4998
-2923
-867
-3314
-4338
2082
-977
1102
74
-4951
5768
1196
-8802
4642
-5370
-3315
-6612
3196
-1664
-3646
-5348
-656
-665
-4265
7313
-520
3584
1429
-6282
-1721
-51
-4359
-100
2222
1103
-925
-5071
-4658
-543
2545
-3705
-3592
-3274
597
2616
66
-3771
476
-991
-2807
-3863
4236
-1152
-972
5566
2810
-5345
-2701
4389
-1079
-2627
499
1517
4652
-2401
1839
-2643
-2037
2717
-1536
3908
176
-2445
13
4705
-422
2505
3134
1179
604
-3377
2967
3206
3882
3825
-1841
-3118
184
2939
-54
-4021
-871
486
-2662
-586
3128
1164
53
5289
-1225
6668
-965
-1495
-5022
-2562
-4619
-1712
20
-19
-3387
-349
1683
1949
-933
-1890
1811
3954
-165
-1484
-153
3711
2835
-564
-771
306
-1092
-3568
3686
4167
-3654
-2311
-951
3192
5991
-787
-1883
-1352
-3578
3912
-2379
-2570
787
-665
-4334
2265
5843
-907
-2594
3537
-3195
-4030
-849
-541
-1156
-1315
4273
3651
3797
4542
-1124
2399
3481
-529
-206
1862
-2359
1758
-2061
-1565
3062
2853
-1040
1785
-290
-4245
-510
-1182
-2381
-939
2164
1601
-886
3399
1516
950
134
2053
1815
-2236
-1452
-5677
10023
186
8565
-4449
-746
7124
-2037
1330
1703
-1788
-926
10001
-1202
-2383
2556
-1832
-3915
-3598
6893
5579
6524
-244
-749
-2135
2737
2890
-1751
-4742
7953
3293
1189
-122
-20
2692
182
2679
2517
17260
2145
1736
-3484
-1718
-2780
-7883
2685
4373
3077
536
7776
-918
-739
4264
2123
3847
8186
377
-2152
272
5890
-1044
-2474
2007
-3285
-2554
-371
-3206
-3501
-163
-2466
-2854
4413
312
-1442
1224
-4544
7012
2019
-9706
6874
-5063
-6106
-6077
6363
-2054
-4562
-3653
-2301
-420
-2872
7617
-281
3328
4767
-4099
-1220
2743
-4766
-1686
3908
2078
-2676
-4477
-3927
409
2811
-4746
-3055
-2284
616
5424
1234
-5840
-1637
-626
-4208
-5283
2847
292
-1507
6490
3279
-5989
-2999
5512
997
-1749
-1931
-3664
5517
896
4093
-3920
144
4781
40
809
3444
-1091
2837
2641
-1671
324
2282
-154
-2644
-703
2895
-805
5626
-1098
1402
1493
1671
6305
-2051
-362
1254
1331
605
1669
569
1722
-291
3039
4805
7762
2834
801
-1351
-5045
-4232
-1744
160
1289
3181
968
3408
738
-337
4354
-613
1844
1736
3146
-663
-2683
4406
1088
-2914
362
-1005
-967
1844
-300
809
-1457
502
-84
4535
253
-2054
-882
-2608
4882
2998
-1613
7206
-4206
-5190
-174
4174
-1938
-2916
-1988
249
2500
-2403
2574
1003
-1170
2718
-322
1713
2200
-2932
4256
1500
-1012
233
502
-3486
-642
-30
-2711
791
1923
2869
2857
-1901
-2058
-2582
-1169
-2903
2188
975
1172
-168
4231
-14
-1590
1240
6837
3434
3399
-2363
-5021
2353
3342
1461
-2116
1156
2903
777
1052
747
2234
-1003
5931
-5174
2399
1675
-1241
-965
402
-1169
1877
3702
-4024
2839
-1941
-2405
-1274
-2170
-838
693
2697
3514
-2911
-592
2880
-2774
324
751
3548
2097
-280
375
-1459
2371
-3492
-2374
5524
1205
2033
4555
-2861
1722
6214
1403
2635
3344
1223
-1712
-6605
-436
1574
-148
3074
-3507
1292
-3671
-4807
-3071
-2757
-2413
-4178
-1873
-3844
-571
-1538
-2216
7211
6290
-3776
2260
-5792
-557
-4984
-231
-2833
-1480
-3723
1742
-570
-5300
2191
4814
806
-1442
-2979
4186
-1323
-3892
375
2417
887
-222
-2813
-4158
50
4084
-1750
-3984
1514
1471
-1928
-1690
3046
5040
-4075
-433
747
6033
1626
4577
3274
6092
-1502
1570
6852
703
-1609
2141
-2094
5051
2218
3450
-871
1383
4516
-5159
3158
4474
-1433
1620
2232
3112
-2434
1938
1009
-3409
2530
3472
604
5640
2077
50
-213
1015
4828
812
-1767
1867
2294
1156
2682
3692
3355
3278
5979
2289
10116
4145
-948
613
-5502
-5272
1038
-2558
-2468
2153
537
4253
6052
517
3698
4447
-340
488
998
1160
-500
9009
1637
-2869
1292
-2928
447
3253
325
803
-1330
686
2082
6018
2673
-6789
-603
-320
9035
-265
-852
6480
-1642
-3518
4313
3940
-6341
-1946
2303
-887
2439
460
-245
-1262
-2070
1884
-913
7300
4556
-657
2186
5438
-1285
-3098
1954
-771
-1308
-187
-5609
7823
-2800
3595
2425
3692
-3700
-2777
-1321
-219
1635
-302
1580
-346
5812
-490
-3025
1909
4968
3800
-2654
1508
-7167
13099
-55
12417
-3866
-1638
9112
684
5689
4684
630
2415
10101
274
-1078
5447
-2267
-4058
-1722
10105
7543
6968
-520
1770
493
4397
6284
1835
-6100
7087
7083
-1
4901
2676
3479
3230
6927
5779
17987
2700
2827
-3825
-3296
-5479
-7399
6542
5229
5525
353
7492
-187
-1493
3950
3558
5441
7039
2460
-1122
-551
9963
687
369
3811
-120
-2046
518
907
-2818
236
-257
654
8488
2481
-3807
2506
-2130
9064
5477
-9326
9917
-6129
-8249
-4803
9887
-2613
-6386
-2342
-3492
638
-1149
8413
993
3441
8010
-1251
157
5180
-3422
-1557
4971
1643
-3273
-1256
-2500
952
1203
-4319
-187
1826
3048
9456
271
-4578
-1726
925
-5603
-5149
1298
4290
-1062
6296
2582
-6080
-906
8104
-945
-1465
-1201
-5212
9824
-3602
5461
-5698
-853
5205
-685
1244
148
-3554
-928
8910
-2327
-168
2097
400
-1499
-2702
7074
5589
6797
2304
-1810
-1808
3772
2606
-1379
-3774
5443
2814
1634
-1288
1104
611
1250
2524
851
14920
1665
1405
-4441
-1947
-1736
-6915
5356
5138
2015
-88
5055
-2863
-3435
2748
-448
4479
7033
62
-1675
-313
3542
-828
-3581
2278
-1596
-5163
1399
-3069
-2755
-719
100
-3883
3859
286
-3906
605
-4400
1312
1901
-8264
4023
-4438
-5419
-4156
5237
969
-5141
-3528
-4168
-1884
-435
3425
451
3744
5324
-1465
-635
3717
-4449
815
3327
758
479
-3672
-3497
-394
1588
-4934
-3972
-2237
971
6633
-42
-5063
-1711
-1211
-4816
-3308
2771
240
-2092
1570
3040
-4340
152
4998
-2083
-1900
180
1354
1974
-3391
-1618
-2351
-3685
740
1908
2473
582
-2646
1057
3418
-2439
4240
-244
1348
1774
-726
617
1597
-346
3514
-1098
-955
1931
1594
-283
-1040
-4052
-240
-4978
-2098
782
180
-621
3461
993
-675
-819
-1495
-2466
-678
-3025
-1982
1199
1073
-4232
-2995
-984
498
-1030
-2879
-1745
1853
-2002
-2703
1616
3516
-795
-2835
976
-572
1599
-3204
1993
5000
-2783
-2016
725
1446
2563
-435
531
-1259
-4320
347
-2357
-3004
-3755
1205
-3102
476
4318
5135
269
3303
-1400
-5544
-745
-1617
-950
-326
1742
4643
-176
2443
-2464
1827
932
1070
2765
2052
-652
1770
-4045
1523
1796
5415
-694
379
-3479
670
1602
-588
-2907
-212
920
-455
-66
1058
-1056
2967
-858
-253
-978
-3065
786
4396
260
686
-1146
-2135
294
1864
-2680
1635
6091
-1199
2992
-1582
-1291
2348
2801
-1529
1447
612
2290
-1996
2223
1359
1320
2226
286
1863
-2115
2538
-3250
-3282
-436
-1260
-1425
2527
864
671
1988
-3038
-823
123
-231
-459
-2198
2634
-1320
-1695
-440
-1483
309
1982
-99
-3228
-42
-1122
-3919
-3161
-1452
4719
4265
256
-4438
-201
4842
-875
4595
5002
-1123
-2475
-2225
2681
3534
-483
2764
-1719
-2479
3559
-3921
-588
-1701
-2193
1082
1213
1719
879
-2725
-360
1287
-1040
-2125
542
-2298
-2100
-38
1200
2277
145
-1453
5012
877
-1090
2911
4236
-1569
1507
-5107
118
3755
3344
547
-1469
167
1192
-1286
1490
-1180
3487
1835
-275
286
735
-3901
3354
-288
-1981
-1247
-1599
2758
4198
3105
-1018
1072
-4383
1862
5049
-1017
5386
5102
-1707
2638
-464
-51
1788
3235
-3852
2173
4583
7566
691
3722
3279
1069
3216
2894
2866
2350
777
1124
-1460
-663
4469
2996
-569
4762
4805
1753
3714
902
1257
-3165
-2852
-5492
2958
4496
-1609
444
-695
-588
2357
-285
-3544
138
-28
-2889
-2023
-251
2336
7762
1574
-2356
2209
4646
-790
5531
5127
-1160
-2684
2005
4808
6829
640
-2373
-1540
-262
269
-332
-1156
-378
-1220
-707
3002
4662
112
-4453
3529
-1144
-1218
2319
-543
-1989
-1027
3388
2383
3637
4304
-1254
3387
2842
521
2660
5154
72
-779
-2307
520
5712
3116
1336
4331
-1246
-193
-2631
1073
-1173
1587
1166
2484
-844
-874
-2412
1839
237
-504
2566
-1469
4797
-2068
10822
2233
8530
-1037
-464
7711
-1493
8449
7544
1582
3105
5302
673
797
6892
-2241
-2999
1096
7975
5904
9000
1248
1634
3035
-362
6707
5292
-4990
2666
4583
-15
4600
3420
5098
2600
10179
2996
10346
1349
-118
-881
-6229
-8082
-766
1490
1988
-167
1468
4167
1976
-783
1335
5337
3916
147
739
-2008
-623
12474
3656
-510
1013
5192
-205
2659
2248
-4331
-1920
-1185
3140
9608
-306
-3802
-1675
-1162
13017
3420
-6336
6938
-1617
-6324
-664
8494
-5075
-4986
2859
-2839
-1093
1235
2931
2619
-2910
3609
3156
7733
5758
-3589
2669
5291
243
-1238
7429
-3604
1366
-3891
-5088
4306
4623
3758
5821
213
-1980
133
1021
-3851
-112
1133
7466
3933
5857
759
-2541
3059
9164
559
-2210
-931
-3091
7515
2204
4760
-4698
-923
5763
-1461
5752
6951
-3684
4330
3011
-2112
-94
1859
978
-1017
-162
3602
-647
8785
-1239
2100
460
2929
7833
-1879
-2056
-2301
2054
-3243
1690
1296
2759
-977
5111
8237
5828
167
1277
-1854
-5175
-5456
-3585
730
948
1564
1815
5292
1110
-223
2737
-864
1216
-1541
3458
-2199
-299
9524
-567
-744
1068
-434
-1591
3323
1874
36
-625
1383
2529
6698
708
-3453
1148
-1869
7376
1973
-1524
7266
-1839
-6072
469
5166
-2694
-205
186
893
2001
-3837
374
592
-2212
4536
-807
4577
2581
-3888
7287
1807
-597
2765
690
-2741
-1549
-2249
-2743
5889
5462
4383
3083
-1098
-2943
-3320
-64
-1401
2198
2439
1637
680
7588
-1502
-1336
3348
7207
1064
-7319
-1411
-1172
9090
4204
7700
-1520
-1508
5615
-4647
3882
6341
819
1664
7348
2524
-1871
6739
-1060
-3272
-4392
6472
4801
6440
2057
1138
-861
983
5981
1688
-2957
2063
2535
-941
2370
117
8477
628
5511
3915
9574
585
521
-1280
-3156
-7101
-3220
-432
-1464
906
1098
6824
4731
-1514
-1036
4536
2077
1813
-3384
-2559
5596
13074
-2486
-1932
2016
-1183
-990
1493
2709
-2633
-2253
-4809
4020
10743
3699
-863
-1156
-2806
14516
-3076
-4562
6688
-4317
-3929
1820
6199
-4663
-4293
1987
-2050
-829
-575
4812
-3673
-629
2104
-1996
4833
4158
805
1620
5214
-566
-2806
3489
-2580
849
-4189
-4199
9190
-50
4000
5378
2236
-4177
-2380
3027
-3256
-2536
804
2733
-2243
7705
-1530
-4526
-47
2206
771
1031
2695
-4626
9130
-3479
6793
-3405
-1220
5429
692
5094
2138
-2721
703
6000
-1798
1283
1509
1407
-1285
-151
6977
5854
6393
395
-925
-136
4452
3762
501
-5623
2883
5313
77
969
4441
-540
3359
4478
2788
11272
2460
1640
-3211
-2664
-1923
-4941
7675
5739
3113
-546
3462
-3501
-3020
3223
1331
4723
4331
3121
564
-936
4023
1827
-566
2073
2744
-4327
2287
90
-1520
1436
3117
-908
4416
725
-5801
2648
-257
1152
4424
-6481
4275
-3109
-6147
-3289
4933
-25
-3438
-1869
-4642
-791
336
2518
2972
2763
6655
1432
1663
4088
-2679
640
2791
404
363
-634
-1548
139
669
-4851
-2550
1515
1203
7390
-459
-3149
-2253
-623
-3171
-2676
1667
2619
-790
-1
2853
-2702
1695
5593
1064
-7319
-1411
-1172
9090
4204
7700
-1520
-1508
5615
-4647
3882
6341
819
1664
7348
2524
-1871
6739
-1060
-3272
-4392
6472
4801
6440
2057
1138
-861
983
5981
1688
-2957
2063
2535
-941
2370
117
8477
628
5511
3915
9574
585
521
-1280
-3156
-7101
-3220
-432
-1464
906
1098
6824
4731
-1514
-1036
4536
2077
1813
-3384
-2559
5596
13074
-2486
-1932
2016
-1183
-990
1493
2709
-2633
-2253
-4809
4020
10743
3699
-863
-1156
-2806
14516
-3076
-4562
6688
-4317
-3929
1820
6199
-4663
-4293
1987
-2050
-829
-575
4812
-3673
-629
2104
-1996
4833
4158
805
1620
5214
-566
-2806
3489
-2580
849
-4189
-4199
9190
-50
4000
5378
2236
-4177
-2380
3027
-3256
-2536
804
2733
-2243
7705
-1530
-4526
-47
2206
-2079
-1044
5660
1881
5245
-3845
2140
-439
-1238
1939
-2911
4981
1152
-707
655
1255
1077
1671
2858
526
-3166
-311
5298
4943
4586
2316
-4037
258
-720
3889
7764
-6775
546
4116
515
2162
7226
-65
3928
8651
-5501
6194
1820
-3142
-2725
-5609
-3564
3463
1871
111
-1407
1444
-644
3081
-2042
-673
7353
2700
-541
1483
1641
2044
3989
2942
-1053
-1180
3957
-2938
4370
3816
-2937
62
329
3323
7440
-571
-6962
-902
581
2874
-1215
-2096
3134
3275
-4808
4301
6533
-4417
-3434
6535
-5116
-1202
3497
-3626
912
-3482
2444
5719
7300
6374
1644
1142
4276
-666
-2009
7002
-2582
1651
-4070
-4171
3626
-653
-993
4843
1242
-3982
965
-232
-1378
-1673
-1474
3703
2120
-449
-576
-534
1498
3664
-1658
-7761
-1148
4619
-43
-2277
1284
1210
-1737
-1130
-3785
-1597
-1075
767
-959
586
4902
-1318
3953
1356
-15
-6471
1226
1399
-2191
4094
-2374
-2464
-1371
468
1724
-1003
622
-1145
-996
803
-693
3246
54
361
-5227
1707
-3225
-1783
-3048
1284
-2402
2006
-1509
-4511
-2782
-175
406
5293
-533
-5386
3427
-161
-123
-4205
-1712
8941
863
-1586
-2049
-435
-1686
-1513
1853
4348
-1822
-1619
-4242
4418
5454
2959
2237
-991
-884
2972
-7793
617
-55
-622
1538
5491
2940
-1507
-3222
2761
-2414
-1643
1451
572
-6808
-100
742
1019
-224
2892
7025
-656
1591
-2583
-4575
2128
528
1747
-3862
1024
4343
-3832
-1413
549
2951
-5194
-209
1103
-1274
-2435
-2997
-651
-3776
1379
-4225
-1538
-2241
-5084
-802
2325
-28
1580
-942
-4913
-3701
-4750
953
1938
3009
1015
-2716
-710
-2607
2913
-6626
4205
-2092
-4026
2727
789
2097
1103
-1729
1072
-1136
-1502
-323
-4688
-3176
326
1406
-3277
353
-4702
276
-3366
259
-302
-4354
1842
-491
1623
-2791
1746
2727
-2914
880
4901
-4101
-908
60
-3989
1041
-900
-2820
2786
1144
-1276
5
-143
-5622
196
-1896
834
744
-955
1258
207
-5835
-2510
-2142
-3559
-3432
-4475
2645
-2446
-3619
-3268
2448
-4777
-6113
-2827
-746
-5337
2649
5621
-2488
-1797
-619
-5794
-4121
837
1689
2142
1516
2845
-2439
-550
-6851
-1092
-149
2471
3292
-2590
-2219
2987
2717
2576
-7061
3766
-4498
-1486
-2585
1201
2816
-2284
-1806
-1432
5021
-1410
1981
-2541
3089
4165
-3344
-281
-2857
1148
3041
2229
5073
-3491
293
-4215
1782
5067
-1595
4364
2554
-4643
338
225
-2188
4300
1714
672
1619
2997
6914
1997
8611
4676
-2953
2162
2141
4236
-238
-1092
617
-2234
1899
1227
4559
-2445
3803
6702
311
7485
2156
897
-3458
-6039
-5379
2731
3924
1290
-2530
-307
-989
-2842
-1561
442
-2271
4430
-1839
-259
251
-1263
4236
4844
-7408
156
7522
-4029
6490
164
-348
-2866
3516
483
5442
-1928
-5146
-3392
-1104
-953
1492
-2905
-159
-958
-4150
2665
1940
-592
-4291
2553
-4942
-2651
2988
-3383
2746
-2955
3927
6189
6621
5048
-2996
6530
880
-4253
5370
7704
-3755
-592
-2249
-5924
-92
2878
342
5376
-2809
-3014
-3918
-2203
-466
4832
2687
4008
754
-3231
1398
2813
4568
4007
-1892
-1295
-448
3411
-1717
-4229
-3378
-1047
1141
-1128
802
-578
-1437
-1094
-2180
-2596
245
2478
1050
631
3171
-959
291
-1595
-891
4466
-1732
-526
2
-392
-2323
571
-1101
-4189
-655
-3043
555
-2066
1806
-854
-3836
-709
-1267
-377
-1630
360
-1163
1674
709
-734
-3948
-1133
-2580
-798
-1178
-3164
-885
357
-2419
-1098
1072
3245
-3147
969
-2262
-1347
1417
-1466
3318
1351
-2237
-1776
300
364
594
543
262
-3039
272
-3862
-1735
1073
-4809
-1661
945
2282
1397
3247
-2100
-594
-1627
-3216
-63
-1737
-1291
5
449
4001
404
1474
225
2146
734
-1074
1501
1541
646
1085
-900
1233
-934
128
-1652
-319
-379
-923
-1281
-1089
-1368
559
33
-466
-1823
-3825
353
3210
1122
-1040
1091
-3007
2063
3090
-51
-2452
520
877
-2308
-297
-997
1449
-739
934
-836
1758
1875
2778
1765
155
-391
-1644
-187
1647
363
3227
-1823
-1670
-797
1740
2492
-2142
-1947
1678
-380
-373
2484
553
992
3732
-2777
1416
526
-1943
-832
-3243
-3845
3131
-1425
-754
-2206
-538
-407
3663
-782
-2888
4389
2051
-1524
-1151
235
3312
948
417
-1128
282
-109
428
2220
4290
-1236
-540
-1320
3783
4860
1241
-1016
-2389
-909
4751
-2257
1961
-223
329
-2404
5187
3502
-981
-1256
4497
-3460
-1364
605
-1134
-871
-1759
-207
4480
4008
2274
3912
1110
1247
-2090
-1501
4032
-520
947
-2512
-1080
4204
1779
187
850
-2204
-1844
1998
-262
-706
396
-620
1246
-1289
-830
-968
1400
1054
351
645
-6297
-96
1067
4958
537
5074
-659
-2421
2786
-1581
3006
2466
1171
726
4723
3813
-183
5492
3
-874
-4334
4280
3641
2072
4231
420
-1287
1032
4977
2342
-3651
168
1628
-2522
2360
2296
4991
1841
5062
1240
6233
-351
-629
-2140
-2776
-6789
-1129
818
-1758
-738
-213
2616
5062
-1944
-2819
4484
2061
-73
-2493
-434
6071
7632
-1435
370
1417
-847
-1028
2548
5050
-2876
-1594
-2054
5382
9726
3883
-1055
-1620
-749
8445
-2772
-1592
3270
-2935
-3039
4447
6462
-1958
-4277
3846
-3275
-1781
1304
3219
-3967
-308
2584
2020
3914
5138
3317
440
4107
-1186
-3224
3873
281
832
-3414
-1487
8531
178
1977
4962
631
-3284
-1517
1692
-3469
-2321
-1669
2557
-3332
4411
-2163
-2384
345
988
-1964
-540
-2448
-6928
9475
-1620
3730
-6714
-478
5086
1168
-1152
1188
-4043
1961
7557
-2963
1786
2300
747
-2248
-469
5761
3411
7123
801
-267
648
4576
5209
-1010
-1994
4314
2036
2470
410
1093
331
-143
3540
3479
13814
4966
335
-4077
-4477
-2187
-4737
4450
4788
4188
-1311
3545
-2508
-2457
6243
-2376
4738
7997
479
-60
-4841
2738
-613
-4049
2603
-1715
-5619
129
-4176
65
-2620
2932
-4512
3388
147
-5099
351
-5631
807
3947
-7965
5451
-4169
-6161
-3789
4449
721
-5192
-3374
-2093
53
172
2045
1483
2548
4078
-1128
-267
4747
-4702
2119
2350
576
1199
-1912
-5327
-1341
1563
-5268
-3897
-2320
2281
5736
-2470
-2538
-1314
-2495
-4398
43
3013
904
90
1446
3120
-4077
570
6543
1208
862
2284
-141
3921
39
1372
-3895
2374
6041
2474
5409
4900
198
2887
-1818
-2354
2646
3491
-1716
949
2876
4526
180
3209
48
2657
3355
1340
2532
-160
436
-1000
-217
522
2580
1867
676
2089
3680
2558
2392
689
1398
-1032
-2102
-3007
-1195
1944
1910
-978
-689
451
-1774
1112
1709
-1406
2114
-1599
2198
361
-2042
3469
4303
-1281
662
4554
-410
3807
3310
-3315
-1604
1607
1077
2462
-938
-1272
-26
-1059
3110
4225
-2263
534
-5096
-2302
-1703
5232
787
-4781
-1516
743
-1762
-1521
1858
2772
-1459
3548
4133
4017
3154
-4759
5039
1826
-381
1942
3687
-1665
3024
-1026
-375
-364
6732
566
744
-1214
2574
-1400
-495
-2301
1993
3342
3841
3716
837
1379
2965
1745
5701
-3435
-922
-2852
-5323
7526
769
2249
-5159
-136
2814
212
-352
3592
-2682
3684
2680
-1062
1432
4045
691
-849
-620
3892
627
7522
1604
1380
2068
2891
7231
-792
-2381
1883
-1247
-214
1242
1727
1379
365
4094
3122
8920
2378
-622
-2616
-6060
-3786
-1642
2152
1937
2552
66
2086
-811
-2182
3541
-1523
2870
3701
142
911
-2813
5326
-515
-2651
781
1816
-4966
532
-3781
-320
-3783
2628
-1274
4919
-208
-4175
-1193
-1858
866
2878
-5430
5501
-917
-3848
-1340
3293
-692
-3975
-1871
-572
1386
1508
-417
536
-1140
1946
-975
2057
5749
-3092
2647
2776
1616
1929
1664
-3666
-2320
-793
-4248
-23
-2461
2479
5084
-1039
-2341
-2958
-1122
-3286
1776
151
2318
1333
3290
1243
-3544
2781
6304
-2159
8412
4677
4725
-1294
-5586
-3025
-3777
4976
3010
-1867
3595
1137
-6539
-1416
-4259
-6185
5287
-3960
1729
3771
6863
1591
-1744
6907
2219
-2955
1554
907
-875
-4629
-451
153
-3002
2659
-4226
6647
-6529
3466
1507
-3112
3215
4049
-623
-1192
-5531
-293
5699
1808
2022
-2495
-2127
-3190
-4207
-496
2836
-1482
1260
-3580
3393
2897
-3524
-3635
7668
-6630
-1398
6506
-3091
8154
-1674
-472
-1970
6304
-1795
-2225
-6330
-5294
-3329
1907
-6756
3742
-1021
-5073
531
-940
356
-2357
21
373
-782
-2668
-2659
421
-5833
5255
-2400
961
4951
7241
2387
-4928
6280
330
-1656
5469
3737
-2095
-1967
1986
-4238
-4712
1505
-2422
-1675
-2677
-634
-2433
-6363
2739
6788
4449
829
2392
-6065
2795
5398
3466
3799
658
3184
6344
1583
-1552
-4710
-1940
-403
433
300
1697
3700
-428
2429
315
-1366
-1560
2277
232
-2441
897
4152
1621
1564
-1247
1475
-145
555
-1036
-2575
3194
-1553
-787
2295
1517
-483
5270
-2671
4630
2796
-4797
-516
529
-357
203
-1662
966
2166
669
2804
-1672
-1209
-2403
527
-497
-2134
3894
342
-2060
1493
1706
-894
-1840
3886
283
1399
2727
593
3304
3630
-3717
-302
1549
492
-804
-1671
-2793
-905
2057
-1226
2522
215
-3516
696
-213
1097
4180
1580
-3512
1535
-1970
-2620
103
-1761
2485
183
413
5458
4098
1434
-2487
441
2031
1019
1
1562
1628
2378
171
801
-302
2551
-2200
157
-1148
2332
3988
-971
-843
1123
305
1387
2655
-3785
824
3162
1660
3178
-1041
-4697
-1430
2382
826
1785
-803
-2910
-1211
2097
-2046
-445
1189
-119
-674
2877
1872
92
1703
-2913
-2874
-1467
850
394
354
2880
-1547
-1832
-20
2297
1340
-508
686
-1965
-2071
-771
413
2373
-932
3547
-2006
4040
2103
-1367
-1137
-3222
-5609
1310
-4213
-2800
-4234
-651
2121
6798
1973
-1688
2759
-492
33
-3962
603
4256
4045
-3150
-1595
-254
-2429
928
782
2374
-2883
-3313
-2300
3488
5378
2288
837
-3070
-4559
7845
-3860
-1523
7
-285
-3175
3465
5247
-723
-2088
5664
-300
-2124
-943
724
-4277
-2163
-1798
1134
2627
3268
241
-6
2890
1963
-2135
2756
-1930
762
-1227
-84
7035
-71
-722
-366
-1619
-2175
-267
1143
-580
-1650
-45
-1164
-1273
4244
-617
223
-3866
-743
1064
-7319
-1411
-1172
9090
4204
7700
-1520
-1508
5615
-4647
3882
6341
819
1664
7348
2524
-1871
6739
-1060
-3272
-4392
6472
4801
6440
2057
1138
-861
983
5981
1688
-2957
2063
2535
-941
2370
117
8477
628
5511
3915
9574
585
521
-1280
-3156
-7101
-3220
-432
-1464
906
1098
6824
4731
-1514
-1036
4536
2077
1813
-3384
-2559
5596
13074
-2486
-1932
2016
-1183
-990
1493
2709
-2633
-2253
-4809
4020
10743
3699
-863
-1156
-2806
14516
-3076
-4562
6688
-4317
-3929
1820
6199
-4663
-4293
1987
-2050
-829
-575
4812
-3673
-629
2104
-1996
4833
4158
805
1620
5214
-566
-2806
3489
-2580
849
-4189
-4199
9190
-50
4000
5378
2236
-4177
-2380
3027
-3256
-2536
804
2733
-2243
7705
-1530
-4526
-47
2206
1918
-1853
1978
-3534
7084
1250
5505
-2736
-2251
5639
-1711
3718
2699
-884
654
6323
-1344
-1562
977
-1738
-4548
-1922
3847
3688
5632
-1486
-1532
-1466
833
3711
1668
-5232
2265
4568
-229
862
1439
2270
-526
5483
2455
10138
1525
350
-1203
-3815
-3312
-5062
-76
3574
934
1967
5349
627
610
3501
3693
2931
3285
2493
-1896
-354
6252
60
-745
366
-1058
-642
96
-44
-3266
1644
-2007
-157
4456
-737
-2165
1432
-3781
8941
1474
-5367
6431
-864
-7105
-2491
6844
-2913
-2669
1131
-1510
479
-3050
3920
1590
-215
3262
5
3071
1794
-4002
727
2034
750
-1444
-221
-3526
1577
-312
-4438
854
2077
161
3111
-287
-3632
301
-370
-2151
-2825
1600
1092
1621
6806
1141
-3049
-986
6949
97
735
-169
-4465
4191
-1772
1860
1260
1097
489
981
2095
1332
-1010
425
-726
1376
1004
955
4583
-139
910
-885
181
2792
1872
93
1933
-63
2883
686
213
172
1757
-646
2175
687
933
682
3443
-249
3633
1188
-1176
674
-2289
-2166
752
580
-122
-1478
-135
201
-458
346
3986
-2007
1372
465
1682
1560
-3642
126
2797
-494
-1406
730
-504
-748
-3141
1969
-1551
2582
-1810
1107
2260
-4492
254
1338
1365
4043
-202
3499
-573
-1905
603
287
-1566
1770
-1485
-1183
612
2984
-3357
2214
-1424
1726
2072
978
3555
561
641
1698
-893
-516
1875
-599
-1000
-423
-2278
-2113
246
3785
1245
1110
-1299
-1007
-2324
-1200
1796
-2352
3399
1744
177
1953
-1904
3810
4692
-6031
6647
614
-2692
7501
-2713
-576
-7844
5825
3752
3388
7132
6363
-7377
3792
-4249
-2918
5660
1342
712
5859
8987
4666
-177
8724
3597
4658
9925
6405
5291
2016
-692
223
-2011
-768
3244
9409
-2215
6372
3913
2417
5125
4340
-3084
1658
-9613
-5449
1414
7841
989
846
-4854
-2199
-3163
-3741
3356
-5443
233
542
-2058
6669
-5201
4145
4403
-2538
-394
9384
-5064
5424
-2776
-3445
-3651
10824
-3167
3417
788
-9437
1976
6813
-6005
8679
-3984
-657
1215
685
-1588
2624
3647
637
-509
-549
-1246
8720
-5463
3837
-2579
1184
2769
6474
13919
-2841
5208
3911
5197
7390
5093
2028
-3648
-1250
-3607
1736
-44
5847
6644
-3617
3613
-4713
-2326
-3363
5704
2167
5709
6064
-3318
-1072
-83
6511
4887
-145
-3429
-4283
-2124
6647
5075
4495
-2820
523
3750
-2986
924
5660
-797
504
5305
-250
558
5295
-788
-1448
-2949
2277
1579
8244
912
1726
252
-354
5310
-91
-1414
1613
-554
-151
-707
-1364
6795
-2384
3429
2885
6854
1112
-1172
54
-4598
-5160
-959
-1734
-409
-274
1488
5240
2072
-529
2204
1296
1757
1995
-3192
-2906
586
9118
-1481
-3171
906
-414
-711
-537
-3764
-2263
-4141
-2900
201
7349
923
-459
-3150
-2941
11124
533
-4419
5091
-3609
-2089
-383
2068
-4167
-1999
35
-242
-195
-613
2517
-1211
-2009
-1503
-3185
4803
3278
-505
2667
3531
522
378
3232
-4649
-2220
-2110
-4019
4700
-1284
4528
2248
-590
-1877
-911
-127
-2018
424
2065
2497
814
5898
384
-4223
1415
3927
8086
12593
11135
-5949
9078
-596
12851
7831
3710
5326
-476
17659
7075
4776
-444
1942
67
-1690
1647
2962
-310
11334
5145
7199
9912
-3315
6340
5903
-2469
1495
5805
-4569
2069
13194
1417
2809
11130
2357
9462
4678
3924
2796
88
872
8303
-5359
-3360
381
6607
5595
1957
2665
4286
-2467
-6414
2140
8024
-1521
-5683
8332
-121
-7212
10002
11197
5877
1940
9281
5175
4035
-703
-3163
3257
5884
-7
2765
-344
-11651
709
15783
8998
13021
842
6007
88
50
-723
-548
-6707
4746
489
-4828
394
4553
-1285
11687
-2056
1628
1495
13014
2744
-3249
3206
7443
1112
-815
3325
6716
-3783
-193
-4861
3699
6486
10911
8927
1949
2895
518
1358
-1590
3456
-58
10456
4382
-2026
1409
-3142
14946
12739
3800
-2654
1508
-7167
13099
-55
12417
-3866
-1638
9112
684
5689
4684
630
2415
10101
274
-1078
5447
-2267
-4058
-1722
10105
7543
6968
-520
1770
493
4397
6284
1835
-6100
7087
7083
-1
4901
2676
3479
3230
6927
5779
17987
2700
2827
-3825
-3296
-5479
-7399
6542
5229
5525
353
7492
-187
-1493
3950
3558
5441
7039
2460
-1122
-551
9963
687
369
3811
-120
-2046
518
907
-2818
236
-257
654
8488
2481
-3807
2506
-2130
9064
5477
-9326
9917
-6129
-8249
-4803
9887
-2613
-6386
-2342
-3492
638
-1149
8413
993
3441
8010
-1251
157
5180
-3422
-1557
4971
1643
-3273
-1256
-2500
952
1203
-4319
-187
1826
3048
9456
271
-4578
-1726
925
-5603
-5149
1298
4290
-1062
6296
2582
-6080
-906
8104
