772
513
825
933
774
1103
996
627
774
1231
762
1048
728
789
743
583
674
661
427
451
578
571
303
794
952
935
761
747
349
837
325
703
460
412
847
779
860
743
559
347
885
1082
735
831
718
945
613
795
865
1128
394
634
918
339
396
1281
822
915
481
901
583
1031
833
1166
345
854
601
285
343
569
566
1251
712
573
383
752
803
769
582
767
704
1303
385
441
406
815
332
1194
1010
825
658
414
673
1171
1229
1444
520
640
826
903
792
567
940
1010
580
327
1456
740
763
601
276
394
391
520
1212
887
679
895
878
466
614
822
596
652
802
847
1080
727
758
482
595
397
610
850
626
557
673
377
709
952
381
628
526
661
916
743
380
711
237
600
461
241
1217
570
345
1227
782
786
827
644
354
1126
773
521
712
1051
669
938
618
402
682
753
416
788
612
542
480
425
843
1023
336
641
380
843
1083
613
374
381
916
461
456
758
