-302
-80
458
-390
19
2252
1304
495
1196
1027
-603
892
1822
281
1260
338
2021
-42
-206
1458
346
48
-779
203
400
878
-151
-875
940
257
-572
-229
217
-1723
-487
3371
188
406
754
634
-455
-1765
1956
375
109
364
-21
1
-70
-373
389
-732
-1347
828
884
-299
-160
-106
146
-194
-15
169
86
826
375
1631
453
-697
279
128
711
1704
-212
671
629
288
504
-154
319
-206
-683
2371
-4
-13
-679
723
22
-2401
1416
1191
605
-316
90
-1119
312
636
-61
1634
-1067
-19
78
465
292
396
460
-23
-354
858
1177
-2893
-201
810
471
25
2126
-620
-165
491
1431
180
290
506
-963
96
600
678
170
-107
26
25
227
-365
712
739
221
185
68
39
496
-95
194
-69
-598
283
782
1784
4
529
261
377
38
599
1063
148
502
1167
-692
58
1047
-41
191
-1795
871
-2053
-327
-309
533
602
1942
81
507
-698
62
-362
204
-27
99
-93
-1745
1110
-463
197
286
-169
-288
-1488
113
-752
-924
227
199
-69
