49
-39
-47
-127
-10
14
-61
-67
-24
2
39
-124
30
5
39
88
-63
115
-52
50
21
-46
93
54
123
-47
98
-59
-54
48
122
-127
-29
127
116
-125
-74
-24
-42
-5
33
73
30
5
81
-27
-61
62
-47
105
-12
3
-42
-6
56
-58
-5
-63
-100
-127
-77
-74
92
-58
115
-22
10
-127
-20
-23
89
-24
-120
-56
-65
98
68
-78
10
-11
-3
-79
-34
-2
76
-25
49
-4
61
-79
-21
-1
-38
-52
127
-31
40
1
43
-73
42
-82
5
127
60
9
26
-59
-77
-25
-30
77
70
-13
-23
1
10
21
18
55
-31
-127
-66
-76
39
52
5
-14
127
16
-51
-21
3
-95
-97
-12
-62
-15
-38
72
-118
-15
-18
23
-27
-10
68
25
-111
-117
77
26
61
-14
21
6
29
-45
127
-44
90
91
12
100
-83
-55
79
-35
77
-125
29
-5
22
-49
127
15
-5
-42
-57
122
40
2
-84
55
-29
-63
15
19
15
-13
23
127
-7
74
-16
-30
49
-113
42
-50
37
88
76
-18
57
48
-127
112
79
85
-58
63
-31
56
-90
-42
-26
3
-96
110
-18
-82
127
-47
81
-38
-57
-15
72
-7
-47
39
-59
14
-31
-18
-29
-9
-32
127
127
-37
49
59
-48
-41
25
-11
-64
62
-88
34
-96
5
-105
5
2
-35
82
-122
-17
-5
127
104
50
-103
-63
55
31
-30
8
-122
127
117
-20
3
30
-69
-52
-111
31
-40
-4
14
40
3
-28
73
15
-30
19
-127
33
10
-36
-22
29
-34
25
-17
54
32
-22
48
82
24
-9
8
-18
-36
51
107
8
-57
3
-127
20
80
-107
104
127
-115
-80
-6
-17
50
-21
86
65
78
9
-85
-30
-55
-48
62
-88
53
62
-44
-106
-113
-8
127
74
-46
-23
-97
-115
-117
-38
85
-114
-37
24
22
42
1
-53
-29
-43
-43
14
54
-69
56
-51
-127
-55
6
-32
-19
-81
-77
32
51
27
-50
83
127
90
81
72
-51
-23
-65
23
76
-85
-44
54
-62
-57
-27
-25
76
-127
-83
98
-9
-8
102
-45
-101
41
-127
68
-26
25
39
22
9
-57
4
-9
62
86
34
-63
-65
-5
-55
71
16
-25
31
-119
-103
-4
11
127
42
-54
93
-37
-27
16
127
-53
65
-14
-75
105
42
10
-68
108
-38
99
82
-45
-89
-65
69
-59
21
-40
-86
100
-8
-63
-42
-127
55
106
84
-33
0
-50
6
17
47
-93
-34
41
49
-65
85
30
-127
-101
-42
-58
109
56
46
127
15
1
125
74
-23
1
-20
-109
-83
-20
97
16
-48
-6
-62
46
64
15
65
-127
-19
-74
75
61
40
127
-46
-107
41
37
-75
8
-59
23
-35
-77
-28
-22
85
-127
25
73
-21
-127
111
122
-50
-116
58
-6
123
122
-97
-67
7
-19
-103
36
-8
-58
65
17
53
88
-27
-35
-68
20
-76
-19
-127
-52
7
91
-17
45
-63
18
12
-33
0
-11
69
31
-127
-49
-29
-21
-18
123
-27
58
17
124
63
-89
-7
22
127
31
-77
60
32
-32
-20
-70
-30
104
127
68
-22
-74
-22
-8
-55
-1
2
98
96
-63
-82
-57
67
38
-127
79
-48
63
45
105
-69
-127
21
5
-94
-59
-31
-63
57
7
33
3
-34
61
33
127
-95
53
-15
49
-9
108
-46
-21
28
-19
115
71
-63
-25
-17
-127
-53
16
80
7
2
-20
-122
-16
85
25
127
-29
-41
86
-78
7
-57
26
-35
36
6
17
47
-9
56
111
67
114
-94
-117
-38
-40
-39
-18
-15
-24
31
127
-18
0
41
81
-46
-36
8
58
-11
50
18
76
-5
15
-6
42
-127
16
39
-5
0
97
-127
-50
-1
-47
-58
72
47
85
-24
-38
-27
-30
-32
-32
103
99
-8
33
23
-100
48
107
-127
-43
104
-18
-41
94
68
-41
-14
-71
90
-86
-127
22
6
21
5
-20
-79
-2
34
121
97
-6
-4
-11
-12
6
-89
-19
-12
127
51
-17
21
-59
-95
84
46
27
-15
-78
48
106
32
-47
-127
-11
-76
107
-113
-48
0
127
54
-87
-9
35
-13
-44
-12
-27
-46
-1
57
63
17
-43
0
95
51
-53
-38
-109
-14
74
-127
77
-20
-106
-62
-33
103
75
110
-64
-22
0
2
-56
-10
-127
14
5
13
-43
75
5
1
-44
13
-28
-100
49
-84
90
90
56
-127
11
-1
56
-17
-30
13
2
90
-58
35
-19
45
81
-32
127
-24
46
-9
-24
-31
19
75
19
-45
5
14
20
2
-11
52
-91
-28
-42
26
96
-127
8
90
-20
10
-31
-90
10
12
47
-94
127
-102
60
-64
-102
27
-26
-100
-110
-26
1
-40
22
40
45
-47
-23
48
32
127
43
-49
26
43
59
96
46
104
-127
-53
-59
-22
-19
-50
-60
37
41
64
88
-14
-1
-44
16
11
-96
-127
-70
-64
-114
72
-19
66
83
79
-50
-7
55
62
22
29
39
-81
37
-127
6
51
55
-6
-12
90
91
-28
-13
43
127
-7
-19
-52
-36
-63
-3
53
-78
44
-31
2
-26
-30
22
-55
2
12
-127
21
-14
-79
16
81
-52
36
13
7
-66
27
-40
60
-70
-11
-82
-16
52
114
-13
11
-38
57
50
28
127
-16
-70
-41
-26
100
30
-36
-15
-76
53
-63
42
-76
-127
34
-60
-52
-11
-16
