10748
-19188
-9304
-19396
73
-1984
-10783
7756
14383
18655
-9855
21259
-64
-8035
-280
3506
3199
14311
-22365
-2255
-11998
9924
23614
4224
12262
-1160
8893
13488
-19677
-15283
14211
3563
-6537
2897
-1272
22172
9373
2147
6370
17454
-16753
-5951
-18330
-29335
-2203
-26739
7613
-21795
16303
-4507
11533
798
10867
3827
-8179
-10114
-927
-6151
6905
4323
-23558
-11103
-4826
5159
5950
3527
-1781
36307
378
-19584
31292
-5904
6496
14807
14454
-4550
-16143
2678
16092
-825
2393
-9673
11889
9853
17285
-1910
-16526
-16601
345
4690
5154
6485
12690
-11423
-1902
-20210
11595
-12272
10939
12167
-17200
9940
-11394
2113
-6962
-16059
7241
12580
-4576
11292
-4156
19785
3335
-3306
-148
3500
-7319
-22568
4769
-10281
6615
-9068
-4518
6185
-10860
4767
18017
-2044
-923
19551
-12049
17246
22345
-5696
-14915
29074
-14850
-5108
-5273
3495
-6327
-8206
-8282
10442
3836
-17019
5656
-10497
8639
-1318
-7078
3888
422
13738
-3848
14334
7280
-799
-434
11268
9243
12150
-14447
-5091
-6965
1262
23638
10153
2314
-162
3724
20038
-16989
-14787
7297
639
-903
-413
-598
18050
17068
362
2801
6736
-22699
-5408
-8626
-15456
2644
-23234
17997
-10506
10969
-3404
24481
-13112
9885
1486
-10977
-7131
698
-15007
21833
-1959
-17109
-8596
-7797
12224
7347
-3230
606
26788
-5092
-14750
11599
-11287
907
-3038
20876
-278
-16096
3382
18493
-3999
7451
-1070
10212
208
17787
-2464
-17313
-4969
-5095
-2336
3846
-3060
4148
283
-8351
-15212
10203
3270
9589
3831
-10121
18445
-8359
5737
-7688
-14413
3143
3968
-3938
8817
263
16773
9173
2953
6986
12974
5459
-10508
16991
-12991
3301
-4483
-9388
10170
-15419
6060
22410
-477
10934
12753
-11970
13021
19600
2412
-11441
21007
1570
953
229
6251
-12932
-3034
-5744
-3454
2753
-9283
-3237
-6191
-9353
11161
-2283
-6155
-4542
14861
-1156
-3412
3219
2204
17165
2598
-1034
-11344
-3343
6203
-1389
4265
4142
8554
11284
-4156
7027
1098
-4524
-14455
3566
6197
-12428
-4388
6667
9624
2397
3419
6711
2509
-5824
-1785
-537
259
-3733
-4762
2875
-1234
1089
-3664
8649
9552
5086
-1167
4735
-2834
-11875
3143
-3387
499
-11056
7120
-9571
12132
8041
-3414
-3826
15035
-5168
-9642
12579
-7770
-4593
7683
-6242
-5711
-8683
13051
2602
2631
-2650
4951
2556
6784
4346
2721
-5056
-732
9604
9524
3859
1228
4066
-12127
-10166
-1352
8454
-5230
2783
2572
-12930
8422
-5931
15521
-4321
-2442
5049
3764
5606
1286
-946
8433
3759
-7838
9242
-2346
-3562
-1327
4117
1038
1753
4413
-5344
-5569
-1941
-5327
10593
-9240
7206
9086
-243
319
3783
-13010
-1906
-1318
3146
5281
8647
997
-5308
-4653
-11139
11
2607
-21939
-4534
-9436
-5750
2099
-681
3455
2074
9367
-18471
-3733
-3217
13989
267
3284
-7956
-21156
-10084
-11719
-3482
-8511
13535
-8631
12218
4725
1965
-172
-326
-12565
-1568
-6574
-3732
2535
4146
5179
5807
3043
9550
3916
8924
-1838
9546
9225
-9325
-5724
952
3905
6572
-4830
19170
-3493
-1569
-5633
-5410
746
-17252
-292
20039
16483
-1652
12058
-11811
9995
15882
-7416
-6841
7358
-3255
-11281
-6163
-14461
5383
-2580
4882
-8108
-7797
3801
-5057
-8977
7404
6413
18681
3894
-1960
-4058
-10922
-471
-486
-12026
-6221
-1518
-14287
-9528
-12519
-293
5934
-9390
-18147
1825
-2906
12662
-3979
9722
585
-2894
-9636
10462
617
-3031
13357
9386
4560
3389
-140
30
-4073
5107
-2993
2410
2566
-6417
368
8938
-812
2934
6720
-11117
1444
5476
-9604
7005
2152
-8113
753
-3125
8960
12349
-5746
2209
-13361
7920
-4946
909
192
-10590
-14630
-446
-8719
-9240
5777
-1013
-6571
17125
-8961
4682
251
-4865
882
-6011
-6098
-994
-6069
4488
6717
1950
-2014
396
11471
1160
-5116
-3358
-7396
-1272
-5883
7236
-15266
5942
-6560
2760
-635
4379
3371
15636
-3197
388
13978
2696
-9652
-8643
-1519
9208
-5141
-10881
4841
3380
-7596
-4094
2940
-2945
-8229
5285
5619
6143
-8473
3370
-14440
14666
8668
-14007
-9377
12566
858
-12138
-1362
-9284
-575
8139
4708
-5793
1172
5160
-2831
4059
422
2253
-5452
3682
15339
125
4513
621
-1227
-1496
-6136
-4351
893
4017
-10967
3294
1561
-4843
5410
10681
-2271
7926
210
11086
4715
-7844
4313
7240
3872
9387
-1728
2854
14536
-7220
2044
50
-5882
-7579
11592
1841
3359
-8491
2181
-2186
-3183
-7306
5501
-18033
-6247
-903
-9581
1479
943
-13834
-9901
-3093
-1749
-9117
7329
5810
-5897
3644
-14856
-15396
7646
-23059
-2227
-28724
6373
-8362
-19969
8252
15280
24289
-7637
19117
-1188
-2812
-756
13585
8324
19733
-17645
-2183
-7832
7767
30873
9926
11637
-3026
11562
24416
-27340
-9679
18309
1300
-18768
2444
-4254
23811
9870
978
7264
18501
-29215
1111
-19761
-31347
4422
-23201
8304
-15914
20947
-174
21977
-6929
16481
3515
-5536
-7460
1555
-12727
22667
-3939
-26057
-13228
-801
13698
1931
136
5556
37960
2449
-6359
27747
-10302
8680
2033
10922
-857
-17886
754
25392
-12035
5445
-1959
11013
12482
31780
808
-15729
-6018
-2624
5514
3844
10131
12048
-19917
-19000
-22892
20874
-13948
13013
4824
-23445
21540
-8828
1982
-16191
-25130
459
9652
-9534
3711
-2044
21500
8456
-3151
1271
11022
-2928
-21879
11900
-6746
11550
-9598
-15349
6966
-13146
2907
22945
-3751
-561
22245
-9707
14049
15746
-490
-8861
31726
-18003
-5757
3113
5207
-2150
-15424
-11262
3044
5836
-16727
7060
-15314
5520
-1782
-11560
4906
3338
18753
-4525
12699
753
2005
5383
9682
5454
6990
-7248
-3857
-8221
4702
21253
8091
5285
-531
10080
17148
-15598
-12590
4737
3021
-8339
948
-4787
18404
7898
-695
4695
10539
-19410
-3410
-12154
-14671
730
-13963
12492
-6487
12180
-7726
22630
-6466
7870
2467
-7389
-2896
1602
-17463
16782
-5844
-13931
-9063
-4178
16262
4234
-4226
3499
27211
-1463
-5033
11947
-9998
-2695
-1606
13998
-5559
-16845
9370
19576
-9933
-2291
10123
9419
2124
15241
5313
-8932
1392
-5598
947
7810
5064
7387
-4527
-21360
-12758
16897
-8243
4653
2267
-10224
17110
-8104
6790
-15876
-18190
-4626
1469
-9088
7520
1678
12208
7984
1627
14124
9613
5170
-10195
16185
-4006
6197
-7869
-11028
8632
-12664
1012
15187
-2460
1427
12446
-5506
11410
12963
-337
-5673
17572
-6152
3098
2935
6293
-11011
-7415
-10524
1413
6633
-3954
-6045
3980
-10544
2623
-7348
-4622
-16187
9117
-2164
-2630
1155
-3399
13928
-6233
-5008
-4813
-2506
9110
-4117
7763
-1024
11229
14489
1774
4960
2746
-2739
-8890
-1345
9615
-8797
-2823
-11659
8392
-5878
6721
2533
-562
-4159
-2896
2201
-8928
-2083
5702
-3050
2894
-2556
-4234
1888
12323
4208
2222
2360
-2200
-1822
-766
-14044
-1296
-7550
-6113
1344
6763
-1253
-6561
-1117
12957
-5941
-5354
11759
-1675
-2515
10068
-585
-5525
-6601
13917
239
1647
-9316
7304
-6096
5352
7325
10885
6297
2914
4461
12903
1911
7423
9977
-4991
-19520
-1039
6716
-15005
5973
12607
1326
248
-4484
20217
-3695
-5461
4421
5538
-268
1438
-2611
1176
5747
-7235
15681
-3173
4299
-6076
10313
1306
-679
7269
-6042
-14218
-9184
-6747
787
-13664
-3281
11169
7176
7204
-1230
-9993
-357
-1749
-5715
-3692
15481
1455
5789
-11518
-13741
1202
8850
-20472
-7481
-7609
-2181
1177
-6109
6343
-7084
10025
-18241
-520
-2106
13128
2832
1738
-10212
-19625
-11155
-10906
-7056
-5465
11720
-7547
24383
7271
5965
6403
4253
-10230
3030
-802
-10018
-6552
-13
7899
6008
5871
11504
8936
14467
-7215
6364
-2365
-10155
1179
330
-1804
6260
-8135
16693
1303
-6256
-3466
-7403
-1284
-13316
-3126
12059
19189
1616
561
-7300
8570
12588
-10340
-3976
9643
-6710
-14974
-141
-13364
9515
5313
6563
-14097
-19491
4670
-8190
-11374
2709
8017
12843
3981
-1609
1717
-3783
6071
-3490
-6170
-7230
-772
-6304
-10758
-19950
-2532
5130
-14651
-14126
15739
1662
6686
-14056
17418
3049
-3286
-14926
20027
-2233
-4773
14010
8104
7254
6221
4339
-2820
-6349
1464
1326
5591
1904
-6006
-670
7555
-8077
3593
4312
-17540
-3442
13522
-8589
15348
-2277
-9993
1332
-1845
608
1313
-4627
3682
-10546
-146
-11186
6697
1663
-8133
-8459
-4199
-4483
-10589
9117
-7756
-506
15290
-6834
11293
4972
-2384
6238
-1090
-7343
2574
-3697
4979
5248
3767
-5692
63
10205
695
-11025
-5147
-10213
-1869
499
8843
-10288
-1632
-2217
2847
952
6490
3646
6360
-4875
4384
8168
340
-12406
-6781
2420
6370
-1746
-6496
2719
6491
-12976
-3112
6717
-3366
-10138
12693
-271
5260
-8574
-1954
-17052
13155
5363
-7279
-10309
16236
-3375
-8117
-2993
-11438
9329
15651
2422
-11007
-6869
3667
-2007
4931
-7549
-6714
-3163
6749
14299
1186
5678
2478
-7514
4558
804
-3600
4557
4836
-9212
6423
5409
-1915
7938
8473
236
5634
-2683
9075
-2017
-9310
4746
6528
799
8787
-3548
3871
2277
-11024
5009
2182
-8789
-11158
9832
-929
6234
-17019
-2963
-2409
-1167
-11582
3839
-15664
-1503
5760
-10018
-2364
4072
-14265
-8492
-3046
-3628
-13162
2629
3404
-8110
5545
-12552
-5110
14011
-9361
-2969
-18283
2474
-8545
-17725
8823
4000
9615
-8010
10696
-4725
232
-2269
6609
-1389
17040
-9087
-1137
-12431
-2490
15251
6754
9984
-4387
9152
14659
-10818
-2577
17575
5898
-12589
7746
-10692
9277
7933
2161
6864
13079
-19108
2608
-7857
-15831
2841
-8508
5052
-8552
15858
1431
14517
-6946
5701
-875
-11928
6959
-1474
-8655
20334
-730
-12377
-6845
-1459
1963
3377
-8830
162
18109
4264
-12204
12306
-4768
4440
-8489
9346
4213
-8513
1275
15208
-10510
11287
-3812
873
4790
16415
-1339
-9586
-5679
-2356
7795
-6452
-7001
5662
-12334
-16074
-15324
12425
-11220
2384
9867
-8024
10917
3447
-4118
-4947
-14236
32
12931
2476
-4341
-3928
10068
8652
-1135
2740
2152
4334
-11710
11153
-6958
5348
2149
-7704
2065
-9437
7652
12579
-7331
-6767
13109
-12353
-174
10151
2620
378
22920
-9072
-6690
2967
4476
1051
-4656
-16019
-1586
5786
-7247
4814
-12250
1218
6316
-8126
5275
-1523
9792
-7967
1581
-2100
5894
4569
5710
-5174
4318
2183
-2693
-10750
-3365
9678
4833
7904
-7070
10246
6054
-5257
-5526
5828
5016
-11194
-1236
2487
8452
5291
-2131
2368
4828
-5018
-4627
-6673
-7152
1293
-1198
7678
-10096
8379
-1872
10331
4656
3357
-3038
-3401
1174
-5357
-4277
8672
757
-1365
-1786
186
4826
4884
-3492
2876
12656
1692
-955
5227
-3875
1064
-898
2855
-1603
-9243
6732
5989
-6232
3432
7521
5280
2292
2849
2302
-3455
6006
4170
5164
-3255
941
4819
-5513
-11176
-7481
5158
-3877
-5731
2149
-14573
6869
-2685
4764
-1734
-10459
-5222
7440
811
-884
2554
8472
113
2463
6420
-312
65
-949
6262
3989
4154
5089
-2125
4388
-3322
5088
2983
-97
1394
8410
-6483
325
9024
-6076
-1892
10280
-3215
2734
-570
3495
-4851
-6362
-9626
2578
6437
2895
-5127
8371
-7423
9
-520
-603
-15295
8158
-4319
-1779
-228
1472
4090
-4658
-6714
-1583
1611
5649
-7301
1948
-4148
5996
18020
3630
1040
3554
-1125
-6403
-3229
10175
-10622
-301
-6583
1947
-4734
5674
3927
2066
89
-2168
4567
-3633
-2744
7307
3007
6998
-1109
-7321
1595
3961
-4350
-1098
-2414
-275
-69
-1901
-4582
3859
-4036
-3181
-2201
5692
-44
-15170
-571
9578
-8249
-4695
4988
1101
-6554
2506
1947
-1955
-6034
10977
906
3092
-858
5259
-2738
-2703
5463
11788
3211
3974
2320
11190
-1958
-5271
5195
3302
-15151
-7592
3709
-12321
709
12677
1507
4139
207
17778
-1570
-7932
1463
6390
2852
595
-1862
-1162
8574
-4022
9998
-1127
7595
-2551
15366
-2162
1363
3358
-4737
-6270
-9473
-2694
-42
-8819
-1868
9545
-826
1963
-7702
-7474
2016
-1779
-438
-4730
11736
2473
5545
-3753
-14889
4303
8571
-8214
-9883
-1319
-2033
-965
-3291
3780
-3056
6104
-14181
1233
-6910
8256
-3879
-2646
-7315
-14296
-2822
-7452
-8982
-6525
4100
-5263
20376
7718
-1300
2642
3594
-7061
-624
4129
-7864
-2856
-2513
-2657
2648
4826
7535
7056
11820
-1291
7509
-188
-9045
4458
2393
3869
5250
-7231
8136
1265
-8399
-3518
-7773
-1355
-9954
1742
7768
15896
1621
414
-6935
6252
8339
-12154
-4742
5250
-8360
-12260
-3108
-8480
592
-1302
6597
-8638
-9730
1869
-8361
-8505
6967
2024
4720
2971
-2097
4427
-1995
1822
-2144
-1268
-8519
-6210
-4637
-7286
-16516
-2192
6404
-11630
-10956
9753
456
5703
-3556
12242
1513
-5344
-11661
13359
1463
-2768
6701
1660
7869
3773
1208
-1521
-1081
1373
1637
3256
2528
-4116
-383
5312
-2478
1381
799
-11403
-2666
11140
-8129
6261
-6599
-4574
3692
1332
-884
-495
-1726
496
-3773
4045
-8872
4179
10286
-3302
-12759
-2839
3021
-11380
11654
-10589
4626
13340
-5419
11142
-8
-5113
517
-4048
-2851
1570
2997
5299
-2613
724
-11128
4952
10767
677
-16377
-5742
-15336
-5330
2828
14252
-8127
-3874
1560
-7070
3196
4406
-1924
2539
-171
7006
11359
1816
-9457
-9403
5869
9842
2050
-783
-2266
10282
-13016
-3834
8483
-5395
-16940
15193
477
3130
-5931
-3590
-17095
8548
6389
-6552
-9806
13378
-4931
-8240
-10324
-12027
3488
11019
841
-8801
-504
1704
-3839
517
-5347
-15645
-5629
4308
17203
1268
1234
441
-640
7478
-1152
-7041
4455
2462
-4253
5174
7360
5911
8295
3831
-9292
3418
4398
8944
112
-14207
3593
8012
4498
11469
-8376
4799
-471
-10180
7778
5636
-5702
-10483
7358
-2768
6227
-12436
-268
-1247
476
-11150
1361
-14423
4124
8793
-14312
-6009
9176
-7672
-10472
4642
-3188
-14075
1373
840
-4639
10876
-8125
-4674
8138
-26032
-7741
-17301
-6131
4055
-13844
13983
6939
17700
-8108
688
-2438
10412
8203
4897
-1987
-1177
-7709
-1557
-1387
-11102
14412
1210
9134
-5894
14055
1729
-4454
-5704
3066
6139
-7936
10993
-8344
12889
975
7681
4335
22763
6178
1344
-1041
-3138
-5580
5873
-5392
-15580
7425
-6310
11184
4891
-6844
-44
3752
10623
-12294
1964
19215
8980
-5030
-364
-8669
5604
14003
-7425
-1974
12219
8540
-12583
206
-13389
7492
4896
-5608
10468
-13359
4765
-2474
-2128
-6859
11110
4903
12165
9841
-2173
-983
-3551
2849
6436
-8360
3317
1386
-9778
-21715
-3225
10445
-14073
-6900
6691
-9082
362
-2238
4285
2312
-6756
-7506
19398
-5000
-7024
-4973
6597
13280
3828
8937
-2433
-9125
2311
877
7390
4105
6233
-6643
-1503
2777
7924
-3627
-18302
-4041
6112
1055
4394
5165
-8110
5247
6266
-9339
7654
3303
-1190
-5339
-1561
-13182
-3377
1257
-15807
-12341
427
-8898
-2287
1365
5176
-3168
16010
-7638
4248
4251
3922
289
-2322
-638
-2789
-8864
-2330
3762
-5740
6193
-1170
9671
-5710
-4380
-3031
-9545
-7128
-3904
754
-5735
11252
-7798
5665
-3919
10502
-372
14354
3282
587
9844
5207
-9636
-1695
-1782
3615
538
-10085
8309
-373
-6758
-159
-3137
1914
-3626
1012
12468
8603
-12412
2411
-13171
9699
9342
-8372
-9805
13929
1989
-12959
-5129
-5245
-2887
6565
-1402
8416
-5246
7278
-646
-1125
-7226
11035
4112
6488
12680
-1116
-4929
-7716
253
1444
-5489
-5769
-5255
-3529
-16018
890
3352
-7958
-2123
10804
-5055
8087
-954
11424
1576
-4187
-1258
5195
-4852
3138
-3561
5634
15384
1328
7722
820
-3591
-4637
6706
2313
3698
-5605
-5869
-982
1567
-3971
2805
-14959
-5184
-1430
-4139
4743
2078
-8738
-5949
-636
4265
1054
11020
3441
-729
8468
-10347
-3441
2106
-9384
-17090
6321
-8573
-1305
1027
4053
-5201
14031
-8966
3755
-789
-2183
-123
-7435
885
-6814
-4037
297
-1677
388
-3322
1959
14091
1402
-4031
-1130
-9694
-8302
-3012
9341
-10589
6560
-6288
-4053
-1836
8967
3468
17162
5616
5799
12991
-1473
-4178
-4399
-2281
9422
-850
-8240
-60
4560
-4697
-4228
-165
-4222
-8925
7147
4922
8782
-4773
-2001
-13719
14959
9172
-12837
-7842
11255
-649
-17297
-6560
-7593
-817
2932
979
-2254
-1168
4498
-5441
-1267
-1354
-29
-1989
9198
12854
3336
-2579
-3607
4286
5404
-10016
-3780
203
-1490
-7922
-473
4626
-5985
2476
10513
-2216
3743
2638
14368
3008
-6879
-4955
11695
-529
7841
-7474
3276
20450
-1568
8166
-325
-6845
-5905
4193
10937
2163
-1395
973
-2890
-7566
-1157
2061
-17332
-3380
5865
-9706
5035
1294
-6041
-4208
2490
-2426
-11686
8739
926
-4472
2327
-8245
-9670
