54
36
33
-52
106
12
26
22
-21
-13
-82
-13
46
25
-113
30
27
-1
63
50
81
-2
-34
109
33
-127
-9
80
-31
38
55
-19
90
49
46
-82
19
33
12
102
-56
0
-41
8
54
71
-45
-11
12
68
-17
-15
56
-63
29
-32
40
-64
117
7
37
-10
-36
49
-25
-21
-6
-17
-16
7
-90
-8
-2
36
-24
-7
70
50
75
-6
4
50
37
85
11
-38
104
-19
100
1
38
18
-18
-5
29
32
-27
12
-2
37
8
-4
92
56
31
118
-46
-77
117
28
-11
-28
-57
32
-102
-32
74
39
63
113
-21
-20
-105
-89
49
-26
49
0
77
-41
14
102
2
50
-6
-31
55
-14
21
4
57
85
-30
-28
13
-102
50
21
-30
38
-20
-44
-64
-3
-50
127
-90
68
44
41
8
-20
17
20
-8
18
-35
46
-39
-14
-6
17
27
70
-13
7
-36
51
62
-15
94
18
91
66
-22
10
31
16
6
21
-34
53
15
-20
-80
45
-29
63
50
17
-45
55
52
60
35
61
-28
-18
54
11
25
-86
37
13
9
124
-5
23
92
96
-8
27
81
-18
-25
-7
42
-43
52
-70
-21
-12
122
10
-5
11
1
37
96
29
-33
91
17
51
-28
22
8
117
-19
-50
-21
-9
-9
-36
10
33
7
23
-17
-39
-11
-71
37
-38
4
-85
-73
-17
-13
-8
14
27
3
17
-47
53
-42
67
-18
19
-17
-14
56
-11
-5
-105
-20
-11
-20
-62
-24
-23
-37
65
-72
-11
27
9
-73
40
-66
-28
5
-11
-13
38
-17
0
-11
-85
13
-10
50
-72
-43
-59
-24
-51
-49
-44
1
-58
-35
-49
-42
-70
-1
-7
-4
48
16
-75
-58
-23
-62
45
-53
-7
-127
95
-2
16
-12
25
-57
-5
-40
-47
-14
39
43
12
-84
3
-8
-41
-68
-52
-1
16
7
-37
-69
31
-39
-33
-6
85
-1
-25
-45
12
70
13
20
-8
-23
8
21
5
-7
-62
7
48
-12
-33
-14
7
-8
4
15
-25
-10
-13
70
-23
55
-28
-27
32
-34
-8
-17
-45
1
12
16
-5
-5
23
45
-24
62
-22
21
-26
-5
-49
46
-15
12
-31
22
4
1
39
20
17
-82
-13
5
34
-34
-33
10
35
-16
92
-11
17
-55
30
-3
7
49
19
-42
15
-46
8
55
17
-55
-17
-49
6
-64
6
-9
-58
-11
-45
-71
25
17
-6
-1
-8
18
58
20
-61
-127
53
8
-71
5
21
-42
-19
27
16
8
-62
-12
-62
2
24
33
36
-60
47
15
-15
-59
40
-31
-37
-34
46
-40
23
-5
71
-11
20
1
65
58
72
-26
-47
-115
37
37
-56
-23
-73
47
-13
15
11
34
-31
47
36
-60
-23
86
83
39
-30
-60
-43
93
3
-11
20
10
-71
77
60
43
25
4
12
12
4
28
-4
76
69
-17
13
45
17
96
63
-37
63
71
-55
36
-41
51
93
23
-3
22
12
26
28
61
28
-1
-18
-47
4
44
13
-25
62
74
49
87
3
-60
127
72
23
23
26
56
-74
40
-19
-17
38
-7
-72
57
42
58
10
71
-32
-103
44
-28
20
-22
-22
-31
-26
-93
3
-65
76
41
-4
0
26
-67
-70
-14
-21
-47
75
5
60
-24
-8
78
33
53
-66
79
77
-32
39
-77
-44
-9
15
-9
11
60
-2
-75
45
21
-23
15
-26
-1
-52
103
1
-37
27
-86
-1
49
24
7
3
-16
-24
40
19
19
7
-31
16
-48
-37
-8
1
53
-46
55
60
-58
-17
13
20
13
9
7
-72
10
30
-40
32
-36
26
-84
-2
17
28
-6
-66
6
9
17
-21
81
-23
52
40
-26
32
16
-30
-38
18
-28
56
18
-20
-23
-52
37
-50
40
-21
-46
-45
32
0
30
-93
-12
-42
-41
-72
-45
-54
-17
-13
-26
-23
-51
-84
-66
0
17
-6
1
6
-49
30
14
-44
-15
22
-127
4
-42
14
8
-27
4
12
8
-32
-14
-65
-43
-25
62
-53
4
-36
16
-4
34
0
-104
24
58
-37
-60
81
-37
-46
-3
10
-3
-8
-29
28
2
-90
-13
-30
-111
20
-29
25
62
26
59
8
-89
49
10
-49
-65
14
-61
55
-47
33
-60
-8
-125
5
-57
30
11
-51
-28
-55
18
-8
-66
-41
-86
-60
-1
-92
-35
-21
-75
-2
47
10
-116
7
-31
-71
64
-97
-18
-14
40
22
-29
53
-17
3
-64
-127
-14
86
-12
58
2
-50
-19
-3
-96
10
-107
-109
-112
-25
-25
46
-9
-37
100
-71
24
35
26
-76
33
-5
-28
-4
53
-2
34
-36
-2
-52
-65
45
-31
-46
37
-15
35
-60
9
-3
60
68
-46
40
21
-26
-36
14
78
21
15
20
-10
-11
28
-10
26
13
-70
-55
47
-68
3
-1
-48
29
17
16
2
-60
-8
43
-48
-21
-46
11
2
-72
85
37
-30
16
-12
-8
5
8
-31
23
33
7
-11
32
74
3
69
20
-1
23
21
-52
95
76
-40
42
-33
-38
-21
-35
27
-32
47
-3
46
-23
10
22
55
-39
40
34
87
39
51
70
-42
-105
19
7
21
-57
-19
69
-3
-35
-63
-75
-7
-54
-43
-81
24
-5
-19
-45
-37
-34
41
-49
87
127
-68
-43
-58
56
-24
-23
0
16
-55
29
-15
35
16
9
41
-27
-70
0
15
-97
44
-10
35
-24
64
-16
-34
7
110
14
-58
-5
25
12
-16
-54
1
-48
-13
-47
-5
-13
46
-7
26
-47
56
-5
38
36
-18
20
-10
-19
19
48
-54
39
23
-30
1
-7
22
-55
-61
19
48
-81
119
47
14
-5
-47
14
-27
55
37
-40
-37
-96
-42
43
-79
41
31
39
24
-37
36
15
49
44
59
-12
-7
91
59
-13
24
-30
-42
23
32
35
-2
36
1
-45
-24
-99
-11
-21
48
-35
-76
-63
-27
1
56
1
82
-42
17
-64
80
-28
-45
-60
44
34
-127
28
-23
-38
23
-5
69
48
-15
-38
52
20
12
-7
-13
-10
-20
-25
48
20
32
63
-16
11
-33
31
8
33
52
-45
-30
54
6
1
50
-114
49
-20
-5
47
-16
-66
20
8
-7
-31
53
9
-10
19
8
25
-7
64
16
-30
105
-58
-22
21
8
-27
10
-31
24
18
53
-19
-3
-62
9
-51
46
7
49
22
-60
-65
0
48
4
6
23
12
-26
-32
127
33
-64
0
34
-91
-51
1
34
9
46
-19
-18
-22
-41
-116
-33
-42
-64
12
-28
-23
-42
62
48
3
16
33
29
60
-23
-28
-66
22
78
-83
18
35
-55
-30
26
78
3
7
61
-93
-7
-73
-19
-9
76
17
-41
3
-16
41
16
-22
22
-109
-28
-76
-52
1
76
-37
10
10
-57
-86
52
23
85
-83
31
-74
10
-13
-1
-20
-28
70
-11
0
-76
64
83
33
48
43
-22
-69
-54
-7
-63
-77
-54
-61
-62
-39
34
-14
19
-70
-21
35
5
-23
-26
-51
-7
50
17
-44
-119
-31
-88
-82
61
-73
-56
56
-43
23
31
-28
0
-2
70
76
44
-26
-60
-83
-78
-40
-64
-44
58
3
-113
55
-68
-5
15
80
-36
14
-58
-34
-31
-12
-35
-22
-27
98
-75
24
-37
-44
26
-123
-1
-44
37
-107
127
44
70
-2
-39
33
79
0
-50
-112
-5
74
-15
1
28
-54
124
6
-30
-41
1
51
-30
45
-46
-28
-96
6
-14
114
24
16
40
6
68
36
56
33
-36
30
47
-8
9
56
-37
15
127
35
-17
-94
-39
4
-38
0
24
36
56
-35
48
-15
62
47
-15
22
4
24
46
-96
16
6
11
100
-14
62
-42
-9
107
-32
10
-8
-10
40
0
57
43
-13
-30
43
86
57
6
19
47
71
57
16
22
-7
27
12
24
2
101
55
-76
-16
25
-6
81
31
10
-65
-12
31
14
-44
-25
-31
81
-56
1
-70
-44
34
-18
-50
-20
95
39
23
-45
-12
-22
-8
-54
25
5
38
24
42
53
8
-37
17
-33
59
94
-24
-78
33
41
-37
16
13
-1
59
-51
-39
-44
46
27
-13
-33
39
3
-54
23
50
-17
-25
9
13
26
41
80
-88
39
-19
27
-35
3
15
32
-64
-42
-19
71
69
63
33
-24
-17
48
3
2
17
1
43
-46
-54
14
10
-23
-38
91
-55
44
45
43
72
80
7
-29
-9
-27
-19
68
-35
-32
29
23
35
46
51
-26
-81
-101
52
-48
49
40
-39
20
75
-11
-50
-38
-5
27
-35
127
-27
21
56
56
-69
34
-17
-6
-4
-28
33
-53
25
-41
7
7
-79
-4
51
-8
28
-13
33
90
42
-24
-42
34
18
-13
-24
56
-1
-21
-42
-13
-17
-39
-14
61
11
-48
7
46
-60
23
33
48
50
-93
-23
-88
2
83
26
78
81
-19
-17
32
-23
22
-50
48
0
6
32
-15
36
21
-47
-38
10
-1
5
43
-33
-87
-32
48
16
14
-3
70
19
26
-47
-35
-53
21
22
71
23
8
-35
-69
12
-46
56
39
-95
21
-40
60
-36
-25
-14
-14
-57
-32
3
-118
18
-1
-20
-98
17
39
13
58
-28
-36
-111
-22
7
-3
48
22
-24
13
-5
-3
-127
-26
-12
-48
8
-38
13
-71
49
19
-20
-86
-14
-37
88
6
25
71
12
4
-65
-34
-37
3
-15
5
-17
-31
29
14
-27
-76
91
-15
-50
18
-42
35
17
-60
-20
4
2
8
-15
59
16
-65
-41
2
63
13
1
5
50
55
101
20
-64
-27
-28
-6
-89
67
27
73
43
-7
88
72
76
69
-11
-16
52
16
68
-64
52
-67
48
28
37
-57
16
-58
1
-16
-20
23
-16
23
114
-9
-49
-47
51
-38
59
-81
-23
-3
87
96
41
-24
-42
31
75
-73
46
-27
-7
-24
27
43
87
2
-30
4
-59
-10
-9
55
-60
28
127
60
-14
12
-64
-23
-41
123
-93
27
102
-11
-35
-23
68
12
47
-13
51
-18
-27
-19
92
69
-49
34
-6
36
-36
28
22
58
-18
-4
84
38
37
-18
11
-44
55
-43
10
-60
12
-17
-19
-80
10
33
87
2
-16
-1
-27
-59
34
-35
53
-39
28
-126
11
-44
-42
-72
-15
9
17
-113
-3
46
-12
-9
-45
-39
-35
-54
70
7
-18
-52
90
0
-29
-72
12
51
-7
7
-21
-36
63
31
62
68
-51
3
-36
24
2
-7
-72
-6
24
-56
-28
-44
-52
-63
-74
-4
-1
43
-15
32
-57
-6
49
-57
-74
-7
2
-66
62
46
-5
20
51
20
80
6
23
-50
-87
-40
-9
-55
-17
-46
-2
-1
31
-8
17
127
-58
-23
-17
-51
-39
10
-57
-21
28
-62
4
0
35
70
-3
45
1
-27
7
-53
7
18
52
24
37
-69
62
5
7
-16
-75
27
-52
11
-76
30
-59
53
9
-39
-25
65
31
-66
1
-3
64
53
8
-64
-28
40
-85
-5
9
95
38
-69
24
8
-35
7
64
-17
0
-57
4
26
-53
78
60
2
-8
53
22
25
8
36
16
8
-42
26
-18
6
-71
34
-40
26
-5
127
-51
-81
-24
21
13
91
-109
33
-2
-4
46
-92
-16
17
-61
93
-91
-1
16
3
-36
-36
-99
-18
-15
15
4
2
43
9
-30
-4
29
-19
1
-21
-17
35
26
37
-66
9
30
34
32
42
-14
24
6
51
-10
-20
-31
24
13
-17
79
-10
4
26
52
-48
-6
-61
36
-47
-48
1
-97
-21
20
-78
-2
5
-50
-22
13
-68
14
-20
24
-91
3
7
-45
38
-51
-50
20
-74
-127
-40
32
37
-73
-32
-108
31
-48
-79
12
-31
14
-103
-73
-36
-65
-23
-16
-81
-43
-7
59
80
16
71
-102
-42
-19
89
-1
-65
-124
16
-10
-42
-117
37
-44
-36
-23
-27
-70
-47
-26
23
-35
15
28
-72
5
42
-13
-15
-10
-10
-37
-6
-55
-14
54
-28
5
3
-45
-3
-114
-41
-52
30
25
28
46
14
-89
90
-16
-4
-71
42
9
-24
-7
-26
12
-45
2
38
-40
29
64
-13
-11
53
110
-6
39
-82
109
-64
25
-43
-68
-65
-10
-66
10
46
-3
74
51
-2
127
57
-101
73
-2
-102
53
40
-11
-1
-27
67
-1
97
-14
51
70
-103
28
-42
-2
50
57
-23
-9
54
-6
-74
-7
-85
16
-36
23
10
-34
58
11
-74
63
-30
69
32
-3
66
-7
28
84
-68
75
-78
-19
6
-80
54
-60
-56
-51
22
-49
-57
55
-22
23
-23
80
15
-23
61
50
45
12
25
39
24
107
35
36
-8
13
-3
-42
2
80
14
-119
-48
103
-121
-70
15
-34
-15
-21
106
39
-53
63
-30
-22
52
-94
-67
-4
48
-38
-29
34
-53
-26
-57
5
34
6
-16
45
-45
46
6
-109
69
40
-62
59
-36
60
-25
9
32
73
72
-49
51
-57
30
-52
2
26
23
81
-71
127
-4
-22
56
45
51
4
-61
28
-4
29
32
28
-25
-49
102
-10
-50
23
-28
-48
-39
-15
48
43
-54
-57
-1
4
-36
113
-8
-94
-54
-29
35
-1
-84
-60
8
44
-79
43
52
-89
-46
39
-21
98
-119
66
13
-56
42
-18
18
9
48
15
-28
78
-24
-2
62
-58
44
-1
61
85
-70
22
15
-2
25
-118
-102
-42
20
-21
0
78
59
-19
3
-39
-26
4
41
52
-56
-48
-22
-6
-34
-3
34
-47
48
-11
-73
66
-26
-29
-32
24
-4
-61
27
-69
53
-12
109
-16
66
-20
-102
-34
1
18
-29
29
73
42
-24
-51
-37
-37
31
-68
60
-29
22
37
47
-46
75
13
60
-5
-31
-7
-9
4
-41
110
-12
50
8
-9
-18
-74
-67
-32
64
77
-3
-1
37
-46
-29
70
-3
-15
-51
44
60
41
-19
2
-6
-66
-27
-38
-42
-54
22
-38
-3
-9
-58
28
0
-31
-22
62
-17
-16
-41
-48
22
-11
-16
127
37
-9
42
5
28
-16
43
82
-79
35
69
22
-34
90
-46
40
30
1
-5
11
-24
-36
52
36
-39
-5
33
65
-8
-2
45
4
-27
3
5
43
-89
-35
-50
-21
5
81
7
-20
47
-35
-45
-58
33
35
-14
42
37
-53
-24
8
39
-127
-18
49
18
8
85
51
-15
-41
50
-23
40
17
67
20
42
11
-21
23
20
-21
-22
-4
-22
29
-5
13
-3
7
-94
-49
-40
-20
12
30
85
-96
9
78
-65
35
69
59
13
-22
65
28
6
35
-28
0
-62
-15
-87
-2
91
6
28
68
-11
38
37
67
60
20
52
-21
33
-19
-36
20
-1
20
-52
-30
-59
-33
15
-5
-71
108
1
-49
4
-54
-91
-24
-40
127
-28
-39
-77
30
-53
5
-32
-35
-16
14
32
-30
-31
-24
28
13
9
-59
-5
15
1
12
-31
53
-25
6
-17
-46
12
-14
-4
-8
-37
1
27
-39
-45
14
31
3
-53
16
-41
-19
-46
-19
-19
-35
-18
-31
10
-33
-15
-3
10
42
10
22
11
-31
-42
-24
-1
-11
-33
13
22
20
-1
-21
-25
-36
10
29
-3
-45
-18
8
9
1
35
33
-9
24
-17
15
6
6
32
-25
-35
34
44
23
42
-35
-27
35
59
15
21
14
-46
-5
29
3
46
-16
-38
34
48
3
-19
1
-52
13
-56
-16
10
44
5
45
29
-62
23
-46
-52
35
13
16
8
-6
-127
-31
10
-20
-13
-26
51
-70
-47
-35
-14
77
-49
71
15
17
56
-25
-83
-80
124
-127
29
37
53
43
25
-11
23
-51
39
43
-10
-27
-28
98
72
23
-54
20
-65
-24
77
-79
17
25
-57
-2
-75
-28
9
-14
50
-7
114
-40
96
-117
-64
-3
-30
-25
-23
-100
109
27
-51
-3
27
2
18
49
1
-48
90
12
16
-27
-67
-4
-81
71
71
29
16
-124
-66
-54
68
-56
-54
-20
9
-34
-25
-12
24
-7
-24
26
53
52
40
23
116
-47
22
-24
-26
40
-1
106
-16
-88
18
42
-53
-81
75
40
60
54
-10
-41
-19
32
82
-48
67
-72
-44
16
3
18
56
66
18
91
-104
-57
-102
5
28
-87
4
35
-15
47
9
18
-91
-35
48
40
44
-72
15
-101
-5
-40
-61
-40
-20
-5
45
-32
-58
1
8
14
73
-37
31
37
59
-100
98
10
-29
-56
-30
79
-21
-14
-55
32
-7
37
65
-51
117
-73
-12
-6
6
83
23
-33
7
-22
11
11
-2
49
37
5
-38
-40
-12
-31
62
-7
-42
-55
50
67
-15
-19
15
91
-106
-11
-49
-32
21
19
3
-54
-62
-16
-78
33
30
38
-27
-38
-65
38
-84
-20
26
-33
5
24
127
41
-57
-4
44
35
36
-83
-56
-59
23
64
119
-4
2
87
-23
61
15
-29
-2
-27
4
54
-43
42
5
-8
86
-18
8
-68
-5
-68
61
3
-43
-6
-10
26
7
-37
12
83
-63
-38
-28
34
-37
-3
8
-13
47
-30
40
-3
62
-26
-3
-46
-25
-57
66
-13
36
-7
6
-42
11
-34
1
56
-14
127
17
102
6
19
-43
13
-14
11
69
-23
37
-12
80
58
-47
-29
5
-50
-7
0
4
-90
-4
-20
-54
-63
55
-21
-14
-31
-56
-61
-32
-16
67
-46
7
25
-17
-49
6
-50
-20
-40
7
37
-25
-42
-57
24
51
26
-29
60
-67
-48
10
-60
-38
54
11
-2
-109
43
-31
-63
-37
42
-12
-9
8
-48
49
-86
-50
27
-21
56
-49
48
-41
-46
93
-3
-25
22
2
-11
-38
18
-42
10
57
127
-28
1
21
-59
-54
30
-11
-5
-14
-49
-10
1
-7
-69
40
-74
-39
-10
-28
-28
-32
11
19
36
2
42
56
-45
20
-11
31
119
29
-7
-89
19
1
95
-3
58
-24
44
21
-26
65
20
-85
76
-30
72
19
39
-51
-95
-41
10
-57
-74
75
-3
-36
-14
84
78
10
2
5
37
96
103
-42
-4
16
29
48
22
32
49
-14
8
49
-10
-101
26
3
-32
-17
77
-54
-23
-43
-8
-26
-18
-6
-18
-45
5
-35
-25
16
-84
-6
67
-22
-37
-110
40
30
-24
59
65
-13
40
-108
4
-38
12
-43
-36
-19
-58
15
-6
-10
43
-127
11
-28
6
25
-61
-22
-6
19
-50
-41
-58
-94
-41
-59
-3
10
-7
-41
8
-59
-14
-34
-109
26
46
35
-70
-8
-63
16
-24
-9
21
-53
-55
-74
-2
90
49
1
-2
-10
-91
-7
9
-30
38
-44
50
-4
-11
2
98
-13
86
3
-30
-41
-38
34
28
-14
-96
49
-110
36
21
-37
-47
-4
80
46
7
-127
-36
13
-103
-76
-127
119
5
5
-2
-33
18
-6
-103
6
-6
-86
-17
26
-25
-39
-21
53
-19
-94
-16
-31
11
-36
-56
6
-30
-74
-112
6
16
16
20
-85
37
39
-1
-127
-17
57
11
-13
-34
4
-7
20
-17
-6
4
53
45
14
96
10
41
-66
11
2
-15
37
-48
-36
-13
-44
47
-41
49
16
30
45
-1
-48
-28
1
40
9
-39
47
-35
36
35
27
-30
-29
-19
9
5
8
42
-16
-14
-54
20
-24
-12
67
-48
25
8
-61
35
22
8
44
-52
-12
-5
-30
34
-34
-34
11
-7
34
67
26
-67
-13
45
-28
-22
44
34
-31
-25
4
18
36
-34
-61
1
-30
-14
-15
22
9
6
-18
-1
-5
74
-1
-7
14
-32
5
48
-64
35
-73
40
-12
-8
-20
-47
-5
75
-78
-59
-21
-9
15
6
-29
-33
43
-1
5
60
5
41
-67
98
1
-14
39
-56
-20
3
51
33
74
-29
1
35
50
127
40
4
-42
6
28
-75
46
-39
20
-60
-22
44
68
59
21
0
-31
45
64
-69
42
-8
-67
59
16
0
-67
14
33
-66
45
25
71
25
-76
26
-14
41
-46
-74
75
54
3
-122
-47
57
23
54
-39
-45
-5
69
55
12
10
7
-49
-14
-23
54
19
55
-14
80
-5
27
39
3
35
114
52
-42
28
63
-63
39
22
-57
-19
-43
-44
17
-23
-86
-81
29
27
54
10
5
82
-26
-16
42
-11
73
6
-66
-26
-10
-5
-15
-16
15
-39
-15
26
3
54
-24
-19
-2
-77
-127
9
-10
-26
-69
28
4
-40
-107
-38
-15
-7
-30
23
-32
6
-15
-40
-28
-48
-49
-67
-72
9
-15
44
18
-35
-60
-46
-67
17
-7
-11
13
25
33
-9
30
-6
-2
-7
-37
-64
32
16
79
39
-7
-12
-41
21
4
13
-52
-12
-50
-5
-45
-22
-13
56
-61
-39
-22
-6
-23
-8
-21
15
4
6
-12
-8
-44
3
-3
-35
-2
-17
-112
-22
-30
22
-10
-25
-6
24
35
-13
-10
-56
16
-53
-50
-45
-18
45
-45
-81
55
-79
-15
-69
34
25
25
-19
18
-5
62
17
-38
55
1
66
-27
-67
49
-19
32
0
-79
-36
56
-10
12
23
-47
60
17
-49
23
-60
-36
-41
-86
29
-25
-30
-48
-45
-78
61
-79
38
-18
-93
70
-7
-17
7
-46
31
5
-30
-58
40
-38
62
-23
-44
55
8
-13
-20
-32
35
-6
-9
-65
-62
15
53
-48
17
-96
42
-16
16
53
37
43
36
-28
-47
-17
124
4
25
32
40
-14
-26
24
-34
-24
32
6
39
-31
44
32
-39
60
77
-56
-41
-58
-119
-19
-3
-127
-14
-6
10
21
-38
-22
62
-50
35
-27
104
57
59
32
-15
-27
-28
5
4
-57
-39
78
-19
16
-43
-18
-4
103
16
-127
-38
-61
55
16
-38
43
56
-28
-4
20
15
-6
-34
79
-92
23
-12
-51
53
30
9
-6
-7
-67
26
-49
21
41
-10
109
23
-4
10
17
13
-22
-41
82
15
-36
-18
62
-77
41
-17
74
36
-78
-5
13
15
46
64
32
-17
54
13
-40
-47
-60
-44
43
57
16
8
8
39
6
2
-23
26
-75
-8
0
-73
31
-32
-60
-67
-65
-45
20
-104
32
-35
42
-28
104
0
54
-24
49
90
37
46
54
94
52
4
23
20
63
-61
62
-46
-19
62
-63
16
-53
-85
-54
-64
21
-25
40
52
45
-22
4
-48
-51
25
62
84
-21
14
-78
89
-67
-33
80
-7
-71
-16
-75
23
39
82
-13
62
0
-14
-26
26
7
5
-2
-19
4
-33
98
-31
6
81
-6
1
-104
-62
7
-45
-26
-51
7
67
-8
43
-28
43
-24
-90
-116
96
-96
-16
9
6
-49
93
-69
12
67
30
31
-49
18
-27
-82
-41
7
-15
48
-60
-88
98
-116
61
-59
57
29
101
81
127
-1
-49
59
-56
-55
86
-70
51
-5
68
-58
-41
45
20
-109
-36
-70
4
-15
12
-100
22
-28
4
26
10
24
79
-40
-77
7
-33
59
-24
-56
-82
62
-69
-16
5
0
-60
55
-28
88
26
-29
-7
38
28
55
53
-13
76
16
-23
9
14
18
86
112
-48
32
-25
66
-56
58
-4
78
11
32
-27
-77
47
-120
75
18
-40
-27
-15
-3
62
75
96
95
43
59
-1
-56
120
-11
52
127
14
10
23
-5
-59
94
2
58
9
19
-88
-58
-7
-32
0
-57
-14
-40
-22
-14
58
38
44
-21
-14
32
51
45
-66
-20
-74
23
5
-43
68
69
27
-98
-78
-25
-56
105
30
-22
46
44
-68
59
36
-49
25
54
-4
-46
-69
57
-2
-71
-121
0
-90
-21
24
35
-5
-30
13
16
-5
61
-116
-48
2
33
-65
38
70
-56
-52
-55
-43
16
-75
-8
-36
26
-1
-38
88
53
50
17
-57
45
-83
-34
74
11
-20
-8
-1
25
57
-35
36
43
-58
19
-13
-7
9
0
-71
68
2
21
-44
-54
60
1
-8
-85
-53
-10
12
-3
38
17
23
38
-5
10
-31
-27
3
22
-31
-17
-18
-32
-2
44
17
7
-9
-29
3
16
49
26
-2
0
44
16
-83
45
-80
-8
50
-13
2
-18
11
-51
33
-29
23
21
3
-53
106
-9
-12
-18
-44
-24
127
25
-53
12
-6
-2
-13
-25
-10
38
59
-90
-12
-15
9
38
-34
21
54
5
34
38
-64
-19
-40
-78
34
22
74
42
-86
13
-3
-40
-45
15
-47
22
50
49
44
84
41
127
41
39
-9
34
9
41
35
-47
39
19
-50
-34
-49
50
-104
-12
93
18
-27
-19
-92
-20
56
23
-39
-11
35
56
-38
7
4
-11
38
-33
-91
-80
-47
77
-15
33
-33
-8
-24
22
-12
-35
73
-20
-35
35
15
81
-26
4
-71
3
-36
49
8
60
10
-31
20
-13
27
-39
-27
-18
-2
4
52
78
57
40
12
-11
-7
-26
57
-25
-49
-8
40
-4
95
-11
49
-11
44
66
-12
-25
5
-65
94
-9
-10
-24
38
71
45
53
-15
63
-36
16
-74
20
61
-78
28
-38
76
37
10
-44
-44
-47
-29
-14
-91
-18
48
32
-25
-19
1
90
15
-25
-36
-10
-4
29
11
8
-28
-20
39
41
27
-49
-23
50
11
64
-50
22
22
35
-9
63
59
-42
54
-10
42
-40
14
-22
4
31
-15
74
-12
-24
-44
-38
38
31
33
-8
8
10
16
63
-45
-23
-30
-65
38
-61
34
39
14
74
-20
-5
50
-27
-29
-42
-27
8
-48
10
-21
-113
53
-79
-85
59
-66
-27
29
112
56
65
-21
-37
23
33
1
-83
54
49
-5
-64
-16
19
-5
-49
-127
-93
-44
25
58
51
-56
-23
-49
54
-48
35
27
42
-107
1
-4
77
35
108
-14
-17
-6
-1
-30
10
54
44
-68
3
14
-75
-43
10
-21
-22
-51
-28
96
29
33
-59
30
16
35
-22
0
6
-10
-13
-55
31
-55
23
36
-47
29
26
38
-57
-7
59
-46
49
-31
26
60
-48
65
9
-6
29
43
12
-9
-30
-18
-1
26
34
-7
14
10
22
17
23
-80
54
17
-53
-10
-63
-70
35
25
0
0
-99
24
49
-29
99
31
22
-62
17
53
4
21
-10
46
40
-15
68
-99
-127
80
44
-52
-15
29
64
-37
71
11
-49
6
-59
19
-55
17
84
-29
28
67
-13
58
-81
-36
38
30
-21
-16
47
16
9
-1
-35
-19
30
-35
-33
1
-10
-44
51
13
3
-41
-16
113
-8
31
-23
-75
21
4
-40
-37
-2
56
-7
16
-9
-45
35
57
14
-74
-32
-29
21
86
32
-25
17
-34
49
-21
-43
-12
10
-26
5
-37
-41
46
17
-31
-14
64
-6
-18
-11
-34
-57
3
-50
-57
33
-76
54
-7
28
21
-4
25
-35
77
18
-126
-14
-6
36
2
-75
-51
59
47
46
-1
43
-120
-33
61
-102
-35
70
87
-51
-99
-23
18
-44
19
-36
-75
-18
-19
72
83
-22
33
5
63
24
50
-52
52
30
-6
-44
-36
3
36
-87
49
-26
8
4
-33
33
-20
31
-32
16
-48
-29
-73
127
42
-101
24
-15
13
34
30
35
127
8
35
72
35
-2
5
-79
33
-84
60
-36
74
21
4
4
-24
-20
46
-39
-87
-7
31
47
-1
111
-56
75
-33
-19
49
2
-2
-9
34
64
33
45
-37
-24
90
-38
-61
12
46
13
90
42
38
54
19
62
-13
25
66
60
47
56
-54
7
-22
-53
-3
-24
6
27
17
-41
4
63
-45
69
-48
-3
-29
-24
-43
-22
75
-92
-75
8
23
28
-83
-15
-10
7
56
69
49
-16
10
18
62
101
-34
-79
-2
-52
51
48
48
65
-29
-4
-1
-8
-59
97
50
65
38
15
-65
55
-42
-90
46
41
5
-30
-13
17
-55
26
-48
32
3
-14
95
-12
-70
33
-18
-28
33
-34
-2
-45
23
35
-127
37
-24
-17
50
-28
10
-15
14
-7
-54
-71
-94
57
-109
-34
-23
32
12
24
-16
31
33
4
-15
-20
1
-4
18
76
-59
-34
53
13
45
7
-78
18
-55
23
-9
-1
41
41
-34
-29
2
-34
-13
-38
-13
40
-64
-20
-39
-74
27
20
-37
-22
4
16
-28
41
-55
-8
-54
-53
26
39
-37
19
-23
-9
-27
19
-14
-33
-34
49
11
0
38
6
58
-8
-73
6
31
18
-36
8
-89
-7
12
-10
9
52
-16
27
-70
-38
-27
-28
-33
50
11
-14
-47
8
-48
-19
-17
8
-72
-28
-13
27
6
-39
-16
-17
75
-9
29
32
52
-18
-89
75
-82
81
35
65
14
22
-9
-16
38
-6
127
3
-16
45
31
-10
35
61
80
-108
24
113
18
38
-9
2
4
27
-11
6
33
-71
-83
5
38
-27
-81
85
24
-37
-19
54
2
-63
10
31
-17
-108
45
3
38
14
-75
-66
-14
-32
-37
93
15
62
-88
51
-82
-9
52
1
103
75
-36
75
66
-24
54
11
-61
40
-36
-52
-62
-32
-20
-17
-1
16
79
-58
64
115
-40
14
-59
89
-92
-11
24
-37
88
37
37
-22
-39
-24
125
20
-16
19
-58
-85
25
127
5
-65
-25
-23
-38
-65
48
46
39
-24
-10
56
-53
-108
97
22
15
-28
-24
-20
-30
-25
71
121
-30
-29
5
-47
-71
-59
-61
30
-50
-13
-34
-43
23
-33
-89
-27
-54
-72
85
-45
45
-13
27
48
-6
-23
-33
32
-39
-49
12
7
-19
2
24
40
-57
-16
46
-35
-34
-11
-12
59
16
-21
57
-29
14
95
85
-69
31
60
57
-4
14
0
21
3
26
24
34
10
74
-26
-6
-30
-64
-23
63
-51
-108
-38
-54
27
-10
-34
46
-38
-12
-41
-55
125
-117
-38
50
-35
34
-15
-36
-85
-79
-12
76
-45
47
-46
-26
-5
-23
-77
-15
49
29
-40
127
26
-1
-51
31
-9
-22
-11
75
-14
-73
-19
22
51
62
39
-33
-18
63
-16
-59
-82
12
61
-39
49
-9
-69
32
-19
21
-60
15
-7
71
96
-61
-7
-21
17
-37
-46
22
38
14
37
-53
3
5
-48
-8
-16
30
45
74
25
-41
24
-31
20
-66
-6
-8
-12
71
-66
-49
-2
3
82
-77
-40
63
-14
95
0
12
20
68
60
14
7
-53
5
47
-40
-25
-65
-22
25
-37
-52
53
65
-32
23
-88
16
-5
-32
94
43
12
24
67
-24
63
-2
-70
-6
-32
11
-13
15
-5
66
51
6
-73
-44
69
54
4
-1
70
-100
-25
7
-36
22
33
-2
52
-5
21
-17
24
-44
-25
-3
-53
25
87
39
14
-25
7
25
-57
23
-50
26
-55
65
-88
67
-52
13
77
-63
69
35
-17
96
95
-94
8
25
7
34
-11
75
22
-19
46
89
81
30
-20
75
12
56
45
-12
-95
-25
8
75
107
-39
-6
13
78
57
21
33
-4
-81
56
63
-5
4
-74
74
-35
-33
12
-127
28
-37
-56
-5
8
-71
12
-44
-56
38
65
-10
-24
42
20
90
30
81
-96
-84
42
9
-44
40
-101
60
90
-15
-20
35
66
-6
-50
80
-59
67
77
-40
-35
-70
-36
27
54
71
-29
-10
-50
-62
16
-47
-31
-5
19
44
12
30
-31
-106
-1
-51
57
-23
-16
-7
-35
36
7
27
-5
77
18
38
37
-27
14
-43
21
-22
-31
3
-6
7
-16
-9
-41
14
-80
-25
-39
-12
23
-55
-10
-18
-1
-18
-43
-4
-14
67
-8
52
-89
-10
-31
-56
8
15
26
-12
-46
-78
48
5
45
-44
58
42
12
6
6
64
2
-5
-33
-89
-5
40
-82
6
11
-13
48
59
-1
21
33
17
43
21
11
-6
-8
-15
20
21
17
7
7
-37
-14
43
-43
23
-60
-25
48
-45
127
-59
8
-22
15
31
-40
-38
-29
-6
-55
-28
23
-14
63
-17
53
24
-64
-19
16
102
87
-71
39
-9
-44
-41
-15
1
-4
107
-74
31
-60
-41
-100
-51
44
-5
5
-87
0
-75
-3
91
45
90
-1
63
113
28
-23
84
19
-11
-12
1
52
-61
-7
45
-40
1
96
21
-15
49
41
40
-23
-7
-29
68
27
-1
118
-21
71
19
9
-86
-73
109
55
-85
-12
-38
55
36
-18
-12
10
-5
-12
-74
-22
-6
-73
51
-45
-63
-101
-17
32
40
-49
64
94
16
-23
91
65
38
-6
12
6
-51
-40
-11
-19
-108
51
4
0
-127
51
-46
-67
33
33
-37
-22
-71
-50
21
-51
-23
-100
38
-18
12
