10
5
-17
26
-29
20
-38
38
32
16
17
-39
-20
-34
19
52
-31
-3
-34
55
57
-28
-54
22
-47
50
-26
22
33
-50
-16
23
-47
99
55
-53
30
16
-36
-11
12
-22
-4
-49
27
-11
-11
-48
31
33
10
31
-22
27
17
16
11
-10
23
38
14
-42
-127
-20
23
11
-59
77
3
-52
-26
-26
-17
-4
-6
11
55
-12
1
-15
-29
-11
53
36
13
-8
-35
-9
20
-21
7
-10
-48
-36
33
11
-14
67
-6
39
23
16
73
7
66
10
29
20
-33
48
-69
-21
-26
49
-27
33
-14
74
5
-36
4
16
25
16
24
-26
50
-31
-62
-10
-49
-22
-10
13
-8
67
4
14
51
3
3
12
-18
66
1
3
18
-54
-28
-24
-21
21
-30
13
-24
-87
-46
61
27
-10
-21
45
2
6
-2
-37
23
-8
30
15
39
-48
55
22
21
-5
-11
-47
-32
64
-42
-17
-2
27
35
28
-28
72
6
2
33
-11
18
38
22
57
33
-7
43
-35
-5
-30
-19
7
44
-40
74
25
-54
-51
13
21
-8
77
-20
12
84
10
-55
-47
-50
-86
39
-46
47
-47
-12
-8
-56
58
-14
4
55
2
-83
73
15
-4
-10
-36
22
53
10
-16
20
-30
-49
26
-8
-1
-74
4
16
47
18
-25
9
23
28
-5
-54
-24
-48
0
-64
-76
35
72
26
-39
21
-16
4
-61
21
71
14
49
-27
15
-5
19
55
-16
42
-25
15
8
-52
96
40
48
-11
20
38
-89
-38
55
-70
-19
40
28
4
-42
3
18
49
13
4
-23
-43
-46
-105
-35
28
31
41
-1
-32
46
-8
4
34
62
3
65
59
-11
-17
70
-19
-64
-3
-39
-80
-12
16
51
-70
-12
24
-80
45
-40
11
22
20
127
-52
-65
13
49
28
-25
46
-58
35
-52
-49
-45
13
15
40
16
41
-53
-67
71
6
38
-11
25
-70
-36
18
-33
16
58
-16
-50
-6
66
13
-5
0
-64
-12
90
-2
5
20
8
12
-22
-42
-30
111
-2
19
-18
70
-48
-14
-65
67
-75
-29
-39
3
43
-45
35
-13
4
25
-35
-1
35
-17
50
21
41
-18
-37
16
-47
-26
-127
-29
-43
-55
52
25
6
29
29
-46
-103
-15
-32
31
6
-58
18
16
-48
-32
-25
-12
-12
21
-30
51
-33
-63
-21
14
20
-8
48
-46
28
-51
99
23
9
-74
25
52
-30
-12
96
-43
-3
2
-79
-33
-46
110
-41
12
22
5
31
-88
-63
-57
-47
84
36
-13
101
-22
-1
-19
-58
28
34
0
8
16
-58
-46
19
62
10
-30
70
9
47
43
51
4
-19
6
-59
28
0
31
-10
83
-40
0
-28
63
-66
-70
11
-32
-9
-40
26
-58
-45
44
-41
-78
-32
75
-34
-9
-47
-41
24
-15
27
-16
-60
13
2
-89
-35
49
15
-22
-40
19
19
9
-21
1
-95
-31
-4
-38
13
-44
-2
-5
-31
26
41
-37
28
-5
10
12
-5
-21
-30
-30
-33
54
16
35
53
36
-32
-22
18
-26
-19
-13
10
-92
9
-27
-9
37
24
58
19
-23
15
5
-47
15
-39
-52
40
40
25
15
-20
-20
-27
9
-26
-71
10
-14
-42
29
-4
-27
28
1
2
-61
12
-10
-15
-37
5
-33
64
-22
-19
-25
-14
-42
-41
-16
-10
20
-48
105
39
29
65
31
-15
7
-64
-48
38
12
27
81
8
12
-46
34
16
-47
42
-6
66
-57
-1
1
5
-10
-28
81
15
-12
45
61
-25
-14
-8
0
-17
-61
3
15
22
-52
-34
-10
-17
-64
68
13
-27
15
-23
44
33
17
99
63
-2
-73
-95
-31
40
-5
29
-56
-15
22
53
36
-53
19
-50
-16
-12
-60
-62
30
-23
4
42
-65
48
-50
-127
37
-17
13
-30
49
-42
47
-18
0
13
-68
19
-3
47
-13
50
52
34
36
10
-35
45
-16
27
-64
87
27
-30
20
-16
18
-63
55
32
-64
-54
-45
-4
-54
-40
6
4
-47
-4
-16
12
-127
-31
-36
-49
-84
-71
9
39
17
-52
-23
59
21
-5
-50
29
46
-9
72
-25
-31
5
2
115
-16
35
8
-41
74
-56
-8
11
-55
-17
-25
-53
98
0
-1
45
31
-23
37
-13
38
-32
51
87
-11
-13
27
-8
25
0
28
14
34
78
-28
10
2
51
-4
-17
10
4
77
-26
-25
-5
10
-51
38
-7
18
87
41
35
-18
23
-19
-18
35
-52
17
27
-49
35
-43
34
-57
-80
-2
-4
26
-12
-56
-13
14
-3
-20
46
-7
31
41
53
-59
70
-49
18
0
-9
0
-10
35
0
-1
74
20
-45
1
12
11
-7
-29
-47
86
84
-47
12
-31
33
-53
-22
100
-41
7
19
37
-42
23
-63
61
-18
-33
58
-18
82
-24
-16
-9
11
-19
21
17
-8
5
7
-27
27
21
3
42
-37
60
-14
5
24
0
-45
-11
18
-101
3
29
25
43
33
-28
16
8
-10
22
42
29
-65
-47
14
-9
57
0
20
-14
-41
10
-19
-4
-52
-77
80
10
127
46
-60
42
-8
-47
-32
-35
32
63
-28
30
-109
28
-31
57
39
20
69
106
-35
-25
-6
-20
-49
25
15
1
-40
27
-67
-5
-61
32
-19
-24
-71
-7
78
24
-61
-55
-65
38
-58
64
59
-5
9
93
-51
44
45
-8
-75
115
51
-44
89
29
6
32
-27
-58
-38
-83
19
-15
67
-19
-69
46
-40
-58
-19
-15
-37
-39
-45
-25
15
-40
36
-77
1
-11
-9
12
-16
55
5
81
-53
21
2
27
-67
-7
-32
25
-46
8
-34
108
30
3
-22
-40
-30
40
29
12
4
44
-105
-49
-125
10
-14
26
-41
28
43
11
25
-40
7
-49
63
-61
-27
91
-70
-21
39
31
119
69
-18
67
29
-4
74
-44
-103
-39
-76
-20
-29
-22
27
-41
19
-83
-25
-53
7
30
-63
15
-37
70
-37
-43
100
-29
-48
-28
14
-25
-34
56
-50
-51
-85
-86
20
24
82
49
-9
-17
-19
-26
25
4
-52
-18
6
11
-85
45
47
11
61
-90
-74
-1
12
51
-11
-67
-13
-41
-56
-127
-119
-5
-76
-36
30
-48
95
36
8
7
-12
1
61
50
-104
2
54
-66
82
27
1
8
52
-90
51
-10
8
-57
11
-86
39
10
-38
-10
34
12
-60
-38
-59
34
57
-115
-62
31
-10
14
-2
-38
-4
-72
26
-83
-33
37
45
-17
62
22
55
-41
-36
75
-25
-5
27
-25
-59
-105
-74
-31
2
-35
-23
-7
-13
-26
-24
-55
17
12
42
-1
-40
-15
12
-103
-82
-17
-12
-60
36
-17
38
99
34
0
5
16
-29
-4
51
3
31
29
-30
-61
-78
-27
53
-10
-91
-48
-13
-30
-27
-48
-13
-59
37
52
-33
-62
12
39
4
-51
20
48
-35
68
10
-12
-63
-41
12
-40
-7
-9
-18
6
-80
28
-10
-68
-42
-9
-16
-57
-55
39
-7
-28
-5
88
45
-30
-96
-45
-70
18
-12
-20
-21
-27
62
71
28
24
26
-62
26
7
-120
39
-37
48
-43
-38
-48
24
-4
27
23
-1
-11
-68
4
-32
-75
-72
11
-31
-26
23
-80
2
53
-22
-63
-14
7
3
7
49
24
-58
11
54
50
-70
38
-25
0
19
75
-13
6
-55
43
-65
41
-14
5
15
27
62
7
51
-71
-16
-41
-106
50
57
6
-80
81
-28
40
6
30
-39
-13
-85
23
-48
-65
-14
51
29
13
0
-73
-15
90
-5
-4
-113
41
-30
-50
75
-112
-33
4
-40
-43
58
-33
14
68
-69
46
16
58
-72
-10
37
-70
79
77
23
-1
-7
30
17
-31
73
28
76
-11
16
-11
-6
37
53
-29
40
-44
9
34
-42
49
-13
-30
13
-15
-73
3
-97
60
-54
60
49
22
1
-49
-61
-15
22
42
21
35
22
36
35
76
-68
-127
34
-2
39
6
17
0
3
-98
27
12
-19
-60
-18
-46
-26
13
-30
-58
-32
-9
15
66
18
31
-28
49
-89
-32
62
-4
-100
19
19
67
-57
49
19
55
11
-65
-53
72
-7
-31
-22
69
18
-53
-96
-74
-16
34
-15
64
-33
-9
-42
-38
57
-13
-38
-27
43
30
28
-5
0
-8
11
18
30
51
-52
-5
-77
21
-14
78
-27
-9
19
97
15
97
5
93
-11
74
11
18
-87
38
-22
-35
-77
63
-84
-53
0
-82
-49
-59
6
-45
-38
-59
10
-80
-54
17
-12
5
-43
-34
31
5
60
-13
-20
58
27
74
-105
18
-54
19
60
-96
-30
-17
-14
30
86
24
22
-30
12
52
38
-74
36
5
-84
111
-11
-62
-77
-14
65
-13
-97
-62
-40
-14
-68
90
-22
55
6
90
-15
5
-86
79
-10
-70
95
-53
-11
-12
35
-127
-82
44
27
-2
54
-80
-14
-67
-77
54
33
8
51
-2
-127
30
-22
74
35
-25
9
-45
30
-97
-54
-43
-5
57
47
57
-51
32
-41
-35
-3
14
25
58
-3
5
70
65
1
13
8
5
52
0
-55
23
-24
54
-19
-56
-11
44
35
27
-25
-75
22
-98
-27
-51
-11
-66
19
11
-54
40
63
7
2
45
53
1
-86
65
-62
82
16
-27
-26
-4
-127
24
4
-74
-10
16
-57
22
-43
19
1
55
-39
-29
62
-69
1
-19
55
-84
-45
-7
-3
-29
53
-10
-5
28
10
48
17
26
-6
34
-31
-13
15
16
-121
-22
50
33
-2
-29
-66
-91
-21
19
2
2
-39
-22
-13
44
19
-51
71
-67
-44
20
6
-90
80
53
3
-13
-19
42
1
13
-15
-70
-35
41
-59
14
3
-1
17
72
-24
13
-25
23
-9
35
11
9
-27
24
59
10
61
-105
21
-34
-36
-21
-28
62
50
1
48
-22
68
49
103
35
-25
-50
4
-14
-94
26
16
11
3
-67
-40
-33
-34
12
-14
26
54
-23
-75
7
32
66
-21
-37
-3
-21
-14
8
-7
-104
-43
14
15
25
-58
35
-70
-39
-28
42
-56
4
-12
-50
6
-7
28
26
-30
21
-27
-23
-21
-91
27
-27
-46
-37
-27
-30
50
19
-21
-18
-35
-36
20
11
23
50
-7
-11
70
-38
-33
27
49
-23
39
12
1
107
27
65
-77
-35
8
19
-25
23
-69
-4
5
55
-29
-68
0
-1
53
9
-44
-76
-47
-96
-3
14
-31
-127
-16
-7
-5
-27
-74
32
39
-17
-54
64
28
45
12
-17
29
-68
22
73
-32
-28
-19
-14
38
-41
62
3
21
-99
38
-29
-45
25
4
-47
-12
-35
-60
41
-31
85
0
25
16
33
-16
-35
10
-8
-19
-73
6
-63
-33
-11
-6
-39
-33
45
70
65
-56
22
-2
-57
38
9
-9
-35
16
-6
-70
11
9
-41
-26
59
1
61
2
12
-4
9
100
29
-18
-11
-18
-71
4
-21
-2
-18
11
14
-12
-22
-13
-44
-21
33
3
-9
-41
0
59
-54
5
-8
47
7
51
-8
16
-24
17
33
-38
-5
-87
28
-26
-11
-72
-25
-1
-97
37
-8
39
3
-14
-38
3
34
18
-9
48
-42
-46
-64
49
31
65
37
13
29
-82
-2
64
-5
63
-29
2
-45
11
39
7
-36
57
15
-20
-93
-53
26
25
17
46
-42
90
-50
61
86
1
-39
13
-24
17
-22
-13
-55
10
-6
8
-47
-24
-6
-12
-36
-29
-35
-11
6
-57
-74
15
-46
10
-22
-79
-13
-23
16
-100
81
-17
-49
49
91
-14
38
1
7
-22
-41
28
-22
73
-37
-80
69
-41
4
25
5
-26
82
45
-11
66
27
30
35
38
56
-18
-30
-90
53
-105
-33
-27
99
-6
-70
-31
36
-37
-68
69
127
74
57
-12
-40
-44
15
90
-49
0
-11
23
126
-56
-34
50
-35
-13
-7
22
8
-25
2
-27
43
-19
25
20
-17
-88
-39
-38
0
102
-15
24
55
37
6
-69
-35
-15
-3
-74
-67
67
-26
68
28
2
-3
-25
26
90
8
36
5
21
7
-20
-17
-62
-82
51
29
26
-39
-9
29
6
24
0
-7
24
14
-5
-22
2
0
12
-62
21
-11
39
-13
18
2
2
-15
12
-26
-27
-78
16
49
14
67
-33
-13
22
-26
42
11
-56
-3
69
-27
-1
-17
-12
-10
-35
5
57
8
38
16
-79
-34
29
-19
63
-92
-4
-1
49
-43
-40
-105
21
-37
13
-12
-53
-67
-18
32
29
15
-55
49
-1
38
-45
85
-27
7
22
-50
3
-54
-17
11
23
-25
-7
-13
-44
-53
29
33
28
11
-29
0
23
39
16
-31
55
-2
87
28
77
64
30
24
20
-4
-22
3
-61
-36
11
70
24
18
1
-4
-22
-35
-49
41
110
-6
-37
-1
49
-27
4
8
-39
15
38
67
-45
-40
-46
27
-50
-18
6
2
-75
52
-26
-48
38
55
-18
-10
-22
-14
54
-59
7
-20
20
3
-9
-82
-127
-24
40
49
46
-100
19
-24
14
12
9
47
1
-45
-23
7
18
-47
37
67
-8
13
31
-15
-53
4
-54
2
-3
105
65
-8
46
-41
-25
-17
61
25
-6
6
-35
-88
-18
-47
96
-34
21
15
-19
-40
-22
-103
30
1
-2
-14
58
-45
56
44
-43
-11
58
40
-105
-21
21
-19
-10
66
81
9
-12
35
-119
40
-71
-27
39
28
-19
-58
17
0
26
-110
-12
-17
-15
22
-6
15
22
13
-19
93
-21
-1
17
38
-15
77
-32
127
-4
-67
70
64
17
-37
-69
-30
-52
40
-48
9
22
55
20
-14
-74
21
95
-29
50
-71
-10
34
-34
44
1
-34
-50
14
58
-44
-88
-4
2
29
-11
-51
-24
-21
40
-26
-108
-55
-35
89
-43
-98
-23
45
-24
53
-41
42
-12
-92
-28
-7
1
66
0
42
79
29
-26
33
-20
52
-28
-46
94
-21
-25
69
19
-26
-23
18
-61
-39
-46
-34
9
45
18
-43
0
-14
101
-62
-17
1
-1
35
37
45
0
11
-34
-23
-34
36
1
82
-24
-60
21
95
-55
-53
37
-6
-62
20
-17
42
34
-46
-25
24
-44
75
79
3
18
31
-105
70
8
2
-17
-37
-44
-8
11
75
-20
-52
-29
-4
54
18
29
-7
-57
16
26
4
-5
-9
-47
100
13
-13
-29
-26
10
14
14
-120
12
79
6
74
7
-30
37
26
-18
-76
68
51
7
37
-53
-48
-38
36
75
-41
-67
-106
16
-30
-7
69
32
21
19
-107
-3
7
60
-24
20
-26
12
127
-43
-37
14
-59
29
-80
-40
59
-10
10
74
-33
33
-5
-29
4
-33
-84
-15
51
2
-3
51
45
117
61
-19
-39
38
-45
-44
39
-16
-49
50
54
-35
-1
-21
55
73
-25
16
22
-35
-24
66
15
10
-23
-14
17
94
12
-11
-48
9
-25
59
-17
31
-1
60
-71
17
-64
2
-40
72
11
-26
-63
-9
-2
-17
58
-34
22
-34
44
15
41
-39
49
-1
56
15
-28
38
-3
-40
67
-27
68
51
36
40
21
-45
1
-17
15
41
-19
26
52
-68
-86
34
69
-59
27
10
37
42
-35
-25
19
18
56
6
19
-30
18
50
12
-78
-66
33
7
-59
-20
39
1
0
48
-64
-27
-80
45
-34
30
54
-10
-15
-23
-41
41
8
38
27
20
-3
67
9
53
32
29
28
20
27
21
-38
-9
-12
36
-1
39
-46
101
35
-95
-18
-58
-14
25
-12
-14
28
-9
1
47
-7
69
-8
-2
-8
-8
9
-28
18
-11
32
-97
-47
-20
-91
12
-23
45
-38
-31
4
-17
1
-73
25
18
-19
35
-8
23
-34
25
-70
49
12
-20
68
36
10
-45
-17
-1
26
24
-21
79
-51
0
14
15
27
-13
2
17
1
-75
17
-5
-44
-40
-85
30
26
19
-34
-7
-18
37
-29
38
-19
11
-46
7
-29
10
103
63
-2
-35
53
19
7
-39
13
127
9
4
-46
32
38
3
18
-71
9
34
6
27
-4
-17
-5
5
46
-29
-22
-27
-35
-4
51
15
15
8
-9
-13
5
-16
-30
28
-39
14
108
73
-32
-79
-11
48
-70
5
-8
30
49
-3
51
75
61
12
15
-71
30
30
5
-7
-25
61
35
43
4
20
-26
33
1
1
54
-15
-26
-31
71
9
81
-7
-84
50
19
79
101
-21
25
-24
19
-69
22
22
-29
15
69
15
46
-3
-65
48
67
20
-3
38
-24
-10
-3
30
2
1
-56
7
0
50
-29
-36
35
-6
-15
97
-8
-39
96
20
-51
20
-39
2
36
20
-57
28
50
-18
-1
-55
-39
-35
19
46
-56
1
16
62
-15
62
-32
4
114
73
29
-38
48
10
-2
42
-19
-26
2
22
3
8
51
35
53
2
29
-20
7
23
24
-24
2
-66
-54
-36
-56
37
39
7
50
-26
25
37
-42
53
-21
121
-54
5
-24
-15
33
30
10
40
76
-72
42
-10
-72
105
42
4
-54
-66
-25
-95
-49
45
-2
-1
63
16
11
-127
-9
-28
29
-78
11
-31
37
-1
-29
12
46
7
70
103
-47
-58
85
-7
57
-64
35
-46
-20
61
-39
5
-44
16
0
-43
-70
44
73
29
-28
68
30
24
-2
-47
13
1
-82
-10
-14
40
30
43
6
-23
37
12
30
-10
-27
0
5
-22
11
-49
-55
17
-17
-5
-93
-31
1
45
-14
-30
14
-5
-30
2
37
-3
-12
28
4
-31
25
-32
-76
20
70
76
18
11
-15
-114
-60
62
-4
-36
63
5
-11
100
-13
38
-3
3
-23
-24
-80
-3
-14
60
19
-26
-8
-70
57
-2
-9
-16
-14
17
-7
8
-7
-38
5
-35
-33
-13
33
27
19
-4
32
12
10
50
-11
-89
-33
-30
-22
-6
44
-19
-127
91
-14
-12
16
33
30
-15
20
-7
44
3
-21
32
36
20
-4
-20
66
-72
38
6
-45
-61
-26
-20
-72
-19
-47
-10
19
3
-44
-58
42
-9
-24
-3
72
66
-51
34
39
10
-5
-16
-6
-48
18
32
46
4
-3
14
5
-35
35
-9
-1
18
-60
58
-77
-43
-35
59
45
44
-13
98
88
-85
0
9
0
-74
10
23
75
-16
14
4
28
-10
35
66
-119
-21
-53
-37
52
29
-34
41
-14
80
79
83
-14
-13
41
40
-119
15
-61
33
62
-46
52
-11
-38
59
-93
-22
-86
54
13
9
-55
19
-97
32
-97
4
19
24
10
-7
33
21
-44
19
-64
35
24
-24
42
79
43
6
-11
39
11
-3
13
-7
30
-19
-99
-5
-50
20
55
50
-100
-59
36
77
-74
19
-9
24
-17
25
54
18
3
-32
57
-2
23
-12
27
-62
-17
48
19
-34
-26
31
-10
-15
-11
-38
-99
-31
2
82
73
-24
-9
21
-56
8
-54
-5
-25
-70
-85
-38
-24
73
60
9
-22
18
47
47
-73
19
38
-58
84
8
44
13
87
8
-35
-33
-127
-24
-78
-55
-22
-18
105
-31
44
-8
69
46
52
22
15
-11
49
34
43
32
30
9
-12
-13
-17
82
-44
-8
-16
66
-37
-53
17
38
-78
-29
-31
100
0
-12
-75
-10
0
-127
1
74
-26
-59
-20
51
-101
-53
14
21
-73
-20
10
21
-21
-10
7
16
-126
-90
-53
-23
-63
-34
98
47
-56
-17
-25
45
-5
10
-46
-15
69
44
35
13
-55
33
-46
-1
-10
30
-11
13
-8
-36
14
94
-38
-46
1
36
40
38
75
-5
-42
29
16
-25
-8
64
40
23
10
-36
-61
-69
-43
-59
54
-64
3
16
-61
-58
-65
23
-43
34
4
104
-17
24
-2
1
-31
-73
69
-19
-45
91
25
27
-71
-13
-11
-15
16
-2
0
87
20
-1
-25
-60
-14
35
38
4
-70
31
-23
5
-15
-21
10
44
-12
-15
24
39
-55
13
-42
-17
52
-6
14
-18
44
45
-19
-72
18
-18
-38
-105
30
2
-12
-82
29
-46
56
1
54
-111
-29
-52
2
-22
35
-4
18
-96
113
0
-16
-44
48
11
-14
9
53
-80
14
-108
19
27
-31
-5
6
-92
29
-50
-1
88
29
39
-15
60
-32
-16
13
-17
-20
52
10
23
-46
107
51
4
25
-51
-71
-91
-47
-15
-32
45
3
-41
-67
66
18
4
15
-12
127
7
12
35
-21
-16
17
-8
37
-16
-87
-10
-44
85
3
65
65
68
-8
-25
-4
-30
34
-11
-61
-42
-57
-15
-81
-18
-72
-42
112
20
1
-8
-56
-87
24
10
32
-8
66
-59
33
76
-32
-13
37
-25
-20
40
19
-61
8
-27
-102
-15
9
-7
49
-37
-9
-50
33
-5
48
10
-11
66
-39
12
-31
23
38
8
-21
-9
-53
-2
29
66
9
45
1
27
5
11
-51
2
-1
0
72
34
-11
22
-56
-55
-6
-21
4
30
1
-27
6
41
25
-16
-17
41
71
74
19
12
-61
-40
-72
49
2
35
-17
-20
8
61
-34
-10
70
-40
3
-23
-48
42
8
40
47
-47
-26
13
40
-7
2
47
-10
-106
-99
-1
23
56
2
10
-26
-17
40
44
-10
87
6
-5
-21
-81
-75
6
41
56
-90
41
-49
-51
-19
-63
1
-2
1
22
-38
1
27
92
10
35
-49
-56
-7
53
-7
-77
-25
-54
-69
-32
58
11
-43
16
-20
58
-25
-5
-21
18
45
-6
2
41
26
-3
-57
-38
-56
-66
-14
22
-3
-36
14
-4
-69
42
-3
-33
47
41
4
36
-3
-61
-30
19
47
-41
-24
-26
-4
-30
2
-1
-37
14
20
38
-2
42
-3
27
-24
32
-13
51
-62
-31
42
6
-22
-3
-41
-71
-61
89
4
8
32
-1
-22
35
3
-45
9
8
-10
4
20
-24
127
30
18
-28
27
83
-13
0
-12
0
23
-9
-19
46
-26
8
-10
46
9
-51
-29
25
0
40
94
2
29
11
13
36
20
-65
-34
14
40
46
-19
15
49
-60
-27
-82
-28
28
72
21
-31
-68
-27
-22
-63
-10
-27
-14
-31
-26
-25
22
-48
28
6
22
33
5
-75
-26
-27
-2
-1
-17
44
25
-39
67
-50
-52
-50
19
34
-14
-15
-2
-47
-68
5
82
-46
-28
15
30
14
-37
1
-22
-29
89
57
-6
1
10
-127
-20
42
59
-53
41
127
-54
-65
31
-41
-70
-60
6
50
7
-12
29
59
-63
76
-15
46
47
95
-63
-2
-114
-2
5
90
-41
-49
-56
-15
1
59
42
51
-17
-38
33
-10
-9
-15
29
-36
63
-68
59
31
-33
-102
-16
25
-25
-37
-100
55
-50
-26
-54
-19
-38
58
-14
41
42
69
-8
-17
4
3
58
7
37
-37
19
-26
45
-104
-96
65
-90
-2
13
-3
28
-27
-12
-37
-48
-55
-42
93
-4
7
75
65
-4
8
-16
15
-56
-7
-28
-1
-40
-45
98
105
-38
38
48
-55
57
68
-43
46
33
-27
-52
-31
8
-50
-54
110
11
4
23
59
0
-24
-26
-72
22
-12
-44
-93
27
46
-7
-57
68
-57
-24
-3
88
-18
79
31
-14
-100
-42
-30
64
-81
21
-20
-45
-41
55
37
36
36
52
36
-27
71
55
-19
-2
0
6
46
-81
-47
-63
-43
-6
69
3
60
7
46
-17
6
-123
49
39
1
-13
20
52
30
24
65
17
-29
-66
-37
28
-95
20
-1
-7
9
10
32
37
-39
6
-41
-19
-22
6
-29
-73
-12
-31
-10
1
-31
44
-11
28
-2
28
-71
45
18
53
-12
13
-6
-27
-28
40
83
8
41
21
-18
127
-8
-68
68
15
-40
-5
21
-42
-19
53
31
-92
-12
-113
47
0
9
74
49
9
79
82
-69
-80
87
64
-60
24
90
-20
-38
4
40
122
40
88
6
3
12
-49
45
-2
-51
122
-1
-24
-78
65
-62
-68
-1
59
-87
73
54
-2
-25
56
-32
12
48
28
45
30
11
-80
-10
40
-21
49
30
66
8
120
-80
24
33
37
50
32
15
44
18
-74
-1
12
-38
94
20
-39
32
-62
-21
32
70
-53
-19
-35
-43
27
116
0
90
37
74
-73
79
-5
105
92
71
18
-43
41
5
-87
29
-25
7
-61
-11
32
-55
62
-42
31
-44
10
-22
-18
38
-26
-13
-51
9
-12
55
-46
80
-53
24
26
-14
-50
-36
19
-12
-33
-12
1
13
-60
1
9
7
34
1
-3
-23
-20
41
-29
-18
23
10
19
28
46
39
15
19
-53
79
69
7
24
28
-54
18
-13
-90
-5
3
10
-28
-4
16
1
-46
-25
20
13
39
-100
24
-55
11
-58
46
19
-17
-65
11
-61
7
-5
14
-37
46
21
-19
-31
-22
61
-11
30
7
-42
47
-17
-9
12
32
-42
19
23
-10
-4
22
50
13
26
-27
28
1
127
-21
-13
-16
-38
-59
-3
-13
-58
-53
-12
49
8
12
-15
53
42
46
-2
-24
13
7
9
20
-9
40
-21
55
-28
-24
-14
33
-7
3
-3
35
71
-15
91
69
-6
-6
25
88
0
-16
-10
0
-3
33
-16
37
-12
19
-49
21
-20
33
-71
-4
-32
-65
33
44
-17
-34
17
-16
59
-7
30
-10
31
61
-9
12
-16
-26
-33
49
93
-13
-71
6
-72
-18
3
-44
120
29
73
14
1
-71
-1
-94
-50
-9
-10
-20
-40
38
100
51
40
99
4
88
-49
107
12
10
25
11
4
-25
6
-102
93
37
12
32
79
33
49
-4
-53
-56
-5
-1
-16
82
-19
-20
-32
24
-11
-14
11
19
-17
69
6
30
40
-38
0
47
-7
53
-1
35
25
-22
-1
-17
-36
-73
6
46
-1
41
115
-51
-45
5
11
33
-47
38
-18
2
-21
59
-34
31
-83
-22
-52
-63
-58
25
-51
8
-14
-24
54
-62
36
-3
89
68
3
8
-1
45
30
-96
-32
6
76
7
57
-34
19
39
14
50
78
21
26
-8
-110
39
-12
18
-24
28
-6
2
78
30
23
15
-72
-26
22
-16
15
79
45
-63
71
-35
7
2
-77
11
43
27
20
34
34
16
94
0
26
-61
-17
-37
-4
-60
-5
63
-30
7
91
-55
26
-67
57
102
-60
-45
2
10
28
-57
-5
85
7
67
53
101
-11
-36
62
127
-34
57
36
15
-8
11
-71
27
39
65
51
-21
-10
-36
0
-7
49
-41
33
-56
16
-58
65
3
35
28
-3
38
49
33
8
-18
11
-28
19
6
-5
-24
-31
52
12
-23
24
-33
-25
-27
-10
38
33
0
11
62
50
-56
-45
-49
-6
34
-18
31
12
7
36
77
4
-127
-4
44
47
15
-15
-3
-24
7
49
-39
33
0
104
-67
-34
12
93
-31
15
-52
3
-23
72
-96
49
-37
71
-47
-81
61
17
-46
-3
78
29
63
11
45
-1
-3
55
24
-12
-59
-35
44
-5
35
1
-6
-17
-50
-4
-81
6
-9
17
4
-100
69
50
-49
-31
-65
-51
-38
52
17
-18
11
-34
-4
60
57
-67
16
-81
15
84
57
-4
19
64
70
5
84
-118
-18
-24
-14
59
-26
-2
5
-32
34
-2
40
34
-27
10
-57
-40
73
54
30
-45
-14
26
-20
39
6
-34
52
3
-14
-61
-69
-10
-52
-11
-46
40
9
56
-58
-59
-84
85
58
11
-42
33
-30
55
-53
79
52
-36
17
17
24
8
32
52
-90
59
-18
-38
38
-10
38
-23
39
13
-48
-5
-45
-34
73
-13
-15
-66
21
5
71
-75
-7
-15
9
77
92
-42
30
9
-19
33
-43
58
-32
-92
26
31
18
88
4
56
2
-38
-10
-4
19
-9
1
-13
64
-125
-48
-59
-42
-86
-65
-26
-19
-89
-12
76
-4
31
51
-33
84
1
117
-90
53
-63
-99
-5
-26
83
61
19
21
12
-73
-21
-1
-42
3
27
70
55
-13
-93
-55
-51
-82
26
-6
31
-20
61
-58
14
-13
13
-27
24
-42
-47
65
21
33
-29
46
-99
29
17
3
51
7
32
7
-82
28
-22
4
4
-26
16
-106
-37
7
-53
-60
1
26
8
-41
-14
106
25
65
69
49
-2
-38
-3
41
-4
-3
-4
-9
-75
12
43
-51
38
24
-19
11
-90
-31
-70
-7
-49
-8
105
52
-3
127
53
55
-81
-9
-6
48
62
-5
42
-63
-20
28
-27
-45
21
47
-55
13
-28
34
55
43
25
-17
45
47
-37
25
23
27
8
-53
-21
-3
26
-33
-44
-3
24
-39
-39
27
-55
31
-26
0
-10
-36
23
22
37
-23
-11
23
39
2
-51
-7
-4
-49
16
39
-52
-3
-81
11
38
19
-4
-46
18
28
-13
44
-14
-36
-62
-38
31
10
-14
-58
9
3
-39
-17
1
-19
-11
5
-26
-127
-40
18
-10
47
-28
-2
75
-7
17
34
54
49
-39
-36
5
38
-10
1
38
-85
16
19
3
-57
25
-71
-15
30
15
-16
-28
62
8
-16
-14
-8
39
-13
-17
-16
-54
3
-26
4
4
-6
-43
-22
64
-44
25
-28
9
-19
49
-1
41
-24
-10
24
-66
1
-34
10
36
-79
-11
12
86
15
-93
-9
55
40
-16
-19
3
4
-34
29
-14
54
39
-4
-28
-52
16
51
4
22
-11
9
13
16
-90
-5
4
-76
-27
18
3
7
-12
13
11
-7
27
5
-26
20
-25
26
6
127
-82
-52
0
-57
-2
-76
-56
41
-28
100
-16
61
-44
19
46
56
-39
33
-38
31
-67
-27
15
28
32
106
-74
-3
56
-18
-31
6
43
54
66
78
-18
52
30
15
-68
15
-41
25
-53
3
-48
-19
-6
-35
-37
-50
-5
50
-21
73
18
-24
-27
11
-50
-55
-15
-55
-68
-86
-48
-22
85
-47
7
44
45
34
-54
-63
61
80
19
-13
-10
57
-16
-29
-41
-27
42
6
12
22
32
22
20
-12
28
-62
12
10
13
-29
-50
66
-25
-8
51
36
22
10
15
-33
-47
73
-3
-31
27
85
12
-41
-11
23
71
77
-46
70
-42
-49
-2
28
35
68
-27
-15
-13
-53
62
-40
-67
-8
58
-10
27
99
-62
51
-21
12
-26
33
52
-62
-77
1
13
-89
-70
47
3
19
-64
-50
-28
-20
20
-51
-35
-86
-32
91
-22
-24
-9
10
32
-32
-9
-51
-41
47
17
-17
-38
-20
45
60
-28
-32
30
-18
76
49
12
4
-75
13
-21
-27
-73
58
51
7
-20
46
-21
-23
-15
39
-38
92
-25
23
14
-50
-54
-71
-23
-16
14
-22
-57
-29
66
7
81
9
22
62
6
-88
-14
16
-41
23
-24
-35
33
5
-19
-91
-40
73
-9
-31
66
-82
-15
-41
24
16
66
23
-50
34
11
25
-25
10
63
-22
-6
-4
18
-16
-27
-52
8
42
24
-6
-38
59
1
21
84
24
-15
0
60
-42
-28
-47
58
-54
-11
-2
-5
16
-48
-43
3
18
-14
-25
-1
-3
89
5
-34
-42
39
74
-1
-58
23
-47
30
-32
25
-54
96
26
13
-2
81
54
-106
45
11
28
127
33
72
7
-30
-73
25
-1
-72
9
-19
12
36
-87
-37
-9
-24
9
-14
-20
-22
50
19
30
-2
68
-3
12
41
38
-25
-39
-26
36
-5
10
12
0
-28
-35
18
-19
-12
19
22
-5
-1
-54
-51
-18
31
16
32
12
28
-22
-26
16
48
18
67
-51
-13
-13
44
32
-2
24
5
-47
-9
-21
38
-12
-29
-6
-11
-67
7
5
1
41
0
-79
31
-15
61
10
-3
44
-53
8
11
41
-39
-71
-26
59
62
26
-55
8
4
43
-11
-25
-5
-38
57
-44
51
-12
14
30
10
38
-31
25
32
22
33
-34
-21
6
-127
-11
-1
3
-7
-21
-31
-89
32
-57
-55
16
-44
6
11
-38
1
40
45
-18
-103
-37
-10
-21
11
-51
6
0
-40
-11
-1
57
-10
-44
62
-29
-32
-13
21
26
66
-74
38
11
-1
-16
-40
-14
-35
14
-66
-15
-26
-60
38
-18
-26
81
-48
38
-37
-16
-93
-52
-1
0
-10
-21
-29
-29
62
-7
-55
-11
39
-37
7
24
10
-1
-7
6
-86
22
24
-18
-71
-25
56
45
-101
-69
19
17
22
-50
32
-13
-43
-5
-3
-8
-5
29
21
29
-37
-18
-28
19
-7
40
-37
-37
-10
-26
-56
-40
35
66
-12
-11
-10
-9
-50
12
-30
