17
-9
-16
-12
-10
18
-25
10
-16
-9
-19
5
1
6
-5
-3
17
21
-7
0
11
11
1
9
7
2
5
-26
12
22
12
-18
-27
-22
-6
-20
-14
26
-10
35
18
-15
-39
36
-8
22
1
-24
-1
-2
14
-8
48
29
-28
-7
-10
-6
32
-12
0
25
1
0
18
10
-1
-9
1
-21
-2
10
-18
1
-9
5
13
-13
-19
4
-25
-31
6
-34
-7
-18
-14
-3
1
9
5
-4
0
14
-2
21
1
23
-3
-16
-3
24
11
7
-12
15
15
-7
11
2
-15
-1
15
5
0
1
-3
-4
-2
5
-2
7
-6
18
-10
26
-7
9
17
45
1
-3
15
-1
1
-9
18
-23
14
24
4
21
15
-6
-5
-11
-16
17
13
-3
-12
-1
-6
6
9
4
-5
-22
-5
-6
14
21
-9
-16
-7
20
21
20
7
25
-5
-7
-24
9
26
-2
-17
15
10
11
13
-2
-19
2
28
-6
15
27
-11
4
-2
-2
2
5
-6
6
7
0
6
-3
7
12
4
-26
13
-10
22
-14
6
-39
8
6
12
25
21
1
1
8
-6
4
8
7
-13
0
-12
-5
4
7
6
-2
-7
-11
2
-3
-3
-1
5
0
16
9
-6
-9
-3
-11
6
10
2
-11
-21
2
-2
4
-1
5
-19
18
9
-3
-11
24
-14
-1
1
-11
8
13
7
4
20
8
-4
7
-10
-8
14
-23
18
18
3
-4
6
-6
7
-6
6
2
4
12
0
-6
-4
2
7
3
-16
3
-18
-27
-3
-23
-11
-18
-6
-8
12
4
-21
-15
0
8
-5
26
11
20
-2
-26
-14
35
11
6
-12
3
16
1
2
6
-2
5
28
-9
-11
22
-8
2
5
12
-3
12
-5
9
-21
33
-5
5
16
33
3
-12
9
1
1
1
12
-19
16
12
-3
11
5
8
16
7
-7
-2
-7
-5
-7
-5
-17
-1
-3
11
31
-8
-4
-7
1
3
-16
2
20
-16
-11
0
17
-25
11
-10
11
13
-6
-4
-1
-33
2
-13
-4
27
1
6
-23
-24
-32
16
-3
-9
11
-21
10
-13
6
10
39
23
-17
6
-20
-4
36
0
-13
4
-10
3
1
-8
23
13
-19
-6
10
22
-9
20
-38
-22
4
36
3
10
2
17
-12
-2
-31
-12
-3
-7
46
-28
-14
-19
4
-7
16
22
-30
1
17
-5
-14
-12
-2
10
-35
15
16
-18
15
5
-9
-10
-3
-1
13
4
17
-24
16
-17
6
26
5
-12
17
-6
0
5
-16
-33
-12
10
19
12
7
-20
-6
-7
8
6
20
3
4
-23
-11
15
-24
3
18
-9
-1
11
-12
-21
-25
-1
-13
13
-17
2
25
-1
2
-1
17
19
26
32
-28
-22
3
-3
-23
2
1
19
-9
31
20
-2
7
4
-3
-5
10
-9
13
15
-13
-6
-2
-16
25
19
21
25
-16
-20
-23
4
-12
-1
-9
-4
30
28
19
-23
19
-7
12
11
-16
29
19
12
-1
11
-17
-27
-2
26
-2
9
-16
-7
-20
-10
-3
-35
-5
-14
31
-31
-2
-21
17
7
2
21
-7
-13
9
7
0
18
12
5
-29
1
11
-15
11
3
-15
-13
2
-2
8
2
-5
-23
7
-20
20
16
-4
5
-4
7
-21
34
-4
-5
13
-16
5
-3
1
-8
23
-18
17
-8
8
8
7
6
9
3
-25
0
-11
7
-23
11
-2
10
-3
9
-11
1
-10
-1
23
22
-8
2
14
5
12
18
-1
0
6
-37
10
13
2
-8
0
-4
2
-11
-6
13
-16
23
20
-5
-9
23
5
-2
11
12
-2
19
-6
6
-17
33
-3
-16
-13
-1
25
2
23
21
1
3
-12
-14
8
10
11
16
-6
6
25
23
-29
5
-23
3
-10
1
-16
1
-9
-8
11
16
15
-22
-8
-8
-10
7
29
11
-2
-3
5
-35
39
-4
-1
17
-43
31
-17
-2
9
10
-1
22
5
-23
-20
-19
-22
-18
13
-1
21
-24
35
1
9
-21
20
-24
-40
-7
-20
-25
-8
-1
-8
17
1
-3
24
24
24
-12
-28
-4
-13
19
3
10
-26
-19
5
16
-1
20
3
10
15
20
-13
-12
-17
3
16
-3
0
5
-2
-20
15
18
6
-5
13
9
-8
18
-11
16
-12
1
-13
-12
3
0
-18
13
-10
-5
16
24
24
-8
5
-5
8
6
15
13
34
-7
-6
5
-3
-13
11
-7
11
0
-7
22
0
-10
6
1
-7
22
-1
-3
-4
9
-35
-21
-16
10
13
32
-9
-1
-11
5
-11
-8
-21
-6
39
-3
0
12
15
-10
12
22
-13
21
3
-22
-12
24
-15
3
-5
3
-1
-9
17
20
-14
11
21
-15
-2
22
21
-11
22
-1
15
-1
9
51
16
16
-1
5
11
7
26
-6
16
3
18
12
5
-21
13
15
-5
40
21
-13
-4
-1
5
9
10
-13
3
-22
1
-30
19
-9
28
-24
-24
-10
15
-12
-35
-3
2
17
5
25
-18
32
7
-9
4
0
12
25
4
11
40
8
25
21
4
-27
27
-3
4
1
7
-15
6
25
9
-16
5
14
-35
-23
7
16
24
12
-2
2
21
-35
20
-9
7
-23
10
12
2
16
26
-25
26
-2
0
9
17
22
-33
-8
8
-22
-4
-16
-46
-9
40
-16
23
3
-19
-21
5
-16
9
22
-2
3
28
-27
23
29
-4
36
-42
9
24
25
-9
2
8
-26
37
-17
-24
23
7
-1
32
-9
27
18
-4
-23
-14
20
-25
-4
15
-3
-25
-7
7
14
-14
4
26
-11
10
-35
-4
-6
-18
17
18
25
-14
0
12
15
26
-14
17
27
-8
17
-1
12
37
-5
25
-26
-26
10
6
-28
13
-7
-6
-13
7
-10
1
-11
-18
10
-8
-20
18
10
12
5
-1
-15
-30
0
22
-5
9
-12
31
-1
10
21
4
-28
8
-20
11
2
-11
-30
-1
0
16
-12
-17
10
-11
6
3
0
-2
15
9
-4
8
17
-31
5
-12
12
8
6
-8
18
-26
23
3
3
7
-9
24
-12
-17
-9
6
8
-19
14
-1
-8
5
-6
-5
18
-8
4
-5
1
4
-28
8
0
-3
8
-16
-12
-15
1
4
-16
4
-7
4
16
28
-4
5
-7
13
-2
-18
-1
26
-7
-5
0
-14
-1
0
-2
9
0
-3
15
3
-8
1
2
-9
-1
7
-19
-36
-17
0
-4
17
5
2
25
-23
8
21
7
-12
-12
13
42
9
33
-30
-1
19
23
1
-15
27
-11
3
16
20
-49
2
-10
6
-2
-17
8
-10
17
5
-32
-6
-10
-17
-8
26
-37
-1
-33
13
-39
-23
-14
-19
36
30
10
24
-31
-13
-25
22
12
-1
-9
-5
-32
