83
1327
284
1557
854
-2429
-2336
2288
-771
-2253
-880
-93
1256
-773
737
172
-1009
-1377
-1702
-1054
-803
-1127
-36
1582
-2845
323
1452
1497
358
-223
1308
1054
-1348
-2891
-1141
-316
-1031
1018
-312
1829
1122
-432
-239
-1357
-1841
2247
-3479
1065
270
-717
33
1429
125
-745
-2579
2170
-1542
-467
669
1581
-250
-2685
-1430
1015
1373
1937
534
-1200
1072
103
-2033
-1928
930
-1236
372
-1754
-1226
339
908
1370
-860
69
-1509
-57
-996
-1765
-2790
-565
-333
-2244
-3208
1928
-675
-1273
2819
-610
-581
4908
-1481
-1351
957
-79
-905
658
-848
-1430
-284
223
-1323
-2026
-156
1651
-1703
-785
222
-192
-131
-1430
-937
-438
-634
-300
1531
1793
1365
-351
2423
-478
-943
-1696
-3370
155
-404
572
-42
-1013
-100
-1419
-449
-1229
-1645
-235
-2045
-377
-101
1272
292
992
95
-917
-2248
2697
-712
-2800
-1139
-719
105
-2813
-634
858
1848
-346
772
-615
465
-1419
-744
-1887
861
972
1008
-2301
-1501
-1802
1449
1408
1022
-1164
-1259
546
-1404
-99
-191
-1625
-305
63
-245
885
-879
529
1899
3597
855
2113
408
1378
383
-3245
-2684
1831
-1712
-2336
-98
-1234
906
310
1242
1383
-2450
-1273
-969
-1522
-1693
-653
-727
358
-3427
-393
1815
2049
322
328
1127
1398
-1967
-4133
-1033
986
-763
268
-213
2222
228
-474
-1109
-2685
-3091
815
-3232
513
850
-650
-883
2482
350
-457
-3143
3037
-955
-356
1988
1296
926
-1778
-1119
468
4470
1930
355
-1605
1545
-191
-1879
-1136
338
-727
299
-2687
-2320
-870
186
2747
-246
10
-536
-425
-1983
-2422
-2299
-1259
-1063
-431
-3244
1614
-72
-287
2928
-393
233
2972
-859
-1253
919
-1137
-1800
1823
-226
-2544
-514
586
1015
-1900
271
-464
-469
-1163
-1260
-1160
87
-1561
459
1718
-2009
1402
1155
1826
1633
-611
1066
-858
-536
-1598
-2149
-411
-1322
772
-928
-595
641
-568
377
-823
-1682
1306
-2414
1044
82
-652
776
919
-2
-39
-2537
1865
-707
-2084
-1204
1081
-698
-2755
-1472
1404
828
641
793
-644
739
-340
-986
-1486
1694
1194
102
-2097
-97
-1028
1000
623
586
171
-1053
1193
-1838
-39
-1357
-1263
44
188
-1578
998
-44
-301
2098
1326
1543
2682
1021
-1504
849
-1416
-896
2474
-499
238
-403
1138
2776
-664
127
-2771
-97
-1458
-33
-1702
1738
-989
1528
1601
-2671
2818
1814
4426
-906
-565
602
-2372
1378
-2480
560
426
-1397
-145
-3240
-2058
1425
-1228
1407
-1110
666
3360
-1263
2072
-661
-739
1116
-829
1304
668
-1382
-89
-1171
-1277
-1005
1450
-1583
-3320
-667
71
919
908
1095
-1582
1520
-621
-1173
-1032
4237
1048
1959
-82
-1020
561
1857
-1817
651
1354
-2020
82
-2499
-522
-1290
-436
805
-869
-2127
954
-1624
-893
4373
-651
1708
2228
1804
-1509
-333
-1937
-1005
2514
-953
-1517
-503
-160
1893
-217
1472
-1165
688
-23
-461
-1695
1234
161
-653
1131
-1621
1901
1714
1923
665
-530
-476
-316
873
-741
-1568
-329
-404
-96
-2612
-176
486
233
2216
-605
-20
589
-459
1827
-146
592
-180
900
327
-88
-1948
246
-966
-1316
411
2862
-1079
-1888
-381
881
616
1198
1272
-1509
1929
-843
-1321
-2054
3477
910
810
-1321
-104
1031
796
327
291
988
261
-413
-1434
1131
-1462
718
-898
-609
-2030
1330
-1290
-2887
2746
-467
2125
1665
2377
-1237
-542
-2253
-1620
2967
-1192
339
-774
-163
2495
801
1635
-2825
226
-284
-1118
-1730
1257
464
411
1306
-2715
2425
1718
2610
-1680
-1188
-396
-1429
419
-2305
397
-426
-962
45
-3166
-82
-105
-667
1879
-793
585
2785
-1044
1657
-690
-1176
90
-57
1116
767
-758
-562
-342
-166
296
2670
-947
-2033
-289
-255
142
2083
774
-1906
1988
-809
-1373
-745
4188
-457
1602
152
-561
1611
759
-1129
-25
1585
-1654
-831
-1781
-261
-1719
-551
-214
-889
-2576
644
-1378
-2195
3245
-1203
-301
1008
-530
1342
817
-2730
-2400
2371
-879
-3255
-852
37
1318
-1166
655
443
-714
-1507
-2693
-601
-1031
-1485
246
1842
-3169
26
1012
747
1148
-681
1166
1544
-1575
-2542
-1590
-1021
-1477
1258
699
1952
784
93
-356
-1257
-3098
1669
-3512
1325
188
-1308
861
1586
-78
-435
-3002
2720
-1243
-422
490
1599
-314
-1972
-1594
1209
1469
2111
999
-400
962
858
-1828
-1656
124
-1196
-336
-2254
-995
-138
225
1749
-1073
392
-1127
715
-790
-1874
-2883
-424
-975
-1371
-3529
1522
200
-1022
2083
-418
-1101
3095
-1251
296
847
-874
-767
1159
-646
-1603
-1090
333
-650
-1615
64
1027
-1109
-1036
-900
321
-827
-1711
-1119
220
-1077
-243
1676
1163
896
-203
2204
954
-1083
-1590
-2457
-653
-850
1022
563
121
9
-579
-156
-1185
-2528
454
-2243
703
-461
330
50
802
-123
-1410
-2465
2684
-1330
-1726
-354
658
-124
-1937
-1349
904
760
720
802
-316
114
-1101
-1413
-1567
322
-575
890
-1489
-958
-737
973
1435
-303
-766
-905
470
-500
-745
-1516
-665
-887
-773
-1781
859
-1179
-194
1998
1799
2
2406
-501
901
576
-1916
-1948
1038
-1380
-1837
-501
-458
-57
-626
752
962
-1466
-896
-711
-371
-1206
-1106
-930
489
-2078
-277
1421
1100
389
592
1803
1016
-1685
-2715
-1642
692
-682
327
401
1099
-80
-335
-1128
-1554
-2677
742
-2710
292
468
-627
-511
1511
59
-953
-2559
2678
-724
-346
789
1071
292
-1465
-1321
1023
2357
1479
313
-1000
641
-722
-1367
-1021
104
-650
553
-1828
-1457
-785
964
2047
-474
-726
-909
-485
-987
-1804
-1701
-1222
-924
-588
-2101
1122
-510
47
1778
531
253
-176
447
2245
355
-3287
-2278
1437
-941
-2172
-607
-1041
1633
614
1143
76
-1008
-1038
-2226
-1199
-1846
-704
-660
1313
-3187
-351
1488
998
337
269
306
1973
-1687
-3316
-442
-296
-1834
578
485
2780
-9
66
-1101
-2005
-2853
1108
-3227
1289
501
-1542
-1012
2073
25
-790
-2850
2136
-1160
591
2082
2305
741
-820
-1754
654
2309
2217
251
-1057
826
57
-1630
-962
-95
-1451
-408
-1989
-1113
109
-314
2372
-1561
239
-211
-608
-852
-2686
-2653
-1027
-1038
-842
-3896
1382
150
-902
1677
-1602
-525
1449
-314
660
1573
-1528
717
1656
1813
-743
-649
1515
2227
-1113
-20
-1627
707
-1577
-795
-59
-692
-1614
1121
2319
-1798
1053
2211
3159
2648
100
463
-16
1044
-1962
80
20
-1587
-354
-253
-1919
1147
-306
-799
-2323
-517
1477
-1357
991
525
-88
162
877
-932
103
-2056
1182
-2134
-1633
-963
1709
662
-2726
-1761
642
1834
-430
1254
-847
228
-645
-1556
-1853
923
1687
881
-1510
-652
-19
2223
853
1059
-503
-523
512
-1199
-2194
-2000
-742
446
-1801
-1645
525
-383
1035
1791
-734
-454
3547
-1110
-335
1633
-636
-1064
483
354
-2075
-537
330
-75
-2372
-542
1318
-343
-1328
611
-1442
-452
-1601
-1103
859
-845
-305
1473
2512
1715
531
2406
25
86
-1874
-3733
506
-1252
-3
-794
-298
2150
-1020
-591
-2026
-711
660
-2643
278
39
2665
170
1003
511
-1587
-2776
2268
-2958
-2868
-257
-123
-808
-3301
-1656
2083
1966
-21
722
-831
197
-627
-876
-3490
781
1180
-90
-2853
-1707
-1183
2177
1279
334
-687
-515
-15
-1656
150
-1070
-322
659
-1349
-581
2178
-1327
-877
2401
1943
243
252
-180
2272
187
-3353
-2862
859
-2076
-2591
-283
-1104
913
277
521
1431
-1835
-1513
-1437
-1509
-2059
-968
-892
833
-3322
-943
881
642
-510
716
1695
2371
-2288
-4109
-1101
349
-1779
776
1029
3570
222
-624
-1556
-2515
-3721
1185
-4234
354
420
-898
-417
1799
1066
-1043
-3098
2846
-1435
803
2446
704
443
-790
-1469
1180
3386
3008
213
-979
1018
770
-1348
-889
-775
-2027
-507
-2054
-2124
-655
-626
2475
-1864
111
-785
-637
-1468
-2445
-2418
-1206
-823
-552
-3694
2255
85
-1111
2056
-1089
144
1506
1086
1186
1445
-1450
401
1603
906
1231
-65
583
1744
5
567
-1422
-354
-897
754
-30
-533
-951
1002
993
-1906
1206
2443
3642
681
919
149
-322
635
-2773
1432
878
-377
-1316
-498
-1762
910
-1057
-1566
-2582
370
1528
-875
517
809
-351
-565
648
-633
269
-967
374
-1006
-276
-190
957
1384
-1758
-802
-315
3174
-401
809
-1442
695
-918
-1316
-774
1110
1221
1839
-740
-1667
310
2301
809
1209
-437
-1298
-592
-1115
-2944
-1177
-993
326
-1341
-1125
68
-748
1706
2127
-1229
2533
-296
1938
414
-188
-1457
-1042
448
136
827
1891
-1053
2700
2226
1189
-327
-552
1031
-243
-1399
700
1259
-332
253
-2696
802
1805
2139
1381
190
-1817
-736
517
-2303
1386
787
-101
-2066
-976
-122
-1102
-267
-858
-1091
1421
-1003
-154
797
2703
-927
-1273
2488
-529
710
-445
-495
514
1439
1621
1746
1582
-1309
810
-1718
3743
-539
168
-2242
1056
-836
-13
-569
1655
2289
698
-769
182
669
1117
1797
937
825
986
-899
-1623
-1980
-281
-1696
72
-127
-1725
479
-52
926
1332
-1521
881
1250
458
783
121
-2374
-1776
1526
-37
-1545
-655
-402
1455
289
1182
-450
-404
-784
-1395
-1248
-1210
-193
-630
1553
-2442
328
1661
1580
833
-19
665
477
-811
-2763
-787
613
-1098
40
-999
1144
65
105
-376
-1849
-1259
1388
-2260
475
766
-540
-1019
1859
-57
-278
-2049
1654
-1427
-454
1108
2389
381
-2153
-1539
685
1856
1492
70
-1662
718
-799
-1628
-1482
1009
-185
203
-1544
-639
128
1154
1534
-20
-111
-226
-623
-1523
-1547
-2431
-1207
-143
-1461
-2350
1172
-456
-547
1844
-762
853
2854
-1233
-977
1174
-887
-2181
670
114
-2992
-153
-78
1103
-1641
-294
760
-845
-1281
-466
-2361
-16
-1372
-967
1054
-1936
643
1231
2770
1624
147
1339
-816
63
-1609
-2812
792
-1556
142
-2092
-28
1808
131
658
-1021
-1406
662
-2103
2022
370
773
4
1305
656
-1092
-3178
2243
-2166
-2477
261
1389
-1691
-3049
-1885
1430
1653
274
137
-914
114
-613
-736
-2268
1655
1669
-678
-2507
-168
-1428
1276
811
157
738
890
816
-2414
708
-1329
-137
436
247
-1806
1747
-905
-893
3238
1129
2340
-992
1375
150
-577
-2925
-853
511
-138
-1768
1090
-429
3838
1839
841
-1306
340
-341
-1365
-2514
30
673
49
1980
-2852
914
1421
1827
2289
217
-1721
217
795
-2321
764
797
-1980
-669
-1239
750
-698
315
36
-1618
-381
-393
-1247
1151
1868
-950
-1232
2495
-26
579
-2361
248
-830
365
1784
2912
964
-1594
-530
56
2965
717
527
-2017
1470
-313
-593
-1146
1770
2064
-411
-1741
443
333
-99
1790
112
631
1748
-614
-2315
-1347
-1420
-1434
32
-193
-3062
1781
630
-1036
1309
-2475
1277
-1336
2203
2004
-639
-3299
-1864
1936
-1176
471
-180
-598
2515
1594
1125
-1097
-334
-713
-634
-1565
-1150
128
206
1537
-3475
1177
1204
1083
-2031
465
347
1348
-922
-4171
1474
-384
-1190
-320
-52
2584
-104
-1536
-839
-2965
-939
2465
-3036
-92
452
-1153
-280
626
1327
320
-668
-107
-1059
2244
2093
822
946
-273
-439
188
2733
3360
464
-1743
1583
987
-1123
-54
782
-1849
730
351
-1497
1354
-258
753
-1032
1139
-1858
-1070
-1745
-2113
-2313
-1306
166
-1037
-3053
1642
-452
-1332
2092
-3118
724
554
416
1895
77
-2912
-2685
1854
-1066
-2579
-388
-381
1425
-141
1030
739
-921
-1056
-1272
-1278
-1450
-718
-585
1827
-3115
416
1209
533
576
608
1400
1778
-1709
-3232
-969
401
-673
449
220
2633
481
-198
-699
-1945
-2448
1561
-3642
212
1250
-808
-450
2067
184
-631
-2548
2239
-1414
609
1562
1640
284
-1872
-1336
1425
2543
2679
286
-1586
1138
392
-1808
-1433
165
-1017
60
-1529
-837
170
692
2246
-738
-46
-803
-290
-1518
-1607
-2970
-950
-372
-1700
-3086
2302
-327
-1140
2218
-1405
2230
1493
1113
-909
-32
-809
-1088
3025
504
-242
-58
1059
2729
-140
578
-1518
-480
-840
4
-1351
1213
-307
1055
1455
-2540
3459
1488
3079
-57
-565
41
-1798
1107
-1187
1528
796
757
-356
-3473
-1385
1325
263
2596
-453
526
2472
55
2017
755
-994
561
58
335
1083
-474
-96
-803
-633
-450
2090
-1442
-2873
-180
-603
935
824
317
-1702
1030
-307
-1542
-105
3437
1355
1698
1086
1023
826
1606
-1351
1709
1966
-154
1436
-2547
856
-2045
687
779
-725
-1759
539
-1526
-292
4514
-1597
2099
-1604
1947
957
-599
-1016
-246
921
465
222
1597
-325
3002
2159
632
-325
-1016
492
-328
-1430
618
843
135
446
-2092
1743
1558
1481
1479
102
-2179
-22
636
-1137
2628
150
445
-664
-1082
337
-800
-61
858
-415
843
-855
120
1330
2411
-1224
-1472
2049
-806
597
-459
-726
382
1094
1263
1771
1446
-1277
933
-1843
2211
-434
-52
-1917
974
-530
-567
224
1649
1876
851
416
1675
1007
-241
1229
937
1051
1631
584
-1521
-610
-791
-759
302
-149
-2321
921
-153
211
2109
-2416
-525
4158
-1218
-1291
1664
-1082
369
1571
-249
-2519
-641
1396
646
-2406
-120
-379
41
-1633
-523
199
699
-1864
786
1095
-945
330
1573
2913
2765
-348
1169
-485
893
-632
-2145
675
-988
389
-747
-2549
1335
402
317
-674
-1532
536
-709
1474
-397
499
1113
576
-582
-207
-3176
2464
-1300
-3098
-1614
1446
-910
-3013
-1233
1273
1367
-734
1790
-182
917
-901
-1489
-2351
1651
1845
927
-2788
-1438
-1020
2046
659
934
-864
-382
545
-814
-924
-1056
394
-899
-1062
-1205
626
-475
50
2162
1518
1336
2947
864
119
709
-2193
-2842
2348
-1186
-2328
-160
-524
1134
-862
1564
295
-817
-401
-539
-1383
73
-607
-539
1344
-2754
1127
1757
1868
1057
389
892
7
-1017
-2476
-1955
811
1
-274
-1280
704
862
-104
-182
-1036
-1106
1218
-2539
954
1240
-446
-353
2076
-218
-462
-2616
1944
-612
-564
559
2155
-360
-2745
-1001
1331
2467
1375
603
-1893
1584
-652
-1646
-2126
1956
600
671
-2368
-969
33
1979
1874
252
-53
-963
-579
-1541
-1011
-2012
-728
-654
-1291
-2162
1709
-769
-969
2735
23
2410
-2588
2578
489
1482
1120
205
2355
355
1631
4796
2839
6110
-401
-2807
176
-1550
-373
1553
-2208
6032
-976
4792
1227
-3922
4947
850
3880
1933
-932
-2068
-2373
3251
-1316
4632
-2413
1210
-599
-478
-2275
2525
-4217
1874
970
4871
769
-1558
2293
3685
-531
4118
-61
380
1982
774
-3242
626
1727
-2303
-3762
-28
-5260
4718
-3134
3181
-2169
2487
-1800
2748
3329
795
-1140
4202
4767
2788
1952
1619
2121
704
-1515
2025
3457
-2289
3999
-2934
230
939
-223
3353
-1771
-2675
3852
-832
35
6114
-2631
814
1050
-25
1662
22
-2615
-3072
1840
-1302
-2505
-395
-675
914
-223
1073
1331
-1461
-921
-1133
-1075
-1586
-880
-1108
1171
-3242
462
1213
561
88
653
1708
1683
-2009
-3122
-1164
491
-327
258
131
2601
353
111
-492
-1843
-3124
1258
-3259
678
1143
-1040
-390
1940
347
-787
-2496
2606
-1161
687
1783
1609
-102
-1295
-1393
1137
2783
2777
91
-1331
791
280
-1674
-806
-24
-1155
78
-1241
-691
-251
560
2211
-725
443
-402
89
-1617
-1249
-2861
-625
-756
-687
-3059
1743
-569
-690
2616
-991
903
1940
93
1439
160
-3214
-3061
1807
-2184
-2505
-601
-666
1045
-93
1137
773
-1574
-1248
-1357
-1167
-1185
-929
-1080
1122
-3529
98
1596
1350
-326
558
2039
1468
-1911
-3831
-1377
902
-1043
464
-212
2351
139
-102
-619
-1894
-3243
1741
-3650
915
634
-1179
-413
1802
742
-969
-3174
2965
-1286
453
1842
2057
-312
-1925
-1511
1180
2869
3017
393
-1657
1268
-298
-1959
-1253
781
-1489
624
-1675
-1650
-164
895
2079
-1202
35
-1010
-817
-1645
-2094
-2913
-965
-1084
-1297
-3728
2041
-926
-1143
3087
-779
1182
88
688
1830
-444
-2988
-2506
1840
-1246
-2415
-346
-622
1549
547
1261
696
-961
-836
-1317
-1228
-1375
-239
-850
1431
-3052
446
1109
358
193
537
932
1878
-1507
-2806
-341
688
-322
325
-220
2781
177
503
-45
-1632
-2541
1233
-2718
623
1199
-1056
-733
2012
248
-466
-2286
2027
-1189
977
2126
2237
83
-1230
-1096
917
2426
2820
103
-1569
1135
291
-1844
-833
285
-1221
88
-980
-481
408
256
2027
-796
387
47
-344
-1430
-1288
-3016
-307
-762
-1348
-3280
1922
-425
-1315
2340
-1979
928
143
1265
368
-54
-1896
-1271
2406
-555
158
-663
175
2048
167
524
-1154
131
-838
-891
-1065
310
-296
405
1101
-2619
1438
1006
1797
-1629
-771
485
70
238
-2206
442
-958
-869
63
-1340
826
965
-648
1062
-1398
-266
2538
-1496
1432
-619
-416
1026
-400
1295
281
-535
-72
-1389
443
704
1035
-1024
-1160
-361
-106
760
2211
876
-843
1111
783
-1113
-685
1894
-1250
824
483
-909
1297
324
-820
-615
1916
-1370
77
-1286
-451
-1981
521
35
-1085
-2484
901
-1219
-1693
3021
-1646
-479
1648
1719
170
-730
-2889
-724
3115
172
1126
-2473
-1269
570
1446
2252
-2612
-1681
-1034
-1686
-1188
-3541
-510
-357
458
-2039
1581
2924
2212
-2069
-1103
-389
592
-2118
-4019
767
-2180
-2027
1400
-1033
1326
-1995
-2225
23
-4314
-2840
2162
-2261
-12
-2106
-1585
-2505
554
249
409
-1039
674
-328
-1700
576
1732
2918
448
-2197
-469
1097
2256
-94
-1104
908
-1792
-2048
1367
1226
-2185
1056
-500
-1161
-236
-2096
793
498
388
-1838
276
-1909
-1391
-2089
-3119
-674
2110
-2405
-1257
81
49
1603
-140
214
502
-292
-730
660
306
-405
1176
1962
1195
-223
781
1933
-262
-209
-1920
364
-109
-1815
-439
588
-667
537
1248
-1830
1762
1530
2187
679
-1642
-269
-1909
675
-1195
351
-2088
-1662
-122
-997
-1538
-438
-1042
520
-502
1013
1355
-823
1623
119
-1169
623
7
-142
409
150
-562
-594
-738
-1308
938
-91
-2149
-720
-1234
-763
-530
322
-545
-645
-764
-55
-450
1915
1156
653
597
1419
438
1091
-884
644
1433
-818
1433
-1209
-462
-758
-1696
1162
10
-1320
-612
-728
1030
1614
503
1812
-1277
2041
2128
-642
-3248
-2241
1990
-885
259
-106
-514
3031
1643
968
-797
-350
-750
-780
-1939
-867
166
-398
1670
-3984
1374
1528
1611
-1859
437
679
1209
-554
-4282
1310
-105
-1193
-550
-798
2670
264
-1085
-216
-2843
-732
2614
-3033
693
848
-905
-327
875
1529
-55
-923
111
-1847
2255
2547
1517
195
-1098
-601
-7
2776
3482
323
-2152
1323
750
-1327
-565
1304
-1635
822
651
-998
1617
378
664
-1120
1678
-1161
-936
-2176
-1757
-2901
-818
396
-1619
-3684
2083
-1275
-1652
3231
-3397
1179
1489
587
1388
172
-2794
-2935
2550
-1591
-2869
-641
-289
1312
-614
1383
710
-757
-927
-876
-1009
-648
-834
-818
1595
-3112
1050
1283
893
141
780
1553
1475
-1304
-2422
-1217
916
172
152
-757
2044
1171
771
363
-1124
-2516
1804
-2684
1344
1004
-881
-99
1636
232
-777
-2703
2354
-1322
567
1542
2568
-1052
-1786
-1316
1584
2142
2886
486
-1532
1318
200
-2144
-1421
1027
-1001
521
-1220
-711
496
1338
1690
-751
470
-453
-330
-1281
-883
-3198
574
-1055
-1715
-3175
2036
-1116
-1657
3221
-1551
109
2524
171
1012
832
-2232
-2561
1679
-1647
-2468
-972
-782
-84
-759
1124
553
-1691
-1210
-885
-1009
-1075
-932
-440
671
-1978
-279
1174
1326
-187
385
1451
784
-1951
-2619
-1659
947
-517
993
-618
1741
916
-155
-642
-1030
-2282
1782
-3002
546
-61
-674
-744
1433
114
-923
-2771
2629
-714
-872
804
1464
-174
-2000
-1528
1377
1582
1689
1
-1128
1153
-586
-1911
-1416
710
-1335
289
-2384
-1911
-481
759
1593
-758
-771
-1407
-845
-743
-1691
-2004
-684
-855
-1368
-2267
1467
-385
-977
2191
270
-977
5156
-1709
-266
1661
121
-1059
582
186
-672
-360
185
-1341
-2137
-71
1823
-1925
-644
373
183
-904
-1926
-1532
-280
-1059
-215
2527
2500
1833
292
2878
-344
-1225
-2522
-3314
150
-436
-118
441
-1292
-85
-1726
-1602
-2007
-1532
-144
-2591
-244
658
1151
-446
1561
-532
-1549
-2312
3017
-1204
-2537
-1039
-426
801
-3229
-1308
669
2553
-768
493
-1047
-302
-2174
-947
-2146
407
1285
1403
-2258
-1348
-1804
2671
2229
1213
-1533
-1381
431
-1397
-1173
-624
-2373
16
-384
-384
669
-1449
1848
2160
3633
1199
1957
422
-258
1028
-655
-979
1307
768
854
-2
735
2132
-203
10
-1734
-544
-916
101
-1287
583
-776
657
1316
-2363
1986
1993
3841
-79
54
788
-2046
717
-2717
743
840
-1008
-746
-2262
-1651
853
-1190
-50
-1394
989
2492
-1438
1195
642
-685
-62
184
469
178
-831
161
-1208
-679
-550
1132
-381
-3264
-909
-395
1476
69
107
-1838
321
-1195
-862
-885
2690
1372
1604
63
-343
194
2464
-651
961
586
-1356
-14
-2244
-1287
-1198
-1496
1410
-1118
-1445
658
-1480
837
3343
-395
2393
-204
1542
219
-232
-2572
-991
899
-30
-1306
915
-870
3388
1768
981
-641
-243
-194
-972
-2457
188
680
-630
993
-2843
770
1898
2700
1721
85
-1640
82
943
-2160
522
819
-1358
-974
-2008
616
-38
624
566
-1544
-148
-508
-559
2101
1562
-346
-1401
2414
42
137
-2277
440
-1155
-57
2188
3108
426
-1649
-455
-576
3192
348
440
-1986
1287
-685
-849
-1353
2122
1838
-105
-1684
94
443
220
1632
172
1232
2188
-552
-2144
-1041
-1455
-352
-321
-171
-3154
1383
-245
-1069
2485
-2129
1169
523
1711
18
-219
-2357
-1156
1760
-1093
981
-574
-470
2032
1310
992
-2176
-160
-566
-1422
-1199
317
371
449
701
-2661
692
1389
2315
-1999
-1088
-170
-593
-15
-3075
846
-592
-1785
43
-1521
604
-425
-1082
204
-1472
139
2409
-1531
1037
-870
-1158
110
-84
1289
545
-576
-247
-540
481
891
1482
-35
-1199
-300
-792
910
1839
638
-1307
1407
-316
-930
-448
2420
-1339
1099
-58
-1637
1194
149
-638
-807
1185
-1834
-1233
-1179
-1916
-1337
-1102
-184
-945
-2650
392
-771
-1248
2190
-1211
-31
3424
-807
584
1391
-858
-1864
1405
696
-1548
-417
272
387
-1651
420
889
-1202
-836
-213
-755
-1068
-1641
-1046
1300
-2075
871
2406
2360
2064
626
2130
-54
-1031
-2713
-2272
442
-471
-194
-384
-281
708
-934
-1030
-1993
-1287
954
-3015
365
1430
320
-737
2026
-661
-1206
-2494
2519
-1708
-1635
-343
1086
413
-3525
-1808
1169
2362
228
198
-1667
-6
-1487
-1491
-2235
834
1258
880
-1949
-356
-882
2729
2153
964
-837
-874
464
-1843
-1093
-1965
-1852
467
-1261
-1415
1422
-1264
923
2665
1338
1522
-1380
2455
2145
-83
-3446
-2470
2824
-738
-181
-340
-397
3563
1114
953
-1301
-184
-1026
-1415
-2327
-364
-136
357
2127
-4278
1667
1578
2044
-1698
-210
162
1038
-417
-4204
1116
-1141
-1601
50
-1065
2804
1093
-1417
185
-2533
-309
3294
-3576
1390
384
-953
204
758
1440
14
-1231
-121
-1980
1680
2035
1561
-97
-1782
-658
114
2081
3358
726
-1974
1757
1228
-1588
-1282
1945
-1773
623
49
-1163
2021
145
327
-1395
2058
-1838
-581
-1946
-1773
-3096
-510
491
-2159
-4246
2414
-1115
-2469
3691
-3423
-31
3424
-807
584
1391
-858
-1864
1405
696
-1548
-417
272
387
-1651
420
889
-1202
-836
-213
-755
-1068
-1641
-1046
1300
-2075
871
2406
2360
2064
626
2130
-54
-1031
-2713
-2272
442
-471
-194
-384
-281
708
-934
-1030
-1993
-1287
954
-3015
365
1430
320
-737
2026
-661
-1206
-2494
2519
-1708
-1635
-343
1086
413
-3525
-1808
1169
2362
228
198
-1667
-6
-1487
-1491
-2235
834
1258
880
-1949
-356
-882
2729
2153
964
-837
-874
464
-1843
-1093
-1965
-1852
467
-1261
-1415
1422
-1264
923
2665
1338
1906
3151
698
-478
1330
-565
-2509
2270
-236
552
312
144
1707
-643
690
-762
-1242
-348
169
-1042
1499
-719
390
616
-3204
2272
1985
3979
-659
-106
970
-2471
172
-2614
135
1041
301
-1257
-2712
-1528
1354
-628
270
-409
930
2549
-1205
2125
1055
-1224
616
431
425
181
-800
607
-307
-92
-350
1408
-1385
-3359
-368
-721
2035
304
218
-1917
726
-959
-996
-911
3256
1199
1940
-123
-608
341
3176
-545
934
1395
-1685
36
-2004
-1213
-1247
-595
568
-975
-1669
364
-1929
865
4406
36
592
4533
-947
-738
1577
-1699
-2758
1879
-1005
-2633
-220
103
649
-2267
461
831
-1168
-1305
-263
-1256
-72
-1889
-350
1192
-2928
857
1761
2969
1306
328
2312
-596
-838
-2998
-3112
839
-959
-301
-925
-494
1451
-679
-728
-1796
-2126
1366
-3085
1138
628
67
847
1418
421
-664
-3309
2966
-1349
-1794
-321
887
-1009
-3205
-1629
1731
3247
983
1010
-1182
976
-441
-1225
-2294
1561
1245
526
-2952
-1743
-1433
2396
1533
514
85
-1340
327
-2297
-1005
-1624
-1008
-325
-221
-1812
1508
-850
65
3308
1585
535
1419
-588
1627
487
-1981
-2993
1079
-1311
-2215
-424
-739
317
-259
505
1444
-2150
-1271
-1030
-1098
-1416
-925
-901
519
-2762
-336
929
1121
-464
504
1991
981
-2041
-3094
-983
1149
-535
608
-296
2316
708
63
-685
-1277
-2733
1623
-3130
758
671
-1011
-478
1521
598
-978
-2398
2814
-1138
167
1578
1089
-447
-1794
-1432
696
2293
2086
-451
-1135
389
-75
-1536
-710
-43
-1427
50
-1304
-1193
-691
642
1570
-922
121
-603
-146
-1391
-1626
-2345
-690
-375
-954
-2747
1548
-645
-247
2773
-315
1075
1941
862
-508
1696
-55
-236
732
1260
529
1181
231
2577
-309
-187
-749
-447
113
229
-1702
1750
-728
-133
594
-1923
1684
2832
4345
2410
-18
-890
-1839
1646
-1653
-384
-499
-1178
-1221
-1762
-2212
721
-1459
-14
-857
2059
-322
-871
2393
1520
527
-589
1525
-588
-600
-1684
-202
-1013
-1486
-538
1217
370
-3626
-143
-922
2091
-2095
874
-1843
524
-1732
-200
-2426
3153
3566
1249
-1542
324
242
2260
878
1116
610
220
274
-1759
-872
39
-1348
943
-583
-1726
1149
-1428
463
3161
516
938
3049
-285
-31
1118
-1917
-2519
1249
-1842
-2040
-67
-396
993
-795
328
326
-1929
-1385
-442
-1604
152
-1335
-234
460
-2832
509
1495
2976
-157
430
1470
-443
-865
-3010
-1310
1244
-1209
271
-1364
352
1014
-488
-261
-1057
-2042
1534
-2646
1799
161
-889
33
1015
859
-762
-3122
2407
-806
-918
622
1253
-988
-2504
-1228
740
2576
1184
394
-1270
1122
-660
-1221
-1186
1845
168
689
-2079
-1713
-950
1103
920
-515
296
-937
-313
-1896
-1490
-1359
-776
-503
-165
-2779
1527
-875
-479
3602
401
361
3534
-933
-953
966
-676
-1641
345
-938
-1795
322
-430
-279
-1166
160
1370
-1313
-456
-368
-830
273
-717
-742
-171
-1380
-641
1100
1808
1450
-284
1289
-635
-683
-1737
-2762
665
-696
-46
-456
-342
211
-512
-704
-669
-1049
-337
-1755
390
531
571
201
1527
118
-606
-2282
2272
-450
-1738
-124
189
-240
-2483
-522
551
2267
-314
525
-777
625
-870
-431
-1948
937
1168
157
-2711
-1400
-1398
1348
1521
413
-478
-433
-107
-1256
-775
-221
-1202
-412
-81
-858
957
-318
220
1602
2337
225
3157
-738
1071
1680
-1317
-2355
849
-188
-1230
26
-39
528
-1574
288
1220
-984
-759
379
-765
-821
-1752
-1265
1122
-2664
443
2186
2527
1224
1481
2592
247
-962
-3427
-2395
982
-765
-1104
175
11
1097
-1038
-2074
-2318
-1387
1011
-3375
535
1590
341
-238
1755
26
-1510
-2633
2506
-1841
-370
449
695
-35
-2786
-1709
1470
3540
801
468
-1633
108
-901
-1004
-2303
466
985
810
-2042
-1407
-828
3161
2314
102
-571
-1185
-498
-1747
-1942
-1703
-1563
212
-1185
-1638
1734
-1473
848
2679
775
2048
613
2054
112
-332
-2670
-2394
3179
-654
-494
-944
-376
2588
663
1687
-1883
347
-551
-1523
-1684
368
425
184
1705
-3278
1826
1292
2065
-1551
-930
-20
-458
13
-2459
324
-125
-620
-172
-2793
1196
973
297
1511
-1046
66
3186
-1416
1813
-190
-1071
289
389
1027
567
-816
37
-1201
497
1223
2930
-1373
-1817
-782
68
647
2707
457
-1688
1542
196
-1728
-1042
2933
-1220
727
14
-637
1753
990
-671
-464
2023
-1085
-662
-1550
-585
-2791
505
-199
-1724
-2923
886
-1262
-2224
3341
-2196
1631
342
2512
900
-447
-2477
-2136
2010
-1035
708
216
-1286
1657
1705
1981
-983
-1000
334
-728
-1319
-529
778
32
683
-2923
1074
1650
1314
-1026
-128
-639
32
-1302
-3510
925
-168
-247
-563
-677
1558
-1023
-1390
-935
-1872
59
1354
-2114
-246
1034
-1495
-1126
1610
155
648
-398
-91
597
1383
1354
1266
1698
-906
85
-611
2605
1720
102
-2117
1728
-398
-995
-154
1542
-630
1028
-587
-1102
972
286
1331
110
459
-1754
-1237
-1379
-2180
-1313
-2259
-214
-557
-2070
639
-52
-262
1440
-1376
1053
1554
1337
420
2082
-755
-1575
2214
1053
-584
-46
661
2693
-1347
-40
-1331
-196
-1154
480
-2341
1303
-1176
1065
1954
-2269
2374
1854
4207
593
376
184
-1643
1130
-1961
-101
342
-613
-381
-2934
-871
3408
-1099
587
-786
1968
2981
-2081
2245
701
450
187
441
188
-461
-1613
-95
-2063
-1389
-579
1241
-1294
-4233
-1025
688
997
-213
417
-1827
954
-248
-1316
-2685
3253
1610
886
-1190
-496
879
2645
-546
515
922
-1379
150
-1799
-450
-1566
236
1684
-2465
-1801
2113
-1659
-1090
4309
-1030
1239
-145
941
60
-487
-2429
-761
-177
-1778
-957
438
-593
1783
1453
752
-1376
-83
-324
-972
-1285
68
394
139
927
-1702
-68
669
805
170
438
-678
245
-226
-2109
433
921
-1874
17
-230
790
-1297
-232
-779
-788
-951
168
-1418
263
414
-1463
-909
1106
464
199
-1844
419
324
800
1213
1720
752
-395
-368
368
1605
1168
361
-1235
1391
-564
-295
-219
1157
166
119
-1303
-865
75
-422
1077
-935
-462
-119
-1694
-948
-1977
-447
-1755
-633
-11
-2198
1106
621
-909
140
-1267
-23
1092
328
442
121
-1642
1
139
-1682
-400
-413
-419
263
1276
247
-1082
-2234
-1429
-1036
-574
-524
-49
982
-494
-806
-989
805
1814
-894
-451
-165
-180
-938
-2175
1463
1290
-1332
1647
-723
387
-902
-590
-404
-445
-1358
1185
-1128
130
-987
-1643
-1271
388
277
232
-1639
1316
577
-923
355
759
1121
-1273
-363
-869
761
189
-309
-760
1128
-1304
-1253
562
973
-1210
953
-1114
-1932
-595
-1036
159
-499
-1240
-1059
-1060
-429
-2653
-354
-1668
-542
-580
-1991
240
518
156
1132
-33
999
4188
-2026
-2018
996
-373
-2445
683
243
-2974
-43
188
398
-1861
-51
743
-1096
-1063
-1036
-1622
95
-1071
-505
1040
-1893
411
1001
2436
2257
-693
1742
-1936
-449
-1603
-3114
1304
-1101
148
-2043
-997
778
278
302
-508
-1321
676
-1865
947
783
81
408
1610
190
-220
-2653
2751
-1139
-2860
-781
1185
-1375
-3830
-1638
1036
1577
-227
-80
-980
-40
-1081
-653
-1945
1624
2167
-410
-2629
2
-2074
2020
748
1237
111
264
1086
-2573
333
-1074
-1372
539
260
-823
869
-322
604
2432
2558
-31
3424
-807
584
1391
-858
-1864
1405
696
-1548
-417
272
387
-1651
420
889
-1202
-836
-213
-755
-1068
-1641
-1046
1300
-2075
871
2406
2360
2064
626
2130
-54
-1031
-2713
-2272
442
-471
-194
-384
-281
708
-934
-1030
-1993
-1287
954
-3015
365
1430
320
-737
2026
-661
-1206
-2494
2519
-1708
-1635
-343
1086
413
-3525
-1808
1169
2362
228
198
-1667
-6
-1487
-1491
-2235
834
1258
880
-1949
-356
-882
2729
2153
964
-837
-874
464
-1843
-1093
-1965
-1852
467
-1261
-1415
1422
-1264
923
2665
1338
352
-393
719
1675
-47
-3201
-1663
1859
-880
-139
-822
-234
1910
752
1058
-1266
147
-972
-1991
-294
-1355
-458
303
1653
-3424
242
1149
1003
-1219
-250
832
1237
-1045
-3717
547
-659
-1861
-133
652
1703
-364
-550
-1283
-2478
-1925
2435
-2727
457
-113
-1789
475
519
818
290
-1148
966
-1038
1638
1385
1480
455
-263
-1202
241
2013
2957
803
-846
874
726
-1236
-238
166
-2044
449
-311
-1692
836
328
778
-1292
816
-1835
-868
-899
-3039
-2539
-1165
-622
-1118
-3104
521
-135
-398
1305
-2035
1638
-47
1607
317
-67
-1404
71
2954
1084
1568
248
955
3447
792
781
-1648
689
-35
-722
-25
966
-65
606
1272
-3212
2749
2268
2857
325
-843
-628
-491
1662
-1735
2112
-988
108
-1571
-1382
-1453
158
-1
1304
-1566
805
1331
449
2225
1080
-947
939
315
-75
1075
196
-764
-1042
1016
291
2175
-164
-1474
317
-1726
1994
729
1426
-1386
775
40
-1140
-298
2449
1076
2025
1517
622
1904
1727
-399
1127
2439
-30
942
-1575
-931
-2098
580
-23
-1017
-2483
-228
-1636
380
3476
-2459
4004
1810
3402
916
1199
-2274
-5384
2892
-1029
-3562
844
-1969
2405
-378
1561
1912
-1518
-521
1174
-5238
1703
1251
-586
1188
-3269
913
744
3428
-141
666
47
-987
-88
-2539
-2099
3099
1725
-747
-5603
3345
5592
496
1591
-12
2868
2871
-2834
1772
2252
2458
-756
2836
1143
-750
-2325
864
-2543
-881
2801
2005
-2784
-5565
-8
1530
3244
1374
-730
-3512
2848
940
-2096
-4926
3871
626
-744
-3389
-1930
1363
2723
820
72
1676
-36
-1664
-2596
996
-2548
2381
1374
-4500
-2156
4789
-1823
-4567
5956
-1930
225
3645
-1518
-334
1549
-597
-2358
1675
634
-2781
-343
456
387
-2507
418
1025
-738
-848
-489
-608
-556
-1909
-610
1555
-2114
1241
1591
1952
2553
449
1928
-508
-811
-1513
-2799
634
-122
-336
-681
-768
1391
287
-384
-1015
-1849
788
-2217
1181
1394
-175
301
1770
-760
-770
-2667
2765
-1261
-1810
-771
1440
-853
-3001
-1964
1647
1985
180
347
-897
-147
-718
-1211
-1909
744
1842
104
-2245
233
-1358
2683
1705
1107
-97
-170
1286
-1750
-201
-1869
-679
33
-258
-1060
874
-708
970
2477
1473
529
347
1089
-1034
838
5486
6447
-6873
219
9498
4491
-2272
-2692
4088
-942
1095
-2031
4616
8085
3040
2432
1284
-3113
-8371
4973
-668
2149
3361
-993
5004
-4319
-2388
3834
3685
4992
3421
3081
-6545
816
-7433
-3613
-59
-2871
1245
3971
-9272
9873
2100
1570
750
-4678
-1228
-1782
-1379
3338
-4037
4908
2501
1303
-1807
3369
7345
3628
-5909
4170
-8252
-988
597
-2564
-5381
4706
5445
-649
6126
3204
2940
520
-1556
362
747
1994
-891
5730
-2682
2399
-1057
8736
487
-1910
8036
4811
-5796
-1567
7378
-2368
1241
1812
-1277
2041
2128
-642
-3248
-2241
1990
-885
259
-106
-514
3031
1643
968
-797
-350
-750
-780
-1939
-867
166
-398
1670
-3984
1374
1528
1611
-1859
437
679
1209
-554
-4282
1310
-105
-1193
-550
-798
2670
264
-1085
-216
-2843
-732
2614
-3033
693
848
-905
-327
875
1529
-55
-923
111
-1847
2255
2547
1517
195
-1098
-601
-7
2776
3482
323
-2152
1323
750
-1327
-565
1304
-1635
822
651
-998
1617
378
664
-1120
1678
-1161
-936
-2176
-1757
-2901
-818
396
-1619
-3684
2083
-1275
-1652
3231
-3397
