-9232
12578
9801
2464
4995
-418
-4588
-1954
-2719
-10680
9059
3943
2666
-145
889
1281
3295
3719
6347
1876
5779
4414
-4862
-2678
-13498
-1032
3459
351
5309
8694
4041
-2680
7421
-6849
2968
-5396
1581
-3105
-5028
-8536
1661
-1778
-6588
-3648
3016
6999
-2341
-2397
-3652
1619
-7650
686
-774
3322
162
-5085
9906
-7952
-11810
-5374
5959
-6033
8010
-4707
-7338
9836
3471
-12052
-1168
6868
117
5717
-2702
2628
675
-169
-626
-5609
4072
-1799
7398
-2608
-8101
-4638
-9540
1443
5291
4365
-236
-51
2525
2552
7012
1491
5790
250
-13506
6581
1457
-3877
464
-12388
-5196
-2630
4322
10741
-895
-8989
622
-1243
2651
-6236
-5708
916
-1679
-5553
2382
3533
-5785
-1962
-5275
-181
5470
-2017
4117
3892
-5262
12190
3168
-827
-3112
1927
-1658
4831
-4465
1698
-3486
-2154
-4723
5232
-391
-7630
11910
3735
