2209
-973
-1774
3188
1533
2432
93
875
-1028
-365
-644
-975
1429
1581
-2904
-1399
-1382
868
1820
-160
475
3575
-129
-777
-1848
-1805
-2803
2125
-1955
2630
-1593
-48
-2157
-262
-1516
-326
1044
-103
-1243
1493
-1451
-551
-2974
-2291
-3185
-1211
1050
1554
394
1532
-59
-250
1174
2321
-110
2345
1000
-590
116
-3
-1509
1225
-168
2492
2470
-780
-354
-2703
-181
2820
-1635
-2765
-524
-4140
-28
-1354
3949
-1326
-1527
-19
-1267
654
3219
-1506
2982
1282
-831
4024
-1881
352
1809
-2086
92
73
2715
-2540
690
2512
1728
2189
-321
-371
-425
-135
3525
1254
169
-3373
-805
3696
21
-873
-2539
1268
-2262
-1797
-2008
-2339
-1965
2611
-2027
-119
-1620
46
-1855
-132
2001
655
