670
-2287
619
760
-393
361
533
1657
1503
907
205
-1443
4029
-255
1547
1518
1728
-1336
1714
1762
2123
-6
455
392
51
412
665
-1359
1139
-720
-3681
529
7379
1431
4511
-822
-368
418
6225
1687
4510
903
363
1496
-709
-2885
1739
-1600
546
-458
884
934
1651
1573
666
-579
-448
1084
667
511
1331
328
4996
-1523
691
2973
-824
-460
-250
-769
290
571
45
-390
1970
1151
257
607
-1450
-88
2069
-341
-636
1176
444
1432
-220
1795
1541
2347
2183
1686
3074
1743
1678
-1356
546
1074
2319
1429
2266
4740
1775
1223
1535
-362
4846
2820
526
6844
1058
1373
-3362
-29159
2703
314
-5399
1295
2466
-898
-101
-3863
7199
-231
1227
2880
1722
3486
