-1778
1363
-8202
4302
2367
-1452
4306
-212
3126
4531
1925
232
-1153
1763
-6992
1565
1528
-1040
-5079
5592
2287
-1430
4331
3273
-218
2783
591
507
-114
-2654
-3878
4932
1679
-2709
-6300
3999
3231
-1635
2037
1667
2110
3588
-1033
703
504
-5525
-4314
1745
147
1351
-7982
5263
2687
-1886
4193
1414
4900
2180
946
2044
-2847
880
-8283
3819
2726
-2605
-8457
6688
-1082
-117
2229
7505
3552
-2841
593
1923
-206
-1003
-9538
-1992
2115
-1683
-10446
6765
828
-1348
2990
3487
5877
-1377
727
2040
-1004
1256
-11449
-653
4284
-1567
-9117
7927
-193
-332
4141
3433
6038
1312
-753
1742
-2175
478
-9495
183
730
-813
-4772
2043
1986
-1100
2772
-924
914
1455
629
-636
-346
-673
-7517
4297
-1563
453
-8118
2761
512
-577
3904
530
520
3613
1770
2243
-248
-2369
-3598
2542
-486
-740
-6618
5844
2084
86
3364
3491
116
2732
-131
-881
1002
-2703
-2753
2121
2599
176
-6945
4810
2917
-2073
3490
-511
2644
3654
483
98
1002
-1675
-4575
4400
-6488
-1859
-5874
-10892
4954
-2438
-577
-1167
-6681
1784
2803
5925
-762
-9996
-5632
1132
-1101
-950
-3963
5040
3248
-299
3128
3327
1122
1191
760
-29
2998
-2918
-4811
2918
3197
-626
-6050
4938
3168
-873
2512
923
1826
2196
-1078
-1816
3112
-4709
-3257
1790
-6077
1248
-9643
-6679
661
1017
2693
-2027
-2530
1767
7246
5105
-1226
-10524
-6829
3286
171
-676
-9329
4097
1606
-238
3437
3101
-647
856
1306
285
1455
-7532
-4603
7385
1617
-3047
-7512
2908
2787
-2551
1529
3197
-250
2723
-1275
1367
3055
-3160
-3233
-236
2522
-97
-4898
7730
1230
-3489
1818
4165
82
1631
-631
2027
-1198
-2824
-5524
363
4872
-2540
-11796
4001
3643
656
1752
-1914
654
-326
-3791
-3068
4488
-13107
-6152
2695
2989
-1426
-7035
1598
2469
-788
970
131
2710
3227
802
-1416
1612
-7785
-4824
3650
2073
-1184
-7553
4473
2546
-1538
3034
759
1489
3108
962
-491
1650
-2374
-3731
1919
4173
-3577
-6399
2197
-426
-1282
-208
3129
4921
3486
2318
2258
675
-2093
-5612
-888
368
-597
-6466
-2951
1969
-1234
1188
-2633
4719
1517
-272
-1926
568
-6396
-4360
6079
-5004
-3551
-8706
-4874
-586
871
-2767
4737
-1353
-1867
-576
2410
-20
-5502
-7957
800
859
-2183
-4709
5980
4144
-2065
2044
801
-2292
635
2473
238
1033
-2578
-4148
607
3232
-4749
-15662
554
1808
1868
3030
3121
10952
-2663
2844
-3599
-445
-12076
-5489
13251
3132
-1135
-7054
4539
1516
-1398
4301
-1034
1175
4519
116
-495
1839
-1472
-1903
33
3759
-2453
-9286
6545
718
-1268
2964
2578
1629
2459
-1091
628
2293
-1425
-3275
-2206
3587
-2690
-7791
3332
1806
-985
2596
-744
1745
4423
20
-946
3086
-3018
-3228
-237
3143
-1365
-9093
5531
504
-957
3947
1490
4595
2660
-16
1375
72
-1790
-6286
877
-1230
6580
-2145
3583
-1598
-1929
252
-407
-856
11074
-2671
7993
-5177
-5095
-3785
-4274
2579
-3039
4422
-918
4024
-5725
3441
11777
8743
6067
-8011
3302
-8606
-2739
-7248
13207
4145
-233
-9555
5605
3118
-2108
2302
61
2370
3442
-319
-1096
3518
-4637
-3172
1779
3632
-4436
-6427
5716
2581
-746
3206
-1075
45
4151
864
-369
1517
-389
-3456
-2209
1052
-1327
-4884
5247
2275
-371
4367
-2256
35
1597
1235
-691
1571
1883
-3326
-1251
-5549
1710
-8073
3662
2430
-1048
4339
3613
-2074
5594
3343
2864
861
-3931
-3203
2602
44
-1673
-6263
4025
2904
-1664
5186
3118
-1026
3083
2232
4425
-226
-2102
-4908
4742
2741
-1248
-13275
3063
4542
-3016
-838
3858
-1650
-361
-2990
812
5806
-8018
-5755
1092
3977
-2167
-7124
4699
506
-872
4192
1507
3736
3158
-48
437
506
-2036
-5680
1075
-3087
445
-7818
3030
2596
398
2132
3670
1610
2150
2567
292
705
-2956
-4433
1774
3731
752
-6932
5133
3290
-1885
2148
-949
3349
2292
2708
-1813
1200
-2969
-8697
3475
-3087
445
-7818
3030
2596
398
2132
3670
1610
2150
2567
292
705
-2956
-4433
1774
813
-3382
-4207
4446
2088
-3602
166
4269
846
3070
2931
3979
-890
-3531
-1871
4099
449
-2047
-5090
4645
2147
-1091
1754
5605
335
-230
1191
994
422
-802
-4816
955
2602
-1379
-5563
6697
978
-1462
6818
510
-1513
6628
-520
2277
1867
-1685
-1573
1372
-991
-834
-8156
5798
2061
-1256
2966
3903
1864
1552
22
1707
-1725
-1504
-8888
4897
786
-952
-4546
4654
1402
-509
4223
3309
-721
1281
-1425
-103
1043
-592
-2663
3106
77
-1642
-9275
5560
96
-1056
1237
5215
-503
1218
263
2393
-732
-5897
-5689
2108
-2882
-322
-5796
1426
3245
567
2686
3294
2478
1400
2886
5
1933
-1075
-4416
1233
2697
-2411
-8446
7030
1849
-2505
3990
-1075
4369
2106
873
3149
-69
1565
-7429
-2960
-1022
197
-8539
2005
684
-288
3638
-76
2720
5766
2317
3335
-284
-4791
-4489
3146
1855
-4241
-596
5601
5092
-3443
1790
-1094
773
1660
3851
2794
-2809
-513
-8034
2027
969
-2420
-9150
9248
1881
643
3691
1199
-2189
-615
-88
-142
1222
-1043
-6372
533
-1189
-3912
-1716
1642
938
372
5381
-721
-2603
4555
-3541
671
-1091
-1055
-760
3353
2157
-5988
-7224
5203
4009
-3564
1938
7827
-3774
4918
-2223
5247
121
-3384
-3654
3024
-3087
445
-7818
3030
2596
398
2132
3670
1610
2150
2567
292
705
-2956
-4433
1774
329
-1927
-6432
-548
3580
-2773
1593
-990
-1244
3529
-2595
750
1664
-3264
-2666
1402
236
-577
-8400
-2166
1094
-3374
-140
2619
3907
5508
1840
2572
1447
-5405
-5749
3344
8116
-9554
1870
17130
18254
-8437
-6024
5427
-17643
8638
3001
-4543
-4810
-14582
-5355
-6825
142
-727
-4226
2477
4194
-2929
2279
2209
-68
842
758
1127
-627
-2791
-3461
2808
-6426
159
-14159
-1501
8881
-1872
-919
4999
-9628
2286
5140
-132
3763
-21157
-5164
14982
4145
-233
-9555
5605
3118
-2108
2302
61
2370
3442
-319
-1096
3518
-4637
-3172
1779
