503
539
304
333
1114
398
561
501
369
811
396
595
628
549
253
553
372
926
1094
487
745
268
880
709
459
595
291
565
517
775
459
321
303
1223
438
470
613
555
573
1387
603
1503
255
245
252
321
339
655
831
429
711
713
716
589
620
384
560
741
733
875
480
745
1001
603
461
445
634
263
1493
414
498
251
643
261
830
449
310
441
341
1304
438
436
492
436
372
784
1025
324
380
429
641
335
641
494
586
316
650
440
782
1094
338
876
405
583
429
919
848
222
459
279
2409
814
324
1002
325
250
306
311
374
680
377
680
420
693
342
703
521
1433
