768
-1815
-778
0
-1207
-5630
-25
-431
-3169
888
1662
-957
361
6532
0
-6040
0
-1542
0
2565
0
3823
-207
-4940
4185
130
-1628
722
-96
-6594
-5639
504
324
-4574
-2622
-3051
-131
-603
-118
-635
-188
-2230
0
420
-3638
-1479
-105
-6770
0
-42
266
-1548
224
-221
-290
262
-3687
578
1041
1664
0
-899
394
-2019
-5996
-8605
-3316
-92
-807
-1183
628
-3196
-25
0
0
1822
30
-140
0
-252
737
-5330
0
-12
-246
-123
-3070
-835
-966
-1116
0
0
614
465
-2698
-1183
554
635
726
1462
0
2671
1463
0
0
-1334
-337
0
0
606
275
-707
93
1676
3022
0
0
140
263
-5913
4372
-4068
-740
-2237
440
-1059
2256
-980
1993
-1769
0
0
-822
0
-688
1196
-203
85
0
7122
-1727
-1430
0
-440
547
-7608
-1189
0
-1629
-3480
-6331
-2824
-2046
663
1448
-2645
391
5362
636
-6893
0
78
0
6397
0
6991
216
-6851
1034
174
-7282
-7219
-70
-8330
-7469
-4438
420
-6397
561
-2219
-1329
1452
-173
260
-208
-3053
-635
264
-4774
1213
522
-7237
0
18
-2302
2068
-530
299
-1117
-1037
-1899
2594
1567
5473
0
1950
-3041
-2600
-10218
-10692
-314
44
-1804
-1016
3680
-4450
355
0
0
2547
-347
896
0
-318
335
-2874
0
-282
-470
683
-3550
-3703
-1391
-360
381
0
-218
-227
-6500
-790
917
1309
1626
-11511
0
2206
675
0
0
-1433
-236
11
0
748
1355
898
-898
598
-635
0
0
490
760
-6802
-2217
-3386
430
734
1085
-1131
2473
-931
910
419
-2219
0
-336
0
-250
1310
-1647
-2827
0
1684
-842
-3303
0
-346
1736
-3096
-813
0
-15
-970
-2660
635
0
0
6612
535
0
-3508
488
-2547
1140
-1276
0
337
-828
7244
0
-5835
-10092
0
-520
3203
-840
-3652
-8715
1905
-714
-3170
2586
-1292
-298
-4611
-842
-3178
0
0
-1227
186
-1308
-378
-1549
-2371
0
0
-295
0
117
-1342
-1844
-4748
-5457
2849
1056
7836
0
2877
-1843
-1552
-11774
-6964
660
-1654
40
-542
538
-2103
0
0
-1211
4767
-3723
-350
0
-1674
-262
-10047
0
-3556
-1140
-754
-1560
-672
-2324
432
-240
-187
-318
-207
-1036
2117
1588
-510
459
-2358
0
3179
-455
-708
0
-1596
-188
-3
0
-763
-584
-553
1263
3298
-1963
0
0
536
-1542
-5087
2366
-1894
0
-4103
-275
288
1139
-3414
-171
-1275
453
-979
547
-8
1023
1807
1616
-3789
-3867
-7357
1038
-2638
-330
-830
831
-4271
-544
-14
0
-112
6528
-65
0
-390
1076
-5122
0
-1505
-413
-2724
824
-3824
-633
-1948
-1586
5897
-468
-6442
-5060
0
-3154
-5034
-276
-1581
-9171
-3277
4578
-1274
362
-3147
189
-2577
-1063
778
0
0
-1143
272
-6097
1220
-240
-3106
0
35
-1942
0
-166
-3115
-2454
2019
-6803
1555
994
5087
0
1575
234
220
-8671
-3003
-1032
-3121
565
162
-404
-1050
795
6162
-3337
4915
176
1090
1052
-6154
-582
-17240
-880
-1636
-1384
-754
-2420
0
-3887
-702
132
-554
-492
-86
-896
-1199
1695
-1418
-729
-1411
-4077
1960
-536
-1042
0
-1316
-204
-49
52
-140
-957
1066
-144
1601
-1158
0
0
-552
321
-1409
2707
-1700
0
-894
-945
845
171
-7448
-33
-751
-8533
-770
993
-496
741
1224
45
-1443
-3458
-3363
-10515
-2667
-6257
-430
741
-648
-198
51
0
-12
0
-430
0
440
114
891
0
0
-315
-576
-772
-342
-360
-2017
-2142
5689
-753
-1228
0
0
0
0
120
-111
-2994
0
-5765
0
-62
171
-1023
-1283
-990
-2418
0
0
-702
202
845
-1230
-5544
-1812
0
31
-3309
0
-1565
-2996
-2687
-3102
-3120
1383
0
1029
0
0
-2025
73
-4031
-468
-84
-1983
104
150
0
0
1461
-1705
98
4324
-6717
0
-98
-2051
-180
-11931
1056
-2680
-208
0
-2540
0
-4037
-762
0
-890
-376
-34
0
-1779
1131
0
44
0
3628
633
-531
-1390
0
-1198
-119
0
-314
-57
-635
0
-3495
-495
-4085
0
0
0
0
63
106
-796
0
226
192
374
8
3239
0
-15
1317
-1397
342
-24
0
1518
-5766
0
530
0
-4542
0
7815
0
1868
-737
1639
0
-2188
-280
-1013
917
-5779
-1504
1815
-469
2657
10633
92
-4856
198
-1566
-270
5736
-612
2696
-1239
-4994
5028
-48
-691
2192
-190
-7865
472
1237
414
-5340
-1150
521
-615
-307
-22
-300
-2993
-1509
0
-900
-5683
-2729
-602
-11518
717
-19
-1610
556
48
-1137
-2224
-1110
2442
357
1087
2188
0
2654
400
-2602
-2671
-7467
-4685
-156
2639
2503
1292
-4203
-925
0
0
4129
56
-2582
0
-1377
-40
-5089
0
-174
976
-173
-2157
857
143
-1020
0
0
2164
253
-1802
-4382
566
932
1626
2822
0
4424
1243
0
0
1012
-2815
0
201
997
-258
-1968
1273
1842
5014
0
0
790
-3624
-9345
1529
-3904
-998
-3889
460
-3254
182
-669
3446
1259
-1235
0
-2454
0
-3048
-3869
-178
-1686
0
-2013
-1398
-2814
-792
-1170
2037
-6894
599
0
-1159
780
-6520
-5044
-4657
-1854
3847
-1256
2199
7672
200
-5261
954
215
390
8378
-1246
6209
1389
-4804
-181
-30
-8489
-7845
-572
-8035
-4629
-3572
1848
-6035
-1165
-944
-877
199
-91
440
-4295
-1905
370
-1454
-6208
6
-1015
-11395
972
-333
-3877
-158
-688
-1335
-4206
-3516
1896
2435
1666
4586
272
5314
-6557
-2303
-5679
-5969
-2303
-1640
4423
2430
3839
-5088
-853
630
0
4502
-795
-1772
160
-3918
-491
-10093
-395
-604
-579
-129
-3281
-972
-116
-468
-354
-154
1563
-597
-9521
-5592
1189
-29
-176
-17397
-671
4391
805
0
0
862
-2583
-19
18
-18
1238
1280
-314
1117
-1370
0
0
-229
-7510
-8982
-3058
-4987
2216
-2235
730
-4616
-138
-3713
3890
1455
-4650
0
-2488
0
-2707
-5970
-2966
-4159
-195
-3526
-747
-3355
1195
-2841
3114
-2063
-1737
0
-47
648
-2112
-1083
0
-195
7662
-1254
438
-4973
-712
607
188
-3057
0
-1709
-868
8260
0
-4210
-8422
-1736
-956
2048
-726
-251
-13657
1125
-2697
-1684
-1087
-4617
-109
-4213
-526
-5966
-4309
0
674
-932
-2050
-2306
-3860
-6132
656
0
-2414
0
-676
-7087
-8918
-2907
1532
2727
654
5153
136
2715
-3441
-121
-8980
206
903
-1736
4122
1777
-425
-2328
-2463
-555
-2827
8541
-6790
-790
-20
-3773
-339
-14045
245
-3774
-806
-1931
-1568
-102
-1403
852
-330
-153
877
-221
-1387
-1510
3158
-3509
-1973
-6332
258
2760
697
-1712
0
750
-2549
-12
715
-1064
-1567
-1040
-1400
-1352
-3325
0
0
786
-7072
-5299
113
-998
0
-7774
-690
-2566
-670
-6848
300
-1975
517
-1821
-1423
-264
-951
-7451
-2650
-5159
-4992
-7806
1677
-1149
-7926
-2212
1292
-3969
-263
18
0
-952
4527
-71
0
-240
3046
-5673
0
-3019
-1193
-378
-906
-3883
-2107
-3176
-91
8684
-27
-5191
-5045
910
-3426
-5079
-130
119
-11244
-2929
4711
-104
-2922
-5500
750
-5344
-711
1104
-1368
0
651
-1143
-9957
4832
-5147
-4691
999
-37
-3886
0
-453
-6498
-4922
-1174
661
2025
128
1618
-264
570
24
1066
-8313
1220
-1122
-4151
1636
330
-2985
-1009
-4152
9291
-4948
8125
611
-1090
113
-2789
-223
-13752
-2292
-2314
-1248
-689
-1696
-57
-826
-558
330
-175
265
2956
-1218
-3394
3394
-1896
-985
-1647
-6950
2539
-66
-2042
0
885
-1309
-30
477
58
-838
856
-2176
-3590
-2216
0
0
712
-5726
-715
2919
-1507
0
-6353
-2
-901
-294
-5433
204
-1608
-15934
-1135
-409
-96
42
-6275
-2465
-1539
-4656
-3939
-10391
926
-9713
-1117
791
-744
-223
107
0
-1256
-250
-447
0
-885
1832
1283
0
0
-465
-78
-3066
549
-2166
-3126
-1620
8872
-1680
-895
-351
1218
0
54
-612
-88
-6679
0
-7219
0
724
79
-621
-3474
-1442
-5123
-1270
0
450
-652
902
-1088
-8968
-1506
252
-88
-5415
0
-2992
-372
-1312
-3900
210
1497
0
1332
0
0
-4037
77
-4514
846
-132
-1431
132
-30
0
0
-2546
-913
2703
3128
-10594
0
-4
580
5
-7772
-553
-4160
-120
0
-1260
-381
-2542
-180
0
13
-82
68
0
-1595
510
0
-105
0
3632
285
-175
-2807
0
436
-1326
0
-793
70
179
0
-6686
-457
-8024
0
0
0
0
-147
196
-1243
0
-752
513
-363
-32
-4304
0
-258
4095
-2115
-228
200
0
-2104
-1354
0
4495
0
-5151
0
14544
0
1791
522
1590
0
-1960
-1781
-1095
-2540
-5303
-5355
1787
-1802
298
6087
424
2523
-135
-529
-36
3062
60
-3349
-1322
-4604
4523
-222
-775
1079
0
-6832
2450
170
826
-3728
-5999
-1040
707
945
-58
-470
-1459
-1662
-3556
-1106
-5453
-4649
1371
-7854
-992
-16
3374
1014
-420
-3454
-1692
-2821
-3600
255
401
1084
0
4976
391
-2129
-4014
-266
-492
0
5482
-2248
0
-3002
-1635
0
0
5208
128
-770
0
-570
-141
-2965
0
-81
143
-822
-92
-876
-979
0
0
0
2383
995
2527
-1008
352
426
-1395
479
0
1854
34
0
28
-1014
236
0
989
465
-45
-2541
1652
-10756
4228
0
-445
1217
-408
-6598
1130
-2224
2356
-3530
175
-1856
-574
-224
1531
1692
-2797
0
-2715
0
-2913
-691
-516
-2398
-715
-2928
-1122
-311
-315
-1200
1224
-4955
602
0
-706
-3213
-3024
-3853
-5492
-6355
3560
651
763
2682
-28
-363
-732
-195
342
3958
-1170
-3065
1739
-4531
-1485
-168
-5585
-3939
-192
-5349
-4127
-1500
2885
-1756
-1668
-1077
1040
-578
-372
-600
-2228
-2070
-6730
-1951
-7092
940
1254
-7807
-498
-1277
639
-5069
-2730
-4323
-2305
-3775
-4020
1405
414
1344
592
4393
-5313
-577
-7560
833
-4026
-1336
5221
-2448
1982
-2877
-4269
1230
-296
5106
-710
2398
86
-3501
-155
-7173
-1302
-500
-618
-1047
-1552
-1584
-2529
0
0
229
2407
-632
-5606
-723
1076
-377
-1326
-11413
-2281
2862
836
0
77
-1172
1016
0
1024
68
-517
1115
417
-9193
-1778
0
-548
-585
-4563
-5855
-2729
-4676
3384
-7129
-110
-1624
-1180
-5013
5094
-797
-7841
0
-2319
0
-3531
-2902
1134
-2483
-1686
-4243
-478
-5789
630
-1519
2829
-897
-1380
0
-910
-3243
-295
-708
0
-230
8480
-2669
258
-3412
-252
718
-4352
-875
0
-1539
-501
2576
0
-2940
-4619
-518
-824
-1489
-710
36
-7542
-610
-4747
-140
566
-3182
2762
-2191
-713
-4555
-3709
-7042
-10612
-2463
-2620
-7005
-1799
-5653
-1258
0
-1447
250
-5474
-7652
-3534
-255
-6643
2414
314
322
382
601
-3304
380
-12073
1075
-2720
-1174
1420
-2707
1932
-1048
-10154
80
-4730
6241
-7463
0
6
-3177
-86
-6785
809
-2675
-1433
-159
-3767
-339
-5341
0
0
-539
377
-467
-1224
254
2725
-1043
-783
-5751
1460
561
-433
-1056
-281
-348
412
0
1201
-500
-823
-567
-5416
-7323
-3336
0
-238
-138
-2894
-1932
-943
-624
0
-6022
-405
-549
-1273
-5687
265
-2323
1072
-9
-1185
-144
-1216
-2113
-4499
-3049
-5329
-3785
971
-2140
-12293
-360
1116
-2432
-18
0
-492
-2673
1335
-491
0
-240
4706
-2507
0
-2169
0
46
-3776
-4219
-837
-968
-1150
1841
-1488
-3125
-2880
-336
-1728
-1955
-852
230
-9252
-1638
2935
20
-225
-3039
-740
-5320
-1537
1558
-2697
-5317
-6821
-1537
-6225
2923
-7246
-5380
-432
0
-3551
0
-3261
-3111
-2681
-4974
-6224
865
-120
-1138
-682
0
-9
462
-6991
617
-703
-3376
330
-870
-2542
-354
-9521
7647
-3935
4606
429
0
509
-457
5
-4640
-1963
-415
-656
0
-5413
129
-2621
-510
0
-1883
-319
1546
-396
-2984
3087
-246
-220
-575
-5481
1734
-545
-1934
55
-490
160
0
-1668
0
-1251
308
-4425
-2767
-2061
0
-36
0
-4308
-375
2829
-1432
0
-4657
195
-396
-455
-4943
466
-688
-10618
677
-298
488
-660
-2509
-8047
-1687
-2655
-3361
-5898
-1770
-9922
-381
605
0
7
0
-1428
-958
-550
-521
0
-1400
2776
858
0
0
0
-30
-3825
-1303
-792
-2249
-1460
4050
-1777
-468
-213
-210
0
381
-762
-256
-7429
0
-3797
0
340
-4
-4035
-3489
-1276
-5455
-3314
-5080
-3885
-335
128
-906
-7604
-1792
-342
0
-4287
0
-1658
2321
255
-3015
-6715
485
0
171
-264
0
-4403
0
-3526
0
-840
-1660
0
-498
0
0
-7078
-2025
4925
-1546
-10959
0
-351
1567
0
-2510
208
-1240
0
0
-3473
135
-4156
-234
0
601
-146
-391
-762
-1861
1324
0
-25
-1397
1562
103
47
-2326
-215
-257
0
0
-1529
0
-193
0
-6467
-561
-8165
0
0
0
0
0
-118
-1016
0
-889
-513
0
-94
-2644
0
0
2154
-1
74
1016
0
-108
-8085
-400
6198
-1292
-3155
0
12995
0
2020
-1828
2736
0
-350
-272
99
-3709
-3538
-3810
1655
89
476
759
-508
-193
-1725
-650
12
1999
-149
2314
-182
-865
-1635
0
-1219
226
-380
-2638
-369
-725
1411
130
-620
681
-902
729
-22
-300
2323
-301
3360
640
-2888
-54
263
-5424
-787
-696
-430
-2927
188
-4930
3497
359
0
768
86
-472
451
1661
-2220
231
17
3085
-2913
-1524
1475
935
210
-590
796
2040
-436
3492
-404
-2398
135
-1471
-10
2637
-1060
-12
-1354
-318
1412
-1296
431
0
0
-229
3268
-221
-3000
-581
491
-254
0
-7315
-3181
2633
704
0
-28
-2181
-216
0
-1977
-475
-135
660
-2329
-5138
-1474
0
-464
1367
-4541
-2327
-1674
-1524
1298
-5819
0
-369
-708
-2310
4782
-362
-5835
0
-152
0
-84
-1348
-5490
222
-1386
-2357
-258
1148
483
0
2439
-1136
-16
0
-834
-866
731
-1060
0
145
3877
-2633
210
-2599
-372
54
-3006
-2603
0
-716
364
5828
0
814
-2706
-1778
-73
-2272
-296
540
1060
-388
-3867
0
-752
-1852
-3335
154
-62
-2630
1084
-2174
5534
606
-566
-6026
-3346
-4853
-2047
0
-1583
-55
-790
-2810
8697
-2226
476
737
-40
-1546
233
190
-1705
0
-2517
861
-3309
-578
52
714
234
0
2139
-285
-2664
1024
-4842
0
-46
-1254
1
1291
468
-712
-1384
0
-1645
-240
1206
0
0
-1418
483
-85
-873
-42
791
-246
0
-4940
2333
748
-378
-160
432
-4003
-234
0
-3444
65
285
0
-6276
-3314
-2491
0
-547
178
-4349
-479
-296
0
0
-3197
0
-297
-578
-4307
362
-440
980
378
-120
0
304
-458
-5325
-1331
-2462
-2129
282
-82
-7240
0
683
-372
-19
0
-972
296
-1270
-193
0
-435
3632
17
0
-1044
0
-10
-2193
-1415
-585
-1535
-800
474
323
-77
-145
-1554
0
-147
-508
232
-7847
0
1367
0
-2321
-1519
-3107
-3935
-220
220
-330
-1827
3434
237
-3322
928
-8300
-3562
-504
0
-1743
0
-454
850
5642
-5223
-1940
-34
0
-618
-1178
0
-42
0
-1557
329
-629
-1480
0
450
-276
0
4023
1890
-2108
-2558
604
0
-299
1293
0
-262
-551
-584
-240
0
-1364
-117
644
0
0
1557
148
1380
48
-381
3923
0
0
-269
-2219
-28
68
-348
-20
-2697
-112
0
-4224
0
-1146
0
-4189
-1166
-4046
0
-166
0
-1651
-105
1797
0
0
-508
0
0
-180
-3232
540
0
-7211
582
-46
0
0
-168
-2608
-660
-220
-2216
-1656
-1980
-4237
0
