-1817
-70
0
0
2875
-6051
-98
266
0
0
0
0
0
0
-66
982
0
-116
0
0
600
0
-92
354
0
1310
0
0
0
497
1751
0
3670
0
108
0
-1154
22
0
-2269
-329
-380
-1229
0
0
0
905
0
0
-20
-54
3673
-566
0
487
0
0
0
-2137
-58
324
-2287
-3829
0
228
-80
0
0
-3175
-9311
854
700
0
0
0
0
0
0
-176
1143
0
508
0
0
916
0
127
306
0
1995
0
0
0
-889
-391
0
5290
0
-2565
0
1458
-62
0
4368
-889
790
-4403
0
0
0
7070
0
0
-690
139
6164
874
0
-1089
0
0
0
-6610
456
603
-241
1138
0
-851
70
0
0
-475
-10160
186
266
0
0
0
0
0
0
-118
-1493
0
-408
0
0
470
0
-17
246
0
239
0
0
0
14
1173
0
3546
0
2142
0
2032
-97
0
-1586
-140
-810
-1897
0
0
0
-221
0
0
-193
-54
5314
709
0
198
0
0
0
-4434
798
522
-609
-4248
0
439
-483
0
0
-1675
-8831
-56
98
0
0
0
216
0
0
0
1828
0
715
0
0
-393
0
0
408
0
375
0
0
0
-762
2180
0
5520
0
-1708
0
-1530
63
0
-998
-127
-176
15
0
0
0
3827
0
0
288
13
4083
-595
0
-522
0
0
0
-4075
-126
-147
-2810
-1798
2032
-616
-469
0
0
-539
-11273
448
1778
0
0
0
316
0
0
-66
-2368
0
48
0
0
514
0
0
328
0
-1517
0
0
0
12
-380
0
-1758
0
-407
0
-3993
5
0
23
-20
254
566
0
0
0
3950
0
0
1172
-31
6148
829
0
-1690
0
0
0
-2536
230
-105
168
-729
-800
-445
-345
0
0
450
-3532
-207
504
0
0
0
0
0
0
68
810
0
-196
0
0
-676
0
-4
-93
0
-1595
0
0
0
322
1853
0
-4022
0
-2322
0
-2214
127
0
-2364
161
-880
855
0
0
0
5270
0
0
-571
19
-5
-949
0
-451
0
0
0
-6696
-737
-189
-13666
-4444
0
-1404
-391
0
0
28
-9165
-67
1778
0
0
0
0
0
-176
-100
109
0
80
0
0
1064
0
10
-315
0
-1929
0
0
0
245
604
0
-11676
0
-824
0
-1604
160
0
-2025
-330
1080
950
0
0
0
6076
0
-204
513
21
3030
-2370
0
208
0
0
0
-4699
-1021
-99
-16262
-2854
-468
606
-889
0
0
-31
-10571
-168
266
0
0
0
-192
0
0
68
620
0
-159
0
0
834
0
0
-76
0
1210
0
0
0
198
500
0
2217
0
345
0
3138
-13
0
-2278
-97
-42
887
0
0
0
3563
0
0
-1011
-54
4308
-3367
0
-1372
0
0
0
-8090
-346
-112
-13146
-1736
-432
-1803
-420
0
0
14
-15266
494
1064
0
0
0
-144
0
0
34
145
0
-126
0
0
-220
0
0
0
0
1479
0
0
0
0
389
0
5558
0
-1669
0
2646
-84
0
375
0
-168
-452
0
0
0
7707
0
0
-966
127
4916
-1027
0
-2149
0
0
0
-5642
540
-70
-5971
-1360
368
-17
0
0
0
0
-8068
112
0
0
0
0
0
0
0
22
-140
0
0
0
0
128
0
0
0
0
927
0
0
0
0
-69
0
2390
0
624
0
610
0
0
995
0
316
-960
0
0
0
802
0
0
-92
0
5592
440
0
-2440
0
0
0
-2128
544
0
-688
-2008
0
521
-911
0
0
2760
-8950
-223
266
0
0
0
0
0
232
60
558
0
-116
0
0
690
0
0
0
0
324
0
0
0
0
1406
0
2118
0
1194
0
1428
-13
0
-3399
-94
-650
1145
0
0
0
955
0
8
-568
-54
3799
-1793
0
133
0
0
0
-8173
-27
-165
-11959
-5050
3302
1012
-568
0
0
-3048
-11794
406
1064
0
0
0
0
0
48
-204
-762
0
508
0
0
-480
0
0
0
0
-15
0
0
0
0
-103
0
81
0
-758
0
2128
-84
0
738
-254
555
795
0
0
0
4074
0
176
-240
127
4737
192
0
-2283
0
0
0
-3771
508
-105
-4231
-442
-1300
1518
-64
0
0
-2055
-5549
676
779
0
0
46
-170
0
0
-88
1784
0
387
0
0
2095
0
0
-700
0
216
0
0
0
-780
0
0
3937
0
-1793
0
-236
35
0
832
-8
79
-873
-34
0
-368
3593
0
0
-520
12
5403
1486
0
658
0
0
0
-3507
-1266
268
-1216
1432
72
-1205
-220
0
0
2475
-10666
658
374
0
0
11
56
0
232
9
-1739
0
-846
0
0
1115
0
0
-307
0
289
0
0
0
12
981
0
3487
0
1630
0
1843
-13
0
-922
-114
-521
213
9
0
-344
411
0
8
-132
-54
5143
28
0
1719
0
0
0
-2971
-18
211
-1702
-3513
3212
1417
-268
0
0
-3048
-9213
508
1064
0
0
0
0
0
48
-34
-762
0
508
0
0
-480
0
0
0
0
-15
0
0
0
0
-171
0
81
0
52
0
2016
-84
0
538
-254
635
145
0
0
0
2864
0
176
-168
127
4269
192
0
-1648
0
0
0
-1651
508
-15
-661
-544
-1300
-636
-134
0
-488
0
-77
686
2070
0
0
-88
336
0
0
0
777
0
1270
0
0
423
0
0
510
0
0
0
0
0
-254
-115
0
0
0
966
0
-2266
0
0
852
0
333
-3081
0
0
254
-125
0
0
1116
0
2469
-14
0
-128
0
0
0
-1753
45
558
-54
33
-150
1539
0
0
0
0
-8738
-42
0
0
0
0
0
0
0
-178
661
0
0
0
0
248
0
0
0
0
-369
0
0
0
0
-57
0
-3721
0
878
0
396
0
0
-2003
0
508
890
0
0
0
3440
0
0
-454
0
4152
-1784
0
-1941
0
0
0
-3548
-452
0
-11997
-2832
0
-859
-274
0
-144
613
-3500
483
-234
0
0
145
-155
0
-102
34
1524
0
-359
0
127
1905
0
0
537
0
-391
0
0
0
-529
1380
0
1965
0
-2036
0
586
126
0
632
6
-92
-2997
-127
0
-160
769
0
0
-508
0
2125
1065
0
-1116
0
0
0
-4245
-365
657
-6132
-51
9
-2763
-184
0
164
-4879
-2780
34
451
0
0
-34
155
0
-127
-17
-596
0
-104
0
83
350
0
0
44
0
-1529
0
0
0
272
0
0
-9718
0
764
0
-85
34
0
-1982
-455
-35
-247
52
0
422
2225
0
0
-292
40
3769
-860
0
-1188
0
0
0
-3390
202
230
-10706
-2409
-264
1524
-254
0
28
0
-4565
-371
362
0
0
10
-224
0
0
0
413
0
-20
0
0
-297
0
0
-525
0
0
0
0
0
70
-95
0
0
0
2464
0
988
0
0
-4499
0
85
3253
0
0
-112
-1655
0
0
-423
0
1629
-254
0
144
0
0
0
-785
-250
-183
-5097
-3375
-81
814
0
0
0
0
-3713
-56
266
0
0
0
0
0
0
0
642
0
0
0
0
600
0
0
0
0
324
0
0
0
0
0
0
1681
0
1494
0
-1210
-13
0
-944
0
0
201
0
0
0
-2384
0
0
-128
-54
4303
97
0
-1724
0
0
0
-1025
-52
0
-1517
-2979
0
2433
-883
0
-240
131
111
310
168
0
0
99
280
0
116
0
220
0
42
0
0
1587
0
0
112
0
-691
0
0
0
276
-380
0
-5220
0
-809
0
-2213
-127
0
-1120
23
78
1159
0
0
-17
429
0
0
488
33
-171
865
0
-762
0
0
0
-2920
-774
-210
-5646
-2100
1105
-2153
-392
0
-488
2610
-6802
-917
180
0
0
82
306
0
24
127
1683
0
459
0
42
-306
0
0
-253
0
-303
0
0
0
281
-740
0
-3540
0
90
0
-623
70
0
-1227
-567
92
-166
5
0
-129
4202
0
0
-52
0
1748
-2565
0
4110
0
0
0
-5520
-789
754
-9946
-781
672
856
-376
0
-444
-4105
-14639
657
359
0
0
62
206
0
23
-4
1020
0
-727
0
-103
-1077
0
0
-335
0
631
0
0
0
71
0
0
1307
0
-1454
0
-2414
37
0
-55
-1494
-173
-1436
28
0
-194
5122
0
0
96
13
6315
-1946
0
-5421
0
0
0
-1511
-949
571
-8883
-2215
-1081
-448
-84
0
0
0
-7534
332
651
0
0
0
0
0
0
-33
918
0
0
0
0
262
0
0
0
0
-585
0
0
0
0
1030
0
-2555
0
-207
0
-3489
-87
0
-3463
0
0
-2015
0
0
0
5078
0
0
226
39
3581
-239
0
416
0
0
0
-5775
-599
324
-6255
-7731
0
-130
-4690
0
-1220
-872
-5355
-840
0
0
0
0
-372
0
1968
-585
4259
-494
4450
-480
-4635
63
1218
0
0
-200
0
-850
-762
0
0
4061
0
0
0
253
-4264
-455
0
-1320
-2938
-1016
-562
-1331
0
198
0
489
0
0
0
-1890
139
-55
0
-144
448
-378
0
-5814
0
200
1578
-5864
-3938
1197
-252
0
0
36
-1031
-168
266
0
0
0
-96
0
0
0
666
0
-294
0
0
470
0
0
0
0
324
0
0
0
0
2540
0
3429
0
1104
0
1584
-13
0
-2366
0
-20
963
0
0
0
-2976
0
0
-376
-54
1128
54
0
-836
0
0
0
237
36
-105
-6393
-3024
-192
-963
0
0
0
231
-11630
304
434
0
0
0
0
0
0
-66
171
0
-126
0
7
880
0
0
-19
0
-305
0
0
0
33
0
0
408
0
941
0
-2973
42
0
-2288
-1067
0
-467
0
0
0
3631
0
0
256
-21
4709
-1046
0
-4222
0
0
0
-3293
-480
0
-4069
-5918
322
1309
0
0
0
0
-1667
-263
266
0
0
0
0
0
0
0
666
0
0
0
0
352
0
0
0
0
324
0
0
0
0
0
0
1662
0
1026
0
1166
-13
0
-2303
0
0
963
0
0
0
-3072
0
0
-402
-54
1039
34
0
-728
0
0
0
-75
-25
0
-7281
-3375
0
775
-885
0
0
0
-7153
-244
209
0
0
0
120
0
0
85
-108
0
0
0
0
488
0
0
0
0
0
0
0
0
0
2971
0
-1311
0
-334
0
1486
0
0
-2740
0
-528
4003
0
42
0
2081
0
0
-330
0
2480
-801
0
-1256
0
0
0
-6089
-63
-366
-7457
-1943
0
1076
-2857
0
240
144
-5278
-1265
836
0
0
0
80
0
-164
3025
0
-3952
-1666
102
1800
-97
-1764
0
0
162
0
-1037
162
0
0
-921
0
0
0
1349
6604
1422
0
-1089
427
184
762
384
0
396
0
450
0
0
-126
1400
2477
0
0
-382
-672
-276
0
-2916
0
288
-1125
-3604
-876
2500
-4669
0
220
-198
-6657
-680
0
0
0
0
48
0
-1640
-2040
-480
114
48
-390
315
0
-672
0
0
248
0
-221
-192
0
0
-380
0
0
0
684
4004
0
0
1155
-1080
-776
254
2369
0
0
0
1622
0
0
0
420
2921
-77
0
-2041
-320
-492
0
-2563
0
-565
-1692
264
879
2032
-402
0
0
0
-4191
-210
209
0
0
0
0
0
0
-17
0
0
0
0
0
141
0
0
0
0
0
0
0
0
0
-190
0
0
0
2484
0
858
0
0
-3100
0
0
3103
0
0
0
-1760
0
0
-282
0
1778
0
0
0
0
0
0
-630
0
-135
-2021
-3024
0
1204
-28
0
0
0
-1939
-590
602
0
0
-27
-635
0
0
-99
421
0
22
0
0
-692
0
0
-485
0
159
0
0
0
0
0
0
960
0
-983
0
-342
11
0
-3042
0
-228
468
0
0
-224
-3132
0
0
-480
-14
899
4
0
-656
0
0
0
-67
-748
72
-7897
-4427
0
-1311
-42
0
0
2875
-10873
176
-184
0
0
11
-145
0
0
-277
446
0
-118
0
0
2154
0
-92
-281
0
1682
0
0
0
497
1751
0
3056
0
-49
0
636
126
0
-2653
-329
-866
-1339
0
0
-172
5449
0
0
-272
12
3792
-1025
0
515
0
0
0
-3003
-1473
440
-7437
-3320
0
972
-80
0
0
-3175
-9188
336
0
0
0
0
0
0
0
-120
1506
0
508
0
0
-240
0
127
306
0
1811
0
0
0
-889
-391
0
5025
0
-723
0
1840
-13
0
3724
-889
790
-3934
0
0
0
1318
0
0
288
0
6230
331
0
-2487
0
0
0
-2890
181
603
-777
-219
0
2327
-565
0
0
-254
-3379
560
1397
0
0
0
144
0
0
-88
222
0
762
0
0
195
0
0
0
0
0
0
0
0
0
-610
0
0
0
266
0
-1651
0
0
960
0
254
-1864
0
0
0
-798
0
0
744
0
3579
-77
0
-1152
0
0
0
-2267
0
498
-832
135
-800
-274
-134
0
0
0
-1263
-262
-128
0
0
-45
240
0
0
203
669
0
127
0
0
1416
0
0
510
0
-119
0
0
0
0
0
0
-3841
0
162
0
823
91
0
-1636
0
762
1188
0
0
254
2784
0
0
-244
12
909
-640
0
-1378
0
0
0
-989
-205
-30
-11653
-1363
0
1972
-335
0
0
-1700
-8739
-126
0
0
0
0
0
0
0
-204
949
0
-8
0
0
550
0
10
-315
0
-1321
0
0
0
245
-323
0
-6531
0
1269
0
38
40
0
-3004
-350
1270
2982
0
0
0
3277
0
0
-237
0
2730
-3049
0
405
0
0
0
-2742
-363
-135
-11867
-1790
0
2794
0
0
0
-1905
-5842
0
0
0
0
0
96
0
0
0
1998
0
889
0
0
47
0
0
408
0
756
0
0
0
-762
0
0
4953
0
540
0
990
0
0
-496
-127
0
0
0
0
0
-1440
0
0
0
0
4572
-126
0
-1728
0
0
0
-210
54
0
-2303
-448
0
-118
-1389
0
0
8
-8039
-210
209
0
0
0
-477
0
0
-17
48
0
120
0
0
141
0
0
0
0
0
0
0
0
0
2370
0
0
0
1980
0
858
0
0
-4420
0
-118
2032
0
0
0
606
0
0
-282
0
1870
-1452
0
1296
0
0
0
-6564
0
5
-6341
-3024
-720
2794
0
0
0
-1905
-5842
0
0
0
0
0
96
0
0
0
1998
0
889
0
0
47
0
0
408
0
756
0
0
0
-762
0
0
4953
0
540
0
990
0
0
-496
-127
0
0
0
0
0
-1440
0
0
0
0
4572
-126
0
-1728
0
0
0
-210
54
0
-2303
-448
0
1424
-927
0
0
1762
-9627
302
-52
0
0
0
-364
0
-352
-283
-265
0
1290
0
127
916
0
0
-582
0
-306
0
0
0
-172
-340
0
-1467
0
-34
0
-2002
-127
0
-1804
50
254
1389
-160
0
0
3738
0
-102
344
33
3792
648
0
-544
0
0
0
-5157
-408
-195
-4057
-1782
-1340
1169
98
0
0
-1753
-6193
336
0
0
0
0
-909
0
-508
-387
963
0
863
0
8
64
0
0
-1615
0
-2800
0
0
0
-1118
0
0
3875
0
-62
-220
-3418
189
0
656
488
0
-1473
45
0
0
366
0
93
372
0
5981
2353
0
-812
0
0
0
-1735
-1476
0
-329
-428
-900
600
-168
0
0
36
-78
1206
2938
0
0
0
-96
0
0
-235
666
0
-294
0
0
1049
0
0
0
0
324
0
0
0
0
3230
0
3429
0
1113
0
-2139
-13
0
-368
0
296
-4894
-34
0
0
-1667
0
0
982
-54
1869
54
0
-836
0
0
0
-4635
36
819
-4056
-4868
-192
-1604
-1033
0
0
-5216
-1912
-81
161
0
0
-81
-16
0
-1026
-102
1225
0
2091
0
146
-242
0
0
488
0
-385
0
0
0
-232
-311
0
-1977
0
-3210
0
-1484
0
0
-1219
-752
-168
-1858
196
0
0
4744
0
88
-57
26
1446
-1005
0
-6083
0
0
0
-5818
-591
641
-10469
355
-268
-901
280
0
0
-1042
-11330
888
2921
0
0
138
560
0
-1305
70
367
0
-2507
0
-50
1192
0
0
1606
0
973
0
0
45
786
2615
0
-750
0
-879
-185
-2896
105
0
591
232
-178
-3730
182
108
0
3576
0
-127
1227
-62
5181
-225
0
4343
0
0
0
-7017
-774
831
-6651
-2709
-1680
-3857
0
0
0
1431
-13674
1325
276
0
0
33
240
0
0
-369
1456
0
90
0
0
960
0
0
668
0
1483
0
0
-66
-1162
-322
0
3116
0
155
-410
-2093
-39
0
2766
-281
437
-4300
18
21
0
5693
0
0
1354
66
6633
-1269
0
-5811
0
0
0
-3940
-807
375
-4091
-1106
0
2012
0
0
0
-2195
-5795
0
0
0
0
0
96
0
0
0
1692
0
879
0
0
47
0
0
-354
0
-774
0
0
0
-786
0
0
2888
0
540
0
-11
0
0
-496
706
-567
0
0
0
0
-764
0
0
0
0
5132
2289
0
704
0
0
0
-1120
-456
0
-704
-448
0
636
-402
0
0
0
-2528
-891
81
0
0
-54
0
0
0
51
0
0
0
0
0
313
0
0
0
0
-165
0
0
0
0
325
0
-2511
0
-2921
0
-628
24
0
-4962
0
-390
2028
-127
0
0
1946
0
0
-1078
40
-681
80
0
-144
0
0
0
-2612
-244
63
-8131
-3947
0
-1564
132
0
0
0
-6854
1209
3654
0
0
92
0
0
0
-6
354
0
0
0
0
-192
0
0
0
0
-279
0
0
0
0
-485
0
-3375
0
1447
0
-1774
40
0
1929
0
587
-4053
52
0
0
3637
0
0
230
6
2962
-1016
0
576
0
0
0
-7609
-200
1656
-6575
-5956
0
2065
-1660
0
0
-4190
-3285
-599
-598
0
0
162
-1398
0
-776
-24
649
0
1100
0
-275
1158
0
0
-630
0
0
0
0
0
140
1016
0
-2280
0
-3883
0
1111
0
28
-4340
-758
-580
920
-114
0
0
254
0
-490
-1182
24
640
-3027
0
328
0
0
0
-2054
-5
342
-9773
240
-2844
-2998
-456
0
0
-38
-7556
176
500
0
0
-229
-1952
0
-541
-247
-80
13
-1713
0
-215
186
-381
0
-711
0
-1540
127
0
77
500
701
0
-6132
0
-2166
547
175
72
59
1208
-519
-808
-3185
259
21
-224
3777
-156
-342
-1456
-108
2261
-2210
0
-1830
0
0
0
-9822
-2029
2508
-12490
-2066
282
-284
120
0
0
2927
-10250
1722
2891
0
0
718
-930
0
-889
-72
1740
-98
-220
0
0
318
87
0
-897
0
-1734
55
0
-127
848
608
0
-4385
0
698
460
1774
120
103
153
-429
1588
-3418
100
198
-184
5459
-128
440
-590
254
3561
-2827
0
948
0
0
0
-6427
-1070
2077
-9378
-1875
-390
1714
42
0
0
-3371
-7212
354
108
0
0
132
-632
0
0
27
1566
12
269
0
0
900
168
0
-13
0
2691
32
0
-26
-476
-449
0
-1942
0
-439
357
1239
273
72
1411
-1060
-1476
-2993
0
381
-172
1120
76
372
-147
0
3142
-960
0
-4553
0
0
0
-2566
-2463
1135
-9773
-374
0
2794
0
0
0
-1905
-5842
0
0
0
0
0
96
0
0
0
1998
0
889
0
0
47
0
0
408
0
756
0
0
0
-762
0
0
4953
0
540
0
990
0
0
-496
-127
0
0
0
0
0
-1440
0
0
0
0
4572
-126
0
-1728
0
0
0
-210
54
0
-2303
-448
0
1111
-360
0
0
0
-7910
-555
664
0
0
-90
0
0
0
-93
0
0
0
0
0
132
0
0
0
0
0
0
0
0
0
-55
0
0
0
1513
0
474
0
0
-4931
0
43
3874
28
0
0
1697
0
0
-951
0
2147
0
0
0
0
0
0
-5710
0
-321
-11009
-5626
0
-214
-1551
0
0
-24
-2503
-339
433
0
0
1038
742
0
-52
508
-306
-127
551
0
21
878
-57
0
-272
0
-714
-9
0
39
-18
1708
0
-2426
0
-1432
-74
-2472
0
-167
-3488
-269
-948
3232
56
162
-34
2495
-300
368
-523
12
1377
390
0
-1121
0
0
0
-5306
-862
-681
-10118
-2464
178
-765
63
-812
0
2466
-396
110
-289
-4136
-3648
-595
1244
96
161
-16
0
130
-730
0
0
1504
-1223
-2356
18
116
-3365
4776
352
776
-105
4691
2232
-3324
-2413
1103
-164
-544
1638
-151
845
411
-1028
-23
-1026
327
254
2276
-1183
-3012
-552
24
-1239
-23
-68
432
-762
0
-1287
-6461
-620
1632
-11866
-1722
-260
2714
-432
0
0
-1905
-4252
-380
0
0
0
635
-224
0
-14
0
1998
0
595
0
0
-71
0
0
408
0
756
0
0
0
-762
1651
0
4953
0
-708
0
990
0
-33
-1504
-127
-60
0
0
0
0
-1568
0
40
0
0
3682
-126
0
-1728
0
0
0
245
54
-225
-4967
-487
-156
0
-180
3683
0
-3429
-1537
-102
-180
11562
6096
-960
-384
-780
0
0
0
-140
-21
0
0
990
542
7874
-38
-2900
2160
-1913
-5588
-2032
-1397
-889
-2286
0
2166
-810
154
310
-338
35
16
-3175
7738
375
1768
0
-64
-160
-1024
2456
0
0
195
-105
2312
-1344
336
0
234
-1020
0
-130
-1459
0
0
2032
-402
0
0
0
-4191
-210
209
0
0
0
0
0
0
-17
0
0
0
0
0
141
0
0
0
0
0
0
0
0
0
-190
0
0
0
2484
0
858
0
0
-3100
0
0
3103
0
0
0
-1760
0
0
-282
0
1778
0
0
0
0
0
0
-630
0
-135
-2021
-3024
0
