18935
-11185
4093
-20754
24389
8282
9320
6358
24112
8126
13293
-28061
-4516
-12629
-11576
6855
-1359
16949
10984
14017
-15410
21240
-13033
-16792
8233
-16210
6756
1869
-13482
19193
1391
-5832
-14371
9829
-3033
42263
30920
26498
-6558
-12765
-8761
-9698
850
5639
-4474
25624
11211
3320
8968
-13173
-7754
-18731
2378
-21845
11218
-5904
13285
11446
4431
10414
-8392
-11486
-37958
-9541
17695
-9973
20859
-10497
-5844
1746
1581
-3901
-7004
-5822
-5558
-3588
9728
5239
-9101
14750
-1699
7327
8768
11155
-6544
-7623
11535
3008
-4559
-21990
27405
697
-996
-17106
11240
-14361
23210
-8176
1697
-25899
1552
-11475
-5435
-6172
-42102
-6037
21923
13379
13308
970
-1221
10280
-812
-3629
-15415
3092
-2831
2111
6880
-17681
31149
41456
-3086
-9795
-2754
6290
-24555
-396
2631
9430
-11631
-9169
2597
-1912
13895
440
-29193
2670
20707
-9933
-9663
-1185
1051
9252
-15719
26437
2894
6470
-10411
11231
-23806
12196
32508
-16505
-19847
19471
7297
21441
-10393
-8940
377
-2345
17733
1450
-1015
-8006
-10345
23173
-10402
-27571
-13650
-709
-12934
17578
17692
10110
-130
-6899
-18070
-9148
2126
-19425
-734
-20400
6062
12685
10135
12245
-16429
-2426
-11706
-13671
-229
-10347
10307
-19398
-9752
-1334
-23579
10464
-600
950
-9477
-4876
-4356
2503
18945
3181
-7240
-15419
18832
26295
14339
-15782
12082
6621
-8828
-13037
5747
2403
12972
5395
-20849
-662
-26947
-12104
1715
-25812
14869
-12130
16344
14457
10452
16251
8717
-7098
6316
8646
-5593
-9353
-6778
3261
-28837
-10177
429
22781
-10400
3619
21416
9934
-13200
23865
-8533
-14583
-13714
-2077
-12334
-6565
-13472
-2360
15609
-9412
-8048
-3470
33159
5103
11249
7426
5045
-2966
-3402
11763
-19951
869
4300
-2774
20898
13288
-2938
-12736
-3230
-9729
3767
-3957
14203
11416
14946
24023
3646
20508
-9751
6949
-9658
17616
3900
5392
8016
11361
2136
12868
1720
-9367
-21644
6971
7755
2581
-7007
3424
-1178
4071
19059
35475
8
4329
1266
19088
-2625
14171
-11272
11512
12676
15199
15897
12329
13082
-4966
7819
3770
-14669
-12343
-403
19873
8498
16512
-13985
11947
11697
-2498
-4051
-11567
-23106
-3558
9279
-15806
707
-2570
18912
15388
-20358
-19494
-4641
-10122
13367
-1913
-7474
-6581
6050
6317
-4082
-20768
-14927
6499
-432
8163
-2228
-7902
34566
16051
-13281
9159
22465
-2095
10121
-19928
-17193
-7852
3528
14472
12474
-945
-5383
21376
5579
-18836
-564
-5262
-21537
-10064
19469
-586
5410
2793
38901
11895
12799
13786
4146
-10366
-790
8925
-19718
12275
6493
3789
24482
24795
-9283
-10668
7984
-14851
-1842
-1103
13380
20002
15241
29533
-333
29421
-7369
23419
-1397
25609
-2778
7866
6786
-7403
4251
19867
-632
-5933
-10762
16403
7596
-1965
-3113
8732
5030
-3737
33846
42750
9656
7427
-1554
25152
-608
23058
-16582
10019
28276
8519
17115
9771
5867
-5741
5399
-5348
-22578
-12707
-10674
18489
18305
17188
-22198
17253
20886
-9937
-1705
-5624
-29659
-16259
12181
-21335
580
-4403
22752
14950
-24063
-22075
-10290
-10033
22623
-2298
-10168
-16792
3535
6589
-12460
-4701
-15081
2271
8512
10601
2352
-6790
32688
17836
-17048
6279
16293
-2829
6858
-5478
-9025
-17389
14611
32910
8941
-7411
-4117
17606
3744
-23065
6344
-2713
-4346
12388
15202
13468
-14665
-3477
21960
-3326
35682
7166
-2590
23371
-17249
4554
-21883
151
23747
3388
7161
14318
-10396
-8368
16604
2365
21834
-4462
13238
20110
1160
6747
3408
12590
-11273
8462
6460
5770
-10374
-7555
-12331
9570
8673
-10779
-17431
-1365
-10359
2435
-12989
6685
-12750
-4984
-5723
23079
20761
27540
4642
11791
33003
29744
-10500
-210
-30366
8754
1906
-1279
38821
20036
11604
11554
31480
1828
-3912
-5597
-18354
9966
464
22050
-18925
16977
13677
-12280
-10631
18665
-22047
-5625
4494
-17425
-4243
-851
-1264
22218
-17562
-15566
-4647
-368
24630
6622
-10178
23122
4819
3916
-104
-37628
-13582
-3308
-12
8493
-3928
-9583
2802
-3064
12115
-3381
20189
4528
26099
-37765
-21779
10081
30334
-11287
12051
-2606
947
8148
-4798
-15876
-4721
-6077
11462
-9632
31808
15747
7943
2923
19444
7495
-15947
-26301
-242
-28948
7443
394
3074
37858
11083
4199
-33
21347
25264
-4615
-8036
-24197
17284
-13437
20097
-22785
15442
10966
-20633
5976
3239
39725
-20631
28138
-25256
-7834
-5736
-13016
-28780
-22360
-19157
18596
-10194
15493
-12420
-18275
-9554
-12168
-13428
-24745
7496
-4312
-11629
-15842
-11589
14865
-12310
4120
-5518
4482
22265
-5737
-4169
-2816
24750
5382
-10022
3777
2021
10096
36145
6522
9496
20394
618
-3670
28331
14963
26511
-39743
-10076
-18209
10114
7627
43463
11362
-1611
-22167
-5579
-6806
-4103
11525
-14976
9772
-2732
-20281
17852
2719
-757
15074
-12733
-9248
14679
6541
1335
-4923
6024
10958
-1477
-14413
-13521
5661
-42032
2795
5067
-27242
1304
24083
-18577
9331
10291
35585
-18553
11331
8953
-7023
15703
-1470
13276
32285
27107
-2713
-31256
12059
-13688
-5233
-9935
-3595
-11088
-11375
-14599
26102
12556
17330
6270
18683
-3329
7370
29806
-16053
4088
16919
16073
-15196
657
-20936
-111
-4879
24528
30887
-12135
24115
-16624
-8408
-15726
-32574
-16770
-21508
-21380
27943
25398
10
897
-4747
-16644
-11048
2480
-13271
-21825
-14556
-18051
-12398
9619
19170
-22855
-5664
7666
-363
17703
4513
12330
-12406
5774
8546
-20333
18619
9346
11237
9117
9198
4177
23996
32739
-11990
6256
5583
27748
-1292
25923
-13924
18798
29480
45298
-3988
2459
447
1291
15444
-3994
134
-23622
876
10982
-8437
2412
-13185
1396
20146
1522
-10946
29977
5023
14243
14575
4117
-7839
21168
6815
-15219
-4144
-19892
19033
-516
9187
26504
9977
-11742
16610
3697
-8129
-17275
-7374
-25232
4055
-11146
6479
14926
1725
7394
-15737
19393
3508
-12715
12939
-4878
-4107
4813
-4601
-25767
16361
-9823
-13775
12671
20340
-8538
-3248
1986
-6533
-5031
10023
32855
-5191
13517
25277
-4701
19338
15887
2044
-20895
9107
-7103
17739
10333
-6136
-18785
4893
-10714
-13777
-18446
7031
1490
1755
-14452
4740
-1874
2748
9402
21979
-11694
-3170
-11569
21389
5519
18356
15700
12416
4505
17331
7708
3378
13919
250
-6844
11602
-7530
-3041
11222
15311
10493
14762
-8657
2800
11329
-5829
14438
-7127
-13592
-12175
13134
-567
15092
5117
515
14832
-1468
-7715
-14272
1259
-9220
-8492
-4237
-7148
12913
6215
6539
12118
-2599
11864
9671
4663
10516
9429
32532
9061
-9215
13905
9709
-5503
-4169
-15721
-14495
5458
-8475
-1131
8661
17957
2033
12554
2649
-20409
-23992
2680
-13209
-812
5487
1131
4494
-11042
21556
-3788
-6344
6264
-7275
-25003
2115
-6346
-13152
22171
-7795
-17500
12958
21433
12656
3277
3290
-9514
-13299
21349
23165
-4438
10403
38266
-11001
20237
13658
17473
-29084
12474
-2408
22037
2264
-14952
-17123
-4988
1468
-11157
-11530
14409
5816
-6096
-8549
6168
3614
-1249
18283
19531
-5850
-715
-6815
11672
-1281
22583
9765
5291
9543
16890
2815
1114
-2001
-12362
-23560
10801
-7330
14108
9371
5153
11813
10043
-7641
7233
22479
-15573
12125
-18572
4534
-16518
14641
-12735
2909
2960
6607
11218
1971
-6032
-16680
2521
-24038
-6403
-5245
-6205
7920
7555
-3451
17624
8965
4696
7629
-2696
2349
524
26356
4829
627
11199
6534
-8416
-13955
10775
-9330
-9245
-9783
15775
797
8129
-12855
9824
18900
-8855
7835
10622
-1967
10772
23929
16197
21900
312
229
-598
-5877
-409
-4277
34860
-18255
-14483
-9636
15957
-877
13382
22733
3550
-18919
-9039
24302
-268
15887
-7590
6027
-12561
-19118
618
17604
-5877
-15730
11965
-2167
12960
-17141
-12535
-9305
-12477
6557
-3454
-6877
6319
-14595
-13480
-15882
633
-17935
-12296
-6817
24592
9170
15037
-13753
-3710
28669
19283
-12983
2539
6067
17086
5423
-8403
33299
9349
9595
8681
6008
299
-6610
3195
7075
10431
-8821
21320
-15840
-2704
16198
-10488
-4827
2538
-18476
-12169
4785
-8487
21963
-135
8358
2923
-8478
-11803
-1931
12509
-1155
4073
-12243
23998
-2261
-5538
10858
-24273
-21799
-10904
-7060
15195
-4587
-11136
-15042
5833
31215
-10400
28018
2595
21998
-22636
-9422
17646
25852
-2901
-7717
-11436
-3047
-13382
-9851
-4941
10454
-18416
-2942
-18804
13042
8459
-12850
3391
12335
3781
-15998
-4230
10456
-18730
-3246
-11288
-13163
4021
13578
11556
-1965
5887
10936
-2322
5500
-13295
5064
-4576
4592
-16086
15850
-635
-10423
-2149
3358
30899
1947
14481
-11587
-10784
3779
-3027
-5138
-20477
-14203
16301
-2782
16121
4104
-3717
3019
8391
2118
-23868
-604
-19260
-11480
-6895
-3541
6742
-15637
-8489
3254
4013
10218
-1632
899
-4446
12717
-337
2016
1888
14520
5623
8016
1996
11618
12999
-7435
-13095
18995
4438
7428
-18499
-7898
-4477
9349
-8005
16677
14023
6118
-4392
-22814
-3991
1781
-11357
-1983
1776
-2619
-21597
-8907
4193
-14895
487
-5098
5045
14609
8172
3433
-2846
7980
-4900
-8296
-3462
-3894
1431
-23596
9282
13188
-26378
5921
13435
-4521
-7854
6721
25924
-641
-12747
29264
-18896
16904
-3047
6610
14194
29724
7864
-39721
5295
-13727
9178
-8631
14537
-25626
5099
-8146
29294
10565
24367
15367
-1292
-10029
-7639
37035
-21507
1450
19904
408
-13647
-8759
-29596
18566
-23143
15795
29630
-10467
24429
-14775
-9266
-16118
-29539
-10309
-9831
-13363
30883
25195
-5568
6082
-106
-4841
-8854
15078
-8621
-39440
-11559
-5659
-14241
14767
11585
-31798
-6143
1771
-1089
36217
7513
20790
-13982
7132
16298
-16409
17200
-3282
10622
10214
4732
1319
13812
27720
-8364
-645
3669
18475
-4141
27457
-10805
31620
22385
27971
-8066
16898
3908
-8786
25662
2320
-10019
-25889
5709
-1240
-6661
5270
-25059
-2518
1912
-6101
-12287
25615
2865
7768
10699
9485
-7026
15590
15661
-3803
2777
-1040
20826
-1762
16261
36510
13681
-14206
14133
-5432
-10696
-24605
-4406
13150
-12237
-3222
-11811
20718
-25707
12438
5588
29638
25041
21821
-7357
12344
-16405
-12403
27396
-11229
26159
11988
8466
11968
4479
-12737
-10080
-13812
-23677
6396
-8906
4566
24412
-6902
5825
-1908
19919
-9161
13155
-15023
22303
-12865
11638
-8850
-20118
-2782
23749
1532
18409
-2809
-5345
-3267
-5381
-13548
-5656
-2271
-3366
19177
29941
14324
6319
-5776
20053
-12538
21280
-25679
-6614
16039
-11402
3134
-3419
-6352
8361
9244
-6105
-32092
3250
-1048
9206
4865
2511
-17860
25477
3265
322
-2517
-11165
-16473
-15547
11026
-3221
8677
-28497
18521
-4185
-16285
-1328
-8736
-2793
20452
12575
-4841
-15337
21612
-12740
-9072
164
-40914
-12335
2183
20309
-4050
-7157
15025
26228
-8267
-2158
-7136
10113
2433
42
-360
-29880
6928
38441
-12572
7410
-11440
15430
-19145
-8581
-4677
-5611
-8688
-9818
-2571
-8691
-3926
-11039
4015
-3758
-3533
-3121
12672
-26834
-9533
2864
5063
5319
303
-5298
23017
-3161
33298
-12402
-7993
-4320
-3586
-5035
1910
-15491
-1149
20121
2184
-2003
-20874
22833
-22594
4969
4367
-3066
-13867
-5894
-2324
-14426
18027
-15335
-16189
578
-11656
-9383
7680
5370
-4361
-2242
3590
9635
-3582
-13125
2461
602
-9788
12465
-9244
2131
18583
-2767
-7639
-4767
-8162
-12945
-19650
-9307
-6526
27614
14800
-1166
-14391
9114
-18192
-984
27719
-15246
-9869
-39729
7863
-6302
1562
-30869
154
15558
-1501
-6116
-12570
-3437
-11228
1871
-17584
4811
-6352
8865
-2751
-2439
-14222
-1567
936
-12753
-17917
-7808
-26329
-23034
4326
3702
15182
-4217
12606
-2321
-27474
24217
13503
-31622
-7476
18431
-15651
-21449
-12620
1814
26185
-4943
5049
5944
4921
24325
28694
24241
-3952
-421
17984
2943
36772
21424
5240
51537
-9350
20765
-6600
4656
26796
9162
20825
25885
-13954
-29213
21247
13245
32026
-20214
15600
16771
4644
5563
12016
8348
-29008
5461
12777
4529
-6167
-17834
-13868
11157
11956
-65
-5189
-26189
2492
-18769
-32555
-1355
-7931
-17220
-16865
43424
21830
67435
16141
-1286
42010
30144
6628
10445
-44536
18731
20742
-9336
56100
19395
23974
19824
28361
-5622
-30338
-21075
-16160
21840
-13947
35817
-20446
22726
18848
-14234
-10408
17513
-31721
-7561
2649
-11363
-814
3692
-15485
24629
-17440
-26309
-19915
7810
42218
298
-6984
51048
17797
1217
9419
-37240
-20708
-17093
-20647
3151
-7547
-14889
3044
8368
15086
-9267
25107
4755
36434
-54430
-18356
30142
36833
-11776
23266
-17472
7706
-6588
-20377
-7396
467
-12318
21555
655
16166
23263
10393
-2312
-13603
14734
2031
7733
-4873
-4554
-11668
-3426
-10248
23421
17764
6989
-637
21416
14443
-3456
13690
-11776
17919
11616
17839
-13917
5452
-3673
-7640
-4749
13383
23053
-21584
17586
-20934
-18835
-15891
-16821
-20195
-29451
-23892
14192
11048
9882
-5129
-524
-10406
-121
2760
-5782
-14215
-2352
-16406
-20917
4022
12402
-15529
-4866
-9473
4344
23587
14631
16583
5032
20491
8051
-9863
19678
3000
3555
17504
11149
9138
22430
17881
-8294
15385
9275
17152
-14562
8891
-10877
18669
16939
39040
6947
-8940
-344
-6181
8783
-2775
423
-22986
12406
-5499
-1380
11207
-8730
4502
-1783
7054
-10844
16975
924
3045
3834
17764
-9330
12436
7332
2194
3903
-18346
-2636
-9165
2189
19610
-4536
3047
23229
19618
13389
-19927
-3226
457
-4896
-9
-7541
14413
-13158
-3296
-3548
12762
10107
6778
-813
2483
-14210
-9702
4624
-3970
21497
9366
-14226
-14789
-8561
5054
-16960
-9281
-7185
6812
-1912
-9956
-6200
-1164
24483
-14062
920
-6687
11370
-14673
4065
-19597
-4175
-11886
-14632
-9400
-15025
-3900
-1574
-5326
-106
-6829
-7412
-11561
-4659
-4995
2964
9220
6959
-6222
-8796
-3292
-2827
2673
1508
-7894
1749
867
1292
2278
679
6566
2190
-6861
-66
-12707
17892
15417
3441
-6633
6438
-8380
1725
15817
-3457
817
-9584
-4572
-14893
10499
-1248
-5045
7860
-15636
-4982
-5160
-2196
-8735
-1460
-10430
-5500
5219
5882
15495
-1577
-1155
-7189
-22175
-10138
-9958
-1757
-10940
-7626
4397
6236
5155
-359
10157
2381
-14231
1699
435
-18659
-8047
245
671
10134
8966
17303
-4782
-199
-17725
-1594
-9560
1411
-14867
44792
5285
-11618
-21888
22663
36940
1392
4937
-16711
-34753
-24632
-28930
-6488
15292
20587
33229
25765
23409
8293
28476
4645
-2893
10832
31741
13980
-7185
-24326
1204
42780
-1686
26407
-20513
18733
4474
-17753
-44600
-14008
4832
-27757
-3855
14288
-5574
-1264
-20264
-1419
-16781
14720
1845
7303
7392
-2790
-38202
-2933
35060
32192
-31992
-5515
-8010
-2024
-4622
2971
5301
2304
-18490
-7355
-1258
-1562
26366
34216
-2851
8582
940
27434
-3999
-7752
21708
-11477
-3273
-7203
17879
-1297
-23972
-11220
55769
5492
-477
11155
-14337
-1093
-15684
6323
954
22072
-1374
21581
-20131
-10289
-12244
8970
10227
-27779
3291
-2608
-12639
-10346
-5207
-11984
62062
-5434
6677
-11261
-16789
4496
20358
-16923
37345
11769
-12189
-13064
3965
-18333
22987
-21090
