-1199
-6860
-1721
761
2106
-2550
-1362
-644
2845
759
4
601
-1529
-4032
-2090
472
-5297
-5555
-2274
-1070
2070
215
-2914
3307
2767
2359
502
1473
3100
-8914
189
2968
-4464
-3693
-8772
5021
-3667
-4055
-2340
2152
-8717
3616
3933
4827
-470
-11622
9131
350
5913
-8309
2832
-7047
237
4007
-2564
4659
3633
-1603
-2367
-725
-1512
-6179
-347
2171
952
-5773
2343
-1438
1385
-3605
-233
7239
1343
-706
1091
20
1244
-6752
3196
-435
3297
-11162
3173
-3210
2279
-908
-4836
7079
9140
-4210
-857
-451
-455
-6308
-1997
-70
1975
-6599
1419
176
-2670
-10071
529
4056
2945
-2928
135
-174
-6510
-5619
10403
-3751
-4819
-1305
-2178
-1032
-1283
-4487
-790
-1040
-3525
1105
-2788
2723
-2392
-5154
-232
872
-5660
-5475
29
-502
1658
-2146
-1636
1903
2793
782
-937
113
644
-5653
-2621
1683
-4318
-2370
-2615
573
1595
-2059
-1471
680
807
4331
1267
2389
908
-5520
4549
1515
-4224
-45
-1454
-1059
293
-4491
-994
-2709
956
1274
-3381
2801
-1937
-4863
-140
838
-3627
-639
884
1054
802
-2829
770
-954
552
3968
-2030
-117
417
-3312
3719
-795
-9009
-9569
-1131
-520
9546
-987
-5475
4721
7822
190
702
1250
3193
-12723
-8902
-810
-4731
-2256
-2335
2444
1057
-1440
-2133
329
-939
3837
1352
3270
5216
-5546
4410
2981
-2891
-1381
144
1291
270
-2860
447
2361
1457
5276
1047
2078
2044
-6990
8914
-1480
-3120
-2366
-3285
-4604
1697
-2066
-357
2328
5027
3875
-2345
2068
-2668
-8543
5553
-438
-2371
-91
-2101
-2733
499
-4248
644
-2036
2163
3350
-2821
1758
-3444
-4240
2292
-266
-1463
-9291
2331
390
5014
-640
-4068
5624
5236
424
-4191
408
1952
-11995
-6691
-955
-1495
-2166
-267
-1960
2908
-5832
-1804
2773
2013
2031
-659
3372
-1434
-4313
6048
-375
-403
75
-3332
-2436
1364
-3707
-186
-924
2005
3556
-215
1819
-2425
-4506
4118
-652
-3732
-2624
-1953
-1075
2129
-3567
-1698
246
1798
3807
205
851
-468
-4480
2896
-135
-171
-10692
4577
-5118
-4542
-6866
614
6621
7700
2296
-2121
-5214
-3589
-7352
5800
-4706
2278
-3858
2444
-5594
-419
-3749
257
3048
5822
3283
-3979
-919
-3447
-11082
4583
-2721
-3953
-3566
866
2179
3301
-2660
-1417
1532
2087
-5293
-143
1344
-355
-1893
-2048
445
-1699
-4473
-3280
4528
61
-5867
-835
-716
-733
812
2425
2765
-1285
-4321
6249
-297
-8774
-8414
939
1691
-945
-1130
-2862
951
-1524
-775
6873
-2318
4313
-6173
3784
1240
-1299
-1874
-1984
-2245
707
-1604
-1042
651
953
3216
-448
1049
-1872
-5773
4233
-317
-4976
-1155
-2733
2070
1175
-2859
-1274
-358
-583
1788
2957
2391
-131
-3698
5334
1003
-1925
-1826
-2202
-2648
1730
-4025
-476
-842
2596
3597
-662
978
-2030
-4497
2733
-327
-5601
-7587
2436
-2754
503
-4572
-2326
4109
5252
92
-1666
-1222
-1156
-8690
-544
-1654
-62
722
227
1401
1085
4945
-2661
2244
-3129
4003
-3939
5572
-14
-14749
3858
-2582
-6263
1517
1071
-2502
814
-2328
1796
-1149
3516
3025
24
710
-2427
-6967
3503
-44
-2276
-2412
-2228
-1713
-114
-4994
-692
671
2868
4220
1654
708
-1525
-6066
6091
-1558
-3768
-5393
-1664
1210
-939
-4072
-1289
-483
2791
690
941
539
-1719
-3474
3558
-583
-4991
-7539
-4723
2452
-3311
-5594
-674
-1491
-3771
882
172
1608
-2596
-6345
2852
-20
-6280
-1665
-3811
-1541
314
356
-777
2648
1724
5608
172
3111
348
-7230
5084
2160
-4325
-3676
-391
-2656
379
-2638
626
4331
3584
3674
-2087
496
-1467
-6641
3592
-927
-3083
-2638
-295
-2272
-387
-6245
267
404
3346
1419
-3033
1291
-4014
-5041
3364
-1161
-3040
-1529
790
-2640
-2153
-5857
378
928
1046
545
-3561
1520
-4277
-4739
3226
-374
-3170
-1064
-3999
-2529
1050
-1926
453
-626
3234
6040
-585
2322
-1421
-6601
4961
-545
-1482
-2771
-1988
-398
540
-4410
116
-1842
1371
2513
1183
-235
-1986
-2789
3080
-1072
-3170
-1064
-3999
-2529
1050
-1926
453
-626
3234
6040
-585
2322
-1421
-6601
4961
-545
-4866
-5924
-990
3842
-6065
-4540
3088
-185
2877
1059
-342
-2538
-3669
-2072
5926
-1173
-1163
-4783
-4262
486
1486
-2769
-3008
2114
-857
1151
1123
2236
225
-7446
2142
-295
-3113
-3933
-2406
-808
-981
-2304
-1345
2213
-1878
2479
-1063
-521
-2053
-6354
3516
-548
-5684
-5599
-919
-528
3900
-2984
-2023
5232
6813
-734
-221
1398
-1430
-7982
-3397
356
-1175
-7552
-3701
4483
-1211
-3043
-2848
2148
-2935
-1109
1771
2220
52
-9473
304
-938
-5354
-3611
-796
3344
3928
2879
452
2528
-2673
-1633
1763
2682
2029
-5594
-554
3937
-4678
-9
-3561
1770
1531
-2439
-511
2062
-158
6655
1718
3802
1888
-6935
7680
312
1269
-6860
-103
-916
-62
-7893
-257
3071
6391
-1371
-1155
-434
-4332
-5753
3871
-2206
418
-3570
-1194
-259
-1556
-3969
-859
3530
760
-28
682
-186
-2603
-8031
8344
-1769
-6129
-5270
934
3060
2773
-3968
-710
-879
1789
984
2100
782
2216
-4478
-1727
-1322
1100
-1564
-5242
269
5023
3745
-1320
275
973
-1176
-3251
3991
2040
-8927
385
3160
254
-4344
-4727
-11
-3997
-2702
-496
1298
-6465
-716
-3935
2838
-563
-6660
2516
-613
-485
-2645
-2384
-1105
460
-2206
894
1630
1091
2638
-2600
1390
-937
-3824
3717
360
-3170
-1064
-3999
-2529
1050
-1926
453
-626
3234
6040
-585
2322
-1421
-6601
4961
-545
-2345
1434
-525
-3384
50
-3917
-412
-968
823
1090
-3686
1698
-3497
-3127
1954
898
-3133
-2583
3217
-4455
-2089
-4914
-65
1657
1173
752
-2382
-1132
-2876
-5656
1866
-853
-7240
-14225
-3965
19388
-13811
-7444
5453
-12114
697
-11399
8615
-2571
2321
-2085
-2417
-2085
-1560
-2565
-2551
-3870
-502
-1079
439
517
1973
4878
-1795
481
-2336
-7271
4016
-1082
-10754
700
4177
-492
-4240
-2784
-2462
8233
-4585
-8845
-6305
6575
1202
-10092
3572
2262
-2276
-2412
-2228
-1713
-114
-4994
-692
671
2868
4220
1654
708
-1525
-6066
6091
-1558
