-19
-23
-5
8
-1
9
-4
6
10
-6
24
5
-6
-3
9
16
10
12
9
5
1
17
-2
-9
0
8
7
-9
-3
-2
13
-15
11
-1
-1
-8
-5
-4
-7
5
1
20
3
-9
-9
4
18
19
-8
6
-2
4
-4
1
1
11
9
-8
12
0
-11
0
-10
12
3
7
2
-6
1
3
5
-18
9
-2
-1
-4
8
-11
5
8
-7
2
6
5
-1
-7
-1
3
-6
-7
-12
-18
-7
15
-5
-4
3
10
-5
11
8
11
-13
-4
13
-6
-15
2
0
12
13
12
-2
-4
16
-4
-2
1
-5
-1
-5
4
4
1
4
-4
-3
-20
7
4
-1
-6
7
17
-11
-8
16
19
-3
-14
5
17
-4
-8
-15
-2
0
-2
-8
1
7
11
12
-23
25
9
6
-8
15
14
17
15
2
0
4
19
-6
-18
5
-6
-9
-10
6
-13
3
10
-2
6
17
3
-3
-4
-8
3
-6
10
-1
-20
-11
5
9
13
14
13
-12
5
0
-1
-10
-4
1
-7
-11
-3
6
-7
-15
18
7
1
18
-11
14
-15
3
-7
3
4
2
-6
6
-6
2
-15
2
3
8
20
-6
9
-4
-4
11
-19
-10
-12
11
10
-9
-15
-3
1
1
17
6
2
-3
-6
11
6
-11
10
-6
18
9
-2
-8
-1
12
0
-11
0
-8
-6
-6
4
-1
8
3
-6
2
-2
-2
-2
0
0
21
14
-3
-14
-3
9
6
-4
1
6
-8
6
2
24
15
-13
-2
-17
9
7
13
-13
12
9
-9
-6
10
1
4
-2
-8
-9
9
6
-9
-16
3
-17
-16
1
10
-22
-11
13
-18
15
9
11
9
8
-4
-16
-6
1
-2
-5
9
7
-3
10
-8
-7
-13
19
-3
3
-16
4
15
-13
2
3
-12
-1
2
10
8
2
14
0
-1
6
4
-7
-8
21
10
-7
4
6
14
-24
14
14
-18
-3
-2
1
1
14
9
7
-7
-17
-3
19
18
-3
4
15
-3
17
-11
6
6
7
22
-12
0
-2
-14
11
10
13
-6
8
1
-5
-15
-3
0
-24
-8
2
-4
-4
14
-3
1
2
-11
8
-7
-3
15
1
-9
4
1
5
6
-22
-6
14
-5
-17
-5
-8
-6
18
2
14
-1
1
17
-5
-18
-1
10
10
6
12
12
10
20
5
-27
-8
-10
0
-20
2
-10
5
7
-6
8
-6
-10
2
34
-2
-7
0
-16
-2
5
12
18
-7
-2
-6
6
0
2
7
-1
2
-9
-5
-3
0
4
-17
10
8
3
-8
7
-5
8
0
12
1
1
12
11
0
-10
9
2
2
-3
10
3
-8
6
0
12
15
-8
1
2
2
-11
3
-4
1
2
-1
1
2
7
4
-1
-9
-7
-7
-4
8
10
-21
-18
-7
0
-2
-3
7
4
-11
20
-4
4
-4
1
-2
-2
14
3
-11
10
-13
-3
-1
8
18
15
1
-4
3
-3
-11
-16
-8
-13
-10
12
14
-3
-2
-9
-12
3
19
3
14
-7
7
5
-13
-6
4
13
7
18
4
9
0
17
-3
-12
1
-12
15
-5
-3
9
-4
2
2
0
-10
5
-8
30
-7
-4
6
-13
-10
2
15
13
3
5
-1
-13
22
-5
-13
0
5
7
11
4
-5
27
1
-4
5
-20
1
3
-1
-3
3
1
-7
-6
3
-9
-15
-3
4
2
2
10
-16
-1
5
-15
7
2
-2
10
-6
0
-22
-22
14
-1
-7
-3
11
-10
3
8
14
3
-10
-9
-5
3
1
4
-11
3
-3
2
-9
2
8
10
2
0
-5
9
-1
8
-8
-3
4
-3
0
3
-4
-1
-7
-10
10
10
9
1
3
-2
-8
-3
-4
-5
-3
7
1
-4
-14
8
10
-2
7
-4
2
-4
1
-3
-3
-9
0
17
-4
15
8
9
8
18
0
-4
-3
1
-1
-14
4
-6
2
-2
5
7
-14
0
-10
29
17
-3
12
-2
-2
8
1
3
-5
6
-11
-5
-1
-10
3
-3
19
-5
3
4
13
1
-12
4
8
11
4
1
7
4
20
17
-4
-11
9
6
-7
-9
7
-2
-1
-7
10
10
2
0
-13
20
8
5
12
-5
5
-1
-5
7
0
-5
-3
-7
10
-2
-14
-7
15
12
6
-6
7
-2
3
-17
-4
0
14
-12
-4
12
-7
17
3
-13
-8
-11
10
-9
14
0
6
7
8
0
2
-6
0
13
-4
13
16
0
-14
7
-2
14
1
5
-14
-9
5
-12
4
-1
4
-3
-11
11
20
0
-9
20
1
-1
-13
-14
4
19
22
1
-4
1
9
3
-9
8
-5
-17
14
-7
-3
18
15
-18
2
15
25
4
-4
-5
4
-5
-12
-4
-11
-4
-8
0
20
2
14
-1
30
8
6
-13
-7
18
-4
-23
16
2
22
26
5
-5
-6
20
9
-20
8
-20
-3
-27
-6
-3
11
10
-8
3
-15
9
1
0
-5
20
24
-13
-3
28
27
10
-15
5
14
1
-3
4
-6
-5
-7
-6
4
-3
-7
-5
5
8
4
6
-7
6
16
10
10
14
-4
1
-8
5
-2
-6
2
0
-16
2
8
-4
-11
7
-3
16
7
2
14
3
-7
-1
-5
-4
-2
5
-4
0
4
9
10
-1
-7
-3
8
-8
8
-5
-8
-17
-8
12
10
-2
8
9
1
11
-5
-9
-9
5
4
-12
8
11
-1
3
17
-1
-22
-2
-4
13
4
1
11
-4
-12
3
6
2
5
7
2
-17
-13
-3
-5
-2
-7
-5
0
5
18
1
-17
-2
-8
1
-9
-12
4
9
4
5
-4
0
1
4
-3
5
8
3
-2
-2
3
4
4
-8
4
17
13
-1
4
4
-12
-21
-8
2
-2
4
-1
-5
4
-5
3
-1
-9
-9
0
5
17
-3
-7
19
-6
6
-11
-11
11
7
14
-6
-3
0
-14
9
-5
8
2
-12
-5
0
4
6
16
-11
-2
15
10
-11
-7
-5
12
-11
-7
-4
-15
-2
1
-5
9
0
9
9
28
2
-8
-5
-8
9
4
-14
9
-2
17
22
-4
-9
2
16
-2
-13
3
-11
-6
-23
1
-7
4
3
-11
5
-6
6
1
-10
4
23
26
-1
-11
15
11
7
-5
6
9
-5
9
10
3
-2
14
14
9
-18
-10
17
3
-19
15
4
14
9
6
5
-13
27
2
-8
-1
-5
11
-11
6
8
0
5
5
-7
-16
11
2
1
-3
7
26
-7
-11
21
14
-3
-14
14
21
-9
3
4
2
1
-3
-6
4
4
-3
18
-9
9
1
-10
-7
-4
-1
12
8
6
-8
1
5
5
-5
-2
9
3
-6
-1
-9
4
3
-10
16
14
13
4
-6
1
-12
-14
-3
-3
-6
0
13
-6
-14
6
11
-4
-9
-8
-11
6
-4
5
-15
0
-12
-1
-7
-8
2
3
-1
7
-4
16
0
0
-2
5
9
0
-5
8
-9
-3
-4
0
14
-2
2
-8
3
8
-15
-7
-10
-1
-2
0
6
-5
-18
-14
30
10
11
-6
-15
7
15
20
-18
20
19
-6
-3
26
4
1
8
-1
-7
-1
19
-15
-21
6
-21
-16
-2
10
-34
1
27
-7
9
3
8
12
5
-11
-1
-1
-1
-8
-23
-7
22
5
28
-3
-4
-6
12
1
10
-16
6
-2
-1
9
8
0
-5
8
17
8
9
15
-7
3
-8
2
1
-8
0
15
-4
0
22
0
-22
6
-7
4
5
-4
14
-2
3
5
10
-1
1
4
-3
-6
9
-4
-11
-1
0
4
13
-1
3
6
-4
2
7
0
5
-2
-4
16
4
8
-4
-4
2
6
-4
-15
10
8
5
0
9
-4
-9
-14
-6
22
1
6
3
1
-10
-10
10
8
1
7
-5
-2
-6
2
-17
-10
-23
-4
5
2
5
2
6
3
-6
-7
-9
-17
-5
14
-4
3
-4
3
-7
4
-3
-14
26
1
9
5
-8
-5
-11
-7
15
11
7
-2
-7
5
-7
-22
-7
-2
0
15
-3
9
-12
10
17
0
-4
-18
-2
11
5
4
0
0
-6
3
5
2
2
0
10
2
-3
-11
4
4
-18
-15
9
-9
12
11
-5
3
11
-17
14
5
10
13
-1
-2
6
-4
0
3
-14
-2
-5
3
-9
7
13
-7
13
-10
3
-1
-2
7
-3
-10
-1
17
0
9
10
7
15
17
-3
-10
-10
0
-7
-8
3
-14
9
0
-6
15
-6
-11
3
10
14
9
-7
-15
5
2
-5
-2
-11
5
-12
4
-13
-2
5
3
18
11
6
-7
-9
7
4
-10
8
0
8
12
8
-7
2
14
-7
-5
1
-13
1
-1
3
4
10
3
-8
0
-1
2
-7
2
-4
11
22
-7
-15
2
10
2
1
2
4
-14
12
-5
-2
7
7
9
3
2
0
-1
-2
2
1
5
9
-6
-1
9
7
10
-4
-2
0
-2
5
-3
13
3
16
-1
5
4
10
-9
-8
13
0
17
11
4
-15
-5
2
9
13
2
-13
-13
11
-13
-23
-2
-7
19
2
-2
0
2
11
1
0
3
8
-9
-11
7
-4
7
-4
4
-4
-13
15
5
13
6
3
-8
8
2
5
-14
-14
22
-13
6
10
4
-23
-11
2
12
24
10
-14
-15
24
-7
-3
-6
-12
4
-12
13
17
0
3
24
7
-8
-20
-11
-11
14
11
-5
-1
5
4
4
-5
1
-2
-16
17
-10
-3
7
19
-19
2
17
20
1
-7
3
6
-16
-11
-1
4
9
-21
3
22
-1
17
-1
38
10
3
-12
-3
16
2
-25
16
1
27
26
4
-8
-1
22
8
-27
5
-19
0
-27
-7
-8
17
7
-8
7
-13
6
-1
2
-3
22
22
-17
0
27
21
10
-16
3
13
0
2
