584
564
596
737
359
619
558
368
498
538
402
502
646
697
602
484
2155
1083
825
453
755
599
845
495
588
389
380
639
471
449
469
3056
1060
520
445
685
754
591
1028
768
349
365
609
329
635
779
668
490
587
684
461
1031
486
657
663
495
534
556
403
537
560
687
419
560
693
437
1075
997
359
390
540
348
457
539
998
325
753
375
960
418
570
486
948
698
4084
662
613
732
393
411
600
1210
493
465
914
570
511
293
691
780
579
658
465
625
507
630
663
589
952
746
711
912
467
899
586
718
629
653
398
553
565
544
333
600
780
588
794
750
697
578
733
941
654
539
1052
362
635
581
749
633
512
874
1067
609
697
521
784
774
650
684
291
624
776
273
659
784
452
672
741
487
668
407
292
631
924
601
937
1136
677
593
649
732
721
555
952
774
593
670
535
419
968
528
443
766
548
584
613
343
727
394
464
905
