0
-254
3087
-2202
-3429
445
0
-3587
0
-4736
0
0
301
1096
780
-1488
-636
162
0
-4020
-1774
-7540
75
-220
0
343
36
-3808
-1482
-224
-2989
225
-4470
1388
254
-7775
-4701
552
-500
-708
0
-661
-93
-3132
-94
-49
-1027
146
401
-28
2110
377
0
-3048
7737
0
-1769
90
-68
1632
-3746
2591
2959
1062
-6765
535
0
462
0
-538
1396
-455
-800
-85
-93
-924
-1254
999
-273
1617
0
0
208
609
0
-5525
1358
-6562
0
0
1782
-855
-3991
-2888
921
-2279
0
-703
2270
1412
-100
0
-1720
-1257
-1517
-4627
-3296
-150
-6512
3640
-1160
-938
-2456
260
0
-7387
-4174
-1566
-490
90
0
790
0
-384
0
0
-4281
3012
-995
621
-1367
4108
0
147
104
-3884
-2560
0
-11427
156
681
0
-3844
-6443
2966
762
-552
-12000
0
4992
1478
0
0
714
-372
-479
-2814
3031
0
4287
-4297
0
0
180
994
916
0
-3835
0
0
-3872
-2317
-913
0
-2270
-10789
0
-2411
2910
-390
-8947
490
-389
-392
0
-224
4834
711
-5581
-3250
-2540
-6492
-474
0
-48
-504
0
490
-92
-2070
0
-741
0
0
18
-249
469
0
0
0
0
827
-560
-3988
0
0
-656
-7505
3648
-1566
-12
-1482
-5
-616
-774
-678
-124
-2375
19
-579
273
-1367
0
-2669
-177
-4967
-454
-259
-1352
254
-635
0
704
-646
0
0
992
0
48
100
-112
-1812
3310
109
1756
-783
-1276
215
0
-260
0
0
386
-294
228
1343
1470
1416
-3013
0
6
0
0
0
0
-4953
0
180
4118
-6279
0
0
464
425
-4825
-2911
-3184
-4178
0
0
-2246
-5308
5486
0
962
-2816
-2799
3528
-5194
-579
397
987
83
0
100
830
0
-2860
-2428
-7258
1148
-22
0
-630
0
1704
0
0
748
-102
3310
-132
726
425
0
-2502
806
4610
-1696
0
-2186
1926
5403
0
-807
-2195
-1177
-24
-2286
65
0
-1972
1683
0
0
616
-498
1942
-4002
404
508
596
-4704
0
0
0
-235
-2425
0
0
0
0
-4440
-1552
-936
-64
-750
-268
0
-381
-1856
-2182
14
254
528
1616
0
0
-408
232
1680
-528
-504
-290
-966
-224
989
-3269
0
873
59
570
0
-2696
0
0
-7486
85
495
0
0
0
0
-1008
-5533
-3015
0
1990
-294
96
3682
-658
-117
-2122
0
-336
351
787
59
-5925
-9416
-1068
332
2790
0
441
2286
-5289
1632
-57
0
-2151
-35
0
-236
932
0
0
2257
0
-1456
0
0
3070
2402
-2924
3484
0
-6127
0
0
-205
0
0
1561
-1235
-327
3578
1534
0
-4365
0
-3348
770
-2413
0
-57
2925
0
-24
790
-5203
0
0
384
704
-6561
-624
-2668
-5527
0
-2185
22
-412
-4920
0
192
-3395
-4754
-6
-1589
-98
-1315
1380
112
124
0
-1010
0
-3322
-6477
-3556
0
0
144
1839
0
-1704
2058
0
-1972
8056
2650
996
-1115
3795
0
-336
-970
1041
-1172
0
-8535
846
1496
254
-1282
-4465
3279
0
0
111
0
0
1825
0
0
1640
0
4775
-1014
753
1172
455
0
0
0
-3944
45
1378
0
600
0
0
-4690
-2363
894
704
-1614
2199
0
-4579
0
-2760
-3127
-385
2518
1113
261
0
1997
2542
-772
-3555
28
1515
1629
-1666
1291
-1688
-1568
749
-1656
-786
0
-5908
-240
0
-2815
2597
204
-1701
0
254
0
-3022
-6628
-7590
0
-1845
198
-2735
892
-500
-3180
0
1890
405
1142
610
484
-4904
-1552
-255
0
-28
0
-1262
-31
-3043
2842
-125
0
-566
-508
0
791
-428
0
0
-1008
385
-2978
396
-153
0
-1237
2667
1236
-248
-5536
156
0
734
0
789
783
-728
-144
180
-324
-5124
-4232
448
-542
3923
-1482
-413
405
1008
0
-1331
-15
-5498
0
-35
67
128
-1184
-946
366
-436
0
181
1712
-2176
-953
0
553
-5907
-5664
-2185
-4386
-3960
-3357
0
-1037
-5034
-1564
200
-1143
-8968
-1066
-1514
0
1350
239
111
0
514
1020
0
-444
2998
-730
1397
-569
578
0
-39
889
32
-1303
0
-12357
30
468
348
469
-7408
444
0
0
-3791
0
-2618
842
0
-25
368
-1364
-4894
-522
1355
0
144
-1550
0
0
-2016
-423
-88
0
-2865
0
0
-3476
-2516
-1164
-214
-1722
-6975
0
-1384
356
-1975
-3594
889
2035
1193
639
-90
653
1652
-1469
-320
-578
-6425
377
0
566
-852
0
250
1062
-1461
0
-5211
-300
0
-398
-1031
-252
0
0
0
0
1456
-1204
-2403
0
-2415
1297
-1695
5516
-58
-2663
-1498
-798
0
-6623
-341
-288
-1727
12
-120
0
-301
-130
126
1187
-7780
1934
-112
0
1270
-28
0
-134
192
0
0
-44
-1397
-2282
84
-252
1691
3185
-2121
-381
-248
-3008
318
0
1760
0
348
402
-12
-24
-258
-297
6812
-2264
240
138
-74
0
-378
1040
0
0
0
5366
-6823
0
-96
0
448
-3508
-575
1151
-1782
0
-282
-1638
-7142
-51
-66
582
-1535
-4376
1504
-3336
-3782
-302
0
1494
-134
736
0
0
-2777
-3969
-2342
-96
-330
363
383
0
-1007
78
0
262
1386
4234
0
-3359
-1664
0
-83
-679
595
-2182
0
-2184
42
2790
21
240
-4152
-3470
0
0
1713
0
-2958
966
0
-127
3315
-1826
3314
-1197
-177
0
195
-6350
0
0
-19
81
-413
0
0
0
0
-3244
-990
-2267
2802
-1466
3890
0
945
366
-5760
-3306
0
-253
1160
0
-174
1443
0
840
-7650
944
57
3636
0
-318
0
-5369
-334
0
936
0
65
0
-635
2318
-60
-798
-2576
-1201
477
0
-6454
-2190
-6684
174
-3553
0
-286
0
-714
-2338
0
-2785
432
-1080
3354
1003
-5594
-3402
-19
0
-1282
0
0
-12
0
0
-90
1651
-561
-161
82
0
-2729
0
-1937
6367
-927
-7228
5095
480
0
-76
0
-102
-1143
-7240
0
0
-3594
0
-1342
1067
413
-1695
1143
306
-1524
-1495
2112
750
819
0
-405
1416
43
0
-4835
2600
-522
0
-32
0
0
1358
-145
-1288
446
0
1181
-1158
-1380
0
0
1729
-3095
3
-2415
1152
-4017
-420
2758
910
-1007
-2868
-662
0
-5004
-1490
0
-966
-33
0
0
0
829
2320
0
-10451
1119
-3683
816
-2941
571
0
0
0
56
-2550
0
-1509
0
-4143
0
-4455
-10365
-1068
342
906
-5200
0
-1241
0
0
0
0
696
-196
-1131
72
588
-922
542
0
0
-114
2071
-2589
0
-3178
0
0
0
-2393
-1095
0
-2007
-4161
0
618
-646
176
-5794
150
503
-703
0
1706
5389
1203
-2242
448
64
504
259
-1524
4633
-846
-3248
840
-18
-5180
0
-1552
-220
0
-4308
4347
1397
-2025
225
0
0
1683
-3709
-8709
0
-1054
89
-58
-2235
2164
-2464
-345
-2835
217
-3575
3256
508
-8616
-3366
814
-785
-1745
0
-1856
-69
-7067
594
-90
-3111
3005
441
0
2318
-694
20
-599
-4380
638
-3993
-1788
884
556
-1027
3006
2309
1056
-1052
156
71
1586
0
1544
147
304
-1661
646
-566
1804
-5014
890
58
1003
-3601
0
436
-3579
0
-4313
-682
-1369
-252
0
1507
-88
-441
-5581
-2405
-42
-1390
2278
305
-4754
-1908
1012
-2469
-5281
-1442
-2833
-5836
-4300
-6334
-1165
-1583
-1742
-3371
255
0
-3246
-7171
-3756
1778
2603
0
492
0
2783
1440
0
-2646
2088
-3904
-49
-5133
2889
0
-2546
-500
-561
-708
0
-5403
-1224
-4105
0
3739
-3784
-3216
-210
810
-1690
-900
3207
1569
0
0
-104
-1247
-6835
-3743
815
68
772
-8656
-76
481
-3511
-250
-612
0
-4191
0
0
-1049
-1617
-6236
-408
-4245
-1383
110
-6229
653
-2605
-11176
590
-267
-2388
1003
-469
1588
127
-2110
-605
-2132
-3644
-36
-830
-1799
-5049
0
-1011
-827
5091
33
-4882
853
0
-8660
-387
1889
0
0
0
0
-1526
-7953
-2025
0
331
-840
-9966
1930
-2197
-1143
-3752
-380
889
-2023
2991
-223
-7006
-5011
912
692
-2578
-325
-504
218
-5246
5298
264
-5258
-36
-768
-14
-161
-1767
-102
-96
257
-721
-1256
-192
0
-3729
2264
-2366
-3814
-1311
575
838
284
-3687
0
248
4190
1104
-140
-2168
-2026
3021
-1338
120
-1356
-606
-4350
30
-1786
1434
0
-762
13451
48
0
0
876
-156
-2297
-4364
-6604
-8488
-147
2335
-564
-2971
5868
1509
4266
-3705
-8028
140
-2230
-10229
-1313
-3647
1740
-1945
-3290
-380
0
123
-13157
-3358
-576
272
212
-1162
1170
-3776
-819
-68
-4319
-642
-1270
1006
-789
-2614
0
-1846
-570
-7405
-6805
0
-10485
-995
2573
208
740
-6501
-8886
480
0
-662
-2112
-2164
4329
0
2
1709
550
-1758
-6667
2097
988
-2025
-5509
0
0
-4322
140
-5187
0
-165
48
0
-7040
-2506
-4216
503
-2806
-517
0
-2623
462
-1068
-5515
525
-1232
-3623
435
-253
-380
3037
-6748
-4019
2475
-6553
432
-1610
-1472
-866
-1274
-735
1692
-1028
-44
-3492
1856
0
-871
2770
-208
690
0
0
0
-3810
-6974
-8484
0
-703
1759
-2469
-416
329
-1078
-2250
0
0
-1416
-1231
-4
-8273
2588
155
90
140
-260
-240
-4
-1638
3331
358
-1188
2008
469
69
549
-3420
188
-465
35
374
-5054
2793
1080
55
652
-172
341
0
-733
2660
196
-774
0
279
1533
2341
-585
-937
-1395
-7424
-4461
-1632
542
1884
-5132
539
431
-1260
-220
-605
2403
-848
-125
-28
639
192
422
-803
-6688
-3803
0
3056
23
-4968
-305
-2099
-393
-4849
-4244
-612
-8849
-12171
-1893
0
-1145
-271
-1008
0
0
-275
-5844
-854
0
107
65
130
1467
-1839
267
808
-2538
-493
-1383
0
-4445
3695
0
0
-350
1910
-2173
0
-4929
235
800
171
-297
-2796
-1161
192
304
-2800
-1120
-2668
1245
0
-51
424
2552
-7523
-1557
-220
0
-126
-4554
-190
0
-8061
-450
-1680
392
-570
-146
766
-3275
-8523
-5491
-1004
-5134
-4230
0
-1878
-152
70
-3447
315
-1689
2623
-15
-1111
-222
0
-1370
-635
-574
-2351
203
-161
1960
-3460
-3858
0
-247
1719
-154
-2165
2018
558
-782
3601
0
-597
0
590
0
2970
-1412
-2307
0
-2792
-638
-5273
427
1277
-1682
-2079
0
0
-7131
508
80
-3988
-2771
-160
-20
-128
1968
-392
16
-3442
-18
-37
-2738
3766
-20
-1101
29
476
399
-428
0
1210
-3648
-1675
504
653
-2554
254
165
0
-3346
2005
298
0
0
1228
3597
0
880
0
0
-106
-701
2624
-1321
-1260
-1797
889
1314
900
-290
-910
3222
2777
-778
-92
1524
192
1101
-1528
-690
-1069
0
1517
1735
-7794
2193
858
84
-2366
-2050
-5673
-4664
-7274
-1996
-255
-1068
-656
2424
0
0
197
-2797
-1401
-1071
-1507
51
-653
2626
-2574
630
2045
-3444
2944
-4072
0
-85
-2007
0
-201
-399
-1908
-3257
0
-964
0
-821
48
-46
-1643
-1498
0
72
-9763
-1105
-2156
1068
0
-47
962
-2794
-4872
-4055
1102
756
-119
-2374
228
74
-1317
252
-2453
490
-1394
696
192
-4632
-7878
-5444
-78
-2779
-8580
0
-212
2460
1900
-4560
-532
-251
-2081
0
-1520
1700
708
-3914
325
678
-159
2183
0
352
0
-3830
-2361
0
-88
0
-507
0
18
-3444
464
1029
-2033
1060
687
0
-6727
-777
-7406
456
-4606
0
0
0
392
-5180
0
-1776
684
-3210
-1674
425
-5672
-1303
1230
0
0
0
0
0
0
0
1270
0
2435
0
0
0
-2219
0
295
-5898
1032
-9386
4155
0
0
0
0
0
0
-841
0
0
-1432
0
4190
0
0
-2757
-419
-1143
18
0
1966
2235
1451
0
375
-3547
1524
0
-4513
1814
266
0
-48
0
0
140
0
275
0
0
726
-470
1255
0
0
6380
-3909
0
0
0
-7641
0
-2786
-311
931
1200
-260
0
-807
-910
0
0
0
0
0
0
-1815
-3856
0
-11226
2603
0
693
-1086
-112
0
0
0
0
-3639
0
-632
0
1104
0
7485
-7798
-6485
0
684
0
0
0
0
0
0
0
0
-4847
-1440
0
357
0
-630
-266
0
-1098
-2460
-2150
0
-5716
0
8
0
1442
-5155
0
-3206
1824
44
-3664
0
0
-12160
0
-330
-69
0
-1967
1225
1854
-769
0
4
-667
261
0
1753
-548
-3901
0
-376
-8885
0
-117
5009
-3
-3889
90
231
-3966
180
0
0
-8824
-8297
-5690
0
177
-250
-347
-731
312
-1068
-521
-6756
513
-1251
-551
348
-1102
-4368
1739
-1635
-576
0
-4545
731
-11064
243
654
2972
51
495
406
0
-587
127
-21
-2127
536
-10168
2759
-1584
672
-1269
1369
1008
-1607
-4654
468
453
-684
0
438
0
70
-2177
-639
-576
-3174
-1890
7082
-1124
2871
-2636
0
-127
-1105
0
-6008
-378
-3852
0
-730
0
0
1528
-4411
-215
264
0
-1796
1003
-622
-447
30
0
-10579
-1456
-621
0
-5848
-6860
0
0
-567
-5500
-271
0
-10381
-2704
-2732
0
1233
0
42
630
-214
484
0
-2984
-650
-975
0
-4241
1108
0
440
0
-770
-260
0
-3584
0
-397
0
2594
-6761
-562
460
0
-1143
326
2168
113
0
4
280
497
-324
-783
0
0
3955
-1116
0
-1260
-7246
168
-712
0
-3887
0
0
-1204
-3642
-415
-907
-1939
-1904
0
-3570
-228
-6307
0
0
654
-1317
11
-270
612
0
-682
-809
250
-849
0
-1060
-663
-3387
-1110
0
-5923
978
-63
-2101
1830
12
-1758
105
0
0
0
324
0
1557
-4143
-277
0
-250
-1558
-4441
4556
-2482
0
-2864
-140
0
-2962
180
847
-2169
-433
-20
116
-2060
1100
-25
1526
-9254
5364
1143
-708
1083
-345
-428
603
-1907
788
0
1132
-3024
-454
658
-308
2886
4832
-591
873
-1359
-2900
1069
372
-2310
0
-1462
3500
1280
-63
3534
-93
6395
-2504
1277
400
-113
-4160
-1320
-572
693
0
0
5248
-10278
-406
-960
-88
40
-3368
-4241
129
-4004
110
1477
-1756
-5480
-803
430
650
-2955
-6862
-8933
-876
-7058
-1924
140
792
-380
-2713
0
0
-1508
-8992
-8295
-323
-2725
-118
2255
1030
-3297
84
173
646
1452
2584
0
-1985
-172
0
0
0
-4314
-2004
0
-4077
944
296
0
115
-5558
-2365
1745
0
-6096
567
-1615
4685
0
-223
1807
-6395
403
-1410
5108
889
874
-691
693
1020
-3992
63
-186
-8
-64
678
216
-7380
-345
-1128
2430
-2736
-7689
0
427
3541
-6293
-1744
0
-247
-1907
2
-1155
1440
1038
-4336
-6269
-2258
-1000
2121
-768
18
904
0
-54
2260
0
0
-3648
0
0
1258
-208
-1064
0
0
58
0
0
-1060
-3675
0
-2750
3746
-4261
581
-1522
256
-3085
0
0
-3175
3198
-268
-1997
-1027
0
346
-3361
933
0
1018
-1107
6114
0
0
525
-75
0
-70
0
22
0
972
0
-2781
0
-1397
269
4551
-142
-726
0
-2299
-1270
0
-364
0
0
3297
127
-72
2663
68
-377
-3916
0
450
-74
-1708
-2106
352
0
0
0
755
-7791
-279
0
-1078
-36
-3949
-50
-4953
-8541
0
-188
-3037
-3148
-861
3527
0
-1040
-3422
2977
-6324
-4508
1148
605
259
-41
574
0
0
-2667
-4758
-1403
-477
-10
34
1659
0
0
1160
529
-2079
3483
5512
360
-180
670
0
0
400
5871
-371
0
370
139
6174
0
0
0
2402
-40
0
1300
0
-253
1222
0
-44
648
-1328
-1781
-2125
1852
-301
0
-3588
771
0
253
994
-1712
508
0
-2097
36
-4957
-1741
-1314
0
-3006
3877
0
63
-3336
0
-1147
0
-12
1709
35
-1131
1744
-72
1985
-3950
362
-1380
0
0
0
-420
-1120
640
0
0
0
-5842
0
0
-1344
490
147
0
990
3302
0
-600
0
-5775
0
0
-20
0
0
320
-2610
0
-1144
0
-6048
-552
116
-5130
-825
490
0
414
0
0
0
0
-14
-56
0
2352
0
0
0
300
0
-486
-8560
0
0
-23
0
0
0
148
0
0
-1892
0
0
3408
0
2352
243
0
-1496
-34
0
0
4350
0
104
0
0
0
1968
0
0
-2420
1624
-1225
0
0
0
0
0
0
4345
-2538
0
0
-2867
3675
0
0
5917
0
0
0
-3792
-5080
0
-2244
-3819
-804
3280
0
0
-2448
-3003
0
0
0
0
0
0
0
1296
368
-4212
380
-462
0
-1008
1798
0
0
0
-1734
-4699
0
-3302
572
5244
0
8255
-3710
-4136
0
266
1131
0
6096
0
0
0
0
0
-3432
-4050
4191
0
0
-5292
-57
0
0
0
-352
0
-635
0
32
0
-234
-4293
0
-3111
5456
176
-2047
0
0
-14859
0
0
1092
0
0
1848
0
-2146
0
0
-1914
0
0
-2006
-708
-9460
160
470
-1527
1524
0
2067
248
-1410
204
0
-2236
882
508
0
-6402
-4295
-3372
0
754
0
-156
-196
77
-1534
0
2404
426
-17
605
0
-2788
-4724
907
-254
66
0
-1322
-8
-6237
54
0
-3906
2467
123
1137
0
1237
-1311
-577
-3852
3508
-6602
7430
3235
0
-152
-233
-612
-1451
1471
740
827
1248
0
3178
0
70
-1016
-543
0
-7514
919
-710
-2285
2950
-1212
0
888
1864
-66
-3439
3577
65
-875
-808
0
0
-142
-1651
0
297
0
3547
392
-1625
-20
-238
576
-8051
21
-1720
-207
-3195
-2310
-1650
-1293
-229
-1627
-120
-635
216
-2042
-964
0
-641
0
881
3142
-8433
-78
1016
-3695
0
0
0
-635
391
0
0
0
0
-3066
0
-1144
0
1648
0
4640
-6406
-853
276
38
-4445
-3120
640
0
0
-242
0
1740
-5559
-3540
0
224
-960
-899
399
-2996
-7752
-770
-360
189
-3533
0
12
-38
-1194
0
-1002
-672
-119
0
-7476
889
742
-3495
0
-991
441
103
-1744
264
1180
-2162
0
0
-147
58
-2351
5665
-2609
-8580
360
6219
5051
-1342
-1680
4640
1151
-1584
4378
0
-1012
621
420
0
3451
-1235
-1151
0
-3289
-914
-5249
-1283
1811
0
-603
-1272
0
-3256
-225
-7
-1912
-500
0
-666
-3892
2214
-702
-19
-5611
2003
0
-8184
4691
810
-5120
427
-739
3446
-608
243
-168
-3362
-3402
1779
748
-5114
-355
-411
-869
-3856
4497
738
0
600
4550
5366
1483
1584
-1685
0
-546
-930
6475
-698
-484
-7473
1692
44
248
-186
-2154
4691
1988
-1700
-984
1397
0
1950
-2356
272
1933
-1645
3954
654
-7212
55
-470
2128
-2652
-822
-7162
-1420
-7928
-2185
-2020
21
118
1095
0
0
1132
-1695
-2179
-762
-529
0
-105
2137
-4455
-2
2464
-3638
-2099
-11350
0
-4897
5
0
0
0
-2467
-5522
83
449
-816
-4018
0
253
-4061
-666
794
886
-8817
-1513
-3084
969
0
-871
420
1239
-3505
-4710
956
247
-1360
-3026
-2377
573
-4462
196
-5622
1038
-1693
1392
276
-3152
-4570
-2497
-164
-449
-8935
150
-1945
-274
2036
-3349
-570
-143
-162
416
-218
-780
1143
-6153
1144
-2214
0
-2163
-1524
2022
-654
-3420
2338
-4688
0
0
-3552
-63
122
-11635
-1275
3297
2200
-1593
1460
0
-3330
-3573
-5568
504
9060
409
-3302
732
4609
-1264
-1143
-2324
-1496
-2296
-1576
2660
-4943
-7262
-784
135
-6501
-5419
0
30
-738
239
-120
-2460
-198
-312
0
-8
870
0
-2855
9686
-1348
-6079
756
1266
-7937
5031
0
0
0
-9964
1032
102
39
0
726
2678
-84
1376
-1542
64
1722
-256
168
-2265
1054
-285
3154
-3967
-1778
36
1134
1911
2585
75
0
330
0
-279
-630
-314
-7452
-161
-345
-2236
-6952
3510
3219
-6350
-5903
-978
-2648
-9567
-9247
1477
-78
2722
259
1190
996
0
-3152
-3889
-1150
2233
-2504
-5
-4106
0
1065
2752
392
-7381
10498
-350
407
804
3854
0
0
416
-37
-4611
61
-2905
-1020
-4416
0
-6666
-6080
-4985
-350
-808
-218
0
-3915
943
0
-635
-105
-3062
-1219
-5108
2708
1952
0
-8255
-2140
47
-5462
-3049
-7955
165
1880
-261
-16
-2821
-3380
-8871
0
-6890
-1218
-60
-5147
400
0
-6903
1135
63
-5676
120
484
7852
1469
1150
2580
927
-145
