-14
17
39
-14
-11
47
-73
127
6
81
37
42
71
-43
-31
49
122
3
-70
-6
-39
-8
-70
-24
72
-44
12
-42
-78
-89
-34
-29
-38
127
-94
-67
-23
-90
98
-66
-56
-17
-96
-4
-76
34
-127
6
-100
12
-127
-2
16
-61
127
-63
19
-65
59
-96
71
-16
-127
-12
-127
-52
75
10
-64
-55
29
69
12
116
67
-127
127
-72
52
-32
6
5
59
-114
-124
57
-18
-73
30
94
-74
-3
-22
-11
12
4
4
-26
-78
-4
97
-41
54
44
-97
-127
-98
41
-19
-69
-27
-31
103
-13
-13
-93
-35
85
22
-35
-1
32
36
48
119
-3
37
62
-27
-127
74
-65
-127
-52
-125
15
-15
-86
26
-28
98
-115
-5
-84
46
-32
26
-69
77
27
-127
36
-17
-78
-5
127
-28
-60
9
-1
-91
122
-127
-39
61
-92
-7
-49
-57
-65
6
61
-11
-127
2
-56
-35
-30
35
63
-22
127
7
-127
36
101
-90
-127
-9
-41
-12
2
10
63
-28
-30
-86
83
-104
92
9
-4
88
31
76
77
12
4
127
127
8
67
-23
-76
16
-94
35
-102
127
-12
93
-80
-52
38
-15
61
60
48
74
62
3
-127
67
-45
-76
46
-10
41
-54
42
-15
38
-25
98
40
-89
84
-26
-34
-100
17
-38
-99
7
-116
21
-22
26
-127
-62
-92
-121
-31
11
12
127
-33
-11
-53
-3
15
-127
50
32
-107
87
-99
-47
39
27
0
19
15
-73
43
-127
-20
-36
-57
10
-115
16
19
-9
-25
48
114
-25
-28
17
38
9
43
-88
78
17
-7
12
-23
-22
-81
-117
30
-127
22
43
110
30
-18
86
-61
0
66
127
-3
115
-40
-96
-32
-124
66
-123
-43
-62
-68
-66
31
28
-41
-41
127
-47
62
-76
55
109
52
31
43
93
-71
-62
-53
-5
-93
-103
-9
-127
21
-31
112
-121
27
-20
34
-3
-58
-127
-127
-13
44
92
-127
26
-86
113
39
-72
5
-24
-60
-8
59
77
59
-36
-34
-53
27
-13
-106
50
-72
-21
127
-28
-124
127
83
75
-7
5
127
93
-51
-99
9
63
-127
-85
-31
15
80
-73
-50
127
-127
-98
43
84
-127
74
-41
-106
-127
85
-67
42
4
-25
-98
9
10
51
-1
90
-62
-38
-43
-90
-127
56
-26
82
-127
69
65
50
46
-50
-68
84
35
-127
-127
-46
-127
-71
95
44
-9
23
127
-42
12
-77
-96
-127
-35
-127
17
-127
-4
-110
-21
-99
127
-17
-127
27
22
38
-74
75
-81
-40
-127
-54
-49
38
73
-36
6
17
27
-78
-72
127
26
11
0
88
-84
24
-1
92
-47
12
-4
127
38
-22
-33
80
92
98
62
81
101
-106
-98
-2
9
60
111
-34
27
-60
-8
-103
43
107
84
-117
33
86
-8
127
-24
-78
82
43
-119
50
-42
-36
-36
-127
-114
-13
-50
101
-87
79
127
-127
-127
62
-21
1
70
-35
88
-127
73
38
-100
3
-20
8
-127
-26
-126
-2
52
-127
