0
0
0
0
6
0
6
0
0
10
0
2
0
71
4
0
14
0
1
16
7
0
0
0
64
7
8
4
16
0
0
10
0
0
0
0
1
2
9
11
11
0
11
21
0
0
0
0
8
7
0
0
11
3
0
0
0
2
0
0
0
0
12
0
0
0
0
11
0
0
0
0
13
1
1
0
13
2
0
0
32
0
4
11
0
5
0
0
1
0
0
0
0
0
0
0
0
9
6
29
6
17
54
11
0
0
0
3
7
0
4
0
9
15
22
0
12
0
4
0
67
0
0
0
1
0
39
0
9
0
12
11
0
0
2
16
3
0
7
82
1
0
0
4
0
0
0
0
2
0
0
0
0
8
0
0
0
57
9
0
14
6
1
57
7
8
0
0
24
8
0
0
17
0
0
0
0
0
14
0
0
17
8
16
11
0
8
18
0
2
5
0
8
7
0
35
0
11
0
0
0
74
0
12
0
0
0
0
0
0
0
12
0
0
32
0
16
1
1
3
11
7
0
0
14
0
4
7
0
16
0
0
0
3
0
0
0
0
0
0
2
16
11
0
6
10
17
11
0
0
0
3
7
2
28
9
0
9
0
0
12
0
7
0
0
0
0
13
9
0
45
0
0
9
0
11
4
0
6
17
0
0
7
16
8
0
0
5
19
0
0
0
17
0
0
8
4
3
54
12
0
0
8
0
23
0
1
0
0
9
0
0
0
7
14
22
5
0
0
18
0
0
34
0
0
0
4
0
13
13
4
17
0
0
0
0
8
7
0
5
9
0
0
0
0
83
0
27
0
0
0
0
0
0
8
0
0
0
0
0
14
1
0
19
0
1
0
0
0
0
4
0
0
0
0
0
0
9
0
0
0
0
0
23
16
0
4
0
6
23
0
5
0
0
0
3
7
0
0
0
22
25
0
0
12
0
0
0
29
0
0
0
0
10
12
0
0
0
17
5
14
0
21
22
28
0
0
0
23
0
0
1
0
0
0
0
18
7
44
0
4
1
0
0
0
0
1
0
20
0
0
0
0
3
0
0
0
7
0
0
13
0
0
0
32
0
12
0
5
0
3
19
13
13
5
18
0
2
0
0
8
8
0
5
4
0
0
14
0
37
0
10
0
0
11
9
0
0
0
0
0
0
0
6
20
43
0
20
14
8
2
0
0
0
0
0
0
0
0
4
0
0
0
0
0
0
1
0
19
0
0
0
0
7
0
2
0
0
0
1
7
0
0
10
7
15
0
0
12
0
5
3
36
0
0
0
0
19
0
0
0
0
0
6
19
0
17
16
6
0
0
0
0
0
0
4
0
2
0
0
18
9
6
0
4
7
0
15
0
0
1
5
7
0
0
0
0
2
0
0
11
7
16
0
19
8
0
8
0
6
8
6
0
0
3
1
13
13
7
17
18
0
0
0
8
8
0
5
0
0
0
0
0
31
0
0
0
0
0
7
0
6
1
0
0
0
0
14
25
0
2
16
0
3
0
0
0
0
14
0
0
7
0
4
0
0
0
0
0
0
7
0
7
3
2
6
27
0
0
0
0
0
0
3
3
0
0
1
0
2
0
0
12
0
3
18
0
10
0
9
0
11
0
41
0
3
28
2
12
0
9
19
0
0
14
0
0
6
30
8
22
1
44
0
0
4
0
11
0
0
0
5
17
120
5
0
15
0
0
50
0
0
0
0
75
6
13
15
15
0
14
15
0
0
0
10
0
4
9
13
0
0
11
0
0
0
0
0
20
7
0
13
8
0
0
0
26
0
0
0
0
0
12
0
0
0
0
10
0
28
7
0
6
1
1
14
13
0
0
0
0
0
4
9
28
4
0
21
18
0
0
0
27
0
0
0
0
12
11
50
6
40
44
11
0
11
0
3
9
4
0
0
22
16
37
0
12
0
0
0
14
0
0
0
2
0
0
0
26
20
0
11
0
0
0
0
3
0
7
0
4
0
0
0
26
0
10
0
6
23
0
0
0
0
22
0
10
84
6
0
21
8
2
78
0
5
0
0
9
6
0
0
9
0
0
0
10
0
0
0
0
8
9
17
0
0
13
0
0
0
0
0
24
4
0
2
0
0
0
0
22
68
1
7
0
5
0
0
0
0
0
0
6
27
34
0
7
6
1
17
8
0
0
0
0
0
0
3
0
5
0
0
14
2
0
0
15
0
0
0
8
2
0
0
2
40
23
11
0
9
0
2
7
0
25
12
5
12
0
0
12
0
0
0
0
0
0
0
5
0
0
0
31
23
0
11
0
0
0
0
0
0
4
0
9
0
0
0
49
0
0
0
17
21
0
0
4
2
66
0
0
0
0
15
15
0
1
0
0
14
0
0
0
0
11
14
7
7
0
14
0
0
0
0
2
0
6
0
0
13
15
0
0
0
0
0
19
7
0
5
0
0
0
0
19
79
0
10
0
0
0
6
0
10
11
0
5
15
0
0
0
0
0
46
0
0
0
0
0
0
6
0
0
0
0
2
0
13
0
0
1
0
0
0
49
0
0
0
8
18
18
0
0
8
0
2
15
0
0
0
0
0
0
0
12
0
0
0
0
7
0
0
0
0
0
0
0
0
18
0
0
0
0
0
0
0
0
0
28
0
0
0
10
0
0
0
18
0
32
0
4
2
13
0
0
0
0
6
6
0
0
0
6
16
0
0
0
12
0
0
16
10
0
0
33
5
0
0
11
0
5
21
0
13
15
0
0
33
0
0
24
7
0
5
0
0
0
0
13
54
0
0
0
0
10
15
0
17
0
0
0
0
0
6
0
64
0
43
16
0
0
0
0
0
0
0
0
0
0
2
3
1
0
0
0
11
0
0
54
0
0
0
0
15
0
0
0
9
0
2
12
0
0
8
0
0
0
0
12
0
0
10
40
1
0
0
0
0
0
0
0
0
0
4
3
0
10
0
0
0
0
0
0
24
0
0
0
1
0
0
18
0
4
0
4
0
0
18
0
0
0
9
0
15
0
0
0
17
0
0
7
14
16
0
8
8
0
8
0
6
16
5
0
0
1
0
1
13
14
1
18
0
0
0
12
6
0
5
0
1
0
0
10
35
0
0
0
0
0
7
0
14
0
0
0
0
0
14
0
0
16
7
0
3
0
3
0
0
0
0
0
7
0
0
0
4
0
0
0
0
7
0
0
3
1
6
28
0
0
0
0
4
0
3
0
0
2
1
0
2
0
0
12
0
3
16
0
4
0
1
2
0
0
0
0
0
63
0
5
3
9
0
0
0
66
0
0
6
60
8
20
8
43
0
0
0
0
0
0
0
0
0
0
65
8
31
13
0
0
21
8
0
0
0
68
5
12
7
18
0
38
8
2
0
0
0
10
13
9
12
0
0
0
0
0
0
11
0
0
7
25
19
0
0
0
0
0
0
0
0
0
3
12
0
0
8
0
12
12
0
0
0
0
1
1
22
13
0
0
0
0
0
4
10
6
0
10
0
1
6
0
0
31
0
25
0
0
7
0
14
6
5
0
11
0
0
0
3
19
0
0
0
26
0
32
0
7
0
0
0
6
0
0
0
0
0
0
0
4
26
0
11
0
0
0
0
0
0
0
0
6
0
0
0
8
0
10
0
11
0
0
0
0
0
19
13
0
25
4
6
8
1
2
31
0
0
2
0
0
6
0
0
15
0
0
0
18
0
0
0
14
2
7
11
0
0
0
0
0
0
11
0
0
0
2
0
0
0
0
0
0
32
0
0
0
1
0
2
0
14
0
0
10
0
14
0
0
10
0
21
9
14
0
0
0
0
0
4
0
0
0
0
0
6
0
0
31
0
0
0
6
0
0
0
0
19
24
11
0
0
5
3
19
0
0
11
13
0
0
0
6
0
0
0
0
0
0
0
0
0
0
0
45
0
0
11
0
0
0
0
22
0
0
0
11
0
0
0
43
1
0
0
9
0
4
0
4
2
76
0
0
0
2
16
0
0
1
0
1
0
0
0
0
3
12
0
7
9
0
4
0
5
14
0
32
0
5
0
0
0
0
0
0
0
0
0
0
7
0
8
0
0
0
0
0
67
0
0
0
0
0
10
0
16
0
1
0
0
14
6
0
2
0
29
0
3
0
0
0
0
12
0
0
4
0
0
0
6
0
0
0
0
0
7
40
0
0
0
15
0
0
2
0
0
0
3
21
0
0
0
0
0
0
0
9
0
0
0
0
12
0
0
0
0
0
0
0
0
25
10
0
0
0
0
0
0
0
0
22
0
0
5
6
0
0
0
13
0
14
0
4
2
32
0
0
0
4
10
0
0
0
0
0
0
0
0
0
4
7
0
5
11
0
0
19
6
6
0
0
0
0
23
0
0
0
0
0
17
0
0
1
7
0
5
0
0
0
0
0
12
0
0
0
0
10
11
0
13
0
0
0
0
0
11
0
53
0
18
15
3
0
0
0
0
0
6
0
7
0
6
0
1
0
0
0
1
4
0
47
0
0
0
0
4
0
0
0
0
0
3
0
0
0
3
0
0
0
0
11
0
0
13
38
2
0
0
0
0
0
0
0
0
0
15
5
16
2
0
0
0
0
0
0
0
0
5
0
5
0
0
4
0
2
0
4
0
10
15
0
0
4
9
0
0
0
0
0
0
0
3
8
5
16
1
6
7
0
8
0
6
12
4
0
0
2
0
0
0
0
7
11
0
0
0
2
7
0
5
0
40
0
0
0
0
0
0
0
0
0
7
0
9
0
0
0
0
0
14
0
0
29
0
0
3
0
8
0
0
6
0
2
7
0
6
0
4
0
5
0
0
2
0
11
3
1
0
15
0
0
0
0
0
0
3
0
0
0
1
0
2
0
0
12
0
3
17
0
7
0
0
0
6
0
0
0
3
39
10
9
41
9
1
0
0
88
0
0
6
53
8
25
0
80
0
14
4
6
0
0
0
0
9
0
2
0
8
0
0
1
9
5
0
0
0
0
7
10
0
12
0
4
3
7
7
2
12
0
12
9
13
35
10
30
25
0
0
3
0
0
1
0
0
10
0
12
0
8
9
0
0
0
0
0
9
5
28
0
0
0
0
0
9
20
15
0
10
10
0
0
0
0
35
0
11
0
2
23
0
22
6
0
0
48
0
0
0
0
0
1
0
0
16
18
11
0
0
0
3
0
0
0
7
0
0
0
0
7
0
0
0
0
1
0
0
0
0
0
0
42
0
0
11
6
0
8
0
0
0
0
0
13
29
0
8
34
0
0
0
9
0
10
0
4
4
22
0
0
0
1
10
0
0
1
0
12
3
0
19
0
0
16
0
13
13
21
5
0
6
1
0
0
7
9
0
23
0
42
24
5
0
0
0
0
7
0
4
0
0
56
0
12
8
0
0
0
0
0
7
0
15
0
6
0
0
0
14
31
0
0
0
0
3
0
0
0
20
9
1
0
7
0
0
35
6
0
0
0
0
1
4
0
0
1
0
20
0
0
9
2
0
0
3
0
0
4
1
0
0
0
0
6
0
0
12
0
20
0
0
0
1
0
0
0
0
24
13
7
0
13
0
0
0
0
0
17
5
0
8
0
3
0
0
8
15
0
0
4
0
19
9
0
0
4
9
0
0
0
0
0
0
0
8
9
0
16
0
10
11
0
8
7
6
0
0
0
0
8
16
10
0
31
18
0
0
0
0
0
7
0
5
0
19
30
0
0
0
0
0
0
0
9
7
0
11
0
0
0
0
0
14
46
14
0
0
16
3
0
6
0
2
0
3
0
7
0
1
26
6
0
24
0
0
7
1
65
3
1
2
0
0
0
8
0
0
0
3
0
0
0
1
0
0
0
0
10
0
0
16
19
20
0
3
0
6
0
0
0
3
0
14
8
0
9
1
0
0
4
0
2
0
0
8
