433
-948
247
303
248
662
576
-111
-669
221
-66
-676
-233
238
-298
-530
-1063
1013
1773
-296
849
-66
476
235
663
-952
273
347
-944
588
-1333
-382
-501
-2217
-800
153
762
84
-1298
2798
-1282
-2107
-568
-1034
-1454
1
-1335
1921
747
63
-217
-1266
12
478
-97
-91
1052
1574
930
316
-639
231
-1164
928
-200
26
30
-308
-3225
136
-1381
-179
-314
-409
380
-902
433
-1310
-320
28
-1021
341
723
-1594
91
581
-1191
-202
-1902
1116
781
-457
234
358
356
-849
452
758
-509
1452
-191
151
483
-257
250
391
-518
415
-607
346
-1369
-1690
-96
1807
-1431
-14
-787
-628
-2316
520
3
564
-670
2522
-523
464
637
2267
