-33
670
0
1168
210
0
1010
-672
0
-12
-264
158
-235
-124
-267
-4049
0
-743
353
-296
1552
-4352
930
-608
0
972
276
0
1148
0
0
-510
-1800
0
-7962
0
-765
-3234
-3233
47
-2344
0
1653
0
-821
0
-116
-2203
0
0
1281
-1143
-1616
0
-2015
-1196
60
-3748
0
-168
-312
0
104
-403
46
-1024
0
1793
162
0
-1270
77
-32
-426
836
194
-566
-6
-1153
-2719
0
544
-1836
282
-542
-5311
771
-468
70
537
1598
0
1778
0
0
-44
-3339
0
-3868
-1030
-613
-378
-2355
-2400
-2016
0
789
0
118
0
86
-2062
0
0
-51
99
-1126
0
-2130
379
10
-6189
0
277
169
0
76
-16
59
-504
0
-1292
0
0
-1060
644
12
-126
-66
-84
-461
154
453
-1744
0
880
4445
1669
-1968
-2806
357
-509
0
-448
410
0
1120
0
0
528
-3668
0
-723
160
-762
1922
-806
-739
-2921
0
-1397
0
8
0
-108
-986
0
0
-651
810
342
0
-1396
-6463
60
-5418
0
-223
-495
0
130
150
0
0
0
624
0
0
-520
0
-98
-2846
348
60
999
0
573
-2355
0
-446
-1435
836
2958
-1828
621
0
-8
2292
563
0
473
0
0
-192
-2284
0
-6313
-508
-54
-3052
-798
2091
2912
0
1357
0
0
0
0
-1800
-127
0
1990
2024
504
78
-2196
3178
0
-514
0
17
-320
0
531
154
0
312
0
558
0
0
-403
-212
-127
3167
61
104
-81
0
2812
-2877
0
-690
-3745
-287
-2062
-3535
609
430
31
-1441
1014
0
473
0
0
651
-1074
0
-2873
300
114
574
-2486
-1223
2964
0
225
0
0
0
0
-944
78
0
1980
264
1104
-66
-733
-3893
0
2404
0
-130
792
0
-162
172
-61
234
0
2282
-552
0
-400
105
0
-744
536
-623
1436
-230
1880
-4642
0
-601
-2719
100
2609
-2944
-1905
1234
60
2266
-786
0
602
0
0
-275
-3325
0
-9613
-1143
-35
-4812
57
1879
3374
0
1174
0
216
0
4
-1935
0
0
1909
828
15
0
-2312
98
-162
2000
0
-915
285
-4
118
317
-22
1651
0
-248
-516
648
-310
377
-15
718
420
231
1725
-144
3231
-5689
0
-746
-3219
-1234
-2356
-3481
-651
-1657
144
-2204
-205
0
602
0
0
441
-3375
0
-10979
158
188
-4603
-244
-2343
2395
0
-251
0
228
0
-54
-1733
420
-105
-1607
-1416
-328
152
-45
-9105
102
4978
0
221
-458
254
536
279
0
-624
0
-448
0
0
377
-192
12
3062
533
-134
-477
0
-723
-3920
0
360
2065
398
-3024
-691
193
-380
72
996
-252
0
-242
0
0
-1055
-1800
0
-10469
64
582
-5298
1859
-413
-2522
0
-1424
0
0
0
0
-1660
103
0
-2942
-2046
-1061
255
-105
-1496
0
-5695
0
-149
1213
0
333
124
0
364
0
1590
0
0
-949
22
9
2025
568
20
845
0
-884
-3086
0
56
-2407
658
-298
-3981
688
-235
35
-165
1031
0
-858
0
0
-715
-2828
0
-6541
-292
-138
-2952
603
-335
-1456
0
-828
0
0
0
0
-1399
-100
0
889
-44
-87
-183
-1537
-1541
0
-6745
0
62
639
0
-1143
-24
0
-100
0
176
0
0
0
184
0
0
282
31
-239
0
1375
-2780
0
76
-96
857
-245
-3663
277
-435
0
-1335
856
0
0
0
0
249
-544
0
-2832
241
0
4
-1747
-1577
0
0
382
0
0
0
0
-1798
0
0
-323
0
205
0
-1812
-2741
0
-2749
0
-23
0
0
0
0
-127
-575
0
-1162
-66
920
290
-96
0
-2032
528
-750
-424
0
-3
-3649
0
521
815
-306
-4028
-327
0
297
0
484
421
0
-308
0
0
-542
-2029
0
-7415
41
559
-4409
1997
283
-1727
0
-1834
0
-133
0
0
-3660
-762
-39
-2052
267
-97
104
-1424
-4693
240
-4002
0
43
-147
60
723
174
-14
472
0
-652
0
-968
-730
11
0
3280
-264
93
608
0
414
1276
0
1284
-3520
360
-1357
-1624
0
-1034
0
-1390
274
0
-1092
0
0
-310
-1135
0
-2851
448
-138
12
1423
-1792
-376
0
-2428
0
-532
0
0
-1232
468
51
-594
126
280
-88
1813
-3943
-272
-3100
0
-38
660
14
-452
-36
138
-600
0
4154
283
0
0
22
-96
424
66
0
-1430
0
-1142
-2655
0
-280
-960
-203
-104
-5205
595
-1499
-635
577
64
0
0
0
0
596
-4780
0
-5551
-467
0
-1288
-1596
-1526
-735
114
997
-20
0
0
0
-3828
-72
0
522
0
-3019
0
-6038
1138
263
-3364
0
1059
279
1135
152
-330
177
-432
0
-2459
135
230
0
184
36
-3116
1155
-246
-1291
0
89
-3250
0
1566
450
888
-2170
-3220
208
792
0
-992
1359
0
0
0
0
450
-3159
0
-2066
1213
0
717
-560
-1646
-113
255
-973
17
0
0
0
-2800
-244
-52
-159
1104
496
208
-2003
-3227
-1021
-5458
5
-8
-1494
651
968
750
0
416
0
-600
0
-242
0
0
27
3175
-506
-22
836
0
645
124
0
1144
-2140
469
-382
-1748
16
-1222
0
-1428
553
0
0
0
0
114
-375
0
-1500
688
0
1229
-30
-2032
1824
0
-1368
46
0
0
0
-1298
156
68
-530
144
320
-176
2184
-3289
-208
-3800
22
-228
1650
7
-216
0
0
-28
0
198
0
0
-1397
0
0
0
665
132
-106
0
2077
-1050
0
-251
-3879
308
-2296
-1707
0
162
0
-785
0
0
0
0
-762
0
-90
0
-682
825
128
-722
-2409
96
1138
0
1387
-180
0
63
0
-2354
156
0
0
33
0
0
-2220
186
411
1380
0
0
440
1764
-36
1032
0
52
0
-416
0
0
0
254
0
0
450
42
349
0
846
-1590
0
412
-107
-714
-693
225
-754
-531
0
357
-19
0
0
0
0
-424
-1217
0
-7587
44
0
-2078
1122
474
0
0
-364
0
0
0
0
-1594
0
0
-3554
0
-139
0
-362
-4808
0
-2786
0
-240
0
0
0
0
-183
-1490
0
3124
-92
648
-1696
-1242
0
-282
108
0
44
0
-140
-1025
-16
-417
1804
-484
2258
-4019
-299
-370
0
-554
-312
0
640
516
0
1469
-5585
0
-10240
-1339
-2658
-3893
-2553
-168
-3217
-363
-79
0
0
102
0
-4767
-211
206
2791
1823
-972
190
-4638
-3611
375
338
0
-416
-1370
1452
1401
1303
-66
-372
0
-3436
-642
-1016
0
-414
-45
-475
1166
0
1741
0
1799
-3835
24
922
420
764
-3623
-2400
143
93
175
-1326
268
0
0
-204
0
801
-4264
0
-7405
-338
-1778
-414
-60
-2383
-449
-75
-88
61
0
-150
0
-2912
-284
788
79
393
269
528
-397
-6584
-1353
3513
0
-844
397
1057
443
2090
0
-832
0
-468
0
0
-341
0
0
0
-231
-33
254
0
396
-3175
0
269
-580
-483
-4310
261
0
-438
0
622
0
0
0
0
-120
0
-1491
0
-657
176
1086
-864
115
868
44
0
-532
85
0
-483
0
-1495
206
0
0
36
0
0
-539
-4539
256
-1905
0
0
476
336
74
744
0
-50
0
-364
0
0
0
0
0
0
29
0
-716
0
1010
-2792
0
-187
0
54
-1031
-2069
0
135
0
-394
3
0
0
0
0
72
-1174
0
-4610
128
0
-958
-2228
258
0
0
-280
0
0
0
0
-2168
0
0
432
0
-207
0
-2208
-2658
0
-3030
0
0
-16
0
0
0
0
390
0
-225
-802
0
-496
0
0
2196
254
0
-1096
0
2050
1205
0
-73
-3463
292
435
-2758
-1760
720
-593
-1293
-79
0
344
0
0
375
-7213
0
-3388
336
102
-3511
-991
-2731
5552
0
-514
0
0
-18
0
-2555
-889
-39
1006
656
-1502
-22
-1868
-6432
585
1994
0
-823
853
-96
97
2092
-81
-85
0
-2205
-1701
920
-1664
-1152
0
-1228
792
0
1488
0
-168
-816
62
816
-1145
-101
-98
28
303
-186
150
516
564
0
744
1116
0
-944
-1756
0
-6698
-507
1154
-3050
583
442
3227
-195
-262
0
0
54
0
-3349
-251
-14
547
2676
-910
67
-67
-1802
810
367
0
528
-735
-9
-1119
1616
-381
573
0
1414
-880
-968
0
132
0
1975
-351
0
2442
0
683
-1930
100
-1098
381
1274
-3695
-3034
-569
-225
344
1140
147
0
0
-1524
0
-594
-1996
0
-8540
-560
1036
-3128
1283
755
-316
-381
330
0
0
246
0
-1146
466
199
-2387
428
927
-132
1497
-2581
-520
238
0
-1056
763
57
-522
1266
0
826
0
-688
0
0
1818
0
0
0
663
300
-120
0
3118
-1717
0
-691
860
970
-612
-3200
0
-50
-351
918
-398
0
656
0
-119
822
-5341
0
-4232
556
0
125
-857
10
-1044
0
523
0
-254
0
0
-1367
0
0
-256
-762
-1135
0
-1401
-5203
0
1102
0
164
440
0
0
0
59
1356
0
-848
188
-2783
-53
0
228
3905
2032
473
0
0
0
1200
-8
-206
-5004
2402
-6396
-3924
0
1008
0
133
-375
-2044
1246
0
-480
400
-1268
0
135
0
285
1033
-414
-636
2471
0
-562
34
-762
216
0
63
4622
323
-19
-344
73
0
-915
-2877
420
616
0
0
0
1410
142
2027
0
-1905
0
-1255
-381
0
-2000
0
0
-1720
-66
0
-636
0
375
-2624
0
128
702
714
1320
-784
78
216
0
247
30
0
-224
0
0
-187
-3416
0
-2681
64
732
-2222
-591
864
-1824
0
-144
0
0
0
0
-1560
0
0
-56
1512
-345
127
-1511
-6090
0
-4064
0
301
-72
0
-132
20
0
0
0
-754
0
376
0
1524
-196
1053
1104
0
-1331
0
2258
-3338
244
22
-210
2236
-1284
-4648
-770
135
-381
140
-76
0
0
-1068
0
484
-5821
0
-6365
-364
0
179
-2079
-33
0
0
457
0
0
0
0
-868
-600
60
-1045
-6
-445
-366
-2749
-7257
0
-2470
0
164
355
0
-635
0
0
-127
0
-1382
0
0
0
0
0
0
-106
0
-395
0
290
-2917
0
160
0
489
-880
-764
0
135
0
-240
20
0
0
0
0
-220
-2813
0
-5130
112
0
-1919
-573
131
0
0
-168
0
0
0
0
-1816
0
0
644
0
-385
0
-1409
-5308
0
-2650
0
86
-36
0
0
0
-61
277
0
1700
0
0
-558
0
0
0
895
-301
213
0
-155
-5237
0
341
-2140
417
-1938
-2054
0
-1216
0
-188
582
0
344
0
-20
-260
-2609
0
-3877
0
0
-4267
1106
-948
3160
0
12
0
76
0
0
-1345
0
-78
-1972
72
96
0
226
-1253
0
-1702
0
0
284
0
0
0
-22
-2744
0
-1112
-254
-1196
-4122
0
-285
-2666
0
105
0
0
0
-3440
0
1270
1564
-976
4822
-2351
0
432
0
-954
897
3556
520
0
164
152
-891
0
-675
0
3111
-467
-128
34
-450
0
-1534
122
-20
-3048
0
-364
-1540
72
-183
4116
0
0
219
-4602
504
-1397
0
0
0
-1927
-252
56
0
762
0
0
-574
1081
-1469
0
114
4543
0
-57
0
0
0
-1905
50
64
-5706
495
-3048
-423
0
0
0
-308
60
-1176
-151
0
-816
-288
-342
0
-805
0
-1059
-1431
980
0
-858
0
-1032
-8
228
816
0
0
-3074
12
0
-16
-23
0
519
-117
266
0
0
0
0
-752
-2847
-78
0
312
0
-806
0
0
-434
0
0
0
0
-33
0
0
195
-3175
0
384
-1605
261
-2772
-752
0
27
0
171
30
0
0
0
0
0
-1995
0
-690
128
19
-180
-575
528
1596
0
-560
17
0
0
0
-1144
0
0
-14
24
0
0
-1377
-4680
210
-2032
0
0
0
270
0
172
0
1200
0
-242
558
0
0
0
0
0
-68
0
1142
0
185
-5209
0
-1474
473
579
1620
-2765
99
1212
-34
16
40
0
0
0
0
-145
-4711
0
-5643
-298
-342
-2306
-1137
496
-1044
0
289
0
0
0
0
-1711
0
0
828
0
35
0
-3887
-7666
-200
-249
0
86
0
-10
104
-1651
0
580
0
-1353
243
0
1111
-768
24
-254
-28
240
-798
-62
-1461
-1915
0
-234
2773
1314
159
-4355
771
180
144
-52
487
0
738
0
-357
-410
-5797
0
-8802
28
-951
-2920
56
-1959
-3090
0
966
0
0
0
0
-1615
0
-13
-1131
-635
-1776
0
-363
-6093
-1390
-6270
0
-144
-720
341
130
650
0
-700
0
36
0
0
-1397
88
18
41
806
176
-37
-3
507
-978
0
301
-3072
-86
-851
-2446
468
162
0
-460
740
0
1143
0
-381
12
57
0
-3221
384
-405
323
-2203
-429
-882
0
633
0
0
0
0
-1002
0
17
-785
55
90
0
-486
-544
-6
-3689
0
258
1320
254
0
0
0
-236
0
756
0
0
-2249
0
0
3175
190
176
0
0
553
-1050
0
-161
-4510
-254
-1976
-1411
0
0
0
-880
-51
0
0
0
-127
0
-243
0
-2325
375
-29
-1065
-3144
-186
2001
0
1584
0
0
0
0
-1846
0
0
88
248
0
-132
-1665
-2085
-8
1104
0
0
1540
1524
-72
-44
0
390
0
-1900
-828
0
0
0
-30
0
404
0
580
0
-694
-1343
0
327
-1177
129
-2651
-835
117
324
216
-794
23
0
0
0
0
-346
-4024
0
-5851
-749
57
-3562
1461
-1095
1368
0
-516
0
0
0
0
-1872
0
0
-2017
0
-113
0
-522
-7265
300
943
0
-192
0
150
-36
1118
0
364
0
-388
0
0
-341
552
12
613
193
-44
848
-72
233
-2293
0
227
-3424
204
-2355
-346
-216
-438
0
488
-458
0
387
0
-60
-150
-2116
0
-5946
-536
95
-2435
1850
158
2052
0
-1244
0
0
0
0
-847
0
-13
-3311
60
-222
0
454
-6483
180
-1596
0
288
1428
60
0
0
0
0
0
0
0
0
0
11
0
254
0
0
-371
0
255
0
0
160
0
0
0
-188
351
0
0
190
150
0
0
0
0
-144
-627
0
-4485
0
0
-225
-375
768
0
0
0
0
0
0
0
-1144
0
0
-217
0
-299
0
-729
-1170
0
-1270
0
129
880
0
0
0
0
704
0
-558
0
0
212
0
0
2860
-66
-44
0
0
216
-3235
0
-526
640
388
-3681
-884
0
0
0
279
-424
0
82
0
-20
0
-2653
0
-2405
80
-765
-1539
-494
1219
-2532
0
-1006
0
0
0
0
-1186
0
0
591
-3565
0
510
-1905
-4913
240
-1524
0
0
406
360
148
172
0
0
0
0
0
0
0
11
0
254
0
0
-371
0
255
0
0
160
0
0
0
-188
351
0
0
190
150
0
0
0
0
-144
-627
0
-4485
0
0
-225
-375
768
0
0
0
0
0
0
0
-1144
0
0
-217
0
-299
0
-729
-1170
0
-1270
0
129
880
0
0
0
0
1928
0
-762
310
0
-1323
0
0
2502
455
168
-992
0
2449
2898
0
289
-3183
906
-1719
-2628
0
315
-127
-1141
38
0
43
0
-34
254
-6160
0
-1818
-83
-1167
-838
427
-1625
276
0
-2963
0
0
124
0
-637
350
-140
522
-324
-682
76
-260
-7128
-95
788
0
246
-34
-192
208
-532
0
-612
0
756
135
0
0
-296
0
236
0
0
840
-238
2761
-2101
0
-1017
1905
-133
-51
-4535
725
719
0
315
72
0
0
0
0
192
-1218
0
-6116
0
-1524
632
-2899
1377
-2032
0
73
0
0
-50
0
-1660
50
204
1685
360
166
-76
-4327
-1473
-762
-343
0
190
-597
0
260
200
0
-2752
-68
-191
0
0
-2745
0
0
-1720
1487
192
-424
0
2116
-2064
0
69
1597
651
-908
-3833
0
-500
0
-199
-187
0
372
0
-381
-72
-7194
0
-4525
198
631
-1578
-2708
-491
-3669
0
-503
0
0
0
0
-2161
0
0
138
1638
-253
0
-2456
-8539
17
-2856
0
129
-90
1016
0
50
0
740
0
2613
-460
0
-1635
30
-98
1828
0
0
294
0
-1129
-2615
0
-796
-5010
403
311
-2328
-954
-116
0
181
-69
0
-78
0
0
-378
-3686
0
-12215
-508
-638
-8883
-1328
-757
-796
0
673
0
0
18
0
-3272
390
68
1427
258
-1473
220
-1439
-119
60
397
0
-834
1559
381
80
24
0
441
644
1486
-430
324
-1060
-150
-1499
-21
81
240
-6
-434
2393
-5004
0
-37
2480
-656
-1015
-4091
639
-855
0
1401
-993
0
82
86
-595
-343
-3070
-72
-7313
46
-1
-426
-1945
-30
-1996
0
1106
-254
-381
144
0
-2495
-75
152
-65
2372
-1621
-292
-2479
-4062
-410
-520
0
321
-1329
207
-204
190
0
-302
-476
-393
0
-508
0
75
-1850
385
855
176
735
-89
2444
-649
0
275
183
2773
-1061
-6129
551
429
-16
-410
297
0
127
-34
-635
735
-3167
76
-5893
486
0
-473
-219
-964
-381
0
920
-72
18
17
0
-357
0
0
-2778
0
2410
0
-1473
-3388
-772
-1401
0
-830
256
0
0
100
0
0
0
0
0
0
0
100
0
-83
0
0
-1540
254
345
225
0
338
0
651
0
-1376
366
252
-254
-216
-143
0
0
0
0
1416
-2309
0
-3094
0
0
1708
-630
-504
0
0
-134
0
0
0
0
-1327
0
0
-234
0
-1973
0
-1804
-2142
0
-1270
0
1070
1210
0
0
0
0
874
66
869
0
0
87
0
0
0
336
-266
784
0
-418
-8444
0
-1414
-2261
-465
382
-2223
0
-200
-17
739
13
0
215
0
-570
-2
-6069
0
-4826
-1212
-18
-4177
-952
261
2704
0
1807
0
0
0
0
-2735
0
0
1218
84
-242
0
-2122
-4973
463
2317
0
-381
0
-64
0
86
0
505
-127
-184
0
0
-2969
0
0
0
2037
240
1016
0
4728
-4549
0
274
-2317
-845
-1905
-2187
0
-230
30
-9
530
0
465
0
-441
8
-581
0
-3285
545
38
-388
-719
72
2224
0
-1415
0
0
0
0
-1992
0
0
-290
686
-385
0
-482
-4140
385
1287
0
144
0
240
0
21
0
1296
0
1320
-10
0
1003
0
-32
5363
36
180
0
0
-707
-2586
0
-1193
-548
-1059
1356
-1138
-127
72
0
98
165
0
574
0
0
-18
-4016
0
-7728
-412
-185
-5268
-79
-140
-943
0
-164
0
0
-138
0
-2751
1215
-157
568
-2775
-198
104
-519
-2532
228
232
0
-381
1422
90
856
-1245
-528
-99
462
470
182
460
-1176
45
-1514
871
974
-360
3213
-805
83
-5095
0
-807
-5127
-953
1319
-913
-1542
250
-72
808
1038
0
932
186
-355
-51
-2538
-10
-8400
-1666
-1495
-4834
-434
1296
-1467
474
2737
-40
102
65
0
-2281
-1220
429
-674
982
1867
-389
-2684
-437
684
-192
0
-364
-153
-31
-402
-143
736
-397
-889
-820
170
-484
-3283
15
-1220
-1408
211
-128
567
-628
-48
-2532
0
1283
2812
-723
-3223
-2270
892
-1155
74
-315
221
0
603
-254
-100
-567
-2964
20
-7940
1124
-2137
-5648
-2071
-2476
-3865
228
1295
34
114
9
0
-1870
100
153
-1635
2011
-3530
0
-2536
-6749
96
382
0
-384
-564
3302
975
792
944
63
-196
-399
27
332
-1590
403
-666
1184
792
124
-1658
-307
-59
156
0
53
80
782
-2048
-1336
-734
-156
-1143
-1751
-256
0
93
-160
-260
-533
-6329
122
-8876
1104
-762
-1344
-1140
-3000
-1651
510
-2643
92
-30
41
0
-1484
0
0
-1079
990
-2779
0
-1097
-3468
-340
1234
0
-122
-99
1794
0
0
0
0
0
0
0
0
0
11
0
254
0
0
-371
0
255
0
0
160
0
0
0
-188
351
0
0
190
150
0
0
0
0
-144
-627
0
-4485
0
0
-225
-375
768
0
0
0
0
0
0
0
-1144
0
0
-217
0
-299
0
-729
-1170
0
-1270
0
129
880
0
0
0
0
-315
75
-422
0
0
-1677
0
0
0
236
-659
0
0
1021
-3081
0
483
-1408
-6
-3307
-112
0
-365
0
472
129
0
-390
0
-24
0
-2532
0
-3044
104
194
-2509
2058
752
-1589
0
-3228
0
0
0
0
-1519
0
0
-1192
-14
0
0
255
-7507
107
-1746
0
0
0
-24
0
-12
-976
303
518
11
-436
-208
-1733
50
-550
2999
102
-145
-2391
0
1140
-2814
0
427
-3959
-1112
791
51
171
0
-13
163
406
0
273
-120
45
1012
-4832
244
-3313
-1330
32
-5369
2087
-1767
2955
-726
-217
122
-33
-127
0
-2790
780
51
-1163
1220
-5552
-183
-3111
-7060
354
-530
0
902
554
-256
-778
1378
-352
5739
9449
174
-88
752
-1817
30
306
-968
1018
-415
-231
-1318
960
-179
0
686
1791
-678
-5546
-2827
-2413
4186
-34
-530
125
-1716
2269
1827
60
602
-3551
-340
-6565
-84
-3598
-3176
564
-676
-96
1272
-2056
-5125
-5518
3713
0
-1020
3070
-2336
-4
2190
-1330
2014
-1749
-3283
-576
-3376
-9271
-1966
-7803
780
1952
-2630
0
-3048
0
0
-727
0
-1625
11
0
-434
104
-84
-636
0
135
-168
0
-96
780
87
1309
-39
741
0
0
53
150
0
-196
0
0
-327
-2140
0
-4140
0
793
-1439
-331
572
-1539
0
0
0
0
0
0
-1728
-350
-90
-224
1323
-552
0
-972
-1651
0
-762
0
473
505
0
-180
30
-224
1352
-12319
-352
-655
-1452
-1095
0
66
4826
-231
0
1491
-96
255
0
0
128
-3959
-6
-1443
-1175
0
1269
648
-352
132
-1606
860
-5461
0
-396
-1216
80
-940
-804
641
-2970
2646
-1122
3490
-552
-2400
697
1634
549
0
-544
3588
1190
-1651
-22
512
-1166
4445
-999
1020
-1560
1606
731
6380
-416
-1278
1978
0
312
0
-806
0
0
-434
0
0
0
0
-33
0
0
195
-3175
0
384
-1605
261
-2772
-752
0
27
0
171
30
0
0
0
0
0
-1995
0
-690
128
19
-180
-575
528
1596
0
-560
17
0
0
0
-1144
0
0
-14
24
0
0
-1377
-4680
210
-2032
0
0
0
270
0
172
