548
486
870
506
545
709
302
1293
667
703
628
909
806
708
1023
668
431
698
639
1099
480
999
690
1119
609
497
637
1606
804
692
667
544
650
635
581
480
518
651
727
528
944
877
741
811
570
1808
469
735
608
942
434
544
773
615
732
656
769
584
500
537
638
506
596
572
1594
519
791
775
504
732
861
510
1034
959
651
744
324
464
451
980
286
421
512
695
631
613
633
1050
627
823
630
828
561
727
542
749
676
1059
387
502
749
571
509
1262
503
992
587
584
650
536
605
807
1112
1357
557
766
813
683
780
440
1060
378
570
698
484
888
451
858
931
376
804
746
513
1010
1395
630
811
1336
380
1064
805
627
966
795
799
737
1166
535
1044
760
366
780
730
758
378
776
731
871
404
642
767
794
489
520
976
1108
1490
1856
893
511
1061
1028
440
530
482
665
946
652
995
313
746
574
599
418
1014
872
1224
1178
788
486
1101
602
1019
563
625
590
553
1005
781
865
565
622
799
664
555
600
639
697
761
657
1126
822
624
620
436
916
1271
967
1369
865
745
564
399
899
1270
721
465
814
683
396
475
485
671
739
443
449
992
396
396
794
704
486
954
526
474
749
738
841
1101
533
737
770
532
932
375
606
643
516
353
673
371
822
596
551
1179
1073
1105
640
759
750
1138
406
1159
611
668
440
553
426
684
605
868
336
706
474
2246
1046
654
755
