127
44
99
-2
77
38
23
-8
-41
50
-97
-43
4
26
-8
34
-9
15
35
-58
-48
41
-38
-30
-44
14
-65
-31
-71
-48
8
25
-65
-84
99
64
-35
-92
42
1
-55
-65
55
23
16
-72
109
6
-51
-29
8
65
100
-13
49
27
127
-65
-21
14
1
-16
101
0
25
19
127
-2
20
19
69
38
-7
127
-61
-19
5
67
29
2
-19
1
53
-43
-25
77
56
83
-30
46
24
5
-25
31
33
93
-49
-110
-21
-28
-12
-63
-19
83
-21
-68
-36
88
-45
-72
67
-43
-2
-58
-31
127
28
-13
66
11
106
24
-105
-15
-4
15
80
61
-103
-127
-97
-22
10
-10
-15
8
-1
-56
32
30
45
-6
43
60
-20
-15
8
42
-18
23
0
-1
26
-6
27
26
52
-1
36
31
-69
40
49
40
-20
-41
-47
-80
-70
-76
3
45
15
43
76
-2
39
37
32
-47
36
18
-110
24
-45
14
-29
12
-87
-127
-21
54
-127
-74
-74
-40
-37
-43
-11
-24
11
-74
8
31
-17
-22
42
-28
35
-40
-9
6
-19
-1
-15
11
22
7
15
6
17
21
-21
6
-127
-57
-58
-56
-15
-23
-56
-19
-20
-57
13
19
-26
-87
43
-31
-83
-10
40
35
-24
-39
8
-53
1
-24
36
-3
34
1
-56
38
56
79
58
22
-25
-39
-35
-3
-17
30
18
-23
0
32
14
-52
24
23
-30
-32
20
-45
-85
-32
-60
-7
1
1
-127
-34
-23
-5
31
-18
13
-68
-4
46
27
8
5
-5
-50
-46
13
-82
-62
57
-127
0
26
3
-94
3
0
-20
8
-16
66
-22
-34
-41
70
-80
127
126
67
30
-21
38
-21
31
-8
100
-32
-23
-12
-51
47
11
0
8
-38
-40
10
-21
-40
-9
-48
11
19
-29
-7
-11
-1
-4
61
24
-49
20
-116
48
-127
-46
-122
-29
-24
47
8
37
43
-71
51
38
-2
55
22
25
-20
3
65
13
-99
-114
-91
30
119
61
7
-4
-2
42
5
29
27
-1
10
-20
-62
-21
-26
-29
-44
13
-75
-77
-19
-113
18
-21
-49
-40
-27
-127
-15
-40
-26
-71
-61
-22
-74
-53
-88
-14
5
-37
9
-61
-31
-32
-73
127
-50
10
21
-82
38
3
-21
53
-7
-14
-26
57
92
-58
-93
40
-69
-18
-32
-56
-95
-105
-127
-62
-42
-103
-92
-70
46
-106
27
38
16
-46
-21
-60
-52
-41
78
6
51
-66
50
-54
112
3
40
49
46
55
14
1
-115
-75
-127
7
-67
36
-19
-27
47
-105
-51
9
-38
-5
-10
28
-118
-80
26
63
27
17
3
-40
-44
39
-70
-23
-1
-9
23
51
-15
-14
13
-127
-59
-55
17
1
-13
25
-79
-49
17
51
10
-105
54
-52
38
-32
-50
-106
-74
-15
-26
12
41
-11
-14
-104
38
-46
-2
-7
-19
56
1
2
13
-92
15
28
-1
80
-27
-127
7
-105
17
-39
64
-39
2
-15
21
54
46
1
105
1
0
58
-28
-39
-98
-56
-17
-86
-73
-77
-72
8
-54
-65
51
78
-9
-24
21
-45
-127
30
-1
88
-23
4
-30
14
-33
52
36
38
32
73
64
-31
-7
36
-32
-11
-51
-1
14
30
8
9
21
19
-19
-127
29
39
-57
-14
-61
22
42
-3
2
-54
-25
-27
23
15
11
-38
47
2
91
73
125
-51
-53
-73
-4
32
-13
33
-32
9
-40
-34
127
-26
-81
7
-43
-11
9
-2
-47
35
-39
19
-21
-64
-18
-29
-7
4
-16
42
-28
53
-3
11
4
2
45
90
-12
-34
-4
-22
25
48
-38
0
-72
-40
46
-51
23
0
-14
-55
-16
-20
27
-25
127
-28
72
70
127
-27
-6
3
-18
-3
-27
-16
22
7
43
-1
-60
1
-7
13
-4
-55
43
-45
-37
23
-5
-9
31
-77
8
-46
-84
1
97
110
101
2
11
75
41
28
-2
10
-40
-127
6
120
74
-80
43
88
47
-116
16
23
-63
98
42
68
71
2
-78
-77
45
59
55
49
-21
53
-26
-56
55
7
97
-11
-7
-13
-44
-96
-62
71
-127
-38
43
8
7
-78
6
-75
-77
-125
-7
67
-24
-22
18
-90
-20
-3
-12
-38
-59
-38
-30
-73
-15
-7
55
-29
-23
-85
-43
-14
-20
-58
-23
-62
-40
-127
31
-18
71
-3
38
-5
30
-19
-18
-90
60
127
82
65
-25
73
20
-10
7
43
-47
-10
43
-7
30
-38
48
85
0
11
-19
66
-58
-59
-92
0
45
40
-103
-71
-14
18
29
-52
-17
-4
-31
-26
-22
-114
-56
21
65
-100
19
54
42
22
12
127
42
4
-15
-73
21
-62
-38
-47
-105
75
29
-52
-25
-26
-127
-64
-53
-39
-29
-18
-11
25
0
-8
27
14
-20
-10
46
-32
-35
-76
13
20
-8
-46
14
-31
-19
-8
23
1
58
5
25
8
49
8
50
87
86
98
53
61
60
71
-18
12
32
42
47
127
88
0
-75
23
-22
-7
-49
0
-32
2
2
6
-39
8
-20
-66
113
-85
81
-103
65
-49
42
-23
62
17
12
113
-11
23
127
127
-82
-84
-95
18
29
-92
60
23
17
91
71
-16
35
-35
49
74
127
103
39
60
-56
-22
-103
-12
26
102
14
-22
42
45
-30
-87
58
82
52
30
21
-80
-61
-82
-105
26
0
35
-83
-2
-16
-53
-48
-35
-58
-127
-71
-27
-87
-35
24
-76
6
11
-12
-44
-22
-51
-26
36
-24
63
34
-50
27
-91
-52
-50
-62
-28
-30
-54
6
-69
123
16
127
8
38
-23
-78
-41
-120
34
-54
1
-6
-34
83
12
-57
-14
-24
-60
26
1
54
15
-67
52
-48
-86
-82
-71
47
39
77
6
-25
-17
15
19
52
-35
-7
-1
-38
-78
-23
13
28
-69
28
30
13
-43
-38
-27
-62
-85
-27
3
-87
-44
-127
-114
-7
-121
32
50
-23
-57
-87
-66
-127
-13
23
9
95
-64
-5
48
12
-68
54
77
-73
69
5
-116
43
-36
93
-58
-46
18
22
-45
-33
-65
80
72
-9
18
35
3
2
-3
100
86
7
-127
-6
4
-27
46
60
93
101
-94
-23
10
-4
-89
-37
-30
65
-35
23
-66
-75
-75
79
58
127
45
3
11
-31
19
-54
28
-67
70
-37
64
50
21
18
77
2
70
-12
55
8
-16
-100
46
-127
-56
-68
-56
36
-62
3
-79
4
-39
-30
51
-106
-10
-111
-4
-97
-90
-127
-46
1
-108
7
59
-112
-124
-96
-15
-68
-127
19
75
-33
-37
-102
-59
36
-24
127
61
85
2
-3
10
-52
3
-17
81
-63
-6
-28
-21
30
-34
5
24
-28
-8
-40
21
-37
-49
-47
39
-33
-15
-84
-25
28
7
-47
-127
12
-90
-36
25
-49
55
7
-47
-15
-73
-71
12
-95
17
-35
-70
-33
-85
15
26
-87
-115
-16
-68
-35
4
-50
-29
-37
-54
16
11
-14
-19
-105
26
-82
-63
-4
22
-15
-41
0
24
36
-80
127
49
-15
106
41
-67
46
-14
-1
103
-18
50
-53
7
-36
-7
62
116
69
-4
14
13
35
-4
-33
127
1
-59
-22
-28
9
-9
-1
48
6
-79
-49
29
-14
-31
-50
-23
2
19
-45
-46
-48
-24
59
53
30
-2
-89
-26
-127
-28
-47
71
10
-13
-44
11
71
-96
63
-19
-31
46
-11
-22
-25
-29
-43
87
-22
4
-47
-7
-34
-16
66
41
127
76
43
-14
45
75
-4
-12
-33
76
-52
38
30
-27
-13
86
-40
-6
17
67
-42
-24
65
33
-15
-19
-76
-59
44
28
56
42
120
123
76
44
99
98
-32
43
72
127
-3
30
-92
-89
8
63
75
-37
85
-25
74
69
68
55
-8
74
-23
36
104
-34
105
26
85
4
-3
-107
7
-28
-16
51
0
20
-54
-39
-13
-22
-80
-20
7
-20
-79
-64
-37
43
67
-80
-56
-66
67
20
-127
72
36
39
16
33
-19
3
-3
-69
12
32
29
17
7
-18
-52
-15
-15
13
26
26
94
25
-127
-65
-16
6
-12
-13
-21
4
24
-80
-65
127
-15
17
27
85
4
52
-15
111
-27
-17
38
-55
-26
56
-20
1
22
12
23
95
18
45
-8
0
-48
55
50
-66
15
-81
-9
43
-35
66
58
-16
-28
-1
19
103
-58
60
-26
64
-21
-66
25
29
-32
-45
-64
64
-65
-2
-58
-19
29
24
-97
-127
-30
10
-87
70
-24
5
-48
23
69
61
65
13
-20
-35
-80
-127
-2
48
-112
35
-29
-56
6
-53
86
-12
34
-21
39
-65
97
14
106
0
103
57
127
-6
67
-52
75
34
-54
-20
-102
-3
-44
4
-41
16
-78
-29
-72
-126
85
-31
-37
13
-4
-77
-46
-41
3
-86
11
-9
-91
-108
-16
9
55
-26
43
64
-83
-57
-43
16
-6
-35
-8
-6
-66
-32
51
-127
12
60
0
15
-61
8
-29
-115
-40
35
-17
-12
-115
-98
-66
-69
-37
-18
24
11
58
-37
-34
20
42
-127
-87
-31
-25
18
11
1
14
13
55
-89
-20
-58
9
69
49
50
34
-38
-127
-76
-68
-10
-27
-4
-39
0
22
-98
8
-8
21
-28
-36
17
-18
-18
2
19
-22
-22
6
-1
18
-40
-8
27
29
5
-9
-13
-43
-22
-3
-34
-31
-23
-85
-20
-48
20
51
57
-70
21
17
-16
-15
-53
76
74
-5
34
-43
23
127
-17
9
-68
-48
2
11
41
22
5
66
-36
100
3
3
74
-12
41
127
0
1
47
77
16
13
80
-26
-62
-80
3
57
73
83
-65
72
-35
-49
-50
53
60
-127
-39
-61
-52
-17
-12
23
-29
31
-33
-36
5
10
-29
18
-62
-38
-59
18
-4
-37
-13
-6
-10
31
16
-22
33
41
45
39
-3
-24
10
-14
-8
-73
-53
-79
-127
-71
-3
-6
-59
-16
-79
67
-68
-47
20
-14
11
-29
4
76
-17
8
3
-71
59
3
-38
32
-57
44
-11
-28
-11
9
-12
45
-48
-54
51
-127
53
-31
-64
0
-68
-96
-69
-17
-63
-5
-97
17
36
-53
-53
7
-40
-4
6
50
53
102
88
77
-84
72
76
52
96
-34
126
61
-68
45
-35
59
26
-127
-14
71
-54
25
72
-19
-48
-24
-62
70
-31
-55
-14
-95
23
-127
-81
-48
-60
-15
-12
-25
-5
11
-58
37
32
-5
-6
21
-4
-7
-45
-3
5
-20
-28
13
26
16
11
-23
26
12
1
-18
21
-72
10
-34
-22
-91
5
-63
-44
-19
-9
-39
-69
25
-62
-56
25
-27
30
-114
6
-8
-22
-9
-59
37
-41
35
26
-6
-31
-93
-127
-7
13
96
20
30
-26
-3
127
63
37
-7
52
-3
-54
42
44
-3
16
13
-6
47
73
-37
-44
-2
-68
99
-81
53
-24
-57
-17
-101
-127
-59
-67
-22
1
38
34
48
-31
8
4
23
-44
-22
37
-34
1
19
17
-44
17
66
-44
10
-27
8
-5
54
-20
12
-30
86
2
-32
24
35
-10
-48
-55
-36
25
-13
6
2
81
-20
8
-30
-38
6
-51
-44
-64
-82
-93
4
19
-18
-33
-127
-122
33
-20
41
-9
-121
-37
77
-64
27
-127
-1
-10
116
-40
60
59
-72
-98
64
127
-34
-64
-76
-68
-31
17
116
-48
-36
20
-53
9
-77
-109
-63
-127
-107
-74
-32
-21
-30
-19
30
-40
54
40
-11
6
-37
13
-31
44
-63
31
-22
20
36
-9
74
-22
-18
79
12
45
-62
14
-2
-54
-57
-25
74
49
-29
55
-88
-22
81
0
56
113
48
10
30
9
15
18
16
-28
-83
-18
127
-50
-47
-8
-21
25
-107
7
127
16
103
7
-20
15
32
21
-23
-3
64
0
11
63
21
-16
77
2
-48
-79
-13
-46
40
52
18
40
65
-56
-18
-27
-68
-5
68
-8
-86
-33
53
-127
-111
-58
-32
15
106
-39
-51
-37
40
50
-10
10
-56
-75
-62
21
-46
-97
15
-88
-13
-16
39
-54
-78
-79
-127
-74
-96
-90
-19
-82
-48
-106
-40
-65
43
33
23
36
93
-41
46
3
-35
46
-46
-57
32
40
-13
48
-11
1
15
46
-6
15
23
-68
43
-26
-3
-48
-53
45
-25
-89
55
-32
-51
-67
-48
-47
-96
127
-118
-120
3
59
62
-53
-88
24
1
-2
54
-24
-7
76
100
104
36
97
127
27
121
85
33
51
-108
34
23
-28
19
37
-20
14
-8
-41
71
61
6
-19
1
-44
-33
-39
-13
-65
-44
-30
3
29
33
-78
39
0
80
46
-56
34
25
-12
-74
84
38
-38
15
-38
15
-127
-63
-54
9
-8
65
1
34
-90
21
-31
-26
36
-105
-122
-107
-59
-74
-88
-36
-98
45
-127
41
72
-23
-25
22
-41
12
-59
-46
106
-5
-1
-42
-7
97
-23
-4
-1
84
69
-11
-11
127
10
32
29
-53
-11
0
-7
-4
16
-15
-8
-20
28
-37
-10
31
40
29
-4
35
48
-25
-5
14
12
-56
-15
-45
-25
20
-59
-127
-82
-111
-76
-14
-67
-35
-30
-16
-54
30
-13
-2
-9
87
-11
-4
-15
0
36
-18
-26
27
29
14
-6
18
36
19
2
14
14
-17
3
18
-29
46
-16
110
-26
33
15
102
34
5
127
-1
-60
74
42
6
-18
37
20
0
47
99
-12
60
33
-30
22
-60
-3
-30
67
-51
-36
-11
-62
-26
-38
-52
25
25
-25
41
0
127
-33
73
-31
6
53
-6
-32
13
97
-29
-11
-18
-59
34
52
-45
54
54
-76
-78
95
28
-97
-101
-35
-91
-92
55
-14
1
25
123
-117
21
-127
5
3
16
-58
0
-1
5
69
-42
-6
19
124
15
21
-7
102
16
60
-3
12
-55
-11
36
90
80
127
-40
31
122
-8
108
59
-34
88
17
-29
31
2
-34
13
88
102
68
5
36
12
18
10
72
-13
35
-45
69
-56
52
-14
70
-16
-63
127
117
-113
77
31
-45
-27
29
6
23
73
121
-62
30
-88
-64
38
-97
-30
-95
-38
-40
17
-32
-43
-12
-56
-53
-59
-47
52
-30
-6
52
-7
-7
-127
3
-2
20
-17
10
48
43
61
-40
-22
-15
52
19
-19
-115
-127
-44
-47
-20
17
12
-2
6
-101
22
77
-31
-30
-21
22
-30
-30
-6
28
-10
-32
-1
5
-44
-2
-11
43
57
45
13
-20
54
-47
85
-43
-24
52
12
37
-18
76
-17
19
-47
-63
3
111
-127
49
12
58
-6
36
64
-4
-62
-20
-35
23
29
-4
11
93
44
92
97
-24
72
-76
77
21
11
61
-14
-45
-52
81
23
-34
55
-12
-21
-70
-45
-51
-16
1
82
63
10
-127
-87
-56
-76
71
33
26
45
38
4
9
-59
45
-27
49
-55
-127
-66
44
-45
5
31
46
-38
-3
-30
-61
-72
-3
-21
-35
27
19
-87
-99
-38
20
94
48
127
24
20
-23
29
-22
-83
22
-70
15
8
9
63
-22
-39
-15
-18
-46
-34
68
24
-50
-103
5
-68
-126
-63
-21
38
55
-109
-59
-95
-127
-29
-7
57
-14
-112
-21
-66
-73
49
-115
92
30
25
-96
-28
-87
23
-25
80
47
42
-62
-91
-20
37
33
-61
-22
96
34
-7
-64
51
-79
-8
-68
-95
54
-4
-5
15
42
113
-86
-35
-18
-58
-3
-98
-127
79
-13
-43
-32
4
6
-70
-78
66
-31
-87
-14
-31
-29
-11
-85
-127
-74
-36
-27
-9
17
23
7
84
-60
-19
-42
74
-3
-49
7
-57
-31
11
-16
-40
-8
39
33
33
28
-47
-55
-79
-39
-126
-116
-75
2
-29
-59
-54
-60
45
-52
-73
-60
-90
-47
-66
-63
56
-127
9
9
-14
15
-19
-29
7
-30
-11
8
-111
-127
-80
-55
-56
-78
-45
-34
19
-96
1
23
37
-28
56
1
-36
-67
-23
10
22
-37
16
-16
8
10
-27
-21
53
34
32
28
127
65
32
24
-76
-10
-42
30
5
41
-109
15
4
-111
48
-31
1
37
0
68
-6
30
-25
5
-46
64
-92
7
-24
-25
11
-86
-86
-70
-84
13
22
-41
-43
-53
-19
-39
46
79
37
13
20
51
62
-42
48
113
37
46
40
76
80
42
-127
9
9
44
-19
83
-127
-76
-56
-77
-7
-37
-37
-31
-32
-63
42
-25
39
1
83
11
-6
-11
-47
38
-42
-27
52
37
18
21
-12
-23
-12
18
28
16
88
68
8
-83
31
22
18
-31
-58
127
3
44
62
-33
98
89
43
18
4
74
-7
32
-67
4
2
-1
1
24
32
39
-53
60
77
47
21
5
46
37
-8
26
-67
0
-91
-52
-49
12
16
2
-34
-45
-30
-46
-43
41
-71
-17
-127
58
-39
-18
-36
-43
-3
-7
13
26
1
-78
-22
-1
-73
-67
69
42
50
-127
-7
-35
-79
-41
-90
50
-4
7
-94
-59
-9
-110
-37
-96
10
67
-28
22
-120
-18
47
37
127
63
-1
-32
61
-18
-41
1
-43
-4
-64
-57
-18
-50
-79
-34
-24
-16
31
-7
-91
-7
4
-29
-40
-56
-19
-64
-40
-68
-23
-59
10
32
-13
66
-60
-40
-64
-60
34
-16
-70
-30
47
40
-4
-30
-6
-31
-82
49
-3
-77
-127
-40
-26
92
-54
-10
39
-30
-127
-96
-120
-54
-40
-76
-50
-18
-28
-93
16
25
0
-24
-6
-28
-7
-44
8
30
-16
-79
19
-12
31
-1
-19
41
-5
36
-37
6
114
-39
45
39
-50
-32
-127
-76
-94
58
-43
-65
2
73
43
-73
12
0
43
9
10
73
29
-2
-25
113
-46
-16
-64
-34
41
80
-124
-109
-82
-87
-39
-122
-3
-8
-22
-120
-73
78
30
-47
73
-15
48
-127
75
-37
-1
25
10
73
16
65
18
-45
49
98
-101
31
38
65
-104
27
-8
46
58
48
127
57
83
-15
71
-82
-31
118
-72
-49
58
31
-99
20
-14
-49
6
-108
41
110
55
-56
83
-36
-127
58
-91
-28
-112
-72
-36
-50
2
-74
-6
-85
13
48
-12
-60
2
-47
-47
-87
-9
14
-9
8
30
58
-28
45
-46
19
-37
-52
-5
-19
98
-54
20
-28
-5
17
-66
-107
-76
68
-4
-85
127
-15
-91
-14
3
14
-113
-33
-53
12
26
-18
-37
-66
57
-41
-16
103
-127
-104
-118
9
-19
-32
33
-3
66
-112
57
-37
-29
-27
-65
8
-42
-19
-29
-13
9
-101
3
12
30
-25
-13
-8
36
25
70
-72
-94
-74
-42
-86
-43
9
-93
-13
-49
-41
-127
-46
-124
-43
-14
-110
-9
-4
-24
-95
-79
-106
-52
-44
-39
-76
-22
-62
-115
6
-49
-107
127
126
54
20
-8
5
-7
23
-39
64
-44
-47
-53
-17
-22
15
-33
22
35
-39
14
5
-33
-58
-43
-39
-29
-62
-54
-87
-28
-51
71
91
94
1
48
11
11
-54
-115
77
-53
-17
-33
19
9
-36
3
0
-65
-53
-18
-36
-79
-53
13
26
-56
-47
-127
-89
-2
-97
-27
84
-22
86
-102
-111
-12
-6
-28
122
-39
56
-11
-52
126
-15
-29
-9
13
113
106
57
-1
13
26
77
127
50
-21
49
60
68
48
79
7
2
-7
80
89
52
7
-33
127
48
29
111
22
-41
74
26
101
93
117
5
-53
-34
7
-48
-43
81
36
115
20
85
33
6
18
56
50
-25
-4
1
-14
-108
-20
-86
7
1
-54
43
-69
127
-35
-27
-41
-9
44
-125
-20
-33
-83
50
-39
30
-20
-37
46
22
73
-21
21
-60
-44
-15
-90
24
48
-35
-66
21
-22
-127
-64
3
16
-37
-13
0
-16
-67
24
-7
55
-113
-34
-72
-55
18
37
54
52
-6
-41
-17
81
95
37
2
67
71
27
-101
127
66
-84
58
41
-17
33
-57
16
67
45
80
98
63
3
-21
118
52
63
88
17
15
-127
21
-107
1
6
52
56
12
28
-18
15
-74
77
60
-26
57
-5
-61
-37
-41
-55
-6
11
53
-31
77
11
-67
-48
28
-27
-73
-79
-80
-48
-93
-69
21
-7
-48
-16
10
-50
-3
-127
-81
26
30
-40
-20
21
-14
52
-83
-6
-60
-37
-78
-61
52
127
-19
-14
57
-43
72
-16
-32
10
-24
-92
3
-3
94
-49
-20
-19
6
49
-18
-88
-15
-3
-4
17
-11
-34
-68
-19
-33
14
32
30
36
72
87
-11
40
-56
-52
-56
8
-35
67
-70
58
28
-57
125
-25
-35
26
26
-8
-51
42
127
13
-57
-57
-79
47
-10
-80
50
-121
-76
-2
-63
-29
-61
-25
27
124
-110
119
50
55
110
92
-106
78
84
127
120
55
5
66
-22
-21
13
45
93
-31
-12
43
-22
5
26
-14
60
-23
7
13
11
-3
4
16
-43
-127
8
-19
-41
-15
-5
7
-16
26
33
19
-14
-58
-28
34
8
-9
-6
-23
-39
-76
-126
30
-60
-41
-54
-60
-85
-41
-61
31
-63
-13
32
-31
-44
4
-1
13
14
44
61
-6
14
127
-7
-35
-68
30
68
70
-11
-34
8
13
36
71
2
72
30
18
43
26
22
-127
3
62
-20
-19
-83
-45
62
-2
32
-45
-72
-9
17
4
5
21
12
-27
17
42
56
36
-32
-103
-38
-69
-123
56
-127
32
-26
-42
68
-50
-28
-72
55
-126
-1
-31
-105
-4
-42
64
-29
-110
-103
-96
-2
39
15
32
36
1
-8
-14
-71
14
6
-10
-11
-74
-14
31
-35
-78
34
49
7
14
-1
-26
-77
-58
-50
-25
-10
-37
-127
19
-14
-31
70
81
13
-56
-62
-112
-66
-22
-127
24
-85
58
-29
-45
88
5
8
-108
-10
-4
-36
-11
2
51
-82
71
-58
-118
-64
-11
-43
51
