0
4
10
6
-1
0
-8
-7
-14
5
1
7
10
10
2
-11
-5
0
10
6
4
0
-7
4
-17
-3
0
5
-2
6
8
-11
0
4
10
6
-1
0
-8
-7
-14
5
1
7
10
10
2
-11
-3
2
9
7
5
-1
-7
2
-18
-2
3
6
0
7
6
-12
1
4
-1
3
-1
5
0
7
-12
-4
10
5
0
3
-7
-11
-2
1
7
5
0
1
-5
-3
-12
1
3
7
2
8
3
-9
1
3
3
5
-4
7
-2
0
-5
3
8
10
6
6
-10
-8
0
4
10
6
-1
0
-8
-7
-14
5
1
7
10
10
2
-11
-2
2
11
7
0
1
-7
-3
-13
3
0
6
5
7
3
-11
-2
2
11
7
0
1
-7
-3
-13
3
0
6
5
7
3
-11
0
4
10
6
-1
0
-8
-7
-14
5
1
7
10
10
2
-11
-3
1
-1
2
1
5
0
3
-13
-6
4
5
1
2
-5
-7
-3
2
9
7
5
-1
-7
2
-18
-2
3
6
0
7
6
-12
0
4
10
6
-1
0
-8
-7
-14
5
1
7
10
10
2
-11
-3
1
-1
2
1
5
0
3
-13
-6
4
5
1
2
-5
-7
1
3
-2
3
0
-3
-4
-1
-6
-2
3
5
2
4
0
-1
-2
1
6
6
0
2
-5
-2
-11
1
4
8
2
7
1
-10
-3
2
9
7
5
-1
-7
2
-18
-2
3
6
0
7
6
-12
1
2
-1
3
2
-2
-5
-4
-6
-1
2
5
2
4
-1
-1
2
6
6
4
-6
8
-4
-5
-7
8
8
11
11
10
-7
-8
0
4
10
6
-1
0
-8
-7
-14
5
1
7
10
10
2
-11
1
4
-1
3
-1
5
0
7
-12
-4
10
5
0
3
-7
-11
1
3
-4
3
1
-1
-3
0
-7
-3
4
4
1
4
-2
-1
-5
-1
6
4
4
1
-5
4
-18
-5
1
3
-2
6
4
-10
-2
1
7
5
0
1
-5
-3
-12
1
3
7
2
8
3
-9
10
3
-4
-9
3
3
-2
18
-17
9
8
-11
1
10
-24
8
0
4
10
6
-1
0
-8
-7
-14
5
1
7
10
10
2
-11
0
4
10
6
-1
0
-8
-7
-14
5
1
7
10
10
2
-11
0
4
10
6
-1
0
-8
-7
-14
5
1
7
10
10
2
-11
4
6
6
4
-5
5
-4
-2
-7
5
8
10
10
8
-9
-10
5
2
4
4
-5
6
-1
2
-5
2
10
8
5
3
-11
-14
1
4
-1
3
-1
5
0
7
-12
-4
10
5
0
3
-7
-11
4
6
6
4
-5
5
-4
-2
-7
5
8
10
10
8
-9
-10
0
4
10
6
-1
0
-8
-7
-14
5
1
7
10
10
2
-11
-1
3
10
8
0
2
-7
-5
-13
4
2
8
7
7
2
-11
-5
0
10
6
4
0
-7
4
-17
-3
0
5
-2
6
8
-11
1
4
-1
3
-1
5
0
7
-12
-4
10
5
0
3
-7
-11
2
1
1
5
1
-2
-5
-5
-6
-1
3
6
3
3
-1
-4
1
3
3
5
-4
7
-2
0
-5
3
8
10
6
6
-10
-8
-3
2
9
7
5
-1
-7
2
-18
-2
3
6
0
7
6
-12
4
6
6
4
-5
5
-4
-2
-7
5
8
10
10
8
-9
-10
-3
2
9
7
5
-1
-7
2
-18
-2
3
6
0
7
6
-12
1
4
-1
3
-1
5
0
7
-12
-4
10
5
0
3
-7
-11
-3
2
9
7
5
-1
-7
2
-18
-2
3
6
0
7
6
-12
0
4
10
6
-1
0
-8
-7
-14
5
1
7
10
10
2
-11
-4
5
-3
3
5
-1
-1
4
-15
-5
4
3
-3
1
-1
-3
-2
3
6
6
0
3
-6
-3
-12
3
3
6
5
7
1
-9
-1
0
12
5
3
-6
-8
-1
-12
-2
-2
3
0
4
10
-7
-3
2
9
7
5
-1
-7
2
-18
-2
3
6
0
7
6
-12
4
6
6
4
-5
5
-4
-2
-7
5
8
10
10
8
-9
-10
1
5
3
5
-3
4
-5
-7
-6
5
4
8
8
6
-4
-3
-2
3
-4
2
0
7
1
6
-14
-4
9
3
0
4
-9
-9
1
3
2
3
0
1
-6
-9
-6
2
2
6
5
6
1
-1
-1
0
3
7
-3
8
-4
-4
-8
3
3
8
4
5
-7
-8
-4
-1
10
6
5
1
-7
4
-18
-4
2
6
-2
4
7
-11
-3
2
9
7
5
-1
-7
2
-18
-2
3
6
0
7
6
-12
2
6
6
4
-6
8
-4
-5
-7
8
8
11
11
10
-7
-8
4
4
-4
0
-4
2
0
4
-4
-3
11
5
2
3
-10
-5
6
1
-2
0
-3
0
-3
-1
1
-2
6
5
3
1
-3
-1
-3
2
9
7
5
-1
-7
2
-18
-2
3
6
0
7
6
-12
-15
6
7
1
-15
14
7
16
8
-6
6
-4
-10
-16
9
-3
4
6
6
4
-5
5
-4
-2
-7
5
8
10
10
8
-9
-10
