-1910
-1341
-10159
-11445
4370
-8229
-13870
-274
11490
-1988
-11327
3896
7498
5337
-6909
17004
9250
-4848
3709
4307
-7378
-9797
-17774
16134
-3209
9461
5411
-10230
2877
-3712
-348
-4479
-5467
-7034
-5327
-4107
-4026
-3814
-3128
-5046
975
-459
-11659
376
-7219
1654
-1304
1632
8736
-2219
1806
8374
-603
-5482
-9692
7453
2974
92
9093
1152
71
-4995
92
-311
5485
4080
504
-5196
12097
-13179
-2579
-444
4431
-2067
-5349
11787
4936
2442
703
11107
10312
3907
1998
19299
6950
-10008
-16020
24069
4350
12670
9801
14340
58
-844
11551
-1604
2451
5222
-11834
-10391
2087
-9792
-3856
-1606
6469
-10821
-5033
6163
-493
3031
-10883
17372
14466
-6152
6399
7713
908
-14177
-8816
25626
6787
9404
3552
260
7929
-7065
2831
6566
602
-829
-6252
-3698
-5269
2641
-5177
-6754
-205
-4486
-4558
10038
1629
4584
-8494
4721
15967
-6561
7840
3316
-1571
-11560
-11168
18508
10362
4660
5600
2986
5817
-4525
3169
4788
-935
6233
-6243
-4157
4421
-13617
3176
-2668
9035
-12243
-5184
188
2119
8872
-10713
6555
12712
-3750
-152
7318
-484
-8509
-9833
22224
2359
8451
-406
3204
1807
-4544
7375
-3973
-11266
6749
-3223
-9836
10372
1896
4638
-3323
-1891
-1422
-7194
-8461
-8402
-4274
-1307
8961
3736
-11318
-12387
9778
15
-4459
-7626
9326
6512
3248
7488
2380
-8815
2362
-2364
-4331
2011
9397
-5797
-1459
1780
-5764
3397
497
1924
-13802
-1448
14341
1753
-401
-13420
9112
20309
-11360
-401
6821
7946
-13831
-9584
20712
14738
11549
8377
8126
5007
4182
10171
6563
1377
8350
-4820
-10370
475
-2912
-3378
-210
-1276
-8440
-6847
4292
5986
-485
-7835
13076
10102
-3723
-765
3530
4501
-12731
-13846
14914
7249
17233
461
-1045
8335
-236
5250
-2654
2904
-934
-5720
-7817
6168
-1417
-6398
-649
4177
-1814
-13571
10944
643
3783
-25
15966
13760
-1165
4189
8592
-736
-12296
-18095
15142
312
11992
10723
8218
1963
1140
7589
-1361
1017
3490
-8256
-8437
3234
-13942
-3825
7045
4527
-7433
-5004
10237
3275
-10630
-9385
13520
8724
-6682
-3449
-2063
7233
-9570
-13203
22172
6236
12556
-1190
5517
6674
2149
6511
2866
6952
10490
-5779
-4245
2509
-5246
2955
590
-4622
-12740
5967
10993
3021
-7199
-11579
9118
20344
-4093
-2900
8857
9622
-12035
-6271
26447
15645
7859
-640
10743
5248
5034
9476
5873
1159
-5434
-1785
-6770
6188
-4433
-9436
-2072
5113
750
-11083
6899
-790
5948
4083
9243
10714
5086
4123
13177
-7817
-7442
-14383
15310
-727
10297
9531
4573
4640
-2525
2353
791
-2197
-5542
-6019
-6903
6998
7109
-6042
-9162
-7836
2201
-4366
-1230
-1124
-6741
736
11229
12695
460
-138
15097
-7949
-5818
-9168
13425
8472
1232
4972
8863
1230
248
-9141
-2226
5980
6704
-7455
-1616
2261
-5290
5775
-1514
-208
-12687
3272
12948
4471
-1617
-14804
13555
22072
-10609
1986
10266
10038
-15368
-10785
25347
16552
7545
5757
9920
3975
1901
8246
7575
-15
-5062
-14248
-11194
7762
357
-1499
229
16033
-1113
-14331
4525
-10057
17413
-4495
17844
14329
-1496
15851
17891
-343
-14553
-19834
23685
2640
-343
11968
1182
13234
-2131
15555
2678
3695
14149
-4657
-9077
7538
-8151
3829
3713
9904
-14272
-5219
16824
2392
1632
-9914
15362
20724
-11658
-5254
12772
15233
-14656
-20655
32560
14363
15338
8815
15119
1732
8824
14986
2164
976
4145
-1723
-9280
107
2216
-9111
-1629
2053
860
-7134
-7803
-4580
4018
2292
12262
3850
6374
4068
8028
-940
944
-1872
10120
3044
565
9489
-8215
5792
-9275
-7927
787
-562
1744
3225
-7002
5534
13263
-4565
-2791
-306
-3307
-5921
86
-5142
-197
-555
8573
13637
1846
-1439
13029
-902
-5870
-744
5353
582
7738
8829
11660
-3333
866
510
-2858
4136
11982
-6669
-3343
2497
-18310
5975
10166
12376
-9880
-5727
13947
2472
3757
-3401
14578
9237
-3081
3577
2761
8891
-10009
-14959
23690
1561
9163
5781
4502
4028
-2718
16909
2220
8616
6220
-2000
-11835
4810
-8982
-12514
5025
13933
-3991
-15498
20887
12170
1422
498
22907
15407
1793
6601
6639
-4510
-12982
-18739
28752
-6217
17352
11367
3499
7717
66
8332
668
636
3841
-7070
-5866
6346
-10139
1244
-4383
7204
-4253
-2775
-2001
691
3932
-8009
5964
13859
-1106
9724
15780
2581
-6870
-12319
28195
5470
3319
9999
6044
181
-5870
3896
6
-2826
9846
2499
-3466
-859
-5718
5543
3804
-3461
-10801
-3867
10838
-3042
-4026
-8682
7797
13147
-3716
-775
2392
14670
-8252
-2584
9973
8704
9039
11127
-277
816
4984
15480
-1081
470
6484
-4044
-4546
420
2250
-2969
-11
-7947
-11146
1360
12384
1489
-1912
-5030
6562
16670
-9789
-2687
650
7119
-8721
-7686
10942
12405
9050
4283
2157
-4862
4529
4401
1707
1152
1012
-3623
-4099
-165
866
-3313
-5431
-757
-848
386
735
2572
1097
-10285
10283
18758
-4991
6214
7328
930
-2548
-7085
12961
9802
-1235
11253
-6644
-2786
-4029
-120
4541
-3167
-191
-12735
-16498
7512
2823
3112
-4390
4853
5422
-618
-6014
-8417
9520
-950
18431
2573
3338
12270
21250
5466
-11171
-6801
16537
15058
720
10111
-9098
8804
-11442
-1241
-3702
11587
17794
-2298
-6158
2932
-19964
-10330
6153
12950
-21625
-17713
22999
10711
2651
-1280
18413
20479
-2485
1446
4109
-3163
-15039
-12862
31741
-2830
21571
4449
12857
4560
1567
9339
-2054
-999
2947
-2974
-7638
1886
4052
-5159
-546
-6200
-524
2121
6015
3485
-1123
-8181
9465
11852
-5706
953
7922
4329
-11014
-10041
15330
14353
9836
6159
-1177
649
3650
-1424
3915
14106
21907
942
-6119
3272
-22341
-8561
10537
16628
-17731
-19469
27232
15450
1534
-2289
22681
18644
1742
3215
4223
1899
-16730
-14219
35548
-3327
24153
8122
13435
6392
1522
14314
-2404
2739
14636
753
-1827
815
-21074
5206
3532
13340
-16717
-7958
12100
1636
-307
-11214
10035
16026
-1975
1207
4317
8847
-10852
-14640
25089
3498
14899
8621
6904
5750
-563
20645
9
-3773
4479
-7176
-2627
1696
-15632
4612
5071
-4253
-14608
-2504
3272
1410
-6116
-1563
-238
10199
-4370
-9772
595
-5339
-6187
-2426
10906
-383
11015
-9005
10422
-2666
4667
4434
-4203
6513
17500
-4373
-4887
8195
-6048
-366
6168
70
-13098
1846
10614
2446
-950
-4366
9377
10409
-2716
1213
1433
12545
-10875
-9072
28086
4460
10957
558
2971
5205
4205
16167
2479
9668
17011
-2504
-8002
2154
-24038
-1813
8232
22850
-13094
-12878
24996
16724
6110
-8774
22929
17355
1296
8364
9299
7710
-16754
-20657
41325
-1529
19234
10949
11206
10384
-1297
20446
-566
6175
20151
-3008
-12769
1720
-17840
-8390
9725
16553
-15099
-18483
13744
17994
6097
-2835
22911
12432
500
-570
6166
-116
-15608
-17949
31631
-3406
22754
2166
351
4694
762
6655
-8645
-4537
-733
-6020
-12335
3455
5854
-9273
-1430
4459
912
-8719
-4202
-10567
801
-3510
11917
2315
9703
4049
20409
-384
-10589
-3179
8730
10497
2746
4732
3321
2004
-3993
-7274
-5878
-3790
-4819
-8900
-3483
2075
6167
-2514
-1624
5901
-5773
-18867
5129
-15341
11779
-2692
6770
16165
-3904
8079
8280
-485
-10979
-10582
4363
2352
3572
9808
10182
3787
-660
8789
-1150
2083
-5071
-7850
-7156
3323
-2155
-3813
-1795
7457
13
-8751
7772
-4139
9428
1010
12084
11251
-1181
12187
16070
-2317
-9595
-18593
25092
4662
5569
12557
4069
10954
-2845
8656
5267
6901
10532
-4181
-8440
3210
-9222
1008
5010
8635
-11934
-1127
14774
3488
-653
-15691
14672
20064
-11139
1802
10660
13308
-15614
-7871
34555
17217
4586
2896
9181
7681
3670
9136
8016
-3229
15285
-4803
-5257
11107
-4288
7098
1304
8299
-16010
-11000
8238
-8866
4836
-7951
7685
17495
-13192
-1748
13909
10664
-12815
-19082
27065
12291
13891
12156
15156
-531
6978
13164
1655
11013
9787
-6584
-4778
5216
-10383
-1512
-99
9513
-13400
-1993
18907
6465
5670
-9622
16425
20943
-5507
6646
11953
6003
-14513
-14071
37167
9162
11386
6642
8850
8125
721
13517
6738
-2180
11474
-7812
-12526
5888
-9466
-5509
6389
11536
-4561
-14503
12111
7309
6867
-1182
22895
7503
-7321
869
2214
1942
-9729
-18255
21107
-1705
15235
8860
-3793
2540
-1441
9497
-3955
11013
9787
-6584
-4778
5216
-10383
-1512
-99
9513
-13400
-1993
18907
6465
5670
-9622
16425
20943
-5507
6646
11953
6003
-14513
-14071
37167
9162
11386
6642
8850
8125
721
13517
6738
-3161
-900
36
-11229
-8529
4596
-14914
-3976
-5899
5604
-203
10122
6222
-1964
-10479
10730
13088
-10316
8811
-7233
3195
-4301
-10861
14517
25194
-3471
2651
-15181
2564
-3624
749
3428
3884
-8839
-3659
1582
-5149
-2724
-16732
-7991
-4916
713
-2351
14714
9997
-6026
-1023
6757
9829
-5141
9609
-2695
-4417
-6465
-13398
15768
4921
4798
13061
-4947
5103
-5159
-2159
6225
-1913
-4208
4116
-9917
2453
-2815
-10440
10537
32
5645
-11345
5587
-749
-4183
15325
10788
3266
11169
2056
5697
-8719
2046
-2553
6718
-3866
9602
10491
-268
1814
9599
28
-1779
-6740
4947
-11765
-15118
8325
12307
-12990
3404
-652
693
-5066
-2467
-3730
15116
-14420
22803
16977
-15075
6087
-2345
1254
-7347
-14595
-439
3823
-1039
7899
-19928
-339
2842
3341
-644
-3134
-10279
-57
-10907
6992
4786
-17772
6542
-8799
10881
-4744
35
727
2399
6496
5510
1808
-4616
2388
-558
1288
6053
-15035
-3818
-2464
6254
5235
-12589
-2442
4129
-5187
-2000
3632
-3026
-3543
-2777
-1623
2584
-6617
818
-5857
952
6176
8576
3271
362
7587
10754
5728
-1403
4063
2597
4811
582
-6464
9189
7419
4337
9988
-3854
469
-1331
-4717
3642
6347
-2063
-7406
-3215
4472
-4389
-7505
-8080
2296
-2110
1844
11272
3240
2819
-4510
10599
14199
-2855
12455
14361
-65
-9683
-14487
25197
14721
6447
11561
5131
5108
-1064
3394
6120
845
21579
-7717
-9385
-330
-26288
1801
7431
24533
-23106
-11528
7021
10359
13412
-10820
13492
12853
5962
-4510
5424
4887
-15750
-13811
28719
-4133
17108
-3212
-2093
4914
-2619
15424
-14740
-7868
-1473
-268
-4332
6009
1128
5636
-3848
4833
-3246
-11759
-1083
-10527
789
-3091
2995
12817
-5818
-7814
10844
505
-4543
-9256
7996
3935
5751
10669
9254
-2267
2173
8659
-1790
1572
12276
-9117
-5431
1633
-10948
1192
4836
10190
-16707
-1461
10263
4182
9356
-10709
8270
12727
-4240
-1592
2646
4375
-12271
-7862
19611
4510
8024
2769
-1430
4569
2877
8328
-4977
-11436
11292
-4649
-12418
5159
16303
-9048
2963
-10407
7024
-6709
8404
-5460
10057
-7449
14557
3466
-9349
1261
-5752
13009
-2324
-4409
-11034
2286
11838
607
-7080
-7520
12876
7771
-7161
-1256
-10368
-1188
-10348
1457
4832
-10895
6444
-1500
7775
-6827
8169
-690
-2895
14748
5914
-319
1254
-2557
2993
4414
8419
-13349
1760
3020
8205
7211
2220
1779
6376
-8938
-1297
10017
6626
4078
-585
8515
-1951
-9346
906
-2223
-8261
-1564
18275
-2099
5555
8553
1991
10213
4449
1594
5232
4647
1014
628
15436
8940
11599
6330
4367
-999
2791
3968
1964
11013
9787
-6584
-4778
5216
-10383
-1512
-99
9513
-13400
-1993
18907
6465
5670
-9622
16425
20943
-5507
6646
11953
6003
-14513
-14071
37167
9162
11386
6642
8850
8125
721
13517
6738
6979
10018
737
-5253
1086
-10830
-2009
6668
11093
-13742
-7188
18330
650
-5584
-5236
10603
14219
-974
-3682
2169
9235
-9927
-8748
24304
10477
10567
1858
8267
3076
2387
9979
3149
-4990
10801
-4796
-5828
-3900
-6573
-8946
-8935
4212
-5626
1819
5227
-132
-7919
-6672
281
-596
2567
-4794
-10709
11257
-5668
1368
12225
4468
955
1832
-7123
1343
1007
10781
26
-10244
14087
-6188
-8514
5071
-7718
10905
11672
9304
180
-3719
-7697
-8236
8212
-7508
13459
-1865
-3881
1057
-2294
16823
-12319
-16052
10070
3950
18976
-8657
-13620
-1591
5249
16219
-13114
8727
11752
-7284
-3404
5701
-9442
-2322
-359
3557
-18387
-1615
13715
1982
6234
-9366
11329
20350
-6482
5468
8293
1450
-12495
-6872
32392
10159
5593
5564
4282
3805
701
6660
5473
-2054
13985
-7444
-11468
4024
-12250
-2357
370
-402
-6702
-4013
8256
580
-13780
-4041
8479
6821
-9606
824
1148
12772
-11496
-16781
29075
15281
1796
5828
1740
5026
4744
13388
1203
9668
17011
-2504
-8002
2154
-24038
-1813
8232
22850
-13094
-12878
24996
16724
6110
-8774
22929
17355
1296
8364
9299
7710
-16754
-20657
41325
-1529
19234
10949
11206
10384
-1297
20446
-566
