211
305
349
272
203
207
245
213
254
147
232
198
266
314
302
324
258
222
187
195
250
203
266
298
318
246
208
323
208
327
198
231
395
276
307
270
320
257
258
281
184
146
347
252
176
256
252
271
215
308
339
318
251
237
309
167
288
265
200
338
265
212
218
321
290
259
237
321
326
159
158
298
211
180
208
293
160
199
281
350
254
175
182
209
195
145
244
219
470
213
391
374
244
256
225
296
275
402
272
606
261
292
210
110
284
239
261
252
236
231
385
307
406
312
282
209
212
203
194
408
257
282
368
198
146
184
203
238
330
288
268
321
261
247
366
305
237
227
292
251
245
296
367
281
200
284
270
209
397
228
399
388
287
229
295
217
249
325
414
218
218
339
227
278
297
330
195
156
233
343
260
360
287
184
233
184
110
247
270
206
327
209
288
230
213
228
228
205
320
287
251
253
