-25
11
-12
105
64
-62
-63
-41
-51
72
-43
49
40
-46
15
43
24
-68
-78
55
20
-84
-60
64
-26
17
14
39
-65
-10
58
-93
-4
26
18
-127
-26
-73
-42
-61
123
88
66
-2
-24
-7
70
-80
-18
-127
65
-73
12
-35
68
-59
40
56
24
-58
77
-4
-46
-10
40
17
34
46
83
22
-71
6
41
-14
-47
31
-88
-70
-39
-41
-72
-50
-45
-68
-16
-126
-34
-28
37
14
31
27
-2
-25
120
7
6
-23
81
69
95
1
-30
16
54
-23
29
-13
10
10
53
-127
60
-98
-40
54
-48
24
9
42
46
-30
-27
-14
-39
34
6
-25
0
-41
52
-52
-87
-53
-3
70
3
82
-11
34
66
-78
-57
55
-73
-65
-32
-87
33
-16
9
-35
-69
4
47
-58
-28
-36
-33
81
41
95
-2
14
-10
-63
-16
-110
-79
25
-127
101
-46
-1
-16
66
8
-49
100
-7
-69
-113
9
-41
9
9
25
-29
9
32
20
50
-72
11
-3
23
118
25
-30
-30
45
12
31
-16
9
17
32
-18
-33
-3
20
-42
-19
-87
-28
-28
-38
44
-28
41
-70
67
-50
-11
79
-127
-14
-35
38
-23
-104
-48
28
-18
77
-8
-6
18
-31
73
-46
4
12
-14
51
-66
28
-18
30
38
-18
-61
24
2
15
26
84
-53
13
-19
-4
51
-66
-32
49
-17
-44
0
-127
-56
23
-43
54
-89
-18
-101
-7
46
-16
59
96
71
-13
-16
-60
-5
-93
-8
14
27
-39
-49
-23
-31
12
-39
18
69
8
-14
-53
33
-46
-55
-20
68
-75
7
48
12
43
-32
-89
44
-7
-4
1
53
60
19
-69
51
-17
17
-53
41
26
19
4
-37
-50
57
59
-98
127
-14
-34
-118
-25
-10
-4
23
-61
-9
42
-36
-14
11
-118
38
-29
-15
-7
67
127
-57
-1
39
-13
-78
56
20
116
27
10
50
66
18
93
31
-27
3
-45
-5
22
-63
-82
-9
18
43
-13
61
54
37
15
6
-115
-63
108
40
77
63
50
12
75
-29
56
40
-49
-39
10
-13
120
14
83
-1
-89
-4
39
-1
72
-26
41
74
-100
-50
-94
-66
55
-83
85
-56
58
-39
10
-24
127
-54
-67
-10
54
12
35
16
-46
16
-42
-17
89
4
57
37
-42
8
16
-22
53
108
47
127
-16
-5
-9
-37
-37
27
-1
-2
23
-64
11
-38
117
48
26
112
-27
-68
-39
-65
-102
40
94
-33
-75
-51
-45
-19
19
47
42
-58
127
-45
0
-37
-19
-8
-60
53
36
-43
-3
-18
-7
-57
-4
-22
-4
21
-58
-28
37
-55
-82
8
-19
-38
-26
-11
-47
-21
89
-14
26
-14
5
73
62
-33
-13
-41
-48
-3
89
-49
-9
-26
62
25
-56
52
13
31
36
-1
-46
47
-47
-1
-42
-54
-109
-127
-45
-89
29
-3
24
-2
-60
96
-61
-3
62
35
22
-3
19
50
-14
15
46
73
28
37
126
17
98
-16
83
27
-21
-24
55
48
14
-66
14
74
-88
-37
10
-93
0
-35
-127
25
-8
37
39
11
-33
46
91
121
-69
-26
-35
-54
-33
-71
-31
-9
30
-78
-12
-5
-44
21
44
49
88
-20
46
3
63
69
122
-55
-118
13
-51
-21
-67
5
8
8
-18
-22
5
37
-6
34
-62
16
-50
43
22
-12
-29
25
50
127
-52
71
-26
-62
-24
-33
-49
29
-3
26
13
-22
-24
-44
23
24
39
-49
57
14
-5
70
-2
2
30
-43
6
62
-40
-95
-108
26
64
47
6
-105
98
51
53
50
43
-25
60
-32
102
-49
3
40
7
-43
9
105
-9
41
-12
-30
-33
-78
125
-28
30
64
-62
-77
-6
-105
-33
-34
107
-27
-127
-14
-78
3
111
-14
-15
-22
-32
0
22
38
-111
43
-31
11
-88
91
75
-47
-76
-10
-127
5
66
-48
-91
-38
-92
18
60
14
23
87
-21
44
-72
46
45
-40
-43
13
15
40
16
65
31
23
99
47
8
124
31
95
20
57
61
-29
51
-84
42
-68
-15
120
-67
20
-22
-9
46
-24
-25
-42
-16
7
51
27
38
37
-17
13
89
48
-47
-90
5
-8
80
-99
46
5
78
20
30
-71
68
-64
57
-41
-67
58
-119
127
31
60
-43
-44
3
10
-24
16
27
-10
0
23
59
49
-17
77
-127
71
51
21
-9
75
10
-6
36
-51
-46
101
15
-12
17
86
-56
-38
9
-47
30
21
-71
-23
56
12
-51
-14
-8
71
21
93
110
-4
-71
-112
-28
32
-56
105
-53
25
-18
53
58
23
-78
15
25
-75
40
85
-61
71
67
39
-11
-49
-13
-73
-57
25
-85
10
11
-28
3
-84
-16
20
-111
69
127
-127
-7
-56
1
41
12
106
-1
7
-59
24
-7
45
28
-70
118
-15
100
76
-127
-12
-24
-72
-9
-17
8
-48
-22
39
4
61
-64
-2
54
-40
16
41
94
-22
48
2
-40
-117
-22
41
-31
-54
2
25
-5
25
5
-28
-4
-83
32
-30
103
30
-35
62
52
-107
67
-127
18
-34
66
27
26
-24
3
47
0
89
-59
29
-2
-44
-101
-2
-18
-25
26
61
-16
-76
-25
-7
33
46
-5
5
4
25
-20
95
32
4
-17
-44
87
-71
-63
33
85
16
-75
-85
-5
11
-42
-54
6
18
58
-58
110
8
15
82
30
93
-1
37
-103
-16
-5
25
-37
-41
-61
-26
3
-7
-18
29
10
51
49
58
-50
6
13
127
-20
0
14
-16
87
75
-51
-9
28
8
-51
14
-11
-42
45
-60
79
-11
-50
-51
40
19
-22
33
-23
-1
-45
-90
-29
76
-38
1
2
-14
-68
-11
91
-17
127
57
-3
-83
-61
-40
-57
-83
48
6
36
45
-37
74
-31
-39
-54
113
-93
123
64
72
-10
33
63
-23
-99
33
74
92
2
41
-23
38
-57
-8
33
-40
-13
-15
-16
-48
21
127
22
21
51
-74
28
-114
-41
-53
-9
10
-16
-56
46
41
70
88
-25
-124
-28
-61
-36
15
19
-36
-39
-26
-52
-40
3
63
110
9
46
-2
-60
79
96
5
-76
88
-46
20
7
85
-75
-47
35
4
43
-46
9
-59
4
105
-8
13
12
-47
0
-12
26
-53
-29
-18
-127
-33
92
-41
2
-2
-8
-43
39
14
5
35
32
83
-35
6
-8
-23
-24
8
51
-18
-2
-27
-80
-127
82
-21
-40
-13
-70
2
-33
22
-17
41
34
57
13
-27
28
-88
-7
-17
-57
-18
-38
-39
36
7
-72
-17
-29
-42
-53
-51
-23
45
35
-1
12
-62
-65
14
91
-52
40
94
-5
45
92
-52
23
26
96
-86
-14
51
15
-84
-20
-26
12
26
88
-2
-64
-25
-53
-37
27
32
8
-42
38
-40
-23
127
-29
-6
-19
7
98
-51
38
5
35
-108
-63
68
-6
-62
23
65
64
-56
-64
13
-91
-47
-33
31
-7
-64
-127
-49
-123
79
-27
-68
21
52
-115
29
56
2
-45
61
84
-51
-12
-75
2
95
84
-109
46
59
13
52
27
29
-17
62
-90
25
97
-89
43
118
8
25
37
-45
-51
-15
-47
23
26
19
-35
91
36
-8
30
-26
41
42
127
68
-14
75
-57
-9
81
4
-26
92
29
98
-50
-14
37
-89
124
71
18
-17
45
-29
49
-31
85
57
-6
-60
39
-105
7
39
-3
105
-32
-45
-43
-30
-32
-76
46
-82
-54
-27
-127
-67
46
-22
4
32
79
-77
-3
-48
-78
26
31
21
61
-124
76
-36
37
-4
49
-83
-6
-127
-20
-9
40
32
-52
-64
-14
29
30
103
-14
-10
4
23
-18
2
-24
23
72
107
-64
10
7
-58
18
26
71
-27
-39
-41
52
-7
32
19
23
22
98
-93
5
45
11
13
-45
-51
43
47
-9
-11
-11
43
18
37
-56
-14
-35
87
21
26
-110
59
92
84
-34
41
-5
-36
17
-105
-22
-27
-74
-55
0
127
-26
48
92
-107
101
-14
-38
66
-68
6
-111
20
78
109
-115
13
-14
74
47
17
-42
-43
-53
61
-127
-1
96
-82
10
-97
93
63
-69
-16
40
-104
26
99
-23
52
-77
36
-53
-98
-31
2
52
-9
93
25
91
56
27
-31
44
120
-17
83
74
-57
-80
5
-19
-52
-83
-40
94
62
-44
-6
-36
127
32
26
-31
-18
44
64
-88
36
30
-31
-25
46
28
-14
63
83
41
23
-26
-16
-49
-32
-28
113
-64
8
96
-86
31
17
-29
-52
-17
-109
-37
-6
31
73
-105
9
-72
-28
29
11
105
62
-73
-93
70
96
-64
-63
127
25
21
-26
-90
-59
-70
-77
-93
-49
-13
12
-94
51
-12
70
-84
-53
-26
57
-10
38
44
51
-15
65
10
18
18
-27
-12
100
39
46
-73
57
-94
46
99
42
-101
32
108
81
45
-27
77
61
61
-86
-31
-50
-106
66
101
72
74
1
-70
2
-68
33
-56
-127
-78
-17
-65
16
21
-43
70
15
20
-59
116
64
-46
-14
-106
-86
4
108
4
34
-80
43
-119
-29
-19
-99
23
28
41
58
-15
-4
78
69
-4
18
6
50
-37
-20
21
31
19
6
-101
-30
-51
-9
-80
19
-34
24
-47
22
-12
67
-48
-32
-2
-62
24
-58
-127
-5
8
60
-2
-9
-17
-11
-57
38
47
-67
-4
83
-57
44
-86
-90
26
32
-9
50
27
17
-10
53
-67
96
-17
-54
-75
23
62
75
-40
-21
20
-90
20
-30
13
39
103
21
13
5
38
33
-29
99
-39
-14
-127
20
-99
1
58
101
-32
-8
64
-18
37
-14
-37
39
-63
-13
-58
-26
28
37
-48
57
-57
8
-48
-11
-22
69
62
4
-71
-10
30
-32
75
67
-76
69
-47
-10
37
-127
-72
33
25
114
-61
37
-9
-15
-14
-61
-23
27
2
43
-12
-74
-10
15
84
57
-19
115
66
-1
-125
-36
-10
-11
41
52
-95
-25
23
-105
94
-5
-31
41
-78
-8
-79
12
46
102
-26
8
25
-127
58
18
76
-5
-62
53
-34
-13
-49
-1
-48
20
34
100
-47
-74
123
-32
-17
-11
42
-24
63
-73
-9
-16
-50
-92
-48
-17
-10
12
74
-42
49
16
-25
-57
-47
-3
-88
-22
8
-72
-108
-17
30
-3
23
-62
37
17
103
4
76
45
-83
13
127
-30
-11
6
-20
-23
65
35
-127
-2
-19
4
23
8
-24
39
-25
-9
-44
-33
7
5
-61
5
39
12
-19
79
77
-31
31
45
-35
5
-2
-31
-16
-38
-54
-4
-58
97
44
4
-73
22
18
-13
-26
72
-38
-30
-35
-38
70
-13
-23
-116
0
-67
-15
-35
68
-24
22
8
-32
-4
-26
-24
88
118
108
-21
-3
-5
33
-21
-14
-76
-30
-72
-38
0
-113
-79
71
-125
-96
3
33
32
-98
-10
62
110
127
-61
69
21
-94
-104
89
85
-30
-21
4
20
41
3
18
-97
-39
43
18
-11
38
-10
77
25
45
-41
-26
19
15
-70
14
43
-63
-76
30
-28
27
5
-29
-64
-127
62
50
-1
-87
-18
17
89
62
0
-26
15
0
38
-36
-19
-8
60
-42
12
27
-3
13
-44
-77
64
73
127
20
27
-74
-95
20
-15
-11
-53
-55
120
43
-1
73
-20
13
25
34
-24
-31
-38
-32
-41
-26
-20
-13
51
-14
-45
61
-18
118
63
-83
28
40
42
57
28
-7
-81
-73
29
5
-46
-5
3
29
-104
-39
-12
-81
99
-4
45
19
-127
-35
-41
5
13
45
-66
102
-68
107
95
-15
-2
-5
-2
-8
-102
59
-75
-65
122
-110
-5
-41
16
115
28
49
22
66
-12
-97
-1
50
-25
-4
-39
-61
61
18
83
49
-50
-27
3
22
-26
-18
-15
22
61
0
-16
-43
-29
20
75
1
-19
-89
81
75
-79
-51
-26
-48
127
-53
-59
-26
14
-121
-64
35
-17
68
-34
64
-35
-53
-58
-38
-86
68
7
-23
50
-46
32
-28
23
-42
-18
-127
-40
-31
-44
-100
19
17
-70
-48
-36
11
-82
79
-77
56
-62
87
-18
63
7
109
-61
-101
22
-53
69
-72
-42
57
72
-7
-88
71
69
-16
63
-81
35
37
-34
-65
-57
-10
63
-126
60
-48
24
49
5
10
-22
-30
12
-125
127
-103
16
68
61
-94
117
-39
40
5
-48
-42
84
3
-69
-15
-19
-104
8
-7
9
10
4
40
67
-4
46
-36
51
48
-44
-95
-9
-91
-54
-58
-54
39
-64
-7
23
21
-3
-22
-21
127
38
35
22
-28
58
14
-85
-5
-18
26
63
81
-60
-1
-15
33
79
5
-56
-21
30
-74
-6
-54
-25
-22
-127
-8
22
41
22
-91
55
-24
-10
44
-58
17
-82
-45
127
19
39
69
-39
7
-73
-76
47
-122
106
-57
-21
24
4
-112
-36
-61
-68
-17
74
4
61
-42
-27
-17
11
-66
-72
-58
-24
37
-70
54
32
74
-41
33
43
-2
19
-19
79
13
40
26
-20
5
-1
-65
16
-29
53
-27
18
-29
-97
43
-55
-71
-6
-24
-35
92
-84
5
67
-11
-127
-10
60
29
50
-55
33
31
-26
36
68
-11
-80
37
-20
65
-5
7
59
127
-9
-58
98
-84
-28
11
13
54
17
-12
-94
-91
-2
2
22
46
-15
77
69
-76
56
24
-2
61
9
-32
-87
16
-107
9
-100
58
-52
-63
-71
5
59
-7
18
-61
-58
-3
-105
63
-7
50
-26
3
0
-17
39
-31
-76
-77
-38
127
96
-40
36
-103
-44
-51
-55
-53
20
9
-25
-87
11
84
-73
-50
40
70
74
110
-5
-20
-41
64
61
-67
-4
-37
7
35
39
85
32
49
-23
101
-44
84
55
-50
25
-127
32
118
-12
-119
36
6
-39
-18
39
-62
-39
-51
-26
-120
29
23
-107
-15
-15
-54
25
-73
-3
53
51
-9
-93
32
32
12
26
-45
89
35
101
-46
-13
-10
-9
127
-1
-35
9
1
-20
-46
24
-4
-52
-76
-82
12
-29
-52
-3
33
46
-51
84
-62
15
6
47
32
41
34
11
-18
-61
10
33
54
-21
23
-25
2
19
-14
52
-55
0
-49
75
93
-44
-58
112
-34
-64
-109
2
-57
31
-74
45
48
4
-45
-88
3
-8
28
-12
-106
32
36
23
-127
-20
108
103
-91
-15
45
-95
12
-83
82
-28
40
63
18
-37
-20
45
42
-79
54
-113
-121
1
-43
25
18
65
12
-17
7
-47
-1
-65
-11
45
-29
11
18
-4
39
-7
-32
-27
15
22
-46
1
-46
-6
70
25
-6
-20
26
-50
56
-74
-48
11
15
13
40
-127
-61
20
22
18
-1
-38
-66
-26
-12
28
20
-8
39
-36
-8
-18
69
-25
5
-16
20
-6
23
-59
86
-19
-2
-20
-18
-46
-6
38
33
4
43
-13
-127
32
29
-62
1
-43
-37
-28
12
-46
-18
13
1
60
-20
82
20
-46
-43
32
-27
2
41
10
-55
-12
-30
93
-127
54
-18
-11
-22
48
-54
-1
11
-1
-76
-2
24
-52
69
-17
-8
-7
-6
61
-40
-4
36
51
-34
48
-38
61
77
-107
-25
-11
67
23
13
-83
-55
59
-65
-62
21
-20
24
-127
105
39
-78
69
26
-12
-25
19
-33
-81
-60
69
-35
127
-88
-23
13
-6
76
-50
-78
95
-74
83
55
-12
48
94
-80
40
48
-10
-88
30
-15
104
34
-18
-79
13
7
14
46
4
-96
-30
-25
26
-53
-47
19
-10
-40
-106
-93
49
52
-73
3
9
46
-18
-122
-22
114
62
29
-96
45
16
-8
20
-15
83
39
-60
40
29
46
-61
-40
-127
-32
88
67
95
15
-19
-99
115
-27
16
-20
-115
70
23
-36
-11
-57
54
10
94
105
-20
-93
21
-71
21
38
26
-3
97
-42
-127
-65
-33
40
19
45
-1
-61
55
-71
36
35
56
12
-33
-27
0
-15
74
10
53
-55
-89
-58
-10
11
59
77
-54
-43
-94
-11
-39
93
0
-64
10
1
-13
43
-71
7
9
-57
-14
15
32
109
33
-34
-88
59
-24
-6
21
5
-20
-39
13
-3
-26
-30
-33
-21
64
-25
-64
83
58
31
28
66
35
-127
-101
-15
-41
87
60
42
64
48
-98
69
-55
28
79
15
42
96
10
-76
22
43
60
-123
-13
7
-13
-124
40
-40
95
25
11
52
29
68
-55
3
-21
127
22
-45
-25
-42
101
-11
8
13
-57
13
62
38
34
-15
-20
39
-36
6
55
-15
94
-37
-56
5
-81
-33
-127
-27
62
29
2
-73
-118
15
1
-37
55
-38
-13
-39
25
-51
63
58
-42
111
43
-55
-16
23
65
17
-14
-30
-53
51
-56
-62
121
32
-91
97
41
-73
31
-19
-80
-77
-49
-32
11
-7
127
22
-4
6
34
-100
75
9
23
53
10
-6
7
2
52
57
21
114
108
47
-17
-10
20
39
-35
73
-75
-75
14
41
11
51
-117
73
36
-65
85
-79
7
-7
78
56
40
-17
-35
102
23
72
96
103
127
-37
-69
-57
101
8
43
-98
60
114
7
-18
-95
92
-124
-26
76
21
54
77
-114
-63
65
6
-113
58
51
84
-37
-117
95
52
29
25
-19
-17
-7
127
16
13
-46
-14
-22
36
-57
14
19
25
-59
41
-74
-66
50
38
16
-34
47
52
36
-32
-47
-43
28
-54
-40
-16
78
14
10
77
-42
28
27
81
-29
84
53
-27
29
57
-5
51
16
-22
26
79
77
-45
81
19
-38
10
127
49
-53
-34
-49
-30
-71
-66
31
-12
50
-70
-74
-58
-44
25
73
-32
42
-50
1
31
-81
41
92
54
11
-12
7
6
85
86
-56
-25
-11
-64
47
-3
29
-1
11
-55
-25
67
-49
25
94
14
-11
38
127
0
33
-10
22
-43
24
-45
-21
59
-29
31
-27
-81
49
-24
-45
16
-46
-87
4
1
-33
10
-46
-25
4
-63
20
-18
53
65
-52
84
-39
-127
-5
3
-67
6
-14
97
-119
11
-20
-27
-90
-50
24
-9
-15
34
94
-41
25
16
37
-107
21
-4
24
12
-8
-51
-110
-35
-87
-62
18
18
-34
-77
-121
39
-15
-25
41
95
91
-6
6
-13
-30
-11
-53
16
4
-23
-28
32
21
-116
75
-69
31
51
20
38
-42
16
44
-69
82
105
39
-40
-75
-32
-87
-127
-22
-98
29
-33
-40
65
-17
10
30
57
-5
26
2
27
68
2
-8
-50
125
5
49
-17
-58
-67
-65
-42
83
82
-80
16
14
-25
1
16
-69
12
77
-3
52
-10
17
72
63
-7
-77
-38
24
16
-36
-3
-58
39
-118
-41
44
-57
36
6
-49
39
2
79
0
64
14
-54
127
40
-32
22
-25
-23
9
50
56
-78
-71
61
-30
-36
29
73
31
-38
2
32
-40
-54
4
-51
-32
16
88
-41
-79
28
-96
-19
59
82
7
73
106
25
-84
-66
-20
-17
34
22
11
-60
-26
-42
33
127
3
15
-8
101
-38
60
10
-18
-96
5
-120
95
-8
3
-66
-11
-99
29
-11
-16
82
78
20
74
65
-78
95
-91
-127
12
57
85
-21
79
-33
70
76
25
91
75
-82
-69
-41
97
-31
-41
-89
49
14
-10
-30
4
16
-6
58
10
-29
60
21
101
11
20
-36
91
21
-36
39
-71
-77
7
-31
-36
-21
51
-127
-36
-67
5
-19
-18
43
-9
34
56
-65
-38
-78
-98
79
-55
3
-41
-40
42
73
-50
47
54
-39
1
-113
62
99
-26
-52
-64
-95
13
32
0
-27
24
-61
-93
48
3
-99
8
69
22
-16
-88
89
17
11
-17
43
-37
94
127
-97
60
2
120
83
-57
15
60
92
6
42
108
51
-34
27
28
-17
-67
19
47
51
57
-54
18
48
-77
21
30
-66
105
-10
40
20
97
76
2
16
-25
35
-121
-82
-85
59
-76
31
-33
-115
-65
-28
127
-3
73
17
-69
-68
39
-44
35
14
3
-51
-21
43
1
44
-21
33
-25
70
-65
36
-16
-26
2
53
16
38
22
25
-127
-41
-21
16
-41
-26
86
51
27
-17
12
-23
-11
42
34
48
3
-4
7
24
81
41
21
3
-44
28
-1
59
26
55
29
-26
-81
-79
15
-109
61
-27
104
-63
-19
-15
-15
-64
107
-1
-49
46
50
38
11
21
-65
-86
50
-60
-57
34
-127
-34
-93
-16
-85
-18
86
-87
91
-73
-19
-40
6
-79
-8
-9
-12
120
43
-18
-19
26
41
37
-47
-33
-28
-5
18
-71
-29
97
-16
-23
72
-36
24
25
-9
-48
55
36
16
22
66
-38
-127
39
-2
56
12
-60
-89
-24
22
-59
-85
-49
57
-32
90
-9
-1
21
-86
44
-62
6
56
19
-24
25
-28
85
-35
-16
43
-29
-99
-46
22
10
71
6
90
51
14
41
16
67
1
40
-102
-6
-51
92
-25
91
-10
-102
23
53
-45
54
42
-72
73
87
-10
31
-1
67
61
-95
-127
-29
63
-89
-69
-71
2
2
3
18
50
9
-108
-105
-62
-11
-30
-1
-37
2
-38
23
58
16
-54
-14
18
-50
-18
50
-11
-22
-26
-38
-66
-127
105
-101
-126
-14
47
28
-49
75
7
16
-23
-11
65
93
116
109
-33
-17
-24
76
-4
-20
74
33
-94
-40
73
10
8
24
14
-36
29
91
82
-12
-8
-24
61
-31
-3
-15
-79
123
-42
28
127
9
26
-114
27
-1
2
4
71
59
39
-59
64
86
-6
-54
40
-8
-62
32
-43
60
29
-47
-62
90
-44
26
-35
127
-17
10
-35
2
51
8
-34
29
-23
23
-61
15
37
-57
102
-23
-6
60
8
-46
5
-29
-24
40
73
15
-45
-56
1
30
25
16
-32
-44
33
19
-105
-84
11
21
33
57
18
38
95
82
20
77
-109
-13
70
29
11
113
-29
-35
-26
107
28
-116
-40
115
95
23
-81
73
64
4
-21
-10
50
111
48
-78
-15
60
-97
90
-88
-127
-101
41
49
-43
18
48
-9
-21
6
-4
62
-2
7
-46
16
59
-56
-15
12
-55
49
-12
17
-10
17
18
10
-73
-77
-19
-4
20
44
17
-50
0
-27
103
-80
127
98
37
-10
36
-29
2
-14
-44
-22
-62
29
-85
-29
-12
11
-9
5
-48
-29
102
-13
76
19
7
45
-9
-127
-18
-79
3
6
5
-28
-65
-91
-41
-34
86
61
-1
-4
23
-68
23
-19
-35
1
-32
32
-23
3
58
47
-9
75
6
-29
33
-25
32
27
52
-57
0
90
75
-19
-48
1
26
32
17
-41
-19
-44
-127
-70
-93
50
-22
67
-12
-40
28
-20
-24
91
90
-27
-3
-64
-12
-25
-69
-37
-37
-57
-51
-27
51
54
68
-82
83
25
-6
14
60
-89
-25
61
7
-61
-30
81
62
-123
13
-23
-33
-10
-5
-36
80
-52
48
-43
118
38
8
-57
25
18
0
-30
37
-14
15
22
21
4
-78
-4
-9
-51
-76
-40
67
95
127
20
41
-63
37
114
44
17
0
7
17
17
-28
-22
-6
-46
-9
32
-29
25
14
-26
63
-9
3
30
23
-16
-21
-38
39
-8
-24
4
19
53
14
29
35
78
10
-47
-127
-30
-20
-30
3
-30
-49
-18
-61
-20
9
36
17
-18
71
-1
10
-25
-55
28
29
59
-7
-61
-29
-68
70
59
-13
23
-20
-9
-13
-127
-108
-7
-82
-11
-8
-69
-61
-4
22
-116
-59
-5
36
-114
59
20
33
66
-20
-68
10
-22
49
90
78
-67
-57
-16
-29
24
22
-72
7
-40
38
20
11
44
5
-127
12
-57
-4
-7
14
-19
-30
-56
-49
49
16
-11
74
49
-19
28
79
1
39
24
45
25
22
-2
-22
-35
-3
-110
32
9
-6
-50
44
26
-45
-74
28
22
0
6
-127
79
53
62
-24
17
-7
-3
1
11
65
52
-24
-16
75
1
-34
-63
-56
58
-90
-76
-102
-42
-47
-79
40
62
26
17
-10
-87
-58
-30
-76
-84
45
-5
-109
-55
14
-3
65
-28
21
24
51
-62
-8
18
127
-4
19
49
-54
-51
55
20
-23
2
50
-83
-57
-32
13
67
-31
30
-58
-23
23
33
11
110
73
-90
39
32
-11
12
-69
45
70
-55
-22
45
37
-40
-43
43
1
-78
-27
100
0
29
-6
93
36
-15
37
-2
-111
-109
-13
-14
21
-9
52
-29
5
11
-38
-127
-4
16
11
-56
4
-68
-35
-115
-32
68
-73
-36
12
-96
-38
31
-25
10
-21
-3
66
-80
-19
-52
-41
-94
-25
-16
66
100
8
7
-64
36
-6
-2
-22
29
-93
16
-76
127
11
-78
53
79
86
11
4
61
-96
-45
-14
-114
6
53
-80
30
29
100
40
-33
-31
-1
-23
18
62
101
35
-36
-65
-83
-82
-67
-2
-39
15
-26
34
-1
91
101
-6
111
-34
-111
8
-86
-39
8
98
49
-16
-22
5
-48
-55
93
-33
9
9
-41
-81
21
127
25
-6
28
14
87
-66
46
-21
-51
-38
-64
9
-94
-12
-17
58
-126
-15
127
30
25
-12
80
45
61
-41
82
87
-30
-40
69
-85
109
62
10
35
27
115
84
4
-89
60
-27
106
84
34
6
76
-39
12
30
-19
72
8
22
39
-102
-22
-101
-113
10
-116
2
5
-66
31
-77
-23
30
0
-1
127
32
83
-80
-47
-7
3
-40
5
6
51
-1
33
-35
-61
65
-126
0
47
-14
-48
22
75
-54
99
-52
24
43
-73
-104
-72
27
105
-55
78
-122
-28
-44
-30
-119
40
3
47
-16
67
-6
-43
15
-34
-120
18
28
-67
127
-19
-47
-18
37
102
24
8
2
-67
22
-14
-72
2
-5
84
-66
-40
-28
12
20
-84
62
14
-25
18
20
73
26
-59
1
45
-18
-93
33
3
-60
60
-50
116
21
18
-4
68
71
-11
-5
-25
-114
-10
-62
-39
17
28
4
-29
-42
19
-49
-12
10
-24
40
6
4
-10
15
-10
4
16
-47
-22
4
28
20
-127
15
-66
7
-10
-84
8
7
40
-93
-3
18
59
27
-47
-10
30
38
-49
-127
-56
8
-44
65
-91
-33
-90
101
86
94
54
15
-49
-48
73
21
69
-69
77
32
-89
2
-119
102
-41
-56
-68
28
-5
5
83
-32
10
58
-40
-16
-34
29
-15
-34
-13
-71
89
45
-59
36
-71
31
-56
24
-7
-16
59
12
22
-9
-42
-127
15
66
-52
-16
74
-26
-94
-1
-4
16
-17
-55
19
-76
-45
-70
-31
60
-9
-57
58
59
-60
-28
-30
9
-62
-36
127
-3
-9
45
-86
34
-4
-42
-11
-78
-39
-11
54
34
5
8
-17
-87
-2
21
-10
40
-30
26
32
-36
82
10
17
11
-8
-122
-15
28
54
10
-49
32
-16
-43
-7
-58
88
38
-90
-8
-27
-3
82
10
-20
8
-8
83
37
10
-15
-49
-34
51
-8
62
70
68
116
-18
-45
15
-12
11
-39
-54
-82
-13
93
-11
-62
-9
102
-35
65
88
13
-40
-48
-127
15
22
-31
-42
-20
77
-46
-73
58
-1
15
20
-16
-23
-30
78
-6
-31
-55
-124
4
96
70
32
36
88
-10
-40
60
-18
-19
-60
13
-97
35
-60
29
71
-88
46
19
-48
104
-17
127
80
40
-21
17
-36
43
45
-61
-74
-1
49
-9
29
-44
-3
-2
-21
47
-13
35
10
-11
20
-23
-70
19
19
52
-10
36
-22
-21
36
25
5
-37
-26
-49
-17
-16
65
33
88
16
-8
41
15
-14
-33
24
0
27
-15
2
34
27
-41
-39
-40
-127
-14
11
40
36
35
-55
64
-69
110
39
-14
-31
-77
19
71
-104
-116
-3
-2
-33
2
-17
-32
-55
-42
39
-127
69
-27
-58
-35
106
-59
4
-77
-89
89
49
13
-53
-1
44
37
41
-4
6
-14
58
-95
-27
-44
60
3
57
-93
76
-41
-11
27
27
12
85
-12
0
18
-13
-96
-16
-18
16
-49
-52
108
-60
-80
63
68
-59
42
66
-48
0
-19
-50
80
-24
-25
-21
40
1
5
20
-127
21
67
52
-72
-43
1
89
-42
50
-13
17
-8
-30
6
61
91
-1
-53
58
24
38
38
-11
-99
58
-35
45
24
-29
67
-9
36
-9
-19
-24
37
-78
127
-60
18
10
-86
56
82
-57
30
-80
16
17
39
49
109
-68
24
-49
-52
-20
71
-36
11
-60
110
68
17
-12
58
-39
-10
30
2
36
16
1
4
-95
2
-100
52
55
46
-42
80
48
95
-77
25
127
-20
124
100
-42
-42
-85
-53
84
-38
-51
84
15
-39
-52
-18
-46
5
-18
-36
-29
7
15
13
-30
19
101
-18
49
-13
16
25
80
48
16
-64
-57
18
32
-48
-10
25
14
-37
-36
127
-75
-6
-13
4
-14
-19
0
31
43
-12
-5
-39
31
35
43
71
99
-3
-21
-7
94
-94
-46
-27
4
14
-22
67
65
-1
64
-25
18
-78
-87
-19
-34
8
27
122
22
80
-38
22
20
-21
29
10
-22
-127
-115
-36
65
-127
12
46
-14
24
88
-90
111
75
8
-37
12
-9
31
-74
34
-59
25
35
-78
38
127
7
0
48
-20
52
41
40
14
-38
51
21
34
-21
2
45
8
27
58
26
-52
37
43
-7
7
50
9
-60
-45
-5
70
-38
-1
37
-37
36
30
-2
-8
10
-35
-94
41
32
45
26
-127
37
-37
23
-48
33
100
-28
106
14
8
-28
32
1
-120
21
44
17
4
52
-57
-19
18
-19
29
36
115
-27
46
26
21
-31
75
28
16
-75
31
-37
-43
-17
-16
-123
-23
-19
60
-14
110
15
-50
-50
-8
-87
28
-92
-7
21
32
27
-10
-51
-24
52
56
-68
102
34
-58
14
69
-5
2
40
55
12
-3
-43
-127
-12
-13
-32
-47
12
45
-55
48
-11
-20
-14
-13
24
-30
-35
-57
25
-58
-31
-39
-3
27
7
-74
-46
33
115
-13
-20
57
21
26
47
-84
84
-122
1
127
-67
30
-29
-44
6
48
-83
-39
73
-79
23
11
64
18
23
47
-5
-14
-61
-103
15
-17
73
-50
0
-19
5
-62
-127
70
-23
64
84
-37
-9
-79
73
-85
-14
-5
4
15
50
42
-39
-58
-51
-59
-42
66
-58
-22
-1
46
37
-11
32
25
33
55
47
3
38
-36
27
-118
-36
1
-22
55
13
-41
-48
55
-39
-39
43
-74
21
-1
4
85
97
-127
-113
-65
-88
90
-58
-73
47
73
-62
-99
-77
56
-35
112
8
72
58
-6
-80
-20
-33
-47
94
83
-24
10
-50
-12
-33
58
56
32
5
123
-45
-5
-61
30
32
-42
44
47
-32
-75
59
56
-68
10
-54
115
37
-9
-97
-22
-3
30
-21
40
100
-45
49
-17
-28
127
-18
54
16
-9
41
-20
26
-43
-40
-8
-14
25
-59
-26
-42
-20
84
27
-17
-27
127
51
60
61
20
-52
-26
-86
-75
-11
-91
-40
-15
-68
81
-5
78
78
-88
19
-32
77
95
4
7
105
45
44
-84
-53
100
54
44
61
39
-55
92
-50
98
-22
-21
-61
7
71
18
-47
-39
-22
-60
-40
33
-22
-16
14
-19
39
-21
13
30
59
58
82
21
25
51
-66
-38
-38
-62
23
12
-24
17
39
-18
-72
127
-67
-5
34
46
27
60
-12
-41
53
-19
18
-7
19
71
14
-36
-4
-39
127
63
-19
-35
15
37
14
-19
24
22
-10
72
-71
48
50
3
55
2
46
-79
67
-30
55
34
43
-46
-34
40
-76
-5
-33
17
-20
8
-60
-44
49
101
-16
29
-32
-67
-38
-35
20
-3
104
-22
-42
76
47
86
31
39
-34
78
-79
-66
-8
3
-127
2
52
-7
13
-32
5
-73
-35
-52
80
-28
21
-33
75
-51
28
-100
-39
-32
-27
-9
-7
-11
-3
26
-11
9
32
-66
-59
107
11
-39
0
76
127
55
-31
21
-9
87
51
36
65
-70
-16
94
-107
29
-91
-14
40
40
7
-115
15
-83
-28
-49
75
-45
-7
42
-51
0
67
56
-56
20
-10
-36
-16
42
87
72
2
18
-124
51
-65
17
48
-66
7
-36
42
53
-45
51
21
-57
-30
127
34
85
60
111
13
-14
10
-23
-12
37
4
-70
-64
-80
46
-23
-20
81
-28
-1
39
49
-9
15
-8
-30
4
53
-30
-29
-50
58
-45
5
2
-23
41
-8
0
-18
-80
82
64
-32
43
-28
83
13
21
8
-47
78
-58
-96
49
80
-48
49
-65
-60
-27
-27
67
4
-16
12
54
-36
123
20
11
32
-85
-64
77
-21
-1
-58
-55
127
-1
87
-45
-14
6
-18
-3
-35
-62
2
31
23
41
-73
61
-41
-15
26
-7
35
-50
-8
75
5
50
42
-54
31
-59
-48
86
-127
60
-24
-36
-18
8
-85
-51
-13
-29
-16
33
31
71
27
35
-49
-2
-85
-34
113
70
-29
-1
-91
14
-21
-71
58
44
54
-26
-89
27
-37
16
29
-5
65
-21
48
66
48
15
-108
63
-35
40
127
41
91
82
40
121
-78
9
-90
54
82
-26
43
45
-74
-62
14
14
83
44
-75
66
46
127
-74
0
-48
91
75
-59
-36
32
-79
69
102
36
-78
97
42
-12
-104
49
69
-41
-53
-1
-36
-21
-17
51
93
-43
-10
-30
6
76
19
17
-47
29
-46
24
42
22
-33
10
-3
37
-9
-50
-65
-66
83
2
-19
-1
26
18
6
-58
46
107
86
-34
8
2
-21
12
95
67
-33
-26
38
47
-76
-69
2
62
-43
33
-4
8
6
-3
-18
-11
127
-27
20
-51
114
-79
-69
2
12
3
31
-40
-15
-27
36
46
-94
-3
38
38
3
-1
-28
-52
12
-9
-34
13
35
-27
-37
14
-5
51
-54
44
-28
-55
10
-28
-1
82
47
66
-60
-23
-101
51
-21
112
-16
39
-127
15
-40
36
13
68
10
3
-65
-88
-9
-24
15
-46
56
4
50
21
19
-75
40
-6
-24
-64
-18
57
24
-7
77
50
-53
-120
-2
55
-35
49
21
-48
36
-19
-61
-61
9
-97
-42
73
-5
9
-127
-48
-24
55
-10
3
-35
-3
-40
12
-76
-89
100
103
35
50
46
-36
-68
0
-10
3
-47
81
-35
-7
71
-71
52
-43
-77
-4
-51
21
16
21
90
45
-127
-14
64
-50
-41
29
9
67
56
27
-66
-39
-12
26
-30
-73
5
-8
27
-63
29
23
3
-43
-6
43
-23
-40
26
17
5
42
68
-36
-46
-28
-43
27
-49
-64
14
9
-55
30
-56
-58
-21
38
-127
-16
26
-3
83
-9
-13
-28
79
-7
-40
9
-24
15
-56
11
73
19
1
-9
21
8
-14
-52
-26
17
-6
14
12
85
6
-91
40
48
-127
33
-64
-12
-44
33
-8
-61
-38
-15
-1
5
18
33
40
-1
11
84
-61
-29
-38
-50
23
3
-35
56
45
22
38
42
-26
50
70
-6
-2
9
36
23
-20
-127
28
-20
-27
-35
20
41
-13
3
66
46
-92
-32
46
24
-74
-34
-33
-43
-36
6
-10
-12
-12
-21
27
-21
-23
26
-47
5
-61
65
-32
-48
-25
-31
-5
-24
51
46
20
-52
-8
-32
12
58
-45
-37
54
7
47
-26
4
32
-75
-13
55
36
-3
-5
-6
0
-18
56
-37
-18
80
-46
-12
46
67
59
-82
-80
-61
65
44
79
31
58
-39
43
-127
1
6
28
-70
67
-60
-15
-6
35
31
-9
4
87
18
21
-49
80
87
12
64
8
-127
-66
-12
23
72
-32
-24
9
-95
54
30
-52
31
1
-69
37
28
33
120
-48
-64
-10
-86
11
-43
33
-10
-27
16
0
-20
72
43
-56
-33
52
0
36
30
-17
-22
-5
-60
39
65
-93
18
-46
-62
87
-126
-39
33
10
-13
-24
-59
28
-12
127
-62
-3
-32
-101
-108
16
15
-93
2
26
-2
47
1
49
79
-20
-14
34
-92
14
1
57
29
-27
1
-31
26
97
1
12
-59
102
57
0
99
-20
68
31
-34
105
-5
-13
-19
39
78
50
32
-127
29
65
93
-13
-5
62
101
14
-2
-47
-23
66
-38
-12
-93
83
-62
70
-67
-93
57
60
127
93
-41
-43
89
-52
37
68
-36
-18
122
-91
22
-95
-66
-8
-22
65
-88
16
-67
71
-39
9
-18
29
8
78
-43
-14
40
-106
49
-51
-45
94
7
29
9
-35
-8
68
-25
15
44
7
30
100
-45
-3
89
-60
64
43
21
47
-47
23
87
-50
38
-15
-58
-28
-40
78
-15
-127
-40
-75
-36
73
-8
-89
-8
48
3
-49
-46
-6
67
-19
8
24
-39
21
-23
-57
13
44
-18
-13
-17
31
20
-74
37
27
52
40
-42
-20
-14
78
-43
-54
-20
32
61
-36
3
33
-66
18
13
28
-41
-23
41
-60
-22
3
-109
-64
-34
46
1
52
127
-54
-20
-9
13
-9
58
61
-71
-12
47
-79
-61
49
100
-40
-37
-110
-66
-96
-7
119
-3
-60
-39
-32
0
89
-5
-21
-41
-31
80
123
-109
12
-64
23
-28
68
17
-16
-21
0
-113
-21
-8
7
-49
33
96
-127
57
24
41
82
8
-62
-7
30
-35
127
-47
-27
25
15
50
-9
19
-50
47
-22
-4
-4
-33
-3
60
11
-47
-39
37
-14
41
-18
-42
-11
-51
54
-10
-41
23
14
-54
-29
75
20
-9
-29
-26
-92
48
-59
-22
43
29
-19
-29
-26
19
-36
-59
25
65
31
65
72
-77
-45
5
-44
-1
16
-59
-120
-52
-65
24
-38
-66
-55
-51
79
-20
-3
85
-1
42
40
5
56
94
-124
-29
-8
-14
24
-15
-61
-28
-53
127
-32
-1
-18
-92
68
-84
-15
5
-42
-54
-36
13
4
27
31
109
25
4
-42
26
-18
-5
77
-48
-19
65
-2
-25
-60
49
-3
34
-36
-3
-40
-5
47
-15
-24
-6
-23
-57
-41
-30
20
-28
39
29
54
4
-17
51
127
11
-15
83
35
-118
-71
50
32
40
70
74
-50
-21
-21
-2
-43
72
-23
-31
127
-69
-66
2
46
-31
-64
-39
-79
-98
59
-53
-21
23
60
-54
31
48
-39
25
9
-35
-27
-57
-87
46
-16
84
-23
86
5
76
-6
-124
26
-56
12
-127
20
32
71
27
77
-99
-12
-38
32
-108
102
-57
-114
-23
63
-64
-21
24
-30
-7
2
59
58
84
96
73
15
109
41
-24
17
-38
-44
2
-72
-127
-82
126
68
50
-24
-8
-51
6
-6
-53
5
52
-22
60
-16
25
8
-53
-64
-63
-43
1
26
9
40
-72
33
-67
32
0
73
48
48
-17
127
-12
-60
-18
-69
-47
12
14
51
-24
58
0
-2
-40
-78
-8
65
-26
-48
-10
-86
26
-28
35
33
-22
-44
-96
-23
66
-9
-82
7
-29
-18
-41
30
-95
-49
89
-16
-95
-78
-89
-106
1
-6
-53
-50
55
-73
-52
-30
31
-41
-69
8
36
-127
91
-99
-40
52
19
-2
-13
3
-11
-124
27
51
16
-41
10
47
48
91
-12
-17
-66
-69
30
30
-102
-2
32
46
54
64
-40
127
-26
2
-10
59
-1
-98
-58
108
12
74
40
11
6
-6
-22
-28
-77
67
-55
-21
78
-30
-50
-12
49
25
-61
99
-6
0
12
-122
122
87
-32
22
120
77
51
115
20
-60
-38
38
-34
-64
9
-32
-11
127
-24
-18
28
91
-22
-56
40
-3
23
24
-112
72
-55
57
-77
-36
-20
-9
-36
1
64
79
-9
20
127
100
14
107
66
47
7
-57
-29
-107
32
-26
-43
3
-75
-99
13
-15
10
-17
38
98
-36
72
-53
-69
79
103
-62
-27
24
89
1
14
-10
-17
61
-22
-39
-22
1
61
-43
47
-68
72
-90
-35
-102
-38
112
29
72
7
46
72
-47
39
56
-67
11
14
-95
89
42
-10
-48
14
-61
-7
-78
106
14
14
23
24
-66
73
-97
-38
-12
-89
-11
-19
-61
16
-96
-74
8
-51
127
-32
-78
25
33
29
49
-11
70
-34
28
-42
-56
-56
-65
72
-17
23
-14
6
-16
40
-16
-127
42
24
-38
41
-61
25
12
-6
-13
-22
32
-27
-72
-107
36
-60
-30
19
43
-21
93
-5
-5
52
58
-14
-38
-115
76
30
7
29
-1
-39
97
-12
32
25
-127
-69
-48
24
-11
-3
-54
-27
-36
-25
31
4
73
95
9
-17
-55
62
85
-17
-15
25
-39
-18
2
4
-38
-24
-74
56
13
60
0
27
36
23
-7
8
47
-47
-32
-2
36
66
-24
-3
127
2
-22
-34
53
48
7
5
-37
0
-11
71
-28
63
66
-43
16
13
29
-75
21
19
15
-1
28
-8
-15
3
5
-16
-62
-5
24
42
-45
-45
19
63
-25
66
3
-34
72
-127
57
91
-88
106
-68
39
41
26
-22
-29
-7
-39
-7
-1
13
-85
-85
29
-61
-12
-33
92
-90
14
37
8
-55
-41
-5
-19
68
-79
69
-43
27
-26
101
6
-29
-29
-61
53
-22
-35
18
-70
127
45
-64
-5
2
48
-33
30
45
-27
35
-29
-122
-27
-51
-3
26
42
-31
-7
-65
44
52
25
23
-20
15
9
11
-97
17
-51
-89
-68
12
-2
51
7
23
100
-24
-70
-58
-6
35
16
-14
9
-56
54
-13
-13
63
46
-58
-57
43
44
-1
-39
-45
96
19
-47
-118
21
67
25
-127
62
66
50
38
1
28
-29
-68
28
74
-20
11
112
32
-48
-52
13
80
36
1
-64
-22
10
-50
13
13
72
48
-47
-42
-101
81
-32
17
-2
-44
-50
47
-92
-38
-56
65
106
5
-45
-63
27
17
-5
-36
-11
-96
61
45
-44
34
-70
-53
-33
57
-1
-32
-6
87
45
-46
3
70
8
127
-10
103
38
-82
38
-26
-100
90
56
-4
101
-92
1
41
78
39
22
-57
-31
-51
64
31
45
29
-76
-3
-23
-127
93
-121
-17
38
7
-62
3
-53
77
80
-17
91
-16
-24
-12
38
11
4
-58
-115
-86
-44
88
60
-10
61
-13
62
113
8
35
67
-48
39
58
-76
-63
34
-19
-27
-22
27
-78
-127
-19
-69
9
0
-3
69
-2
-24
-7
-113
-72
-36
-81
56
77
111
82
18
-25
77
-2
44
-105
74
-99
-39
-55
32
48
-67
68
-55
-13
-49
-10
61
90
-18
63
39
23
-22
49
61
65
-102
-52
-127
-15
-10
-17
122
67
-40
30
-79
-89
66
-5
21
-60
33
56
-81
18
68
2
67
31
54
-59
77
115
-84
82
-52
-78
20
-51
-17
51
-123
103
8
26
-61
-14
-35
22
-9
16
-102
43
-18
-19
56
108
-45
-27
-53
1
-20
-34
-104
53
-127
-23
-9
-39
69
-32
-8
117
38
23
-91
84
-101
-7
54
5
7
90
0
-53
32
9
-39
43
-55
43
68
7
-18
8
18
-49
-27
65
86
-65
-45
127
60
23
-9
-6
13
-67
57
11
-62
-24
-75
-16
-10
-22
24
84
-55
-26
22
-32
-45
27
-57
6
61
12
21
-81
13
-10
18
-16
34
20
52
40
22
30
-5
-10
-42
-30
41
-3
-40
90
-88
-72
48
-40
-26
47
-81
-2
17
29
65
119
27
127
-16
-67
-3
-9
45
66
-65
-4
-84
-34
46
-42
74
-56
-105
-18
-41
97
-27
27
-63
18
-46
-83
9
-7
-1
55
50
73
-37
87
14
16
17
103
60
-23
-53
17
40
34
-65
7
127
-38
37
-60
50
14
61
39
-20
-9
-32
8
60
-12
-22
-26
15
-13
42
77
119
111
55
-33
-38
24
89
-54
38
50
1
35
112
-89
59
-58
-80
127
-90
45
29
48
23
-121
-110
19
-61
-52
62
72
-75
93
9
54
11
-102
-51
0
-1
-25
24
-18
1
-117
69
-70
-12
-15
88
34
46
37
-12
-67
-48
-127
7
-42
17
-48
-23
-45
0
-37
-15
69
44
78
31
10
-3
61
0
0
18
50
-34
-18
1
-4
-20
-11
7
-5
87
72
-8
25
80
-104
-40
0
-11
-49
25
27
41
103
-91
32
52
-20
-22
-73
10
35
6
88
66
30
121
68
-39
-10
-60
-30
-60
69
109
-63
-29
-6
22
-14
121
38
9
40
101
57
81
-64
-127
-13
-61
-31
-36
-24
37
-103
-34
37
-54
98
44
100
-34
-126
62
29
58
-56
51
32
-41
-12
-42
4
38
55
-56
6
76
5
14
-53
-20
17
-51
87
-34
-26
127
51
30
-11
-24
1
59
-36
22
-34
47
-78
-84
-107
-39
-59
-9
-28
25
13
-66
-28
59
-111
19
17
2
5
-27
10
83
-75
-18
36
9
32
53
33
49
46
-76
-28
99
-73
-27
-14
-25
-22
-90
3
-52
3
-127
19
29
-33
46
24
89
18
114
-9
-67
39
-10
12
-127
-34
4
16
32
40
-13
1
-32
0
-23
3
66
-4
22
63
40
13
46
-7
8
18
-67
-6
-28
33
35
12
-38
-33
-19
-34
8
-71
50
-50
-36
50
-78
1
4
98
20
99
-9
66
28
92
2
127
-51
-71
44
-22
-3
24
-16
-10
-13
-18
-8
-13
-78
-85
-1
41
-36
-5
-61
-58
59
17
19
-24
10
50
16
-12
-1
24
-21
4
-10
44
0
2
-43
-80
-43
-33
-86
39
-44
50
-8
-29
0
-38
-47
-27
17
111
-108
-13
-24
-1
-30
41
-127
-12
-23
-40
13
-70
4
61
-65
1
20
35
-19
77
-12
-18
44
61
-19
2
29
3
34
32
-92
13
-37
64
-42
29
-69
33
23
7
-52
36
-81
-47
22
29
-52
38
-34
51
36
2
0
4
12
13
21
14
13
5
26
22
-75
111
-92
39
-15
-48
-13
49
20
-47
43
127
28
-19
-15
-14
7
-32
-43
-19
-16
61
7
10
-127
-25
12
126
-62
-35
109
-15
2
-80
-6
10
-44
24
28
9
-2
11
-43
40
57
-5
-21
127
-19
13
4
-21
-21
-36
-27
52
-71
32
-10
-32
-38
71
-4
-1
33
11
-70
-10
18
51
29
25
-38
-4
-19
1
23
23
53
64
-18
120
27
20
14
-14
84
12
-72
119
65
-118
42
38
-41
-30
-127
24
52
57
-86
77
64
-54
26
69
-58
-6
30
-9
-27
-67
-75
-26
39
98
-47
-15
-52
-30
-30
-10
-7
53
-72
34
-27
-9
66
-58
127
-30
-50
-40
39
-15
-18
17
91
-17
49
75
5
-94
-39
-9
-26
-111
-30
29
-110
-76
79
13
11
-40
-56
-53
-35
-29
49
-19
52
12
-5
-47
-5
-112
17
36
-42
-27
-25
29
23
-77
-45
-19
52
-24
-87
32
-75
-78
61
-19
-20
127
30
15
-11
31
-34
84
17
50
-26
28
48
81
17
-90
-56
-4
91
-67
75
11
22
-47
-19
-31
-4
8
64
-1
-104
-42
-11
-10
-126
63
82
74
35
-7
-25
88
-74
70
-34
11
-58
127
-30
-58
-13
-10
-87
-70
25
104
3
-63
-79
87
101
48
42
-46
-73
-24
-67
-121
-47
23
39
50
49
60
-61
-16
84
-28
-64
-119
-16
-51
51
109
49
49
-75
1
78
-43
37
-22
39
30
6
98
93
3
3
-4
10
73
-9
127
-31
-59
-78
-10
21
42
74
-20
27
-33
-17
35
-21
7
31
92
79
-6
34
4
15
4
-7
45
58
7
-28
5
-8
-2
-31
-14
22
8
-4
34
-21
-26
-26
127
1
21
-9
-10
-29
-3
-22
-8
-39
7
25
-51
25
-14
49
-15
11
10
23
-20
-63
-60
22
-21
9
19
2
-42
55
-29
34
1
-10
-27
-27
26
46
-33
-20
17
47
18
53
-23
-4
-16
44
-16
47
50
10
42
50
18
-127
-65
48
-35
-43
-35
-53
42
-14
-33
21
71
-15
23
-8
-43
12
-8
-5
88
-39
45
17
-11
-21
-50
-8
22
116
5
-17
-117
37
-31
67
-114
92
-1
-34
-70
60
34
-27
73
89
20
22
-40
-33
-45
31
-34
-47
-32
-118
-25
35
-112
-61
-108
-96
7
77
-33
25
-59
100
-109
35
-83
-13
-5
20
29
-15
-127
29
33
-122
-37
-55
-79
-56
-45
8
90
6
64
-79
60
-50
36
-54
-92
63
80
-41
43
60
102
-47
-102
-21
25
20
55
35
-26
-20
-43
-85
-54
80
-51
47
32
-30
-87
-127
-38
-83
14
85
-38
-70
5
-22
72
-79
47
-41
64
127
-33
43
-9
-28
65
91
58
51
-43
-41
85
-51
22
-37
1
32
62
-40
-87
-45
79
84
46
110
74
47
-70
-109
28
45
118
78
8
-73
-62
4
51
78
55
