601
277
459
508
695
445
818
563
495
553
861
312
261
398
230
364
441
301
353
430
650
909
981
298
863
358
319
361
697
295
202
414
144
462
202
494
364
466
167
532
275
346
712
531
608
249
229
288
429
287
413
297
246
456
533
394
277
773
533
506
211
715
197
246
534
313
327
469
553
718
365
432
345
259
287
406
473
770
481
598
342
447
437
504
624
330
325
342
374
259
374
377
157
451
450
279
986
481
304
378
258
198
396
270
372
444
176
378
476
164
743
363
178
38
251
508
147
377
223
492
347
140
142
443
421
327
343
302
