1173
-474
-2239
-226
-1105
4035
587
809
-2961
-1524
-501
-549
-704
-2005
-391
464
-2072
-1136
-1338
-888
1373
-1434
-1326
-653
-4341
415
-5380
-3688
-1282
-555
-815
-2325
2693
-1767
1558
-1128
2202
270
-503
579
-1389
-1188
1161
-1412
-828
-2567
3843
-1218
-1980
524
392
4200
702
-3523
634
-730
-1682
-3506
1849
167
-1065
4020
2563
-3419
2277
-907
-1442
-790
2173
4549
-493
-1613
-974
-1873
-784
-28
-1135
-1828
-883
1422
-2215
131
-2833
58
-596
-1864
13
441
-4207
1475
-4830
-2488
-1648
1222
-303
-2435
3790
-1247
-1058
-506
1150
340
-1706
-638
707
-57
-1373
-927
-456
-1842
1966
-1066
-1960
-168
-1053
5576
1362
-2286
2587
-1729
-1161
-1947
717
274
-2625
3281
-90
-1022
1173
-474
-2239
-226
-1105
4035
587
809
-2961
-1524
-501
-549
-704
-2005
-391
464
-2072
-1136
-1338
-888
1373
-1434
-1326
-653
-4341
415
-5380
-3688
-1282
-555
-815
-2325
2693
-1767
1558
-1128
2202
270
-503
579
-1389
-1188
1161
-1412
-828
-2567
3843
-1218
-1980
524
392
4200
702
-3523
634
-730
-1682
-3506
1849
167
-1065
4020
2563
-3419
2305
-527
-2169
-980
1353
4746
17
-1145
-1740
-1847
-794
79
-1274
-1926
-744
1524
-2565
371
-3135
46
195
-2360
-419
496
-4851
722
-5648
-3084
-1649
1000
-162
-2598
3748
-1928
4
-708
1272
-105
-1037
-235
149
-495
-254
-1127
-577
-1977
2139
-1403
-1804
-209
-874
6093
1403
-2621
2140
-2014
-1217
-2299
1250
264
-1920
3812
441
-1228
2531
428
-1966
-775
369
3792
-123
-910
-613
-1238
-335
186
-1774
-57
-637
100
-1542
295
-2849
296
-289
-1922
-551
-885
-2984
-2183
-2741
-2273
-863
-988
1976
-1558
102
-3095
379
-1037
-808
-219
-349
272
-43
94
2443
-1059
47
-2604
1423
-1529
-118
-456
-1219
3841
865
-1284
1450
-1626
-621
-1177
3455
-1807
911
2731
-180
932
1163
-669
-1820
-509
-31
3208
183
-295
-1203
-1687
284
-100
-579
-1814
-831
409
-2002
-690
-1727
-127
326
-1402
-507
-596
-3361
202
-4404
-2491
-1019
-94
-134
-1978
1910
-1251
555
-1157
1957
99
-888
167
-555
-13
732
-1148
-205
-1575
1870
-676
-1178
175
-148
4016
748
-2131
909
-1159
-1356
-2151
1539
0
-1151
3396
839
-1622
1586
318
-1925
-1036
-1590
2981
504
-38
-1278
-704
-11
-161
-1137
-663
-229
-1093
-1606
-1060
-1027
74
-175
-1266
-563
-1591
-1721
-1615
-2662
-2029
-2
-1624
1714
-1430
-850
-2922
1841
-1675
537
-906
-742
1374
-1937
698
3726
-977
-33
-1807
1165
-899
-65
226
-744
2065
-239
-889
422
-888
-341
-2279
3194
-1819
1180
2615
1618
-1384
1173
-474
-2239
-226
-1105
4035
587
809
-2961
-1524
-501
-549
-704
-2005
-391
464
-2072
-1136
-1338
-888
1373
-1434
-1326
-653
-4341
415
-5380
-3688
-1282
-555
-815
-2325
2693
-1767
1558
-1128
2202
270
-503
579
-1389
-1188
1161
-1412
-828
-2567
3843
-1218
-1980
524
392
4200
702
-3523
634
-730
-1682
-3506
1849
167
-1065
4020
2563
-3419
1441
-614
-1722
-809
-44
3963
-146
-237
-1970
-1239
-880
-394
-688
-2014
-230
584
-1979
-1029
-1737
-607
333
-1479
-555
-479
-3797
868
-4608
-2833
-1121
-119
-82
-2248
2894
-1659
627
-909
1834
65
-978
149
-687
-549
202
-1010
-521
-2181
2846
-1040
-1745
345
-432
4049
669
-2505
1478
-1075
-1314
-2666
1486
171
-1799
3322
1524
-2840
1441
-614
-1722
-809
-44
3963
-146
-237
-1970
-1239
-880
-394
-688
-2014
-230
584
-1979
-1029
-1737
-607
333
-1479
-555
-479
-3797
868
-4608
-2833
-1121
-119
-82
-2248
2894
-1659
627
-909
1834
65
-978
149
-687
-549
202
-1010
-521
-2181
2846
-1040
-1745
345
-432
4049
669
-2505
1478
-1075
-1314
-2666
1486
171
-1799
3322
1524
-2840
1173
-474
-2239
-226
-1105
4035
587
809
-2961
-1524
-501
-549
-704
-2005
-391
464
-2072
-1136
-1338
-888
1373
-1434
-1326
-653
-4341
415
-5380
-3688
-1282
-555
-815
-2325
2693
-1767
1558
-1128
2202
270
-503
579
-1389
-1188
1161
-1412
-828
-2567
3843
-1218
-1980
524
392
4200
702
-3523
634
-730
-1682
-3506
1849
167
-1065
4020
2563
-3419
1917
247
-1397
-119
2109
3769
-465
-253
-440
-1217
-984
-395
-935
106
-271
-167
-1685
134
-2112
88
-108
-1547
-245
-163
-2143
-657
-3361
-2967
-246
-757
986
-894
-287
-1821
-376
-1121
-1316
155
-1248
254
261
312
1085
-485
-420
-1857
722
-1411
182
-114
-517
3643
1844
-1623
2087
-1367
-855
-674
1683
-1072
48
1905
104
1771
2305
-527
-2169
-980
1353
4746
17
-1145
-1740
-1847
-794
79
-1274
-1926
-744
1524
-2565
371
-3135
46
195
-2360
-419
496
-4851
722
-5648
-3084
-1649
1000
-162
-2598
3748
-1928
4
-708
1272
-105
-1037
-235
149
-495
-254
-1127
-577
-1977
2139
-1403
-1804
-209
-874
6093
1403
-2621
2140
-2014
-1217
-2299
1250
264
-1920
3812
441
-1228
1173
-474
-2239
-226
-1105
4035
587
809
-2961
-1524
-501
-549
-704
-2005
-391
464
-2072
-1136
-1338
-888
1373
-1434
-1326
-653
-4341
415
-5380
-3688
-1282
-555
-815
-2325
2693
-1767
1558
-1128
2202
270
-503
579
-1389
-1188
1161
-1412
-828
-2567
3843
-1218
-1980
524
392
4200
702
-3523
634
-730
-1682
-3506
1849
167
-1065
4020
2563
-3419
1917
247
-1397
-119
2109
3769
-465
-253
-440
-1217
-984
-395
-935
106
-271
-167
-1685
134
-2112
88
-108
-1547
-245
-163
-2143
-657
-3361
-2967
-246
-757
986
-894
-287
-1821
-376
-1121
-1316
155
-1248
254
261
312
1085
-485
-420
-1857
722
-1411
182
-114
-517
3643
1844
-1623
2087
-1367
-855
-674
1683
-1072
48
1905
104
1771
-14
102
-493
331
-251
1123
702
260
-1091
-1137
682
536
-1150
-545
-406
487
-663
601
-706
11
1319
-1167
-665
599
-2602
-6
-2487
-1661
-954
418
-729
-176
122
-1048
1266
-254
622
-276
-270
443
-693
157
1063
-610
-613
-371
445
-538
-424
-120
-214
2567
214
-1215
163
-1110
-721
-949
139
203
308
1553
178
-162
1362
-610
-1760
-850
-107
3351
207
-504
-1176
-1468
226
-58
-668
-1832
-685
218
-2173
-691
-1887
-36
326
-1719
-381
-643
-3363
-99
-4350
-2528
-741
-18
464
-1959
1589
-1734
781
-1343
1787
-305
-1032
290
-766
300
1140
-1085
-4
-1499
1667
-838
-934
139
-564
4099
660
-1801
1065
-1342
-1082
-2093
1822
-303
-839
3307
809
-1597
2305
-527
-2169
-980
1353
4746
17
-1145
-1740
-1847
-794
79
-1274
-1926
-744
1524
-2565
371
-3135
46
195
-2360
-419
496
-4851
722
-5648
-3084
-1649
1000
-162
-2598
3748
-1928
4
-708
1272
-105
-1037
-235
149
-495
-254
-1127
-577
-1977
2139
-1403
-1804
-209
-874
6093
1403
-2621
2140
-2014
-1217
-2299
1250
264
-1920
3812
441
-1228
5
250
-934
104
10
1281
905
583
-1440
-1039
316
279
-701
-544
-295
539
-952
474
-641
271
1594
-1134
-733
566
-2360
-230
-2975
-2034
-752
166
-674
-332
336
-1017
1520
-246
846
-680
-172
330
-809
80
1238
-410
-494
-160
204
-856
-161
266
101
2590
225
-1435
150
-969
-571
-1117
-9
343
520
1385
678
-184
1234
-155
-2818
-692
-2680
3384
1102
875
-2244
-1065
438
-716
-774
-1217
-792
-1471
-1473
-1541
-330
-534
132
-699
-1300
-2405
-1988
-1667
-3112
-2477
-298
-2004
639
-1854
-265
-2493
2276
-2063
1962
-246
-132
1612
-2465
77
4368
-1193
-427
-2666
3021
-607
-578
581
220
2078
-263
-1891
-628
-125
-963
-3598
3788
-1940
1278
3834
2744
-3037
1173
-474
-2239
-226
-1105
4035
587
809
-2961
-1524
-501
-549
-704
-2005
-391
464
-2072
-1136
-1338
-888
1373
-1434
-1326
-653
-4341
415
-5380
-3688
-1282
-555
-815
-2325
2693
-1767
1558
-1128
2202
270
-503
579
-1389
-1188
1161
-1412
-828
-2567
3843
-1218
-1980
524
392
4200
702
-3523
634
-730
-1682
-3506
1849
167
-1065
4020
2563
-3419
2531
428
-1966
-775
369
3792
-123
-910
-613
-1238
-335
186
-1774
-57
-637
100
-1542
295
-2849
296
-289
-1922
-551
-885
-2984
-2183
-2741
-2273
-863
-988
1976
-1558
102
-3095
379
-1037
-808
-219
-349
272
-43
94
2443
-1059
47
-2604
1423
-1529
-118
-456
-1219
3841
865
-1284
1450
-1626
-621
-1177
3455
-1807
911
2731
-180
932
451
358
-716
301
346
1463
821
154
-1095
-1283
380
332
-1225
-45
-504
384
-761
850
-970
336
1139
-1341
-742
306
-2475
-561
-2453
-1850
-718
-24
-367
-118
-147
-1297
1118
-197
141
-519
-217
386
-340
109
1502
-538
-513
-491
278
-996
-196
-112
-69
2723
208
-1249
340
-1192
-662
-804
492
-179
726
1511
15
876
2373
-393
-1474
-334
2795
4526
-367
-1218
-941
-2077
-934
-187
-1221
-844
-760
1342
-2113
306
-2815
444
-449
-1793
-244
199
-3840
653
-4664
-2881
-1435
413
-197
-2020
2764
-1246
-1253
-337
95
369
-1640
-590
1044
-251
-987
-985
-394
-1986
1710
-1639
-1631
-220
-465
5281
1567
-2650
2647
-1577
-1325
-1669
985
-19
-1817
2924
-63
721
1163
-669
-1820
-509
-31
3208
183
-295
-1203
-1687
284
-100
-579
-1814
-831
409
-2002
-690
-1727
-127
326
-1402
-507
-596
-3361
202
-4404
-2491
-1019
-94
-134
-1978
1910
-1251
555
-1157
1957
99
-888
167
-555
-13
732
-1148
-205
-1575
1870
-676
-1178
175
-148
4016
748
-2131
909
-1159
-1356
-2151
1539
0
-1151
3396
839
-1622
2576
5136
-2903
642
852
2228
2500
-60
-6065
-3159
-2294
114
-5575
6508
1909
3276
4447
2450
558
5737
-1755
2042
-4017
-2731
-65
-6081
2647
438
-3604
-4518
-2303
-152
-29
-3660
-146
4791
-5051
-1622
3427
1028
753
-4150
3036
-885
-104
-4068
2676
-4506
-3157
-976
4059
-1294
-3071
-3876
564
916
369
-4829
2984
-2914
6653
-878
4123
5607
1173
-474
-2239
-226
-1105
4035
587
809
-2961
-1524
-501
-549
-704
-2005
-391
464
-2072
-1136
-1338
-888
1373
-1434
-1326
-653
-4341
415
-5380
-3688
-1282
-555
-815
-2325
2693
-1767
1558
-1128
2202
270
-503
579
-1389
-1188
1161
-1412
-828
-2567
3843
-1218
-1980
524
392
4200
702
-3523
634
-730
-1682
-3506
1849
167
-1065
4020
2563
-3419
1173
-474
-2239
-226
-1105
4035
587
809
-2961
-1524
-501
-549
-704
-2005
-391
464
-2072
-1136
-1338
-888
1373
-1434
-1326
-653
-4341
415
-5380
-3688
-1282
-555
-815
-2325
2693
-1767
1558
-1128
2202
270
-503
579
-1389
-1188
1161
-1412
-828
-2567
3843
-1218
-1980
524
392
4200
702
-3523
634
-730
-1682
-3506
1849
167
-1065
4020
2563
-3419
1173
-474
-2239
-226
-1105
4035
587
809
-2961
-1524
-501
-549
-704
-2005
-391
464
-2072
-1136
-1338
-888
1373
-1434
-1326
-653
-4341
415
-5380
-3688
-1282
-555
-815
-2325
2693
-1767
1558
-1128
2202
270
-503
579
-1389
-1188
1161
-1412
-828
-2567
3843
-1218
-1980
524
392
4200
702
-3523
634
-730
-1682
-3506
1849
167
-1065
4020
2563
-3419
1624
405
-2558
-680
-2780
3376
745
665
-2239
-831
-71
-123
-1373
-916
-389
-688
-1530
-1209
-1055
-467
546
-1082
-1228
-1519
-2669
-1734
-3322
-2592
-857
-1886
1053
-2018
118
-3217
2506
-1562
1023
-372
-82
1396
-2411
-292
4022
-1410
-474
-2722
2615
-947
-699
435
-427
2416
-259
-1956
-94
-610
-636
-3213
3633
-1626
1246
3375
2488
-2902
2116
463
-2147
-1451
-2374
3010
-244
-290
-968
-501
101
210
-1258
-1015
-95
-431
-1708
-1481
-2065
6
302
-1317
-779
-1550
-2359
-2421
-2344
-2134
-670
-1878
2857
-2047
-322
-3585
1961
-1303
296
-645
-119
433
-1624
433
3466
-1326
632
-2563
1677
-850
-82
-184
-1440
2197
-114
-975
356
-975
-218
-1768
4191
-1772
1530
2562
1243
-1917
2531
428
-1966
-775
369
3792
-123
-910
-613
-1238
-335
186
-1774
-57
-637
100
-1542
295
-2849
296
-289
-1922
-551
-885
-2984
-2183
-2741
-2273
-863
-988
1976
-1558
102
-3095
379
-1037
-808
-219
-349
272
-43
94
2443
-1059
47
-2604
1423
-1529
-118
-456
-1219
3841
865
-1284
1450
-1626
-621
-1177
3455
-1807
911
2731
-180
932
1624
405
-2558
-680
-2780
3376
745
665
-2239
-831
-71
-123
-1373
-916
-389
-688
-1530
-1209
-1055
-467
546
-1082
-1228
-1519
-2669
-1734
-3322
-2592
-857
-1886
1053
-2018
118
-3217
2506
-1562
1023
-372
-82
1396
-2411
-292
4022
-1410
-474
-2722
2615
-947
-699
435
-427
2416
-259
-1956
-94
-610
-636
-3213
3633
-1626
1246
3375
2488
-2902
1173
-474
-2239
-226
-1105
4035
587
809
-2961
-1524
-501
-549
-704
-2005
-391
464
-2072
-1136
-1338
-888
1373
-1434
-1326
-653
-4341
415
-5380
-3688
-1282
-555
-815
-2325
2693
-1767
1558
-1128
2202
270
-503
579
-1389
-1188
1161
-1412
-828
-2567
3843
-1218
-1980
524
392
4200
702
-3523
634
-730
-1682
-3506
1849
167
-1065
4020
2563
-3419
1334
-601
-2179
-1056
-502
4147
102
120
-2313
-1188
-683
-532
-563
-2349
-229
218
-2249
-1075
-1701
-745
802
-1688
-817
-568
-3909
576
-4984
-3323
-865
-206
119
-2169
2423
-1956
1343
-1268
2115
-217
-711
379
-1149
-304
1110
-916
-591
-2194
2885
-950
-1363
258
-433
4284
828
-2480
1047
-1176
-1353
-2771
1815
0
-1204
3657
1831
-3099
2277
-907
-1442
-790
2173
4549
-493
-1613
-974
-1873
-784
-28
-1135
-1828
-883
1422
-2215
131
-2833
58
-596
-1864
13
441
-4207
1475
-4830
-2488
-1648
1222
-303
-2435
3790
-1247
-1058
-506
1150
340
-1706
-638
707
-57
-1373
-927
-456
-1842
1966
-1066
-1960
-168
-1053
5576
1362
-2286
2587
-1729
-1161
-1947
717
274
-2625
3281
-90
-1022
2531
428
-1966
-775
369
3792
-123
-910
-613
-1238
-335
186
-1774
-57
-637
100
-1542
295
-2849
296
-289
-1922
-551
-885
-2984
-2183
-2741
-2273
-863
-988
1976
-1558
102
-3095
379
-1037
-808
-219
-349
272
-43
94
2443
-1059
47
-2604
1423
-1529
-118
-456
-1219
3841
865
-1284
1450
-1626
-621
-1177
3455
-1807
911
2731
-180
932
90
124
-1076
-402
-482
1571
425
542
-1343
-878
335
330
-613
-1317
-98
526
-1453
-97
-1074
-63
1885
-1388
-750
606
-2849
11
-3413
-2466
-806
60
2
-591
413
-1343
1934
-375
1147
-735
-241
78
-997
417
1278
-518
-383
-383
294
-625
-129
-15
-451
2882
380
-1380
153
-1227
-755
-935
374
556
290
1675
642
-959
1586
318
-1925
-1036
-1590
2981
504
-38
-1278
-704
-11
-161
-1137
-663
-229
-1093
-1606
-1060
-1027
74
-175
-1266
-563
-1591
-1721
-1615
-2662
-2029
-2
-1624
1714
-1430
-850
-2922
1841
-1675
537
-906
-742
1374
-1937
698
3726
-977
-33
-1807
1165
-899
-65
226
-744
2065
-239
-889
422
-888
-341
-2279
3194
-1819
1180
2615
1618
-1384
2305
-527
-2169
-980
1353
4746
17
-1145
-1740
-1847
-794
79
-1274
-1926
-744
1524
-2565
371
-3135
46
195
-2360
-419
496
-4851
722
-5648
-3084
-1649
1000
-162
-2598
3748
-1928
4
-708
1272
-105
-1037
-235
149
-495
-254
-1127
-577
-1977
2139
-1403
-1804
-209
-874
6093
1403
-2621
2140
-2014
-1217
-2299
1250
264
-1920
3812
441
-1228
1624
405
-2558
-680
-2780
3376
745
665
-2239
-831
-71
-123
-1373
-916
-389
-688
-1530
-1209
-1055
-467
546
-1082
-1228
-1519
-2669
-1734
-3322
-2592
-857
-1886
1053
-2018
118
-3217
2506
-1562
1023
-372
-82
1396
-2411
-292
4022
-1410
-474
-2722
2615
-947
-699
435
-427
2416
-259
-1956
-94
-610
-636
-3213
3633
-1626
1246
3375
2488
-2902
2305
-527
-2169
-980
1353
4746
17
-1145
-1740
-1847
-794
79
-1274
-1926
-744
1524
-2565
371
-3135
46
195
-2360
-419
496
-4851
722
-5648
-3084
-1649
1000
-162
-2598
3748
-1928
4
-708
1272
-105
-1037
-235
149
-495
-254
-1127
-577
-1977
2139
-1403
-1804
-209
-874
6093
1403
-2621
2140
-2014
-1217
-2299
1250
264
-1920
3812
441
-1228
2531
428
-1966
-775
369
3792
-123
-910
-613
-1238
-335
186
-1774
-57
-637
100
-1542
295
-2849
296
-289
-1922
-551
-885
-2984
-2183
-2741
-2273
-863
-988
1976
-1558
102
-3095
379
-1037
-808
-219
-349
272
-43
94
2443
-1059
47
-2604
1423
-1529
-118
-456
-1219
3841
865
-1284
1450
-1626
-621
-1177
3455
-1807
911
2731
-180
932
2305
-527
-2169
-980
1353
4746
17
-1145
-1740
-1847
-794
79
-1274
-1926
-744
1524
-2565
371
-3135
46
195
-2360
-419
496
-4851
722
-5648
-3084
-1649
1000
-162
-2598
3748
-1928
4
-708
1272
-105
-1037
-235
149
-495
-254
-1127
-577
-1977
2139
-1403
-1804
-209
-874
6093
1403
-2621
2140
-2014
-1217
-2299
1250
264
-1920
3812
441
-1228
1173
-474
-2239
-226
-1105
4035
587
809
-2961
-1524
-501
-549
-704
-2005
-391
464
-2072
-1136
-1338
-888
1373
-1434
-1326
-653
-4341
415
-5380
-3688
-1282
-555
-815
-2325
2693
-1767
1558
-1128
2202
270
-503
579
-1389
-1188
1161
-1412
-828
-2567
3843
-1218
-1980
524
392
4200
702
-3523
634
-730
-1682
-3506
1849
167
-1065
4020
2563
-3419
953
442
-1268
-248
2415
2964
82
-526
-1077
-1081
-1129
241
-1293
259
205
869
-823
1695
-2201
379
204
-2048
-86
707
-2800
-745
-3261
-2032
-589
722
-54
-412
809
-1734
-273
-679
-1017
-371
-140
678
491
-592
384
-84
-698
-1175
398
-1685
102
-156
-343
4199
1802
-1246
2234
-2036
-750
-583
589
-319
-269
1631
-331
2077
1320
-561
-1890
-759
59
3730
492
-57
-1916
-1265
-356
-560
-627
-1538
-544
59
-1846
-558
-1465
-340
389
-1548
-740
-894
-3300
-116
-4043
-2752
-627
-207
66
-1744
1790
-1640
775
-1139
1676
-218
-688
389
-698
-210
1246
-836
-390
-2007
2645
-1212
-1148
244
-174
3837
619
-2210
909
-894
-1221
-2556
1923
-479
-652
3321
1342
-1750
682
-619
-1019
-502
662
2657
-611
-526
-1135
-1191
-484
490
-843
-2196
-358
1996
-1494
-49
-1879
-522
605
-1037
-283
1475
-3903
2279
-4067
-1954
-2307
1316
-1193
-1799
3815
-400
28
400
1669
558
-759
-900
186
-349
-1932
-734
-973
-1147
1412
-196
-1915
-228
-896
4049
904
-2110
1355
-1292
-1235
-1423
-574
1676
-2658
2296
148
-2404
2305
-527
-2169
-980
1353
4746
17
-1145
-1740
-1847
-794
79
-1274
-1926
-744
1524
-2565
371
-3135
46
195
-2360
-419
496
-4851
722
-5648
-3084
-1649
1000
-162
-2598
3748
-1928
4
-708
1272
-105
-1037
-235
149
-495
-254
-1127
-577
-1977
2139
-1403
-1804
-209
-874
6093
1403
-2621
2140
-2014
-1217
-2299
1250
264
-1920
3812
441
-1228
1624
405
-2558
-680
-2780
3376
745
665
-2239
-831
-71
-123
-1373
-916
-389
-688
-1530
-1209
-1055
-467
546
-1082
-1228
-1519
-2669
-1734
-3322
-2592
-857
-1886
1053
-2018
118
-3217
2506
-1562
1023
-372
-82
1396
-2411
-292
4022
-1410
-474
-2722
2615
-947
-699
435
-427
2416
-259
-1956
-94
-610
-636
-3213
3633
-1626
1246
3375
2488
-2902
93
-67
-1809
-485
-1315
2328
888
1082
-2021
-739
75
-521
-469
-1106
-269
-873
-1030
-781
-41
-550
931
-813
-1018
-1109
-1962
-620
-2840
-2351
-234
-1090
-22
-692
-244
-1601
2155
-1240
1736
-556
-66
1104
-1791
262
2939
-402
-734
-1469
1758
-648
-114
559
147
1959
-57
-1479
-319
-445
-980
-2323
1757
-711
752
2479
1875
-2038
2510
596
-1919
-430
1624
4050
212
-655
-827
-1462
-753
-360
-1548
819
-465
-188
-1442
481
-2497
711
-560
-1886
-604
-1404
-2412
-2581
-2736
-2561
-218
-1439
1673
-1120
-513
-2711
-260
-1090
-1447
-313
-573
554
390
-152
2412
-879
80
-2588
1472
-2262
5
-267
-307
3650
1110
-1674
1809
-1344
-857
-1300
3386
-2102
1171
2504
104
2576
-266
-301
-1614
53
-512
1627
1059
1234
-1574
-1067
579
-356
3
-1189
-856
-195
-1174
-251
-92
-362
1508
-633
-1002
-241
-2053
-61
-3167
-2364
-611
-407
-922
-562
380
-454
1745
-727
2103
-250
-40
291
-1095
259
1834
-331
-756
-641
1073
-429
-86
612
517
2328
226
-1750
-635
-333
-1069
-1689
511
191
374
2174
1187
-1357
1186
-119
-1501
-1028
59
3267
28
-19
-1343
-1210
-311
-719
-513
-1116
-74
-863
-1665
-1538
-1033
229
274
-1295
-597
-1818
-2160
-854
-3219
-2795
132
-1652
1455
-1140
-310
-2230
1280
-1303
1244
-972
-1156
446
-1023
933
2406
-531
323
-1681
1401
-1265
-104
497
-360
2619
-2
-1413
1096
-950
-920
-1881
2375
-1111
410
2325
1337
-943
2355
-728
-1952
-1283
2456
4927
-707
-1521
-1003
-1818
-806
-55
-1146
-2048
-739
1474
-2422
194
-3095
230
-421
-1847
-174
740
-4117
1313
-4958
-2927
-1779
1229
66
-2348
3392
-1433
-847
-389
878
143
-1539
-937
699
513
-1094
-641
-508
-1933
1514
-926
-1490
-559
-1374
5860
1799
-2178
2526
-1882
-1118
-1673
828
226
-2016
3161
-128
-699
2305
-527
-2169
-980
1353
4746
17
-1145
-1740
-1847
-794
79
-1274
-1926
-744
1524
-2565
371
-3135
46
195
-2360
-419
496
-4851
722
-5648
-3084
-1649
1000
-162
-2598
3748
-1928
4
-708
1272
-105
-1037
-235
149
-495
-254
-1127
-577
-1977
2139
-1403
-1804
-209
-874
6093
1403
-2621
2140
-2014
-1217
-2299
1250
264
-1920
3812
441
-1228
1234
-155
-2818
-692
-2680
3384
1102
875
-2244
-1065
438
-716
-774
-1217
-792
-1471
-1473
-1541
-330
-534
132
-699
-1300
-2405
-1988
-1667
-3112
-2477
-298
-2004
639
-1854
-265
-2493
2276
-2063
1962
-246
-132
1612
-2465
77
4368
-1193
-427
-2666
3021
-607
-578
581
220
2078
-263
-1891
-628
-125
-963
-3598
3788
-1940
1278
3834
2744
-3037
1036
839
-1362
-167
-1376
1545
567
96
-425
-732
819
745
-1771
481
-560
-163
-646
297
-1304
307
393
-1009
-782
-615
-1777
-2559
-1207
-1274
-966
-1260
1332
-561
-1582
-2464
1480
-628
-691
-304
161
729
-1027
447
3301
-1065
-150
-1626
392
-862
335
-376
-857
1662
-128
-689
-159
-874
-346
-991
2841
-1560
2156
1712
105
673
-17
192
-691
-23
-1579
199
470
574
-234
-543
1546
586
-828
-623
-828
-47
-444
-70
-228
-34
1321
-131
-917
318
-1185
-733
-642
-1068
-1105
-328
285
-51
-1144
-901
1785
79
621
-139
158
-325
-1002
1232
2046
-459
-235
-382
-145
405
354
-425
-802
837
-351
-374
-1245
-237
-163
-321
879
-326
1784
829
-43
-697
2305
-527
-2169
-980
1353
4746
17
-1145
-1740
-1847
-794
79
-1274
-1926
-744
1524
-2565
371
-3135
46
195
-2360
-419
496
-4851
722
-5648
-3084
-1649
1000
-162
-2598
3748
-1928
4
-708
1272
-105
-1037
-235
149
-495
-254
-1127
-577
-1977
2139
-1403
-1804
-209
-874
6093
1403
-2621
2140
-2014
-1217
-2299
1250
264
-1920
3812
441
-1228
-395
-3575
1916
-2828
2277
1002
-3931
-3288
6987
3855
-363
-562
1208
-1384
-1294
-3771
863
-775
-337
-4131
-7290
800
4189
-1847
3803
1679
6804
4968
1509
1683
4479
1035
-1810
1915
-5314
-2318
75
2864
-2131
-639
2302
4471
-2063
2124
-830
-2167
37
2903
2340
-905
-5803
-2622
1183
6024
1669
691
-473
3062
2853
-2818
-4406
-90
-5888
-1020
1624
405
-2558
-680
-2780
3376
745
665
-2239
-831
-71
-123
-1373
-916
-389
-688
-1530
-1209
-1055
-467
546
-1082
-1228
-1519
-2669
-1734
-3322
-2592
-857
-1886
1053
-2018
118
-3217
2506
-1562
1023
-372
-82
1396
-2411
-292
4022
-1410
-474
-2722
2615
-947
-699
435
-427
2416
-259
-1956
-94
-610
-636
-3213
3633
-1626
1246
3375
2488
-2902
