180
1352
1205
-980
-3295
0
0
51
0
-140
0
0
-160
-1216
-3026
-1850
-57
1094
0
0
980
-730
-305
-602
0
-2959
2987
-2156
635
0
2142
-1891
380
0
-581
114
0
0
0
-3556
164
-35
-3121
0
-168
-4529
-118
-1408
0
1077
-158
-3583
-324
1564
0
7178
0
-254
1291
-4873
136
0
0
177
151
-3445
614
0
-299
52
0
0
-4009
-432
-1808
-35
0
969
-3180
-2588
-1313
-2521
344
-215
0
598
0
-420
0
-638
0
1106
0
856
3912
-272
-1838
3659
2853
948
-4173
0
0
2786
0
-50
0
0
-1168
-980
-2052
-1660
-19
737
0
0
1526
-1136
181
-1155
0
-1375
3858
-6092
1212
208
2459
-1597
-545
0
-434
523
0
0
0
-6342
-480
-47
-2152
0
-64
-2824
-138
-4625
21
300
-46
-4985
-396
1855
0
11769
0
-248
725
-4747
-85
0
0
339
1376
1726
1792
0
-1093
54
0
0
-3400
-2160
-2340
95
0
2221
-1243
-6306
-1676
-1381
332
50
0
13
0
-200
0
214
0
1199
-44
0
5387
512
-3080
-1552
1958
-882
-2550
0
0
816
0
-105
0
0
-568
1283
62
190
0
279
0
0
1106
-60
-180
-1068
0
-39
2692
-7067
921
56
1355
-2286
0
0
112
598
0
0
0
-4318
80
0
-780
0
240
-2966
0
-3033
177
135
-658
-3061
-504
884
0
10746
0
-98
741
-509
-325
0
0
42
109
56
1180
0
765
0
0
0
-701
-240
-667
5
0
-814
300
-5500
-874
-521
-56
390
0
0
0
0
0
534
0
2039
208
-896
406
-72
-2424
2357
-228
-2074
-2173
0
0
-1572
0
192
0
381
-4883
0
-1704
90
0
0
0
0
-167
0
822
1051
0
-480
1322
-1141
1011
0
913
-860
490
0
-1143
228
0
0
12
-330
-788
0
-3002
0
-20
-3888
0
-1267
0
0
-202
-1652
-99
1468
0
5823
0
0
336
-2364
-70
0
0
-438
-401
-1432
-314
0
-1549
-630
0
0
-910
-1804
1692
254
0
-1314
-3576
-2574
-869
1550
-24
-513
0
0
0
0
-381
602
0
341
68
0
2059
0
-3671
935
-645
-358
-3267
0
0
1218
0
268
0
-147
-1802
0
-394
450
0
0
0
73
564
0
152
-2638
0
2150
3612
-7009
-1054
0
1374
-462
10
0
-639
210
0
0
269
728
113
0
-1460
0
-508
-5411
0
-2059
0
42
-250
-1832
-1397
608
0
2769
0
0
1016
-1792
-366
0
0
-865
316
-1736
1600
0
925
-792
0
0
-6698
-1931
-2203
-14
0
-42
-1388
-4203
-88
609
47
278
0
0
0
0
219
322
0
-806
-77
10
3092
0
-6282
729
-1410
-5834
-1977
0
0
-3737
0
240
0
0
-6227
-1516
-4513
-855
73
-338
0
0
182
-232
269
-1005
0
649
-984
-3997
567
224
-1734
-1061
5
0
-889
-93
0
0
6
-1845
810
49
-5348
0
-20
-2991
-254
-1699
25
-9
-460
-373
-81
1473
0
-4487
0
-1325
715
-3911
1034
0
0
-965
-718
-3510
-1484
0
-1130
116
0
0
-2890
-1488
1562
635
0
-3455
-2671
-1210
44
2611
-162
-180
0
-845
0
-1270
0
-520
0
1053
-120
568
3143
184
-8642
1269
-2284
-272
685
0
-390
-1287
-396
335
0
861
-3146
1640
-746
-628
-8
-289
0
0
2100
-1216
-568
833
0
1573
236
-8705
-1571
200
-1352
-1742
62
0
-746
-421
0
0
130
-1489
-43
112
-2336
0
-508
-4405
-154
-3482
-170
-333
55
1638
-1143
1263
0
-9759
0
-1268
2056
-4770
1738
0
0
-2890
1195
-948
88
0
1120
-10
0
0
-7425
-642
-1125
-35
0
423
-1313
-1375
575
1309
335
-190
0
-1651
0
-370
87
475
0
-3131
18
-398
8589
712
-2338
1724
-263
-1037
-3442
0
0
-4053
0
508
0
-108
-4850
0
-430
-1378
0
0
0
93
-77
0
-764
-2445
0
727
-1912
-5572
1627
0
1730
-2834
640
0
513
348
0
0
208
-3992
639
0
-767
0
-284
-2416
0
-1806
0
127
-586
-1583
-319
-996
0
6597
0
0
120
-998
174
0
0
-1880
102
-2641
-1390
0
812
234
0
0
-3965
-847
1198
-44
0
-282
-1660
-2874
817
530
-289
1196
0
0
0
0
-297
-889
0
1247
632
107
3280
0
-978
2503
-951
-718
-3431
0
0
-424
0
112
0
-111
-2216
-720
-1054
-1149
0
109
0
103
-380
-14
-777
1151
0
-896
1316
-5734
1044
420
2780
-4220
-1270
0
405
-334
0
0
669
-5479
-1046
0
-420
0
-272
-1464
0
-2323
82
12
-1550
-3883
-374
-1277
0
13418
0
0
-11
-3605
-296
0
0
-1159
1009
1223
-262
0
-425
243
0
0
-5922
-361
-135
-90
0
-422
-2272
-7647
533
290
-308
635
0
0
0
0
33
-206
0
-1184
392
321
6953
0
-60
-201
425
122
-2951
0
0
891
0
0
0
0
56
-216
-392
128
0
78
0
-12
0
-220
0
-1008
0
123
3180
-2497
139
114
2001
-3060
0
0
0
-64
0
0
536
-1941
0
0
0
0
0
-1818
0
-1110
-13
15
-202
-3415
0
127
0
9056
0
0
1943
-1589
-431
0
0
428
232
-1657
670
0
460
0
0
0
-701
-102
254
0
0
545
-284
-5999
-170
0
235
312
0
0
0
0
0
172
0
576
0
-112
2635
0
-4705
768
-2363
-1663
-3325
0
175
-4533
888
635
0
889
-9078
1994
-311
-54
141
-1167
0
0
-322
-2
404
-345
0
-83
-2024
-4060
1650
160
115
-3267
-292
0
18
76
0
0
158
-5461
-1721
127
-1457
0
-284
-2282
58
-2098
66
-120
-278
-2212
-261
-462
0
5669
0
-594
-571
-2408
381
0
0
-1178
-5
-3331
-2060
0
1025
26
0
0
-5481
-372
1078
-110
0
-1647
-2731
-3092
-278
508
-746
-172
0
-247
0
-540
-127
-127
0
480
301
1391
3609
0
-1734
1316
-2341
1616
-3845
0
270
-1603
-1272
140
0
-343
-3791
-606
2765
87
73
-380
0
0
-280
180
168
-2604
0
893
674
-6924
2543
-480
127
-2723
7
0
102
70
0
0
252
-4988
440
0
-546
0
-272
-1334
0
-1971
156
0
-40
-1569
-306
-1042
0
5618
0
400
-3198
-68
-503
0
0
182
1221
3337
-60
0
536
27
0
0
-6781
-2286
-511
-225
0
-732
-1344
-5562
420
219
64
40
0
0
0
0
73
0
0
-307
388
0
3804
0
-387
3304
841
-830
-5972
0
0
-53
-212
0
324
0
-1337
-1260
-1829
-1275
0
312
0
0
30
-1320
154
-651
0
-754
2150
-7626
-862
386
2108
-1174
304
0
-682
-501
0
0
-216
-4730
-457
-70
-471
0
0
-1897
0
-4143
-209
584
-19
-6063
-367
1397
0
5465
0
-1869
3807
-3972
-119
0
0
1076
679
-335
645
0
-907
256
0
0
-2381
-3480
0
0
-51
763
-1556
-4944
-1177
-586
1490
287
0
7
0
0
146
-230
0
2482
-539
0
895
64
-2232
-2567
1203
-1885
-5864
0
70
-708
684
624
-1928
0
-3257
927
-1255
114
0
220
127
0
79
-72
498
-1623
0
-853
2450
-3476
-630
-373
1736
-3732
-338
0
-2237
503
0
0
474
-6886
-916
-94
-90
0
-5
-2307
0
-2969
-262
330
-303
-4636
-1090
1399
0
9864
0
-1270
1706
-1642
-864
0
0
160
379
-2722
329
0
-257
208
0
0
612
-1474
1598
0
369
-1148
-2128
-7657
-2146
-146
1643
0
0
0
0
0
166
200
0
2830
-458
2033
2042
-9
-899
1143
-889
1371
-3235
0
108
-167
-636
871
127
0
-1159
654
810
377
0
0
50
0
0
0
273
-1911
0
1309
1742
-5042
889
-876
480
-2690
2
0
-1349
705
0
0
756
-6380
322
0
0
0
-127
-2284
0
-695
274
0
0
-1292
-592
616
0
4893
0
166
-3009
582
-312
0
0
-264
1766
2990
372
0
576
216
0
0
-1905
-1778
-1241
0
0
-182
-1632
-5623
0
86
48
0
0
0
0
0
0
92
0
163
336
0
796
0
-5028
0
155
185
0
0
0
541
-106
543
3810
0
-1786
3028
-838
0
0
-492
0
0
184
-3073
231
-452
0
70
1550
-3166
1397
122
0
126
1
0
-2456
315
-34
0
0
1000
0
0
0
0
-1524
-968
-635
-549
861
0
0
-3312
-484
2160
0
0
100
-4392
3333
-74
20
0
0
28
-290
-1770
446
0
656
-880
23
-147
-3212
-2921
-895
114
35
1785
-880
-2407
0
-347
-154
0
0
0
0
0
0
430
0
-154
208
0
996
0
-2182
2089
-473
-1703
-295
0
0
-1778
0
0
0
0
-1182
1143
-249
1
0
-38
0
-12
0
-254
0
-2154
0
873
-1980
-3695
925
-329
-434
-1716
0
0
0
744
0
0
-206
-3239
0
0
0
0
0
-1629
0
-844
127
-40
-148
100
0
88
0
-1837
0
0
-406
228
945
0
0
-2149
-102
-2200
-722
0
612
0
0
0
-2315
-381
120
0
0
-130
-656
-1284
379
0
-156
508
0
0
0
0
0
244
0
605
0
-325
1684
0
-5419
2733
2288
150
-2609
0
-156
1354
161
-40
-662
492
-6271
-2422
-2598
-912
0
870
0
0
1547
-910
-554
874
0
-2657
1880
-9796
59
252
-419
-297
-360
0
-3123
-1254
592
0
0
-876
-1120
-155
-3182
0
84
-3250
-896
-5438
-363
34
-300
-5905
-424
3758
0
3369
15
-2373
2713
-5803
45
0
0
822
313
539
-495
127
-1687
0
0
-497
-2285
-3796
-2936
146
382
265
-3183
-2513
-2932
-21
-856
-23
0
-446
0
-582
-150
183
0
1480
-250
-200
3559
23
-7924
-307
1275
-1634
-6419
0
-122
652
169
-84
-314
402
-3403
3516
-1265
-612
0
453
0
0
816
-1608
450
-4341
0
721
1128
-9071
-413
-620
-805
-1635
166
0
-253
678
288
0
-762
-2782
393
-7
-1090
0
360
-1096
-483
-5129
-20
-893
-65
-3292
-595
1970
0
-4311
-180
-965
1291
-1663
174
0
0
-1942
360
130
865
52
504
328
0
-630
-3834
-5384
-1351
7
1704
-737
479
-3169
-1717
529
1697
641
0
-889
0
-252
-198
545
0
1866
806
-163
5985
89
-6258
0
-1476
-2065
0
0
0
-916
65
1545
-390
0
-4518
3998
-946
0
0
-1943
0
0
-24
-971
117
-2188
0
1669
-974
-2896
-77
-77
0
-2286
64
0
-323
522
-60
0
0
-5080
0
0
0
0
-852
-2794
180
-335
-691
0
0
919
-1397
119
0
0
220
-1135
-704
-353
1548
0
0
96
-600
-3810
-3
0
1101
260
-68
42
-2079
-805
-215
-42
53
-747
-107
-130
429
875
-242
0
0
0
0
0
0
610
0
2390
508
-792
-560
0
-1362
686
245
-1039
-1126
0
0
-41
0
0
0
0
-1012
635
-1064
106
0
312
0
0
30
0
0
-2014
0
-168
1641
-1375
97
178
1158
-2759
0
0
0
-177
40
0
0
-4932
-312
0
0
0
0
-2433
0
-779
210
0
0
-4048
0
0
0
3992
0
-684
1428
-1295
52
0
0
916
-28
-3570
546
0
713
104
0
0
-1369
-306
-530
0
0
306
-528
-3491
-184
0
58
0
0
0
0
0
0
0
0
1751
52
0
1133
0
-9458
694
-598
-715
-1970
0
0
-1159
-96
192
-1273
-147
-7763
-1377
-1857
376
0
33
0
0
229
615
480
-1627
0
1608
-182
-6256
752
-451
-1126
798
105
0
-5611
-277
-1424
0
0
-95
-1533
98
-5127
0
-411
-3961
-1288
-4194
78
-25
149
-2970
-129
2519
0
-5798
-102
-1764
1962
-2223
-363
0
0
1452
-288
2047
-185
0
-618
-381
0
-607
-2447
-2018
-437
798
-1371
-2243
-1996
-2415
-858
2929
-1657
-306
0
-396
0
-1143
146
-1230
0
1519
-33
535
292
0
-13531
-486
-1912
-825
-4103
0
70
1029
42
268
2566
576
-7976
3897
-1177
-8
0
-766
0
0
1625
-1169
-316
-2211
0
3339
-502
-5933
2623
-52
197
-894
642
0
-1300
1291
220
0
0
-921
-407
804
-2981
0
-810
-1411
-1428
-3445
545
44
-1562
-998
-87
-1344
0
-248
75
-903
408
-3371
1790
0
0
-2459
487
732
-1881
-50
-726
0
0
4
525
-3464
1317
-140
482
557
-2146
40
-656
2094
-936
1037
0
-1192
0
-1035
166
1048
0
1956
970
321
5584
0
-6446
4285
-1095
-1690
-2131
0
108
-403
360
96
-2409
-294
-4839
308
-643
128
0
-464
0
0
1070
-6
-154
-2282
0
1225
752
-8418
2458
-283
919
-1147
255
0
3201
312
328
0
0
-1515
-808
339
-980
0
-96
-1600
-539
-2490
861
-176
322
1638
-246
-1551
0
4862
381
-393
-2596
-3516
-50
0
0
-2423
1067
-1674
101
-79
844
0
0
-165
-5443
-4214
-473
-49
588
627
-1548
-5024
687
585
-267
1329
0
-133
0
-762
0
-298
0
-3103
1565
-560
6534
0
-4561
2376
667
-4148
-1650
0
0
-876
0
-112
0
0
-1698
-315
-1914
494
0
-152
0
0
183
-19
-344
-3148
0
-215
766
-3125
754
-759
-59
469
0
0
-581
175
-68
0
0
-3162
1322
-188
-1084
0
0
-4362
0
-2013
-136
0
570
-2155
-396
728
0
170
0
-1248
1075
-2112
124
0
0
-698
-1300
-1337
349
0
821
-696
0
0
-3920
-1143
-1127
-56
0
-911
-1719
-3293
-94
-2344
663
-95
0
0
0
-469
0
0
0
1640
127
0
1510
0
-5010
386
615
-444
-1907
-1686
0
442
-628
456
9144
-882
-3688
214
-578
-72
0
502
300
0
1752
0
740
-498
0
1272
2485
-8188
1330
0
0
430
53
0
-4298
0
-612
0
0
180
920
0
-2352
392
-6051
-3473
0
-1602
1239
0
1638
-405
0
3895
945
-583
125
-1520
594
-2086
-2166
12
960
0
-1022
2204
741
0
1214
806
302
-1890
-7438
-5574
-3316
-210
-350
-915
-1184
-1022
-1270
266
-20
-697
0
-65
-196
0
1749
165
0
4572
-350
115
-1663
0
-6463
429
-403
-1029
-125
0
0
-2117
21
0
-29
165
-3406
618
-1131
-216
0
0
0
0
-1391
50
472
-1376
0
1405
-1200
-2771
517
98
1016
-2667
728
0
-940
-34
-1032
0
0
-5080
-1176
244
-3600
0
-105
-2250
-91
-1776
124
0
-402
-2141
0
-918
0
5842
0
-760
315
-1056
102
0
0
576
-640
-2898
-454
0
39
78
0
60
4581
48
1170
78
-632
455
-1318
-2178
703
1276
-104
-422
0
243
0
-342
-200
-15
0
2278
0
0
720
0
-2678
3062
841
-2824
1558
0
-76
-332
0
0
0
-222
-1448
635
-1094
553
0
0
0
0
-160
0
-216
-427
0
-404
672
-5575
-474
-365
1068
-2112
-635
0
0
-1153
180
0
0
-4581
-869
52
-336
0
0
-4303
0
-3425
-34
-80
-814
-2689
-508
-228
0
3507
0
-1049
1965
-2508
-25
0
0
-1529
-1016
-1215
-593
-2
392
-381
0
0
-3757
-560
-680
0
0
-359
-726
-5924
783
-137
322
635
0
0
0
-484
0
0
0
154
-20
-381
2265
0
-5441
-666
-715
-1315
-1164
0
0
-1777
0
0
0
0
-2330
1397
-2073
-464
0
-348
0
0
-107
-254
0
-1612
0
1119
-1368
-1637
535
114
56
-3106
0
0
0
1
-172
0
0
-5747
-824
196
-132
0
0
-1920
0
-1208
-47
0
0
-1299
0
0
0
1716
0
-988
576
-880
627
0
0
1320
-434
-2900
-708
0
50
104
0
0
2147
27
390
0
0
-68
-1243
-567
296
275
-114
0
0
0
0
0
0
0
0
2522
0
0
141
0
-2844
450
-2075
-190
540
0
0
-4062
74
844
0
0
-3791
-504
-1301
5
0
-304
0
0
72
-127
156
138
0
227
-803
-3429
-63
-545
83
-1130
0
0
-1894
567
-44
0
0
-4131
-288
0
-1310
0
0
-3305
0
-1273
762
0
360
2158
-1397
1541
0
-1445
0
-608
-372
-1471
344
-54
0
-1778
1344
-1823
-277
0
-308
208
0
-1905
-5069
-252
408
-56
0
-763
54
-1142
-230
1790
-42
-119
0
0
0
-889
0
-2163
0
-799
-55
321
1860
0
-6344
1270
-1944
-104
-2231
-220
0
-472
-92
2308
-2088
990
-6060
2488
732
-256
0
-348
138
0
-6340
9
1262
-1637
0
3179
849
-6501
42
0
60
-1705
3224
0
-2867
0
-1548
0
0
-4048
-2475
0
-3052
595
-1575
-3862
0
-2605
-1197
0
-3422
-728
-814
-1616
-585
1397
-15
636
-985
924
1170
-285
3520
0
394
-228
-2172
0
-190
1487
-1270
210
4171
132
1839
70
-948
1891
-147
-924
761
2812
0
-1044
0
27
546
-259
-1800
1806
0
-201
260
213
4595
0
-2070
254
-2190
480
-340
278
0
-1962
-1632
1319
-1512
-666
-7074
315
-18
4
0
-532
-186
0
-1119
0
-885
-576
0
766
-275
-6435
791
0
0
0
-3935
0
2094
0
-396
0
0
0
-1863
0
-1140
91
-4076
-1347
0
-1587
2667
0
-2448
-104
0
-2400
41
0
630
2020
0
550
222
0
448
0
1748
0
-1446
0
330
1209
443
0
-8305
-3010
-365
-1008
337
-1342
-686
0
1470
1070
-28
4184
0
-19
77
0
563
516
0
-4392
0
-381
4577
0
-3780
0
-1105
-1274
0
0
0
-900
0
335
0
0
-2204
2794
-72
0
0
-38
0
0
0
-762
0
-1800
0
1428
533
-2023
0
70
254
-2032
0
0
-1207
35
0
0
0
-5207
80
0
0
0
0
-3048
0
-336
177
0
0
-1040
-1778
264
0
127
0
-1900
420
770
136
0
0
0
-688
-3937
108
0
627
208
0
0
-2159
0
-438
-63
0
-572
-408
-792
0
1045
-14
0
0
0
0
0
0
0
0
2667
0
0
-1632
0
-4312
609
-235
-2338
-666
0
0
-1772
0
0
330
0
-1154
-1730
-2691
-656
0
545
0
0
120
-84
0
-864
0
203
45
-1996
-321
274
-241
-3374
55
0
-664
-1230
-170
0
0
-5099
332
-132
-1038
0
0
-2687
-122
-1444
322
0
0
-1896
-172
546
0
1120
0
-881
1824
-4045
401
0
0
1488
-1464
-2549
-385
0
-143
78
0
0
-1161
20
93
0
0
-375
-1713
-1734
0
-1083
-234
0
0
0
0
-1016
0
15
0
1221
-40
0
1649
0
-2194
2024
1288
-37
-4168
-254
0
-1430
74
-308
-1560
0
-298
-1455
-651
-2023
0
499
0
0
397
-135
-344
346
0
-1475
1078
-5957
-74
-538
2504
-2370
-545
0
-868
519
0
0
-72
-5607
239
-235
-590
0
0
-3069
-138
-4185
-36
1016
114
-2355
-532
1409
0
5225
0
-355
534
-3202
-642
0
0
-1223
627
-669
-201
0
320
0
0
0
-2859
-1090
-88
-21
0
-712
-4043
-5403
-2201
-1899
1764
-172
0
0
0
0
0
-274
0
-796
-88
2140
4321
-306
3
2544
702
1158
-4810
-240
0
1680
-106
-110
0
0
165
-456
528
-67
0
80
0
0
120
-990
308
-537
0
-59
2976
-4846
1830
-579
2325
-1171
0
0
-744
886
0
0
158
-2907
8
0
-235
0
0
-1750
0
-1140
118
96
12
-2136
-484
1397
0
10665
0
-992
292
-1428
-254
0
0
28
578
725
777
0
392
0
0
0
-1770
-1905
-1752
57
0
1853
-1420
-5419
-31
-966
0
40
0
0
0
0
0
258
0
448
56
0
2771
576
-2334
1524
945
572
-2000
0
0
427
-530
660
254
0
-1302
100
-726
0
0
0
0
0
161
-330
426
-1522
0
602
1761
-5856
381
14
381
105
3
0
-1711
350
0
0
0
1075
-270
0
-367
0
-889
-4197
0
-1142
118
0
54
-960
-699
1036
0
254
0
-2480
2921
-985
-58
0
0
14
150
-1770
592
0
325
-1056
0
0
-5395
-2032
-1446
48
0
2704
-1684
-344
0
-1202
0
0
0
0
0
0
467
0
0
-417
0
0
1243
0
-6141
-315
-1748
177
-1126
0
0
-2708
0
0
1905
0
-3806
2921
-228
-440
0
-190
0
0
69
-1524
0
-148
0
875
-1893
-5121
1629
-923
-868
-2289
5
0
-568
639
-110
0
0
-3765
-1755
1134
-741
0
0
85
-254
-2026
980
0
0
270
0
528
0
-5537
0
681
-891
-890
788
0
0
-1192
383
1823
-489
0
392
117
0
0
-3816
-2540
78
0
0
-586
-440
-947
107
800
-322
0
0
0
0
-432
0
430
0
-673
178
0
2861
0
-2628
2189
-1545
693
-1365
50
0
-2012
65
737
0
0
-1584
2413
863
-8
0
-330
0
0
92
-1143
156
-456
0
1111
-2424
-6042
-112
-741
-1022
-669
0
0
-852
867
0
0
-164
-2763
-648
0
-330
0
0
-2148
0
-887
-100
-336
72
3069
-1397
968
0
-5797
0
-608
-755
168
1126
0
0
-2632
620
-1009
-235
0
834
0
0
0
-5073
-525
-297
-21
0
-442
-133
334
565
770
0
152
0
0
0
0
0
366
0
-946
67
-1320
1819
801
-126
2667
0
-441
-2750
0
0
-600
-424
0
0
0
-406
0
-48
-162
0
0
0
0
0
0
0
-1440
0
1071
738
-2975
1905
98
1270
-508
0
0
0
210
0
0
0
0
240
0
0
0
0
-1143
0
-252
413
0
0
-2288
0
0
0
5715
0
0
0
605
153
0
0
576
-559
0
81
0
57
0
0
0
-1397
-1905
-511
0
0
0
-1904
-2178
0
0
-28
40
0
0
0
0
73
0
0
2032
0
0
-1360
0
-4827
1357
-1201
-1274
648
0
0
-1534
325
1141
106
0
-4228
2331
-1282
0
0
436
0
0
619
-381
-562
-3245
0
115
341
-5560
-21
-49
-49
-1905
192
0
-770
-944
60
0
0
-5461
1988
0
-776
0
-791
-5753
0
-859
0
0
440
-923
-1680
628
0
228
0
-1774
345
-1536
438
0
0
48
-1105
-3859
120
0
738
312
0
0
-5100
-546
-2158
-130
0
-945
-1755
-528
429
-287
0
-95
0
0
0
0
-434
0
0
2500
0
-616
2372
0
-126
2667
0
-441
-2750
0
0
-600
-424
0
0
0
-406
0
-48
-162
0
0
0
0
0
0
0
-1440
0
1071
738
-2975
1905
98
1270
-508
0
0
0
210
0
0
0
0
240
0
0
0
0
-1143
0
-252
413
0
0
-2288
0
0
0
5715
0
0
0
605
153
0
0
576
-559
0
81
0
57
0
0
0
-1397
-1905
-511
0
0
0
-1904
-2178
0
0
-28
40
0
0
0
0
73
0
0
2032
0
0
-1360
0
-5194
3126
-2108
1300
-1265
0
0
-2455
-264
301
1180
0
-3880
-761
636
962
0
720
0
0
1128
54
48
980
0
-257
1527
-8573
-1173
-430
-52
-253
143
0
391
-373
-204
0
0
-2256
-61
0
-629
0
-1645
-2989
0
-3129
335
84
-6
-856
-554
72
0
-1380
0
1623
-701
-1960
-466
0
0
195
-654
3881
-230
0
382
468
0
0
-8529
-1744
-2711
-194
-140
-1406
-3100
-2991
0
203
245
-275
0
0
-127
0
345
6
0
-3189
0
70
3478
0
-1798
5288
1480
44
-6548
0
0
-223
104
-147
-1804
0
-304
30
-1036
286
0
767
0
0
1681
0
0
-1603
0
-431
3538
-11171
-992
55
2300
0
-1417
0
0
-1225
0
0
0
125
-246
0
-60
0
1080
-2267
0
-4854
-123
254
471
-3935
-264
0
0
6715
0
0
1227
-1897
-922
0
0
466
-1373
-1420
1511
0
350
0
0
0
-4044
-3897
-1706
0
246
-222
-2308
-4951
-1974
-390
781
153
0
0
-74
0
75
273
0
-148
-20
15
2493
-48
-6144
427
3377
-768
-3037
0
0
745
0
536
-84
0
-1746
86
-2622
-234
0
542
0
0
-1396
-1484
223
-1358
0
-697
66
-7426
127
84
818
-1743
0
0
-898
22
-516
0
0
-3810
-1587
-94
-1260
0
-245
-5420
0
-4806
-206
0
-910
-3114
-702
1948
0
5510
25
-2834
3434
-3379
-268
0
0
382
106
-303
175
0
77
-381
0
-98
3544
42
121
15
0
920
-1964
-2553
-61
-352
63
-36
0
0
0
-140
-100
-40
0
1622
-172
781
2035
0
-5705
976
-414
-280
-9118
0
0
-2282
-596
665
2425
0
-5376
-1219
-2123
-1147
0
-172
0
0
557
-63
300
1056
0
-1417
-534
-12610
1432
658
-482
-301
621
0
-463
-545
-132
0
0
-587
-5127
0
-728
0
-3034
-1538
0
-4345
784
-20
-1134
-2412
-90
-47
0
-2645
76
-1195
873
-5049
-133
0
0
414
1006
-256
-1149
0
-1360
0
0
-32
-8002
-5283
-841
-90
70
879
-3478
-1530
813
300
-412
5
0
0
-28
-168
462
-729
0
-1272
-220
-1184
9193
0
-5267
2760
1751
-977
-12925
0
0
-235
1051
168
-1878
0
-872
-2036
-2292
-1622
0
353
0
0
3565
-1018
-808
-3394
0
966
3554
-14008
344
-578
886
-80
-911
0
-1995
-1174
0
88
0
-401
-930
0
-340
0
732
-5048
0
-5965
486
539
-647
-3711
-806
1526
0
5123
200
-1364
2388
-3397
-1081
0
0
-1752
1256
-2255
462
0
23
0
0
-305
-3612
-3153
-1042
0
66
279
-1944
-4305
-1771
201
-120
430
0
0
-5
-80
449
381
0
1299
-684
-407
4348
-102
-3142
2749
1586
271
-1648
0
0
-218
-33
0
-8
0
-312
-256
458
57
0
106
0
0
482
-494
449
899
0
-553
2157
-8300
135
-1476
1341
322
0
0
-1066
-1157
0
254
0
-322
-341
-190
-384
0
0
-1351
0
-3121
350
36
-401
-1597
-500
1456
0
6048
-95
-539
901
-3307
-1156
0
0
-2925
2452
2527
115
0
735
0
0
-518
-4232
-2614
-458
0
0
-148
-874
-6531
607
-26
585
-474
0
138
0
0
87
178
0
-2053
-1168
-485
8224
128
-1208
3193
0
-686
-5407
0
0
-90
13
0
150
0
-422
0
-98
394
0
-38
0
0
158
0
0
-1710
0
553
1138
-6515
-90
210
1203
-889
0
0
0
-469
0
0
0
0
-13
-94
-180
0
0
-1816
0
-2086
358
12
-635
-2930
0
68
0
3118
0
0
120
-172
102
0
0
1226
-1231
-762
217
0
57
0
0
0
-994
-2690
-438
0
0
0
-2176
-3259
-1905
-64
840
369
0
2
0
0
25
56
0
2341
-70
-40
-1303
508
-7444
76
-1353
-4106
-776
0
0
-2443
0
356
-280
0
-4463
-1049
-4865
-832
0
-46
0
0
92
-454
-96
135
0
312
292
-3033
3
36
-1025
-1354
0
0
-2741
-368
0
0
9
-5692
-288
98
-1452
0
0
-6115
0
-1560
-86
0
429
-1955
-1282
2812
0
-3656
-170
-4453
1854
-2349
450
0
0
213
-35
-3956
167
0
-1407
-412
0
-286
-4166
0
6
-21
0
-2662
-2229
-405
-553
1073
-38
0
0
0
0
-889
0
-206
0
944
-104
0
1335
0
-6960
148
-1674
-2354
-600
0
0
1801
0
526
635
0
-1266
2625
200
-13
0
-372
0
0
508
-1570
16
-2836
0
1758
1746
-3730
-7
-294
-333
-306
0
0
-951
825
0
0
195
-6250
399
224
-440
0
0
-4222
0
-1623
136
0
-374
-1382
-870
840
0
-3312
125
-3247
-330
-1303
419
0
0
-834
112
-2046
898
0
1373
-535
0
-21
-2008
0
-512
-21
0
2295
69
-1338
-24
661
-42
0
0
0
0
-259
0
172
0
679
79
0
4441
0
-7158
935
-919
-1271
-7896
0
0
-1238
-453
441
-487
246
-7621
-2511
-3295
-320
-23
-241
0
0
481
449
50
-1114
0
3
-1460
-10681
680
311
-791
-147
994
0
-3201
152
40
0
0
-1222
852
0
-1938
0
-3689
-4914
-610
-2820
-100
-60
487
-454
-267
2198
-217
-3306
-68
-2652
873
-4920
747
0
0
604
-312
-74
-995
0
-1438
-70
0
-127
-4101
-3457
-2204
-119
-174
-1534
-3300
558
606
-1919
-992
-626
0
0
-26
-1044
287
-879
0
3224
-121
-402
3248
0
-6306
-227
-869
-1425
-4084
0
0
2184
76
36
712
134
-4303
501
-3410
-533
-57
-148
-28
0
2184
-1504
35
-1662
0
-1215
-452
-11476
25
-527
-1119
-952
-611
0
-4506
-2194
330
-14
0
-2887
4403
-380
-2607
0
-2684
-4745
-590
-4515
1265
775
-470
311
-625
3426
-889
-3323
-120
-2448
2022
-5634
1040
0
0
-1938
802
-2724
-314
0
-669
-718
0
-1002
-6314
-2675
-566
323
-76
2653
-254
-982
820
-3267
-236
361
0
759
11
-2427
1219
161
0
-4150
536
-382
15727
69
-4275
2352
2405
197
-3600
0
0
1287
165
-336
-1132
-164
-1604
2265
-407
-223
-19
254
0
0
1497
-2541
-206
18
0
-1944
475
-11521
301
-1068
465
-990
-1526
0
-371
1682
644
86
0
-1154
-4615
84
-2413
0
-56
-3455
-690
-6039
-410
-566
-1751
-2768
-674
1081
-434
649
379
-395
1881
-4064
-492
0
0
-2195
2939
1542
604
0
1418
-919
0
79
-5366
-1817
-2237
17
492
1362
-2314
-3414
-2744
-1901
-128
-59
0
450
0
-1378
47
-401
0
-3805
1252
496
9394
131
-5352
2911
2896
-268
-6597
0
0
763
-106
0
-1534
0
-805
-208
151
348
0
-150
-244
0
1487
-78
-889
-1601
0
555
-1552
-12175
1808
-477
-519
-520
0
0
1482
-244
900
22
0
-228
-4030
-90
-1086
0
1560
-3753
0
-4480
-608
1155
-42
-654
-504
-696
0
1151
635
0
1284
-1190
43
0
0
1402
614
1426
-1052
0
169
-1143
0
-264
-3182
-3627
1092
0
0
-703
-2474
-1258
-24
-498
458
90
0
-119
0
-580
223
145
0
45
679
-302
3005
382
-126
2667
0
-441
-2750
0
0
-600
-424
0
0
0
-406
0
-48
-162
0
0
0
0
0
0
0
-1440
0
1071
738
-2975
1905
98
1270
-508
0
0
0
210
0
0
0
0
240
0
0
0
0
-1143
0
-252
413
0
0
-2288
0
0
0
5715
0
0
0
605
153
0
0
576
-559
0
81
0
57
0
0
0
-1397
-1905
-511
0
0
0
-1904
-2178
0
0
-28
40
0
0
0
0
73
0
0
2032
0
0
-1360
0
-4430
135
-2560
-2313
0
0
0
-4077
0
1083
-65
0
-5504
2211
229
0
0
-1422
0
0
-80
19
-22
-1537
0
694
-2031
-3979
0
0
381
-2084
0
0
443
63
0
0
237
-5558
-729
254
-462
0
0
-2003
0
-1154
-200
0
-116
1109
-907
-1090
0
2032
275
129
-1972
-984
1497
0
0
17
-229
-2928
-246
0
1154
299
0
106
-4611
0
21
-135
0
-1626
-162
-378
441
761
-21
0
0
0
0
-378
0
244
0
-209
664
0
3003
0
-10770
639
-3079
-992
-3841
0
0
-3404
-1579
1072
-274
-98
-11018
2904
-3194
-1292
73
-765
508
0
-220
600
186
-876
0
841
-1733
-11206
-860
-831
-504
-6
-1002
0
-2366
1151
-3275
90
0
-5476
-9923
354
-4385
0
-2048
-2767
-1270
-5071
317
2460
-406
-3220
-110
803
609
-4100
95
-493
255
-3138
2572
0
0
-1443
215
-1448
79
0
-2282
314
0
286
-5409
-3443
-763
-119
263
-3701
-4254
-1679
-1647
3953
-461
744
0
-308
0
-4625
-674
558
0
-628
2137
224
5362
0
-13466
748
-3361
-829
-2845
-6466
-4836
732
814
-1968
2642
-124
-4056
-3437
968
-650
15
4515
-101
2409
2640
-2392
-1176
-1660
-3348
2317
1055
-9679
404
2353
-904
-354
376
2769
-1476
-2225
-246
8
15
-7618
1325
440
-2498
700
-4952
-4248
-5955
-3075
1349
408
-1244
-713
-1177
-3071
-627
-3853
2199
-2159
-1202
-1230
321
7366
-276
920
-76
-246
179
1270
2033
261
3672
-1402
-5482
-1449
-2215
-329
-148
688
-2311
-1385
534
2292
-502
300
56
-661
-7747
-4448
338
-1131
1888
4039
2081
372
2417
92
-4186
2921
-195
-282
-3125
0
0
-1974
-375
1408
-145
110
-3682
308
-1335
-180
39
-609
0
0
-1177
200
295
-1728
0
1803
-1753
-4483
2301
70
1143
0
1456
0
-1269
280
-378
0
0
0
412
98
-1900
0
-210
-1445
-130
-2036
128
0
-459
-1804
0
-918
-315
6223
0
299
144
-1210
652
0
0
816
-341
125
-1543
0
-280
41
0
0
2154
-2501
1482
102
-281
875
-2653
-1716
555
1161
-118
-188
0
0
0
-304
0
344
0
1395
0
426
333
0
-3636
457
-3185
720
-895
-6360
3348
-1944
-106
5628
8342
0
-2280
5776
1456
-164
0
-1938
2026
3399
218
-2071
0
792
-2124
-62
-111
-7671
-14
-63
0
0
38
2652
-4260
3143
-2046
0
395
-3120
-4212
508
-483
560
-6467
988
-10795
-1514
1996
-752
0
3937
-306
0
3567
-885
1100
-2128
-2395
-774
442
-5510
690
-2032
673
704
0
-790
345
351
1173
728
-4750
-7364
-2263
-210
140
-798
208
-1166
490
95
-616
0
3556
-209
-1708
-2455
66
5590
6490
-5368
0
0
5334
0
-3780
0
-1105
-1274
0
0
0
-900
0
335
0
0
-2204
2794
-72
0
0
-38
0
0
0
-762
0
-1800
0
1428
533
-2023
0
70
254
-2032
0
0
-1207
35
0
0
0
-5207
80
0
0
0
0
-3048
0
-336
177
0
0
-1040
-1778
264
0
127
0
-1900
420
770
136
0
0
0
-688
-3937
108
0
627
208
0
0
-2159
0
-438
-63
0
-572
-408
-792
0
1045
-14
0
0
0
0
0
0
0
0
2667
0
0
-1632
0
