0
18
0
0
6
7
0
0
0
0
21
0
9
0
0
4
9
0
0
1
0
33
0
0
56
8
16
20
0
21
0
8
3
12
0
23
0
46
17
0
14
0
15
16
16
0
0
0
14
3
17
0
6
9
0
0
0
22
0
3
0
19
0
10
0
2
0
0
0
0
0
13
12
4
0
0
6
0
0
2
0
17
0
18
0
0
2
0
0
0
0
6
0
9
5
20
0
0
0
16
5
0
4
0
0
0
0
0
0
3
0
23
0
11
2
0
19
0
4
0
36
0
0
0
0
0
10
0
0
18
0
0
0
0
6
0
11
6
23
5
3
0
0
0
9
0
0
0
0
3
0
4
0
8
0
0
0
21
16
5
3
0
0
0
6
0
17
15
0
0
14
0
15
0
0
0
6
3
17
0
6
7
0
0
0
22
10
27
0
0
0
0
12
15
0
0
0
0
0
0
6
7
0
0
6
0
5
0
11
0
0
0
3
0
0
0
0
0
7
3
0
4
0
20
0
0
13
16
0
0
7
0
0
7
0
0
0
0
62
0
0
24
3
0
2
7
0
0
32
12
0
0
3
0
0
0
6
19
0
1
0
0
27
0
0
9
25
8
2
0
0
0
9
0
0
0
0
16
9
10
0
8
0
23
0
20
0
0
3
7
0
0
8
0
17
13
10
0
18
4
16
0
38
0
2
3
17
0
6
9
0
0
0
21
7
32
0
0
0
0
0
23
0
0
0
0
0
0
10
5
0
0
6
0
0
0
0
0
0
4
17
0
0
2
0
0
0
19
0
13
0
22
0
0
8
16
19
0
3
0
0
1
0
0
0
0
64
2
0
24
0
0
7
3
5
0
12
30
0
0
0
0
0
0
0
9
0
0
0
0
0
0
12
0
25
0
4
35
0
1
9
0
0
0
0
34
1
6
33
5
0
6
0
21
0
0
0
52
1
10
3
0
17
26
4
1
19
14
15
0
0
3
15
3
17
0
6
0
0
24
4
21
0
19
1
0
0
0
0
1
0
0
0
0
0
0
8
7
0
62
0
0
25
0
0
0
9
25
4
0
0
0
0
6
0
25
0
5
0
16
0
0
6
0
0
0
11
0
0
2
9
0
0
10
0
9
4
6
0
0
0
6
5
0
18
0
0
0
0
0
9
0
0
16
0
10
0
0
28
0
24
0
23
0
6
0
0
6
9
0
0
15
0
0
0
7
0
8
32
8
0
19
2
0
0
12
8
0
4
0
17
28
12
0
4
15
16
0
0
0
17
3
17
0
6
18
33
30
3
19
9
56
0
0
0
0
26
1
40
14
3
3
0
0
8
12
0
42
5
23
25
0
0
0
14
8
5
0
9
0
0
10
0
12
0
5
0
20
0
0
6
29
0
0
9
0
0
6
14
0
11
17
0
9
8
4
0
0
0
13
5
16
32
0
0
5
0
0
0
0
0
15
1
0
33
20
0
0
0
0
0
0
0
9
0
6
9
0
0
0
3
43
0
0
49
8
7
25
2
0
0
12
0
0
0
62
0
53
17
0
14
0
12
15
16
0
0
11
0
3
15
0
11
9
0
0
11
0
0
0
0
20
0
9
0
2
0
0
0
0
0
29
0
0
0
0
5
0
0
20
0
20
0
0
0
0
0
0
0
0
7
4
0
16
0
19
0
0
0
16
0
0
1
11
0
0
0
0
2
0
0
18
0
27
2
0
18
0
3
0
0
0
0
0
0
0
10
0
21
13
0
0
0
0
0
0
12
0
0
5
0
0
0
25
9
0
0
0
6
26
0
1
0
8
0
0
29
0
26
9
0
0
0
0
0
0
17
0
0
0
10
0
15
0
0
0
0
3
15
0
0
6
0
0
0
0
14
0
0
0
0
15
0
0
53
0
0
0
0
10
4
0
0
0
5
0
0
0
8
0
0
0
0
0
0
0
0
3
0
3
0
0
0
20
0
0
8
16
13
0
4
16
0
0
0
0
0
0
49
0
11
5
0
0
0
8
12
14
4
0
20
0
1
0
0
0
44
16
4
0
0
0
25
0
0
7
0
0
0
0
0
21
9
0
0
0
7
41
35
8
0
8
0
0
47
0
10
9
26
1
0
0
8
0
17
0
9
0
7
6
0
0
21
9
0
3
15
0
8
10
0
0
3
0
3
0
0
0
0
11
0
0
0
0
6
0
0
0
3
0
0
0
18
0
0
0
0
0
0
0
25
0
0
28
0
0
0
1
0
13
0
22
0
0
3
8
0
0
1
18
0
0
0
0
0
4
28
0
0
0
0
0
0
0
0
0
11
19
9
0
0
17
0
0
9
13
0
15
0
15
4
0
24
21
0
0
0
61
0
22
9
0
10
0
0
31
0
3
35
0
0
0
49
0
0
0
0
0
6
7
0
0
17
0
9
0
8
8
21
12
0
6
0
2
11
0
6
0
0
54
0
0
0
0
0
0
0
0
0
0
0
0
0
0
0
0
8
0
0
79
0
0
25
0
0
0
11
13
4
0
0
0
0
0
0
0
0
5
0
12
0
0
6
0
0
0
7
12
0
0
13
0
6
17
0
0
0
0
3
0
0
6
3
0
0
0
0
11
12
0
31
0
0
19
0
22
0
14
6
0
36
8
0
0
0
0
0
20
9
0
0
23
0
0
0
7
0
0
20
3
20
0
0
0
0
0
13
0
16
0
17
0
10
0
0
16
9
0
0
0
7
3
12
0
6
42
3
23
0
0
20
0
0
0
0
0
36
0
100
0
0
0
0
0
8
0
0
22
1
34
25
0
0
0
14
15
8
0
2
0
0
6
4
2
0
5
0
18
28
0
6
37
0
0
6
18
0
1
14
10
12
17
0
0
11
0
0
0
0
24
10
31
0
0
0
9
0
0
0
0
0
19
0
0
10
66
0
0
0
0
16
5
2
6
0
9
9
0
0
0
0
8
0
0
36
8
0
14
21
15
0
23
0
0
0
67
8
44
17
17
16
0
14
19
16
0
4
13
8
3
16
0
17
9
0
0
17
15
0
0
0
18
4
9
0
17
0
0
0
0
0
39
0
3
9
0
4
0
3
10
0
0
0
17
0
0
0
0
34
0
0
7
0
7
0
19
0
0
3
16
0
0
10
0
0
15
0
1
4
4
16
15
0
6
6
0
22
0
2
0
0
18
0
0
54
0
10
0
0
18
0
2
0
0
0
0
4
4
13
0
0
0
0
0
9
0
0
1
0
0
0
3
0
8
5
0
55
18
7
17
0
0
1
0
8
0
17
0
3
0
14
0
16
0
0
0
13
3
16
0
0
7
0
0
0
17
14
0
5
0
15
7
0
6
31
0
0
13
0
16
0
0
17
0
6
3
0
0
3
1
0
17
0
0
0
0
62
0
0
0
0
0
0
16
0
0
0
10
0
0
7
0
0
0
0
0
12
0
18
0
17
0
12
2
17
0
0
14
4
44
0
0
0
0
7
0
0
18
17
0
0
0
6
0
0
12
0
0
0
0
0
2
9
0
0
0
0
1
40
0
0
1
0
0
62
5
9
7
18
0
0
0
8
0
16
0
12
0
16
17
6
0
0
0
7
3
14
1
1
4
0
0
6
16
0
0
0
0
20
10
6
0
0
0
0
0
0
0
22
0
0
33
8
0
0
3
0
0
0
17
11
0
0
22
24
0
1
0
0
0
0
21
0
0
0
0
0
0
7
0
0
9
0
10
8
17
0
14
3
0
5
0
22
0
0
0
60
5
2
0
9
0
0
0
0
13
0
0
0
20
8
0
28
22
0
7
0
37
0
0
9
0
0
0
0
0
0
8
10
3
0
0
66
7
0
0
0
0
14
0
0
0
16
0
8
0
11
9
18
0
0
0
5
3
14
0
6
0
6
22
0
16
0
0
0
0
20
18
0
0
72
0
0
0
0
0
0
0
0
28
5
0
25
0
0
0
0
20
2
0
0
0
0
0
12
10
0
5
0
16
0
0
7
0
0
0
0
0
0
0
13
1
12
19
0
0
0
0
0
0
0
7
0
0
0
0
25
5
0
0
48
0
0
13
0
4
54
0
14
0
15
18
0
0
0
0
0
4
9
0
0
0
0
26
0
12
0
17
14
0
16
6
0
0
0
5
14
0
0
0
16
2
13
0
0
18
4
14
0
0
7
3
12
0
6
21
0
0
4
15
10
31
0
0
8
12
7
0
35
3
1
14
0
0
16
0
4
7
5
41
25
7
2
0
1
5
14
0
1
0
7
0
4
16
0
5
0
16
0
0
6
0
0
0
5
0
0
1
14
11
12
17
0
8
0
3
0
0
15
23
0
37
23
0
0
6
0
7
0
0
0
19
0
0
0
0
0
0
0
0
1
0
42
0
0
0
9
0
0
0
0
24
3
5
0
8
0
0
0
0
0
8
0
0
11
0
6
0
17
5
12
0
14
1
16
31
0
0
2
3
16
0
0
8
0
0
37
12
17
0
0
3
1
15
0
0
7
0
0
0
0
6
4
3
0
0
5
15
10
18
0
10
1
17
0
0
0
0
17
0
21
5
0
0
0
22
0
0
3
15
0
0
8
0
0
0
0
0
14
11
0
0
6
0
0
0
14
0
20
12
0
25
0
6
3
13
10
0
0
19
18
0
5
0
12
0
0
0
10
0
32
0
0
3
9
0
4
0
0
0
18
0
0
6
0
0
9
6
4
14
10
0
10
0
8
0
16
11
14
0
18
16
4
0
0
0
7
3
17
7
0
6
0
0
3
9
0
0
0
0
0
15
6
0
0
0
0
0
0
0
0
0
5
24
6
0
7
26
0
0
0
17
1
0
0
14
0
39
25
8
0
0
0
21
0
0
9
0
0
0
8
9
0
11
8
15
11
20
0
9
0
0
0
0
21
0
6
0
0
13
0
14
0
0
0
0
0
17
0
23
0
50
17
0
18
29
0
0
44
19
0
0
9
0
0
24
0
47
0
2
0
8
0
3
12
0
6
17
2
7
16
0
0
0
17
10
14
0
5
11
11
0
1
0
14
3
14
0
6
0
0
18
23
8
0
0
7
0
0
13
0
2
46
0
43
0
0
0
0
0
3
2
6
0
25
36
0
0
22
0
0
0
7
0
0
0
1
0
0
5
0
20
0
11
6
0
0
0
5
0
0
11
15
6
12
17
0
0
30
4
0
0
0
11
2
0
0
0
15
9
0
0
45
0
