1
2
3
3
0
-4
-3
-6
-14
5
-2
6
6
7
2
-7
-7
-3
2
3
4
1
-6
6
-17
2
-2
10
-6
6
8
-4
2
3
1
2
1
-4
-5
-9
-13
7
-3
9
8
8
3
-7
-2
0
3
3
5
-4
-3
1
-18
1
-1
7
-4
5
5
-7
3
2
-6
-2
-1
2
3
3
-11
-3
5
8
-3
5
-5
-7
0
2
-1
2
0
-3
-2
-2
-7
-1
0
4
-1
5
3
-6
3
3
-4
1
-3
3
-1
0
-3
0
3
9
3
6
-7
-4
2
3
4
2
2
-5
-6
-5
-12
5
-3
6
5
9
3
-6
-3
0
6
2
3
-1
-7
1
-13
4
-6
7
-1
8
3
-7
0
1
2
2
1
-2
-3
-4
-13
3
-3
9
2
6
3
-7
3
5
1
3
0
-4
-5
-9
-12
7
-3
7
8
5
2
-7
0
1
-6
-2
3
1
0
3
-11
-6
-1
6
-2
4
-3
-4
-2
0
2
2
5
-3
-2
1
-19
0
0
9
-3
6
6
-7
3
5
2
3
0
-4
-5
-10
-14
9
-3
8
8
6
2
-7
0
2
-7
-2
2
1
1
1
-11
-6
0
6
-1
3
-3
-4
3
3
-10
0
0
-7
1
-4
-4
-3
2
5
1
-1
1
2
0
1
-2
2
2
-1
-1
-5
-9
1
1
9
1
5
1
-7
0
2
1
3
5
-5
-2
1
-15
-3
0
5
-2
4
6
-7
4
3
-8
-1
3
-6
-1
-6
-5
-2
-1
6
1
3
0
-1
6
7
-3
1
-4
1
-1
-7
-4
6
6
10
11
6
-5
-4
3
3
1
2
1
-4
-3
-9
-12
5
-1
8
7
7
3
-7
5
4
-5
-1
-1
0
3
5
-8
-6
6
3
-2
1
-5
-7
3
4
-11
2
0
-6
0
0
-5
0
1
1
1
0
-2
2
-3
-3
0
-1
5
-1
-1
2
-17
-3
-3
6
-6
8
3
-6
0
1
-1
1
1
-2
-2
-3
-9
1
-1
6
-1
7
3
-6
10
2
-11
-8
1
-6
1
13
-15
5
13
-9
-3
0
-19
17
2
4
3
3
0
-5
-5
-6
-11
4
-1
5
7
6
3
-7
3
3
1
2
0
-3
-3
-8
-12
5
-2
8
7
9
3
-7
3
4
2
3
0
-5
-4
-7
-10
3
-1
4
7
6
3
-7
6
6
2
-1
-4
0
-1
0
-6
1
4
9
7
7
-7
-6
4
4
-4
0
-4
1
-4
-3
-2
7
1
10
0
4
-7
-9
3
4
-7
-1
-1
2
1
3
-10
-2
4
7
-1
3
-6
-7
7
7
-3
1
-3
-1
-1
-5
-4
4
5
10
11
4
-7
-7
3
4
3
2
-1
-4
-3
-6
-10
1
-1
4
6
7
3
-7
0
1
3
4
1
0
-4
-4
-11
4
-2
7
2
5
2
-7
-5
-3
3
3
5
-2
-4
5
-18
1
-2
9
-5
6
8
-4
4
3
-7
-1
0
1
3
3
-10
-4
7
7
-2
1
-4
-7
5
3
-5
2
1
-7
-2
-4
-4
-4
0
4
1
0
0
-1
3
4
-6
2
-3
2
0
-1
-4
1
5
11
7
4
-8
-3
-2
0
2
2
7
-5
-2
1
-19
1
0
8
-3
5
5
-6
7
7
-3
1
-4
-2
-2
-4
-4
4
4
9
10
4
-7
-7
-2
0
2
2
7
-5
-2
1
-19
1
0
8
-3
5
5
-6
4
4
-6
-1
-1
1
3
5
-11
-3
7
7
-1
3
-5
-6
-2
0
2
2
4
-3
-2
0
-19
0
1
10
-2
7
5
-7
2
3
3
3
0
-3
-3
-7
-11
4
-1
6
7
5
3
-7
-1
5
-8
-1
4
-5
1
3
-13
-6
3
2
-5
-1
0
1
1
3
0
4
0
-2
-2
-1
-13
2
0
7
1
6
1
-5
-2
-3
2
2
4
-6
-3
-1
-13
2
-4
8
-2
4
9
-1
-1
1
1
3
5
-4
-2
-1
-18
0
1
8
-1
6
5
-6
7
6
1
0
-5
0
0
-2
-4
0
4
8
6
5
-6
-7
4
4
-6
2
-1
1
0
-8
-4
5
1
9
6
2
-2
0
1
3
-8
-1
0
0
3
6
-11
-5
6
1
-3
1
-6
-5
3
2
-2
-1
0
-1
-1
-7
-4
1
-2
6
1
4
2
0
-1
0
-6
4
-1
6
-1
-4
-5
5
-2
7
3
2
-5
-2
-1
-2
3
3
7
-3
-2
3
-15
-4
0
5
-6
2
6
-6
-2
0
2
2
7
-5
-2
1
-19
1
0
8
-3
5
5
-6
6
7
-1
0
-5
2
0
-5
-5
4
5
11
10
7
-5
-5
6
5
-7
-4
-5
-2
2
4
-2
-5
6
4
1
2
-7
-3
3
0
-5
0
1
-5
1
-4
2
-2
6
6
8
3
-2
-2
-2
0
4
2
6
-5
-3
2
-18
-1
0
6
-4
6
5
-6
-11
10
-6
-1
-20
19
6
15
15
-20
-3
-6
-9
-29
12
10
7
7
-3
1
-3
-1
-1
-5
-4
4
5
10
11
4
-7
-7
