13
-3
1
9
18
5
-20
-11
19
-5
3
1
-6
1
6
11
10
33
0
-11
-7
-7
15
18
-5
1
5
-8
13
-3
14
-1
-2
-9
4
-12
-11
6
2
22
21
1
-15
32
1
2
2
-8
3
-9
16
-7
17
10
-7
1
-3
-7
-16
9
9
10
-17
-6
-7
-13
-18
12
4
-11
6
1
-3
1
14
11
5
-22
0
-2
-2
-17
20
-13
4
-2
0
-1
-8
-3
2
9
-10
2
2
16
-11
12
3
-8
19
12
7
6
12
7
12
-7
3
8
-7
-20
7
3
-2
2
13
-9
10
14
0
-17
7
12
-19
13
5
7
25
41
-10
7
-5
-27
-2
-2
4
-23
-6
23
-13
17
9
-7
9
-6
-4
4
6
-10
-16
-5
8
4
10
10
2
-4
6
4
-3
29
2
5
0
5
22
12
5
14
10
0
-6
6
26
4
6
-6
2
-5
4
11
-11
-3
11
-1
-4
19
3
1
3
4
-11
-15
15
2
2
8
15
-18
0
14
-1
7
-3
-8
18
-15
-5
-30
-3
24
-5
21
10
-1
3
15
-1
2
11
7
-13
-8
8
-3
6
3
3
1
12
-4
-6
-4
10
8
3
-11
16
5
-18
-13
7
-3
14
-5
-3
1
-7
-3
3
1
1
9
-9
1
-2
2
-11
4
2
-4
12
-12
6
0
11
-3
14
13
1
2
-10
-8
-8
5
6
16
-3
-10
3
-11
-1
10
-3
-1
2
6
2
2
7
8
0
-7
-5
-1
3
-23
-3
-16
-8
-2
10
-1
1
4
-7
-7
-3
0
-2
25
2
11
9
-12
-2
20
-3
24
9
7
20
-4
2
9
4
-17
23
-7
-21
10
5
2
9
7
5
-11
7
8
-24
11
-5
7
20
32
-21
3
0
-1
-1
-2
10
-13
4
20
-16
5
0
4
12
14
18
19
17
-17
-19
-11
8
4
16
2
5
-3
9
12
-4
17
-2
1
-3
-22
5
7
-11
-9
7
-3
27
1
-12
10
-7
-9
2
-13
3
7
-5
10
-3
-7
-8
23
11
-15
12
-23
3
-12
13
12
22
12
-10
-8
-1
-6
-10
24
9
14
-17
-5
-4
-11
9
16
-15
-13
14
2
-2
14
-7
-1
10
18
-3
-2
9
10
-1
9
-14
3
15
1
2
-11
-3
0
3
-3
15
9
-26
-18
12
-7
5
-8
5
4
-12
4
5
-1
-2
2
-14
6
-1
6
-10
5
8
-10
6
-11
5
6
13
-24
10
6
-10
-6
-12
-20
-12
1
-11
15
-4
-16
3
-12
-11
-2
10
-19
-12
6
-2
7
1
-3
-1
5
14
7
-4
-3
-18
5
-10
9
8
-4
19
-8
-1
7
12
6
16
19
-35
-23
1
-8
1
0
5
-4
10
6
0
-5
-14
14
-5
-3
3
9
6
-8
4
0
11
5
9
6
1
9
-29
5
-6
9
-8
15
-6
-15
-6
14
7
-16
13
-1
-3
15
-21
23
12
13
2
11
11
1
9
9
-3
-2
13
3
-1
6
-3
-2
7
8
1
-11
5
6
1
-1
2
15
-23
-13
5
-5
13
-4
7
2
-3
1
3
-13
1
5
-12
-2
4
10
0
3
7
-14
13
-8
9
-3
10
0
-11
15
-13
1
-1
-5
-7
1
1
5
-2
-12
4
-19
-4
8
-6
0
1
2
11
9
-9
11
-5
11
-8
-6
5
6
-6
0
-4
8
14
2
8
3
-1
7
14
3
-6
7
-6
-13
9
-11
7
0
-6
1
6
5
8
-12
-2
7
-6
2
0
-3
-17
5
10
-5
11
-4
6
-5
10
-6
-11
14
3
-18
-10
4
3
8
-3
11
0
-10
11
-5
9
16
-1
4
-5
-6
12
25
-6
12
4
-3
-11
3
-2
7
-3
-9
-15
10
27
-5
-10
-11
-3
6
11
-8
8
0
-11
-24
26
-2
14
21
-40
39
-24
6
9
16
3
10
-3
-15
0
-9
-11
-5
16
-3
19
-31
34
4
8
-12
5
-8
-40
-12
-4
-10
-27
-3
6
17
-12
-6
34
2
12
-5
-23
0
-12
20
5
9
-7
-2
13
-8
-11
4
12
8
16
14
-4
-1
5
3
-16
2
6
16
-2
-14
16
4
-3
-18
9
0
11
6
-11
19
-10
-10
-7
0
1
3
-20
1
-8
-2
3
12
8
-4
16
-10
10
-5
14
5
22
7
-7
-1
-5
-12
-4
-2
1
5
-6
5
5
-10
-7
4
-11
7
0
13
4
0
1
-3
-1
-4
-2
11
2
-11
-6
4
-1
3
-1
0
5
8
8
15
10
6
10
11
-6
-2
1
-7
-1
7
-2
6
15
1
4
-8
0
10
-2
-11
10
1
-5
12
3
-1
17
9
3
-8
7
21
-9
9
1
-2
3
17
-1
-4
0
7
13
-2
1
-12
5
13
-14
23
8
1
2
6
17
7
-1
-19
-5
-6
3
-22
8
-16
10
-3
4
1
-4
0
0
6
-2
11
-5
18
-12
15
11
-6
17
18
12
22
3
6
28
-4
15
11
-5
-31
25
0
-9
-6
14
-2
25
13
1
-13
2
21
-21
15
-2
3
24
22
-15
7
-4
-18
4
-6
3
-27
3
22
-16
13
9
-7
21
7
3
13
2
20
-22
-6
10
-15
-10
-27
-38
9
39
-5
2
-4
-15
-20
11
-2
3
22
-6
-12
34
-26
7
23
-15
45
-28
11
32
15
-9
6
10
-6
31
-13
-38
5
16
4
23
-18
33
-4
-4
-38
-18
-9
-36
-2
10
1
-48
-2
1
19
-7
-3
37
-2
10
-12
-3
-19
-32
19
17
20
-11
5
10
-4
1
-6
2
19
4
8
-12
0
20
-4
-9
-13
1
16
6
-11
12
-9
-13
-24
7
-7
12
3
-17
19
-21
-13
-3
10
7
2
-14
1
-6
8
5
-5
6
-1
15
-25
25
-1
14
-3
10
-3
-16
-14
-11
-13
-5
-14
-4
19
-7
2
15
5
9
-2
-9
1
5
18
8
12
-10
21
-10
12
-1
-3
0
24
-18
6
1
7
15
-6
4
-4
1
9
3
11
-20
3
-17
-18
6
-5
6
12
-17
19
2
9
-1
-16
12
1
-6
1
-7
-4
-20
-1
10
-3
-5
-8
9
5
19
0
-9
1
13
-15
-10
8
13
-8
-11
13
-6
-5
11
12
5
4
-2
1
-3
-11
-9
-6
11
-6
-5
-13
-19
-16
-7
18
16
20
4
9
0
5
22
9
-10
6
8
19
2
16
-36
-5
9
-5
9
-9
27
-12
6
6
12
-24
4
5
-14
-2
0
15
-18
-1
14
-25
8
-8
-8
-15
7
-19
-7
-4
21
-33
-6
-5
-1
18
5
0
13
-29
-13
-40
14
18
6
-7
-3
-9
