12823
-1673
-6304
-1747
8525
22223
2443
3438
2456
-12452
5802
-1987
19928
-16797
8480
-12157
-11345
-2938
-8982
7980
2398
20800
-139
22746
8024
10229
9190
-10369
16920
19867
-18967
-6104
-7247
13230
-13151
-9098
6170
9929
9270
-13042
-5852
9268
10470
14519
13050
8542
-2744
-103
-964
141
6900
2009
-14965
-8389
-9853
737
-1421
-1599
914
-5032
4155
13794
-7347
767
9418
-6204
187
8520
-8773
9471
18518
-15924
10115
-18223
9419
-19610
18065
-5343
5860
-10992
-231
-2159
12566
-5997
3217
8115
13897
7108
7930
24373
-2280
-10050
6531
19630
-9062
-16383
-13277
-9732
1467
-8282
-4056
2709
13836
-10985
2179
8358
14330
-3242
-17176
-16077
-24653
4228
-14676
4915
-2762
6097
-12841
-3424
-21738
-19802
-765
-9662
-11777
-8614
5285
-10162
372
17643
6495
476
627
-7887
-4957
-10797
25663
7420
13146
-5034
-20656
680
10089
-14165
-10440
10798
638
9557
-5956
14978
11032
14038
-4141
-21992
4972
-2997
-14303
-15634
16469
-902
16634
-15087
-11141
-2027
7231
-10588
3423
5656
-4653
16762
-12262
-5118
5040
16575
23903
-8505
4857
1189
2147
-12797
14288
-5906
3611
8187
-196
-1514
18889
-23740
6767
-20777
-7352
-24387
-15248
19715
628
-268
7690
-7880
-2686
8018
-24076
12460
-18938
6427
-4413
-2054
-3181
11928
-4052
19974
21282
11133
-16591
7232
2493
5445
4440
-1728
-17633
306
-9091
8784
16314
-14804
621
-9138
5382
-6337
18087
-3188
-6412
-3844
-4260
24357
-9879
9787
297
17568
-9046
5532
2884
-25031
4722
-2912
-7354
14317
-2449
-25645
19393
9844
11220
-3626
-1535
2252
-8895
4968
4517
-2968
-7464
3130
2124
-6275
3718
11733
17977
1975
892
18714
7937
2747
103
-303
3633
-21416
5826
11783
-11328
-2418
-23741
11683
6397
854
13915
6226
21339
12458
2528
12046
16051
21007
-11018
-7857
2987
10895
1515
-3153
6282
-7963
4741
-12365
5042
-8776
-1688
-3275
-11645
-10847
-2013
7111
-12756
10486
-2419
-1195
-4312
-1469
15036
-2596
10956
-7484
-9569
12663
11686
11389
2332
-10153
-4271
555
4033
-9175
4646
-4284
-1208
1824
117
-4834
14105
587
3985
3132
3239
-2475
1905
-19876
-14201
9509
-10499
9143
-368
3681
-11641
12115
2576
-8876
8031
15209
-1923
145
2098
6196
3532
-2647
10701
15042
-9082
1144
-9404
6811
-1733
2625
2216
3239
-8770
-9243
-3102
-9274
7773
9446
8881
6409
4477
11665
5492
-4387
-6638
-14346
101
-6752
-6324
-8626
-5594
2185
7744
9566
1783
-9729
-10346
-6236
6865
-8297
-2504
7936
-3203
-260
5281
-8415
-1767
-10687
-18394
901
-3769
-24755
-10750
-3829
5966
-138
-7524
14391
12042
-16964
2512
4699
-472
12068
-7010
-11507
-1447
-4071
-10616
3139
-18169
-10706
-5215
-4607
1711
-9913
11655
-12164
858
-2769
17585
-1871
1825
1381
-18810
-8778
-10102
-15109
-3157
-14877
-5841
5442
6897
-2211
-1170
-9029
214
-5983
3918
-5590
-5438
3786
-13888
12077
-9772
2635
3025
1771
2682
691
-1374
9145
-4406
10170
-3060
18815
554
-12413
2415
-12674
16812
2668
-15185
13126
299
576
553
2776
456
771
-13088
-6611
1047
10978
-5252
4349
1031
7674
-17657
-2764
-4589
2104
-4375
3085
8586
9419
-7094
2598
17741
3774
-7432
5718
-2004
-8265
2101
996
21420
6196
7459
-680
14026
-3094
3951
-18228
5172
-4599
1079
5977
-2542
-6001
6818
-14588
-712
765
81
-14644
-8304
5747
-2945
9
2980
-3064
-2760
18142
5123
-13852
-5181
5977
15484
17859
2574
-3188
-1616
12965
6004
3093
-15205
-13740
8799
5349
-1815
-2794
57
-4226
9812
-943
-12364
-3311
3273
6071
13081
5106
-6985
-186
1893
4039
1287
717
15624
-9812
-2799
-6372
-7776
16687
-841
-771
8517
-7673
2328
-11642
842
-4132
-934
4044
-4344
-2481
9321
6456
2505
4978
-2429
5966
5241
-3690
11457
-6503
2691
-3602
6293
10624
-570
11046
450
-12641
-1985
5089
990
-18156
11482
-8877
3539
2456
751
-9169
8397
-10080
5758
5074
988
299
-2326
-17430
-23157
16490
-171
11177
157
-4208
-4160
14852
3697
-6597
3521
9071
-9691
-2780
-2553
1795
1236
4484
12711
19342
-9002
-6873
1941
2256
-5078
3507
-1056
5437
-6274
-2522
2289
-1077
419
2096
49
3736
5382
6553
7839
-4392
-6671
-17128
-2902
-7542
-7311
293
3539
-2788
3525
7125
-11333
-10146
1761
-10082
-2272
-7244
-4608
-1550
1097
12477
8886
-11095
-5499
-16587
-7113
-92
-10811
-12851
-11777
-12
2106
-1378
-8425
1360
19007
-17464
-3270
10794
-6800
9465
-10275
-1375
-1618
-150
-2590
-13667
-5695
-13023
1184
23352
13829
-2065
11215
-21907
10115
-2033
13120
-2986
1936
-6035
-16204
-5777
-7487
-111
822
4682
-6017
336
11518
-4522
-2104
-4994
-10169
-14245
-7034
3734
-8410
-785
-11219
7724
3479
13105
5475
-2974
8857
2182
-356
-619
-9721
15468
1826
14859
-4778
-11941
4463
-14630
14644
4563
-3278
3436
-10930
2667
17769
2629
-5289
-304
-20454
-11987
5816
11694
-5614
-3131
-3374
12805
-17906
-2522
49
5256
-6243
6838
1618
13915
-7250
1274
20213
1153
-24022
7986
7188
-14570
7983
6751
9524
7436
8557
2929
19348
-2073
8494
-13568
-546
-1332
-2004
-10053
-21
-6248
4196
-6193
-10092
-6525
2351
-10204
-1767
9681
3120
8651
678
-15290
1815
8877
-4375
-14212
-180
16140
7968
20219
-1152
-1550
4223
15540
9185
2464
-5627
-9975
-1659
9897
-161
-1851
-1457
-6661
3516
767
4371
4751
2786
3497
-6755
7208
-4045
2795
8619
5520
-1991
5405
8489
-9304
3592
-5074
-7765
5829
3140
12435
6815
7653
7456
-10204
2989
-5206
8205
-5824
4018
-960
-132
-4727
4245
576
9201
7570
477
3413
5312
3774
2546
-6956
4099
9065
-8689
-362
-670
-1325
-4531
442
5890
-2788
6106
-4327
-114
8953
5311
1198
6100
-4519
2174
4664
4265
1076
3411
-6517
-13478
4677
-6132
1904
11
-852
6971
626
4253
3088
-10481
5848
1262
-4143
2620
6359
-10069
10110
4093
2272
2135
-5880
3066
-11946
1112
-3034
3001
851
-2385
1083
8284
4993
6301
2994
1318
7296
5911
6887
-830
-1226
895
2430
-5462
-7088
-6753
-3736
2841
-2813
-1008
5237
4447
-11806
3653
-4355
3578
992
-7733
-4062
-1116
4729
5095
-652
-1849
-5230
2148
2311
-11335
-3948
-1249
-3537
-4213
-5540
-2729
-3503
6447
5586
3007
2663
5494
-4416
-5950
-8668
8267
4117
5898
-6395
-10152
-6334
610
829
1813
702
2695
2793
526
8484
11210
4542
-721
-7913
3311
-287
-5868
-7943
12621
-1720
4582
-7203
2852
2149
3286
-730
2704
-2447
-3397
16683
-6959
-380
2982
6833
8182
4869
2244
3692
8505
-4141
6275
-4884
-3312
6927
3138
5831
4400
-13059
6796
-12997
4198
-10438
-2731
1605
-6298
-3193
7857
-1031
-5948
1676
-5635
-421
-8677
6708
3674
-3508
1951
6148
-9915
7971
7026
3973
-6027
7974
-961
11332
3992
340
2037
3585
-8672
6999
11414
-4908
2679
-3700
4864
10297
2978
6043
7022
4519
5593
11607
-8773
7690
-3045
4643
-552
7584
-1389
-9910
-4069
-3783
-2760
7303
-2390
-8823
11672
7732
4055
-4074
-617
6332
-8201
3133
6819
9913
-5961
12087
831
-2256
6169
3675
9103
-1670
6087
7684
-398
3769
4398
2979
5289
-8847
4364
12178
-3880
2966
-6415
3867
-3182
-2180
6615
4449
13331
10978
-1734
9118
9820
1171
-3083
-7405
-557
11754
5348
4340
9982
-15121
2898
-10778
8078
-5646
5324
-3099
-13725
-10785
739
6003
-7235
10035
1851
2302
-1529
10274
16876
-3116
15350
-11219
-805
9828
3104
7707
4913
-3457
-5460
-2990
1640
-666
2800
-1872
3645
8393
-1017
-1056
13930
13346
7813
-5233
1181
-6165
4118
-17332
-13275
5735
-2971
5191
-7313
-1813
-9355
19401
6806
-1982
2231
11914
3253
-824
-3523
3813
2431
-678
15752
9246
-4612
-9040
-391
-903
4392
2110
2599
4865
-7387
-8146
275
-7451
13878
7503
8474
2187
8230
18301
4477
-1258
-3101
-6327
-1875
-4078
-7176
-12757
-4132
-588
8347
11096
2679
135
-8501
-9777
5959
-7826
-9789
1892
-13921
7412
-583
-3435
-2871
-8412
-23117
3926
-8349
-19950
-6187
-10457
4561
-3501
-1794
5048
9170
-14088
-1847
5905
-2039
12987
-12530
-8081
7095
-5843
-7155
-7617
-18286
-10567
-5122
3645
-3301
-5716
13150
-6440
-154
2546
14645
1323
1155
-1932
-12735
-5283
-10051
-14495
-384
-7510
2612
-2623
2400
-230
-6972
-15965
-9175
3800
-4594
-3136
-4620
225
-7899
12003
-336
-146
1162
5193
2153
-3350
-4520
3910
-3479
14490
-3872
12380
1697
-16433
1326
-16075
7984
-4668
-17589
16960
1913
529
4996
1356
-1397
369
-22761
-438
-1243
4130
-5136
4901
-79
17077
-14072
-3574
-2207
2009
-6228
3188
3036
10772
-5171
-2911
10132
3152
-14420
8127
5951
-8702
-3227
-1936
13871
5330
7389
-2001
6672
-5102
-181
-12601
1326
3180
-2904
6335
-4343
-519
6852
-15388
4334
-484
-571
-12191
-10969
387
5115
5222
-1980
-4255
4874
13033
4673
-8318
-6180
6765
11500
13936
168
-3994
-351
18952
16081
1687
-13807
-4406
12330
3831
-3005
-2814
-2034
-10301
10343
1382
-11233
-6228
3155
3269
7856
6211
-1031
2585
7669
6232
2823
-366
14785
-924
-12109
5738
-10092
-12485
-9485
23872
-7417
10620
2411
-11467
-650
-5977
17851
-11911
12832
-6032
-2616
-2301
-6129
-6491
4101
22260
-4588
8137
-585
-1639
-98
-1224
-1930
-617
-5475
-8145
-3449
19566
-6589
-1373
-267
5964
-10016
-1692
-2463
-2194
483
14227
6012
706
-8961
-4691
-7232
-5838
2257
-928
-6323
-14324
-4106
-3588
-4991
-10374
979
-10265
-426
16902
-4195
7868
6152
-9729
5210
-7848
-17243
11459
138
-4782
3755
-17558
10587
-26326
22368
-5938
4445
2979
-11557
-1170
1657
-6236
1749
2035
-5055
3019
4572
9113
6350
-2606
-3837
17985
-5040
1754
-2701
-16414
-3093
-8354
-11587
-1975
9703
-8156
-5301
8170
4030
4846
-9829
-18806
-12480
-4862
-9508
4309
3927
11583
-5755
-8761
-2916
-8443
-4162
-16997
-8121
-14315
13871
-13185
-12825
19679
3040
-5584
72
-12680
-6650
-13061
12381
235
9568
13438
-21054
7231
-347
-28335
-11829
6996
3639
21476
-14305
-1428
664
3136
-10211
-6268
12357
-2512
-4301
-3767
3419
-2580
6030
-7858
-13930
1868
1556
-5330
5841
6230
-6445
14401
-7216
-9026
-2370
7459
3548
-17631
7722
-5509
-48
-8297
-2150
-10075
4474
-4935
4913
-9045
6964
-11646
-1585
-3344
-8023
-12555
-15757
-1996
-4249
-7003
-696
-11280
-6777
1215
-6550
14349
-20405
7117
7032
-14083
-11567
1041
-6553
16536
15078
-9544
-11054
9057
-2176
6274
632
-7035
-22178
464
4061
7728
17061
-2573
-9653
-5116
-1435
13748
-1217
-4562
-8054
-6289
-3143
31487
-8679
12789
-12861
13461
-9318
59
-2365
-16410
11980
313
-7108
19281
-836
-19705
-2710
1765
1498
18878
-4755
-12963
-13537
8528
-3059
4269
-10574
-10843
-848
6262
-2722
-12207
5920
-46
-4198
8253
-5137
-5794
-1873
-3550
10679
-9551
4218
15313
-8373
-4558
-20243
9267
591
7870
1275
-1599
2943
1992
499
3565
10131
14321
6055
-6374
-6035
1146
-4439
5499
2582
2086
10130
-14904
-6093
11392
-11957
-1539
-19865
7405
2779
-10348
12566
-13833
11459
-14391
5743
-1556
-20189
-98
-26287
18753
7940
521
-20117
8276
-15304
-13573
-836
-8289
5495
-4815
1511
-8995
-869
5328
18
-17697
-3537
-11672
-7275
-181
9918
-8664
6348
-1823
-6255
13679
-584
4640
-6719
-284
-4929
15100
272
-4311
-17851
-14824
-16657
-4107
-4604
2788
-2886
7569
-12374
-2520
-1459
-7923
21280
-19757
-22115
-3942
-411
-17332
-78
-7196
-8965
18203
3068
-6576
9613
-1675
-6672
-1971
-4023
11481
-8161
-315
2642
-3625
-4169
1415
3595
-3489
-2172
3529
13013
-20100
8163
-10626
-4247
-1618
7420
-10293
1767
369
27411
7511
-10547
4484
-9521
9422
13477
3451
167
-7280
-6561
7724
-24464
-8904
2112
223
5960
-4732
-14513
-7188
-5018
-2206
-12723
-4310
-4315
-12356
-18807
-7375
12545
10951
12331
8736
-18111
3659
1605
17996
10850
6535
2675
-5785
26
5467
8156
6131
2722
448
-2670
2210
24342
-11026
-2190
7884
-13179
-4104
1147
7427
-12802
-14065
17665
-9647
10129
12710
-14884
11721
-5760
3234
8444
696
-27129
-3486
-15986
-14698
5948
6282
1383
-25003
2256
24626
9528
-11881
-1611
13736
1983
-5975
-1685
-7015
-1446
-10670
27764
13320
-5528
-7021
-9816
-5271
-17132
-15551
1431
9270
-1989
-23111
-21933
-5095
-3288
-1242
9032
4541
-1512
-5347
-9306
-10407
5667
8982
-12941
-10630
-3391
3401
17248
-2106
3689
-12805
-21560
-1614
-11585
-5044
-2146
9471
-16146
-11315
-8010
-19533
270
-4542
17802
-13288
2481
-1990
13093
-14316
-6406
5795
-8125
-22013
4540
8077
-4630
11678
-5954
-18980
-1176
23216
-16862
10455
25670
6680
-17131
-17592
12439
5084
-6923
2784
2877
-11669
11757
-1717
11304
6922
-9537
7058
164
2228
10963
-1493
-2586
5911
-8103
-2834
-13531
-9354
-14644
23755
-6023
-1629
5023
12855
10060
-15950
3456
4079
-4601
-15810
-24089
-1
10313
-10348
4902
-3393
-4841
-11922
813
-7106
9859
-2488
-10280
-894
-4039
17920
2430
11869
4561
-21557
-4990
-1606
-6261
-10914
-2346
-2233
-2188
16748
-7202
-10364
3058
-9190
-6099
4142
8992
-4820
6975
-7240
-15458
13473
-7736
3632
404
3320
-4839
7278
3948
-4345
-9301
-392
-9104
-16869
-6054
-6168
-5049
8340
11641
8572
-18313
-2407
10918
-5014
-12918
12769
11625
-5084
3955
-16177
-6744
11096
10082
-1489
12145
10781
-5035
-7434
-4041
525
1044
-14382
4425
-8039
-11848
-12758
-5618
6589
-1514
7724
-2239
-20159
3683
-5746
4074
-871
-4991
-4333
-9394
-3792
23753
3927
-5402
345
-3176
9646
-9109
-201
4704
-6335
-157
-5444
-12215
14544
-3765
-1495
814
7030
4987
1548
-10917
-21539
-14195
-3740
480
-10015
-14214
-6064
4554
12133
5395
3988
-2517
-1907
1930
-169
13434
-5937
-10832
-1968
-4603
4340
904
-11348
11971
-12923
-5514
-2118
19183
-13680
-4063
-10657
3139
-894
18231
8411
-17017
-11844
13118
-1710
14003
16871
5914
9020
6773
7815
5985
-7501
-18339
10983
5441
13964
-6786
-1816
13703
-14000
5782
12457
-8351
-5668
-3788
1844
-2239
3564
-3955
-1554
-5857
-6868
10691
11965
-627
-3859
-11992
502
-19761
4036
417
8157
-5611
-13020
-9823
206
-1378
-369
15322
10113
-11447
979
0
-1613
8955
8998
4265
-270
25128
3918
20203
-4529
14118
985
-6291
-9072
-27148
-1039
2097
3233
-14701
-10710
-3174
-20231
-9926
1120
-323
-492
3089
-8401
8649
-23948
-4579
13034
-9073
-10183
9869
17377
17507
32553
-7938
-10003
-7553
13881
-12918
-4095
-6105
1845
-15037
-13563
10013
3885
5517
-8690
6
14934
-12384
7093
4870
-7165
10843
11475
-3512
900
16560
2780
1135
581
932
-12708
-8676
1996
-7888
6077
2604
17662
8915
3074
12181
-14603
-1166
8941
-4272
-13601
-18773
-3679
8466
615
-7776
-17565
7851
-153
4105
520
1706
6951
-14886
-357
-9012
7841
-11582
5114
-11466
-539
-9681
-1171
1116
2482
1685
-5005
351
3754
1296
-5896
5342
-5582
370
1092
9985
-4500
5103
-13759
-7296
16175
-6997
5353
-11734
-5566
-5733
12233
-5105
-3790
-15543
-5378
-3003
-7039
-1194
2519
-12394
9762
-5811
16453
-12194
-10101
14438
-17167
-15506
-5609
4720
-277
-14997
163
4912
555
9026
2805
3097
3842
-3813
4607
6705
8362
493
3758
-2553
-2179
-8749
-8575
3374
1750
5708
3851
11464
-19166
-7123
-11081
-2645
-6441
1311
-1874
-12325
9234
15515
-2901
-10118
-2697
-13369
6870
334
-2159
5394
-19097
-6051
-12622
-3396
-1709
-1810
-2548
5543
1597
-1811
6482
-17032
-10369
-2957
3674
5277
-7135
-29806
-10144
-759
-6462
-2503
-1683
1832
-782
-12794
10923
1469
2781
1004
-2974
-9189
1305
1566
-14151
7160
-13788
1576
-1790
17315
-1795
-6199
-2783
-16573
-8031
-5848
9223
-9954
-3659
12808
6589
12047
2562
-16663
4184
574
-5237
-2922
-595
-21202
2969
-3131
-942
8230
-3605
5958
-16884
12717
11160
-15556
-7849
-14727
11575
4521
-2837
-1722
-1384
-2919
-11812
6896
14831
-9230
-686
-6308
1656
-30144
-9146
-1801
-4971
-5039
-14062
-22691
15961
6420
-5792
8691
9044
-8496
4605
-1939
-3389
3479
-5151
3098
10970
-6095
7057
16474
3731
2929
-6751
-14847
3398
-14853
-2606
-4276
2229
-5566
-17632
-84
-17624
-8050
-3309
6521
-12600
1167
5336
-7138
-12757
527
16
-2709
-11146
6925
14516
-4501
12805
-6869
-6994
-472
18709
-8948
8953
3189
6067
-1315
-11129
7838
8570
-1323
-4568
4982
-10541
1847
2129
2558
8931
4610
-1184
3701
9594
7506
7371
3540
-1812
1203
-14974
9514
-9210
-5790
13511
-1540
16997
12977
-11475
5045
-16582
13049
656
11141
-1201
-7512
-11892
-5523
-3349
-402
1891
36
-4766
6756
19856
5014
1167
6471
-6335
14891
-228
-7306
5801
-9126
-4670
-4586
-9934
6750
-1496
9971
-7969
4271
8766
1390
-240
11594
-238
2018
909
7393
-7059
9357
-2088
-10505
-2290
-6077
5724
5761
3128
-4284
1728
15998
10071
-3040
-197
6204
30
-3218
-1411
-959
8197
15079
-1533
2969
-13095
6735
-14498
2843
2153
1421
-8508
3845
-14174
-9030
635
13001
6752
11515
2621
4970
11889
-2377
-10588
-3807
3243
-6146
-5408
-1089
2954
-6373
-10058
1700
12778
5673
-12043
7093
-2808
6919
134
-3992
-11174
-14691
5420
3428
-605
-6814
2687
-5308
3747
2496
-6764
-3798
-4483
497
9904
-10668
-2297
7082
6126
-4812
6597
3433
-9773
-7663
5765
2125
-2810
-5551
-5411
-17225
-4547
11392
-2569
1689
16505
-5771
-1774
4018
10663
26417
10811
-545
-7124
3384
-2815
-14014
-1186
8373
10771
11837
-1463
435
-6576
-237
-8166
3519
5434
230
16360
-11307
-1540
4743
2375
5086
3806
8233
8524
-4240
1858
8918
2238
-8148
7946
-2320
7619
2331
-16624
4727
-11513
-4417
-1624
856
15620
9714
-8559
-1199
771
-4002
-1271
-22180
6019
938
1160
-2713
4013
-441
9207
-4477
11948
8433
6724
-4425
841
305
-2879
-4109
1919
-216
8164
-4180
-3378
8750
-9719
-5830
-6849
-9081
-5005
17124
-6371
2375
-8616
311
1978
-3295
-1807
-3660
12581
6511
10342
3202
-14575
12975
2796
10707
8507
93
-13718
10672
4688
9299
3009
8668
15590
-3653
-5483
-1483
-4445
4715
17151
5495
-836
-2308
3361
9666
1677
-1473
782
-4671
-1617
1123
-4517
-1020
-11530
5372
11818
-5027
-8846
-6515
3763
129
4676
16301
-1406
13638
11624
3421
9854
13313
11761
-11082
13134
-24629
-19435
-11722
-2077
-13396
17429
-6451
-7877
-11586
-11943
1406
-22336
-58
-7946
6934
-5391
-5681
-8782
-7848
8873
-13548
3074
-5242
1527
-10942
-2327
-9095
-8563
2666
-9480
2534
1705
-19879
2365
-5446
3578
-20488
-3343
-21205
9373
1232
8674
-1158
-1110
-16484
-3903
-6254
-785
6613
14856
10414
-13675
3815
-2808
4535
-9911
-6676
-5012
11268
3375
-9079
-7266
-3991
-15808
2783
5832
-15239
-975
4963
-23131
-7727
-6903
3831
-16614
6189
1912
16
-7853
-13669
-2990
-14479
3609
-16396
-9004
6943
6624
-5396
-4429
-4159
2064
3322
22848
-2784
-4755
-8456
-25525
-227
-10031
3457
-17124
-9904
7158
-3215
9619
-3136
-1291
-14348
-21005
-13208
-13376
-2612
-1444
-5901
25017
2433
6375
-13858
14310
18040
-15090
-8782
-10398
16841
-1870
-23006
18658
-5516
-4570
-4985
-3830
1824
-20610
13611
278
1876
3852
-29054
15744
3253
-8816
-5106
8462
-5331
29047
-13523
3363
-10090
-3279
-10776
-13866
10407
1579
9633
-18198
-7638
-23525
-7414
-7755
1093
-17829
3584
-204
9852
11805
7623
-4988
-685
-16957
18793
9063
13778
-16854
7862
-3404
-2711
-3997
2766
-21710
8087
-10030
-6177
-20576
-2703
-8672
1999
2053
-8391
10107
-15385
-5576
-1873
9248
-12783
-12713
-3256
6981
9084
-6210
-13279
-5875
-7106
-10737
-16889
-10972
-12064
4124
6997
-125
-6728
-15589
-6616
-3179
3098
-7006
-13307
1523
14632
-6104
384
18312
-2864
5286
-9482
-5233
3967
9012
-4243
139
-8222
35904
-1886
10533
-19718
8184
-17427
-2037
-9697
-22942
8748
-7031
-8414
17337
1444
-19903
4447
-27607
13157
-4496
-14192
-7802
-18550
7829
141
-18134
-7256
-4013
-6697
-3150
-9586
-10754
-4504
-7158
-2026
28022
-10624
-12574
-1490
5907
10994
-14461
-8290
6151
-7787
-6563
-14126
-2866
27993
3179
-14249
-2135
8064
-11966
-5771
-5091
-8339
7573
-9091
-2006
-16719
1593
1668
11312
-3216
-224
-932
-16755
4486
1814
10091
-4976
3536
-1591
9997
-6130
6583
-14276
-6119
-5454
-960
-1502
-5709
98
-27405
-500
180
6400
-22625
3889
-7218
2278
-2316
-5219
11908
-11886
12607
1034
-1773
-4732
8773
6530
7911
-7545
-5498
2442
-6063
-9816
4050
-3812
-4570
5534
-109
-192
-1280
-2626
3088
-5264
251
4107
-2773
3248
-8638
1851
7668
-11839
-382
2844
-8821
12785
1131
-3652
11763
-15014
-382
-6825
1423
-14037
5948
-1831
-5209
2179
3232
-4210
-2207
-3730
1194
-1596
6044
-4846
838
-6255
-636
-9759
8312
-5316
4505
-15609
-10191
6835
11572
-10781
-2186
-3003
1631
10692
2606
-10487
-795
11666
14775
2163
2895
2276
-7972
-9662
8682
2488
-15476
-21
-754
-3921
-15302
-11600
-434
-1008
14256
7850
-4125
-5108
-3345
-13349
-6691
573
15826
-12791
-13925
-2908
1826
6792
8116
5592
-5820
-9962
1938
3760
7701
-4303
-4103
4182
12727
2894
-3523
-552
10620
-3033
-3319
4131
13056
-5360
2457
2982
-716
-2308
-4829
6021
-7819
-13880
-3404
-6923
1213
12827
-1324
-3325
-4486
-8286
4639
-3449
-16718
2745
-2206
-10710
1553
-8859
10131
-13467
66
7996
-6472
-9169
-12206
-6149
7293
-10020
-10997
-6271
-4023
-3351
6175
14132
-3947
-7599
-3001
4993
-6530
9750
7488
-7362
-3014
4927
-7988
7222
-1620
2521
6845
-6183
-1965
-6783
-821
-751
790
4110
1130
4594
2518
6039
9859
-8271
9135
3918
-14639
-1351
-2077
-3122
-5790
-10682
-8509
-17355
4691
3252
1941
2251
12755
-5618
-7697
-4801
6932
1364
-5557
-8603
-20089
-7319
12027
10773
-18236
-2364
484
-718
4329
1399
-15791
3886
3547
4731
-13783
-2929
190
-587
-3862
3645
-2890
2015
2459
1370
-2151
-898
-13581
5764
-11501
-5518
-1992
-2239
-4258
8316
2266
1932
-10901
-5781
-15358
13353
4407
19231
4028
-11853
2243
-21233
19243
-894
11212
-8318
-16782
-2190
1546
-10489
-8855
-19219
-6504
-8097
3258
7506
8303
3508
-22918
-3516
-1890
3398
-10211
15234
-6515
-3141
-8580
-3785
18172
-17841
18499
2867
-595
4268
10838
-1924
17725
-13961
-2679
2647
-4178
-6047
14578
-22162
-10298
585
-9968
6934
1393
12856
-8926
4477
-905
-2812
5833
3304
-14738
-1627
2090
-16158
3762
3954
2789
19277
-17640
-11439
13399
-8943
-770
-2679
2924
-14448
-3408
-13344
-24164
-5374
21185
8683
167
2474
-848
-3251
10885
-3540
2685
-3833
-1652
-7322
8934
-12104
1257
-17173
-7735
25038
15012
-18287
-8092
-2455
3532
1250
-2552
-7552
-14185
6603
12758
-5631
966
-4805
-25852
-1751
13652
-10141
-16011
-9996
-4986
-12115
-22637
-5158
1617
-5139
12601
9012
1329
-3049
-11453
-16777
-13952
-3375
16390
-14538
-32356
-5431
13327
-8585
22655
-2594
-5555
-11445
1577
7080
14340
-10755
-2147
-1691
-8537
-7341
-10704
-6087
11486
-2225
-1905
10077
11292
-7332
-2248
-14361
-5363
836
-293
9316
-25111
-16388
-1863
1336
4427
14916
-2341
-536
-13712
-1203
2362
6559
-22608
14973
-8048
10601
7341
-19785
14008
-22989
-6905
20813
-8306
-2155
-16128
-10200
7846
-7355
-13013
-7849
-22906
-6077
10217
17485
-12647
-9540
-979
17188
-27035
4090
1207
-10126
-9863
960
-6537
9610
-4979
1827
4574
-2907
-10353
762
-2564
-6781
403
-2722
5617
-6216
23708
6995
14688
-12530
3219
-9334
-11754
-11024
-9972
6219
-764
-11613
-9882
-28573
14997
-617
-94
-208
12526
-811
-9981
-8390
6840
8841
-4221
5466
-21688
-21824
8702
13246
8034
8733
4788
187
9663
15208
-8926
-2656
-10770
-7175
-22251
-4402
1244
-982
-7576
151
9485
-2361
-5776
-4894
6245
8022
-4152
9092
-1918
-9811
445
5931
-2509
-2848
14265
-4122
-20507
-4261
-5966
19379
4916
-14656
5292
-10184
5236
-3624
-1171
-4646
-7007
6302
-14473
7839
6542
-662
-1732
2984
-19309
-6082
3084
-1318
7251
-4232
-8707
14757
-23193
8933
20117
14785
9591
-4032
1147
18624
-7586
-14135
-5342
-1102
9274
4305
-9605
-20819
-8454
-5625
-4859
7358
-9715
-5806
912
-30969
-1669
16796
7801
5971
3930
-2456
-17554
19453
1981
-10439
4948
8568
-14860
-9321
-1878
-4269
-5003
2332
-57
7966
-23385
6128
-9030
11020
2711
13018
3373
20500
-5353
-8246
-10735
-8818
-1560
12058
-8637
18459
-552
-6741
3785
-3488
-3684
-14833
7066
3895
-475
-16687
-2115
-16082
2760
6963
-11185
-9370
-4200
-6387
-5249
-13374
3128
4917
3182
-11227
8377
-2588
-18474
-16550
-28261
1728
4571
-654
-4637
-9150
-2361
-2717
-1550
7123
8897
-22462
-1784
364
7233
7004
-15217
-11468
-16184
-13368
1711
3330
3306
-4472
-9938
3782
16320
-14994
-1646
3234
-6053
-23796
252
-12444
219
9339
-35163
-1723
-4593
80
-8231
-9685
-13615
10271
10180
-12371
-14136
-5963
-17006
-14625
-762
-12139
-6908
-6189
-11554
11641
-15482
4229
5252
-10934
12691
6838
-6055
-4952
-12741
-708
-8651
11155
-9126
8692
346
-890
17765
18163
-1200
-8079
-4855
-11373
-223
5853
-8516
-17266
-8002
-13955
8085
3528
3357
933
-6148
-1929
-16227
-19114
-9301
-240
2146
-8658
-5295
7001
-14353
-3898
18882
3283
-11856
5464
-13474
17124
-2731
4684
-1326
7183
-4450
5741
9448
-11384
-2505
-18406
4416
-10325
-10111
-7851
12303
-1666
-10342
10933
-6056
-6782
-2339
-21220
-9069
12809
-21916
-7577
-5541
320
4412
8898
1246
-24076
-10390
10332
21072
19729
-5085
4440
-4291
14910
-560
-7238
-8165
-19726
-16683
-4170
-1489
-5770
-3820
-1853
10362
-13302
411
3221
14931
-2263
-3500
243
-19912
9168
-7846
-9956
-96
-7354
3040
-14417
4787
-7905
-12190
-5689
6557
-3939
12525
7007
11388
-16543
-2501
-16414
7252
1435
-1340
-14250
921
14166
8719
26155
3450
5859
-15918
20214
12773
5121
15996
-886
3175
10106
1166
-1027
14558
-4145
-12626
-3796
-10160
21592
-4883
-1847
-11285
23441
-3023
-7075
11084
28763
36
-9586
143
-15166
6828
-7006
2699
20539
8689
660
-1280
-13864
-14104
22200
34659
3236
-19597
3645
-5435
-3578
10949
19549
-7219
-504
23477
-14901
8381
-6737
1231
-6214
3640
10113
-3130
-835
-9376
-8629
-7607
8132
-6129
-4397
13420
8317
10246
23765
-18559
15730
-2252
6715
-4053
1357
-1560
-23652
6039
-7645
17512
811
-9451
14062
234
911
485
189
-13577
-14295
-11600
2517
3976
12087
-17133
11277
-9068
2929
-11776
-2349
13905
-25931
-3254
3478
-9797
7437
14297
-12223
-4498
-1951
2040
9763
-6618
-10362
19374
-5807
-1671
-16373
-24820
5083
-16186
34778
6261
-1545
-74
17368
-4415
5611
14304
12854
-2948
-15585
-428
8824
2292
-14578
-3045
-7828
-5580
-12275
16327
-15342
-8418
-9681
-12005
30990
-5913
-3673
-4803
-2348
10521
15719
6813
-15770
-1108
16232
11244
11661
-2726
-24989
4315
2744
-4224
-18817
-819
-15360
6665
-20535
12829
-13647
-17947
12144
11137
11372
-5059
-8726
-3871
3418
9531
8978
-10705
-5178
4114
-1647
-15238
-263
-14275
-3912
4570
2713
-10130
-3175
5350
8259
6625
-6183
6692
4902
3528
-4274
1566
3972
-2891
18986
16521
7488
-11646
17391
-69
-3987
-7656
3440
-2390
13782
-10231
6764
-6865
16855
-1772
-23706
-1364
-2142
9449
-3620
-16807
-11757
18746
-7008
9987
-19342
8288
2020
7592
-5107
-16370
-8503
-14559
19616
-11037
-12974
-5565
28860
18457
-9354
9113
22677
15383
3583
-1148
3075
2005
-17544
-5262
818
-12097
-15205
3995
-12383
20507
-5738
-12944
3744
14360
-6380
2180
8902
6161
12921
-300
-2348
-10773
-4744
-4045
2278
1849
4505
-2983
-9753
-2366
679
745
3673
-72
10854
9394
478
15325
-11775
3765
-4336
76
-5009
-15810
-689
-16403
19412
5817
-20449
-9771
1363
-89
-4446
7883
3815
-2363
6107
-6724
1186
-5479
5394
-7780
-5674
-6260
-8343
1016
-6516
-1329
-5858
-1200
6201
-363
-9506
11872
-677
-3527
-3529
1757
987
3551
2548
-16227
-10089
-12166
935
1144
-11337
-5096
6036
-14573
-4344
-669
-5662
7868
-11719
-1808
2294
-8400
-3575
-11045
1842
-13789
15562
-3254
-6282
-15408
-3406
-7579
-10190
-14254
7343
-6424
-130
9783
6867
9615
232
3765
-9554
-11296
286
7256
6612
8390
-8537
-17294
7745
6952
-10248
12884
68
10998
1690
-10527
7472
10148
-1425
19439
18293
314
-5749
-1379
-767
-6037
-12647
-6800
-1523
-4152
-8362
-3595
-17455
-3512
5942
-4786
-3704
-1014
-8133
2358
6728
-6496
10186
2141
2611
-14756
3543
-901
-6593
-8742
-3738
-1433
7188
15604
8021
16399
15183
-4061
10674
-4223
-2990
13104
-7251
-3948
12741
-7846
11096
-9477
5548
-7591
-13138
12977
-21899
-3349
-368
-6490
1379
-10886
6768
-6082
-8539
2
-9109
-3948
-19891
-10640
13147
-8219
-1220
-7051
12116
15655
-20688
-4467
3792
-2974
-11947
-6034
-13543
15421
-634
7668
-4145
1403
-14191
-4909
-15829
-903
-11600
-509
-9372
2583
-12786
-12719
-6363
1717
-3886
-9276
-3789
5975
-5492
2010
4877
-1720
7891
-24677
3009
-20663
-94
-2241
-5567
-8939
-891
-11976
9664
-18602
-10618
502
7871
-13514
9827
1060
-1526
5544
5490
11838
-7405
-1948
-20096
2921
-504
-8845
-17954
-9548
-5512
1337
-3939
-14435
-11842
-1572
-6224
-1415
-4655
-2744
-3750
24028
17339
-16474
-14584
-3527
-5056
-2232
7158
-583
-7128
4864
-11638
13537
-6689
-12903
8706
-8057
-12282
-8098
-233
-5760
-2369
-6934
9088
-3882
13633
-9396
2005
-12139
13026
-5576
344
-927
-13207
-1258
6010
471
-13077
-12085
2308
7858
-11969
3384
-19985
5724
1708
-259
-659
-7660
5268
-14317
-1000
3966
-1797
-11530
41
-7198
-2577
-11206
-597
4536
-6148
-2212
-2964
-2591
-3221
9463
5220
6285
-8090
-4656
-10361
-4043
-3443
2473
4357
-10115
-14271
1726
9279
-2776
-10064
-1502
-4670
2301
-47
-13356
-3194
-1452
-1976
-4593
-10311
-8098
550
-6051
1073
-5333
-13288
15042
-23282
-19
-11821
713
-3287
-2558
-175
-707
4086
3777
-1806
-7183
-8817
-5498
-6197
6084
-4208
545
7747
-2659
-8966
-3156
1117
2611
-9652
-10631
3438
10503
-3631
-5986
-8301
-7698
1075
1793
-16437
-3585
3456
4537
-932
-4610
12045
-2858
-3245
3002
8938
-2934
-11605
-4434
-9359
1660
-11902
-10093
4383
-3024
-4747
-7926
-8585
-11123
-5004
-2561
-718
7804
-6361
-5995
501
7622
-11235
-4709
9683
2186
2531
-11578
9656
-900
-3102
-3474
1840
9486
3664
3454
8577
-4864
-5066
533
5503
282
-911
-3820
5201
-10666
-226
-3862
12766
-265
-17251
8013
-5038
10216
1031
-5845
58
-7354
-9479
3231
-600
-9861
743
-8903
-4964
7789
-8278
466
-12110
-7966
19971
-6510
-8603
-4746
1658
3826
-2692
-496
-8076
-14253
-3301
1772
8819
-1018
-6311
-8038
3197
-389
-2721
-1838
-5704
-8349
-11383
-9546
-2933
-6059
-1215
-13711
48
-1838
6185
1035
-46
70
-3722
-14491
-4975
7547
581
899
2336
1811
1953
-11795
866
-16254
-4372
-8187
-10059
-1792
-9772
11171
-5594
-1864
6074
9265
-9085
602
-3561
-3266
7827
-3050
-6362
-17484
-3274
5740
5021
-1707
-5614
3922
-9529
-2646
-2175
-11202
-1328
-151
14314
-15033
-9224
1412
5629
-3664
-407
-987
-3392
-2196
-4256
-5479
5657
-2518
12610
7393
-1208
618
1359
689
-2884
1583
-2887
10817
-2139
-872
6003
-13807
-10866
-7935
12066
16652
-15600
-18845
15961
-18337
676
-10333
-3605
-800
-2215
15758
12455
-16617
-11004
14153
5254
-24551
-1898
-4940
23089
5199
10071
1037
-4662
-11910
-11268
-716
-2757
-13969
-14728
-17033
-21890
6691
2089
-4734
-17484
-11944
-6142
-22706
-1791
-7790
-7014
-201
11421
-1122
5928
1996
6374
18427
-13758
-11685
582
1455
5430
-12896
-4397
-4629
-6267
-7000
7547
-11918
2570
6623
-23470
-8140
-3302
2470
-3142
-5281
2339
2720
-1497
23198
-11547
3552
11033
-18159
-7187
12146
16105
-601
1426
3211
-14171
-5841
838
9813
-4495
-19245
9584
-8187
-3221
-2643
-17057
-15629
-25329
9550
4824
-804
-13099
6040
-14638
5804
-12004
17872
15581
-21659
19377
-1425
9123
-2458
11199
2472
-7954
880
24245
-3146
5532
-7002
13391
-11221
-13074
-2934
-8006
-5221
4251
-9498
-8314
-16345
14275
24896
6091
5903
941
2939
38564
-13052
19418
-2341
-7359
15377
10392
-4809
-7923
-12355
7941
82
23085
-11826
-2098
-2178
16582
8154
-21887
-7567
5503
-5000
-20974
19636
3727
2526
-3054
-1737
2722
736
4486
10374
-5594
18455
3375
13168
-6702
-24414
-17344
-6104
-13341
-1881
11149
399
-229
1418
15574
15622
-6742
22535
-413
-6046
5917
14217
-3403
-4220
4050
14104
6458
19282
-8772
-25950
-14217
26581
-2257
12046
22728
-14434
-25851
524
-23061
-20111
7981
2021
8741
10130
-4108
-12647
10747
-3457
6112
-22325
-20451
5716
-7770
-819
-2569
16636
2493
2713
-10757
-527
-5291
7410
8302
-7127
8109
-11244
-20357
9330
-484
-3824
-10807
-3523
5353
7380
-7226
9322
14012
1697
-17807
-12093
-1714
13451
23821
-7835
-1934
-24228
-461
-9779
-5404
8932
-1172
-20360
5210
11630
8097
343
-4435
-4482
9218
13092
7877
-7987
-3357
-5459
12335
-1682
11679
11487
-12493
-2684
15857
-17595
5007
