-4282
-4919
-4506
69
-477
-4090
4405
-839
-5912
5520
-3186
4236
-1411
-2654
-3701
2382
-11617
-11171
-5769
359
648
1706
-1447
6001
-8286
10590
-1564
11967
-4017
-521
1161
8107
-2125
-2128
-6348
-3128
1367
-4243
1575
-6130
-5739
8145
-5354
8589
995
-1639
-2909
918
-5732
-6700
-2969
-794
-451
-2431
2336
-604
-9042
7995
-3931
5675
-4803
-1500
-4041
4404
-2186
-3904
-4942
-4668
-1156
-1560
4656
-3382
-4777
3676
-2997
9171
-3358
2395
-5392
2531
-1342
-1017
-5568
-788
-1059
-3766
2333
1643
3118
-235
-2069
-340
-2826
-3100
-1697
1898
-2238
19
-5229
-1934
-1513
-1071
1438
1728
681
742
-3053
4099
-1965
-599
-1998
3058
-1682
-2672
-3294
-2494
3375
-5123
-917
1558
-3760
4245
-5417
3268
-3441
132
-2862
3198
-6977
-6874
-455
-3104
2297
-1151
-4015
6576
-7067
7660
-7156
5792
-6152
3099
-1050
1977
-2015
-3765
-5873
-3024
-376
-2970
3830
-2951
-6414
5142
-3002
9394
-1293
-209
-2105
2261
-135
1651
-6793
44
22
-4881
1771
-6709
-2621
8561
-4335
5153
1220
-6011
-6181
1904
-1985
-1690
-4299
-3890
970
-2598
527
2081
-3717
2254
-4254
5609
-2590
947
-1498
2416
-6418
-8477
-3959
-1454
581
-1344
4139
-786
-10682
7305
-1477
8627
-3295
97
-2911
4473
-723
2471
-5849
511
369
-4246
712
-7339
-6959
12215
-4766
7777
1792
-4462
-6105
1487
-1477
-746
-5124
-3372
574
-3375
1418
-9
-2796
2004
-3450
4821
-2134
-560
-1733
2119
-1178
-247
-8199
-170
-1454
-5255
5526
-4604
332
939
1995
4345
-244
-7732
-2660
5631
-938
-1602
-7217
-1709
818
-3081
4241
-3675
-2517
4016
-2029
6525
59
-1256
-3769
2705
-2795
-3606
-5302
-669
-605
-4230
4439
-151
-1979
886
-1639
1383
-2381
-4128
-1329
3467
894
-861
-7168
-2971
-516
-4869
5321
-4639
-1763
2366
-2919
5595
-458
-2193
-2830
464
1344
3126
-8210
-341
-126
-5871
3215
-4237
1655
2621
681
5218
5744
-5622
-3945
3150
-296
-2502
-7572
-1520
1138
-4769
5125
-6631
-3368
5315
-2266
7201
404
-2648
-3369
2031
1455
445
-2936
-1553
-1619
-4080
4301
183
577
-2490
-940
-689
-2232
-3674
-3514
1362
-2541
3008
-8910
5531
-2968
-5948
2328
966
-1268
6296
-1054
-1791
562
-6053
-5030
5632
-3081
-7061
-4240
-3521
1867
-1573
4763
-1482
-6936
5919
-4369
8637
-4652
3450
-4949
3373
-2000
-3232
-5795
-1969
322
-3014
3796
-834
-1246
2575
-2980
3792
-3008
-428
-3122
2277
-1640
-2342
-8454
3199
-2654
-9601
5054
-958
-5464
502
11318
-130
-5435
-14306
-7595
20653
-1884
-975
-4858
258
656
-5734
1334
-1165
-195
2604
-2075
995
180
-5753
-1211
2710
-35
-1973
-6904
-2910
691
-3525
4686
-5129
-2578
4384
-2969
7554
-465
-571
-3434
922
-125
333
-6084
-53
613
-6042
2893
-2219
1636
883
-1329
858
258
-5865
-1569
2138
451
1441
-2079
-4176
-1996
-4753
2786
3885
-2744
-2173
-1344
3568
286
352
-4256
2938
-5425
1768
-7299
-2237
-984
-5015
-4506
-7590
2566
11682
-8593
8797
-4791
754
-2577
3925
-2395
512
-5448
-2990
-1523
-2108
833
-2078
-3167
5117
-4898
6494
-845
528
-7566
2359
2018
3101
-7823
-781
-122
-5648
3437
-4323
1529
2740
603
5649
5551
-5262
-4268
2264
183
-333
-3973
-1377
-942
-4893
4636
-378
1133
-2307
-1380
30
-2297
-4091
-1242
1128
-4744
-4325
-3796
-301
548
-2337
2022
1443
-3285
5878
-4300
4279
-2512
-1045
-3487
1583
-8389
-10184
-4793
-125
1475
-1115
1710
3934
-11317
8095
-1556
10661
-3188
-605
-238
8228
83
-2256
-5646
-2350
-711
-3426
5346
-2012
-2734
2271
-148
6154
-1805
-2985
-3253
2468
-608
1688
-6086
-637
-1361
-5407
2372
349
2188
-1726
-1803
185
-830
-5035
-1048
3021
-1360
1650
-7787
-177
-1354
-2742
3165
-1170
-1115
2405
297
6375
3656
-3024
-4395
5736
-5707
-8162
-3615
-926
2629
-3961
3857
-1688
-11221
8130
-1462
7050
-3011
-1243
-4280
5486
2631
3762
-8168
355
-1638
-6470
1868
-3310
1625
3345
-1084
3188
3557
-5638
-3478
2689
-5707
-8162
-3615
-926
2629
-3961
3857
-1688
-11221
8130
-1462
7050
-3011
-1243
-4280
5486
-718
-774
-4786
-2775
-1752
-2850
4135
142
-4382
2589
-810
6166
-626
-634
-4846
4030
-5422
-7327
-4333
-2260
-1417
-1382
5309
-3143
-10861
6533
-824
10120
-1615
1632
-4625
4610
-1538
-2589
-4578
704
-285
-3415
5186
-3568
-1481
2720
-1903
2673
-273
-6721
-2440
2708
-1500
-246
-5411
-1522
-1845
-4906
3061
1297
-1877
484
1054
1889
-3751
-5614
-2188
6427
-793
347
-4836
1784
-2132
-4617
5051
2397
-8269
4169
-1408
4407
-2988
631
-6219
2981
-7007
-10541
-6649
401
1650
52
4112
868
-8072
9505
-1372
12000
-2032
-229
-3180
7188
-4053
-5717
-5784
-163
-384
-3387
5211
-4900
-8791
6945
-43
7481
-519
275
-5886
5112
1216
1469
-3608
-2698
-2875
-4962
4233
1355
978
-3223
-1199
1216
-998
-3066
-2049
852
-348
-2104
-8583
791
-404
-1674
5888
-4146
1254
5237
-1417
7262
1798
-6163
-2351
3668
667
202
-3801
-1997
-1122
-5680
2610
2211
-979
-910
-613
-458
-3169
-4354
-2375
3299
-892
-2869
-3317
-2541
-1395
-1626
5734
462
1429
832
-4500
3604
-3000
-2892
-2407
1492
-6649
-2220
-7843
3076
643
348
2847
-1038
279
8566
-5055
3948
1756
-4863
-4839
8121
-1570
-5034
-4429
-500
2412
-4466
4752
1817
-3280
1105
-2025
2400
-4759
-3724
-1969
3973
-5707
-8162
-3615
-926
2629
-3961
3857
-1688
-11221
8130
-1462
7050
-3011
-1243
-4280
5486
1578
2993
-6078
-2276
-1882
-5026
4066
-1645
-209
549
430
6309
4494
-3193
-4433
2420
1120
1934
-2884
-3589
-4033
-4964
3042
2813
539
-2132
-1228
2222
-278
-1565
-3093
2174
-10529
-3942
-1117
5679
2351
-5668
5056
-4533
2057
2836
2617
4400
9548
935
-5285
-2742
-5900
-8571
-1885
-964
1726
-3756
3265
1126
-9590
5691
-2415
4006
-4624
-895
-3738
4952
-3449
10922
-12803
1308
-13225
11346
997
5542
17222
-21968
-10788
-3729
-947
-29871
10061
23548
2018
3101
-7823
-781
-122
-5648
3437
-4323
1529
2740
603
5649
5551
-5262
-4268
2264
