-3458
-3285
-6048
1092
1365
2548
3712
-1318
-4941
-1396
-1571
3410
2280
3923
-1852
-440
9431
-2544
-1901
3746
3959
2729
-3041
-1796
1815
267
-178
1123
-1882
3129
636
-271
-716
1134
4552
966
-992
-907
-2546
-5569
2482
2819
-1742
-1720
-1971
3955
-4080
4769
499
146
358
1856
-2173
612
-3187
2899
3696
-548
995
-529
-3402
4123
1130
-92
48
399
2837
-5906
671
2115
2155
125
1236
-2440
-1251
-513
-2652
-631
1684
4694
-4
1017
-69
-6392
-1069
6599
886
2458
4060
-116
-6819
1135
-2310
7962
1451
103
-86
356
-618
2677
5778
-4123
3101
6276
3765
-4822
2376
-5481
2858
-2677
-3889
-2995
1807
-3562
1379
4742
-1660
2932
2149
-1665
4061
5699
-5181
2039
-4289
-1631
1914
2628
1892
-4483
-6168
-4780
1286
1240
-756
-382
-1998
-2567
2508
3599
401
-777
-3954
5308
1131
-756
-3709
5147
-3233
4586
-1347
-3078
2238
-732
-1200
2702
8480
7527
975
3363
3833
1763
7028
1791
-5267
1203
3826
-1123
3491
896
4891
-148
160
-5076
-2741
4927
1711
1171
1446
4943
-106
1687
1865
-1275
925
-3278
-1317
-1016
270
-1966
-460
4490
-2398
-4749
-2167
-758
5432
-770
6245
41
-2430
-3270
584
2947
4853
4132
463
5053
2475
-938
-1193
1084
5506
4042
-2485
1668
1492
-1449
-381
-2819
-1458
-1405
73
-1017
740
-2544
1669
2526
-2745
-1052
-221
-2015
1574
1751
-1588
-2615
-1874
-1234
-624
2977
-919
3641
-338
3192
-654
-389
-2084
-375
-1278
4953
-1000
3182
1077
484
-2576
102
-582
-273
4527
-2481
38
-203
3835
1991
2537
-2301
-35
724
-1512
-3111
1557
528
1981
-460
1570
-4640
-206
4030
-2924
-177
2285
-1304
-4508
-3603
-295
2515
6027
1296
244
156
-1300
-365
3220
-4186
5401
474
292
-1869
2509
-4112
222
-1034
-1788
-1769
-1381
-37
2432
564
-913
2430
652
-546
3866
2655
-5070
2107
-3928
3477
1867
125
3614
-2971
20
-3066
3453
6264
-2925
-1882
18
-530
-541
1717
-3165
-3827
-3768
210
-66
1613
-2497
-1454
-2606
2393
-1449
-4739
-513
-1966
-1122
4881
3514
2306
-2001
580
1357
-1617
4214
111
-1858
266
6684
-814
1426
-1242
3854
-2086
-394
2695
-1093
1010
-1063
-3177
535
2171
-680
2712
2401
-1526
-1158
-1623
-394
-2310
-407
-3161
-619
1310
-535
-3681
-6547
8894
-383
-3768
1910
-2036
-2110
-1945
308
-2457
114
-1789
-185
4963
-2534
8075
-3001
2195
-1158
8501
474
5133
-1157
138
3633
3097
-2437
-7198
2667
-2459
-4348
-572
6456
1044
5147
903
-4075
-2317
5965
-2439
759
-5620
-6505
-2799
-4386
307
3478
7823
-3915
-1375
3111
-244
6678
10149
-7879
-3448
-1823
-3065
-354
1507
-1099
-6267
-2561
-5939
-4959
-2828
-5868
-3650
-4780
1123
244
-3460
-779
792
-4298
7007
-3813
-2818
83
-5630
5705
-3097
-4515
-5017
1670
726
6214
-987
-2303
8507
-3365
5835
-1525
-3180
-1825
-3896
-911
3995
2506
-3426
5573
727
-929
-6319
6573
-5680
-3987
-5737
816
-4610
-5712
-2869
-1680
36
-2463
8266
9718
-3818
9428
3066
-4750
887
-3934
-1465
80
8079
7943
-2564
-1549
4341
3963
-2162
-1654
-12
7370
2387
-9136
-1139
-2499
-866
142
-223
-4691
-394
2574
-2718
-3293
958
2064
-349
685
-6455
-4649
2671
5708
3119
5036
-4281
615
11777
-813
1110
-2349
14
-894
-1323
-4809
153
4880
499
-6692
10695
528
2825
-693
3772
7286
2343
5203
-74
-2374
7849
4697
-3314
-5523
3510
-395
-3151
-1140
-1365
-2675
-4416
-2449
1420
6580
-38
7955
2480
-4744
-7428
2753
4307
8289
1789
3608
6254
4324
1778
-1651
-236
4420
4013
-3520
5548
4645
-1279
3692
-2314
-1651
-1282
-3414
-3370
-2672
-2910
3856
2074
-3832
-4227
-2802
-2628
25
114
-1882
-694
-1306
37
4994
10082
-1851
-1688
-3843
4328
1359
-3843
-3492
-1099
9211
4546
414
4778
2879
-1707
-4047
-2283
-3778
200
6256
-3686
5391
2042
5155
3943
9481
-5122
1324
-950
-823
-9583
4376
3573
3955
2406
-4176
-7560
1469
8501
-2995
-2918
1500
-2744
-5949
-5977
-2904
1397
8996
5252
-4627
132
-4849
-1325
3006
-5144
8950
3332
1435
-1145
1332
-2783
-4748
-7453
-861
-5005
-5338
1828
5278
3968
833
1744
-1746
-1323
9046
4777
-4475
-1601
-4334
5290
4114
214
886
-2743
3306
-969
437
12897
-4382
-353
-3138
-3276
3136
5571
-7383
-5773
-7608
5157
-857
565
-6030
-4073
-5941
1206
-2837
-6639
982
-1714
2501
9019
1130
5171
-806
3852
1333
-9260
1078
-2518
-1132
3936
9684
-5415
3244
-2355
4770
-3858
-654
2391
-718
-1933
-2715
-5862
-4311
-245
-3065
-1281
1057
-2990
-1901
-1802
-1150
-6055
307
-8824
3505
-1557
-3555
-5526
-6908
1336
-3679
766
3557
417
-5116
-2711
2512
-2670
1434
-476
-4306
7001
5648
4494
-2024
4381
6903
11502
-2591
886
679
-5550
3582
-1646
-4980
-3874
-1371
-1192
-2741
-1811
5638
-2559
-2657
673
-934
-4729
1471
-1462
-2376
-5329
-5773
2003
-5462
2197
-695
2439
-1360
3309
-400
-2919
437
7590
2679
523
-1608
-103
-1966
-323
46
-5811
-3328
-4980
-1590
1226
1087
-2485
2874
-4373
1667
-5322
640
-1193
-6337
4250
-1290
-3537
1917
-6199
-2991
-5382
-4453
2907
5129
5146
6144
-1457
-5563
9176
-3771
7570
517
1133
-2115
-7358
314
4176
5448
-3461
7517
1075
-2469
-3665
5056
-6369
-246
-5823
-1049
-1925
-5613
-1726
-7375
-1324
-1957
8789
6065
-3861
3877
4957
-3985
748
-5241
3114
3042
2267
6920
-2295
-6662
-205
-780
3518
-2328
-3606
1259
-2794
-4863
5166
-1719
-216
-4246
2306
-3431
2986
3655
-4962
1823
3739
533
-1220
115
-6320
-7329
5634
13947
5541
3318
-3182
7332
10394
7580
5329
-1593
-3773
11413
-2472
606
-2775
3318
-486
-7358
4592
-22
2895
2162
-1082
5874
3023
870
1103
3517
2308
2527
-1537
-2968
4821
2353
-3935
-4559
3018
-1801
417
-4142
8559
3871
-3069
3581
-1401
1965
-3416
-1121
3691
-231
-1802
2759
195
-90
4801
688
5790
-1976
182
2795
5793
-2012
1264
3706
4429
311
-5577
3674
-1437
-518
1908
4585
4027
5097
-2548
-3128
-2711
6127
-6752
5809
-3667
-3140
-2997
-206
-527
7226
10160
-1558
-2203
2103
-1205
6493
6590
-6580
-643
838
-737
-3820
2153
2232
-1295
346
-3159
-2711
-7531
-5414
334
-4814
5056
1191
3803
1758
2774
1466
4941
1487
-3084
-2865
-1323
7465
-712
-3379
-6742
-165
-480
4826
-156
-1689
298
-323
4031
-3550
-2201
-3406
522
-3108
5110
974
-2698
1165
2875
-60
-4160
2152
-4725
-2935
-1510
-2324
-5271
-5179
-3350
3799
1467
533
2490
7624
-310
7123
1862
-4310
2454
407
-1906
2052
6479
8139
-6784
-864
-1023
5635
-5069
-4368
-924
6611
-412
-2719
-3092
-2457
2670
-2279
1918
-915
-2579
2739
-4454
-4031
-2076
3388
-5732
3677
-3686
-3051
244
1432
2444
2136
729
-1345
6096
-774
-348
-931
2525
-2552
3189
-833
-172
3841
886
-2640
8957
-1142
-236
-2945
4321
1135
-292
2044
-864
-4614
4750
3296
-1771
-3654
-1007
-3950
327
1005
1813
1099
-9
1485
663
7505
-4873
8435
2245
-3887
-4309
5340
1908
10601
1585
3609
7958
-2475
6809
-1486
1931
9226
78
3868
11047
833
-5905
2334
-7931
-1469
-7575
1544
446
5220
-5270
-4191
4636
-6574
-3385
2260
-2540
-12
-4665
916
-3920
-3160
-8144
6924
5104
473
10527
-554
6828
-1455
-861
1571
-4114
-9001
14765
-2482
5636
4000
-6801
-1269
-45
1260
-1816
3327
1017
2178
-5010
7297
3787
5327
2690
3080
1206
-1857
-7839
1965
-5180
5898
-1261
2020
-2587
5599
-440
-9009
-3815
-2332
-4142
-1027
-10514
2067
-2408
5627
6442
-2286
-380
-7702
-292
-1632
-2427
7511
-456
-896
3285
-2264
-2629
-8135
-1695
860
3418
-8425
1977
2839
-2713
638
2211
-5171
3352
5016
-1474
-4947
245
-448
8613
4508
-968
7104
-4379
6539
-5131
9381
8465
-5280
-7045
-2274
1073
-1576
-3011
-5555
-2039
-3106
-2250
-1869
7204
-2709
-9513
-798
-2177
2105
-9200
-1547
-661
-1016
7085
-3688
133
-8562
-224
4634
-7610
3220
-5691
2332
1548
14498
-1444
3439
-3905
2201
-5041
-699
14342
-563
-5792
-2177
-15833
-4210
963
621
-129
6442
-2203
-3964
5044
-4529
-6471
928
-4961
1500
1057
-3672
-5932
-2740
3918
-4679
5400
1468
1338
-6997
4085
386
-2377
2993
3139
-1690
1940
9830
726
-446
3116
3147
10744
-674
-3480
3746
-2322
-5188
3433
-7572
-2827
1816
240
-3348
1718
6469
1929
1082
519
-4375
-2503
-1292
1801
-3802
-2427
-5034
6397
-9596
4363
-682
-977
-1541
3464
2783
-1541
-4331
4446
-2439
-1820
3883
-1879
-2287
7093
755
-3827
-183
-701
-6920
-4206
908
-3714
-5006
-2666
-6887
-8618
-4336
-2063
-4542
8071
-2418
1173
-3822
-7291
2568
-4793
-715
5278
2365
4741
1422
-5599
-4188
9238
-5705
10373
1716
-1126
2137
-1085
2644
6701
4640
-1806
3148
3691
1553
-10091
6106
-6939
-1390
-6945
-2793
29
-271
-1600
-6809
-3099
-5051
10307
2799
-4737
3820
534
-1912
106
-2140
-3275
581
7603
6337
-2366
-9125
1173
-840
-2827
2596
952
-2782
229
-2130
275
742
2178
-266
2436
-5039
2342
-962
5496
262
8462
965
2198
3434
-6114
-4665
2161
9896
9036
623
-4872
4907
9178
9335
1255
-6941
-926
1928
-316
3067
5144
6254
3159
-7802
-2501
-3770
6924
3874
1504
10548
11189
4339
1220
5507
5102
4083
-696
-3109
1356
2300
449
-2294
6149
-691
-5356
2636
8391
7347
1899
5206
2842
-3972
-1684
-2285
2333
5157
5100
7858
4744
1908
3531
4587
1084
-4148
5388
3668
3895
4165
-2056
-4503
2612
-2969
-7791
4017
-2308
-5881
-104
6293
6960
5893
-1307
-3732
12
-1213
-4584
-2271
-700
-4596
-931
-5133
7728
2063
2579
-1785
6544
5859
-1685
-3813
1648
-8466
5277
4567
4209
3057
5761
-1291
-2109
749
-1694
-4454
-6922
1201
-4443
-7489
4148
-5174
-5675
-5345
1488
-716
3192
1330
-1302
-1697
-4541
10797
-1193
938
-206
-4527
-3960
-2370
-5257
-555
-2662
-1678
3221
5930
2512
2488
4544
-2207
5603
1336
-2502
7004
-314
530
-5176
7660
-3200
-6694
-7854
-781
-5647
-3349
900
1076
-3683
-1901
7502
-37
-1981
6107
-1037
-2662
852
1603
-514
-1381
10429
7938
-3832
846
3552
4412
-2469
-479
2044
-418
1650
-2230
-3143
-4310
2129
-971
-1260
-4119
6057
-4218
2854
-1586
3910
-191
-4786
7128
-5921
-167
3817
-2485
3859
-3320
-3408
-2227
-2034
2315
-6841
-4698
-899
-2671
433
7480
5980
5618
693
-7103
7148
-7227
-1431
-2610
-1960
6942
8357
318
-273
246
6517
-1164
-1460
-206
-6242
-5457
-1127
3053
3160
983
-2167
-224
11914
287
2636
2305
1149
1995
-1459
1375
1415
2176
-2786
4128
-2793
4082
4393
-1628
4709
-8797
-736
385
6622
2867
2433
2459
13393
407
-2373
-4005
-4465
-4808
2282
7299
6128
10878
-7237
-6282
-1643
-1396
-6373
3100
-405
-2543
6073
-2842
5427
7232
-2940
-5770
-672
8644
-2018
-1004
4652
10077
-4052
7830
3438
-308
1110
-55
-517
-1882
3532
-486
-10528
2103
4046
-11491
7942
-28
70
-1369
-2232
716
1178
2215
2921
-7589
5819
-153
-1216
-2671
2688
2994
4636
4531
-2975
-3534
816
-3215
3177
-550
-1980
-5303
2128
-5125
6645
-2300
-220
4387
3671
5533
-2584
7580
987
-6064
-9799
-619
-8837
-9136
3296
5074
3831
-643
5101
4807
-1529
7113
-44
1486
-3256
4537
-3272
-1143
14063
2013
-6130
-3749
3868
-2958
-5595
-3688
1571
356
-3582
5605
2647
-3021
418
-3719
9292
-3936
-2331
168
1916
-7304
1022
1846
-4824
9343
-3817
1608
3391
-3121
8570
8983
4214
-4260
-739
-4687
-645
-4717
4853
-8553
2233
2654
1787
9617
-290
-6088
-202
-5389
944
-4534
6279
1233
3973
-1982
-5549
-3131
5233
5040
-3663
-2915
-5574
-699
-1886
9454
-1050
-3165
-3436
-4160
4592
2139
229
6747
1485
-4509
-5649
3682
1088
1616
-26
300
4154
6120
4210
-1270
3715
2833
5849
-1913
4589
2268
125
4733
1188
-1274
-3377
-2702
-3934
-3885
-78
6243
1958
289
-2130
-4197
-4183
1111
-3038
196
-2578
-5075
3307
-1410
6941
1940
844
-2867
2250
1428
-4346
-995
5341
8597
486
2320
1373
-1455
-623
-866
-3300
-3363
-1679
1525
-3312
1149
1131
289
1663
5086
-1819
986
335
-2684
-1309
2525
720
468
-4
-3752
-5558
-2582
3352
2735
736
5884
-3048
-4443
3525
-4237
4332
3316
1689
-3571
-2499
-2112
5084
3678
-6295
7351
3950
1768
-4956
3287
-5276
-2230
-6717
-1395
-5714
-8239
-366
418
3083
351
3823
4278
-3735
7517
4653
-4514
-561
-2904
2699
3358
3452
4770
-2503
-2826
-819
-73
4600
-4092
-1465
620
-2562
686
5828
-4180
-902
-6089
6739
-2983
960
-64
-4230
-3947
1863
-232
-4524
3042
-4267
-2640
6103
6256
6819
3908
1981
2950
1598
2373
1844
-3735
2170
6929
-3351
3378
-1954
5787
-1266
-5087
3937
-866
-266
-1172
663
390
101
-2001
-2502
256
1311
1158
-1896
-2908
-1271
-15
-4964
316
1342
-768
-2951
-2558
3019
5842
-4397
8690
399
-4131
-5405
5139
1434
6826
1259
2645
8917
-343
6365
-2223
721
6888
5975
-410
9379
1679
-1862
3661
-5392
-2637
-6522
-533
-2128
-93
-3816
1461
4302
-3192
-1238
-1358
-2563
2372
-825
49
-4932
-4458
-3976
2473
5776
1255
7499
-2938
3531
1691
-3739
909
1254
-3592
7854
-1525
2249
3091
-3855
-2345
-2814
-2772
-2254
1988
-438
351
-3922
4191
3606
5673
-1065
912
1424
-2245
-3900
548
-2478
4486
-2572
196
-4652
1666
209
-3850
-1899
2014
-2868
-2187
-2421
-1715
1077
6070
2520
-2239
-1764
-3749
-899
1679
-5515
8214
1375
-473
-2315
1791
-5126
-4404
-3862
-284
244
-7605
1171
3029
1355
-1111
4342
1217
-598
8093
1669
-6029
1761
-4377
6703
4055
1357
7293
-1929
2993
-1852
6455
9546
-3883
-3976
978
846
-4066
-280
-6218
-4319
-4394
1301
-3195
3895
-1648
-8188
-3834
1156
1112
-5668
-1542
-3151
-1959
7567
1501
2786
-2655
-775
3515
-1749
2025
-2436
-1166
3052
11413
-3915
-365
-2979
4642
-3219
-2919
11819
627
-1191
-2455
-7380
-454
-90
1436
1498
3983
600
-1578
1864
-3229
-2512
1056
-6938
357
-795
-2359
-3434
-6879
8786
395
-1136
2042
-340
-1276
-5351
-1361
683
1324
-397
2191
1911
1434
5471
-2565
1367
-4492
5271
-730
3751
2067
3182
3982
7469
-1801
-3738
40
-5791
-7782
2658
10199
-340
4071
-1761
-4520
-2728
4530
-2229
-829
-2340
-4395
913
-2352
6095
2605
115
-5489
-2302
4611
-1816
2939
7608
3793
-5078
2483
-2857
-1734
2269
-1473
-6392
-3686
-3910
-2404
-6507
-228
2753
-4769
4805
3679
-2820
1362
470
-513
466
1161
2515
-3689
-1601
2526
-4292
-4367
212
2383
-1127
4463
-2360
-3957
4248
-3306
6585
-379
-986
-4287
-815
-1865
4392
2498
-4110
3996
5283
4574
-7485
3603
-5421
-4794
-9179
-417
-8415
-4902
-1286
2267
4309
321
3470
6785
-4803
10932
5457
-2852
-4283
-1972
-2846
798
7258
2889
-3149
-1777
3794
758
-1097
-2494
3233
4481
-1407
-1597
3954
-4275
-1707
-2847
8476
-3193
-4016
-229
609
-5657
1776
52
-1298
4309
-3564
1502
3724
2830
8116
5133
1452
-1788
3876
-1156
1225
-3361
3407
-1205
-1792
-1519
1766
6631
-672
-4787
3506
-990
2978
-2570
5242
2736
-93
2711
-2846
-5487
5215
5501
-5850
-2758
-343
427
-4940
1942
-2488
-1156
5819
111
5146
5656
-802
4207
124
1597
-881
155
8089
3189
1294
4284
-6447
5344
390
2241
5810
813
-8627
5614
5361
-1175
1574
743
808
2156
2275
2048
3354
4946
220
-4599
7984
732
-5276
-1780
-1565
3367
-5265
7790
1253
2152
-2177
5982
472
6517
9815
3504
-706
-3364
909
1832
-1768
-7229
6658
203
4532
-2759
-539
3989
7525
4327
4860
2131
-8399
-3054
705
-1205
6104
1418
9349
1454
2777
5039
-720
4202
-1349
-1130
5739
5027
-1549
5848
-3659
-6810
-286
-1
-599
-426
-8398
2667
235
-747
1898
-1116
5911
-6975
2516
-2323
-164
-2534
5479
1600
-1774
-4279
-1758
-192
3525
-5834
2413
-2034
-2057
10098
4310
1803
-3018
499
4465
4829
-3606
-3715
4596
3576
1177
2753
2338
5617
-8153
2040
-7994
5510
-1636
-3555
-3741
-90
-14
7037
-5224
-913
2432
-2097
1037
2883
-584
-3979
-2477
-3630
-3055
3864
-10137
3036
3167
1017
610
-4406
349
-3101
4702
-162
-4577
789
-5518
-1972
4934
-1603
3167
4062
-540
3165
138
6681
2158
-2770
-3952
-1692
-4112
-5013
1513
-153
1188
1300
-2930
-670
4361
-3989
-7805
-2831
2154
4781
5200
-1226
-4700
-970
2902
2218
1304
6628
671
-4465
-3192
3175
1637
5486
-319
1074
6759
4495
2987
-610
3819
4862
5118
-919
5792
1511
-4274
3740
-2414
-2198
-4032
-1923
-1001
-1289
-4478
1508
2788
-701
-2869
-2806
-3354
-68
-3520
1717
-2906
-2901
455
-611
5281
1046
3234
-2402
5113
499
-3671
-1589
2561
2679
4475
-278
5565
1674
-1836
-592
-1523
-2937
-988
1632
-2019
2107
-3481
2017
756
4126
-3296
179
-708
-3856
-648
1484
-3127
3811
-244
-2474
-4223
891
4254
-315
898
3215
-1964
-3892
416
-1983
2769
5199
3560
-2402
-1706
-4532
1707
2190
-3510
8894
529
-2490
158
4624
-3342
-2233
-5828
-1199
-1068
-7483
-297
-77
-230
-1537
7132
2318
-1015
4267
1199
-4328
1887
-3177
6187
2554
2858
6397
-3494
-1186
-1976
1674
5161
-3195
-3925
-1979
-1393
-1373
2309
-4522
-1138
-5350
204
-3603
4991
-1768
-5446
-2044
1322
-65
-5888
1867
-4960
-4043
6886
5399
3020
409
288
4571
167
3732
-537
-817
-1335
7942
-1904
3604
-2343
4244
-1029
-4433
5576
-2693
-3091
-943
-6831
1599
2782
-2495
67
3841
-69
-1193
306
-2493
-2532
180
-5564
252
3081
-2385
-4383
-6436
9163
-741
-1188
4136
886
-2910
-7129
2933
-1863
-1923
-1987
122
4054
2488
8968
-1212
3211
-4193
7521
-2002
5059
1862
67
6946
7218
-1069
-5551
-3829
-6461
-10924
-1185
10285
-352
5773
-2093
-6058
-2214
3192
-6806
-1397
-2823
-5826
1447
-2154
5211
2563
-1295
-4917
-507
5001
-3370
1899
10101
10356
-5130
1735
1016
-1241
-66
-2391
-6288
-5684
-5027
-1549
-3373
1329
2900
-5369
1653
4709
-3081
1537
-386
-3303
1557
574
-1899
-2147
-693
-2102
-4426
-4947
421
4899
1727
8690
-3155
-4632
8785
-4561
5296
146
-409
-4965
-5487
-2289
5513
1850
-4620
8977
2122
1778
-5355
8973
-5084
-4736
-10813
455
-10551
-11138
1401
287
2724
1454
4692
10057
-6099
10098
4872
-2055
-3793
-1720
369
989
7993
4906
-2744
-3029
7329
-4852
1727
-3566
-157
5399
-2965
-1406
9034
-6840
-2596
-5388
7424
-4360
-348
2205
-4036
-4154
1064
-1075
-1532
3479
-7356
-1716
7128
6537
6278
9989
548
-721
6525
-2229
3015
-3551
-299
177
-2760
852
-1593
7112
-975
-7842
6273
-525
-2018
-2292
4605
4571
-1865
-1424
-3695
-4853
5149
4947
-5003
-2910
480
-238
-6357
350
-2890
-783
-5776
-2626
9198
2809
761
7644
1435
-5288
-4852
4548
1542
5983
506
3498
4990
4432
6234
-937
2585
524
5155
-1591
7517
4347
-1814
3729
2951
-2256
-4422
-4150
-3792
-6248
-3492
7030
4313
3109
-5064
-5801
-2854
-1204
-4411
-1337
-1443
-4163
2183
948
9778
2723
-1399
-5138
3386
6142
-4799
-3341
3728
9400
1473
2435
4197
2241
273
-2582
-3303
-4002
278
1454
-5840
3988
576
-2134
4999
5022
-4377
-268
-1683
-2594
-1895
2387
372
504
1956
-2381
-5820
499
4887
-628
350
3794
-5092
-5087
1359
-4190
4063
5720
2321
-3486
-553
-5290
2689
1101
-4387
11524
3701
2556
-3894
7903
-2808
-6059
-10736
-836
-6000
-11118
3493
4512
3836
-579
5950
2587
-3054
12050
2299
-3079
-2081
-2430
2348
1587
9219
5472
-4868
-1143
2836
-1342
6198
-3331
-1983
-1930
-3858
2485
5816
-7100
-3505
-6394
7384
-4455
2327
-4063
-2617
-5583
3695
-1637
-5507
3651
-5981
-411
9233
1553
7995
4330
3024
1033
-3004
171
-1668
-5015
2735
3502
-3149
3645
-970
9403
-2081
-6301
4607
-3526
-1083
-2838
-3283
1331
2646
-2042
-3572
1149
3022
2100
-2159
-2712
-5741
-180
-7503
5370
-1328
-1720
1411
212
4406
-6128
4433
-543
2883
6173
165
-3061
-297
1862
-1914
1276
-6007
3356
313
-68
5396
-4898
540
4169
2090
2588
1342
-1300
8692
-2964
-1234
-1680
-826
-2847
4746
4579
599
2055
-4765
2200
1653
-3002
-4804
3045
413
-1817
6094
-4757
-601
4817
-1372
-1980
-2463
7460
-565
1371
2083
1648
-2692
5550
-2381
-2359
2099
2016
-1704
1220
2060
-4298
-5141
875
2616
-7076
5122
-4637
3192
1086
-1716
4204
6206
811
139
-9894
-467
4570
2470
-2483
-1219
3841
5134
117
-826
1659
2439
-706
4185
-8142
-2323
-4897
1182
-2782
8766
-2175
3400
-4437
3423
3077
-3299
-911
1514
-3469
-8572
-1086
-453
-2422
252
-435
-1979
-537
2749
2196
-411
351
-1879
5024
-4151
7975
-4030
-1273
6823
1682
-3766
-4748
-117
1559
-8320
-1286
2708
1674
-1371
4557
-3221
2483
6303
1920
7187
-4583
-2399
5505
1282
1013
147
5247
-1706
6334
-1411
-1069
-2237
-2033
7156
897
154
-2586
5295
786
2748
-413
1280
-1196
6166
1274
3114
4365
2179
-4548
-955
-2991
4221
-1716
5056
1128
3770
2761
-3768
-655
4698
6017
-1606
-1203
2111
1807
3953
5024
1843
-2138
-136
1300
220
-694
3717
7301
3938
-2302
-2475
4827
4095
9735
-1174
-587
-167
9209
691
-3059
5798
7825
-1028
1320
4508
3032
-3158
2720
89
-1864
504
-5648
-11
2507
-4776
-3515
2856
-6842
-7917
908
-3776
-3646
-4821
2222
1787
2195
3480
4966
4847
1532
726
475
3775
-1806
-190
-4503
-2851
7792
8014
-186
8941
195
-5652
-625
3079
-66
6040
4540
-1836
5289
1737
6973
3230
6549
4644
4983
-1970
-832
-4918
5865
-504
462
6284
-6362
-4301
6674
9361
-3063
3538
1547
-3024
-3540
-5738
1773
1518
3047
6279
-4610
567
-9114
1065
-3167
-245
4307
5174
2966
744
-2211
-1034
-1834
-5940
-3129
6305
-8419
1807
4356
1383
857
1074
-4041
570
3150
-2526
-1016
-3176
2442
6329
3821
-612
2412
-6150
-2582
-8484
-446
6359
-5164
-6879
-7858
-3050
11176
3790
-3053
-2764
-5043
5444
-3421
3162
-2817
-4673
-74
-1345
2393
-8504
433
361
-635
8274
1625
5751
-1839
6119
3749
-6064
5042
-823
-1361
1801
11524
1050
6711
-3951
4677
-2331
1402
-1152
-2250
-5923
87
-12799
-6297
2754
-2318
-3009
6877
-5904
621
1334
-4151
-6958
5122
-3429
3670
4569
-628
-5325
-4592
14683
853
-4272
-1948
-958
1310
-785
-3546
-3454
-2836
-2238
4262
4687
-7867
10427
-621
-737
-11727
8879
3358
5539
-710
4201
1479
10632
-1689
-10265
5481
-5649
-9980
2866
10624
3656
14555
537
-8154
2228
5759
-5008
110
-6300
-6962
-3108
-6254
-1053
5551
7427
-6324
-3917
7954
548
9377
11790
-11039
-8933
-59
-3653
388
6250
-2746
-8281
-2993
-6310
-10882
-6800
-8422
-2527
-15952
5094
-5018
-6084
-3536
2545
-1049
11613
-5259
-1649
-6177
-8450
13556
-1250
-7847
-10405
1485
-2176
5197
-3164
-110
8544
-3031
4642
-1931
-6389
-1019
-2093
227
6211
-74
-2435
4523
-1583
-109
-10178
12469
-4565
-7954
-8787
3949
-11753
-7192
-1444
237
-2671
-2458
7467
13028
-4126
13299
1506
-1888
-1467
242
-7878
-3245
15612
8267
-2230
2895
12508
3273
-8566
-2094
7057
12092
6378
-11366
-3724
-2543
-173
4679
-1725
-6375
-2915
3278
99
-4907
-854
3630
1808
5606
-8732
-806
-302
-1333
2724
7479
-7006
-7691
12863
-7299
-1991
-4392
1873
-13210
246
-7120
5528
6384
1212
-8160
12243
-280
1863
-3348
13176
11208
3016
7062
-1993
-9717
14331
6990
-5632
-5545
3174
-3663
-550
1985
-4515
-1959
-3656
-5650
4046
-3485
1744
4896
-137
-3653
-2620
3484
-1588
608
-2341
-2529
2800
7421
2684
-2036
5414
4035
7386
-1693
3659
910
-2626
4815
-238
-2714
-1209
-3277
-196
-1808
-791
4784
1287
1400
-1687
-3954
-4740
1029
-2493
1798
-5123
-6444
5192
-5261
3666
3064
2520
-2817
1543
1592
-4931
375
7389
7326
-1020
1341
185
-1379
-509
1727
-3282
-3222
-1784
-3
-2126
-286
-2451
-595
-1165
2319
-2965
-835
-1513
-4784
4751
-1599
-1619
1332
-1394
-4923
-5157
-3837
2257
6461
5883
7335
-91
-4449
8722
-5341
5795
-802
-340
-3281
-4988
-954
5890
4696
-4175
6385
2824
-2289
-2859
5015
-4125
732
-5149
-1758
-2633
-6187
-2108
-2801
2277
-2356
8664
7103
-1912
4741
3740
-4067
3212
-3779
3276
2656
4891
6333
-2331
-6036
-1248
-211
2997
-2192
-4149
1184
-2131
-2763
3497
-770
2216
-4869
4495
-3288
2238
1851
-5073
-2425
2981
702
-3314
2693
-6011
-7341
4742
10904
5532
5620
-864
6922
7969
4915
4470
-2426
-342
6891
-2346
1400
-2818
5338
836
-6271
2796
-1453
3093
513
1214
2753
2403
-1301
542
3702
2830
1930
-397
-3732
2993
790
-4401
67
3000
-3664
-9381
-3112
8315
-2128
1206
3574
1391
-2406
-2545
248
-1960
2400
-2460
-474
8445
933
3653
-2932
3969
611
10686
-1877
3239
1016
-857
1642
5970
-3620
-7820
-1520
-4889
-6136
-391
7867
306
4462
-2884
-5424
-2791
703
-3220
-2746
-5135
-5776
3447
-5195
2416
1981
3060
-5620
1221
3981
-2842
2171
8562
2319
-3794
-1087
1223
-444
4194
-3584
-6669
-4212
-2816
-4060
-4028
-3050
71
-5042
1607
1370
-7084
989
-202
-5063
8173
-454
-585
-2447
-5857
2683
-4391
-5030
1695
3828
2230
7850
-4756
-4779
8401
-3494
7059
2563
-2042
-2821
-4125
-233
5233
2492
-5006
7611
92
-535
-7047
10081
-5746
-4125
-9117
1089
-7479
-8864
-2098
-2438
-2892
-2083
9065
9176
-5426
9407
3067
-2886
-3490
-2701
-1781
11
9563
7108
-3282
-3984
4830
585
-280
-3588
923
4128
803
-4074
2691
-3065
-2060
-83
176
-6900
-949
2587
-2126
-2623
1162
-291
-1350
2824
-9068
-5652
5623
7322
5648
4924
-3806
-1130
10665
1710
1740
-3725
-478
391
774
-1771
236
7025
899
-7644
5674
-1635
1843
-998
5239
7261
3388
3169
-3432
-3164
7286
6128
-7612
-3115
2489
-596
-2369
-687
388
-3148
-720
-1477
3625
1232
3427
7519
2914
-4327
-4155
3188
4885
6973
374
1456
725
10434
1788
-2546
3753
4008
1103
-657
4484
4386
1326
4375
1196
-1862
934
-5871
-2610
-2673
-1342
1879
2566
-3497
-4858
-3309
-3662
-1328
-2295
1312
1942
-506
6016
2028
8386
2615
-1616
-1100
3458
367
-2793
-5568
556
9729
4586
1942
4572
-336
-3400
26
1015
-2718
5035
4056
-4039
6112
2002
4169
4566
6729
2730
2334
-72
-623
-4545
6772
3125
113
4732
-4987
-5717
5093
8655
-891
1968
2470
-3003
-3015
-1875
-736
3520
3989
5536
-3851
1320
-6331
513
-765
-3563
4688
8756
5776
-3553
-763
-2909
518
-7493
-3923
2463
-8065
267
6468
5999
-312
644
-850
-1639
6578
730
-1986
-1855
-155
4577
2839
1795
2301
-3247
-4244
-6081
-322
6583
-3016
-3245
-5655
-2641
9037
4987
-3308
-2924
-5333
9362
-3085
507
-4781
-1309
-2324
902
1768
-6418
2138
-1654
1010
8499
3205
8833
192
7115
2811
-4359
3045
-2080
-4925
4452
9030
-1724
7116
-2264
6350
-531
583
-1946
-3730
-3436
-1161
-6058
-3913
1300
-648
-3317
2858
-3369
-261
-269
-2287
-6527
3123
-5298
4247
2884
-3568
-5113
-392
-4911
4122
2575
9260
3074
-4295
-4169
3324
3292
8149
3381
-635
4961
6966
-2517
-2728
1362
8874
4659
-3933
77
5169
-1922
1467
-4805
-2393
1270
-5278
-1543
100
-4807
-460
944
-7422
-2502
-859
-1540
-2420
2416
-1732
516
1203
1627
2395
6459
-3537
-1965
166
5790
-1731
-1762
-7113
-4153
8985
6727
-750
6865
2953
-2961
-3565
1473
-2643
3206
8713
-245
6362
1662
8945
1430
6538
-3730
1512
-1225
-2638
-8648
4723
2502
3836
2278
-5394
-7578
4004
12661
-3314
626
1883
-1649
-5993
-5596
-610
1176
8906
5247
-2086
-841
-3257
-3280
1417
-3452
6513
2225
1022
871
479
-3286
1590
-3945
-2016
1850
-3127
1945
3668
1188
-796
761
-3999
-283
2083
1324
-3214
643
-3842
7435
2916
-4315
68
-1140
-1251
-5094
-1468
13946
-2980
-3714
-5225
-2108
5148
5372
-4955
-6697
-6634
2797
-387
2051
-5658
-2494
-1840
1575
-2515
-5364
-2360
-3109
918
8912
5679
3913
-2616
4141
3340
-6748
5226
-798
-1332
937
13315
-2839
5783
-3966
3453
-1487
709
-2107
-1981
-3162
-1013
-8526
-3964
514
-4162
1443
5217
-6478
-3393
-559
411
-5673
2030
-6346
994
1322
1152
-3681
-4021
13275
2812
-4316
2138
-1613
-2038
-1294
-111
-1884
65
-663
4526
4528
-3710
11164
247
1475
-6006
7078
4684
8485
-104
-251
2295
3956
-1763
-9342
4694
-2508
-5179
43
6785
5263
10074
447
-6293
-748
4377
-6135
1917
-5670
-7075
-4337
-3962
2597
5381
9394
-4363
50
5034
-1118
6535
9434
-11854
-1787
-548
-1747
1812
2590
-133
-5371
-1674
-5508
-7515
-5528
-6097
-6214
-10056
3505
-3714
-3634
-3678
1740
-2840
8137
-4028
-3774
-868
-6630
10099
-2255
-3271
-8528
-1089
-2735
3184
-2355
-185
5851
-3404
3758
-4
-2505
-698
-1162
-2721
5870
927
-2277
7119
-101
-1362
-6947
8806
-4302
-7442
-6753
1891
-6672
-7767
-1253
56
-1287
-2580
8761
8194
-1933
12383
910
-4529
2518
-1230
-2597
-1241
13007
10334
-3374
2430
6416
5557
-4816
-1922
1215
7580
4160
-9632
-4195
-3453
1652
1166
-1578
-5353
2262
754
-2600
-3737
495
3475
-2463
4995
-7586
-3222
1811
-3
2800
3940
-5000
-1536
7995
-3359
-3075
-3781
1150
-5048
-1653
-2345
2626
6093
814
-8000
14210
-2036
136
-2336
3552
8176
4354
4436
-845
-3051
10599
2915
-788
-6604
336
-3421
-2511
2499
-1192
-2072
-1789
-6809
9685
-5207
-1997
599
-1675
1889
5
-1283
-3814
-2405
-3779
-2371
725
-1819
7663
-4967
3426
-4384
8863
1370
2970
-1449
6016
3147
10126
-3109
-7512
3096
-3943
-4918
3433
8284
69
6862
548
-2989
-1174
6718
-2278
1605
-5591
-6413
230
-8420
-3311
7221
8115
-4688
-6468
5316
2046
8859
13023
-8527
-7673
538
-6028
-3388
2475
305
-7151
-2214
-4426
-8629
-4133
-8259
-882
-8757
3215
-2462
-379
328
1233
-2531
12795
-4714
-748
-6016
-5662
8621
-810
-6848
-6895
4722
4657
8703
-161
72
11954
-3084
8120
-8422
-7710
-2960
-4143
756
7511
138
-2363
-480
2647
2395
-10108
5783
-6149
-2418
-7021
207
-3163
-5315
-4063
-1882
-460
-3448
8207
11882
-5234
7165
1708
-2310
-1170
178
-5520
-1753
10331
7653
-1690
-6452
4063
3806
-7897
-1448
1680
11080
4653
-8000
-3391
666
476
3580
2908
-7301
-4539
7333
365
-3465
-444
5481
1953
1304
-6550
-5240
163
5503
5482
7633
-4635
-2640
19116
-1401
3465
-4328
1893
-5575
2499
-7353
2207
6308
2403
-7325
8772
840
5541
-1097
11002
8187
2412
9066
-1373
-4882
10680
9542
-6643
-6103
6575
1361
145
-887
-1619
799
-54
1472
4963
1261
3720
6375
1802
-2261
-1167
3960
3536
8144
-2196
2143
2016
6807
2584
-1542
5970
5943
67
1722
7861
890
-3162
3237
-1467
-672
-2102
-2961
242
2833
-4793
-2156
5591
-1123
-6416
-392
-5417
-2427
-5014
4762
-415
-2080
3528
-80
5136
5149
4119
-281
4441
170
-1875
-2236
1543
2758
8358
988
7729
1843
-5202
1248
2180
-959
4762
2286
-2092
1913
-3707
3479
2958
4098
4294
170
-655
-2512
44
3533
-2042
3310
5013
-3686
-2469
3328
3954
-759
3927
2520
-764
-1295
-2176
494
1350
2565
4935
-1949
1446
-7964
3028
-1074
-1951
6437
3030
198
959
876
839
-1298
-5503
-2712
3921
-9283
-210
2567
2164
-1713
6671
-686
1020
2923
-1659
-3111
1569
747
7106
2354
4460
6746
-5393
-2773
-7846
3284
2121
-4232
-6791
-5142
-853
4660
268
-803
649
-4165
3307
-4637
6008
-2124
-4617
-1049
158
3509
-10396
3517
-799
-5071
6953
1197
4173
-32
3736
4677
-2907
3251
-1314
-1891
589
7816
-18
5165
-2824
5362
-2391
-2340
3131
-4440
-3388
-572
-10042
-2430
5160
-2278
-2275
6778
-994
-684
2209
-4524
-4518
1861
-3004
4360
4898
-1008
-426
-1664
2369
3143
83
5878
10
-826
-3678
3877
3514
4242
-1662
863
3838
5306
2682
732
5365
5990
1855
-699
5275
-577
-5082
4003
-2889
-685
-2598
-2056
702
2175
-4096
-933
3854
-1895
-3786
-776
-4066
1496
-5016
4270
-2129
-1408
-513
826
1765
2273
5873
918
3485
-1816
-3274
-239
2171
1068
6181
-1680
5918
-304
-3507
693
1602
-1337
642
2719
-1897
303
-1970
3634
-50
4009
2768
1267
357
-1362
-612
2922
-4760
3815
1434
-3371
-3214
33
1501
-50
2816
3693
-89
-3075
-642
133
1463
2501
3334
-2612
-1372
-4652
871
1793
-2162
5706
448
-3466
664
1288
-2448
24
-1053
-3348
726
-6307
-281
462
688
-10
4116
3296
795
2221
800
-4402
4008
-2199
6646
4138
612
7168
-5621
-1022
-4968
1201
3993
-4631
-5475
-952
-3060
1183
1470
-3656
-145
-6307
449
-487
3466
839
-8604
-924
79
1701
-8892
1461
-1697
-5956
5399
5540
1145
340
1471
4602
413
3279
1254
795
-1113
8422
-761
2606
-4878
2992
-1647
-1609
5070
-1189
-2951
-642
-6863
-586
1187
-3357
1169
3989
-2135
-1382
2635
-2600
-1415
-101
-2577
-247
4083
-594
-4456
-4071
2660
8472
-8858
8532
827
-6729
-6161
5264
-238
8286
4284
3320
11760
-5258
10516
-2549
-3173
7365
7669
26
10359
2585
-3766
2779
-7905
-3587
-9063
2823
-2362
-240
-3652
3424
3306
-4680
712
-891
-1127
2786
-68
-3715
-6397
-5869
-9798
6273
6573
-1343
8873
-3594
4665
2745
-2367
2446
-611
-8986
8864
-3153
-478
4206
-2751
-4313
-5915
-1550
-6314
1861
-83
862
-4165
5215
4047
5427
-5047
1073
1241
-2517
-7907
-1527
-2380
5341
-6092
4309
-5999
1201
-1845
-8472
-6096
-1065
-5553
-2999
-5330
-2457
577
8156
3048
-1831
-3337
-3800
-1553
2474
-5161
11246
158
118
-2673
2109
-5773
-9784
-4909
2568
-2529
-7962
3052
2822
-747
-544
2972
-1610
-111
13196
3562
-6543
72
-6230
5088
4354
1520
7232
-2101
8040
1458
8533
12596
-4432
-2131
1783
1011
-7835
-487
-8323
-6296
-3562
184
-2179
4206
-2979
-8779
-4024
1601
-53
-3945
-3543
-3937
915
7648
-1737
2828
-5619
-2629
2973
-4647
1045
-4267
-624
4217
13336
-5804
-1850
-2555
4631
-5452
-3606
17156
2888
-789
-2614
-8413
-130
-251
3622
1027
2863
1944
-2095
2422
-4497
-3788
778
-8344
619
-4549
-4708
-3549
-5894
3559
-5438
4569
1174
1667
-5648
-825
350
-1730
692
1093
-2788
436
10101
1507
-1498
4530
1966
7962
-887
-1766
2646
-1451
-212
4988
-5625
-832
249
-1712
-4454
3536
8481
-1118
144
-1430
-2716
-5269
306
-1375
-3816
-3818
-4508
7153
-6351
5309
586
-1789
-2364
1303
1426
-2073
-813
6195
5861
-3462
3872
-2410
-5133
4792
2425
-5460
-1086
-2708
-4280
-4477
3011
1092
-2793
-1893
-677
-5453
-115
-1687
-3524
4316
-588
2079
-4334
-4622
-1215
-5234
-3888
4268
5043
4910
4393
-3844
-5122
7819
-5275
10198
-1601
-197
-2360
-3651
1274
8345
5305
-2795
2087
5602
2971
-7517
3744
-6994
-1311
-7460
-2387
-4362
-2415
-2127
-5191
86
-1367
6791
4244
-4090
4443
4689
-1325
-1934
-765
-2914
2571
5792
4287
-3066
-9062
568
-1947
-1832
-925
645
-509
-2190
797
4292
591
3080
-2629
7268
-3321
-228
1441
2395
-646
4486
509
46
4679
-4012
-3057
2487
10803
9461
3008
-1784
5150
7931
8301
3764
-4688
701
4593
-534
3392
2821
5129
186
-5888
-2726
-2157
5521
2316
4466
5049
5700
1426
-1151
1716
3547
4973
-2435
-2622
2141
1667
-1364
-1520
4990
-782
-2373
785
8123
3724
3974
6648
1189
-110
-3491
732
5051
4687
-500
3797
-1470
6861
-240
-919
6636
-2070
-1891
-509
5196
2552
1198
1845
7364
1165
-1063
-4419
-2459
-1530
-1059
3697
5681
4896
-7789
-3045
-3508
-1041
-5035
2491
1278
-1348
5347
-1381
6233
5886
-630
-2413
1725
4054
-1420
-3664
2242
8841
2097
5299
6727
47
407
-189
2107
-619
4883
3728
-8556
1446
3440
-3574
6765
3054
2851
194
-1189
-214
-693
5091
2027
-2139
7845
-823
-2387
905
5464
405
3413
5018
-1595
-4023
-2848
-1279
3038
2268
831
-3224
3839
-5708
4680
-698
-2372
5031
3758
4027
-1016
5038
276
-2096
-6705
-3370
-5059
-6965
754
7094
4120
277
3937
1933
-1047
4874
238
-1893
-1178
2749
1264
227
8921
3249
-6767
-4499
-2503
220
-656
-3685
-2849
-1862
-3993
8072
2835
-2920
-145
-5705
6995
-2612
317
-2405
1476
-5804
1148
-407
-9039
6385
-2357
-1188
5871
-736
6403
4440
5884
-2111
-3448
-84
-1028
-4487
2400
-2275
2257
6198
-576
8104
-357
-2873
-702
-6325
-953
-3664
-830
-2110
3888
-3878
-3610
32
728
2153
-4394
-1089
-6691
-2454
-2378
6993
2241
865
-2185
4447
2211
1306
8485
6372
-1425
-1511
5141
2895
5411
8095
2365
672
-1478
12924
-5209
-1423
6079
5894
-2586
-1562
1502
2268
-2027
-3778
1282
-1051
3734
-3697
3140
6878
-4278
-4167
8533
862
-6027
-1230
-4414
-4788
556
3707
1124
1896
8154
-3903
3334
3959
905
1902
5268
-1119
469
-8832
-2440
2388
7804
2144
8673
982
-32
2391
8890
1433
11567
4690
-6329
2054
-2104
1281
2622
-2728
3607
-3157
-2021
-2040
1397
3894
2401
553
7367
-2783
-2746
6615
10359
-2453
7907
1686
-638
-3572
-2909
1148
3349
4846
1766
2691
6141
-4036
-700
-991
312
2366
3501
2984
-245
3675
895
5717
651
-6308
7487
-2459
908
4803
1879
-4988
5799
-3364
2530
-1715
-4524
-2726
5408
235
3495
-799
6144
4375
-5849
-8847
-10299
1193
-261
-344
-6002
-8591
-1368
10161
-1046
2013
-375
-3381
1477
-1950
3964
-5358
5468
-1831
4870
1411
-8784
4238
59
-4516
4911
2414
5211
-756
5615
3324
-3183
6348
-1148
-6411
594
1297
3314
7080
-517
8044
527
1330
-8306
-8286
1221
814
-8265
1090
10759
-2676
859
9345
-3697
-1775
2105
-1253
-6478
1657
1090
5058
8348
403
-5070
3201
9555
5356
2852
4274
1860
-2419
-1821
1590
3204
6239
-542
6859
5689
4150
2815
2041
1758
-1772
3746
694
6191
2510
-3053
-755
2268
-931
-4795
-1859
-1994
-2821
-3293
2293
7691
5287
-5095
-4786
-2507
-2324
-4610
1154
11
-1961
2993
-1769
7136
2107
1161
-2494
5196
3067
-3870
-3713
2345
644
3883
1283
8195
4092
788
-2840
263
-2370
2843
-1418
-5382
-14
-4093
-4432
2725
402
-2970
-3237
-188
-1747
1172
2920
-1031
1573
970
-34
-3154
1349
3155
-1445
-972
597
-3989
-1732
-521
-1792
1104
9026
3716
240
3715
-4510
2259
663
-2222
8786
-456
-1478
-3275
6854
-265
-4758
-7051
-1305
-3456
-7168
1350
1843
-459
-1374
7695
2149
-1504
7618
-1099
-3052
235
-743
3453
591
8931
6630
-4641
1561
748
838
769
-3027
164
-3365
-495
1758
488
-4723
-908
-3477
-354
-4761
4778
-3752
-2512
-3178
2741
254
-7713
6969
-3279
-2872
6316
-1470
2920
1128
-346
-1166
-4216
-526
-3885
-3283
140
-1068
-2191
3879
1015
6290
-865
-4668
3558
-4892
-3112
-2084
-4921
3463
6767
-2593
-2266
2104
2580
-615
-282
-2537
-5172
-1735
-2796
4442
3222
-641
-7249
-2610
9878
2985
1157
6025
213
-3648
-5303
2756
1700
4154
-1273
3450
6904
4093
4670
-256
3776
-1124
6820
-2526
6460
2373
-3234
4019
4316
-1791
-5685
-3883
-4570
-6852
-3512
6806
3232
5199
-4181
-6563
-4070
1227
-5212
-619
-2172
-4249
2099
-1983
7714
2048
-157
-5373
3472
4507
-5017
-1830
6770
7423
-297
1322
5512
2388
618
-2868
-3166
-5214
-1668
352
-5898
1751
-847
-3628
2325
4395
-5361
-731
-911
-4042
1157
2408
-1322
1184
211
-2131
-4891
-1588
4326
1833
869
5975
-2830
-5444
3857
-3771
4635
6307
1828
-3541
-1118
-3853
2158
2589
-4640
11507
1299
-428
-3224
9540
-3643
-4344
-9083
-1148
-7786
-9292
772
1457
2065
-829
8571
6773
-4094
9642
3036
-4006
-432
-3724
3090
1161
8875
6285
-4801
-2295
3794
-2206
3241
-3353
-1558
332
-3032
-650
5833
-7586
-3090
-6453
3428
-4388
2222
-2203
-3611
-5119
2687
-1973
-5592
4821
-7151
-3301
8875
5315
5063
6113
679
344
1277
-3
-446
-2978
-202
922
-2217
2542
-1548
7539
-332
-6917
5118
-4065
-1921
-2762
-1310
4144
2695
-2559
-2088
-843
3380
2085
-3878
-1980
-3218
-1678
-7061
2316
359
-2462
1946
-4782
9196
989
-1961
3363
-13
1378
-3113
-673
2879
-30
-2329
2048
-1519
1599
5907
606
6489
-1767
895
3902
5826
-1597
1371
4045
5198
-882
-5096
3097
-683
-1409
2289
4986
3363
3920
-3112
-2184
-2569
5649
-7683
5698
-2801
-3965
-1614
-492
-290
8053
9588
-1323
-2646
2927
-1205
6591
7730
-6266
-541
1621
-1168
-4692
1439
3069
-1982
535
-2884
-4349
-6937
-4453
158
-5043
4932
1408
4724
2324
2243
1593
6579
1235
-3794
-3735
-1344
6949
-362
-2670
-7139
763
1410
4714
-757
-771
2327
-917
5211
-5838
-1646
-3963
-22
-3740
7202
162
-2047
346
4352
550
-5285
1001
-4551
-3422
-3442
-3178
-3460
-6321
-3250
3026
1869
611
3452
7752
-1063
7501
1015
-3278
1084
1865
-1564
2147
7019
8809
-6896
-2548
-1252
5077
-5469
-4016
-1778
6375
-941
-1557
-2852
-1640
3813
-1905
4037
-2267
-2296
3431
-4754
-2811
-1813
4489
-5411
3673
-3480
-3444
781
1889
3708
2521
367
-263
7845
395
-34
-1509
2235
-1579
3335
-103
255
4271
1083
-3508
8831
-1129
183
-2203
3658
1443
549
3472
-1673
-3452
5357
4906
-1338
-4610
-518
-2401
552
1381
2429
-1632
-257
-2060
8697
337
2384
5979
1523
356
-5515
979
4500
5525
-3652
2946
-1016
6020
1790
-2438
7292
39
-460
1304
7681
1026
723
5017
5489
-410
-2202
-3741
-2469
-2046
-794
3283
3074
1318
-7523
-2090
-5447
1904
-6713
4734
77
-2434
3972
994
5674
6648
3065
-3357
-438
3149
-2733
1219
4816
6471
1540
3401
4015
-1409
-2169
465
-609
-1653
1474
1271
-6798
481
1608
-878
6214
7277
4467
4033
-426
20
489
4801
-727
-2072
5658
-1737
-2785
646
2463
1648
2871
5401
-1122
-3087
-470
-1247
4472
-818
2342
-6119
1705
-7236
5659
-307
-2839
3565
6344
2584
-2128
214
-2181
-3664
-7832
-3603
-2336
-8055
-2107
5947
5066
1251
4399
4913
-1825
7413
1448
-2574
-2608
1682
3096
2727
6071
4708
-7175
-3746
-4123
2450
-319
-4640
-3973
-691
-3449
5272
2269
-3518
835
-5246
8137
-4063
-487
-637
-4326
-5063
-722
1744
-8593
5119
-1939
-2325
6302
1229
6396
3622
4755
740
37
1128
31
-1102
2953
2697
2065
3026
-1991
6612
95
-2295
3247
-3507
-1462
-2686
-3017
-3188
856
-378
-4182
-233
781
4348
-3164
-3734
-4543
830
-3847
4681
2723
902
5492
-3256
2682
-2522
339
-610
-3216
5055
1044
30
4950
2628
-5132
-1027
-7801
2013
1054
-3743
7465
1112
-11306
344
3593
-2221
1035
7410
3710
2710
5546
-4137
3377
6065
-974
-2611
-463
259
-5500
-601
-1840
1689
-3181
11284
2319
3782
9
5987
-3338
7005
2495
1560
-3881
-583
624
3179
-852
6596
-233
501
467
-4050
-4376
4860
5820
1009
5372
5828
-4972
1444
5519
2172
5463
4399
10550
4967
-1355
2647
-4050
4495
-1411
-1644
9997
-3875
-43
2375
903
1030
6923
2293
2596
-3871
-2763
3524
1010
-7946
196
-4966
1487
-7681
-2667
-4749
4211
-3312
6267
2984
5884
-4977
3034
1968
1423
-3702
3001
-4978
-378
8235
7892
1062
-4716
1344
5373
184
-1760
1711
-231
1015
163
1470
1596
-856
-8466
-3848
-7567
-242
-3427
-2160
-4976
-2967
-8121
8089
330
588
859
-4003
8207
4577
-5914
146
-1717
-1683
-2399
3899
-5932
420
2165
1303
-115
-1381
4502
3563
11769
2497
-1283
-2761
1579
2584
3415
-277
4798
-537
-6194
3055
283
4471
-4366
-2363
709
-1312
-3867
-7777
-3697
-655
-2614
-894
-4500
2234
2372
-1619
-4078
3075
128
5959
-222
-2764
2762
6502
-2343
-4636
5550
6929
7243
-2889
1366
5925
2372
7694
-83
-2742
-6350
12570
-4209
-4226
6892
10071
-4084
4448
719
3738
-679
-2334
-1083
-986
4621
-10882
2386
4960
-2525
-9576
4129
-9839
-6346
1716
-2389
-8356
-1908
506
6546
3049
10369
3723
1716
1903
-918
6504
3785
-3418
1124
-9434
-7199
7816
11324
1040
7482
-295
-5518
-272
8795
4193
13056
3584
2114
2893
2065
7615
1933
942
12399
4271
-525
-898
-1664
6198
905
-1904
6867
-7993
-790
13382
9620
-3003
6521
-225
-5284
1711
-2857
3650
-938
1143
5646
-253
2757
-6372
133
-7321
591
-2100
7597
6862
-1715
-7275
532
3697
-1275
-3719
15700
-5697
1132
4857
721
1229
-4134
-8019
754
-1287
-9411
2561
-4608
6507
4607
2220
-3582
-250
-2740
-6038
-13111
-122
4227
-1384
-9674
-13197
-948
18449
1111
2291
-877
694
5354
-3616
5373
-2762
-1790
5681
-1147
4268
-5353
-2502
3231
-947
5755
-312
5588
-5334
6044
3996
-5215
6859
-1605
-5238
3845
10956
3708
10852
-4554
2540
2149
5520
-7193
-2029
-4884
3626
-13913
-9713
3286
1108
-3664
11545
-7995
-522
4213
-3303
-6355
7137
3225
3377
7548
-628
-5325
-4592
14683
853
-4272
-1948
-958
1310
-785
-3546
-3454
-2836
-2238
4262
4687
-7867
10427
-621
-737
-11727
8879
3358
5539
-710
4201
1479
10632
-1689
-10265
5481
-5649
-9980
2866
10624
3656
14555
537
-8154
2228
5759
-5008
110
-6300
-6962
-3108
-6254
-1053
5551
7427
-6324
-3917
7954
548
9377
11790
-11039
-8933
-59
-3653
388
6250
-2746
-8281
-2993
-6310
-10882
-6800
-8422
-2527
-15952
5094
-5018
-6084
-3536
2545
-1049
11613
-5259
-1649
-6177
-8450
13556
-1250
-7847
-10405
1485
-2176
5197
-3164
-110
8544
-3031
4642
-1931
-6389
-1019
-2093
227
6211
-74
-2435
4523
-1583
-109
-10178
12469
-4565
-7954
-8787
3949
-11753
-7192
-1444
237
-2671
-2458
7467
13028
-4126
13299
1506
-1888
-1467
242
-7878
-3245
15612
8267
-2230
2895
12508
3273
-8566
-2094
7057
12092
6378
-11366
-3724
-2543
-173
4679
-1725
-6375
-2915
3278
99
-4907
-854
3630
1808
5606
-8732
-806
-302
-1333
2724
7479
-7006
-7691
12863
-7299
-1991
-4392
1873
-13210
246
-7120
5528
6384
1212
-8160
12243
-280
1863
-3348
13176
11208
3016
7062
-1993
-9717
14331
6990
-5632
-5545
3174
-3663
-550
1985
-4515
