1005
1066
-259
1172
2019
1328
1222
1266
373
816
2012
1090
657
1535
558
1746
-1529
-307
-94
1278
1885
172
1446
-219
2172
-1728
-827
827
-1014
-178
-895
999
-334
103
1525
523
3252
2123
853
1696
1578
1505
1779
-724
2313
1002
443
889
833
1201
995
-1348
2304
313
-586
1938
1668
-3703
-260
1042
1208
1266
1709
2712
-486
-834
1336
1398
441
1175
1141
294
-633
-87
-1770
-88
-196
-36
402
1398
617
1013
228
994
1610
1265
-123
1246
480
-25
1675
561
-169
835
1036
-672
-853
-372
1266
-322
-435
-906
1184
1029
-2103
-119
957
1486
1896
1205
96
1024
792
157
449
374
48
1913
250
1119
-1383
2018
1475
-405
1117
1178
245
-455
-848
-843
1442
-268
-2651
1264
2615
909
1327
642
239
1171
1748
2256
-1799
-2227
-330
3085
862
1974
1318
1360
121
316
-60
1438
-1982
3038
426
-64
1465
273
-2961
786
1758
1858
599
-198
2141
-154
1256
-9
802
1263
-22
75
882
1188
1177
1381
843
1343
1206
1114
2664
-366
2369
2090
1657
-389
-506
1419
2057
1429
1089
-1017
1822
1014
740
-114
-1065
238
805
-1722
1666
355
223
1015
949
951
549
236
213
234
512
791
566
-2254
34
-424
-3685
405
-231
-1305
75
-607
1412
839
-587
49
-367
313
-382
-740
-966
-176
692
-207
-230
1057
2189
-298
966
1586
-594
-335
741
-1113
80
1151
562
2404
-365
1042
-105
737
938
-457
-294
-777
432
2490
470
-627
-714
1139
-191
-503
1727
-279
1250
1050
-1161
-358
1969
-1044
1206
-1354
1427
233
1206
-313
369
999
-1517
748
833
14
1422
2445
