16330
-6579
-5107
8354
9496
-6911
-24736
-7997
16848
-6219
1132
-5807
2814
-7878
4512
547
-3048
29432
-859
-8929
-12328
1845
3364
4241
12267
11743
8436
2826
6639
8082
7269
7132
-6639
-5306
4458
-397
-3768
3835
3745
9989
20131
-5327
-8800
19712
3578
10710
1778
-6683
3066
-8402
13364
-641
12753
-3728
-7519
-9693
7404
-4721
-13850
3438
5017
-1967
-4524
-641
-5802
-8125
-8193
13917
-1595
-1267
4093
-6683
1380
-2348
6956
9998
-9290
-27900
-3386
-1485
-20114
-17159
16168
-18712
13543
-10596
-2549
-15706
-20206
-6319
1626
11260
-15458
10702
-7727
2444
7225
22054
5596
2446
11796
18737
1646
12712
6150
7805
13776
6020
9269
7994
-7109
-44236
7162
-3764
174
-4477
18847
1228
7331
16821
-331
-17011
1222
12290
-10258
-1343
2014
-4964
39457
33285
-8020
1789
-5341
-35722
8516
3343
6222
-15894
4513
28168
-19674
22242
7305
-14530
12467
-9032
-9694
4510
-7398
-18810
-20521
-3562
-1782
2185
7674
3487
11468
-12040
5479
-9211
-15716
24888
1082
7198
-3704
13607
9710
-2284
19922
23796
14343
10307
-12404
14344
17741
11014
521
-2721
1716
7543
10139
12818
-12953
-22334
10510
-8804
-881
9603
5983
9637
2842
5992
-11419
-14905
12857
5803
3171
-5152
9991
-26524
11172
12146
-9
1738
-4196
-18337
25986
-8719
-4024
-21569
7526
29593
-11513
25507
9172
-8793
6313
9413
-6412
2974
-172
-5295
-17839
-6089
-2705
-4488
4244
-3033
12313
-8154
12583
-20051
-18576
-6882
9379
10084
63
-2575
4106
-9263
1379
-621
10189
7804
7329
6309
-6189
8793
-10739
-928
3286
15528
6886
8070
-9920
-16866
-1081
-4630
-6330
-2775
5401
5537
8512
-12194
6441
436
7064
2196
10774
-962
-1685
-8785
-262
-5468
-6128
-171
2871
3386
8091
-4030
5691
-7036
8994
11198
-8917
6961
-1111
-1922
5670
-1889
819
7299
-15999
-16370
-9132
-1061
-10530
-22485
-3872
-21805
526
-10831
10563
-15672
-11529
1171
-8006
-4287
-7601
8797
-11440
11564
17579
21248
12845
-1715
-8025
24740
-6310
27623
3348
7590
22550
8699
7899
8988
6687
-40819
21806
-14974
-13486
1909
9184
10211
6539
9695
5402
-11173
1373
9967
-13642
-2290
-5948
-4411
33942
26192
-18760
-2352
-1946
-12209
9359
3459
12830
-8455
14502
23743
-22668
11953
-3505
-3890
15393
9243
11519
16606
8724
-23812
-23429
-7818
-1990
2408
13001
-4664
14893
-11578
8968
1876
-16977
13167
-2647
2739
-7281
-12443
-5028
-7969
7460
2683
10199
7513
19825
10910
-13941
16310
-10880
-5244
1533
-1904
9100
5044
-5329
-5116
-2571
-15202
-4079
12537
15662
-3338
8031
-23756
2663
-12407
9828
12833
15625
-2118
-10124
-17911
10311
-3597
-7930
16164
4930
1555
-4482
1036
-2254
-7156
18988
19446
-21738
-2695
13874
-5700
1966
9199
-12637
-96
-1891
3205
-6482
-1467
-1353
8084
-2238
2240
-6198
-6262
15975
-13554
-11062
-13712
-4416
1872
368
5898
3203
-5332
-4881
-5660
16134
3500
-1770
3720
202
10981
-15221
5171
5184
13064
4131
-4675
-16655
-10711
-299
141
-5433
-2305
12418
948
4801
-10879
4887
6688
9654
-12670
7987
-7062
-9996
-15717
-2683
-14472
-10177
-3271
-9945
2645
6811
-9615
4960
-7805
-820
-5048
5201
-7961
-19078
-2105
1762
2995
-4465
-1281
-16923
-7225
11148
4610
-22187
-4422
-16959
-1518
-2205
-1344
7536
-19689
5602
-10655
-2011
9344
11711
14328
4422
5721
-12378
-10184
2486
2685
-4928
9772
138
4921
3758
6666
-61
7622
-6433
17732
-4396
-21950
3316
3275
6550
-12126
7953
9356
7817
7559
9046
6861
-6988
10263
-16468
-7391
-6939
-3194
2008
12440
-4488
-17410
-6186
1808
15974
-9367
16647
1355
7507
17958
-28643
26912
11279
4805
5975
6530
4897
1906
-2556
-3765
-6512
-1153
6915
1326
-2016
-883
5209
-10312
6622
-4117
-11935
-13859
3834
7960
-2839
7019
-7780
1134
-2738
-1238
8656
5404
6482
7093
1759
9771
-7124
2383
2696
-2184
7405
1507
-14296
-21077
4516
4342
1750
-3662
10502
-2482
9036
-7251
9560
-2181
5968
4107
-5563
452
-12614
-9530
9717
-2637
-4857
-3800
-928
-5941
8694
-5730
6786
-13359
6085
8039
-12104
8157
-2488
-5922
14248
4483
-14087
10179
-23444
-2179
-11622
-4411
-7880
3980
-6806
-5940
4431
-2594
14785
-12056
-4868
-176
-2397
8532
13193
11309
-15349
-7022
11296
-832
12831
-869
211
9733
-9093
8708
810
5768
8577
-517
4301
5269
-6005
-15775
194
-10517
-10264
-1970
14128
5034
7857
-2371
6017
-4287
6073
-336
-5174
-151
613
-26214
-491
4062
3929
2129
-4212
-923
9910
-4131
14676
-2121
19057
18416
-6428
11379
-9320
-13966
14683
18445
-10918
10877
-10114
-13235
-15524
1838
-19749
5093
-3910
-14822
-7269
-1030
31655
-21650
-21877
-13538
-4456
7938
10506
664
-3003
-14779
6937
-11005
33584
8334
7543
26176
-37417
40302
-26102
7104
10029
33113
8531
11052
-2529
-38192
554
-17909
-6166
-10093
21801
6842
12895
-32533
35708
4811
2728
-4323
4799
-18321
-34751
-21343
6176
-6657
-24407
-7089
2948
4744
278
-582
40271
3219
22453
-9390
-30548
7818
-18798
11055
8070
4114
-11930
-727
2572
-17245
-15578
2468
5359
5507
12996
7067
4761
-9500
3464
-10650
-28318
-1278
5171
17552
-5591
-5023
4305
-10985
13481
-5943
13133
10237
4251
14651
-12888
23537
-13218
-6238
-8408
14341
7184
-1399
-23337
-17177
-7537
-9980
3821
3677
11969
5493
10742
-9768
9962
-4306
10861
7348
15398
-5699
-7554
-11226
5149
-8070
-2287
-6295
-1243
-6640
5039
9510
8134
-6174
3018
2329
-17847
13834
-4037
4748
7953
-3716
-4435
-1525
-17133
-14330
-6126
7458
-12082
-11184
-6692
-2993
8138
-6715
-3625
-15522
-8184
4236
7784
17209
8630
13676
-1064
-2897
11278
9059
3366
3558
-6882
15383
-5249
12928
8128
2508
4250
3915
6256
11149
-720
-32989
9352
-5833
-1938
3897
6170
8125
11704
11272
3191
-7407
1100
18557
-4104
-4069
-1108
-12776
14945
14325
63
-8235
-2012
-4343
21486
3723
3373
-7699
15020
14870
-20470
26716
6747
-6558
5637
1922
10008
6836
-17215
-25442
-9075
-4099
-11555
-21828
5507
-21478
19775
-11758
2710
-14065
-16530
-2727
-488
8363
-6644
18689
-14042
3734
6630
25237
14958
4379
9721
23645
5937
26249
-1991
6351
31328
9416
19819
13078
-5276
-58136
23891
-6740
-4848
-10822
19102
7697
16560
16002
1269
-13020
-5713
18679
-11505
778
-3752
-8463
38904
18310
-13074
1441
-4690
-27879
13842
-121
5265
-19471
12848
27059
-22650
18422
7696
-14813
22930
2895
-2892
11486
-13307
4350
-26601
-4693
382
-15403
-10201
-31742
-33531
-1249
46019
-21551
-10442
-6669
-16501
-17767
9481
6202
-7004
8053
11219
-380
43874
-15567
240
27288
-16804
45379
-29621
10648
35788
32051
-1297
2942
13812
-26562
29542
-22008
-25705
-1847
21554
11861
15652
-18013
35011
-3916
-13607
-22567
-9570
-18623
-31754
-12006
23116
2201
-43435
-6516
-1048
6499
4047
2479
43695
21
19931
-18922
-9448
-7376
-43622
10087
20032
13957
-15595
4985
-1392
-13949
-3027
-4398
-13246
16167
2574
904
-4124
-8813
21934
-20701
-21523
-16219
525
17665
3585
-2736
605
-23985
5856
-11194
10909
3975
5637
12662
-18420
24057
-23676
-8901
-3609
26158
12087
-3701
-16176
-17378
-5575
2111
5623
-10105
9824
7997
10372
-26185
26270
-538
10902
2379
8198
-14253
-15259
-22911
-1452
-8807
-3603
-16753
-5108
7045
4564
6939
19457
5531
19074
-5283
-15727
8500
2726
9375
11085
7196
-14903
18357
-30055
-1865
-4376
-1988
-15949
20012
-16695
-923
9673
-3036
15964
-22740
-8939
-7463
361
10911
133
19317
-27463
-11256
2476
-5654
8828
5895
-389
19079
-18466
23473
-3274
9518
-2082
-4968
16601
-5657
-6381
-17645
-6481
-11866
-12362
-6611
14241
6554
-2395
-6728
8838
6148
17139
4506
-3951
-11029
8295
-23597
113
7095
13783
-11766
-9951
1309
5326
1044
14947
11135
15228
3111
-8351
8756
-7906
-18204
-3994
-9492
4243
-3528
-23443
-20974
-23484
-11545
-27591
15393
12831
12484
13125
-1711
-2389
-7531
7692
5322
-11249
7891
5948
26556
-7689
2262
-13299
6219
13422
5973
2411
3552
18587
-1742
748
6352
13308
-14957
10229
1947
-15742
-20955
205
10779
-10930
-6617
19127
-11546
6021
-7516
-8535
-14882
1467
-8910
-3014
-14799
15385
-39351
4456
-2782
298
10835
1954
-10947
21213
-21052
-13082
-29809
24337
22035
1153
2083
-6843
-16874
