765
513
1213
418
650
881
638
973
895
794
381
883
1027
693
673
346
592
549
1026
601
468
1273
942
860
448
400
713
1385
499
841
520
654
745
992
759
772
462
751
707
411
482
802
736
969
478
543
708
1140
719
632
835
1005
745
1053
1071
384
424
402
696
1041
649
688
595
414
785
850
830
502
652
566
729
787
914
513
503
986
1225
622
499
1089
1091
919
1016
454
916
695
907
565
371
766
854
853
654
458
1050
703
656
1528
899
1052
987
919
1048
702
528
1009
1542
555
764
464
771
736
836
887
508
1101
1049
964
1809
469
930
753
1121
1268
666
735
537
660
709
650
531
1162
344
934
226
704
1623
429
957
1159
558
545
728
587
858
602
803
936
799
760
1584
475
997
734
461
501
925
375
579
770
493
603
752
459
813
957
353
1077
833
1990
480
425
647
767
962
589
668
854
949
755
611
833
481
1051
470
753
878
1393
765
746
424
531
548
731
752
753
1619
1181
659
630
1136
823
417
1028
493
716
1181
595
433
599
645
941
808
432
1354
373
770
719
476
1009
1020
594
646
869
1174
546
1031
847
822
1267
499
718
769
597
782
788
580
510
442
853
683
805
1387
905
500
750
1138
1215
1164
643
870
771
1090
748
765
1550
1474
685
873
714
1270
970
621
1164
946
859
883
923
798
843
701
884
351
659
1088
765
1029
611
1484
814
1004
727
673
411
1008
458
746
461
