17
0
4
0
37
13
13
3
24
6
14
0
0
0
0
1
0
24
15
20
0
30
0
0
6
0
9
0
0
21
0
0
0
10
0
45
53
37
0
0
0
0
4
8
0
35
10
0
12
0
0
0
0
0
3
0
29
20
2
17
0
0
0
0
24
0
33
0
0
0
1
0
0
0
0
0
0
9
0
27
0
16
13
13
0
0
17
1
0
0
32
0
0
0
10
0
20
0
3
0
3
0
0
0
0
0
12
17
13
0
0
19
0
0
0
0
0
6
4
0
28
64
0
0
0
1
0
0
0
7
0
0
6
0
18
0
0
1
20
0
0
0
0
4
0
37
4
11
0
15
0
18
32
0
0
10
10
24
0
0
0
0
9
3
0
0
0
24
0
0
0
3
0
25
16
7
0
0
0
0
0
0
0
0
12
22
7
19
0
0
0
0
0
0
16
0
0
0
0
8
0
2
0
0
0
5
11
5
0
0
28
29
14
0
18
4
0
0
4
1
10
0
0
0
0
0
3
0
21
0
13
18
7
29
2
0
6
8
0
0
0
0
0
0
2
25
0
6
18
14
0
18
0
0
0
0
0
0
0
0
25
0
0
0
31
3
12
4
4
0
0
6
0
1
6
1
8
18
0
0
0
0
5
0
21
13
13
21
0
24
0
9
0
25
0
3
11
16
6
13
1
0
0
4
11
0
0
0
0
2
9
45
0
8
0
29
0
22
0
18
17
6
25
11
5
0
7
0
0
0
0
36
0
23
0
21
11
0
0
0
0
0
14
0
0
0
21
15
0
0
0
0
10
0
0
0
9
11
0
0
0
13
0
10
0
0
34
29
0
7
25
0
14
0
0
0
1
21
20
0
0
13
9
0
0
0
0
0
30
1
9
0
36
10
14
10
3
0
0
3
0
17
9
8
10
35
0
0
6
0
0
0
20
22
13
26
0
36
0
26
0
36
0
6
9
0
9
18
0
0
0
13
10
0
0
2
0
0
21
54
20
13
0
37
0
35
0
16
38
0
27
8
0
0
5
0
0
0
0
33
5
24
0
31
21
0
0
0
0
0
18
0
0
0
26
14
0
0
0
0
19
0
0
0
6
12
0
1
0
6
2
14
1
0
32
32
0
4
19
0
10
0
0
0
12
51
14
0
0
10
6
0
4
0
0
21
24
19
0
0
22
0
31
4
0
28
0
0
0
0
34
8
0
19
0
0
15
6
33
0
20
22
0
6
0
14
0
11
10
9
0
0
0
13
16
0
0
2
0
0
0
1
0
0
0
22
10
35
9
20
27
43
0
1
0
13
2
0
62
23
4
12
29
0
0
0
0
17
0
31
0
31
13
0
0
21
0
0
7
0
0
0
0
22
0
0
0
0
21
1
0
42
8
7
0
0
0
0
0
11
0
0
0
0
12
0
23
0
35
0
0
16
27
0
19
0
0
2
0
0
0
0
16
0
47
22
12
0
20
6
0
0
0
0
4
0
0
53
16
9
0
30
25
0
0
0
26
0
31
0
14
10
0
5
0
43
0
39
0
0
0
0
0
0
0
27
0
12
0
0
0
0
0
0
0
0
0
0
0
23
0
7
0
6
30
0
0
0
15
5
0
0
0
18
32
11
0
29
0
0
29
29
39
0
0
0
15
5
29
22
0
0
0
0
0
8
0
5
0
0
25
4
0
19
0
0
6
8
0
0
3
20
0
0
0
2
0
6
2
0
0
37
0
6
13
24
0
7
7
0
22
0
21
43
31
0
0
11
0
0
0
0
0
0
0
37
18
24
0
26
0
13
30
0
5
8
24
0
0
0
0
0
14
34
0
34
0
0
0
0
0
0
0
38
23
0
2
0
0
0
0
0
0
0
0
0
7
29
0
0
13
0
24
0
19
0
0
9
0
17
6
20
6
16
0
33
21
0
5
13
41
0
26
0
28
25
30
0
0
0
0
6
0
0
0
0
14
0
5
0
0
23
0
0
18
6
14
15
1
0
21
4
0
0
0
22
0
15
23
14
0
12
2
0
0
0
0
2
0
11
24
4
11
0
20
2
0
9
0
0
1
0
0
23
0
0
2
28
0
1
0
0
0
3
51
0
11
22
0
23
8
4
0
13
0
17
14
0
0
7
0
0
0
4
2
0
0
0
0
1
1
28
0
0
0
32
7
28
25
20
6
7
12
0
6
0
0
9
0
0
8
27
0
21
0
4
10
0
21
0
0
0
19
0
7
10
0
14
0
0
0
0
0
0
0
0
18
11
4
16
0
22
3
5
10
9
32
17
0
12
12
0
0
0
0
9
0
0
14
13
0
6
5
0
0
0
0
0
10
3
8
0
22
0
0
3
0
0
0
0
0
31
0
0
2
30
12
8
1
0
0
11
36
0
8
33
0
24
6
20
0
18
0
22
3
0
0
0
0
0
0
11
8
0
0
0
0
0
8
25
0
0
0
19
0
34
16
8
13
7
4
0
0
0
0
8
0
25
6
8
1
15
0
13
23
0
18
0
3
0
22
0
0
6
5
10
0
0
0
0
0
0
0
0
12
13
0
21
6
10
1
0
1
0
25
9
1
9
8
0
0
14
0
0
0
24
2
5
0
4
26
0
5
8
0
18
36
23
26
0
5
0
0
0
0
41
0
0
0
22
0
19
9
3
0
0
24
2
24
0
8
0
0
1
14
0
0
14
0
19
0
0
0
0
13
1
0
11
0
0
0
0
0
0
0
23
1
19
0
0
23
29
0
5
11
27
7
0
53
7
3
9
5
0
0
6
4
18
0
30
0
0
16
0
0
3
0
0
7
0
12
0
7
1
0
0
0
9
0
0
0
44
0
0
8
0
0
0
0
20
0
0
0
11
30
0
31
0
30
0
0
28
23
0
0
0
0
0
0
0
8
0
0
0
21
13
0
0
14
2
0
0
11
0
0
0
0
5
19
17
0
7
11
2
4
0
7
0
6
0
14
0
0
0
0
34
2
21
0
0
5
0
0
0
0
24
0
13
6
0
3
2
0
0
0
0
0
0
0
12
0
0
6
6
14
0
1
0
5
0
1
0
11
10
5
2
1
19
0
0
19
11
11
0
0
0
14
0
8
27
5
0
0
0
0
0
0
0
0
0
0
7
0
6
0
11
6
10
2
0
5
0
0
0
0
0
0
12
11
0
3
20
0
0
7
17
0
0
28
0
24
0
12
20
34
5
0
3
0
6
0
17
0
0
0
41
15
32
4
0
0
0
37
0
1
10
0
0
0
0
15
0
8
32
0
34
0
0
0
0
0
0
0
42
23
0
8
0
0
0
6
0
0
0
0
0
11
18
0
0
4
0
49
0
33
0
0
18
0
15
0
19
7
7
0
20
17
0
0
9
27
0
27
0
47
18
17
0
19
3
0
13
0
0
0
0
0
0
8
0
0
7
0
0
14
3
7
10
7
0
15
14
0
0
0
23
0
26
33
20
0
10
0
0
0
0
11
0
0
0
32
0
16
2
28
24
20
0
14
0
0
20
0
37
17
14
1
5
0
0
0
0
9
0
6
27
0
6
0
23
0
15
0
31
0
10
0
0
0
21
0
26
0
0
0
0
0
0
0
0
9
38
31
11
0
30
0
32
0
0
22
0
4
0
0
8
8
0
0
6
0
16
0
5
0
47
1
4
0
0
0
0
16
0
2
0
21
0
0
0
0
0
17
9
0
0
29
0
0
6
0
0
0
27
0
0
13
48
0
0
0
9
4
4
0
0
4
60
0
5
0
8
0
0
0
0
0
0
0
0
0
0
8
0
1
0
14
0
0
0
0
7
0
0
9
0
34
0
0
0
0
0
1
0
0
18
0
0
0
25
0
8
0
0
0
0
0
0
20
0
0
0
0
0
9
0
0
0
0
12
0
0
1
3
0
20
0
2
25
0
0
0
0
0
0
0
0
50
11
0
0
14
0
0
29
0
0
0
7
0
3
0
0
30
0
0
0
0
0
0
0
0
0
17
0
0
0
4
0
0
0
0
0
0
1
7
15
0
15
0
0
27
11
0
0
28
0
0
0
0
36
0
3
4
6
42
43
33
0
0
19
1
32
16
4
60
0
14
0
6
39
14
7
37
0
0
20
20
50
0
23
19
2
5
8
8
0
8
21
7
0
0
0
16
22
4
0
0
1
0
0
0
0
0
0
43
11
85
35
0
34
44
9
17
0
30
28
0
90
22
15
23
26
0
0
0
0
40
0
49
0
42
19
0
0
20
0
0
4
0
0
7
0
25
0
0
0
4
38
0
0
92
25
1
6
0
0
0
0
3
0
0
0
15
15
0
28
1
49
0
0
47
33
0
36
0
9
0
0
0
0
0
31
0
25
32
14
0
0
13
5
5
0
0
0
0
0
33
26
12
0
30
14
1
12
0
27
4
27
0
3
0
0
0
6
26
0
25
0
0
0
0
0
0
0
21
9
7
0
0
0
0
0
0
0
0
0
0
2
20
0
0
0
6
32
5
26
1
12
8
0
18
0
6
14
20
0
31
10
0
15
19
25
0
8
0
28
13
25
14
0
0
0
1
0
0
0
8
0
0
16
0
2
4
4
0
8
0
2
2
16
0
12
5
4
0
0
1
0
4
17
0
5
18
29
7
0
0
0
0
0
0
23
0
0
0
15
8
9
0
0
0
0
0
0
30
13
0
0
0
5
0
0
0
9
0
0
0
0
21
0
0
0
14
0
7
0
0
0
0
0
0
0
2
0
0
0
0
0
0
0
1
1
9
0
0
0
0
3
4
0
2
1
0
3
0
0
0
0
0
0
32
12
5
0
10
0
2
15
0
1
0
0
0
16
0
0
15
0
0
0
0
0
0
0
0
7
12
22
0
0
0
0
0
0
0
0
0
1
12
5
0
12
0
0
5
0
0
0
0
2
7
11
10
0
0
0
0
0
2
0
59
9
0
0
22
32
0
4
0
0
0
0
0
22
28
16
36
23
14
28
9
0
3
49
16
0
0
0
53
0
29
0
26
1
0
0
0
10
0
0
21
0
0
0
0
0
8
0
6
0
0
0
0
28
47
0
0
0
0
0
0
8
0
0
0
0
0
21
62
0
15
0
38
0
0
22
0
0
0
17
0
0
0
38
11
0
10
0
0
0
2
0
21
0
40
0
0
0
13
7
0
0
0
0
0
0
0
60
0
9
0
0
8
19
0
34
17
0
0
2
0
31
0
