42
3
13
15
-67
-46
43
40
-31
-24
9
-66
46
-22
-35
-6
42
-68
-32
35
-2
6
76
10
59
0
58
-44
-42
53
7
71
-16
64
17
25
-76
1
61
-66
20
4
-11
-26
50
-41
0
-30
16
-13
17
-37
38
34
56
31
-54
41
63
0
27
-50
23
-40
52
-68
4
-68
-27
-42
-65
-83
38
37
-18
-11
-53
4
56
18
21
24
19
-1
-13
-74
-74
11
-7
16
41
-25
60
-30
-9
0
2
26
28
66
-8
-27
19
24
51
-3
12
-27
-2
58
8
-78
-20
14
-109
36
24
38
-9
-42
24
55
21
75
-13
10
31
-26
-59
17
-3
-13
-18
60
82
1
-28
53
-11
39
127
-21
67
32
2
-63
11
42
-6
30
41
-53
-60
83
-80
49
-4
5
-5
28
-21
69
1
-15
-34
24
35
-71
-32
-11
-102
-18
-30
-10
11
-46
3
-38
-25
-28
-13
15
-69
3
21
9
-55
6
8
-17
-7
-57
-24
-7
-34
-33
-41
-46
30
-59
-24
-42
-82
-17
51
-68
1
24
14
-86
-61
70
17
21
15
-58
-9
-9
41
-45
-31
94
-19
21
-10
-6
-12
-4
-10
-11
-37
-9
-24
-73
-27
23
-88
12
-52
-34
-55
20
106
-69
-48
-17
-49
13
5
-62
-41
-97
-52
-72
77
22
29
-56
-67
-6
-112
-12
-61
-34
-103
35
-39
-80
-90
7
-33
-3
-7
-83
8
54
-77
-23
95
-43
-34
23
-34
47
18
-46
-12
-18
-16
55
-26
83
-15
47
-38
-22
-16
19
24
-71
-70
-13
90
14
-20
-72
-39
56
14
1
127
10
-38
-16
-25
62
-20
11
-67
12
-48
-21
-67
-22
14
-11
-20
-3
28
22
12
-33
-15
-6
-20
16
14
18
-23
-1
15
3
10
51
-25
12
22
55
-55
67
-50
-31
113
43
11
2
-26
-2
58
-64
60
-58
76
-6
-71
47
-83
1
24
-17
63
-26
-1
33
6
-50
-56
2
-36
11
-14
50
-44
10
15
-3
127
33
-13
-13
18
55
-19
43
-8
-24
-32
83
15
-30
-41
58
-69
-35
83
-23
-7
-36
-28
-10
52
29
31
-73
5
-34
-56
-36
-9
-3
-26
-26
1
-77
-3
-26
-31
-114
-58
1
34
-2
35
-20
-33
39
20
44
46
69
-53
16
-34
15
21
-15
45
-45
9
95
82
-54
69
26
88
-18
13
16
36
54
-72
-19
46
16
9
-68
-68
-8
31
2
-26
-105
50
-40
4
-50
6
-27
4
66
27
43
25
-42
8
34
-54
-13
-25
34
-4
-19
119
-27
-77
51
-42
8
25
-43
19
-9
-51
99
-24
48
39
-86
-2
-49
1
-22
-14
-44
5
-36
67
38
34
-25
49
6
-56
-58
33
-6
33
-63
-54
11
-32
56
-20
68
-12
-79
67
48
-14
-66
-30
-11
-28
-49
-21
6
10
-19
18
59
66
-9
11
61
-113
7
110
-55
43
-75
-71
-38
-35
-26
-35
9
85
34
87
89
-9
-56
-52
70
25
1
-30
18
-39
-85
37
-12
30
49
-8
-27
39
74
-21
12
45
-28
-59
42
-34
-60
46
-56
21
-6
-15
-1
10
-12
101
-38
-12
2
-13
4
-22
-18
-4
-1
-51
-3
-80
-39
-18
11
-34
55
7
-8
-3
60
-12
45
-1
3
-49
-57
66
-8
11
-72
-15
90
33
57
-34
55
83
-59
11
-67
127
85
-79
-63
62
-44
34
38
-27
-19
66
30
-26
18
-45
-8
30
-43
98
-16
3
-1
8
52
-13
-23
-18
13
21
13
42
-22
-12
-78
-19
61
24
43
30
19
14
-34
19
-38
101
-54
4
2
-21
26
-52
-44
-13
-47
19
13
5
31
-11
-4
4
-53
-18
28
5
-6
-23
52
1
-74
-9
16
-9
2
19
46
7
31
-20
-35
-47
9
62
-11
-27
60
-10
44
107
-47
28
37
-17
10
-58
-53
-16
32
22
88
51
-25
-44
-21
12
-39
-21
-13
33
41
-7
-19
16
28
43
-32
1
10
5
14
49
63
-16
-103
-49
6
6
68
5
38
29
-29
-20
41
-73
-68
-33
46
17
10
46
-16
-99
-10
-10
-37
35
55
26
70
69
7
43
6
32
-1
-66
-20
36
68
55
16
-6
9
96
77
-4
-19
95
-10
8
-7
-82
-43
27
43
-58
-76
49
-11
-3
46
42
5
-93
35
46
114
0
63
-45
38
50
46
9
-29
-11
-42
49
-32
-27
12
30
-27
-127
-38
63
-22
4
23
-55
59
-74
-40
-85
2
-54
-99
-49
-107
2
-58
-52
119
-14
72
-41
-8
31
-37
50
-27
98
114
-22
53
-30
-77
-56
-68
-45
-2
40
5
-40
12
-99
32
46
10
23
-63
56
34
10
56
-28
9
-29
-49
-5
-14
-67
-47
-12
38
-33
89
-38
-54
69
-36
62
44
9
-18
45
53
-25
-5
13
57
-14
37
33
-7
63
83
-42
33
-39
-62
67
80
-26
27
-40
66
115
-26
-7
-54
97
-18
35
-22
41
36
-2
-44
15
-70
27
-46
75
5
-14
27
15
-40
55
-51
65
14
105
27
-29
-60
-65
-3
38
-27
-1
49
-39
-32
-34
-8
77
44
-46
33
40
0
-47
26
71
45
-48
-5
-21
62
69
12
49
-53
-44
-6
-3
-85
56
-78
-123
3
-93
0
15
-33
-57
49
-24
-29
12
22
0
-2
-15
7
24
-11
14
-20
0
-11
10
50
29
42
7
47
61
7
56
-38
28
2
-29
0
21
-43
-43
6
2
-109
32
-57
39
5
14
-10
4
42
20
-93
-33
63
-46
33
5
20
-40
12
48
-4
-25
-37
20
-46
26
-108
36
3
-33
15
75
-83
51
-31
-46
39
36
-41
14
-7
114
2
-70
14
15
47
-7
2
36
32
-1
-37
127
105
-42
15
53
-68
-36
-43
-52
-33
4
17
-36
10
18
45
26
-81
-39
28
-48
25
21
41
-97
-30
-92
-39
55
31
12
-14
-18
23
52
-1
66
59
54
-63
-33
-25
17
12
-47
-19
55
-62
-8
1
40
-58
43
-27
-15
5
-3
-52
20
-21
-33
-44
20
9
39
15
25
-7
-55
54
-33
23
-72
-13
11
-56
32
8
-21
103
31
2
15
9
64
38
27
44
-38
-7
34
13
9
24
-4
12
-50
-37
11
40
-33
30
-1
6
67
73
9
-63
-35
-25
17
-45
75
-9
-116
-23
-52
-2
-4
-16
24
-1
-54
-26
-28
3
9
-74
-32
-47
68
-47
39
-4
22
-2
2
15
19
31
-127
70
36
-33
-58
25
-59
-13
-111
34
-15
2
-4
-48
-14
-44
-7
70
0
9
-26
28
2
-24
22
20
-1
41
21
-26
-4
12
27
49
-85
36
-37
-22
26
-79
-22
23
-6
3
-109
74
19
-11
-12
15
39
-33
-46
-38
48
6
-13
-29
43
9
54
75
34
-59
95
-30
-78
-21
-10
-2
20
-86
4
-53
-43
49
-7
23
35
-67
-12
48
-44
-10
-60
-15
69
13
13
-14
42
-21
12
34
-20
-9
-9
-66
37
-50
-33
37
-76
43
53
-23
16
-28
77
-37
-12
-29
-42
54
28
47
34
9
-93
-40
2
-9
-39
-12
-14
14
-55
46
23
42
3
2
-2
-80
-13
-36
-2
-74
116
-36
-38
42
23
10
-13
15
57
31
18
-47
39
33
-35
-41
-45
-25
-21
-12
95
1
22
29
-10
38
33
58
-80
-11
-34
-18
-34
-4
-32
40
48
33
-16
-64
-5
-26
-34
82
7
2
68
9
-123
10
88
-66
-31
-78
48
50
43
127
-61
84
-6
-14
31
30
73
4
73
68
31
39
66
22
23
-15
-16
15
35
-72
62
68
2
11
43
31
40
12
-40
-24
36
-70
32
-24
-44
53
-21
65
3
-34
-98
36
1
-77
-50
27
25
39
-55
26
9
-11
12
-24
-36
16
-120
46
13
50
43
50
-3
56
-9
-42
58
-46
-72
18
24
-36
12
-20
62
-30
11
9
-24
14
-83
-36
-14
46
27
-48
-2
77
2
-17
-6
-78
16
64
28
73
-3
-48
-10
-57
-4
-92
22
-84
23
55
-25
-21
-33
14
-50
48
23
6
124
-26
39
-17
23
-29
60
-68
33
73
47
-32
66
-52
107
9
50
32
-38
62
-47
15
-6
32
-61
-90
11
28
2
-48
45
-40
-109
-52
40
55
-8
-60
40
0
-70
-35
-57
-18
-61
-70
-36
18
14
-27
-30
35
-18
-4
1
73
66
46
20
-83
-1
7
-39
34
59
127
-60
114
-31
38
3
44
28
-18
-33
29
12
49
-50
-37
-28
-1
1
50
9
-4
-27
24
-16
-3
-67
17
-20
-21
52
4
14
25
60
-77
-20
71
65
-35
19
-79
20
39
7
51
-16
-30
51
91
92
-95
8
-22
-7
24
20
-10
87
-53
4
34
-17
-4
-22
2
41
67
-30
-52
9
30
-63
-106
-8
10
-16
-6
-54
-62
-47
-47
2
-56
-27
-14
10
77
-5
-62
26
-51
-3
47
-29
-15
-3
47
41
20
23
-54
-7
76
26
-24
63
5
-21
21
61
53
34
42
-60
54
42
58
74
42
-23
23
49
-11
39
-49
47
45
-42
12
59
18
-4
66
98
17
29
13
-14
-43
4
41
-27
-11
42
30
80
-94
-18
32
21
-11
41
59
-84
-12
117
7
-80
-13
84
-70
29
12
3
33
31
30
5
45
6
63
38
43
49
33
-19
-13
-53
5
-3
55
-48
-44
48
2
34
16
44
79
14
-13
-56
-59
5
-27
21
-15
24
115
42
37
20
15
19
-9
35
-37
2
-45
-37
26
33
5
-47
15
23
-26
-127
-31
9
32
48
-57
-26
80
-12
1
7
27
-2
-54
-38
59
-43
-19
-35
83
9
27
-41
-2
19
33
73
2
22
-38
5
29
16
27
21
60
10
13
65
-22
72
-4
-46
46
-4
27
21
28
-34
50
28
28
8
-28
-25
22
-10
45
25
26
-59
-25
10
-24
-52
-35
-51
23
14
111
-7
31
-12
-54
-46
42
-29
-23
53
-3
45
36
-15
21
5
-29
-31
38
-51
70
19
39
-126
5
48
65
-20
-11
-38
32
-27
20
-7
-15
-4
-24
-49
73
-34
69
26
16
37
-5
22
-2
44
-39
65
-86
17
-3
20
38
-13
-49
59
-105
-15
-31
17
34
-91
24
1
120
-7
17
-5
7
-9
43
47
7
-10
-15
-56
-43
6
42
40
63
-120
12
-6
-38
91
61
-13
48
26
-33
-80
52
39
-32
18
63
44
7
0
86
55
49
46
-23
60
6
-14
-46
-28
-55
-38
-99
56
53
-50
9
-127
11
-7
10
-30
-14
-4
72
9
-6
-29
72
46
-34
-40
50
58
-42
59
5
-52
51
10
-66
-52
56
0
-1
0
9
-20
-28
14
-39
-4
-4
43
88
-4
-19
45
22
-5
-83
7
26
57
-5
25
18
-13
17
-13
-31
-43
94
-83
-19
17
-66
73
30
-21
-26
81
-16
29
-50
43
-53
20
-30
-52
-30
9
-29
17
-121
60
73
-16
-30
50
41
-27
23
34
-28
60
32
-63
20
-56
6
-33
-21
31
64
-30
62
-10
12
-20
-61
-11
18
-78
13
-29
29
-4
18
11
-10
-14
-3
-39
-52
19
-19
61
-3
26
-15
-24
-38
13
12
-30
8
-25
-28
37
-14
32
-14
-15
64
-8
-17
62
-43
24
-60
-66
13
-13
-68
22
-34
-65
40
-56
0
21
33
6
2
33
12
71
42
-59
-10
75
-11
-7
19
-54
36
24
31
-32
-3
-33
27
-7
32
24
-82
46
31
-19
20
-20
-127
-6
29
39
20
3
-23
-95
24
-12
50
-45
-51
-49
-23
39
-23
70
19
57
-27
39
109
41
-29
16
-30
-44
-18
27
-61
11
3
25
15
38
-4
-24
-22
-34
-10
-29
-48
86
-31
-19
113
-25
18
37
-34
27
-41
-39
-59
-53
13
13
20
-97
48
-51
57
30
39
22
21
32
-13
2
-75
-7
19
5
46
-31
-23
-43
6
78
-17
-16
11
-7
-74
-30
-9
26
12
15
-35
82
16
-26
0
67
-35
78
-44
-13
-14
-115
56
-7
83
-27
-48
-4
-74
44
-18
-9
63
-41
16
-32
22
61
34
-2
84
-4
35
-83
-60
-71
30
-27
12
15
105
41
-6
-45
-1
107
-59
-6
80
-8
9
33
-41
1
-16
2
4
18
-127
93
78
-4
-2
26
41
108
66
88
-34
-25
-35
49
16
12
-32
0
81
-120
-103
-6
-29
30
51
-36
11
68
40
-111
-13
-2
-38
59
-36
-9
-9
-44
3
-98
-5
-44
-100
56
29
35
-21
13
-22
-18
-55
22
17
15
54
-26
-24
-14
7
10
-13
-20
-9
-49
2
-21
-73
12
47
69
26
3
90
-28
7
93
61
-13
-22
-65
-24
-23
72
-15
38
-1
39
17
29
18
-40
-35
35
0
54
70
30
78
28
96
-43
14
94
-49
24
38
41
28
22
-12
37
11
96
26
18
-22
-48
31
-29
-33
60
24
2
58
55
7
9
-83
-57
26
98
-42
54
72
68
-6
44
75
-7
-5
-35
5
16
62
-11
-1
-74
13
-100
56
-102
38
7
33
-33
60
106
-92
-52
4
-27
-49
26
-22
-6
-21
67
-48
17
63
28
-30
20
-53
46
-39
25
9
13
-14
-84
50
20
-38
49
-11
18
24
-62
113
45
4
-3
26
38
-60
-40
5
72
-43
34
-22
36
27
-7
27
54
52
-10
36
36
-25
43
-10
14
20
-51
32
18
23
127
19
-18
-52
107
-100
-68
28
24
73
-38
-22
-33
50
22
-23
-20
-66
35
-5
71
72
-18
8
43
47
63
-16
-77
-41
16
12
-111
-19
-30
-17
-6
-54
-5
-14
3
14
-58
-82
-33
23
21
60
85
4
-10
10
-37
4
60
101
65
21
9
43
-72
30
-56
-39
-11
-5
-26
36
76
-88
52
6
-68
48
-5
-28
-19
18
50
61
-63
-50
31
-34
-6
-67
77
-10
84
-20
63
34
-59
34
-8
-23
96
-11
55
-58
12
49
25
-19
-38
-28
40
40
14
119
-43
16
11
4
-20
-21
56
18
-56
-53
31
-87
90
20
-10
-1
20
-11
13
0
46
-34
27
39
37
5
16
-33
43
55
-40
47
4
-19
23
38
-49
46
5
-97
7
17
6
57
-70
-2
11
1
-76
27
93
-9
34
32
-14
-5
-22
-42
92
-107
-2
-9
-19
-10
-14
21
45
34
-2
23
0
22
4
14
67
-101
-42
36
53
6
42
-41
-41
-54
-4
4
41
78
34
66
42
3
67
-40
16
-127
-30
-46
11
8
45
89
-19
4
27
-75
65
81
92
-79
-41
-30
-47
30
46
14
38
36
-5
-18
21
61
62
29
-9
-48
27
13
11
-2
60
-10
3
21
-2
16
-70
22
-13
-12
-19
53
29
32
35
-6
66
40
41
33
35
-16
-55
20
11
-6
-15
13
-96
-51
86
9
-32
-11
-3
17
38
44
-16
-60
70
51
-1
11
-7
-11
7
-5
24
-38
3
32
-23
10
-7
20
-28
-35
-27
41
3
-15
9
55
-26
85
-4
43
-15
49
58
-40
9
27
43
-46
36
-62
31
-6
59
20
10
30
-35
40
12
-43
-28
-4
5
70
-85
-56
51
-19
-84
-38
25
102
73
25
30
-57
-12
0
10
-95
-56
-10
-56
-78
-61
-90
-55
19
50
39
-30
63
18
1
-23
-6
-53
6
-1
55
104
-88
-19
-44
-34
10
-3
-32
41
26
-47
-23
70
60
-15
-32
16
-127
0
-13
-3
23
6
9
-13
-66
17
-14
56
7
-4
45
-38
-13
20
23
52
-18
60
40
80
51
-2
-36
30
7
75
-33
18
35
-4
89
51
58
31
-9
112
18
13
58
-36
13
30
12
-49
63
32
-14
34
21
-20
-39
51
65
4
-43
4
-6
-79
-19
56
20
31
63
-13
48
45
-15
20
-4
22
4
37
119
100
0
-45
-15
26
-34
12
80
5
-15
56
39
-8
40
105
14
8
33
54
-18
101
-35
40
-33
-1
53
11
5
8
25
-30
33
44
57
12
-11
-29
6
-35
40
-34
-74
63
-28
66
48
7
-26
54
5
-11
3
47
-12
-2
-23
-31
-30
24
29
-39
6
10
17
-86
31
-5
50
-28
-40
38
-10
-78
6
6
0
10
-24
-67
-87
-34
15
21
-13
27
-1
8
-28
-74
-14
6
-30
10
-46
127
29
-7
-46
33
-23
1
-5
-24
-14
15
5
78
55
-14
-20
6
-98
37
-29
-10
7
56
22
-9
49
44
-35
59
-30
-37
-23
-13
-71
-22
46
37
52
-58
77
-38
43
-19
-9
33
-94
15
7
36
34
-15
-4
8
59
-21
56
-44
-54
14
-86
49
18
57
-17
8
-52
-81
-54
-78
3
-23
-7
2
-6
28
11
-62
-66
50
-39
64
-8
28
23
-13
36
40
-16
-32
4
26
77
18
-16
-21
9
-4
4
20
-24
-2
-63
-68
-17
27
3
6
26
40
-50
-16
-42
19
-17
-21
13
-8
-51
-77
-89
-98
-27
-2
-27
38
33
-36
55
-10
-58
94
53
-22
36
-55
3
-40
81
67
6
57
17
12
21
23
-70
60
56
36
53
0
7
-19
-21
92
-7
12
57
-24
87
-26
12
-48
10
-47
75
-11
55
24
-8
52
16
36
12
-14
-2
-36
-20
37
-41
3
-16
59
-13
-10
-11
-42
127
8
66
-4
-6
-127
-4
3
18
2
-7
-13
22
-15
19
-32
44
18
12
-42
-41
3
28
-3
-10
-48
38
18
41
-5
-120
34
63
-32
20
-9
-34
3
-14
21
-59
-58
-56
-9
31
66
39
-14
-99
9
18
-5
-54
105
-29
34
-58
4
21
34
74
8
19
-1
68
4
-28
-91
45
-101
-39
-7
-21
108
-20
-20
23
34
-35
-22
16
82
21
-11
-27
76
-13
-58
44
-2
25
9
25
-23
-24
-9
3
13
120
-20
41
-11
37
-9
-26
-10
20
-39
-3
14
-42
-34
-35
6
62
-24
48
-18
-17
-1
32
50
16
12
66
15
-64
-60
44
21
-20
-4
-16
-30
52
15
-28
41
6
73
-49
-20
-41
34
-17
-60
-32
-62
-44
25
-34
-21
-15
-53
36
-29
42
-25
40
22
9
79
-65
40
21
-32
-6
18
18
-40
1
26
-39
-4
-52
12
-29
18
-14
-23
-23
12
39
79
39
-32
7
18
-63
-33
-44
71
71
-18
5
10
30
-1
-34
13
-22
-23
-4
26
74
-1
12
5
-14
28
-2
82
-20
-8
40
-11
-12
-33
27
76
-40
15
-35
-19
16
-56
23
45
-11
29
-4
45
-68
-17
6
5
-22
96
-16
-42
85
-1
-17
14
18
12
11
51
-36
42
-17
24
-22
39
27
-63
-56
3
78
-19
70
28
127
35
-10
-16
-8
66
-69
-33
-55
4
-58
86
9
-7
76
37
62
-47
-24
-9
-42
-54
-10
38
47
-47
-97
58
58
68
-11
59
69
48
8
-6
12
32
48
-11
20
-19
-28
60
95
-19
16
-36
-17
16
23
-82
32
-48
-5
47
-9
-1
30
66
13
57
-46
3
47
-31
19
60
-61
-9
91
10
-74
23
-22
11
-27
-7
-36
-32
-55
4
31
-7
10
-22
2
-52
-2
-14
-55
-22
3
-49
-17
-9
-86
-30
-27
-37
-60
-65
-6
64
-68
-107
-35
-21
-7
63
13
-37
33
61
-8
30
-14
33
45
-48
-51
-14
-11
27
50
-35
-127
-5
-56
-96
-49
-52
-14
-58
1
19
-35
37
44
14
-43
-10
82
-49
-50
-12
-36
45
46
-27
-26
112
-16
17
1
-30
26
-41
-64
12
10
-58
25
5
53
14
-65
-2
12
-5
24
4
-49
23
9
23
-10
-60
54
37
-12
-77
-49
2
-97
-29
-4
5
25
44
-78
51
72
-78
48
-12
3
-76
-41
-47
0
-39
-14
-25
-32
1
48
24
7
-45
-19
-10
-29
-29
-123
36
53
43
-55
3
45
-55
6
-20
-77
-8
41
-8
18
-59
32
-25
12
16
-16
91
75
24
-35
-106
13
41
-46
-59
-110
-34
-57
-38
-57
41
-30
6
-69
-47
39
-18
-123
43
23
53
48
5
-93
27
37
50
-27
47
37
-14
51
-44
-11
52
-90
-18
24
-4
32
-16
-29
-12
0
46
-66
-17
15
20
-35
2
59
-4
6
-27
16
-34
100
34
54
-30
2
50
62
57
18
-55
9
53
12
19
0
54
60
85
-2
-112
-75
-95
24
-24
-56
-7
0
12
-2
76
-31
2
65
78
6
-12
-72
-48
-7
11
-19
-127
-62
-80
31
-33
-14
-74
34
44
-72
14
-29
110
-116
18
-72
-36
-39
-53
-2
-56
-81
-101
-77
-5
22
47
-53
-66
119
-40
-77
-34
16
56
-19
83
-22
7
23
-13
-12
23
110
9
2
43
-65
49
64
-3
40
-81
-39
14
-26
32
-73
-8
-24
23
-12
9
22
-25
-18
-36
-32
48
-24
65
102
24
45
26
-88
21
-91
14
8
28
-51
84
51
37
72
16
43
37
24
-28
-14
-72
-9
57
-36
-31
110
76
105
-52
14
-72
95
44
16
-38
81
66
0
-48
37
-55
14
-6
3
22
-25
-4
28
-15
-12
-62
-70
-4
16
-61
-5
18
-36
51
-42
-45
-19
9
4
51
-38
55
-127
-5
-24
-4
21
23
-25
-14
76
-10
14
29
30
17
28
9
-91
-57
3
53
16
8
-23
60
-24
1
14
30
-52
14
-61
-65
-48
-75
1
10
-77
-37
84
-101
40
-23
56
-43
41
-23
13
60
-43
18
2
-11
-2
14
15
-19
-32
39
-9
4
-1
40
-30
-60
68
52
-24
-63
-34
-38
-73
-44
4
67
-8
51
-43
16
-46
-69
-30
79
17
-40
-12
17
19
41
-39
-4
49
-14
47
-79
21
52
-4
-57
3
5
-10
-39
13
-30
23
2
-5
-28
-29
-39
24
-7
-61
-46
-1
-32
19
12
30
-46
-66
72
2
46
41
-67
10
-16
19
46
-32
-18
-40
-42
-57
21
79
-33
58
15
55
-13
7
-72
22
-7
-46
54
31
-41
86
16
8
-10
36
2
88
18
74
3
-19
-4
-43
-2
-20
-11
28
-40
92
34
17
5
-51
46
22
17
-22
54
-20
-37
-24
-37
-19
-25
-21
-19
-110
6
-22
4
21
20
19
-42
73
18
-68
-9
56
28
29
83
-81
10
-21
-52
5
25
-16
5
-37
1
-3
64
-12
-27
-16
4
64
29
86
32
15
-18
19
21
-39
-2
-5
21
47
-13
42
-85
-41
-112
-16
44
31
-47
-8
103
12
71
-71
9
-54
-37
77
20
30
14
-9
-31
-30
17
36
1
13
-38
35
50
81
-75
47
35
41
14
35
-60
-38
-52
-34
-56
-20
-63
48
57
-79
-1
10
-49
-94
47
80
78
35
-5
-84
0
41
-98
57
-127
-55
-45
-69
75
-49
-8
-76
24
-3
-42
-1
-1
9
-3
-6
53
42
-22
30
17
59
-17
-17
89
30
-60
6
37
-40
-45
84
-7
-8
-38
-110
24
-71
74
-18
-49
13
-19
-47
64
27
19
13
-83
37
-108
-18
-46
-7
4
-13
-93
11
78
8
27
-19
-3
-4
94
-58
-69
35
75
-4
80
-33
-5
21
2
-40
21
16
34
20
-53
8
-9
-62
33
14
20
-9
-44
24
44
-3
11
-13
-22
-21
-15
-12
34
-38
30
-34
-16
-14
-3
8
28
-33
2
-7
61
17
-8
49
29
13
-29
-25
-22
31
22
-25
-8
54
28
11
56
-6
41
-70
67
62
58
20
-10
-33
24
-35
-43
45
19
8
-44
19
104
13
23
4
-20
-11
-13
33
-21
30
-16
-2
-11
46
-103
1
-3
42
72
0
16
70
-14
-20
56
37
33
7
20
51
-77
-20
43
-28
-24
-35
8
8
-38
-44
-47
-26
15
-12
-47
-11
20
51
-9
19
74
-62
57
-31
-48
26
-52
67
-56
-10
-24
41
-6
-8
18
49
51
-29
28
65
99
23
-63
7
-47
-6
13
2
-39
-21
39
10
-13
-68
-11
-8
-6
91
41
31
-11
-19
11
30
29
62
39
-94
28
21
47
57
127
32
40
-13
35
19
15
49
60
70
-27
16
41
29
-53
-29
-66
104
-34
-52
102
127
-65
-35
76
52
98
5
3
-20
30
37
-39
0
-1
11
22
-12
87
35
-23
-11
19
2
-88
-54
27
79
45
127
-5
10
-33
-63
11
-40
-52
32
-1
-73
49
-3
1
48
54
81
84
-15
-12
29
34
33
-29
57
14
-8
61
47
-32
-13
-8
-11
80
-3
94
0
-53
-22
2
63
11
-3
109
-29
27
-44
-81
24
21
-36
13
10
-68
-11
-8
32
18
61
12
72
39
80
-25
84
-75
56
-16
69
-72
8
-20
33
58
-52
-97
-35
102
85
-93
85
-58
-10
-36
16
6
-5
15
-65
-14
-26
-13
105
33
9
-17
-30
44
-73
49
54
52
-36
0
11
61
-25
73
29
-33
113
29
-79
25
24
-81
19
14
-29
-5
87
101
-16
-62
-36
9
-8
80
-60
1
19
-70
-26
53
27
67
67
-27
45
53
-79
68
-105
85
22
-21
-21
25
11
64
-20
20
54
43
-43
20
21
73
-33
13
-27
36
26
-70
94
10
65
-10
4
44
-107
-79
57
-17
4
-75
-32
-39
-47
30
-24
4
-18
0
31
-3
34
36
24
-52
-8
1
-60
91
27
12
-7
-47
-14
60
40
-40
68
3
32
12
-98
34
-5
-6
-12
-113
-2
14
-9
16
-15
4
-57
14
35
12
-16
45
30
51
21
-30
11
14
89
45
50
-48
31
-41
81
-24
-32
20
43
-6
6
-55
-3
17
1
-32
-18
16
25
-24
-91
-12
23
-84
-47
-53
65
-57
-52
9
9
3
19
11
-61
4
-50
8
-72
60
-6
-67
-127
4
-39
50
-31
-8
88
35
8
50
-48
14
-11
-15
-56
-38
-28
53
14
-21
47
29
-3
-44
-34
-19
42
66
-20
-37
68
-38
-62
43
55
52
25
-48
16
-103
14
3
-28
1
-95
54
-64
20
-80
28
-25
-21
20
38
-2
-38
-32
-65
120
2
16
86
17
0
-9
-44
-21
21
-54
3
42
-63
-78
19
-73
78
-69
68
-4
-47
24
-61
26
16
27
-8
6
-43
-103
-68
39
-68
15
15
-29
-37
-47
14
-17
-7
-85
-34
-15
-54
-8
60
51
0
-28
19
7
29
21
65
-103
-12
-92
46
-17
-15
64
52
25
-52
-86
2
16
-3
-36
-2
-1
-32
50
-10
-80
11
-17
6
-13
30
34
-53
60
-9
32
-17
20
81
-19
22
17
24
89
-75
5
48
46
-16
-20
-25
-24
-8
10
-76
85
-25
74
36
3
19
-1
50
-1
-6
13
29
-7
4
-19
-34
43
-115
45
68
-67
-38
-71
37
-35
-72
78
-42
-16
54
-5
-123
11
-8
76
-49
-5
23
-3
54
1
-52
-36
1
7
15
-23
37
-42
-49
-2
-10
-9
60
-115
-31
-8
58
31
-59
-55
-16
-57
127
-18
-34
29
40
-63
17
50
21
43
81
23
23
-2
-19
32
-21
1
58
32
-35
7
-40
15
-64
69
61
-21
-10
-23
-18
-11
-6
26
71
97
-23
30
-18
23
56
-73
20
15
119
74
-38
50
-2
63
45
-57
-90
56
14
3
-100
-31
11
-19
1
-98
-41
-1
-28
-32
6
10
8
-55
16
-62
3
-11
-74
50
-55
-94
62
-86
-33
43
59
56
8
-8
12
29
127
39
33
-98
-22
-49
-16
9
-25
-66
-30
-16
-69
24
-15
-36
-3
11
13
41
-18
41
45
-99
27
-7
-57
-14
-2
11
-26
6
-64
-37
-13
34
0
-11
14
-19
44
-93
-8
46
-112
46
30
48
-66
-47
-20
-2
-9
23
-1
-67
-42
28
37
-51
-62
114
27
-106
14
-38
57
-18
-72
32
-1
-34
-17
-10
-42
8
64
70
-1
-39
-105
61
-3
-9
34
-57
-11
0
-44
2
-46
-83
-14
-29
47
22
55
-89
-77
38
27
-24
52
84
10
39
13
-115
55
40
7
36
30
39
-40
11
24
26
-19
16
-22
58
-37
-10
28
-38
19
-61
0
53
-57
-3
-55
71
-111
-38
-121
-25
-92
-67
52
-59
-3
24
3
47
-31
-17
-12
-19
-34
25
-82
46
-11
39
-48
-5
45
-10
-24
-36
8
-37
-19
-43
44
32
20
-30
-32
9
87
-7
-43
12
35
13
32
72
71
-17
-66
32
-92
-30
-77
35
-79
-43
-30
7
-77
-55
-4
61
14
5
-7
-64
-5
31
-23
2
37
43
-26
28
-22
-24
-3
-34
28
6
4
-31
26
-12
-28
-18
-14
15
21
-2
-13
-22
1
-26
-71
-35
9
-36
-24
7
38
-20
-50
3
13
-51
44
23
21
-10
8
20
49
37
54
42
-102
-38
13
-52
-37
18
14
20
20
25
66
-32
22
21
-17
46
-16
10
36
13
-28
4
48
21
2
-13
32
25
14
-3
1
59
-1
62
-86
45
29
37
17
64
-26
-7
-18
53
-23
-64
57
-15
-14
-17
12
-5
-28
15
-42
-74
51
-27
-5
34
17
-10
-1
10
16
-22
-8
28
24
47
1
7
12
-14
-5
-25
-23
-11
77
17
44
127
-64
25
3
-33
-25
-19
42
18
7
52
-44
-38
-50
-40
-38
-12
0
0
-44
-24
-50
-7
-15
52
-9
77
14
16
66
65
23
-45
23
-17
-25
-19
0
-31
-67
-127
0
8
-8
-25
25
9
24
-6
64
-2
3
34
68
15
10
8
47
-10
31
106
21
1
-40
-95
-25
-23
49
1
39
38
16
-40
-35
-15
-64
33
-3
-53
-27
-81
-7
22
19
125
47
-35
18
-10
12
-6
21
17
-46
42
-40
8
3
16
-26
38
-21
-29
23
36
-49
-34
43
29
-37
-7
-43
15
-15
13
-40
-43
-26
-99
16
-14
41
-29
-75
-9
-52
-58
27
29
-76
17
-45
-59
37
-7
-37
-18
11
-4
-48
-29
-70
25
24
11
40
-60
0
-29
-111
8
43
-26
84
-19
-2
-10
-65
33
-26
70
27
10
13
-27
46
-56
-47
6
48
-66
-31
-8
60
-48
-32
31
-36
15
11
-26
-14
-78
-6
46
14
-67
44
7
-6
17
-18
-34
5
-21
9
15
31
22
-3
46
-11
53
4
10
19
25
-3
-1
108
73
11
-72
-5
-63
-85
21
-1
-32
-3
32
-46
73
-5
76
-61
48
54
18
27
-17
-1
-21
-47
-20
-49
-68
46
-4
48
30
59
20
8
-1
90
-36
71
29
31
-11
-54
23
15
-11
-3
9
17
24
48
-48
-10
53
-6
9
72
2
60
-7
-40
17
-57
5
11
-7
-98
39
-2
-14
46
-26
15
34
-8
83
58
-3
-36
20
53
26
49
27
-39
25
-20
21
-25
-20
-38
-7
46
2
-15
-34
-33
44
-19
-76
68
127
-8
9
-8
14
22
-57
40
-10
37
-18
45
3
59
-25
-3
32
-16
-25
-26
24
-25
10
-7
-13
33
4
-15
-21
38
-26
0
-11
32
-62
7
33
-4
62
-64
-39
-3
61
-5
95
-12
-43
-33
-12
6
-6
-9
-37
42
-25
52
29
-39
-36
-78
-66
18
-1
-35
51
-27
-45
44
13
-15
20
-18
50
-3
-21
21
-36
-40
61
14
12
-13
53
104
14
-36
86
-83
-15
23
65
-20
124
-43
-127
-64
-49
-18
23
-29
11
22
-32
12
-49
-47
26
93
-35
-12
-16
19
41
-74
117
32
4
-71
43
-83
-8
-1
88
33
-74
-8
35
-30
-54
-7
28
66
-9
15
-11
-11
14
-27
30
-42
51
58
62
-32
-32
57
-12
69
2
-2
43
-29
49
24
11
-15
44
78
28
0
-21
13
-34
19
-42
-22
19
1
1
-42
61
45
11
-63
-20
-31
6
-29
-69
-58
1
-16
31
42
17
90
-66
10
50
-101
-25
33
66
25
-40
32
47
-70
8
33
31
7
22
-18
-1
33
-50
59
72
31
33
49
28
38
31
31
19
-49
-16
1
36
-42
110
-10
-7
5
-53
-55
36
8
58
-25
-47
-4
-29
-69
-61
-114
12
-87
33
-23
-28
-14
85
-1
28
-10
44
-21
-36
-22
-33
-50
-9
72
23
-4
-15
48
3
51
-28
-16
-56
2
2
-42
10
11
-77
13
40
39
16
-34
-77
-70
44
-1
-32
33
-105
-29
-60
-35
-19
68
68
-85
81
-37
-61
46
-16
-5
27
11
15
18
-57
36
-95
9
-52
86
-55
-57
28
16
44
-6
-4
-39
-81
28
69
12
7
49
-31
-5
44
35
64
-53
-7
16
32
-18
-65
71
-22
51
-42
47
96
0
26
-43
36
18
67
-27
-8
63
25
-11
58
7
57
-19
77
13
28
34
-67
-94
32
-28
17
-2
36
-62
-87
-21
-38
-61
-6
0
0
55
43
-69
-68
-28
73
-36
85
-48
-112
13
11
17
48
67
16
-20
-91
57
-16
1
69
12
101
-23
-26
14
127
51
-70
-107
-47
-42
68
23
60
-8
-35
-5
76
5
23
-18
-16
-62
-41
104
40
-20
-53
-73
49
-37
32
-62
-15
-17
39
72
-58
71
71
-31
-16
10
48
74
35
84
32
-33
59
-73
-26
-43
-53
-11
-48
27
-92
-33
-7
-29
-36
-12
-14
-59
29
-24
-6
37
32
-22
48
-62
-83
-53
-1
28
-33
52
7
-43
66
53
52
-95
85
72
-57
-21
-65
22
2
-61
11
-62
30
-33
-49
34
70
-12
40
1
-9
127
-53
-64
21
-53
-22
3
36
-44
66
-4
25
-3
-30
-63
74
-16
-65
20
67
-17
-44
69
-67
20
-13
-26
-19
-16
30
-70
7
27
40
42
-80
87
84
7
25
-14
-33
30
56
2
50
71
-82
79
-61
-16
20
91
13
-39
-55
-28
78
-9
95
39
5
52
38
-64
-74
-62
89
-41
-46
-25
-13
34
-66
-12
-5
-53
-34
26
24
6
69
74
9
-73
13
57
14
95
-9
-77
-29
0
-36
-67
-34
-7
75
-67
-10
-47
-39
70
11
-16
55
39
63
-41
-2
-11
-35
43
6
107
87
-52
-10
-20
-87
-21
-30
0
-50
-39
-85
2
-27
21
-3
-25
21
8
-31
30
-106
-36
36
47
-16
112
-51
-86
0
58
11
65
-57
-6
51
7
57
30
-68
103
73
1
76
85
96
-43
-40
-43
-2
-53
-44
115
95
-31
35
43
-6
-22
-44
-28
20
24
9
-8
-25
39
23
50
-77
-17
82
-32
-80
67
5
19
79
-28
-17
64
104
18
-15
20
-30
3
-33
-26
53
-39
-47
18
-49
4
-35
-24
-9
23
79
-48
3
99
49
74
52
-14
-22
-32
53
5
-1
-98
-18
-11
20
-74
-48
19
4
57
59
-26
-5
-25
-13
-9
6
-40
50
-19
-44
54
18
8
-90
44
-34
35
22
-9
55
-35
44
85
16
71
71
69
-7
-14
-37
3
29
13
86
10
-16
-21
-49
46
-36
56
64
62
-17
-27
4
25
-51
-127
-51
87
63
79
-47
25
27
54
-43
-2
-59
44
63
-44
49
-9
61
1
-28
-14
48
23
12
50
32
30
24
60
17
28
-12
4
-11
-70
-37
1
115
27
28
-34
32
15
-9
20
-32
25
-44
-23
34
-45
20
7
7
-87
-31
-34
-2
-41
-43
7
-8
25
64
-16
33
81
34
14
-42
-18
62
29
-35
33
115
-60
64
-29
-11
-122
35
-33
6
-10
-20
-11
53
-23
81
-45
-6
-23
49
-46
29
31
4
-1
59
-37
38
-26
79
-37
65
27
-48
-8
1
40
-5
-39
29
30
76
11
18
-30
5
-18
40
10
-15
-26
-16
1
-1
-44
84
-117
73
-28
6
-39
-11
-29
20
-52
30
55
-58
-13
23
-43
86
-2
21
-33
9
40
-38
32
49
-61
34
-17
-34
38
55
-1
35
36
17
-8
11
-33
-53
-66
-23
9
-37
-28
-92
23
-19
-24
35
-10
19
-21
43
51
-13
-10
-6
55
4
-105
-63
-9
-44
-18
-39
-16
37
-13
23
36
98
-11
-17
80
-39
127
22
67
112
-18
32
16
-84
-36
-42
36
39
-30
16
-57
-39
65
-77
-43
26
38
60
39
11
-84
7
-15
96
-60
-40
71
-32
-24
46
28
9
-14
9
-43
12
-22
-25
-37
-11
-66
0
-31
21
-59
-23
35
-2
-28
-33
-26
-81
-7
26
-4
-12
19
42
6
-17
-46
20
-55
29
27
-45
-37
-2
-15
-28
-7
-11
-89
-87
-82
-127
-49
19
-24
-22
-51
-52
-51
21
-71
17
-4
-22
45
-45
89
-33
97
38
64
65
83
-2
4
10
-72
-26
-109
-8
-5
15
26
-37
-54
-34
-56
68
49
-51
19
14
24
31
16
34
0
-48
-26
80
56
12
-78
-23
-19
22
-41
-46
41
-15
-79
-11
-37
10
-15
-54
2
25
74
71
-93
12
81
1
2
8
-43
-40
2
-41
-28
-23
30
-95
-6
33
6
-20
-57
31
25
7
10
-49
-80
-4
-106
-66
-50
-2
13
26
33
-63
-32
35
48
-22
-54
-84
-3
-59
-25
47
-11
-41
-9
-91
-12
-10
61
-33
-46
-28
-13
68
59
28
17
18
-8
-69
-26
46
4
24
-20
-5
-44
-12
25
15
82
49
3
13
51
-72
16
11
-27
8
-38
37
68
18
-17
38
-91
-41
-63
43
-40
-14
-27
-37
61
3
-6
27
27
15
3
14
-16
-42
58
46
-6
27
34
-50
-8
-104
14
-18
-33
24
7
-4
18
-36
18
99
-50
5
13
21
-53
-27
-1
6
-26
3
16
40
-7
55
-46
-60
32
17
15
-38
30
45
-69
-57
-53
26
-15
59
-41
-38
-68
107
-3
-24
-29
19
19
-45
42
67
-9
2
24
38
-63
8
-37
10
36
-21
-71
15
16
72
-76
14
-13
-3
-40
8
-53
92
-14
106
-10
-69
-12
-90
-64
-50
74
23
53
-50
48
16
37
18
51
86
-51
27
40
18
24
16
-3
16
53
81
13
-11
40
36
-72
36
44
-12
-32
110
-30
-37
119
33
-16
-16
21
41
40
-71
34
-54
46
9
0
38
-19
5
-3
75
3
-26
22
-41
-46
-36
-8
-1
9
37
2
-11
37
34
127
18
0
-39
-37
52
-19
109
38
-51
36
2
-8
56
-14
12
-15
-66
-39
55
72
15
74
85
55
-19
-12
10
-4
-23
-37
-25
-29
-12
-11
-25
31
-26
-68
-22
-66
-3
-102
19
24
23
8
-20
-16
-20
-29
-55
47
-35
33
-43
-48
24
40
22
9
22
-42
-33
-48
-18
21
61
37
-36
30
46
14
-48
15
37
22
-26
29
117
33
-34
-19
-6
47
28
-19
-6
-30
-27
-32
-27
1
15
2
-8
-10
-24
26
-26
39
71
-101
-27
-15
26
-14
-30
-86
13
24
28
-19
12
34
-2
-58
-13
13
-12
43
-8
23
-4
-3
-63
1
-69
76
24
-73
-25
-33
8
-46
-69
30
41
0
20
16
31
7
43
-63
-67
29
127
28
-27
-17
33
45
-3
21
9
-2
9
-41
-2
-12
8
13
-20
-13
-33
-46
-73
0
-36
29
-39
-34
-15
-106
7
-18
-23
47
51
-74
69
28
6
19
-37
-5
-5
-77
15
10
42
15
-9
-15
58
29
25
-37
46
28
-11
-46
-40
-41
121
-42
23
-65
-5
-30
-30
51
-7
-11
87
99
-44
-9
-27
-27
-17
-36
22
41
16
29
39
107
19
32
20
-4
-20
22
-1
30
-2
-42
-9
-37
-51
23
19
-1
7
-18
3
18
16
-38
-48
13
-51
-61
3
69
9
-24
-26
10
4
-24
14
-27
48
-7
18
37
-49
13
-27
76
4
-38
3
-12
-35
14
77
-5
12
-25
-35
-6
6
-11
27
-50
-48
52
-24
15
-25
28
-5
95
62
-46
-27
-14
5
82
-15
68
3
23
5
34
24
-22
-19
11
61
-12
5
-24
23
-40
35
61
-30
19
20
-50
-5
-28
55
32
0
56
-19
-36
20
-3
-57
-24
9
-38
-29
-46
18
-48
-43
52
55
21
114
-33
26
41
-15
-16
40
-14
-39
16
15
10
54
-21
127
43
51
17
13
39
66
39
35
-21
-1
5
-27
0
42
68
-62
-78
36
36
72
-58
62
14
19
61
-53
-40
4
13
0
12
27
89
-53
9
35
-34
-20
43
-16
-38
-7
58
19
34
-38
-30
-16
48
-17
1
23
-67
57
-56
-5
-37
29
64
64
58
38
60
-19
56
53
-32
-51
14
-26
17
17
5
17
5
-41
58
-45
42
-28
-33
5
-42
-18
10
86
51
-6
42
-28
67
72
7
28
20
53
-5
49
16
31
41
4
13
7
11
22
39
54
-20
3
-71
18
-38
12
-127
-22
-27
53
29
12
32
18
66
-58
23
32
10
14
83
7
28
-32
22
-99
9
-26
-108
37
77
-65
-25
24
22
-105
-1
-13
-93
-9
-68
58
21
-34
-22
-53
45
25
24
18
7
7
2
32
8
-11
43
30
27
12
-61
-32
-71
-18
22
86
24
71
109
-76
50
30
27
22
-52
0
-16
-5
22
7
117
38
54
42
16
-22
-48
27
15
31
90
9
-6
31
50
31
10
17
38
-70
12
9
33
34
-114
24
111
36
12
20
67
23
-42
60
-1
55
55
-33
-18
12
57
-7
27
-62
-66
66
-5
29
24
43
16
-72
-18
-16
13
36
-60
-25
-49
36
27
66
4
24
22
-59
26
36
51
-18
61
-32
-22
33
7
-2
-21
64
27
15
-19
28
31
60
-17
9
-30
7
-18
-31
-60
58
33
-85
6
-53
52
-14
47
-1
29
19
-24
87
-20
-31
-26
14
-60
-44
13
-10
56
-1
-5
-49
-43
-75
-35
-58
-23
40
2
12
54
16
48
42
36
-37
-47
14
-15
-55
23
-43
-1
81
6
-85
30
10
42
-21
9
-39
15
3
-13
-24
-4
-14
5
34
12
25
-58
27
2
-39
122
22
55
-65
48
56
-110
23
127
-1
45
0
16
-25
-36
32
43
90
49
-24
-4
4
2
100
5
40
31
60
15
16
-71
8
-66
25
-89
2
19
-63
74
-43
92
-64
42
-13
30
32
30
-59
42
3
-63
20
8
-2
15
4
36
9
-22
-28
-41
43
28
-105
26
27
21
-68
30
61
2
-3
-59
-18
14
33
-7
-6
46
93
-8
-24
-15
28
-38
-42
52
8
-71
76
-30
21
45
-73
-43
-26
-127
34
-50
19
-26
48
18
50
61
-9
-15
-28
-39
15
17
-21
-62
-35
26
6
0
-64
-33
36
14
-6
-16
83
47
-88
49
5
-9
15
44
22
13
-85
47
77
-11
19
88
-60
-21
51
9
12
13
47
10
13
54
78
5
-38
-3
-80
17
16
22
-9
-6
12
-23
48
-123
0
-16
54
-82
-65
53
35
-49
13
-42
68
-31
71
12
73
-14
-41
62
-15
-18
35
32
-41
41
1
-86
-32
91
-6
-11
26
-12
-68
85
2
35
-38
32
2
-10
16
-17
-7
-7
19
24
34
-22
60
15
-100
50
50
57
58
7
1
12
-58
8
-23
36
11
-29
-33
-22
-38
-58
-121
-37
-50
39
-2
44
70
45
19
-20
44
-41
23
-49
-55
0
26
-41
-29
-24
8
11
-27
44
-41
-22
27
8
-24
75
35
-19
-15
66
43
16
-64
56
38
71
36
-6
54
42
17
-5
90
-59
-19
50
-42
-7
22
4
-66
20
-30
-39
-2
21
19
-13
-31
0
22
28
-20
-3
11
-18
-24
30
5
44
-40
25
-1
-2
-80
-24
67
-38
-59
11
-16
3
-39
28
30
9
40
28
18
53
-57
-52
62
41
-11
73
-4
42
-15
62
60
-17
-9
3
14
27
-18
17
-15
-11
41
75
59
-13
39
-6
20
-30
57
-46
-59
6
-11
1
55
43
-22
-127
-9
-61
-32
-29
60
-45
74
21
77
-20
7
-22
-54
46
35
47
52
-33
43
78
-20
14
-52
-45
-2
-39
53
-10
-54
37
4
25
-26
-1
59
-79
20
25
34
16
29
-9
13
22
-17
27
58
59
-19
4
5
-13
22
-32
31
-31
-48
-20
2
-14
55
11
-97
-35
-8
72
32
-8
-24
-72
29
-14
31
27
14
-14
-5
46
30
-13
-9
-25
77
18
-28
-71
-20
60
31
-65
97
-74
-5
57
19
0
-4
83
7
-55
-29
-24
30
-10
-43
-19
25
58
-64
1
39
45
13
37
-92
-37
31
65
-62
51
-14
-15
8
8
33
15
-40
-7
-3
-5
-30
-78
77
-19
7
25
8
15
-18
-28
-12
100
-42
-4
14
-127
-54
-36
-12
-31
-45
-13
27
-3
-64
-18
49
44
56
18
-5
-1
12
-4
-9
-11
-38
15
54
80
54
-45
-63
-9
67
41
105
-32
29
-12
-69
-42
-41
-8
-27
-7
-13
-64
-43
33
83
-102
-9
-3
33
-17
-6
-7
-21
67
83
-8
-52
57
58
30
48
-11
-30
-48
48
-73
51
48
70
-28
-46
-46
-66
-24
28
-42
-42
-38
-54
16
7
86
7
-85
31
-10
-62
-87
-36
-3
-3
-28
-22
115
-30
-8
-31
56
-17
-44
-18
25
-76
44
70
74
4
27
63
-26
41
-28
-91
93
-83
-6
-94
55
-25
32
10
-5
37
100
-16
71
-24
39
-41
-63
1
-53
-96
69
-43
-40
64
22
-38
-13
5
31
13
-2
-56
-62
-9
41
23
21
3
32
13
25
28
-6
4
16
-4
-73
104
-29
-70
-65
70
27
-4
122
2
18
1
-67
92
42
56
-13
-6
-32
-59
41
21
38
42
-39
-33
10
9
10
4
68
-11
127
65
0
-21
78
56
2
20
-54
14
-62
-11
-58
-28
-67
-58
16
74
-6
54
-102
-100
-37
-7
-57
-24
22
-21
-22
-41
-52
-15
-13
47
3
-4
108
46
-2
-40
9
51
-11
-28
6
-18
65
-65
-56
24
51
-31
69
8
-56
-21
23
35
57
-55
-3
-10
80
12
44
0
-41
-5
10
30
-78
9
-11
15
91
-74
-11
83
-17
112
-57
42
9
-54
-59
-34
22
68
8
36
-54
-24
-46
33
16
9
-6
18
2
14
97
61
-22
49
-111
-3
39
-8
2
-31
25
31
-59
3
-11
-4
-67
-11
-43
-6
17
36
-21
-33
14
-63
32
-11
-8
-31
-27
4
28
-14
47
48
95
22
-47
71
-63
-100
29
-22
53
20
-86
13
91
16
50
-38
-30
-22
-20
72
-5
20
-39
6
-30
-39
42
-88
-17
-84
-75
-18
19
-31
24
52
70
43
-41
-49
-36
-3
67
-61
-85
46
-92
17
-5
-75
-19
63
-43
71
-70
43
53
3
7
26
-15
48
51
81
9
2
51
29
21
-69
24
-36
29
16
44
8
-14
-4
-42
0
-21
5
-69
-39
-96
28
-56
-67
-33
7
84
10
98
-41
18
64
-35
-20
-12
-53
-1
12
51
-21
38
-94
83
38
32
-4
-77
-33
58
-17
-73
127
-46
-75
-44
-39
-19
14
-105
20
-8
-26
-11
-35
2
-49
11
-3
-24
-90
8
41
-2
-92
-1
25
-57
18
64
-69
-35
-42
-61
0
53
25
-90
-29
-84
18
-65
18
-39
-13
26
103
32
-27
-73
16
-24
-59
-24
-47
-12
-15
18
2
-20
-10
-36
0
-48
-43
32
55
22
-46
-50
45
-32
-70
-1
47
84
-12
3
19
-76
-50
49
-30
52
9
-53
-36
-84
-60
61
15
-38
-75
57
37
-20
6
-85
11
-1
31
49
-11
33
26
68
-8
11
2
-35
2
35
-42
10
43
-34
-73
12
102
-19
0
22
1
35
-73
47
-23
-33
31
-41
-32
1
-10
-33
75
-103
49
51
51
3
62
19
51
61
48
45
3
33
57
-16
-22
-50
44
38
25
32
38
-17
50
11
-10
-27
-51
-72
34
89
6
-9
43
0
71
5
0
61
96
32
38
-8
59
30
16
47
-20
29
-16
69
23
-58
29
-3
5
-72
23
-93
19
-48
44
13
-51
3
73
-23
30
-27
18
35
19
8
19
-23
-21
-3
-38
-10
37
-40
-23
-31
43
1
12
19
-40
33
76
0
12
45
-36
14
39
-3
56
-8
-15
99
45
-52
84
20
74
9
34
-10
0
-2
-1
11
19
-19
-2
-19
68
37
46
-6
-8
-21
-70
-21
32
-79
127
8
-14
96
66
29
96
-3
-20
-47
87
-6
-74
-21
8
48
57
-12
-15
-15
42
85
-25
28
-45
36
4
-34
4
-36
