-26025
-25232
-1728
7458
8748
5358
-2170
14042
15018
873
24180
5735
-3727
5291
21472
26393
13326
15456
13034
6443
-130
8063
-20354
-496
7552
-8360
-4045
-9039
-7321
-14418
14966
-9262
8842
-3303
11602
-14712
-11293
-2474
-11650
11908
15199
26010
9270
-5747
-18256
4612
14096
22082
-13788
-7282
-8059
13851
3984
-625
-1837
17893
12291
421
5996
-3862
-17925
8530
-7552
20165
3467
10086
4417
-9927
-3530
-3302
-620
-9850
22248
-10093
-744
-3854
410
-14154
11825
10330
-5691
-3226
17016
2683
-4691
-8929
-5922
9551
2230
-1558
-13393
-10337
-13584
16102
-9841
3382
-13537
-13474
-4561
11863
17273
13356
-11873
9790
12103
-5378
-4826
-3355
-6908
14452
11919
22550
-363
4327
10187
-3781
1751
-742
-14092
693
13174
-2660
-2441
3060
-3930
-7436
3685
-14946
6529
3699
5418
-11240
-10175
6290
-9583
5405
15515
20879
274
-7833
-14230
14090
-4516
2638
-21383
-16790
-5143
5028
7886
3767
5037
11569
19557
-4537
21688
9513
-9175
-1782
21798
26890
14610
15926
7741
4373
8029
5449
-22302
-8069
10287
-11464
-10035
-8454
2985
-17353
6174
1946
2134
5882
14787
-4492
-3431
-1630
-7789
5420
15545
21717
-780
-10906
-17737
10938
7859
18446
8123
-4757
-9367
9904
12698
2354
-6060
3515
7067
4023
-15624
-9594
6975
6066
-12660
21633
1693
-3788
11656
-10630
1522
-17265
-12745
-8081
11142
-5191
-9348
703
3116
-21076
3042
-1565
-382
1341
17556
13533
-14382
1800
-4728
991
15708
-6680
-4988
-7192
-182
7076
-15632
-4365
-15012
-10436
-138
18082
9003
-1532
-1585
11140
5850
10517
2187
6156
-9131
17299
8823
6558
-4578
10214
8592
878
-14875
-3672
-11177
126
-1632
-68
-9532
1004
-7064
-6677
9523
6081
5726
-2570
9447
-410
9561
4907
-322
8628
3110
7055
4667
-2875
-12996
731
-6953
16378
-6613
-226
9180
-809
10702
-9607
-2317
11300
7685
-60
7830
3542
-698
3807
11278
10089
3837
-2279
1281
7767
6028
-1487
-16257
5594
-9305
-19108
-9226
8714
-764
-10648
-2983
2170
-6797
7429
19745
2752
2280
9772
-5070
-63
9820
13865
2256
569
517
-6955
142
19160
-14971
-19130
-6800
10649
1460
1479
-8642
5533
21367
-5806
4571
-1299
-12640
4513
11747
19313
6510
4243
19970
4266
130
2597
-12438
-3287
12756
9041
-2943
-5798
-5218
-9880
15424
-8337
11729
10475
-1306
-13507
-14712
-3803
-4518
18854
14348
16669
-8000
-15166
-21639
27652
10495
13265
-2069
39
-13245
11036
-4784
2485
4046
10419
22410
4969
5828
-3207
-10542
10738
9748
29283
-5683
12150
8685
-8497
-13609
-5209
-8639
-7334
26747
-6041
-6634
-8407
4025
-6805
5762
10684
-6185
1881
6100
-7284
682
-7480
-15426
14376
8471
4731
-5167
-16420
-18681
20946
-15085
3507
-8912
-9195
-1773
14895
3347
4759
6617
9877
19399
3684
-2639
-6174
6209
4255
14082
24949
2108
12160
17423
1166
-14863
-17109
-16504
2930
8727
-7265
-14208
-4318
-1416
-13439
9027
-1147
-870
4958
18571
-3122
-17425
-6197
-18544
11841
12265
13003
5992
-8672
-9566
5193
-2614
19991
-2938
-2282
-2229
5267
-1867
-9339
-3885
8650
4630
-5189
12540
4691
-8034
-2915
10517
-3999
5622
-1571
6287
6535
-1097
1987
1865
5233
-6151
7835
-5633
3497
-7451
1286
5841
-2396
10587
1286
10251
7265
-11727
-5028
4814
13850
-2040
14194
-6786
3675
-5736
-753
-4949
10026
-859
-22403
-11480
-835
2122
-3377
-13826
15983
7304
-12978
-28390
-17611
-4278
5002
-6875
14127
4202
-13388
29066
3232
-3550
-11971
-4300
12637
-6145
18696
7423
-9616
724
-8288
3454
-9527
16648
16690
20582
-8109
-11320
-1728
-3780
1407
-7103
2780
-11205
-3074
8365
7123
-7070
6006
-19770
-27527
7134
15274
12430
14754
-3586
15605
4042
280
7863
254
9283
9586
21617
11919
9855
4659
14544
-14199
-6352
-5863
-26476
24560
12576
-11693
1181
-6449
-4916
-5564
3775
-6081
6391
-7755
27752
-15350
-15377
-2404
-16833
-2205
7913
17812
14301
8743
293
2693
-20392
25726
-9588
-14213
-8338
7656
10242
12575
-2509
7520
21202
-3379
-1938
1832
-15907
1928
11557
13286
-936
10282
8565
-7406
-3090
-734
-14042
2342
-3759
2352
5211
-7823
976
-11482
1196
-1037
-5365
861
16074
-2450
6539
-9549
-5851
-726
-6295
16576
-2346
-7513
-12015
14306
-10812
7314
907
-1854
-1002
-4462
-119
-4217
785
6849
4198
917
-1471
-4334
-2404
-5391
6615
12492
6988
-2036
-3917
1856
6355
-5857
-1780
-1734
-944
-424
-7478
2781
-219
-7927
-1923
-2169
-4623
7823
15924
-1062
-7126
-854
-3388
1121
8109
7139
-3873
-446
-715
-1263
-10305
-512
-2595
-3896
1661
4922
3626
-3424
2164
7498
-4619
12734
6080
-4128
2686
281
13429
11005
5423
8568
3839
2180
-3269
-8406
-9708
-619
894
2032
-15923
1997
-6262
-5764
8240
-2510
3511
-3469
16102
10675
-5298
747
1988
7523
9339
7681
-130
-3501
-5135
-11185
-10994
11615
-18859
-13926
-3239
23393
8073
-2443
1627
15647
-4204
7527
9942
4591
-996
13567
-2354
15301
-10901
21561
13709
-5346
-11561
-2212
-383
1917
10880
1567
-4259
-3413
-13764
6790
10712
5426
8095
-24871
11433
2684
651
8381
-6060
14923
12999
3067
8235
1550
-13877
-141
-18802
24268
-8710
-20876
5678
5936
13651
-3692
-821
16685
-7424
11715
-13170
-11528
8210
17819
-1069
9808
-1493
-866
14419
-4039
-4932
-8098
-12853
13390
-4376
9199
-6667
4079
-4983
-3118
6512
5924
2336
6144
19154
-5772
-751
10628
-5030
-2109
13173
3668
10480
6473
-235
-7913
-15711
21909
-22075
-4084
-205
17808
4571
-15840
7753
20275
-2310
2312
13622
-1807
-2179
-2400
-886
11652
5525
23848
4871
5824
-5685
1087
-3926
-633
3250
-10617
-19906
13488
-11596
-5027
18303
12624
-5235
-4124
12005
13817
497
-5234
-7050
16986
15608
3967
-899
-8899
-14910
-5101
1320
26187
-21117
-10924
2970
27660
8927
769
-7538
1578
12321
-2781
3873
14034
-9894
7863
22966
17806
1102
6101
13486
6965
-912
7372
-23704
-2248
5140
-11283
-8208
8374
-6476
-13299
15532
-683
17165
-2356
4942
188
4319
10280
-7234
12301
22257
18840
1922
-7375
-12484
9751
2563
14103
-6726
-17292
351
-5848
-1185
4889
6661
4915
-5404
17684
11648
971
3016
-1740
16138
23907
2813
12099
1183
-3063
-8339
-13567
-9008
-4467
1579
-5701
-13167
-16124
-4668
-3642
-4710
4338
4658
-6808
21626
4902
-4882
8888
3371
3682
7061
6475
5865
-2182
-4266
-8420
-8152
21332
-3705
-12202
9178
-5398
2639
3463
-4077
13634
-5827
-15
-7960
-19018
600
11302
-1384
9987
3986
-546
1303
-6935
-2691
-8606
-1282
2816
3291
457
5957
-8384
-3673
6791
3549
-11679
2455
-3615
17061
-4410
-11720
2641
3552
-9400
-2887
9973
1184
12097
102
-2719
-21678
2628
-6779
-9539
-4802
-3388
2490
-2949
-942
20741
-22
-1168
-12349
-15899
-4635
2895
-6342
12901
1294
-2006
6717
-7538
-68
-6209
-5092
2543
9805
3718
1789
-9075
-4058
-4399
1281
-3864
-2240
3141
14866
1865
-4099
694
3569
-4428
721
4323
1100
2645
1528
2981
-14897
4347
-4557
-4534
-4649
5090
5684
-1988
3377
12194
1322
9523
2065
-10380
6836
2517
-1962
17361
302
11382
598
117
-12480
-20503
-2152
3767
5359
-704
-12013
-4702
-2888
-3711
8298
13006
-6998
-6442
18993
5532
-12087
-5750
-9025
16118
8637
7506
4981
-4965
-6263
-123
-9620
15062
-20944
-14116
12835
28007
5938
-12492
-2396
4230
-3275
13300
1851
7275
-4772
14752
17414
4913
-7195
14872
11846
-79
-4836
-314
-16691
3722
-3176
-3256
-11476
7181
-10167
-10477
15595
4875
14671
-8885
-447
5816
3872
13545
3393
7280
17403
8084
7098
-800
-12069
1113
-8614
25984
-6446
-15582
6233
10763
12885
133
-11285
2916
19092
1524
127
6824
-384
5947
14739
16913
8920
611
17559
-1454
-621
803
-7963
6297
2618
-5043
-798
-8553
-6926
-1616
861
-6696
8031
6561
4436
-7302
-13452
14548
-5870
6359
15833
15426
-3476
-7294
-4319
17667
-8003
14034
-3466
-12797
-1814
5560
3858
3723
-5936
3818
20478
1559
3909
834
-15011
-1871
8987
7488
6212
6382
5340
-6655
-5317
-2133
-3178
1066
1151
4102
6100
-15614
-5011
-9189
3552
574
-1295
12311
15498
4663
-6879
-8816
-34
3212
-1964
10876
-7419
-6847
-10883
18889
-11124
-2285
1679
-483
-7101
-2194
-1775
-10093
6402
9134
4973
-12605
-6735
-17883
-6092
2348
-859
7815
501
-6982
4567
3654
5875
-4613
-10457
5282
7410
9037
-2784
-9587
5020
-11038
-3771
-3418
11608
17909
5762
-6984
-13793
528
10399
-3678
2851
-881
3884
-657
-14491
6077
-7953
-7557
-30303
-377
4725
23310
4937
-10150
3585
18643
20400
-1347
21468
11704
-17778
6942
18889
15922
2355
18553
3313
2881
-4799
7110
-25473
-970
11113
-25114
-12403
12648
-2473
-26733
12597
23379
-3867
-2076
10864
3560
5241
2006
-11741
14093
11316
7167
-3068
-12519
-22218
9322
8187
36708
-8513
-8995
5044
5368
7568
11870
-10570
12230
636
11831
19684
5160
1405
702
19775
26179
570
12632
11328
-12934
873
-12043
-13544
5091
6712
-13361
3066
-702
-7842
2511
-1443
-6325
-1323
-15137
12545
-7116
-9759
13477
-4882
11822
13429
21065
-3770
2777
-6247
-3352
-16352
21722
-5263
-14823
-1566
338
13494
3195
-6364
9509
4935
5693
7612
6809
-4528
4372
6880
-1302
9794
-1250
1965
-10076
3970
-6044
-935
4327
-6767
-449
10098
-8477
-5786
4813
-2744
-11538
-8708
-5510
15646
-3172
-21
1396
-1638
-1686
-513
13499
-2351
419
6626
2772
-10770
8844
8229
-15118
-13363
-20397
72
-4741
-4718
9741
-3905
8732
-9902
-8694
4359
-7565
-1926
890
6945
-16577
10848
-4529
1440
-8380
-6127
4216
-9797
13733
2688
-2546
-1593
-12867
-6534
-14225
-2805
7995
21813
2796
-11088
-2812
-2206
-1666
-13535
1394
-4424
-1518
18919
439
-7223
1074
3307
2303
-5912
-4890
-15229
-3016
12636
11883
-2893
20222
2527
-4981
-2659
7561
7138
11502
-9913
11575
5540
-1453
-10060
-3882
-103
-10633
7932
5942
-13255
6778
7942
-7799
4224
18160
-9387
8972
9258
4821
4457
-4271
-1869
15337
2593
2539
-7217
-12572
-10615
1430
-5205
8805
593
-1743
-12020
18176
2774
1455
-962
1663
12559
15309
-2556
-2151
9446
5427
9472
13976
-985
13986
12842
31
-12973
-17545
-11508
-2489
15674
-4295
-22925
8146
-4470
-12003
15343
921
-7494
4228
5100
7558
1532
-17754
-13985
12508
10510
-299
-6393
-9157
-3800
-10948
-3191
3202
-15094
-8059
5200
15831
13655
2900
-7488
6762
-429
8968
5556
2639
3487
7003
13637
20803
-8948
14594
7574
-10677
-5707
-2504
-20084
6721
6397
-3228
-4065
4527
-6996
-10269
4539
6978
8597
-11909
9809
-7848
-1994
12730
-8107
8656
11791
12103
2353
2059
-14425
532
-14579
24009
-15321
-12708
6777
9113
24242
1022
2771
9773
-4055
9789
11880
-1049
2903
14908
1234
4359
-3060
9092
3162
-6505
1498
-7787
-14273
9527
-1941
8865
-2970
13296
-6651
2509
3201
11607
-1945
-11729
7222
-10751
9158
7793
4422
31
8301
7368
12336
12247
-4283
-10471
-18444
20241
-10410
-22527
5242
-2435
25458
-1035
-1293
12836
-8957
14684
6175
-3928
10781
19323
-114
-5050
-943
-5898
4624
-13785
1999
-3785
-19205
19266
-9901
6214
6784
-4266
-8198
5821
1139
-1565
-3531
-16644
19907
-8508
1149
12690
-218
-8528
2236
7910
16194
19750
9296
-15229
-24156
25368
-12283
-2284
537
3491
6374
-21796
8800
11026
-11871
10180
13312
-1541
8821
-4029
8774
-903
1635
13114
-1825
3230
-1154
954
-4759
4075
-10169
-6860
-18523
12012
-15506
-10527
7948
10134
-8040
-7844
20641
8348
-962
-1087
-4654
18415
12891
7245
12085
4448
4153
-17835
-2112
28058
-25892
-7338
4177
37895
10840
-2721
-5383
6841
9542
5256
1016
14861
-10108
16170
21981
16515
-3659
14228
16808
4650
-11112
4419
-22100
1381
3537
-12682
-16011
16613
-9710
-13238
19786
2567
12274
-5245
6302
2562
6806
8448
-12344
16442
20018
11810
1869
-8175
-15659
8181
1884
19634
