-661
1326
907
308
1678
221
214
2
356
113
-471
1371
-2626
-627
1905
1397
-495
-698
954
-3317
1487
1058
-1106
-128
409
476
-251
158
3086
-870
-3463
-1088
893
-1925
1003
-512
2075
658
-159
1550
-360
-170
925
578
307
727
127
903
38
1030
1630
-711
-582
-1171
-324
653
-150
-267
-762
-213
1079
298
1105
122
980
114
2255
1287
779
841
2269
1571
-2033
-149
2261
11
821
-69
26
291
-896
807
2410
1759
-2554
1590
2219
-612
1501
204
-154
1941
38
-660
219
-367
1100
-2662
-114
284
736
1477
-385
-327
656
2961
455
1368
-233
-2027
3252
2156
2479
68
1726
-1254
-78
169
2019
2589
-513
437
-1330
468
892
1588
290
1573
831
-399
1269
2272
294
-846
74
1169
664
-1628
1444
-124
1263
-259
-465
218
774
617
-3
-138
3878
820
-1540
2837
563
-60
1895
-93
-626
808
695
-1058
2996
-412
1796
535
1102
-176
836
1519
2805
400
1461
-787
2046
480
-474
-1149
1097
354
752
-457
202
-1149
1766
-817
-993
-1393
1716
967
-73
1248
1599
744
