-850
1020
-283
-3252
1812
516
971
87
705
505
-1953
1236
-1457
-633
476
1109
1686
229
159
-1121
568
-5186
-1533
749
868
1040
3207
-192
1168
1235
666
1307
-540
677
803
315
265
842
1555
2524
1379
1256
2023
730
1092
-934
86
470
487
848
-429
329
433
447
-2057
-368
1066
-513
-1613
-3487
-617
-4033
1354
856
482
1473
145
1262
-3058
-936
-633
1817
1688
215
186
-2136
2211
600
-702
-95
-33
456
410
799
94
462
1234
182
1016
650
-1493
-384
-805
-1394
983
525
-798
242
220
401
1025
-1457
-327
1256
-185
-85
-434
77
532
-582
-98
78
746
811
-47
-2731
1235
-1893
422
1680
-809
1572
-3833
893
-325
386
-657
-276
-1201
252
923
1751
711
-140
823
215
397
-232
537
-396
1856
328
-1213
930
