-12642
-34097
-3169
-8158
-7797
-1257
-25404
2172
-11415
41292
-8979
-4319
18894
-10071
2971
12996
7995
38271
-19184
20692
-19209
-15485
-15579
-3625
-3607
15038
-1922
-9156
-22670
-34873
3828
-5962
17096
-15555
-10257
-5937
-3730
-420
38900
2614
450
13765
-6292
-6743
22349
-9983
5598
8273
-13010
-4831
-12471
-5230
-10455
340
-24217
-10305
13410
-9521
-7512
-3754
6015
4941
-3127
-4980
8234
284
-25085
17907
-17142
-15431
-9756
-524
6867
-1899
2802
-4493
18935
-1339
33932
5791
-5482
-9901
-13054
7574
30636
32575
-13885
14635
-28950
-18173
5083
-5184
17751
-15716
10985
-12584
-15300
-3307
-9311
-1870
-13783
-17267
-7987
-30230
18452
-11470
2631
-13077
-6269
-9801
3340
44465
20179
-15226
-2284
-14739
8065
-6601
12291
1109
-15128
-16662
-8127
17708
-7094
-6805
9941
-42
-8982
-8114
-26801
14363
-2667
41880
-10275
15526
22183
-13966
-26010
-2060
-12790
4463
466
-13088
16324
-3264
-13161
-14970
14697
-6278
-6270
-4986
23463
-6492
-10449
11565
-18186
-1695
9672
-3237
-6349
-35402
-10901
-7420
-8695
-585
-6578
-13039
-13468
49942
-3007
-5033
20090
-10370
5667
14947
22374
27846
-13389
35226
-2639
-12985
-11698
-19411
-7030
14138
-964
-5091
-20106
-37444
2987
-413
-4280
-11305
-13499
-6339
-7642
13042
23714
3190
-10479
24386
-7512
-5707
2232
532
1869
829
-8116
15405
-9659
2574
468
8186
-26157
-9232
11935
8848
-11328
-9903
-16011
-9785
2629
-8834
5001
-1531
-17504
33107
-18828
2579
-11718
-4173
3457
992
2947
3918
33163
-1861
20018
-685
-9559
-5733
-13976
11077
29683
33396
-11573
28119
-22588
-11220
-15294
-1134
32879
-19044
-4431
-11026
-15618
-8645
-2360
2633
-5064
-17300
3665
-31303
19486
-13743
-5729
-12543
-4662
-16652
25742
57870
32101
-16579
-6879
-21501
-14811
1398
20566
-4435
-13561
-886
-10874
39243
-6390
1781
8511
10666
-7801
-13717
-24411
-2225
2944
34029
-10714
27017
29212
-22841
-28177
-5166
-21372
16045
2118
1697
28872
8952
-5794
-15925
4543
8888
16670
-2680
8235
-7545
-10457
24023
-23153
-1281
8336
-8639
-8871
-23328
705
-13600
-8166
-3549
4259
-12861
-15811
19119
-7596
-10929
1727
12556
8839
7868
21140
13808
-1938
16222
4428
-10914
-3879
-4793
4034
6495
-5743
5130
-5012
-10069
11699
-10258
-5766
-12278
3320
-1066
3184
19109
7553
-964
-15178
12202
-14610
22449
6368
-2421
11804
-1683
-7716
8245
-7623
15613
-10929
3806
-14373
13826
12295
11339
-8539
792
-13727
-6814
5621
-7160
1551
1032
-4508
18806
-1722
2269
5044
1761
-6292
-1398
10761
15208
16350
-11965
11413
3570
-11419
2975
1402
11299
13432
18325
6132
9257
-14138
-7111
-11197
5075
16981
-14443
1126
2864
-14011
-11599
-4062
-31
11225
-2960
7366
-15486
6127
2653
-4917
-10400
-11454
-11339
21914
21863
20044
-73
-3559
-20864
-6556
5965
12225
-786
5724
-336
-4375
16343
3840
-2659
-9459
23256
-103
-3165
-18200
-13195
-6040
12354
-120
6865
14331
-17752
-18356
-7257
-10461
17743
2563
4146
13128
10076
-10449
-1518
539
21638
10547
-6692
9520
-8403
3570
10945
-11891
-5100
10320
-3143
10803
-441
2507
-7958
1968
-8945
6665
4590
1618
-2496
6200
-992
13490
-17041
-288
2580
2526
3738
-5982
-5469
8870
7289
-7855
-9407
-9114
10391
-11531
-11730
-3830
13852
152
-3480
-4404
-6879
10578
-14871
6009
385
15280
5487
-5919
-3119
-6881
-19787
6090
3910
6691
-6800
-5711
-4844
6697
974
5048
5354
7162
-14709
14646
-5664
-5626
10311
-5187
2368
-5340
4565
6763
7496
4051
1062
391
3783
-10948
11116
2710
11655
1401
6948
-1543
-10467
2508
14984
821
-15315
-9089
862
2831
3422
-4802
-5757
15418
794
-9075
-13338
509
-4514
1959
-16096
-4759
1053
14210
1119
2669
8358
-2526
1338
-1182
449
-5028
-9948
-12749
-1490
-2761
-4175
11473
-13897
20813
-526
4246
2775
4303
-7062
-10707
-7153
-11778
-3479
-15473
8472
-3344
1932
-2227
-434
-564
-4527
8090
996
2786
-8019
-1415
-3698
-15125
-7017
-18782
1090
11444
7020
-5124
-3688
7915
-2350
-2851
21293
837
-4973
4882
-8680
-14786
12965
10111
-3591
14525
-6597
-12826
-13974
5057
-9904
-18213
-6843
-6247
-365
5267
-8509
-12121
6279
-30475
-9726
-10317
-3537
-7794
-5503
-5025
-8529
-8633
-17622
-5620
-7410
-33695
-7009
-12169
20037
694
10084
-13489
-6627
-4456
-4844
10268
5309
-11655
-11925
-15225
3821
7040
-6188
-14612
-405
-3783
-8784
-2936
-8567
3704
4129
9067
-11257
12612
1351
5857
-7489
-7451
344
-18027
-9636
-10316
-11439
-8947
-9508
10310
-9180
-866
-4256
-8066
8203
22315
-6735
-9836
379
-9949
-8561
-3854
1777
-5094
-8819
-3437
21235
-17403
-15215
-13292
-9288
-23799
-4346
56
-4514
11941
24560
-6700
5881
-6326
27980
-10830
-6055
8556
-4182
-3105
3492
-897
3836
-17073
-11565
-1265
-7889
5315
3183
-15538
-6538
-2882
31255
1860
10377
151
2405
-6115
8672
3531
-5836
-1388
-8704
21854
15162
-71
-11293
-21186
-6900
-6369
-10254
2684
-14504
-269
-6524
-3585
3662
1207
-18426
-7449
-9938
-1034
-11728
-4234
2619
8210
-5489
1780
2922
5155
-3082
-1868
-6621
26885
10004
4380
-15302
-6267
-2896
-17739
-38018
-269
-12527
-16622
-3995
-30013
7235
-16603
48214
-7582
-13042
31002
-6286
10519
18710
13258
46387
-12737
30813
-28131
-16421
-13506
7598
-6957
20715
-5440
-19244
-24840
-60154
9624
-8121
7543
-15664
-769
-20376
-546
7141
44403
-3994
-8049
22114
-2925
-10061
27463
-13449
3421
5146
-16317
7811
-34062
2197
-6961
3871
-28995
-12011
3423
-6884
-14969
-12958
9883
-1411
3119
-2350
7282
1483
-45855
30268
-23747
-22390
-17308
-8129
9659
-385
6818
827
30005
-4345
34611
4716
-4752
-18702
-22193
11192
28122
27927
-8997
20160
-25381
-30157
2074
-16265
24997
-18653
10942
-26172
-13858
-4461
-22681
-1048
-14213
-27119
555
-39111
19594
-22338
1479
-13041
-5016
-17920
6346
57802
2462
-20897
-5553
-27288
7766
-18227
11914
4765
-16725
-9834
-18878
10905
-13848
-17284
594
11823
-19595
-16688
-30874
21365
-6126
44779
-14171
27661
31632
-17393
-18538
-6364
-7181
12223
-426
-9991
26670
11266
-20901
-29087
5610
-15249
8251
-6349
28706
-9283
-21638
-3888
-39563
485
6800
1156
-3986
-31932
-6826
-10086
-12240
-2597
-14418
-12277
-6718
38006
-11885
2257
14357
-2869
12275
16645
13780
26684
-13670
22023
-14012
-16954
-10167
-5955
-7855
20394
-7501
2108
-18026
-18418
2443
-7966
2476
-19037
-1944
-110
5749
4516
25589
-3494
-2189
13766
-12304
1445
11714
-10297
10338
4301
-8847
6406
-5995
1381
5786
7819
-14805
-7418
17933
-2721
-5280
2515
-17264
-6216
-11423
-10579
7028
-753
-8736
22827
-12560
-11409
-2923
1805
1450
6352
1981
7864
21901
-1184
26231
3938
-10701
784
-5963
4492
31920
32966
-3397
15284
-10304
-19974
-4455
6060
20813
-11954
4193
-1291
-20271
-9482
-1317
-3141
-8521
-6482
-1655
-22927
18057
-12191
3028
-14106
-6496
-10471
11185
42660
23954
-1120
6976
-13730
-3765
-5266
18558
-2426
-13695
-10787
-19157
29190
33
-1214
9520
7003
-12499
-16507
-20252
3368
4947
34787
-10089
15778
20147
-17480
-23903
-9371
-17673
8688
1946
2089
17509
3835
-8515
-13691
7225
17901
8605
-3354
15079
-2946
-2067
18210
-17213
-4189
11193
-5386
-2477
-6686
9679
-11193
-14076
685
-3088
-8689
-4702
2986
-7949
7307
-5986
20950
15234
6330
10652
10434
3992
4125
2059
-4553
2037
5223
4788
28551
-5714
16794
7364
14181
10219
-7857
8886
-15499
13550
16400
17656
10829
4761
4991
4757
1640
-7823
33259
13521
-3216
16938
4193
8346
-218
5137
11531
6952
18246
4255
16888
17780
-448
3305
18956
-14292
5608
-11083
-5291
15967
-50
13664
7478
15913
-3752
17774
13658
6505
13304
7924
16001
3045
-2134
17228
13904
-6662
15516
509
7412
24437
16011
11133
-1762
4326
-16378
11103
16838
7844
-1725
9655
20686
-12073
-7541
11643
8203
11380
1198
5985
1690
473
-1881
8596
-5510
-7818
3356
11232
3839
19836
18098
20623
-4990
14083
-65
19005
9824
15272
-777
-17442
10418
13966
2292
8074
11112
-8447
-9451
-6840
862
7194
8613
6705
-4087
3283
-2283
-12365
-9423
-2284
11845
13778
4194
760
4064
1277
4618
8730
28900
6292
6178
15981
1181
17477
25320
2423
-6015
10022
3361
9398
6361
9003
-5829
-4246
-4081
3803
8818
14784
-7671
3612
14013
21820
-14938
5953
-1606
-10303
12870
-10686
-22747
7423
10124
-8246
-4439
-15573
27189
-13814
-13893
-3465
21079
-10902
1272
11321
-16375
22964
-14858
15855
-18261
20617
11177
21742
-14964
1261
-20905
19225
451
13801
4786
8529
-9182
20810
-13251
23761
15197
21172
-17459
16401
-13690
1064
24470
-9210
826
-10647
10285
21917
2038
13155
-11136
4560
-4476
-13290
17080
22033
22920
-5321
5038
-15185
-932
17661
22038
10413
-16411
-13125
-16137
13364
14897
-8763
-18812
26992
-14603
12077
-12277
-13979
4905
11421
-16708
-7008
6397
24475
9656
-8874
5830
-12062
7657
-3666
-13247
6974
-15522
-8506
6117
-21015
-11591
20414
-9232
36610
15254
30947
-8734
9653
1500
-11218
-17857
-13305
-1580
-13194
15822
16227
-10730
-13652
-3893
-381
3373
19606
4460
7424
-17383
-15910
14115
-9111
-10875
-10697
-12743
17572
4967
-13644
-7623
15393
-2591
10512
29163
-853
1352
23447
-8897
-16035
21188
17577
-7745
11105
1641
-13621
-11587
-7094
-4502
-20325
-6888
-12777
-2510
3394
-10699
-16952
4168
-29644
-10875
-8829
1658
-7980
-3205
-7235
-12303
-19630
-14493
-11045
-3946
-35021
3590
-19595
16720
-1925
15116
-12949
-4928
2409
-11683
18851
4905
-8383
-14665
-16713
2230
13394
-10358
-11878
7474
973
-23090
615
-4926
4253
-1520
11475
-11092
8090
-5533
7506
-8081
1853
-6722
-9322
-9956
-9517
-7344
-26813
-18021
19464
-10504
6057
-6283
-8107
-9219
17085
-4579
-5649
2375
-9254
-1373
-6801
6017
1701
-7671
4087
19519
-13714
-17071
-8647
71
-27101
-6797
9262
-7252
14053
23499
-9678
5138
-4331
23882
-11493
-8537
1847
-7185
-7944
7959
-4232
7461
-17065
-15011
6296
-10030
3191
5883
-17073
-10000
763
31935
13984
9132
7437
-6871
-8641
7472
-4151
-13978
-15265
-9188
25511
8916
-1895
-9512
-27028
-10455
-4144
-2322
-4813
-12430
-7002
-10351
-7174
3761
-2972
-23308
-11827
-10181
-4437
-10509
-7613
1323
-952
-199
6598
6629
-5412
-3851
3037
-11378
28225
5022
6903
-15498
1394
-3314
751
-21682
7717
-2754
12581
10045
1403
7702
-9503
32440
-12223
-6567
7890
-1150
1776
15769
5437
34047
-7150
11703
478
-5977
-14713
10275
2018
8556
-8660
-15392
-18047
-35720
1637
-6041
2191
-17927
2938
-5713
11367
-371
25544
-3390
3355
10126
11926
-13439
20960
-14039
17300
4709
-18488
14893
-20478
-2343
-295
-1290
-21693
-11440
14520
4893
15064
-11812
12377
-10299
10742
-965
-369
6129
-36847
14917
-14563
-18509
-11794
10143
2764
4994
2165
-675
16070
-5321
23078
-3405
1933
-15045
-5079
254
11726
12538
-10896
15297
-18836
-15241
-1393
-9217
8176
-12856
14185
-15961
-121
4937
-12919
-15143
-8478
-17217
2000
-18737
13945
-8981
5084
-11315
-4213
-15203
-3268
35570
-8697
-11426
742
-13788
5292
-11825
12255
7042
2717
-4927
-13199
4598
-7599
-12881
-3686
9724
-2688
7224
-9087
17936
1787
29171
2361
20974
15259
-9241
-18543
9895
-9632
2064
11970
-9310
14741
17647
-18391
-12957
1186
-18674
22632
2696
17501
-2049
-15968
-7789
-12852
8699
10877
15368
5360
-12821
1223
-5640
6374
8241
20967
-7289
-2850
19081
-1456
4013
17126
7104
11968
6358
3900
22895
-1453
834
21661
152
-4690
5318
12760
19498
-1800
-1348
-2128
1975
2038
-2270
9917
-14058
1570
9620
15961
-4625
23928
-3014
9775
1519
1054
5763
16716
-10767
23778
11689
-1304
9147
4433
-2363
8969
3421
-4147
-2788
18922
10145
21702
-1623
-10065
-1576
4431
-7698
10421
2347
6394
3205
7151
-10754
-2981
13959
3511
16260
4221
-1165
2859
4110
28898
8566
-3958
-2687
10735
-3301
21898
26159
1290
4930
-6541
-6498
763
3170
2630
-3146
14186
-2851
-5208
-5715
-197
-1591
2941
-4917
3561
-5763
17070
7295
12158
-6942
-6057
-5770
-2613
18095
18781
-4538
21938
-3846
8720
-34
16314
3531
-6294
1508
-10617
21387
-1271
-9349
5363
3962
5684
4716
-3865
7454
1322
26547
4545
6365
3016
-7836
-13113
363
-9770
-206
17757
3377
3015
4670
-9248
2699
9521
17526
14316
12557
20198
-8548
-3468
14757
2787
2209
14738
7042
5764
3298
11451
-3922
-705
14189
15753
778
9476
2273
-3542
18467
-6074
9922
9005
1174
-3139
8917
-8818
-10282
23508
3495
4349
8238
5581
20458
-4868
22342
-3066
24081
-4542
3685
13480
-14212
15905
23674
24977
-7109
3271
8900
25543
-5452
5476
15935
7584
-3790
21303
8698
19124
32
18295
-6089
18304
17303
10092
2978
19543
5125
22708
16414
-9650
-4312
5449
-3594
23552
2966
21766
-3914
6620
-835
23470
23442
6277
25054
-1518
1563
-5851
10010
13356
11185
2545
18310
-169
-11799
12068
10709
-2801
-826
6355
-7979
11834
24104
-7553
5604
12883
26215
-2396
-297
18898
8776
-2196
-1928
-8044
13051
1341
4434
19408
-7443
691
11415
-6369
-1224
16255
25451
26990
10991
11592
1938
11757
11879
15151
-5652
-12717
9792
19849
5510
18621
-4402
1626
5447
4175
2266
19124
3936
13878
-4227
-7001
7230
-13126
-2216
-2719
-3027
28914
728
-3121
-8049
14541
6962
11087
20864
9256
13846
10721
-4814
23459
28320
23614
117
6601
13329
14202
2466
9742
2241
-634
7181
10328
2750
16522
-4286
-5952
15952
-3090
-13866
-3751
-6501
-10565
6288
-15308
-19554
10435
7515
-5102
-2165
-14761
13875
-11282
5838
-10439
21251
-12106
536
7935
-10504
14278
1972
19554
-19494
3663
4746
24217
-13243
2249
-16249
7385
-11116
11908
6485
15299
-6662
17118
-14958
18189
4589
12626
-18221
17943
-4175
14386
13450
-11189
-4948
-11572
-3215
12065
-1938
9037
-11072
-2000
-9252
5479
21724
9604
22066
-7654
-3776
-13184
5349
8684
7338
10851
6014
-6170
-18842
6229
6596
-12044
-17374
20551
-13083
15026
10472
-14596
4623
10505
9576
-1197
-910
20563
-677
-11534
-2486
-16765
9686
-7055
-13845
14823
-8871
-933
4600
-21548
-9848
4543
16877
26361
15703
17353
-9771
3124
4922
-2756
-15179
-12630
-1404
7507
2452
15351
-11711
-7718
740
3675
8350
19303
-1489
13372
-14358
-14167
10144
-7136
-6836
-15014
-15372
14705
-13
-9731
-10370
12208
-4434
4497
15369
1400
3765
11986
-3791
5605
15846
20282
-2327
9940
10448
-11393
-19065
-4094
-3433
-22620
-8114
-8216
4110
-1551
-3228
-9611
969
-30254
-15877
-8294
-1121
-5145
918
-9242
-6021
-13455
-6109
-7642
-13124
-31926
-6508
-14254
21661
-8560
1995
-6387
-4581
-90
-3813
5405
9867
-9415
-7064
-13624
14218
2600
-4070
-4213
5532
1054
-23839
-6400
-5454
10207
-1535
370
-4549
-3392
457
-3736
-2936
-2445
-997
-14738
-11897
-4213
-9141
-16790
-24877
11405
-6827
-960
-2501
-11020
-8516
22694
1740
-5475
-101
-3215
-6869
-2225
3466
-1142
-7704
10315
24932
-16209
-12339
-11326
-5693
-26463
-3172
-10342
-6273
15942
27232
-5522
3776
259
28328
-7173
-17316
3968
1711
-5138
-1027
-5158
-537
-14466
-13274
3497
-7845
-650
1887
-8480
-3311
-2062
32988
-2892
2596
-483
-5263
-9229
9335
7041
-10984
-8175
-11234
28120
-6022
2402
-3729
-26351
-11272
-10605
-4275
620
-9064
-4415
-3576
-3363
-3443
-1710
-18546
-18328
-7458
-2007
-13947
-1544
-1553
8390
-5268
104
-2028
-3719
-3819
-902
-4444
35180
6182
3660
-7825
3001
-4439
5954
-17828
11839
616
2935
-8609
-405
-12438
8467
-912
7743
12581
13954
-65
11580
1578
-6519
15489
-292
-5395
-4188
5845
-15148
-10936
-6119
-3615
-1080
-9807
-407
8361
-7359
-7727
1383
-14797
-14413
9980
3178
-10121
31430
506
5368
-5643
3231
-4755
21662
-6691
10908
9889
-7604
805
14399
-6684
8801
2384
10340
-4258
3737
-3931
2272
11090
-11876
-560
-11891
-8912
-4755
2802
13431
-5920
5346
-6540
-18456
23341
2209
9531
-4743
-8745
-5382
-9296
23457
8546
-1317
-10549
6733
-8035
2945
5972
1170
-6195
-7783
-11631
15221
-9641
-2678
-4525
24145
-13376
1162
-5994
4313
-7267
270
4047
-1270
-3653
3632
6365
5549
-4661
-6760
-7329
-10115
-567
16721
-20743
1269
9801
19237
447
8811
6353
3051
-1755
-3750
6677
-11175
-8641
7470
-6701
-10976
-3715
-5622
-1181
7396
16350
16036
-670
-2940
5493
-1488
-2357
-8323
-8642
-2151
5620
-5912
528
5036
2728
7510
17178
1505
5675
22969
10749
-11820
-401
6646
-1049
16159
-7113
-487
-9269
3684
-3968
-6513
-6276
-2565
-8457
10030
-5286
-4235
11302
-8820
-3015
-977
-10536
-8077
412
-12220
-8670
-2703
-4767
-7292
-13072
-14025
-6818
-5091
7912
-8243
13328
-11000
621
1548
-6744
1586
4790
2993
-11176
1255
9287
10445
-8289
-7663
-822
3973
4216
389
3290
6066
-6025
13236
-9224
7567
5653
12112
-785
884
-2345
-3444
11495
-10397
-4273
-9642
-2043
270
-4439
13532
-6586
-5474
4639
4858
18709
-841
8835
-10517
-8630
-7151
1064
1396
2195
432
5717
-1789
-12118
-4407
-1779
-4379
-6667
-3528
-8774
8952
8430
-7745
-1650
8122
7384
-4100
-439
10614
-478
-8282
1956
-10372
2063
-5768
245
4770
-4752
-2586
3495
-6297
-8419
11757
7169
196
12735
9380
4140
2464
3784
567
-5897
-5296
-1883
5096
6286
12466
-11968
-16538
-9584
-8998
-15203
10032
-6124
6231
-5484
-8982
9132
-6756
-6885
-9593
-11092
1853
2528
-4442
-8709
19249
2508
3954
13358
-2463
-2295
8104
7275
10044
8688
8653
-9950
2317
-4352
8878
-14012
18130
8744
-16710
4553
-890
-5602
10828
-5081
-12627
13826
-18833
-12906
-2024
-3976
-8130
14189
-15387
-13861
-2776
6161
-3397
-7720
-28221
-758
-11257
16504
-13045
3348
-8686
-4
10138
-13994
7033
19922
6075
-12557
526
7697
14749
-9724
2841
-13292
16438
-21017
4730
8275
14680
-5650
8103
-10621
5523
-2592
4514
-12562
10230
1717
463
87
-14134
-6861
-18928
-17539
3474
-10682
747
-7673
-7237
-16733
11619
26276
4909
7876
-5846
-3850
-8813
5338
13959
-252
10938
17844
-7340
-15106
-2740
-1391
-17955
-14517
-69
-22993
28853
23540
-10249
1726
23862
22024
-685
-18531
13361
-4047
-7797
-8608
-14592
1756
-14421
-13727
12195
-8713
-508
1610
-18429
-7112
345
26255
8387
9735
25124
-13513
-3509
16809
13906
-15362
-4567
-13255
20587
-17016
10739
-6532
-24348
-4740
-10715
8873
11116
-2192
17716
-9733
-8379
3408
1067
-13985
-13679
-10269
-3085
-4822
-6682
-7423
4268
246
5075
419
-2144
-28
19347
2883
18696
7810
12303
-2768
13303
12976
