-1298
-2139
-1480
-820
-556
-1310
-1412
-1545
-4208
-3530
-1753
-3558
-3468
-606
-1291
-3760
-144
-3371
-1403
-1104
-1236
-1076
-1249
-22
-928
-2771
-1607
-699
-1744
-5674
183
-1021
-1656
-1275
-1021
-1098
-600
139
-1926
-320
-4051
-703
-1410
-811
-3019
-598
-1338
-1681
-1483
-1502
-5219
409
-3659
-1680
-2135
-302
-2841
-1311
-222
-2055
-1262
-2311
-1524
376
-1028
-2470
-3244
-1045
-2637
-92
-731
-1348
-3152
-1721
112
-3339
-995
-708
-1637
-5379
1132
-1411
-857
-422
-2782
-2579
-570
-2822
-1732
-2110
-2831
-222
-1298
-1732
-712
-1267
-881
-456
-3890
-551
-245
20
584
-1831
-2519
-1751
-824
-845
-1012
-1954
-3451
-2195
-3721
-697
-2951
-4778
-2595
-313
-2378
-1542
-2863
-952
-1600
-2710
-658
-1939
-4182
-588
-365
-620
-614
-2986
-2582
-2346
-1722
-2327
-853
-4023
-3440
-221
-2365
-141
-538
185
-1999
-431
-1314
-613
-2668
-2158
-583
-3223
-1942
-717
-252
-1730
-4554
-434
-1285
-1769
