0
0
0
0
0
0
0
1
0
40
0
0
13
0
3
9
9
50
0
15
0
0
0
0
0
20
0
0
0
0
3
0
21
0
0
0
0
0
45
4
0
14
0
0
22
0
10
12
0
0
0
0
0
0
0
0
15
0
0
0
10
4
0
0
18
0
0
15
0
0
0
0
4
0
3
0
18
0
44
0
0
0
0
5
42
49
0
10
0
0
2
0
14
0
16
0
0
0
0
0
0
0
0
0
22
0
5
0
0
0
0
44
18
0
0
0
5
0
17
0
0
0
0
20
0
0
4
0
0
0
0
18
0
51
0
15
20
0
0
0
0
3
0
0
17
0
0
0
18
0
0
0
30
0
0
13
0
0
19
0
0
0
0
0
0
0
0
0
0
49
0
0
14
0
9
11
26
35
0
26
0
0
0
0
0
18
0
0
0
0
2
0
0
0
0
0
0
10
27
5
0
26
0
0
0
0
1
0
0
15
0
2
0
15
0
0
13
9
0
0
0
0
2
0
10
0
0
29
0
4
0
0
0
0
3
1
33
0
25
0
0
0
0
8
41
50
0
20
0
0
0
0
27
0
0
0
0
0
0
7
0
0
3
0
23
0
0
0
0
0
15
58
30
0
0
0
0
3
31
0
0
0
0
49
0
0
3
7
0
0
0
0
0
41
0
29
26
0
0
0
0
12
3
7
33
6
0
0
3
10
24
0
9
0
0
30
0
0
16
0
0
0
0
0
0
0
4
0
0
16
0
0
0
25
15
4
25
15
0
11
4
0
0
0
5
6
0
5
0
0
9
0
0
0
4
0
4
15
7
0
0
13
0
28
4
0
25
0
0
7
0
12
0
5
0
29
14
12
0
0
0
0
6
0
1
0
0
16
0
3
4
1
0
0
10
13
16
0
13
0
0
2
1
8
16
25
12
5
0
0
0
5
14
0
1
1
0
0
0
0
8
0
5
0
5
2
0
0
0
0
12
20
17
0
0
0
0
16
17
0
4
0
0
18
4
0
0
16
0
0
0
0
0
13
0
5
12
0
0
0
0
14
4
16
14
7
0
0
0
29
15
0
11
0
3
12
0
0
20
0
19
0
2
0
2
0
7
7
0
0
7
0
9
0
0
0
3
1
0
0
9
8
0
0
0
12
0
0
0
6
0
0
0
0
18
0
9
0
16
8
0
0
0
0
3
4
13
0
0
0
1
1
1
9
5
0
17
0
0
6
0
0
0
7
14
10
1
0
0
6
0
16
0
20
1
4
0
0
1
11
4
0
0
0
0
1
0
0
22
0
0
0
0
0
2
0
0
1
8
2
2
14
0
0
0
0
0
0
0
0
0
0
8
0
17
0
2
7
3
0
0
0
0
0
0
7
0
1
0
0
0
0
5
0
2
0
0
0
0
0
0
1
23
27
0
0
6
0
0
28
0
0
4
0
0
15
5
0
29
0
0
0
5
0
0
0
0
0
1
0
0
2
0
0
0
0
0
0
0
0
0
0
0
0
0
0
0
23
0
3
0
0
0
0
17
5
0
0
0
6
2
0
0
0
0
0
0
0
4
3
3
0
8
0
3
0
0
0
0
0
0
0
0
0
23
0
0
0
0
12
22
0
0
0
0
0
0
4
0
0
0
21
0
0
0
0
0
0
0
0
7
27
0
7
0
24
0
0
4
0
0
6
0
3
0
0
0
0
11
2
0
0
0
29
0
4
0
6
0
10
1
0
0
0
25
15
0
0
0
0
0
0
0
0
0
0
0
0
0
0
0
0
0
0
0
2
7
0
0
1
7
0
0
0
27
11
0
0
0
0
0
0
0
0
0
0
0
12
0
47
0
0
24
0
18
14
15
61
0
22
0
0
0
13
0
29
0
0
0
0
7
0
8
0
0
0
0
6
52
0
0
24
0
0
27
0
5
6
0
7
0
2
0
5
0
0
1
0
0
0
18
0
2
0
16
0
0
26
0
0
0
0
8
0
6
0
30
0
45
0
0
0
0
8
38
41
0
14
0
0
0
0
21
0
16
0
0
0
0
0
0
0
1
0
23
0
2
0
0
0
2
58
0
0
0
0
5
0
16
5
0
0
0
11
0
0
0
8
0
0
0
29
0
55
0
29
28
0
0
0
0
9
0
0
30
8
0
0
4
0
11
0
37
0
0
0
0
0
12
0
0
0
0
0
0
0
0
0
0
36
0
0
9
0
21
12
16
33
0
16
0
0
0
0
0
29
0
2
0
0
2
0
1
0
0
0
8
4
29
0
0
14
0
1
10
0
22
5
0
5
0
1
2
15
0
0
22
0
0
0
0
0
0
0
15
0
0
20
0
0
0
1
0
9
2
5
21
0
33
0
0
0
0
3
44
49
0
10
0
0
0
7
17
0
6
0
0
0
0
0
0
0
0
0
21
0
7
0
0
0
5
42
22
0
4
0
0
0
28
0
0
0
0
36
0
0
4
5
0
0
0
1
2
42
0
16
18
0
0
0
0
7
3
9
19
2
0
0
7
23
12
0
18
0
0
22
0
0
22
0
0
0
13
0
0
0
0
0
0
0
0
3
0
42
27
2
12
10
2
2
1
0
2
9
6
42
0
19
4
6
8
0
10
0
23
18
27
8
3
7
1
1
0
42
12
0
38
5
12
0
0
9
3
39
2
36
21
0
6
13
0
5
0
0
37
0
10
6
13
0
18
20
4
24
7
14
2
0
21
9
0
15
0
5
33
22
22
0
4
0
7
19
6
0
14
17
0
0
6
25
8
2
5
0
0
0
23
0
0
2
5
2
17
16
17
0
11
0
28
12
16
0
0
10
15
0
3
7
0
0
0
0
5
8
8
0
2
0
0
0
0
9
28
16
0
3
0
8
9
39
8
4
19
1
18
32
0
0
19
3
16
5
11
0
0
0
3
16
9
0
3
9
16
0
9
0
0
13
0
0
7
11
0
0
0
39
0
0
0
11
0
1
13
0
41
0
24
0
23
17
14
0
0
0
18
0
30
6
12
0
12
0
17
32
17
0
19
0
2
17
0
0
0
15
52
0
9
0
2
0
0
25
22
43
0
2
0
0
22
18
21
0
0
0
16
20
0
0
40
0
7
0
0
5
17
0
0
9
17
30
0
10
0
7
0
0
19
0
0
7
0
0
18
0
33
8
26
0
12
0
0
0
0
0
0
15
9
0
0
0
0
1
17
3
9
0
0
8
0
0
0
0
36
19
0
0
14
0
12
40
0
0
30
0
0
26
11
0
22
0
0
0
0
0
0
0
0
0
0
0
0
1
0
0
0
0
0
0
0
0
0
0
0
0
0
1
0
19
0
6
0
0
1
0
33
4
0
0
0
3
7
0
0
9
0
0
0
0
5
0
5
0
4
0
5
0
0
0
0
0
0
0
0
0
46
0
3
0
0
0
17
0
0
1
0
0
0
19
0
0
9
19
0
0
0
0
0
0
12
0
9
26
0
5
0
20
0
0
0
0
0
13
0
7
0
0
17
0
6
7
0
0
0
30
11
3
5
0
0
9
0
0
0
0
29
8
0
0
0
0
0
0
0
0
0
0
0
0
0
0
0
0
0
0
0
1
0
0
6
7
0
0
2
0
29
4
2
0
0
0
0
0
10
0
18
15
0
13
0
30
0
0
4
0
1
11
6
44
0
8
0
0
0
18
2
9
0
0
0
0
1
0
1
0
4
0
17
0
29
0
0
10
17
0
20
0
38
5
0
14
0
0
0
0
0
0
17
4
31
0
23
0
13
0
0
7
0
12
0
0
0
14
0
7
2
0
15
0
29
0
6
0
0
0
14
16
0
10
0
0
0
0
6
0
22
0
0
7
0
0
0
0
2
0
16
0
13
0
0
0
0
35
0
0
0
0
3
0
17
8
0
0
0
3
0
0
0
6
0
12
0
23
0
35
1
22
13
0
0
18
0
1
24
0
16
12
0
0
0
0
33
0
22
0
0
0
0
21
21
24
8
0
0
0
9
12
24
0
0
16
0
0
12
13
21
2
4
28
0
0
24
0
0
9
19
27
0
0
0
0
2
0
11
0
1
10
24
0
27
0
4
1
0
6
15
0
54
18
0
8
0
0
4
4
0
0
23
11
44
0
0
0
4
0
23
0
3
2
4
0
0
20
0
30
4
0
2
12
37
4
0
0
19
0
29
38
2
2
0
0
0
3
1
0
22
0
0
0
0
0
2
0
3
0
20
10
34
0
0
0
0
16
16
0
19
0
6
0
24
3
0
0
0
25
0
0
1
2
9
8
0
7
0
31
4
5
2
0
0
0
0
0
37
13
1
3
0
4
10
23
20
14
25
0
0
17
0
4
30
9
9
1
15
0
0
23
18
0
5
0
0
12
0
19
15
0
0
8
0
0
27
3
7
14
7
29
0
26
0
13
0
7
16
0
28
26
39
0
2
14
17
0
7
20
5
0
48
13
30
0
10
0
12
37
7
6
24
5
46
11
0
0
5
0
56
1
18
0
4
0
24
35
4
48
0
0
0
33
16
6
7
18
0
0
14
13
0
0
7
0
7
27
0
6
20
22
0
0
12
27
0
0
0
14
0
5
56
0
0
16
0
0
13
23
23
4
8
5
16
15
16
0
0
10
22
4
11
0
2
9
6
0
16
2
19
0
0
3
0
0
0
0
60
3
0
0
13
13
13
27
13
16
12
0
24
36
16
0
12
21
25
0
13
3
0
10
11
3
11
0
0
10
0
0
0
0
0
4
0
0
11
8
0
0
0
18
0
6
0
11
0
0
9
0
25
1
30
0
2
7
16
0
1
0
5
0
25
9
23
0
9
0
12
7
10
0
22
0
29
9
0
0
0
0
27
0
5
0
0
0
5
32
8
42
0
0
0
16
10
2
22
5
0
0
5
6
0
0
30
0
10
12
0
5
16
7
0
0
13
0
0
0
0
10
0
0
42
0
0
5
0
0
1
15
23
8
14
0
1
5
0
0
0
0
8
1
9
0
0
0
5
8
17
0
18
0
0
5
0
0
0
0
30
1
0
0
10
0
3
19
1
1
14
0
5
19
13
0
19
16
0
0
0
0
0
0
0
5
0
0
0
0
0
0
0
0
0
0
0
0
0
0
0
0
0
0
0
25
0
0
0
0
0
0
8
10
0
0
0
22
0
0
0
6
0
0
0
0
15
0
0
0
0
0
0
0
0
0
0
0
0
0
0
0
26
0
0
0
0
0
23
1
0
0
0
0
0
10
0
0
21
25
0
0
0
0
0
0
0
0
11
30
0
3
0
24
0
0
0
4
0
0
0
0
0
0
8
0
0
0
0
0
0
31
0
0
0
0
0
11
6
0
0
0
32
0
0
0
0
0
0
0
0
0
0
0
0
0
0
0
0
0
0
0
0
0
7
0
0
0
0
0
0
0
36
6
0
0
4
0
9
0
16
0
3
0
0
0
4
0
10
7
9
0
20
0
0
17
0
0
0
6
0
0
0
0
0
0
0
2
0
0
0
0
0
10
4
0
36
0
1
0
3
0
21
0
23
15
0
0
7
0
4
2
8
0
1
0
4
7
0
0
0
0
0
1
10
0
3
0
0
35
0
16
0
0
0
0
30
3
0
0
11
0
0
5
1
0
0
0
10
0
0
0
38
0
1
0
0
0
0
7
0
0
2
9
14
0
0
0
0
0
14
0
0
4
15
0
11
7
0
0
0
5
0
0
3
0
0
0
0
0
5
18
22
0
0
1
0
0
0
0
0
22
0
0
4
4
7
22
1
4
29
23
0
0
2
0
33
0
0
0
3
0
0
0
0
0
5
0
0
6
0
0
0
0
0
0
0
0
0
0
0
0
0
0
0
9
0
5
0
0
0
0
1
4
4
0
0
14
5
0
0
0
1
4
0
3
8
0
6
0
3
9
9
0
0
0
0
7
0
0
0
0
0
0
10
0
0
7
4
28
0
15
0
0
0
1
0
0
3
5
0
0
0
0
0
0
0
0
5
9
0
0
12
6
0
0
5
0
0
3
0
0
0
0
12
0
0
3
0
0
9
6
0
6
6
11
0
3
0
0
0
0
5
5
6
0
0
0
0
0
7
0
7
0
0
4
0
0
0
0
3
10
0
0
17
4
2
16
0
0
9
15
10
9
3
0
2
0
15
0
25
16
0
6
0
0
6
0
0
8
0
0
0
0
0
15
0
0
0
6
0
0
0
0
0
19
0
0
0
0
12
0
11
22
9
0
0
12
8
0
2
0
15
0
8
12
22
0
2
0
2
0
2
0
11
1
0
0
0
0
0
0
6
0
0
0
0
0
11
40
2
13
0
0
0
16
17
0
22
18
0
0
0
0
0
0
0
0
21
26
0
0
37
19
0
0
8
0
0
0
0
0
0
0
34
0
0
0
0
0
0
24
5
4
21
0
0
22
15
0
0
0
23
0
5
0
0
0
0
9
8
0
24
0
0
0
0
0
0
0
0
0
0
0
3
0
4
0
0
0
24
5
19
8
7
0
27
20
