101
6
113
19
32
66
67
57
41
234
20
58
110
99
159
65
116
334
2
100
83
42
9
63
39
279
0
153
4
63
34
8
103
0
214
110
199
43
298
119
75
103
30
112
178
8
340
109
131
59
55
27
72
179
68
71
220
42
162
70
51
9
32
22
370
19
69
126
26
32
128
268
52
268
38
39
137
111
343
53
115
128
31
37
292
335
37
71
115
0
96
191
106
31
239
140
1
17
73
95
20
55
19
41
132
26
286
0
17
42
39
275
183
174
152
41
127
48
221
110
58
0
0
187
163
55
58
52
11
29
11
96
82
299
114
121
121
21
0
18
0
56
251
143
130
44
81
33
98
284
145
39
295
44
171
260
59
25
307
93
