-1224
-2712
-5934
1303
-8945
-3840
2354
-204
1053
-5745
-2998
6566
-2519
1367
274
2447
3777
-1383
-5058
-3785
-193
-1470
-902
-2979
-1942
-2728
8573
-6651
-5016
-3438
-5004
-2180
2638
-2562
-7198
-1879
835
9401
-1964
-7570
-2674
-2430
-4924
1794
174
-2394
-2367
-4012
1248
4046
-5382
-6491
-2662
-3803
659
204
3788
-4112
-670
5459
-3508
-5899
-205
-2209
-1195
-2707
-3951
-3242
-551
-7937
-7105
-6381
3942
-1411
2410
4282
-281
-3316
5360
-5059
-2130
4952
-2883
5792
-7307
792
2817
-5907
-6224
1079
-1543
-3905
-940
119
-6505
-4912
-2841
-1125
-1819
-1065
-8712
-2220
1688
-555
-1668
-2487
269
2018
-4717
478
-1820
1078
661
-4572
-2558
-3290
-359
-2944
3320
1110
-2771
41
7482
-4555
-6031
-609
-3594
-2646
-130
982
-3672
-2336
-943
1434
-1962
-8410
-6508
-3256
-4598
-575
534
-2684
3595
-2532
-646
-3959
-3284
-3383
-1170
-4710
-2336
-489
-1199
-6613
319
3129
-2871
-1505
1545
499
-916
-614
-5154
-3065
-434
-5674
-4806
-2918
2054
-2429
-942
1142
1437
-2219
1689
-3911
-74
6281
233
1480
-2498
1613
-278
-4331
-4118
3435
1277
-2513
-2477
-2249
-6852
-2161
-1224
-2712
-5934
1303
-8945
-3840
2354
-204
1053
-5745
-2998
6566
-2519
1367
274
2447
3777
-1383
-5058
-3785
-193
-1470
-902
-2979
-1942
-2728
8573
-6651
-5016
-3438
-5004
-2180
2638
-2562
-7198
-1879
835
9401
-1964
-7570
-2674
-2430
-4924
1794
174
-2394
-2367
-4012
1248
4046
-5382
-6491
-2662
-3803
659
204
3788
-4112
-670
5459
-3508
-5899
-205
-2209
-1195
-2707
-3951
-3242
-551
-7937
-7105
-6381
3942
-1411
2410
4282
-281
-3316
5360
-5059
-2130
4952
-2883
5792
-7307
792
2817
-5907
-6224
1079
-1543
-3905
-940
119
-6505
-4912
-2007
-1310
-1759
150
-7220
-3383
1837
78
-1110
-4538
-1600
2612
-4460
830
72
415
1722
-2829
-3315
-4182
101
-2716
2863
-684
-1046
-966
7284
-5215
-6060
-2835
-3502
-1163
-972
3532
-3795
-2986
-316
2862
-1876
-6745
-5320
-2629
-5069
510
885
-3389
4652
-2671
-799
-2180
-4703
-3796
303
-4481
717
-775
363
-4274
-819
5207
-3113
-2204
1141
-89
-893
-2317
-6182
-3247
-336
-6130
-5284
-3388
2250
-1367
1615
377
2156
-918
4743
-4377
-1106
6694
-2265
811
-3931
245
2551
-4966
-4611
3264
-914
-3221
-1414
-3515
-5353
-2065
-1560
-1660
-3230
-544
-4877
-3698
4240
-742
-379
-5312
-3646
1032
-2787
3115
2978
-1336
2438
-1443
-3162
-3683
-783
-1937
2096
-1537
3753
-2265
4015
-5377
-6036
-6428
-2100
-389
809
4166
-3123
-1673
-235
4190
-1885
387
-4159
-1726
-4050
-712
-437
-2227
4601
-2370
284
-1307
-6369
-5161
3529
-1440
5167
2107
1947
-1163
-1755
5242
-3293
-1657
2037
-2365
459
-3344
-5105
-2789
-96
-6070
-4511
-3849
1049
3282
3722
257
3412
222
6934
-3927
-1554
606
-2762
582
-4939
-1571
6493
-5491
-4097
-643
-4207
-3846
404
-2923
2374
-2136
-1366
236
-2841
247
-4354
-2200
1213
-190
-124
-5156
-2667
3144
-4810
1285
354
-848
1818
-1526
-1246
-4582
744
-1586
803
627
485
-1359
6313
-4347
-5652
-3017
-1755
-337
-1076
3785
-1896
-2037
521
2492
-1771
-4856
-5128
-2203
-3094
-161
-406
-3221
3625
-2464
-89
-185
-4446
-4427
-104
-3112
3913
178
1062
-2581
-998
4328
-3619
-3174
848
-905
1330
-2432
-4954
-2984
-847
-5066
-2941
-2139
1583
-1134
2927
703
3379
-346
5559
-2405
-433
5995
-2721
2469
-3400
-1034
2976
-4530
-3153
1523
-1866
-3001
-583
-2195
-3711
-1886
-2661
-950
-4601
209
-4838
-2399
5071
378
207
-5504
-7050
-1417
-1953
2239
-1217
-2283
1729
376
-1631
-3004
2513
-3537
620
-371
2053
-1568
-597
-5439
-5330
-4591
-1881
371
705
340
-5847
-1047
-217
1292
695
2958
-2211
-3243
-3886
-23
-1218
-3846
-2122
151
-770
-1330
-6037
-3848
884
-1798
5742
5443
2554
1170
817
2475
-3121
-435
-340
-2618
2241
-2368
-5630
-4208
-2188
-1977
-2812
-578
660
2658
312
3521
379
-2454
4884
-1450
296
-1575
-2807
630
-3683
-1219
5408
-2853
-4379
-4530
-5370
-3788
-1373
-814
2958
-1855
-1224
-2712
-5934
1303
-8945
-3840
2354
-204
1053
-5745
-2998
6566
-2519
1367
274
2447
3777
-1383
-5058
-3785
-193
-1470
-902
-2979
-1942
-2728
8573
-6651
-5016
-3438
-5004
-2180
2638
-2562
-7198
-1879
835
9401
-1964
-7570
-2674
-2430
-4924
1794
174
-2394
-2367
-4012
1248
4046
-5382
-6491
-2662
-3803
659
204
3788
-4112
-670
5459
-3508
-5899
-205
-2209
-1195
-2707
-3951
-3242
-551
-7937
-7105
-6381
3942
-1411
2410
4282
-281
-3316
5360
-5059
-2130
4952
-2883
5792
-7307
792
2817
-5907
-6224
1079
-1543
-3905
-940
119
-6505
-4912
-621
-1402
-5314
414
-9684
-2063
1255
-207
78
-3795
-764
6199
-3349
1214
-843
2352
2795
-2665
-3690
-3448
-540
-1985
-105
-773
-3302
-1504
8310
-5255
-5414
-1258
-4121
-2728
2032
-3576
-5628
-994
208
7586
-1624
-8464
-4275
-2652
-3767
440
-300
-1825
-2462
-2902
842
2104
-3318
-5501
-3361
-3375
-1730
-343
2935
-5622
63
4086
-3524
-5401
-197
-1352
-585
-753
-2691
-3532
-468
-6453
-5576
-4049
3068
-2224
862
4727
-249
-3542
2814
-3833
-955
5081
-747
5551
-4710
1350
189
-4565
-4721
1851
523
-3663
-1771
103
-7256
-3590
-621
-1402
-5314
414
-9684
-2063
1255
-207
78
-3795
-764
6199
-3349
1214
-843
2352
2795
-2665
-3690
-3448
-540
-1985
-105
-773
-3302
-1504
8310
-5255
-5414
-1258
-4121
-2728
2032
-3576
-5628
-994
208
7586
-1624
-8464
-4275
-2652
-3767
440
-300
-1825
-2462
-2902
842
2104
-3318
-5501
-3361
-3375
-1730
-343
2935
-5622
63
4086
-3524
-5401
-197
-1352
-585
-753
-2691
-3532
-468
-6453
-5576
-4049
3068
-2224
862
4727
-249
-3542
2814
-3833
-955
5081
-747
5551
-4710
1350
189
-4565
-4721
1851
523
-3663
-1771
103
-7256
-3590
-1224
-2712
-5934
1303
-8945
-3840
2354
-204
1053
-5745
-2998
6566
-2519
1367
274
2447
3777
-1383
-5058
-3785
-193
-1470
-902
-2979
-1942
-2728
8573
-6651
-5016
-3438
-5004
-2180
2638
-2562
-7198
-1879
835
9401
-1964
-7570
-2674
-2430
-4924
1794
174
-2394
-2367
-4012
1248
4046
-5382
-6491
-2662
-3803
659
204
3788
-4112
-670
5459
-3508
-5899
-205
-2209
-1195
-2707
-3951
-3242
-551
-7937
-7105
-6381
3942
-1411
2410
4282
-281
-3316
5360
-5059
-2130
4952
-2883
5792
-7307
792
2817
-5907
-6224
1079
-1543
-3905
-940
119
-6505
-4912
-2097
-364
-1565
1020
-5990
-3029
2806
-835
-642
-2534
-1727
391
-1238
1928
380
194
999
-1909
-2480
-1341
-53
-1854
3407
613
779
-197
4059
-2966
-4280
-1576
-1846
-1853
530
2506
-4258
-1638
-227
2050
-1685
-2501
-2638
-1140
-4217
1378
1313
-1161
3561
-1187
-889
-803
-4383
-3203
1365
-1692
397
957
144
-1665
1567
3479
-971
-80
1317
-831
-955
-278
-3341
-2713
-1418
-3571
-4107
-2895
2491
2087
1299
104
829
-1332
3413
-2292
-2386
1658
-984
1005
-2922
3
2468
-4410
-4266
1137
-498
-3243
-249
-1573
-783
-1822
-2007
-1310
-1759
150
-7220
-3383
1837
78
-1110
-4538
-1600
2612
-4460
830
72
415
1722
-2829
-3315
-4182
101
-2716
2863
-684
-1046
-966
7284
-5215
-6060
-2835
-3502
-1163
-972
3532
-3795
-2986
-316
2862
-1876
-6745
-5320
-2629
-5069
510
885
-3389
4652
-2671
-799
-2180
-4703
-3796
303
-4481
717
-775
363
-4274
-819
5207
-3113
-2204
1141
-89
-893
-2317
-6182
-3247
-336
-6130
-5284
-3388
2250
-1367
1615
377
2156
-918
4743
-4377
-1106
6694
-2265
811
-3931
245
2551
-4966
-4611
3264
-914
-3221
-1414
-3515
-5353
-2065
-1224
-2712
-5934
1303
-8945
-3840
2354
-204
1053
-5745
-2998
6566
-2519
1367
274
2447
3777
-1383
-5058
-3785
-193
-1470
-902
-2979
-1942
-2728
8573
-6651
-5016
-3438
-5004
-2180
2638
-2562
-7198
-1879
835
9401
-1964
-7570
-2674
-2430
-4924
1794
174
-2394
-2367
-4012
1248
4046
-5382
-6491
-2662
-3803
659
204
3788
-4112
-670
5459
-3508
-5899
-205
-2209
-1195
-2707
-3951
-3242
-551
-7937
-7105
-6381
3942
-1411
2410
4282
-281
-3316
5360
-5059
-2130
4952
-2883
5792
-7307
792
2817
-5907
-6224
1079
-1543
-3905
-940
119
-6505
-4912
-2097
-364
-1565
1020
-5990
-3029
2806
-835
-642
-2534
-1727
391
-1238
1928
380
194
999
-1909
-2480
-1341
-53
-1854
3407
613
779
-197
4059
-2966
-4280
-1576
-1846
-1853
530
2506
-4258
-1638
-227
2050
-1685
-2501
-2638
-1140
-4217
1378
1313
-1161
3561
-1187
-889
-803
-4383
-3203
1365
-1692
397
957
144
-1665
1567
3479
-971
-80
1317
-831
-955
-278
-3341
-2713
-1418
-3571
-4107
-2895
2491
2087
1299
104
829
-1332
3413
-2292
-2386
1658
-984
1005
-2922
3
2468
-4410
-4266
1137
-498
-3243
-249
-1573
-783
-1822
814
293
-1483
-414
-2303
-2616
-352
479
904
-2485
-665
5442
-3956
1433
1973
1675
2773
-518
-939
-3446
-594
-1097
259
-1446
2425
-40
5865
-3171
-3509
-1324
-287
-194
573
3369
-276
185
1261
4700
-1163
-2187
-3766
-1394
-1858
41
1461
-1301
3998
-1035
-429
2110
-2879
-4454
878
-1037
3017
-1740
2232
-1655
-1556
4928
-1818
-1969
270
218
1522
-1672
-2937
-1478
248
-4850
-2233
-1877
717
1716
5000
424
1954
248
5719
-671
-1253
3824
-417
2025
-3435
778
3799
-3561
-1558
3472
-1207
-2981
313
-1791
-85
-1066
-1142
-945
-1416
530
-3591
-2486
612
-122
1368
-4815
-2547
2667
-3716
663
-831
-924
1624
-72
-419
-3736
1240
-1280
604
-212
725
-288
4579
-4255
-4579
-2461
-2283
557
-2068
3506
-2668
-2518
-225
1867
-1778
-3456
-4038
-2323
-4103
578
1155
-4062
2646
-890
-1174
-879
-3898
-3243
486
-3670
3257
-106
1536
-1837
-1146
3777
-3303
-3289
209
107
540
-2651
-4795
-2152
179
-4079
-2744
-1309
1322
-763
1843
1145
3345
-875
5111
-1845
377
5831
-2560
1036
-3248
-1564
3553
-2914
-2734
1068
-2339
-2635
238
-3200
-2470
-993
-2007
-1310
-1759
150
-7220
-3383
1837
78
-1110
-4538
-1600
2612
-4460
830
72
415
1722
-2829
-3315
-4182
101
-2716
2863
-684
-1046
-966
7284
-5215
-6060
-2835
-3502
-1163
-972
3532
-3795
-2986
-316
2862
-1876
-6745
-5320
-2629
-5069
510
885
-3389
4652
-2671
-799
-2180
-4703
-3796
303
-4481
717
-775
363
-4274
-819
5207
-3113
-2204
1141
-89
-893
-2317
-6182
-3247
-336
-6130
-5284
-3388
2250
-1367
1615
377
2156
-918
4743
-4377
-1106
6694
-2265
811
-3931
245
2551
-4966
-4611
3264
-914
-3221
-1414
-3515
-5353
-2065
85
1622
186
480
-1116
-2614
-66
1032
145
-2275
-2537
2244
-3370
524
256
151
1561
622
-145
-2187
965
-1225
1580
-541
2319
744
2709
-1973
-3203
-162
-550
533
-1240
4475
-202
-1369
1972
1182
-1027
-1145
-2393
-1262
-2071
789
2068
-2598
3971
450
-1872
195
-3617
-3203
1556
-546
3697
156
1951
563
-750
4270
-1003
-428
216
945
2481
-1527
-3763
-1964
-728
-2783
-1014
-317
409
1675
3356
-442
1696
-99
5228
946
-1403
3565
-693
142
-2389
-440
3838
-2938
-2487
1650
-1321
-3089
296
-2240
1075
-293
-393
2407
-9411
-1752
-4475
-1811
4095
-845
-1440
-7643
-6472
2953
-3064
3901
4060
-2963
3412
-1573
-3073
-4070
853
-1966
-1126
1231
936
-5186
3492
-4176
-7805
-6651
-2337
-2595
4921
-2880
-3910
-639
2459
7686
-228
-181
-3637
-2629
-257
-2719
-5978
-1455
-3836
-2087
3755
4466
-7161
-8068
-1080
948
7888
5735
4719
-621
-1032
2345
-4931
-5283
1039
-5785
4956
-2413
-3322
-5766
-1936
-6049
-2516
-3529
944
1977
4390
4478
845
-2108
6946
-2016
-1816
-2146
-3398
6708
-6343
-1663
3859
-5991
-4345
-5910
-5218
-4589
-1516
2797
714
-4263
-1224
-2712
-5934
1303
-8945
-3840
2354
-204
1053
-5745
-2998
6566
-2519
1367
274
2447
3777
-1383
-5058
-3785
-193
-1470
-902
-2979
-1942
-2728
8573
-6651
-5016
-3438
-5004
-2180
2638
-2562
-7198
-1879
835
9401
-1964
-7570
-2674
-2430
-4924
1794
174
-2394
-2367
-4012
1248
4046
-5382
-6491
-2662
-3803
659
204
3788
-4112
-670
5459
-3508
-5899
-205
-2209
-1195
-2707
-3951
-3242
-551
-7937
-7105
-6381
3942
-1411
2410
4282
-281
-3316
5360
-5059
-2130
4952
-2883
5792
-7307
792
2817
-5907
-6224
1079
-1543
-3905
-940
119
-6505
-4912
-1560
-1660
-3230
-544
-4877
-3698
4240
-742
-379
-5312
-3646
1032
-2787
3115
2978
-1336
2438
-1443
-3162
-3683
-783
-1937
2096
-1537
3753
-2265
4015
-5377
-6036
-6428
-2100
-389
809
4166
-3123
-1673
-235
4190
-1885
387
-4159
-1726
-4050
-712
-437
-2227
4601
-2370
284
-1307
-6369
-5161
3529
-1440
5167
2107
1947
-1163
-1755
5242
-3293
-1657
2037
-2365
459
-3344
-5105
-2789
-96
-6070
-4511
-3849
1049
3282
3722
257
3412
222
6934
-3927
-1554
606
-2762
582
-4939
-1571
6493
-5491
-4097
-643
-4207
-3846
404
-2923
2374
-2136
1498
1242
-155
-719
414
-2770
-1807
1008
436
-2200
-1467
3838
-3275
243
702
706
1840
1183
97
-2381
1312
-864
664
-1128
2030
672
3198
-1170
-2648
257
607
856
-1108
3403
1202
-479
1364
2054
-800
-393
-2274
-1389
-668
-82
2087
-2016
2459
339
-853
2101
-2475
-3425
1509
218
3656
-1362
2378
596
-1480
3239
-1112
-1551
-184
1519
2105
-1637
-2493
-1209
-330
-3225
219
-306
-522
1718
3817
536
1415
344
4362
988
-641
3398
-118
676
-2298
-384
3213
-2307
-909
1905
-1486
-2573
233
-1076
845
34
-2009
-429
-1020
-880
-6915
-2373
1235
655
-1420
-3323
-1298
-496
-3071
418
-1727
-1030
1693
-2978
-1248
-3060
1626
-3285
4399
903
-2454
60
4002
-3157
-5561
-682
-2981
-2060
-1734
2188
-3760
-2115
-1134
-535
-551
-5458
-4983
-2939
-4804
-306
813
-2649
2733
-863
-1160
-4624
-3456
-2183
-989
-4582
-957
-61
-1258
-3353
440
2088
-1820
270
932
496
-1448
-484
-5349
-3283
-786
-3572
-3922
-1569
2149
-2180
-1762
688
533
-1611
1074
-2316
50
4894
-1578
-428
-2311
903
316
-2788
-3657
1715
55
-1977
-2796
-2184
-5072
-1290
-1366
236
-2841
247
-4354
-2200
1213
-190
-124
-5156
-2667
3144
-4810
1285
354
-848
1818
-1526
-1246
-4582
744
-1586
803
627
485
-1359
6313
-4347
-5652
-3017
-1755
-337
-1076
3785
-1896
-2037
521
2492
-1771
-4856
-5128
-2203
-3094
-161
-406
-3221
3625
-2464
-89
-185
-4446
-4427
-104
-3112
3913
178
1062
-2581
-998
4328
-3619
-3174
848
-905
1330
-2432
-4954
-2984
-847
-5066
-2941
-2139
1583
-1134
2927
703
3379
-346
5559
-2405
-433
5995
-2721
2469
-3400
-1034
2976
-4530
-3153
1523
-1866
-3001
-583
-2195
-3711
-1886
3605
8309
-5508
-11593
18489
-4818
-6868
-1384
-5075
-10763
882
-348
-1622
-485
15741
-6873
2447
642
7149
-2555
4246
5597
603
6466
4241
-8496
-1814
13785
-6059
-11436
9371
-2995
-400
4221
15074
2223
-1398
2049
4082
10050
-1625
-376
9448
-9318
-9563
6917
3006
-7317
11966
11320
2354
-4147
1467
7339
14932
-2040
-469
11184
-8651
-11401
188
-656
2595
-3108
-2162
-3167
462
-2228
-1325
-1229
10532
-6614
-2688
528
11947
-778
7818
9691
-129
-1064
1975
-2976
-7279
-566
-4756
-8257
360
895
6347
-6768
-9224
5986
1472
11344
1042
68
-1224
-2712
-5934
1303
-8945
-3840
2354
-204
1053
-5745
-2998
6566
-2519
1367
274
2447
3777
-1383
-5058
-3785
-193
-1470
-902
-2979
-1942
-2728
8573
-6651
-5016
-3438
-5004
-2180
2638
-2562
-7198
-1879
835
9401
-1964
-7570
-2674
-2430
-4924
1794
174
-2394
-2367
-4012
1248
4046
-5382
-6491
-2662
-3803
659
204
3788
-4112
-670
5459
-3508
-5899
-205
-2209
-1195
-2707
-3951
-3242
-551
-7937
-7105
-6381
3942
-1411
2410
4282
-281
-3316
5360
-5059
-2130
4952
-2883
5792
-7307
792
2817
-5907
-6224
1079
-1543
-3905
-940
119
-6505
-4912
-1224
-2712
-5934
1303
-8945
-3840
2354
-204
1053
-5745
-2998
6566
-2519
1367
274
2447
3777
-1383
-5058
-3785
-193
-1470
-902
-2979
-1942
-2728
8573
-6651
-5016
-3438
-5004
-2180
2638
-2562
-7198
-1879
835
9401
-1964
-7570
-2674
-2430
-4924
1794
174
-2394
-2367
-4012
1248
4046
-5382
-6491
-2662
-3803
659
204
3788
-4112
-670
5459
-3508
-5899
-205
-2209
-1195
-2707
-3951
-3242
-551
-7937
-7105
-6381
3942
-1411
2410
4282
-281
-3316
5360
-5059
-2130
4952
-2883
5792
-7307
792
2817
-5907
-6224
1079
-1543
-3905
-940
119
-6505
-4912
-1224
-2712
-5934
1303
-8945
-3840
2354
-204
1053
-5745
-2998
6566
-2519
1367
274
2447
3777
-1383
-5058
-3785
-193
-1470
-902
-2979
-1942
-2728
8573
-6651
-5016
-3438
-5004
-2180
2638
-2562
-7198
-1879
835
9401
-1964
-7570
-2674
-2430
-4924
1794
174
-2394
-2367
-4012
1248
4046
-5382
-6491
-2662
-3803
659
204
3788
-4112
-670
5459
-3508
-5899
-205
-2209
-1195
-2707
-3951
-3242
-551
-7937
-7105
-6381
3942
-1411
2410
4282
-281
-3316
5360
-5059
-2130
4952
-2883
5792
-7307
792
2817
-5907
-6224
1079
-1543
-3905
-940
119
-6505
-4912
-41
-43
-8476
-1323
-6066
-3577
3481
-758
386
-7908
-4127
4835
-2695
3946
4088
-1052
4755
-1042
-3311
-3970
-23
-1854
-482
-831
1662
-4167
4559
-5183
-7761
-6420
-2996
-3099
4313
-2585
-5809
-422
759
9941
-713
-305
-3261
-2833
-2884
-1372
-2853
-799
-2751
-1864
2853
4781
-6357
-8100
-1044
-900
5755
2627
5368
-1540
-1477
3792
-4109
-5280
458
-4355
1702
-2599
-3072
-4889
-705
-7003
-4925
-5052
2562
3266
4906
5330
796
-2555
6786
-2923
-1846
-1053
-3208
5912
-7626
-750
4816
-5546
-4402
-3164
-5053
-4496
-945
1695
400
-4157
-1619
-920
-4502
-2431
-3145
-4770
973
-883
2553
-4523
-413
3725
-2732
1175
1251
386
4335
531
1594
-3055
1177
-2012
1044
1243
3440
-191
2429
-2957
-5282
-3396
-1493
-1743
1366
1078
-4428
-208
-417
4356
-103
2692
-3654
-4925
-4163
195
167
-1946
1032
1297
171
1993
-3974
-5949
-32
-2643
4600
1752
2915
-333
-788
2056
-1977
-1534
-316
-780
1615
-294
-4620
-2480
-240
-4726
-2704
-1370
2099
3986
2644
4477
3278
-2729
5150
349
662
556
-542
2487
-4871
-223
5297
-1605
-1966
-431
-3805
-2596
-26
-328
2864
-1326
-1560
-1660
-3230
-544
-4877
-3698
4240
-742
-379
-5312
-3646
1032
-2787
3115
2978
-1336
2438
-1443
-3162
-3683
-783
-1937
2096
-1537
3753
-2265
4015
-5377
-6036
-6428
-2100
-389
809
4166
-3123
-1673
-235
4190
-1885
387
-4159
-1726
-4050
-712
-437
-2227
4601
-2370
284
-1307
-6369
-5161
3529
-1440
5167
2107
1947
-1163
-1755
5242
-3293
-1657
2037
-2365
459
-3344
-5105
-2789
-96
-6070
-4511
-3849
1049
3282
3722
257
3412
222
6934
-3927
-1554
606
-2762
582
-4939
-1571
6493
-5491
-4097
-643
-4207
-3846
404
-2923
2374
-2136
-41
-43
-8476
-1323
-6066
-3577
3481
-758
386
-7908
-4127
4835
-2695
3946
4088
-1052
4755
-1042
-3311
-3970
-23
-1854
-482
-831
1662
-4167
4559
-5183
-7761
-6420
-2996
-3099
4313
-2585
-5809
-422
759
9941
-713
-305
-3261
-2833
-2884
-1372
-2853
-799
-2751
-1864
2853
4781
-6357
-8100
-1044
-900
5755
2627
5368
-1540
-1477
3792
-4109
-5280
458
-4355
1702
-2599
-3072
-4889
-705
-7003
-4925
-5052
2562
3266
4906
5330
796
-2555
6786
-2923
-1846
-1053
-3208
5912
-7626
-750
4816
-5546
-4402
-3164
-5053
-4496
-945
1695
400
-4157
-1224
-2712
-5934
1303
-8945
-3840
2354
-204
1053
-5745
-2998
6566
-2519
1367
274
2447
3777
-1383
-5058
-3785
-193
-1470
-902
-2979
-1942
-2728
8573
-6651
-5016
-3438
-5004
-2180
2638
-2562
-7198
-1879
835
9401
-1964
-7570
-2674
-2430
-4924
1794
174
-2394
-2367
-4012
1248
4046
-5382
-6491
-2662
-3803
659
204
3788
-4112
-670
5459
-3508
-5899
-205
-2209
-1195
-2707
-3951
-3242
-551
-7937
-7105
-6381
3942
-1411
2410
4282
-281
-3316
5360
-5059
-2130
4952
-2883
5792
-7307
792
2817
-5907
-6224
1079
-1543
-3905
-940
119
-6505
-4912
-2456
-2555
-4333
477
-6874
-5567
1283
-41
1909
-5296
-1456
5342
-2774
372
-945
2408
4159
172
-2662
-3521
1698
-2580
529
-1250
-627
-1135
6995
-5333
-4017
-2063
-3227
-1767
648
824
-7260
-2101
-33
5744
-542
-4641
-2329
-4006
-5991
3111
1930
-2778
352
-1466
-337
3415
-5146
-5278
-2002
-5259
1789
-355
2617
-2028
-52
4392
-1799
-2862
-1384
-386
-1170
-1204
-5528
-3211
-1805
-6310
-5650
-4113
4450
166
2209
3807
462
-3250
4960
-3148
-1257
5664
-2092
3882
-6198
1155
3560
-4410
-4864
2037
-1384
-3371
-1118
-189
-4803
-3130
-2841
-1125
-1819
-1065
-8712
-2220
1688
-555
-1668
-2487
269
2018
-4717
478
-1820
1078
661
-4572
-2558
-3290
-359
-2944
3320
1110
-2771
41
7482
-4555
-6031
-609
-3594
-2646
-130
982
-3672
-2336
-943
1434
-1962
-8410
-6508
-3256
-4598
-575
534
-2684
3595
-2532
-646
-3959
-3284
-3383
-1170
-4710
-2336
-489
-1199
-6613
319
3129
-2871
-1505
1545
499
-916
-614
-5154
-3065
-434
-5674
-4806
-2918
2054
-2429
-942
1142
1437
-2219
1689
-3911
-74
6281
233
1480
-2498
1613
-278
-4331
-4118
3435
1277
-2513
-2477
-2249
-6852
-2161
-1560
-1660
-3230
-544
-4877
-3698
4240
-742
-379
-5312
-3646
1032
-2787
3115
2978
-1336
2438
-1443
-3162
-3683
-783
-1937
2096
-1537
3753
-2265
4015
-5377
-6036
-6428
-2100
-389
809
4166
-3123
-1673
-235
4190
-1885
387
-4159
-1726
-4050
-712
-437
-2227
4601
-2370
284
-1307
-6369
-5161
3529
-1440
5167
2107
1947
-1163
-1755
5242
-3293
-1657
2037
-2365
459
-3344
-5105
-2789
-96
-6070
-4511
-3849
1049
3282
3722
257
3412
222
6934
-3927
-1554
606
-2762
582
-4939
-1571
6493
-5491
-4097
-643
-4207
-3846
404
-2923
2374
-2136
-1075
370
-1362
160
-2529
-4513
-135
50
1541
-2718
196
4579
-3286
476
796
1818
3022
676
-225
-2389
349
-1164
1109
-799
2692
299
4211
-2736
-3339
-120
-1054
-433
-160
4061
-3301
-1119
779
3355
-554
-1393
-2523
-2710
-3418
2369
2237
-1543
4012
536
-1902
1790
-3324
-3976
642
-2551
2862
-790
2038
-1062
-588
4278
-1007
-800
-1042
636
777
-384
-3816
-2483
-714
-3933
-2874
-1426
2360
3208
4109
1423
1765
-1755
5703
-69
-1126
3917
-69
1164
-3710
687
4086
-2736
-2563
3128
-847
-2801
683
-1464
283
-541
-2661
-950
-4601
209
-4838
-2399
5071
378
207
-5504
-7050
-1417
-1953
2239
-1217
-2283
1729
376
-1631
-3004
2513
-3537
620
-371
2053
-1568
-597
-5439
-5330
-4591
-1881
371
705
340
-5847
-1047
-217
1292
695
2958
-2211
-3243
-3886
-23
-1218
-3846
-2122
151
-770
-1330
-6037
-3848
884
-1798
5742
5443
2554
1170
817
2475
-3121
-435
-340
-2618
2241
-2368
-5630
-4208
-2188
-1977
-2812
-578
660
2658
312
3521
379
-2454
4884
-1450
296
-1575
-2807
630
-3683
-1219
5408
-2853
-4379
-4530
-5370
-3788
-1373
-814
2958
-1855
-2007
-1310
-1759
150
-7220
-3383
1837
78
-1110
-4538
-1600
2612
-4460
830
72
415
1722
-2829
-3315
-4182
101
-2716
2863
-684
-1046
-966
7284
-5215
-6060
-2835
-3502
-1163
-972
3532
-3795
-2986
-316
2862
-1876
-6745
-5320
-2629
-5069
510
885
-3389
4652
-2671
-799
-2180
-4703
-3796
303
-4481
717
-775
363
-4274
-819
5207
-3113
-2204
1141
-89
-893
-2317
-6182
-3247
-336
-6130
-5284
-3388
2250
-1367
1615
377
2156
-918
4743
-4377
-1106
6694
-2265
811
-3931
245
2551
-4966
-4611
3264
-914
-3221
-1414
-3515
-5353
-2065
-41
-43
-8476
-1323
-6066
-3577
3481
-758
386
-7908
-4127
4835
-2695
3946
4088
-1052
4755
-1042
-3311
-3970
-23
-1854
-482
-831
1662
-4167
4559
-5183
-7761
-6420
-2996
-3099
4313
-2585
-5809
-422
759
9941
-713
-305
-3261
-2833
-2884
-1372
-2853
-799
-2751
-1864
2853
4781
-6357
-8100
-1044
-900
5755
2627
5368
-1540
-1477
3792
-4109
-5280
458
-4355
1702
-2599
-3072
-4889
-705
-7003
-4925
-5052
2562
3266
4906
5330
796
-2555
6786
-2923
-1846
-1053
-3208
5912
-7626
-750
4816
-5546
-4402
-3164
-5053
-4496
-945
1695
400
-4157
-2007
-1310
-1759
150
-7220
-3383
1837
78
-1110
-4538
-1600
2612
-4460
830
72
415
1722
-2829
-3315
-4182
101
-2716
2863
-684
-1046
-966
7284
-5215
-6060
-2835
-3502
-1163
-972
3532
-3795
-2986
-316
2862
-1876
-6745
-5320
-2629
-5069
510
885
-3389
4652
-2671
-799
-2180
-4703
-3796
303
-4481
717
-775
363
-4274
-819
5207
-3113
-2204
1141
-89
-893
-2317
-6182
-3247
-336
-6130
-5284
-3388
2250
-1367
1615
377
2156
-918
4743
-4377
-1106
6694
-2265
811
-3931
245
2551
-4966
-4611
3264
-914
-3221
-1414
-3515
-5353
-2065
-1560
-1660
-3230
-544
-4877
-3698
4240
-742
-379
-5312
-3646
1032
-2787
3115
2978
-1336
2438
-1443
-3162
-3683
-783
-1937
2096
-1537
3753
-2265
4015
-5377
-6036
-6428
-2100
-389
809
4166
-3123
-1673
-235
4190
-1885
387
-4159
-1726
-4050
-712
-437
-2227
4601
-2370
284
-1307
-6369
-5161
3529
-1440
5167
2107
1947
-1163
-1755
5242
-3293
-1657
2037
-2365
459
-3344
-5105
-2789
-96
-6070
-4511
-3849
1049
3282
3722
257
3412
222
6934
-3927
-1554
606
-2762
582
-4939
-1571
6493
-5491
-4097
-643
-4207
-3846
404
-2923
2374
-2136
-2007
-1310
-1759
150
-7220
-3383
1837
78
-1110
-4538
-1600
2612
-4460
830
72
415
1722
-2829
-3315
-4182
101
-2716
2863
-684
-1046
-966
7284
-5215
-6060
-2835
-3502
-1163
-972
3532
-3795
-2986
-316
2862
-1876
-6745
-5320
-2629
-5069
510
885
-3389
4652
-2671
-799
-2180
-4703
-3796
303
-4481
717
-775
363
-4274
-819
5207
-3113
-2204
1141
-89
-893
-2317
-6182
-3247
-336
-6130
-5284
-3388
2250
-1367
1615
377
2156
-918
4743
-4377
-1106
6694
-2265
811
-3931
245
2551
-4966
-4611
3264
-914
-3221
-1414
-3515
-5353
-2065
-1224
-2712
-5934
1303
-8945
-3840
2354
-204
1053
-5745
-2998
6566
-2519
1367
274
2447
3777
-1383
-5058
-3785
-193
-1470
-902
-2979
-1942
-2728
8573
-6651
-5016
-3438
-5004
-2180
2638
-2562
-7198
-1879
835
9401
-1964
-7570
-2674
-2430
-4924
1794
174
-2394
-2367
-4012
1248
4046
-5382
-6491
-2662
-3803
659
204
3788
-4112
-670
5459
-3508
-5899
-205
-2209
-1195
-2707
-3951
-3242
-551
-7937
-7105
-6381
3942
-1411
2410
4282
-281
-3316
5360
-5059
-2130
4952
-2883
5792
-7307
792
2817
-5907
-6224
1079
-1543
-3905
-940
119
-6505
-4912
-309
1628
-242
-924
-2607
-3952
477
276
-1807
-3573
-999
2729
-4465
1858
3091
147
1655
-1681
-2925
-3194
-501
-2317
3532
-468
2216
-891
5945
-2309
-5278
-2180
-285
-658
-1085
7045
-347
-1859
745
2738
-1215
-2880
-3933
-983
-2832
348
1221
-1298
8492
-1659
-767
-33
-4412
-3553
2908
-1316
3348
-2003
1115
-1458
-1836
5506
-1413
-59
1268
360
211
-1923
-4573
-3477
-1083
-5055
-2798
-2537
863
2480
5917
-2070
2615
1358
6393
-2019
-3103
4509
-1612
-336
-3220
263
3821
-5343
-2862
4074
-571
-3356
-228
-3388
-543
-805
155
-78
-3915
679
-5393
-3379
568
1016
200
-4500
-2544
4077
-2346
73
204
761
4279
613
-2173
-3387
2500
-1632
890
-978
-1833
-2063
4740
-3588
-4117
-1659
-2359
-1157
668
426
-3949
-1325
1405
4143
198
-4059
-2496
-2502
-3024
1582
162
-2578
-1510
-959
119
2855
-4278
-4840
-1603
-2460
2764
865
2492
-440
-30
3918
-2246
-2581
-1305
-1348
1122
-703
-3683
-3490
-1249
-4199
-3505
-2329
2664
-1007
1626
3089
-426
-1849
4029
-2139
-948
4487
-2494
3224
-4494
-85
2074
-3296
-4325
177
-1988
-2928
-1770
357
-4568
-2046
-2606
-3367
-1309
-1527
-7961
-3026
-1223
-276
1493
395
5192
6663
-4729
-2028
-3748
5239
1999
-2494
-1194
-3000
-743
-2099
416
-518
-2420
1726
8399
-4753
-2665
2440
-3849
-1359
-184
-251
-4751
-1252
-1875
2991
-1402
-9036
-5528
-5041
-4895
1914
2433
-2756
2118
-1426
-2132
-2308
-259
-2490
-2327
-6681
-4608
-2423
-515
-8129
-364
3010
-1944
-2430
-1220
2483
-1400
1055
-4253
-1213
542
-5344
-4792
-1547
2430
-2000
-1404
3568
1653
-3878
1207
-3225
1962
8159
3153
1972
-2079
3356
-392
-1373
-2232
6694
3461
-1252
-1729
-2212
-7327
-1346
-2007
-1310
-1759
150
-7220
-3383
1837
78
-1110
-4538
-1600
2612
-4460
830
72
415
1722
-2829
-3315
-4182
101
-2716
2863
-684
-1046
-966
7284
-5215
-6060
-2835
-3502
-1163
-972
3532
-3795
-2986
-316
2862
-1876
-6745
-5320
-2629
-5069
510
885
-3389
4652
-2671
-799
-2180
-4703
-3796
303
-4481
717
-775
363
-4274
-819
5207
-3113
-2204
1141
-89
-893
-2317
-6182
-3247
-336
-6130
-5284
-3388
2250
-1367
1615
377
2156
-918
4743
-4377
-1106
6694
-2265
811
-3931
245
2551
-4966
-4611
3264
-914
-3221
-1414
-3515
-5353
-2065
-41
-43
-8476
-1323
-6066
-3577
3481
-758
386
-7908
-4127
4835
-2695
3946
4088
-1052
4755
-1042
-3311
-3970
-23
-1854
-482
-831
1662
-4167
4559
-5183
-7761
-6420
-2996
-3099
4313
-2585
-5809
-422
759
9941
-713
-305
-3261
-2833
-2884
-1372
-2853
-799
-2751
-1864
2853
4781
-6357
-8100
-1044
-900
5755
2627
5368
-1540
-1477
3792
-4109
-5280
458
-4355
1702
-2599
-3072
-4889
-705
-7003
-4925
-5052
2562
3266
4906
5330
796
-2555
6786
-2923
-1846
-1053
-3208
5912
-7626
-750
4816
-5546
-4402
-3164
-5053
-4496
-945
1695
400
-4157
149
2286
-4007
-2751
-98
-4558
-1839
386
1174
-3554
-831
5564
-3567
667
1886
1140
4384
895
1484
-2204
1810
-1894
635
2078
1919
-110
3802
-312
-4311
-613
245
-2002
1950
1096
-769
158
2697
4702
382
-4
-2787
-4120
-1060
-51
-88
-1398
805
2101
1159
6196
-3503
-6464
-1060
-288
5100
235
3875
602
-480
1998
-962
-2607
-839
38
4355
411
-3402
-2515
-1135
-4530
53
-731
1347
2577
4758
3178
1825
-1980
5371
2814
-1108
2155
348
4448
-4865
255
3105
-2592
-1132
468
-2018
-2877
-130
1177
1320
-675
-1914
-1062
-2136
337
-4130
-3700
4972
315
-1892
-5533
-6917
-2900
-1403
2543
1178
-2823
996
-303
-3759
-2410
1544
-3181
3485
-1243
2491
-1948
525
-4423
-5594
-5778
-1889
402
-223
3926
-3274
-2634
48
846
-957
2251
-1970
-1595
-3798
-61
-114
-3619
2559
-1092
-233
-2199
-7429
-3542
4217
-477
5506
3852
1615
1751
-83
4218
-2388
78
1727
-2053
851
-3574
-6025
-3317
-1419
-3536
-3385
-2322
34
2981
1634
-211
1350
174
5641
-3238
-1870
-808
-3629
-1600
-4187
-2641
6069
-5091
-5194
-3138
-5417
-4016
-485
-2817
3040
-1274
-1755
1946
-2689
-904
-838
-4662
-204
-617
378
-4034
-613
4475
-4292
496
1660
1006
2208
236
-141
-2491
926
-1135
840
1294
2843
-753
4878
-1970
-4139
-1137
-789
-704
773
4449
-1877
-2277
1912
3159
-991
-1788
-2828
-3401
-2335
1649
209
-2196
4652
58
-398
3178
-4367
-4938
813
-1833
5195
592
1953
-688
-941
3596
-1463
-2237
-283
-33
3013
-836
-4629
-3152
-1681
-4636
-1552
-1679
1694
3079
5188
1087
3245
-1374
6944
-85
-1554
4241
-298
2587
-4114
-442
3969
-3887
-2505
2091
-1524
-2965
501
-844
15
-1047
-2516
-2097
-1878
2645
-4725
-4020
1294
-831
2269
-4527
-2184
1524
-833
116
-2334
190
1685
2016
-934
-2058
2963
-2010
1271
914
-733
-205
3305
-3393
-2547
-1529
-1384
11
-1868
2524
-6409
-2565
-1165
1001
-135
-1396
-619
-2373
-5545
4347
2378
-3319
540
350
-1516
2228
-3883
-2172
-523
-4399
1790
200
1176
819
1998
2806
-1422
-1342
-1733
-224
-1756
-432
-4244
-2679
-2111
-1635
-3459
-756
3454
267
706
2517
1160
-2107
3240
-2150
-562
4707
-3085
1384
-2761
-1380
2819
-2059
-3698
440
-2123
-2343
140
-1630
-3397
-748
-2324
-416
-1096
-1776
-7456
-2014
1020
-200
-1867
-2429
-129
625
-3919
157
-1147
-638
1217
-4389
-1816
-2841
-304
-3010
4161
2109
-3627
-97
6272
-2824
-5996
-1199
-3388
-3078
-967
1427
-3110
-2345
-705
473
-1523
-8297
-6292
-2592
-4324
-1365
-69
-2107
3913
-1839
-314
-4308
-3284
-2861
-1555
-4405
-2101
-371
-945
-5433
-157
1927
-2631
-903
2020
512
-1146
-267
-5167
-3041
-100
-5310
-3850
-2434
2083
-3680
-1378
120
1363
-1662
1151
-2582
-469
6061
-880
1257
-2300
1469
-913
-3840
-3576
2146
1642
-1873
-2455
-2031
-6731
-1855
-2007
-1310
-1759
150
-7220
-3383
1837
78
-1110
-4538
-1600
2612
-4460
830
72
415
1722
-2829
-3315
-4182
101
-2716
2863
-684
-1046
-966
7284
-5215
-6060
-2835
-3502
-1163
-972
3532
-3795
-2986
-316
2862
-1876
-6745
-5320
-2629
-5069
510
885
-3389
4652
-2671
-799
-2180
-4703
-3796
303
-4481
717
-775
363
-4274
-819
5207
-3113
-2204
1141
-89
-893
-2317
-6182
-3247
-336
-6130
-5284
-3388
2250
-1367
1615
377
2156
-918
4743
-4377
-1106
6694
-2265
811
-3931
245
2551
-4966
-4611
3264
-914
-3221
-1414
-3515
-5353
-2065
-393
2407
-9411
-1752
-4475
-1811
4095
-845
-1440
-7643
-6472
2953
-3064
3901
4060
-2963
3412
-1573
-3073
-4070
853
-1966
-1126
1231
936
-5186
3492
-4176
-7805
-6651
-2337
-2595
4921
-2880
-3910
-639
2459
7686
-228
-181
-3637
-2629
-257
-2719
-5978
-1455
-3836
-2087
3755
4466
-7161
-8068
-1080
948
7888
5735
4719
-621
-1032
2345
-4931
-5283
1039
-5785
4956
-2413
-3322
-5766
-1936
-6049
-2516
-3529
944
1977
4390
4478
845
-2108
6946
-2016
-1816
-2146
-3398
6708
-6343
-1663
3859
-5991
-4345
-5910
-5218
-4589
-1516
2797
714
-4263
-66
-365
-2460
-2055
-957
-1538
2435
427
261
-2013
-3110
660
-2761
1574
1284
-1031
1711
260
248
-3137
92
-2117
-75
-1316
4738
-293
-567
-3688
-3649
-3661
-714
1410
749
1807
-657
409
278
1672
-287
5029
-3124
-2897
-701
-1947
-1165
-2757
726
697
-683
-1869
-3872
-3687
3173
309
5683
3733
2322
432
-1594
2764
-2632
-301
518
-1256
4137
-2102
-4078
-1340
189
-2706
-703
871
-2069
4050
1858
1851
2377
-406
5146
104
1285
-2395
140
-578
-2165
-1005
6053
-1389
-999
-2026
-4620
-2853
-81
-1808
6471
-257
83
-151
-869
-2297
-277
-3519
-1318
424
2948
-207
1485
4471
-1867
-509
639
2228
2765
1557
2525
-1125
-248
-1041
51
-448
3644
2243
919
-1211
-1769
266
-1154
-663
1035
219
-1892
531
481
3718
-585
3074
-1350
-3952
-1844
782
1905
-1284
624
2568
-1435
1653
-1422
-3583
717
-912
1608
425
2992
170
-1185
1413
20
-810
-789
1074
2314
289
-2558
158
991
-2607
-1057
488
165
4214
1964
3072
1867
-2487
3620
2404
833
-188
2397
801
-3051
891
4386
522
-135
1055
-1878
-1938
827
-804
4670
218
-2007
-1310
-1759
150
-7220
-3383
1837
78
-1110
-4538
-1600
2612
-4460
830
72
415
1722
-2829
-3315
-4182
101
-2716
2863
-684
-1046
-966
7284
-5215
-6060
-2835
-3502
-1163
-972
3532
-3795
-2986
-316
2862
-1876
-6745
-5320
-2629
-5069
510
885
-3389
4652
-2671
-799
-2180
-4703
-3796
303
-4481
717
-775
363
-4274
-819
5207
-3113
-2204
1141
-89
-893
-2317
-6182
-3247
-336
-6130
-5284
-3388
2250
-1367
1615
377
2156
-918
4743
-4377
-1106
6694
-2265
811
-3931
245
2551
-4966
-4611
3264
-914
-3221
-1414
-3515
-5353
-2065
-4387
-7569
-1175
-1110
-2771
-1543
3074
-1195
3805
675
5912
-4111
-1267
502
-1281
-1598
4852
-345
6130
-3183
-86
-4775
1580
2441
3261
2728
-4544
-3701
230
-3350
25
-1344
-4051
2491
-6178
3600
-6390
-5373
4439
10012
-3408
-6555
-4850
-49
586
-289
3062
6973
-2521
-5165
1661
1256
-1828
-8511
246
-737
-3333
-732
3690
-726
558
7360
-2827
98
288
4283
-4455
2554
1711
1851
-3042
6487
4139
1590
-4309
2789
3113
-1186
-2746
2295
6374
-2205
28
-3772
1603
1654
2747
5723
4147
1421
-3693
2597
-1276
-2876
4096
4248
-41
-43
-8476
-1323
-6066
-3577
3481
-758
386
-7908
-4127
4835
-2695
3946
4088
-1052
4755
-1042
-3311
-3970
-23
-1854
-482
-831
1662
-4167
4559
-5183
-7761
-6420
-2996
-3099
4313
-2585
-5809
-422
759
9941
-713
-305
-3261
-2833
-2884
-1372
-2853
-799
-2751
-1864
2853
4781
-6357
-8100
-1044
-900
5755
2627
5368
-1540
-1477
3792
-4109
-5280
458
-4355
1702
-2599
-3072
-4889
-705
-7003
-4925
-5052
2562
3266
4906
5330
796
-2555
6786
-2923
-1846
-1053
-3208
5912
-7626
-750
4816
-5546
-4402
-3164
-5053
-4496
-945
1695
400
-4157
