-23
7
-21
32
14
-48
28
-11
22
28
75
13
39
-1
74
34
-37
-5
-27
-1
-70
-127
4
7
-3
30
53
39
-71
38
-44
31
-25
22
-30
12
-7
-24
-14
-73
-4
44
-46
10
6
31
-4
-14
11
25
1
-23
79
-48
7
-37
-23
9
12
-23
22
-12
-5
-19
47
-32
-76
9
64
-6
-41
-26
39
-49
-9
33
-34
2
3
-13
-31
-3
-65
-20
11
-25
-34
-45
-52
10
52
-16
34
23
70
1
-28
25
6
12
75
-19
-51
50
11
101
32
14
10
-44
-56
-20
46
-38
-22
0
-29
1
80
26
-18
-59
-51
46
64
41
16
-32
28
30
37
26
115
25
-37
7
-27
8
11
59
-10
-21
0
-29
24
-48
46
57
-40
18
-2
-95
71
-7
32
21
-6
-3
-127
-31
-48
-69
-47
-41
-16
-22
60
18
-14
-43
-4
40
-46
-13
106
-26
40
15
18
40
-40
65
63
-40
15
40
90
40
-67
-31
27
-28
39
7
4
31
-105
0
19
12
7
17
-58
46
-46
-40
8
37
43
-29
18
0
-21
-32
71
-97
45
78
-25
90
-22
33
33
22
0
53
-11
81
-47
-20
-1
-17
-27
-26
-26
45
-2
-17
6
65
-9
-59
-63
-84
-5
0
-27
-51
42
-40
-13
-50
-37
-46
8
-6
-45
-3
-41
22
83
32
20
-45
-4
33
32
-36
-55
-10
22
23
-87
-106
0
-19
-65
-94
-5
-19
127
64
33
14
-66
-28
-92
26
74
-28
-26
44
-8
-93
-42
-4
-20
-42
-50
-22
-54
-1
45
-72
-35
-3
51
27
-9
7
11
-43
-48
-12
20
-38
-81
-29
-19
3
32
-7
-69
-37
35
38
-49
10
13
-56
-34
-24
-35
-14
48
23
-12
7
13
46
22
12
-30
-68
-12
13
-1
37
-21
-28
-23
-11
-74
12
5
49
32
-44
51
30
-7
54
64
81
15
-97
-45
27
-46
-43
-5
-58
16
-39
19
-50
-22
4
-38
25
-6
4
-26
-90
53
-15
-2
-18
26
-79
-1
1
-23
-4
-15
-50
-5
15
-28
-44
-12
16
46
-79
-29
-64
-38
47
-28
-3
-8
-34
-2
46
38
44
62
84
18
67
20
54
20
-24
-18
26
-46
-50
55
36
3
3
18
79
-52
-11
7
41
19
-96
-17
2
-58
-11
23
72
-65
-3
30
2
20
-5
34
-5
-22
-14
32
20
25
-29
-39
7
52
-45
17
5
-63
33
22
8
44
90
55
51
30
16
13
-40
4
-7
-5
-19
1
26
70
-54
-57
-4
12
18
2
-55
-127
-10
-10
-60
3
-36
11
20
-30
13
-11
-41
-30
-41
-41
10
-10
53
-16
17
17
42
62
3
17
127
2
-21
-18
67
2
79
26
-13
-61
89
22
3
-23
31
-31
-16
115
-76
49
90
-47
15
37
-59
-61
42
106
-11
35
-47
-33
-70
55
27
23
-32
-34
-38
-12
-49
11
7
-48
-59
115
31
-28
-17
45
5
-2
55
77
26
1
-30
44
20
26
36
-53
-15
39
-12
36
17
60
-85
9
-37
-61
-61
-41
74
9
59
0
17
64
34
-71
-79
13
29
-51
44
-2
31
-47
30
4
102
12
19
-51
28
-29
-36
-33
-77
-27
82
44
34
21
64
-82
13
-13
-64
-9
79
36
-43
78
80
1
14
-26
40
-73
-48
-12
38
28
26
-14
-27
-63
102
-14
-89
21
22
25
-38
12
-55
2
-32
-19
39
54
91
-2
-1
15
-55
1
-38
62
-2
-29
-21
-111
-5
-14
-70
38
18
28
18
22
-23
5
-1
-21
-18
76
99
100
-63
-27
-34
-22
111
24
76
-52
-43
10
21
-32
-62
-30
-22
-22
31
-23
-71
-58
-56
83
-64
26
74
-24
-21
85
-9
-8
-32
29
-54
-8
-101
-36
-17
-61
-4
6
-20
-39
17
-53
46
-52
-6
61
-28
-13
24
-14
-13
76
-54
43
-39
-66
-60
-33
80
44
-30
-16
-25
6
-17
6
-19
-127
0
-12
17
29
-37
32
12
10
31
-80
28
-44
-1
29
-8
-26
-34
-1
-118
-8
-4
-9
-27
-31
34
-30
-19
-64
78
-14
76
-68
59
-76
-54
-24
3
1
29
67
-63
-91
2
35
-14
-36
127
-24
23
15
-36
12
47
-109
4
47
-42
31
-38
-53
27
-20
4
-57
-24
26
-31
27
36
4
-52
3
-36
-49
24
48
-26
-63
16
-45
5
-4
44
3
27
-46
41
-44
-20
-5
-12
25
-45
-44
-55
-11
87
-64
-31
-39
-33
-64
51
-10
-8
72
-36
13
23
18
-21
21
-11
-2
-53
-16
-64
-9
26
-20
-13
3
-36
7
35
14
-46
-32
17
0
-1
-7
-91
19
-48
-2
49
15
-5
-65
32
93
19
-60
-41
-1
-59
40
-59
86
2
-3
25
-86
-36
43
3
58
58
-49
-37
-37
-52
9
-54
15
43
24
-32
-103
74
-11
-31
37
52
-61
7
12
-62
39
75
-76
-6
37
10
-1
65
-47
58
-50
74
-70
-11
-44
-107
-70
64
9
40
-11
-54
-12
36
73
-30
34
5
-44
-42
-37
-48
3
58
61
10
25
34
15
-28
-38
-42
-12
-13
-45
-11
-109
-69
-67
-42
70
-27
19
42
77
17
64
2
103
-1
35
-43
27
17
3
-127
23
93
-54
-48
57
-34
-19
51
34
25
-91
28
82
-1
-31
-75
51
27
5
28
84
-20
16
-18
23
-28
23
99
8
82
-33
-23
34
37
-72
37
-36
65
50
-98
-80
-77
-56
21
-73
34
54
-14
26
-65
72
47
26
10
-47
27
-9
29
46
-73
42
-10
-103
-78
75
5
-23
33
93
-66
-36
54
21
-58
4
6
5
48
1
-14
-5
71
7
30
-10
-53
64
75
-13
-65
35
-27
59
-37
64
49
-40
-32
-16
19
53
18
-92
90
40
107
-32
69
-79
88
-23
62
-30
-56
18
-45
-44
42
-67
-63
-3
-18
-127
-1
-5
-33
56
-1
1
-27
0
-14
-93
-8
-68
-31
-13
44
-14
-8
-31
-37
-24
-48
-22
28
1
18
16
-9
13
7
-55
19
50
-15
7
54
63
60
7
-1
28
42
-14
61
6
-5
20
25
-8
-127
126
-62
-21
-27
-6
-16
3
12
65
-98
-49
55
-20
-17
-42
1
37
35
-57
-12
18
-87
20
0
-31
81
75
-38
19
-13
-25
39
-20
60
10
-19
-20
1
69
24
59
37
-50
62
70
77
10
-9
-50
-74
-20
58
-10
-84
-8
91
-45
32
13
-18
8
4
48
18
-52
37
61
20
19
-25
63
-16
-15
3
-42
-33
-9
3
12
-45
3
85
4
32
104
36
-20
47
55
32
27
-22
51
-37
-21
84
-1
-4
15
83
-14
20
18
-13
-6
32
50
-27
-32
56
-44
-17
21
35
-57
15
27
-30
8
-18
23
-20
-11
29
8
-15
88
-107
-23
45
-4
-14
41
27
-7
0
28
-11
23
-127
-68
-7
32
-32
29
30
-35
34
-33
-14
10
58
-36
-21
-23
5
-10
20
-40
62
27
34
-20
0
-14
3
38
3
50
47
-9
9
-46
-48
47
4
-21
13
45
16
11
-66
-48
-9
-37
34
10
4
-5
-8
-39
-63
-50
-42
23
24
9
24
-8
13
6
50
7
-16
-60
33
-8
-35
36
-34
10
10
3
58
40
-3
-19
40
27
-41
7
45
14
7
34
39
61
41
-3
-3
9
-24
-17
-6
-21
-11
-42
36
11
-21
-2
63
12
-4
22
-5
18
80
-9
39
-21
-63
-37
-26
45
35
12
37
58
24
30
8
27
27
42
16
6
52
37
-25
-38
28
2
38
-38
-56
27
-15
-21
32
53
-45
44
13
7
-71
15
33
-29
0
-12
-11
70
42
-19
29
-8
64
-1
-14
127
60
-4
-20
-27
-35
8
-8
71
44
3
-37
20
6
-9
-15
41
13
-31
49
-39
-25
57
18
-33
-26
53
0
-16
-11
-15
11
-21
-15
16
1
37
10
-32
-16
50
-16
62
17
-1
66
62
30
15
25
18
-20
-16
35
6
83
-13
47
-62
-75
2
-29
5
3
4
-13
37
-22
66
-4
62
1
-58
-37
43
18
15
1
10
66
127
-32
12
-57
71
-71
36
1
-25
33
-17
-48
-41
-68
-27
-65
24
-125
-46
10
4
-3
24
13
-20
-12
37
-12
-47
25
-20
-31
17
-2
44
44
30
94
-21
21
-54
-63
41
23
-5
31
-13
-7
-16
45
51
15
-83
38
-45
32
63
-71
35
60
-19
-34
70
14
-1
39
37
-84
-50
-57
32
-37
59
-6
67
-27
-24
-6
-5
-21
-33
9
27
37
-14
-1
-15
15
47
56
14
29
12
63
14
-5
89
12
-8
21
56
-19
-24
41
-6
-54
16
13
-45
25
-56
-13
10
-48
29
14
29
71
16
-33
73
35
-21
-10
-69
27
-12
-17
-74
-76
52
-60
-13
52
33
0
-7
6
-30
103
71
29
41
-17
-64
-127
8
-25
-38
-6
-50
-15
-36
2
-25
115
15
-33
-43
-21
-4
-27
69
76
27
64
-41
-55
2
0
17
37
1
36
-47
-5
42
56
-9
3
39
-61
-24
13
45
-2
-4
13
-55
36
-46
-6
-39
23
1
-71
-19
-10
0
-65
1
-66
-29
49
-76
68
3
-62
41
-35
-37
-31
12
-37
-2
22
19
-21
-31
0
-57
10
-3
3
31
89
14
43
56
3
-3
103
39
90
-12
-61
-46
14
-29
55
-54
-38
-3
6
-19
-44
52
53
43
9
97
-57
-24
18
-25
34
-9
39
4
-42
20
-10
8
48
-20
27
-49
13
-52
-4
-26
24
-29
-12
-26
3
-4
59
-20
59
-25
-18
20
0
-7
127
11
-61
48
-30
-8
3
15
10
-6
-11
39
-8
-14
2
-8
-10
-44
-29
1
56
11
-28
-1
17
0
-8
-41
-16
-13
-23
21
16
-6
-58
-71
18
29
-12
-42
-35
53
-102
28
2
49
59
14
-14
50
13
104
-18
-19
0
-15
116
-7
-4
6
-9
-10
18
117
-26
36
37
-23
4
17
74
9
-33
-13
35
94
24
112
41
-123
53
75
-8
-41
-10
-16
-19
-6
-4
13
10
17
14
-84
16
35
42
-79
54
-91
-3
-3
-21
21
-61
37
51
-21
86
-40
29
-47
-26
-25
-22
-34
-61
0
16
-39
10
10
-12
-9
-18
105
6
-2
-79
-35
-22
-15
46
24
6
30
78
-13
72
-23
-81
37
-35
105
68
-7
16
-14
48
44
18
84
-1
-28
38
-38
-28
-4
43
-49
19
-3
23
-4
-8
25
-66
57
-5
69
0
-121
-1
-63
1
36
5
51
4
-40
-58
-28
41
20
-127
22
-6
21
10
75
55
-118
-41
-26
-11
38
-15
39
-53
-29
2
-51
59
-42
56
-92
-11
13
-12
-11
-23
-32
-3
-39
74
-5
-7
44
-65
-125
-69
-63
27
-11
-2
21
-74
-2
37
-55
45
-10
-27
40
28
-3
32
32
-34
-27
29
-11
127
8
-15
-36
86
-26
-37
-59
-31
18
50
-24
56
10
-15
-85
61
-6
-5
-69
15
-28
12
-56
48
34
-95
-19
-2
-4
35
84
-1
-6
-10
2
11
-40
17
-45
-19
105
26
102
-13
35
-14
-28
46
-22
-37
114
95
-63
22
15
22
31
-46
10
-68
29
-61
-60
-46
-96
-52
30
102
-12
-44
-34
-62
-44
27
-25
27
-26
3
-27
38
4
-16
-2
-77
-27
10
15
19
-58
-5
-37
-30
-9
-2
-26
43
8
-79
28
38
22
-34
56
36
-100
-48
-11
16
-40
46
10
7
-30
36
-115
50
62
-98
14
-7
-4
-8
-8
72
-44
-46
-1
7
39
127
-9
-87
31
-73
21
-38
-2
-34
7
-32
66
-43
35
-22
40
13
-44
-19
-74
-7
55
13
-51
-19
0
-92
-14
-117
-53
-2
-14
23
-39
16
122
57
-92
43
-6
20
-18
57
47
42
-32
47
40
36
3
56
-37
-6
-46
-30
-25
39
-3
-103
110
-81
-44
53
80
-23
94
-43
11
13
68
0
-16
-12
-42
50
-43
-19
-21
-32
-78
-46
-7
19
-19
-81
-37
39
13
76
9
-11
-13
0
-7
16
-9
-127
-4
23
-8
-41
-10
30
45
20
-3
-63
49
70
17
-13
37
6
-92
21
-6
-89
0
3
-45
-33
74
-34
-3
-32
-18
-15
-11
47
6
-3
27
-1
-13
4
-31
27
-10
57
25
27
2
-6
-37
-8
-25
0
-30
36
6
42
-30
15
14
-50
-31
13
27
25
-40
-5
17
15
2
22
4
-21
8
-20
-8
16
-10
22
58
30
-14
-8
5
74
-6
66
-22
-39
43
22
-12
-29
14
-22
33
27
34
36
-57
-12
-22
-12
-19
-66
-25
1
-11
-48
-8
-31
20
-32
-25
-12
-3
54
20
-29
-24
-9
28
8
28
102
76
12
40
54
8
-13
-1
50
-30
-127
-9
21
-35
-8
24
-43
15
-37
52
45
48
67
-20
-12
11
-15
-37
15
37
24
-38
-55
-108
-29
-18
-24
33
2
46
1
35
-30
53
5
24
4
29
23
5
94
-33
-35
3
53
-39
-18
-20
-19
37
36
-26
-21
-38
-82
-18
-36
11
8
-54
-41
53
-1
34
58
-27
-24
6
2
15
10
49
-8
55
-16
-22
17
45
46
-36
-12
6
-19
53
2
-13
-35
38
-57
23
-13
22
-8
12
-29
7
47
0
1
-39
55
27
35
35
-19
-32
-1
-14
-31
-36
-9
-3
-44
-10
-59
-10
-40
-7
67
87
-7
37
-46
39
-42
-3
-6
-2
-20
-4
27
63
28
51
-33
37
15
14
-109
43
-81
46
-96
-17
36
49
19
-32
60
3
22
-38
69
5
1
80
-64
91
-59
10
19
-7
38
84
-32
17
-3
84
70
-37
8
12
14
127
-7
-47
-10
-42
37
22
70
-36
-37
-3
-10
18
21
62
-20
15
-57
26
-21
48
4
36
8
24
-98
0
-33
-39
-76
32
38
-26
-38
50
49
19
23
41
-11
82
18
-62
35
3
40
52
4
-63
-31
28
120
0
10
-40
40
-10
-42
5
-68
6
29
-122
79
14
-67
46
-61
-31
26
73
30
54
22
-28
-18
-5
3
8
31
-28
46
-72
0
-25
-23
57
1
-52
48
-71
-63
-28
7
-36
-28
-19
13
-49
-11
-6
-53
-4
-8
-7
-35
2
-52
22
-12
24
20
-35
-13
-54
-24
-32
-12
-48
-55
25
26
52
-120
37
89
-55
48
56
93
33
18
43
-54
13
48
-61
28
-15
127
50
-35
3
-27
-85
-89
-88
-26
49
42
13
63
29
27
-24
-73
-94
-64
30
-2
-64
37
69
1
105
76
-74
9
-80
22
-37
-26
-33
42
-47
-65
39
-81
44
-59
-76
-32
68
3
31
-117
-92
-57
-32
45
-59
40
-55
-52
-1
10
-13
-106
75
-85
29
-28
-41
4
-7
3
-39
-40
0
61
48
-36
-48
-48
35
9
-127
-37
8
-6
-31
0
-21
-1
39
-5
-1
13
-25
-19
93
8
-36
39
13
-58
30
-69
-19
-40
8
7
6
-54
-26
-44
40
4
-8
51
71
-69
-57
45
-1
66
97
65
-18
63
-22
-4
-8
-30
17
38
-18
8
59
-68
-1
14
46
2
7
-25
53
18
-21
-46
64
-18
-37
-15
-6
22
-46
25
-38
-10
52
1
30
-53
-15
-10
-110
4
-68
-30
-42
3
-54
-29
-19
-61
-6
-121
-28
-24
2
-52
-12
19
-74
28
12
-33
48
38
-37
-10
63
35
-20
-71
-11
7
-38
-29
40
3
24
55
-26
92
-10
-30
-100
-8
36
27
-1
18
39
113
-17
-17
-10
6
-30
-101
-14
-21
-17
-17
-14
-43
-22
-4
-32
-84
38
-33
17
28
4
75
-47
-37
-49
-12
-47
24
-1
5
26
-2
-32
-4
127
39
-25
-29
-11
-13
66
-58
21
-70
-23
1
-26
-40
107
77
-8
37
39
-24
-112
-50
2
-15
-22
36
2
9
46
-7
-6
24
-63
-25
22
-68
-26
-5
-14
-51
-3
31
25
12
54
14
31
9
-40
5
26
-8
71
-35
35
63
-25
-11
38
-17
5
-92
6
-65
-7
-8
-75
-35
12
3
-37
-32
7
22
-9
-14
-26
-68
-52
-32
-71
-40
0
-26
26
-15
73
35
24
-35
12
12
-11
-3
-53
21
-106
-50
-67
-80
-47
48
-51
14
7
29
-59
-4
42
-8
55
74
57
30
18
8
-85
-127
-60
-16
-77
-83
-22
10
-64
-43
-22
-93
45
-8
-41
-118
7
-40
-17
-24
-20
-103
-25
8
-1
-48
-1
-100
-29
-29
7
-5
-45
13
49
-108
-18
77
30
2
65
12
-15
-2
-20
-19
-48
8
-39
44
-25
-32
-68
-48
-28
-71
-2
0
12
-11
-42
-74
87
39
-72
-11
71
31
71
14
20
-31
-53
-60
-21
-17
-44
37
-79
-61
-9
36
-43
5
-13
-42
-35
60
-37
-24
14
-21
79
12
7
-50
58
13
15
51
-16
-21
-5
13
-75
71
9
-19
-14
-27
-24
51
-4
-66
-46
-44
-51
-26
27
-42
-40
64
20
-46
-15
-88
-85
8
89
-15
19
-56
-6
-25
69
-15
21
-2
-25
-34
-9
-71
30
46
2
22
-46
6
-56
-37
3
15
44
-41
-46
-73
11
8
-6
38
24
0
-11
73
35
51
-11
-42
-18
-36
30
0
-64
71
22
127
-13
-60
4
-37
-15
-32
-19
17
-10
20
-26
-8
16
-89
11
-29
20
-21
6
-49
73
-46
-4
55
44
-17
-74
26
29
-57
-66
19
-99
27
9
27
-8
28
-6
73
-12
-30
-30
-28
-1
13
16
-112
60
25
16
-1
40
-22
10
20
33
74
-15
114
35
-34
0
25
-36
33
72
-81
74
-41
-5
-24
-6
81
9
-11
-43
13
32
18
-55
15
31
41
92
-41
30
-20
-4
37
24
13
-32
-26
53
8
1
32
3
-22
-15
5
-12
17
-17
-8
-5
-4
53
21
81
64
41
21
41
6
-49
-67
90
-54
3
11
5
40
35
13
-10
-6
-10
57
-51
-38
-6
-87
52
9
85
-3
112
17
34
31
61
-30
29
-2
-63
-12
-2
-38
10
15
-24
18
49
29
21
-51
127
32
-19
44
22
-52
-46
84
-6
49
-20
27
20
0
-62
50
12
66
15
9
47
55
1
-127
-37
-38
-24
-44
-62
-25
23
7
-83
25
7
49
60
15
50
-7
-26
-56
-32
42
36
-31
-12
39
-7
33
-51
-38
-40
-60
35
-46
-23
66
-2
34
-3
-68
-69
6
11
-25
-40
69
-8
18
1
-9
-10
-37
24
58
-37
-28
-48
-33
-57
37
50
-48
34
40
-4
29
101
-22
66
-17
24
19
11
14
16
-4
-1
-49
-74
-11
-61
10
-72
-58
-24
-13
71
-15
-21
-77
13
19
73
7
6
-100
39
26
-5
-56
3
54
-115
53
-48
8
41
5
2
-35
17
44
-38
92
-119
34
-4
-74
50
-23
-24
66
-13
6
-109
38
-95
-40
-5
47
-76
-70
79
-117
31
-86
47
-4
-2
37
-70
-26
-6
15
17
81
5
28
-40
-73
-63
10
-18
30
25
13
-6
-22
-28
-4
-25
23
-61
40
7
20
-21
75
-12
2
-74
39
-71
15
13
-54
64
20
12
-7
-15
-71
-30
-29
13
34
-21
-90
-7
-12
-52
25
-19
-47
23
49
39
-21
10
-34
-34
36
32
-39
2
25
-46
67
-36
66
12
75
39
-53
9
-20
1
33
31
-14
-24
63
-21
75
-35
-24
-127
-42
-5
-3
56
-92
-56
-32
-99
-22
3
-73
-37
-34
38
-58
-4
-76
49
-6
-100
-72
6
-50
8
-91
61
-41
54
-37
-106
-92
78
16
-127
-27
-69
37
-107
-35
38
19
34
62
-59
6
5
-19
20
3
66
84
0
31
70
53
42
-56
-38
91
27
8
48
8
21
-48
-111
6
-21
-66
-56
-41
25
-47
41
43
96
-13
-28
34
21
-24
-28
109
-92
36
73
9
19
88
-11
39
-24
-25
37
-21
52
28
-33
-60
-82
2
85
17
-97
-18
20
39
28
-66
22
-127
-29
-46
-71
35
-53
-23
33
-22
-53
54
-23
-6
-22
-73
1
-4
77
0
-23
22
-44
32
-6
13
50
-2
-48
39
22
29
-10
-24
0
31
-43
62
-52
25
-61
-44
12
18
-1
-32
30
31
44
-21
-37
-12
9
-12
-35
-4
-25
-2
10
-124
52
31
4
60
32
22
-38
80
41
12
31
64
0
92
32
-127
-67
8
-12
-24
-74
-17
-16
28
-49
11
-14
3
-14
34
8
-87
2
3
31
26
-6
-56
-9
-13
-22
40
-1
74
-21
-6
9
5
-53
-5
-62
-29
-19
-53
44
36
65
-2
-12
-13
47
-21
-41
-50
75
-8
8
-9
44
-1
3
-46
6
-3
-64
-10
-24
-23
-27
2
-39
78
-8
-1
-62
12
6
-21
-57
-30
-9
34
10
64
2
-17
56
-9
10
11
5
24
4
-13
-12
-29
109
-17
58
-38
-21
-58
12
-1
-45
3
-50
-10
-24
-2
71
-67
26
71
47
-77
32
83
-120
-12
-27
-53
24
6
29
-33
64
9
9
18
-21
-80
12
127
27
-2
30
76
40
6
-83
-16
-6
11
32
35
-10
14
-51
17
-43
42
-60
-69
-7
52
21
40
-45
1
-66
-59
47
38
-34
-37
72
-8
-14
87
42
-77
70
-42
-90
-107
81
-12
3
-21
30
0
-91
64
-10
75
-16
71
-8
60
46
-19
28
-31
-16
12
40
5
56
11
4
52
-27
-62
-68
13
17
-19
77
-44
29
-92
-42
-61
-90
10
-80
0
-34
8
68
-15
106
65
-67
-39
-2
5
-46
-35
20
-30
-21
25
-58
-66
-36
37
-99
-5
-62
37
-99
-62
-65
12
-22
-70
37
-34
-7
20
-2
-17
-27
-11
58
-57
23
23
-17
-26
-27
17
19
-34
2
-57
11
-46
-46
-5
-43
22
11
-24
1
-46
17
21
44
24
-18
-19
-9
-49
46
43
-11
-19
-8
47
-27
88
-32
73
9
-18
-6
14
-17
-3
-48
10
-56
-3
49
69
-40
-5
80
-24
13
-49
49
-85
-92
-58
-33
10
-127
-56
-17
-9
4
-7
-7
-14
1
-27
32
47
39
-70
-31
62
-49
30
-46
-31
-25
-65
-7
5
-72
-20
-9
0
-10
2
-13
-42
20
-10
-69
-10
49
-33
63
-44
14
-18
-8
-114
-73
38
-28
-10
-87
-6
15
-53
40
12
-85
69
71
-54
-4
-95
28
8
2
9
36
-4
54
100
70
56
-21
56
2
-48
-10
-14
-71
8
-38
-50
-3
74
-15
40
-48
-61
-8
-52
-28
-55
46
-24
-48
18
-65
6
-23
-31
-21
82
-63
110
-39
-14
-32
74
-22
39
26
33
64
101
109
-16
2
62
-39
-13
47
46
42
-39
-32
-78
-12
-72
-23
-8
97
-76
17
-4
20
-25
127
-81
84
10
20
-37
1
37
-104
34
20
33
21
74
-44
-79
-86
74
19
25
33
-10
-8
17
55
6
72
4
38
18
62
12
76
6
-39
31
17
17
-17
11
-13
17
12
50
9
-21
-66
-52
5
-49
23
105
16
-32
-14
-82
-40
101
84
-33
-1
4
30
16
81
-90
-24
-15
-79
-20
32
4
8
-39
-18
-40
51
-56
35
-8
14
-72
-7
31
22
-35
-40
30
39
-8
-14
-88
-25
6
12
-7
-3
7
127
20
-22
-14
-91
-35
-21
31
91
57
-70
39
59
24
-4
2
43
25
-41
-10
17
-45
31
-22
26
34
-23
-26
2
-23
34
-23
-32
23
50
102
-12
-7
-40
12
-19
8
20
-20
-43
9
52
38
-4
-32
-21
93
19
119
4
4
-32
-42
-53
-1
41
-58
56
12
27
28
17
-28
23
46
-22
-10
5
-28
-17
-73
-6
-32
-52
87
20
-6
24
7
-19
-68
76
9
64
-28
13
56
79
75
-59
4
-14
3
26
-32
38
75
-41
22
5
-28
1
17
13
-71
14
-2
-35
-19
-25
-62
27
37
-15
-24
-71
-65
26
-7
35
28
-51
24
-42
51
25
9
64
31
55
5
-1
9
17
22
-28
-19
10
59
-13
-9
38
-22
5
17
26
-6
-127
-41
-43
2
45
26
55
42
-15
48
-18
-13
41
-92
-25
-49
23
-1
41
97
-66
-34
26
44
-18
-7
-33
-17
-1
2
-5
38
30
4
2
39
-52
-28
2
-19
31
-31
37
56
7
11
54
7
-5
21
12
-10
13
24
-35
-71
0
-73
-60
62
-20
52
-42
-13
-46
10
2
0
-37
10
26
-38
-4
57
14
21
30
-6
35
-5
-25
127
-15
-25
28
20
-35
-34
-17
-9
11
-3
-24
-12
35
-54
-3
-55
-25
20
-12
11
25
7
-9
-16
-23
29
-63
-28
-9
9
7
52
38
4
5
38
19
-5
-38
5
2
-16
44
27
55
-12
44
-26
25
-4
119
-32
-15
-2
21
115
63
-24
-23
12
1
-21
70
-19
13
-27
-39
1
-17
39
-44
-45
-4
8
63
-2
71
20
-13
28
-31
9
-52
6
1
-34
-4
53
20
-14
-7
71
-35
11
-14
34
11
-50
30
25
-44
-28
-32
-16
4
12
7
48
83
48
77
-33
-2
100
27
11
36
32
-34
60
-51
-55
3
-57
-27
-17
-24
-8
-14
4
-11
-39
25
-31
65
51
-9
11
12
-3
10
111
25
41
80
80
-1
53
3
33
-47
-45
-46
-17
9
61
-17
9
-48
20
7
92
-21
-39
127
6
47
15
32
-5
-42
-62
8
-4
-28
3
23
-19
-36
2
-32
-31
-17
-23
-56
-30
11
36
-19
43
-7
30
32
46
57
10
0
-4
-48
89
66
60
-11
28
10
27
-19
28
85
-22
31
-42
-15
9
16
-17
-25
75
14
-31
-53
79
9
34
38
-6
18
36
-47
60
-92
-43
-3
1
84
22
108
-12
60
0
-52
-58
33
127
58
29
32
60
2
-1
20
9
12
18
62
-81
33
110
-22
5
2
-10
13
49
-12
-12
20
82
3
9
-7
86
50
-10
-26
-52
36
-29
-50
64
51
-3
-55
-21
-34
-24
67
12
17
-24
-4
44
-61
85
44
12
84
11
7
99
-52
7
21
-37
-1
88
-30
-34
44
34
8
-107
-3
-67
-10
7
82
-31
-49
15
94
-47
5
45
-9
-21
39
-6
0
-33
9
-45
22
22
65
-3
-43
16
-38
70
-45
-11
-1
61
14
60
46
-29
69
-4
24
-32
53
32
-13
-76
60
18
-36
97
24
17
4
64
7
-24
19
74
-1
10
-51
22
-11
-8
-14
72
-28
43
-2
74
-40
30
-47
127
2
59
-4
-5
-17
18
16
17
-12
9
41
17
4
13
34
42
33
10
-6
-67
-73
-8
-39
-57
48
-7
-16
-7
19
-16
-2
10
-35
-9
29
-2
-21
-25
-17
50
-20
30
50
41
51
54
15
73
44
-20
-45
19
-64
81
-3
126
13
-8
-22
-32
-21
-5
76
48
13
-19
-17
55
81
7
23
25
37
81
11
12
47
-7
-24
-16
-36
-8
-54
39
36
-4
35
-67
38
-61
-37
8
-28
69
-33
-33
-41
51
-31
-71
69
127
86
17
-21
-31
19
-6
-36
13
22
-63
20
23
-13
54
-65
-13
-26
-41
27
-7
7
39
21
10
18
-59
30
-1
23
-41
-39
-1
32
64
2
-81
-13
-59
-2
-91
11
2
-61
-63
62
53
-38
-11
102
56
-6
5
-4
-54
29
58
-36
14
-52
19
-26
-54
-34
101
-30
-121
-64
-55
54
-12
-69
-15
37
-27
-27
-27
49
-9
57
-26
1
-49
32
67
23
-20
5
53
-5
71
58
55
41
15
49
37
36
-3
-51
-2
-25
59
-80
-70
51
-39
57
4
-9
30
-73
23
9
30
-8
16
-90
-3
24
31
-49
-97
47
-20
-65
36
-35
36
-13
-24
-83
-8
32
-17
-108
-22
48
52
23
-42
-117
0
-3
22
-54
-1
55
24
51
40
5
-39
-45
69
-74
-20
27
108
-10
-79
2
-51
-75
8
-13
-1
-9
56
3
16
-31
-70
12
30
16
-39
-9
-23
-37
-13
-46
-32
-32
2
3
38
-35
11
48
-15
-66
-119
-38
13
-4
41
77
14
-12
11
25
18
21
-41
24
-33
58
45
23
68
9
-34
-27
-55
-14
18
21
-6
-23
-92
53
14
-31
-127
-43
20
-22
34
29
0
0
-56
21
1
8
-47
127
-91
10
-55
13
75
13
-42
21
27
-38
17
25
-3
19
-87
-76
-59
-30
60
-18
37
61
6
-20
9
83
48
111
39
-2
-13
22
-6
87
-31
-11
-20
-28
-28
-10
62
-53
-60
-3
-38
-74
19
13
6
-13
-113
-16
-7
-95
-17
3
48
-24
-36
7
-46
-16
33
-36
-12
-30
46
14
54
8
1
-3
5
8
-3
18
12
-18
56
63
50
-2
3
-8
89
9
-15
11
-62
15
-33
-80
-8
-22
-38
-10
8
-60
27
-48
9
33
-42
-80
-57
-65
-22
-33
-37
35
-13
-59
2
61
1
-34
-22
8
51
1
54
-15
9
69
-35
-10
30
2
72
-18
57
40
-9
-23
-89
-51
-59
-81
-5
-127
-29
15
-39
-26
30
61
49
-33
69
-26
-55
-18
54
-28
-16
-20
40
13
38
10
-59
-14
7
-18
-57
14
-34
26
-46
-41
37
-42
30
-43
16
16
-31
-14
13
50
7
16
-3
21
-14
-4
59
-87
43
-38
22
-34
-9
28
-47
-35
-30
-19
48
63
62
-38
2
80
-11
-44
-30
-28
17
-49
-82
-24
31
26
-3
26
-61
-60
9
-24
-25
0
-85
-7
-39
7
-44
51
-31
-20
21
21
-24
-49
39
-11
3
-54
63
-8
27
-48
-25
18
-3
48
-42
-2
-21
-10
-19
6
-22
7
17
-1
-5
2
52
-21
23
-12
45
-47
-3
-19
-75
69
-3
59
13
-39
68
-74
-32
33
-3
30
38
6
-53
-46
-66
21
-110
-35
-11
16
-9
46
40
-11
-12
7
25
-47
49
37
5
-21
-17
8
20
-44
14
-6
8
-52
51
22
35
3
-53
46
12
35
-35
4
23
-60
18
-12
34
-34
-4
-31
-24
42
-45
29
-24
14
3
4
66
40
-22
19
-5
-5
127
-5
101
-23
31
-3
-44
-8
35
-44
16
-65
-10
17
22
-22
-13
-20
-21
-53
-60
7
54
-26
-86
-33
-69
-15
-16
33
-89
-13
0
-1
-12
-82
-41
-10
-34
91
-33
103
-19
65
-58
40
-5
50
9
-50
1
-47
62
-115
10
29
32
-1
10
-33
111
-69
-33
-42
-52
-55
-24
69
-109
25
11
75
-81
-64
-62
-27
123
-33
63
65
10
58
3
15
-25
-40
-51
-70
-12
2
38
39
93
-23
-51
-88
-46
-66
48
-2
5
34
-24
-102
-64
18
2
40
34
38
25
14
108
0
-81
-6
-126
-127
-23
22
-5
22
5
4
58
-66
44
-16
-24
-37
-71
45
9
-72
-54
-22
-56
-29
-48
-57
-1
99
-10
-76
-18
-19
-68
10
-83
-56
28
-1
63
62
-92
92
-57
-38
5
-8
11
-36
-50
-18
-6
-18
48
24
53
-12
-47
-1
4
35
39
-2
100
5
25
65
-8
-55
21
6
26
15
13
-52
-55
43
11
-18
110
96
-9
32
-48
64
74
50
26
-3
-1
14
-77
55
12
12
0
-88
-11
-22
11
-8
82
46
-127
19
33
5
-59
35
16
4
50
33
0
12
37
13
31
18
15
6
-10
16
-10
16
20
74
14
6
19
52
26
3
2
50
32
-33
-6
50
24
-5
23
31
11
-2
51
-44
-59
-16
9
-21
79
-27
-16
-58
2
-20
15
-44
-94
2
37
-14
5
-2
-13
-81
-5
-26
23
26
92
44
-18
39
33
-40
90
-24
125
-59
-17
-75
-50
22
-47
-4
-11
-14
-38
32
-30
-46
39
-70
-10
29
-5
24
-15
-95
-14
56
39
-15
-108
1
-120
21
57
1
-11
-54
-63
-81
-76
-29
-127
-25
-36
-59
19
32
16
65
29
-2
-11
-5
-48
3
31
6
-43
14
22
42
100
-16
-14
-42
20
-43
-83
56
17
-2
-54
-59
-3
27
42
40
28
-51
-12
15
-21
-49
-70
-57
24
-59
-61
18
31
-34
-14
-42
-93
-25
-62
43
-22
14
61
49
-34
-17
8
-22
21
-44
11
34
-17
-10
21
-9
-8
11
-2
4
24
4
31
15
-113
20
-29
-21
-18
10
1
-4
-18
61
-57
15
-56
