-50
-16
99
-64
112
-60
-101
-36
-108
-9
8
-28
-39
73
64
106
70
114
23
-9
-38
-3
15
-11
-48
-6
-56
103
-85
45
-29
68
-11
-73
-53
9
47
-33
0
-104
-71
-28
-14
58
35
-13
96
39
7
-54
-24
-83
18
-4
17
-14
-20
5
-41
1
-37
-109
-96
48
-18
127
20
47
-53
70
60
-21
38
-10
80
6
-4
-34
13
-46
-62
6
-1
71
-13
13
73
10
12
-29
-23
1
-16
-39
4
-15
-25
19
-9
73
30
-16
78
-3
-47
-66
-1
48
-1
11
-67
20
-53
18
7
8
-7
9
27
-43
-5
23
17
9
4
-5
32
-7
-30
-60
48
-8
6
-61
-70
33
-21
19
-6
-43
15
36
55
-127
27
-26
-6
23
27
-56
56
60
-43
-26
-3
-8
-49
121
53
84
-45
31
9
-51
19
27
104
99
-33
33
24
87
1
20
32
68
56
-127
82
-100
75
79
90
-98
34
15
-85
89
20
62
-40
-34
-21
-24
56
-34
8
44
32
23
47
-91
41
-14
-40
-10
-39
-20
-38
12
21
82
1
108
80
3
22
6
127
-50
6
31
-18
-77
-7
-37
15
41
24
27
-18
95
-65
-61
56
62
35
58
-31
43
62
18
-6
22
-14
-49
-14
41
100
-45
91
-37
-9
-68
-76
-103
-29
-1
48
-9
-39
69
32
50
89
-10
20
47
2
-39
24
43
43
48
99
-50
-58
1
-107
-7
-83
34
-66
54
22
-24
84
-27
64
-93
-102
67
-48
-48
38
-7
-16
-16
35
0
-30
0
104
-11
3
-48
1
-79
11
-25
69
7
127
91
7
-63
63
23
34
7
-55
-73
46
-32
51
-8
18
12
47
-7
104
99
-32
49
24
-13
-90
47
-12
67
16
1
60
48
-59
-54
-22
27
-4
-53
-8
8
-45
31
95
96
55
-56
17
110
-6
24
-127
93
31
8
-50
23
10
25
10
-39
-43
-4
-6
-57
-65
-10
41
18
1
30
51
-33
-47
0
12
-12
-79
12
-21
47
63
-7
34
-28
82
-49
-55
16
-65
3
13
-47
36
17
42
-50
-4
-28
-13
47
-117
65
-8
-19
-98
77
0
64
35
40
8
-66
-34
6
13
56
-9
16
-71
-29
-22
37
-20
73
26
8
19
31
-95
-34
83
-97
-6
110
-7
4
-83
-42
-44
-94
16
-3
106
-5
88
-74
-13
-4
108
76
37
-43
-105
-38
53
0
123
0
-16
-41
27
-42
-8
74
-24
112
-12
-19
25
2
-1
74
42
29
-32
39
-88
-5
0
-54
39
-43
-24
17
-13
127
53
25
40
32
34
-1
47
-102
0
-14
55
41
-27
13
-62
35
-28
0
-127
-18
44
-22
76
127
-48
51
19
-2
-2
-25
-59
40
-21
28
93
-16
74
59
-107
-14
12
-59
5
50
47
45
17
25
19
62
40
-75
29
15
52
-17
36
43
4
25
7
-34
-19
-63
61
46
-13
-3
-10
-24
-42
21
2
-23
-35
-45
-36
42
27
-18
-6
-32
22
-42
62
3
38
-73
-35
23
-4
36
127
5
11
-31
-16
-59
-25
40
-101
19
-11
-67
35
18
16
-41
0
-15
34
20
61
24
-32
1
-19
-21
28
99
10
-25
-22
68
-18
-29
24
-21
15
24
-62
-17
30
33
47
28
49
-24
-24
82
-62
-75
-51
38
14
6
-36
28
24
-27
-39
-22
127
-29
-7
-5
29
4
-38
-36
-71
23
5
10
1
-14
33
30
-88
48
16
64
-3
25
15
5
-7
-53
55
25
-11
13
-35
-48
-69
49
74
46
98
-11
92
-12
-70
3
29
-38
-12
10
19
-33
40
-18
88
11
33
5
23
33
24
-46
61
-9
-44
43
16
20
-99
-11
24
-26
4
-35
-18
-57
1
-9
-65
52
2
67
75
85
-75
2
-75
74
-1
-17
-8
65
2
65
25
-47
38
-25
-41
-26
47
54
27
-12
53
16
6
-127
55
-9
-23
54
79
2
77
91
-31
-21
-42
-2
8
1
-11
1
46
-20
-42
-20
115
-17
43
-49
-44
25
-70
29
-2
45
-88
-117
120
-67
13
32
-27
44
-28
-12
13
60
10
34
-26
6
-2
-69
-1
-24
30
-73
-4
30
-24
6
7
49
54
44
62
89
13
-53
20
-20
-12
12
98
-25
-39
29
-29
30
-46
24
-15
13
-127
24
-11
-2
-5
32
-41
-10
66
28
4
-37
47
-19
31
53
1
32
55
-10
8
10
15
-14
-46
-3
-30
26
54
-54
21
-14
17
-13
15
89
67
2
17
65
67
52
40
-75
21
-38
54
-25
11
16
127
-22
-33
19
108
3
38
-7
-17
-3
-33
-36
35
-56
-42
-15
44
-17
-62
-29
-40
-15
-76
34
-46
-74
-12
32
5
47
7
84
-28
-51
-58
43
-2
-52
-1
4
84
4
48
12
31
33
3
15
49
5
61
21
1
-22
-52
-4
-65
-11
-93
14
6
-36
-8
-13
-2
-68
17
-21
29
-14
16
-25
-39
100
-6
38
-42
94
-18
15
13
18
-17
63
-62
-9
17
-1
14
25
-58
-20
-2
7
-17
15
73
-16
-34
57
-43
34
-127
-56
0
-57
-17
-13
25
31
42
-19
26
4
-70
-58
12
-14
-103
50
30
6
23
27
-40
24
15
-26
67
43
76
29
-127
-43
-57
2
-61
36
-59
-11
29
119
47
77
-40
-40
100
-51
28
-13
-59
-102
-15
77
-51
13
-96
-22
58
58
28
-35
-11
-28
-36
-62
47
36
21
-46
-59
36
95
-26
19
-14
-126
63
-5
-39
-24
21
-88
-61
77
-10
-27
3
-80
26
5
-32
-56
106
-55
80
-26
13
-41
38
-19
23
21
-17
31
-26
26
-32
37
16
127
-33
54
15
-24
26
39
-5
8
-2
16
-46
-4
7
-11
17
16
-31
27
-71
-84
24
19
-27
-55
-43
17
27
-33
18
10
-36
-13
113
-14
-24
19
-29
10
-27
-40
-38
8
-27
-21
52
31
37
-5
-12
-24
44
-1
106
-16
22
42
-35
-25
-26
29
45
-7
64
13
-41
67
11
-5
-41
-53
-2
16
0
-113
-15
-1
-53
-18
108
23
53
72
-28
25
32
-9
-127
49
8
11
12
74
75
-65
-1
-14
35
-37
50
58
-11
-25
-109
-32
78
-45
8
73
-64
5
-112
19
56
26
-7
110
-37
40
-2
-25
56
55
0
-31
60
-3
8
22
-69
59
-3
21
16
-23
-10
52
-27
21
13
-25
0
-5
25
21
26
-2
-28
0
-13
-40
25
-18
-87
-3
-24
-39
-25
5
96
-72
-18
-23
0
-63
26
-41
-11
-8
-7
60
-32
31
9
9
43
-17
43
-10
-56
47
0
-19
41
-20
31
31
-18
47
-127
20
30
37
-43
39
-23
41
-42
24
33
-53
28
42
33
25
25
69
-23
-15
-44
-97
-38
-12
-35
-65
3
15
12
-35
104
36
-45
-92
-62
-66
-90
13
54
11
15
-15
44
23
-76
-116
16
10
-39
6
-10
-53
10
-49
53
-10
24
-41
-15
-49
-40
-18
71
17
-43
14
89
-8
43
-56
-5
87
-48
106
27
-68
-49
-30
32
65
-81
-65
-14
-20
97
124
-127
-32
63
103
-34
54
25
-2
-92
-54
-91
65
-15
33
-31
-15
1
-3
97
17
7
-85
81
-1
-71
57
18
-15
-53
-46
63
-56
-34
-96
31
53
48
-39
-94
1
10
-13
-74
36
-127
14
49
40
76
-24
-16
-11
10
45
-94
-1
52
17
84
19
-4
40
-15
45
-47
-42
-16
-5
4
25
19
-25
-13
-56
35
24
10
-58
13
56
2
61
-2
10
69
63
59
-15
11
-49
-28
-12
-7
68
1
-10
-4
81
-127
35
-61
47
-30
40
29
-9
19
57
0
6
3
10
33
17
-40
20
19
9
30
-62
-95
-57
19
1
62
33
54
-70
-28
31
-47
23
55
-112
29
4
-6
29
32
-40
62
-110
-13
-10
-51
-49
-1
-7
-77
22
79
40
3
-36
-33
-8
-26
38
-75
24
19
-13
-5
25
20
9
-67
26
93
63
57
-28
36
7
39
-37
30
-102
-64
63
23
-38
-33
7
32
6
-65
-67
-127
-15
-18
-44
-2
54
-82
32
61
-23
-93
-90
-38
20
66
54
53
81
-27
-89
22
-1
33
-40
-42
-46
-26
23
51
108
21
-12
17
90
-59
-109
-36
-14
33
10
2
-91
38
59
11
-9
-16
-15
22
-19
-13
-70
-10
-4
-4
-58
41
-25
13
-17
13
56
4
-12
12
28
7
-44
11
-6
13
2
-19
-54
-35
2
19
39
-77
32
53
-127
41
-36
-12
28
-10
45
53
66
-39
6
-59
-73
-11
40
-56
29
44
-19
31
-31
-23
41
69
34
-60
-38
-9
36
-102
90
-19
36
29
13
-18
13
4
-24
-39
-11
13
16
25
32
-15
3
118
-75
24
43
-9
7
-91
48
35
37
97
67
-113
-39
-54
32
36
18
44
50
19
24
4
20
55
-48
41
-19
51
-8
-51
74
-6
-58
-75
-23
-46
24
72
52
-39
-8
52
127
-30
52
-41
22
81
2
42
-82
-18
-32
-19
-43
65
-48
80
59
30
95
-5
28
65
55
-11
21
127
5
14
17
-16
-53
22
-17
23
36
20
-3
28
-64
9
10
35
-12
62
38
-55
12
3
5
-64
80
-8
15
34
25
-80
71
29
86
-92
43
-92
24
22
-25
8
-77
41
3
40
47
53
-3
-20
62
7
46
-30
81
8
-25
-14
-15
96
2
28
-88
-48
106
15
47
13
-127
28
-127
52
-50
-38
58
-15
76
-30
-22
-69
-8
34
75
-36
-15
-77
-6
-16
14
36
42
11
-50
-2
-14
17
74
42
-36
21
48
0
-94
8
37
-50
-17
33
14
53
14
25
-52
-46
-4
46
9
-4
36
-122
-43
-23
-53
124
51
-16
79
33
57
-38
88
-17
-22
-7
-86
-58
24
-32
7
-38
-22
-18
-8
62
-50
41
97
12
88
-6
-56
-48
-2
-56
-28
-23
73
3
-11
-8
-14
-63
54
52
13
-7
126
48
-67
64
21
27
127
19
-75
-98
10
-66
24
49
-51
57
69
-53
-78
98
-41
-100
9
-29
86
16
34
-28
17
-3
2
-21
6
14
-49
-35
3
-68
10
15
10
9
55
-72
-70
-31
2
-34
-9
-46
17
22
23
15
6
127
-18
34
17
-33
-51
-39
50
42
48
-4
-1
-48
-40
31
64
28
-2
67
-28
11
9
-62
35
43
-20
-15
-14
8
-6
-26
34
-19
7
-12
-44
-32
-11
58
8
-29
-7
12
32
-23
-40
15
9
-20
-7
40
-29
35
33
3
28
-23
1
59
-42
-15
5
15
40
-38
33
5
46
-9
6
-6
-5
-4
-14
-45
-26
12
-44
7
-21
19
57
3
-10
28
47
-10
-66
-54
5
-1
4
-8
70
-62
9
127
5
30
-42
15
35
-69
63
-32
90
-9
35
-32
17
-14
-63
25
3
2
-49
-9
48
-29
-25
22
22
-19
-7
117
-19
-112
-61
-17
-15
-13
-16
27
-13
7
-1
127
-68
-4
59
6
-37
-1
-2
31
-45
55
103
-3
-77
-15
-112
-43
-6
42
1
30
-98
18
-21
-98
-57
0
62
5
49
-45
84
-11
32
14
67
93
51
-80
-62
-34
-35
65
-12
41
-42
-36
82
-37
47
-39
-21
30
4
77
-21
-55
-84
-27
22
-4
52
-37
40
-42
-9
-41
35
-29
-9
-40
35
-3
-41
-8
-6
28
44
-10
23
36
17
-76
19
-16
-72
42
11
32
-5
58
8
-43
-64
4
18
85
-13
-28
-41
43
25
-4
-9
10
61
-106
-28
8
-7
56
127
33
-29
-21
-67
-21
-41
19
-26
-44
18
-29
-22
-88
-14
23
55
-78
-9
54
-105
-38
-94
66
106
35
-49
40
24
-21
89
66
4
77
-19
100
23
-29
-8
-72
-100
21
65
-50
-30
39
15
-21
18
-10
14
30
-13
59
61
53
-1
-24
72
33
44
-117
-8
8
13
28
-97
-56
50
43
68
-43
41
-39
37
10
-47
-53
-66
92
-7
100
-127
-11
-52
-8
-40
8
83
-101
-41
-26
-31
-7
-29
-62
35
92
36
90
4
43
-8
33
31
35
73
66
-35
-2
55
0
44
-29
40
-127
-64
1
65
-53
-9
-52
4
14
3
-3
2
4
39
83
7
0
59
43
-26
58
40
-31
5
0
-11
64
30
-26
-31
-31
-37
-37
8
-74
58
109
-60
1
51
8
-34
-80
-13
-39
-1
43
2
3
-63
-72
-67
20
-8
53
-65
12
15
10
-9
-53
10
-77
-6
7
42
10
-65
84
-25
81
26
46
-12
-25
-14
-95
24
12
0
58
-15
-16
51
5
-59
21
8
-46
22
21
-5
-35
2
26
-5
-17
-8
-29
-37
2
8
41
-26
-127
-73
22
20
-22
59
-4
-31
18
71
-55
75
24
3
89
96
-55
-4
60
39
-6
7
29
-30
35
67
-26
-20
-82
-14
41
-9
-4
37
-43
26
102
127
8
-32
-20
17
31
35
41
-19
-39
92
46
34
-23
14
57
-4
31
-12
-6
-59
30
79
-43
71
35
-119
62
43
-85
25
78
10
-17
48
-31
10
-27
-37
100
19
-65
78
-55
20
-40
14
-68
14
7
-26
-116
-42
-17
14
-7
-5
0
9
78
62
21
-21
-85
16
-22
55
18
-16
-66
-31
79
-23
-26
43
24
-28
23
63
-32
-5
19
-33
-21
-20
-30
-29
-29
-10
34
-82
1
-1
39
13
-9
-14
51
46
127
-39
-5
-52
-17
-57
89
-15
-44
-18
46
7
-114
34
4
-22
91
30
6
105
22
-34
-34
-4
-35
-49
-127
-27
-23
-7
105
-17
45
41
4
-82
-25
-6
34
-54
-79
-75
11
-19
19
-46
-52
39
-54
-69
41
17
-19
-3
62
16
-57
-95
-88
-4
-81
7
-104
-71
-49
4
-1
-38
-4
31
2
6
18
-47
-12
14
-64
65
55
-64
25
-7
8
-21
40
-74
30
5
26
-18
-7
12
27
-35
-12
7
-29
-34
-37
43
-25
-62
-33
-46
61
-9
32
-3
-27
-72
-42
8
-17
31
-81
-27
82
-11
81
50
50
5
-24
-6
-21
47
-20
-52
45
20
33
44
8
29
44
-67
-12
52
-4
50
-35
-17
86
60
-45
-18
-19
21
-54
50
44
-46
-73
-8
33
127
-110
10
20
8
-13
72
-76
27
-11
60
-1
3
17
34
-35
31
14
-5
-14
5
-44
56
53
0
2
-20
65
14
37
-6
55
-4
62
12
9
6
57
17
50
30
-64
-30
23
-11
29
57
6
46
-8
-127
-9
-4
-4
-39
-85
-17
60
-22
-64
1
17
54
10
-37
-24
33
21
25
28
-63
27
13
-45
17
9
29
7
90
-22
26
11
-11
16
44
48
51
72
-11
-74
34
26
36
-11
6
-26
-71
-4
-32
68
31
-38
19
-12
68
-50
24
-44
-54
-18
58
-51
-23
59
-55
51
26
-117
-14
2
10
-11
1
0
-35
-15
-127
21
29
45
-5
39
46
-48
40
104
35
6
-30
12
16
25
18
-6
-43
-48
17
-33
63
-57
-47
-2
42
-127
36
51
32
31
4
-62
-43
53
54
-22
-15
-5
23
-36
123
-94
4
-78
71
37
-8
-2
1
-72
19
28
-16
-38
-43
23
-47
-57
41
-5
69
36
69
-20
75
-6
45
51
40
-48
-47
27
-29
39
85
64
16
-74
-68
50
-69
18
40
-69
107
46
-92
8
41
-23
-38
99
-35
-8
-23
39
-11
-16
16
-3
-96
77
10
-71
-8
-57
-121
-14
-88
21
-93
17
15
-26
-74
63
34
31
47
52
-2
-3
-87
47
-25
99
-15
-118
-49
-100
9
65
-3
-14
58
-34
-10
-17
-61
17
-9
-108
-18
66
-12
-68
-4
-28
-11
-127
-36
38
-50
3
-28
17
-37
-32
-57
47
-1
-59
14
-14
73
5
46
-21
44
-32
-33
37
127
-15
-28
-64
-50
38
1
-52
-20
124
27
-30
-53
23
11
-6
76
-105
95
-12
6
50
67
55
64
43
53
63
8
-22
2
-25
47
47
8
17
48
-31
-35
102
-10
44
30
-15
78
67
-2
54
19
-32
55
24
7
-11
-26
-10
-14
43
5
64
8
23
64
87
35
45
76
-7
-44
-41
78
50
-14
-3
-46
-18
-13
-10
-24
37
32
9
-80
54
-27
46
45
-34
-16
60
-13
-7
21
-35
29
-38
55
-65
-46
22
-31
-24
24
-3
72
-52
-103
44
-81
-19
-16
-8
40
-46
-47
45
-12
127
-39
27
41
33
-75
26
62
-78
-43
-48
-121
12
55
52
85
85
-106
71
0
-44
-15
31
90
-84
27
32
9
34
-4
-41
14
-3
14
70
37
-47
-3
29
4
-22
-27
-18
31
43
-55
7
76
-111
123
24
-3
-20
0
-98
-98
63
103
1
29
2
103
-32
-4
-24
127
-40
-21
-5
-36
-65
6
-2
121
21
-28
44
36
29
-29
7
-5
-42
34
51
-70
46
49
0
-30
8
-21
-19
6
29
68
-58
-23
21
106
-26
7
-74
-12
-112
-6
-2
13
-28
-32
14
56
32
-28
115
25
-37
68
49
17
-90
-57
-97
-33
18
-22
42
35
53
-41
7
-17
-27
6
9
20
15
42
-22
-69
-11
-23
-62
-23
-16
-33
55
32
26
105
0
-70
-107
-1
-11
35
63
-4
-28
-114
1
-31
24
114
78
-78
127
5
-23
18
-18
-29
77
-9
-23
-29
-22
19
30
-31
31
72
-19
-52
69
22
59
7
17
80
22
-6
40
-52
29
111
10
106
-11
-74
-51
-7
19
-37
46
2
42
7
-8
-18
-56
50
-9
23
0
48
-83
72
-6
-49
76
51
16
-45
-127
-9
22
-18
49
-49
-30
-62
24
6
-72
8
-29
-103
-28
49
-1
-28
-2
-41
-59
-49
22
19
-13
-18
27
40
51
3
31
4
16
13
66
-20
-37
-23
48
36
35
6
1
-34
-63
78
-20
55
32
-72
60
6
4
-14
-5
-95
14
-32
-18
16
3
-74
29
50
22
-8
4
-23
-62
45
61
-12
-12
127
-64
-29
-1
-120
-72
-81
41
-22
-3
9
-26
-78
-8
23
-27
13
6
-42
-37
-13
28
6
-46
-74
9
-33
95
76
20
35
1
50
-33
53
-77
44
-7
-35
33
-64
36
-46
49
40
-72
-28
-6
-127
7
-70
34
50
-3
-26
5
-57
-19
-110
62
23
16
49
-25
-12
-45
-43
77
41
-86
0
-66
7
104
-5
5
-10
47
-11
10
16
-13
-25
8
38
-15
16
9
-42
54
68
56
-21
-10
1
-6
43
-127
59
40
38
-58
-30
-74
-40
29
4
-20
62
73
26
54
76
54
-23
52
-10
-17
-30
-46
-115
-21
82
34
1
47
-75
-19
47
44
2
121
-23
67
-9
-47
73
56
37
-28
37
-17
23
16
4
-47
-63
-33
-29
-11
73
49
40
-2
127
3
-17
97
36
-27
-31
-3
84
58
-64
60
-25
92
-92
40
9
-15
5
57
30
11
-49
-3
18
1
17
-56
23
48
-53
54
-28
18
-6
25
30
-20
-20
-70
-31
57
83
10
72
-62
-26
3
-125
12
127
-88
-19
-23
39
-32
-65
22
24
-31
30
-61
54
-48
-21
68
-51
-76
-10
67
-36
19
-41
-106
30
-14
-19
108
9
-51
32
-8
-29
21
50
-37
-23
81
74
68
36
-31
-100
-120
116
-12
5
105
-49
-8
10
79
-1
38
-73
30
-66
-64
88
98
20
100
51
17
-71
29
-33
-61
-42
18
67
27
-30
-11
82
-2
36
32
53
-74
-12
-27
18
0
9
-78
127
-49
-3
-54
31
-23
-41
45
44
-4
21
48
-14
27
-96
-13
27
39
-10
18
-4
12
67
-57
36
58
-46
-127
-13
25
46
-5
35
-41
5
3
-48
-2
78
2
-70
-17
34
-13
33
32
18
-47
-7
24
6
-30
-15
43
-47
-6
-1
33
-12
-80
7
-73
-25
-6
67
57
82
-48
-65
37
35
54
95
-94
-47
31
-48
-32
-33
74
76
39
-19
18
26
-14
-3
-19
-32
28
-11
-6
-15
42
-6
93
85
83
-19
53
-30
-74
71
21
-21
-50
-19
54
32
4
21
22
-19
-31
-51
28
-49
-30
127
65
24
36
13
-113
4
-41
44
26
14
-62
-89
-62
59
-54
93
-1
-52
-58
7
13
40
11
12
11
47
4
-34
-34
-34
34
-17
24
27
43
11
-8
16
-8
-58
-4
8
-54
-25
-45
-18
38
-77
8
74
89
-22
-1
-7
-47
72
25
-95
-92
5
26
-69
40
37
49
-21
-103
-107
43
38
3
-12
48
56
-43
-5
-97
8
17
-77
-5
-68
-40
-6
65
31
-51
-19
79
-60
52
45
-72
19
26
53
49
35
127
12
126
28
63
-33
-50
-9
62
18
-73
32
11
47
-30
-26
71
-109
-64
65
24
25
-12
-44
66
16
64
-10
-32
52
-120
89
77
16
-1
25
12
-62
42
-21
-7
-67
-44
21
51
-38
56
72
-47
24
57
-66
3
-26
-20
-111
19
37
12
-10
-36
47
73
26
7
72
105
-3
-76
66
-47
127
-28
-80
25
36
3
14
53
-15
-7
26
20
49
-127
1
36
8
46
-63
27
-85
-15
-58
38
-37
58
13
-32
81
45
79
29
19
91
46
-19
-33
-12
24
-37
-11
-24
-61
4
4
42
36
13
25
19
-59
12
-24
-43
43
30
-25
-123
-34
55
39
-30
57
-5
-1
-47
-84
46
-42
33
8
-17
29
11
-36
2
-37
-40
35
19
-16
-4
-52
-30
-1
15
-112
57
40
28
16
2
-2
24
-37
-40
-82
-23
-41
14
46
-25
-41
34
-43
89
-13
50
15
88
20
-19
-94
-16
2
21
54
-26
-39
12
30
81
23
35
34
27
-39
-19
13
-12
15
6
16
24
-16
-79
27
-24
127
80
9
-42
-7
-53
34
16
17
-27
-34
-23
51
-13
30
-37
20
29
7
-27
9
54
8
-127
32
18
31
-29
-7
3
-50
28
-50
-9
25
-48
-85
36
-57
2
-54
34
97
38
60
15
-12
43
76
-5
-54
36
39
-12
73
28
-16
4
-46
86
52
71
-27
-18
-59
7
75
10
10
94
-72
-33
41
53
-6
-11
-60
-32
76
-30
26
-9
-83
-2
102
-82
26
11
-55
20
-21
29
27
-86
78
-18
-61
2
10
-41
14
-10
101
-1
44
101
67
-32
18
-9
28
64
-76
43
-43
-4
-50
45
9
-28
-40
-4
60
-78
-56
23
-35
-57
-7
-53
-1
-91
-73
58
41
44
43
-28
-53
-22
-6
-59
71
-65
11
33
111
-20
0
67
-64
48
-74
6
16
-6
-35
64
-98
127
-24
-14
-67
80
27
30
39
21
79
5
-6
-33
11
-22
88
-54
77
12
-43
-24
-35
-45
10
8
-44
-3
16
-10
29
-47
25
60
-29
-31
-35
-5
-63
67
-16
-17
-47
63
-9
-60
-111
73
68
-33
16
-40
-60
100
-42
-33
53
7
46
-12
-16
20
78
-69
-127
-73
46
-6
75
-22
18
32
-27
11
48
-54
11
18
-41
3
37
-23
40
-35
17
-16
2
-29
46
-10
43
23
-15
-73
-7
-8
12
-41
-21
75
37
0
127
-11
3
-53
-26
8
-84
4
103
5
73
-4
-54
-73
1
23
-15
-49
21
13
-94
66
28
-2
72
7
-7
-69
-25
-24
6
28
14
-34
24
-6
7
28
-17
-4
0
-13
50
17
-17
-4
-76
55
45
-15
-14
112
-24
80
-1
-22
-50
-38
49
5
63
82
8
-37
42
-76
48
-33
71
80
-27
-11
-56
-33
49
-81
-10
-31
-71
-44
-12
61
47
-70
42
17
-21
-55
-37
64
-10
95
-8
-65
-37
38
-15
-69
50
-54
42
37
-20
11
55
-28
1
127
-39
-5
-13
43
-103
74
-9
-39
4
-4
16
40
36
36
41
65
-53
-9
-64
-68
28
79
1
-80
-93
-75
-10
-11
108
75
-29
-9
43
3
65
9
-6
11
-59
-49
-44
-10
3
22
38
-8
66
-47
-30
-30
0
-20
-55
-20
-68
-41
-15
-127
27
-12
96
-33
-33
-79
38
59
-13
37
18
-45
9
75
-46
-13
-21
43
2
-106
94
-15
42
6
-24
23
-31
7
20
6
86
14
8
15
-54
-2
-76
91
127
16
-41
5
-31
10
45
1
-15
-3
-90
-17
-20
17
-51
61
-27
-57
80
31
-70
-39
-25
30
1
-3
-4
2
-45
3
-66
13
-11
-3
9
-17
-28
-37
42
7
3
-5
-65
25
-35
47
67
-62
-11
63
-3
-5
76
7
-3
10
6
-25
60
4
20
9
60
0
-86
8
-110
-77
9
9
-82
-7
-53
53
-24
26
16
-65
-11
10
37
-52
-24
85
-16
85
-55
63
-27
0
36
-86
-54
38
-10
-74
23
-20
-55
-31
0
40
-3
-23
74
85
27
-92
-73
42
-23
-8
-69
56
-70
-16
-18
101
-42
-127
-39
-27
-17
45
-11
-50
1
77
122
-126
5
5
39
29
30
20
45
-127
-34
-7
42
-3
30
24
37
-37
-52
39
2
123
-25
55
2
-52
62
-111
-43
-45
34
98
-22
-73
51
16
20
62
10
-77
-71
8
-46
42
10
7
-32
-12
-42
-29
12
-46
113
-24
-39
31
-73
-14
39
59
62
-8
-104
-43
114
-78
-35
10
37
7
-63
-102
-5
-23
-10
17
9
-9
-34
-25
20
54
11
-15
7
-12
35
31
45
-19
-7
-36
-43
31
-19
-2
-127
7
82
-7
-31
15
6
46
-35
25
-21
47
-21
-4
-98
-58
15
1
-23
-43
2
30
65
-60
-28
23
-33
52
-36
27
53
-33
4
-54
34
20
-27
-6
-32
18
-7
-67
58
25
21
31
-65
8
12
-3
-33
-11
98
67
-4
-29
0
30
-65
-19
35
-127
-23
-71
68
14
26
61
33
32
-36
49
-84
88
-42
8
-60
86
63
-45
-32
53
71
-45
-59
13
14
50
46
-104
60
-31
-76
34
82
-101
-42
25
7
23
-49
-18
24
-43
-59
25
98
16
-49
-71
-37
50
-18
18
19
27
-8
16
-7
-5
-25
-5
-29
20
-4
67
127
66
21
-52
-46
-41
32
28
5
-24
27
19
39
-25
5
11
49
78
2
45
-15
-89
14
-83
6
-2
-30
53
4
47
61
-31
87
-12
-60
55
-77
-72
-8
-2
28
-72
-4
-49
13
21
24
-1
-31
-24
25
-38
-127
66
20
-65
103
69
59
-53
-30
112
-8
-26
56
6
-38
3
-6
0
12
48
26
55
13
42
-4
11
-67
-22
-4
-34
-25
-5
20
101
-28
25
0
72
38
-48
-10
-10
-40
-127
-14
5
-10
75
-21
-12
5
-16
-29
32
-24
-4
-16
-4
-22
-70
-2
12
79
9
-57
8
-66
26
32
-18
-13
-37
-8
16
8
6
0
31
14
38
-95
-58
-3
40
31
-26
-60
-50
112
-107
-37
83
-29
-9
-4
-60
36
8
5
-54
-78
-8
48
2
70
27
-62
116
-27
67
-46
-27
56
36
41
30
74
11
-67
10
-13
127
-63
48
15
-17
-38
62
-41
71
-29
-101
28
-35
-43
-19
28
-1
32
-13
41
-6
-39
47
-51
-14
-29
-82
11
10
-19
-21
32
14
52
19
35
-85
-104
28
