593
465
505
420
362
377
788
987
803
408
994
1314
3882
550
744
601
522
1306
723
2441
463
349
1223
789
1370
601
1435
580
419
828
927
670
688
358
1220
500
724
513
1203
592
964
776
898
485
817
1544
612
564
883
942
344
1126
1104
1975
560
357
762
694
702
468
663
711
591
716
406
671
959
822
633
789
487
1244
471
720
486
659
412
828
715
1165
679
658
673
674
368
1637
482
766
1018
728
665
528
508
748
396
676
500
771
501
1255
976
1147
1480
723
470
790
1441
1259
926
1546
296
480
680
1433
531
695
878
1120
567
1027
741
447
464
665
448
1384
999
1126
316
559
602
2088
921
1027
863
533
503
364
509
220
826
678
1504
410
478
688
1692
396
2003
655
565
970
770
768
598
1069
626
634
650
688
500
613
560
772
808
658
6031
787
5081
493
407
1447
499
752
422
315
777
669
1032
487
2504
447
1352
635
5385
392
616
501
1535
531
640
526
493
938
870
1454
287
687
1124
498
1009
293
523
646
788
1277
367
670
1089
892
876
299
623
808
401
695
568
3369
922
313
1257
548
425
767
728
1642
384
674
452
616
464
1543
1192
520
652
696
587
819
561
1610
944
602
563
965
1005
948
463
406
819
934
716
499
745
680
397
526
991
1212
354
2185
511
352
3516
1298
438
212
770
528
434
816
530
954
1350
437
396
687
724
747
1324
1047
768
451
715
1282
1168
509
466
797
