-1
91
118
114
-14
-107
1
-4
-91
-27
-24
-3
7
30
-38
-36
22
-51
127
96
29
7
-31
32
-58
-14
-66
127
44
-6
-70
-59
-41
-35
67
88
127
0
-60
-23
-3
95
75
-72
-40
-45
35
-40
62
-15
-60
-102
4
109
2
72
-82
3
86
33
-14
60
-12
-127
-122
49
25
-95
-65
-50
-30
70
-28
-68
117
-112
-65
1
0
-6
-70
-39
-44
-26
-124
-79
-43
-57
-28
-127
-29
63
-38
4
-49
-3
-95
-127
-33
-19
24
-5
33
-49
80
-127
73
7
-26
-22
-42
30
51
-127
21
-3
-127
-9
69
-73
52
-36
-40
14
127
59
-27
-31
-29
-127
-126
74
-38
-22
64
22
5
127
-41
-50
-116
-14
-97
-127
-55
-79
88
109
-35
40
-13
-4
-127
47
-127
61
-95
-127
-37
121
-44
4
73
-127
55
-6
-61
73
-3
-93
-37
-34
-71
-12
50
-104
127
127
-12
-36
-26
114
25
-9
103
-50
-36
-127
-48
-25
1
35
-127
-83
127
-28
10
54
49
10
27
-49
-3
-63
-127
-31
37
51
42
32
-80
90
-127
38
-127
105
18
123
-74
81
-85
-127
-13
1
32
-12
-59
-33
-91
-2
13
64
-12
-43
-58
-38
22
26
-85
9
-31
-29
-32
-35
-5
-4
-88
-85
27
-93
-53
-57
70
-7
-64
118
39
14
36
-7
-6
-83
-51
0
-42
47
33
44
-33
-65
-22
-48
-70
-122
59
-32
-9
-54
-23
-97
-125
82
36
-127
-97
10
16
114
-16
-127
55
-108
-32
21
-41
8
28
2
55
-78
-52
-41
-71
69
16
-75
-8
-72
-13
127
29
55
-74
-50
-38
27
-45
74
-66
26
-34
82
-36
30
-61
12
-63
7
-10
-92
35
-48
73
-65
-57
-73
34
49
-52
47
-51
-119
16
-68
101
28
-6
-127
42
-27
-127
-1
27
42
-15
53
34
-20
-45
18
13
-88
-98
14
24
-5
127
28
-21
-22
-70
127
77
-63
21
-54
-38
39
-24
-38
-127
-59
46
-11
119
-56
52
-107
-127
62
127
19
26
-31
-127
66
4
38
127
-22
-116
-24
19
-3
-29
-127
-100
-127
-75
-45
-55
-127
32
-127
69
-59
113
34
-30
31
56
-91
-87
77
-9
5
-127
51
-71
56
-87
109
-41
-42
28
57
51
-122
-4
-109
13
-29
-21
4
-32
34
69
-23
127
-20
-70
-64
30
-7
97
-62
67
2
0
-104
-121
44
-78
-127
63
-11
-47
-71
-35
3
-90
127
10
6
-54
-32
14
-6
-66
-10
5
-103
-4
20
-36
-34
40
39
-115
-125
-121
83
-48
-21
-23
-12
-127
-60
-13
-121
-8
75
-78
91
127
-71
-127
-127
127
6
-66
-86
0
127
-36
-66
127
43
-127
-127
13
-99
-5
-1
-12
10
-127
127
31
-115
-22
-3
-13
16
13
-76
45
110
5
-127
-47
-33
26
-25
-127
29
-127
34
80
89
-92
-109
-56
-10
-5
76
7
36
-50
-127
-20
83
-74
-45
11
-11
36
-125
18
-62
-49
-34
13
-68
98
-78
12
-122
6
-116
-57
2
116
-127
10
-75
-55
-55
-7
107
25
-121
22
16
16
84
-75
-99
9
-93
127
-22
127
-10
94
127
8
-67
-70
-124
33
62
-47
-127
75
-31
-72
-87
-85
-17
76
6
-127
-35
100
127
13
62
-45
-32
-127
-76
-127
-9
127
-16
-37
-127
63
-55
12
-56
-108
50
111
127
-113
65
