4
-7
8
-13
-14
4
15
-11
0
-19
-12
0
9
10
9
-11
-4
21
12
10
10
14
-5
-11
14
17
-7
-8
8
-2
-22
-4
11
14
-9
19
-2
2
15
-1
3
-26
-3
-9
-2
-17
-8
-11
33
-13
-4
12
11
6
-2
-10
-10
17
-4
17
7
-2
-13
-3
1
3
-28
0
1
-9
5
17
-15
18
-9
-5
-3
7
-2
-5
1
11
1
-15
5
-8
1
-8
-7
7
5
3
-6
-14
6
-13
9
1
-8
-8
6
6
-4
-11
-6
5
7
-10
-20
-15
-9
4
1
-9
9
-5
-11
5
9
5
-10
-5
-5
-3
-3
-10
-15
-13
13
10
15
10
-11
-1
8
-10
7
7
14
3
-6
-9
-10
-2
-16
11
-4
-5
4
5
-3
6
0
4
5
-13
1
-6
8
-10
4
5
21
1
-6
-14
13
-5
14
2
-11
-10
-3
2
-14
-7
-2
2
12
-14
-24
-29
-14
5
-7
-5
6
-3
-16
7
8
8
1
-3
-9
-7
-2
-11
-28
-16
17
5
20
4
-10
2
2
-9
2
16
17
-2
-4
-5
-7
10
14
-5
-1
-6
-16
3
-13
2
-3
-6
11
-9
4
-9
11
-15
-7
13
10
3
-14
0
-5
-5
16
20
-8
-1
14
-16
-16
-5
-14
5
-2
-6
0
-18
8
-16
3
-4
9
-15
-18
1
-13
15
17
-8
-16
-3
0
4
-1
2
9
3
14
7
4
-9
-8
0
-6
5
-8
4
-7
-7
-3
10
-9
23
-2
-18
-2
6
6
-22
8
6
-19
-20
3
-5
-13
-5
-13
22
9
20
2
-2
14
-32
8
1
-11
0
14
17
2
-16
-2
6
5
0
-32
-15
7
10
-5
-25
-7
-5
1
0
13
-2
0
-6
10
7
-9
9
-17
-19
-15
17
4
30
-6
13
14
1
25
-15
-2
9
-4
-11
-4
1
2
0
-3
-12
-8
2
0
-3
5
16
-8
-7
12
-5
-10
-9
-26
32
-12
3
6
-3
-7
-25
10
10
-7
-6
22
4
-6
-12
-1
17
1
-6
-4
-11
17
-2
15
-12
4
-14
-4
8
-8
11
8
-8
-3
9
8
11
4
-12
-6
17
6
20
-2
-7
3
-5
10
2
-17
9
-1
-6
-2
-3
3
-5
-3
0
-10
1
-8
4
1
0
10
-8
4
-7
9
-13
7
11
18
5
-7
-8
14
-7
7
5
-11
-2
14
-9
-9
-9
-16
1
9
-9
-15
-28
-6
-3
-7
-4
3
-8
-15
2
-7
10
10
-5
-19
-4
1
1
-11
-2
9
0
12
3
-4
5
-6
-1
-4
13
-1
0
-6
-2
-3
8
-3
6
-6
-1
-3
0
-3
-4
-6
-2
3
-7
0
-10
5
-7
13
3
23
9
-7
5
10
-8
6
-4
-14
-3
4
-1
-10
-10
0
-2
10
-5
-19
-23
-12
6
-18
-13
-1
-4
-11
-1
2
3
5
-5
-15
-13
-3
-5
-14
1
-3
4
7
2
-10
10
-7
-2
1
10
1
-1
-1
-9
-5
6
-4
7
-6
-4
-12
7
-2
-1
-4
-1
6
-5
6
-1
5
-3
3
3
8
4
0
2
-4
-13
9
10
-11
-4
-1
-2
-9
-11
-7
9
2
-2
-8
-10
-4
-5
-9
-9
12
-5
-9
-3
1
3
3
-7
-10
0
-1
-9
-8
-2
1
12
11
8
-2
-1
1
-6
-7
3
2
0
-7
-9
-11
2
14
-22
9
-3
-14
-8
6
0
-2
-6
0
-5
9
1
6
-5
2
16
-4
-1
7
19
-2
-4
2
-12
3
-9
35
-10
13
-9
4
7
1
5
-2
3
18
-21
14
-2
-7
7
-5
-17
-15
-5
19
4
-11
1
8
39
1
4
-12
3
-3
8
3
12
-9
8
-9
-5
-18
14
-9
-4
1
-6
12
-12
-4
-10
-12
-1
1
-6
1
8
-15
2
15
5
-11
-8
-12
23
-12
-1
3
-3
-8
-18
12
3
-3
-1
22
-15
0
-13
2
18
-3
-8
-4
-11
10
-4
6
-4
13
-2
-3
7
-9
15
11
-4
-17
1
1
21
-3
-18
9
8
3
22
-1
4
10
-4
3
6
-24
12
-7
-5
1
-2
11
-3
-5
-6
-15
0
-5
-1
6
-1
8
-1
9
-2
2
-13
-3
10
0
-3
-9
0
-7
-18
11
11
-7
4
12
-12
-12
-14
-14
9
6
-6
1
-13
3
-6
-6
-8
7
-17
-11
12
-8
14
10
-6
-17
3
-2
5
-1
-3
11
2
12
11
3
0
-1
-9
1
10
-12
1
-2
1
1
2
-7
7
-7
-2
-1
3
-2
-11
1
2
0
-2
2
-9
-1
-2
12
-2
18
8
-2
3
9
-13
7
-2
-11
-4
-4
4
-6
-12
-2
2
12
-4
-18
-17
-11
5
-18
-12
0
2
-9
0
11
0
-5
-3
-10
-6
-4
-9
-7
2
-6
7
6
5
-10
11
-3
-5
3
6
5
-1
-1
-8
-7
0
-18
22
-13
-10
4
-2
3
4
12
16
-13
-21
9
2
-11
-11
-15
22
16
7
9
-10
24
-19
16
1
-14
-9
11
15
-2
-12
4
2
22
-15
-31
-29
-8
17
-1
-18
6
-5
-2
2
17
5
1
2
-1
0
1
2
-28
-21
0
11
16
22
-14
9
23
-3
18
3
-3
3
-4
-10
-10
-2
8
-8
1
-12
-2
2
13
-20
3
-11
-28
-6
13
24
-1
-5
-4
19
1
0
13
11
6
-17
22
-4
1
-5
14
-11
-5
-15
12
20
-3
4
-21
0
7
9
2
-14
11
6
0
-20
6
3
18
-2
-7
8
3
31
-19
-26
2
10
-1
31
2
10
12
0
18
-6
-25
7
-7
-13
5
8
10
-11
-6
0
-6
5
-3
8
-2
5
5
-1
11
-2
-5
-10
2
14
-15
-7
5
0
-16
-8
-4
-3
-2
2
15
-18
-2
-15
-11
17
-5
-7
2
-6
11
-7
6
6
16
-3
-8
-1
-18
18
6
-8
-22
1
4
5
-5
2
9
0
7
3
-9
-9
2
-6
-5
4
-13
8
-8
-2
-4
4
8
-22
-8
7
3
3
-3
-5
2
-3
5
9
8
-2
-15
2
18
4
-6
0
18
12
-9
-9
-3
-16
0
-7
11
-10
3
-14
2
18
6
0
-8
-2
8
2
-5
3
10
15
-9
-25
-9
2
4
-1
-14
0
10
16
-1
13
-19
3
-7
-3
-10
2
-3
-5
-1
-6
-14
10
-7
1
-7
0
-12
5
-3
-1
-9
12
9
-7
-10
3
1
-4
5
-2
5
-8
-3
7
-3
4
3
-14
-3
-5
1
3
-1
-9
14
1
-1
-8
0
9
-14
-2
-8
0
-5
-3
13
-8
12
2
-12
-7
-6
-6
-10
-11
-3
4
10
-11
-14
-14
14
13
8
5
-8
-6
-4
-10
-6
1
7
6
-4
-10
-6
4
