1079
2442
2714
-7522
-5628
-681
8038
-5892
-92
-5650
-6782
-488
752
2347
-8037
-6988
-4891
11990
2754
5255
1714
682
-3831
-6998
6440
8763
-1628
-205
1539
-913
-11816
2751
10355
10793
-7851
11646
1761
1449
15517
3079
8294
-7175
-3039
-2416
2226
-7694
-4910
-5088
16286
-7849
3325
1316
4426
6698
-996
-10796
-6761
9814
-3540
9628
3938
-3586
2307
-842
8633
1476
-14188
-99
-3662
-2780
6991
8407
-7793
14752
-6065
-1763
-943
1062
-1275
-3171
258
6397
-1139
-8556
-2453
-5835
-11866
-5913
-6051
7177
281
825
-6559
-12261
2800
-7816
4059
2292
-2490
-323
1046
2932
-2394
-2024
2970
5652
-763
-7313
-7004
-5226
-1460
5603
7581
817
3836
-533
-3822
3087
4511
4495
-3839
-2063
2873
-5226
-3957
-474
-5240
-11972
2895
6140
4103
5004
-5296
-2692
9702
-6125
12214
3950
5541
1150
-9299
-3026
-6040
-1588
-8440
11420
-3380
-1744
1693
-501
-1710
2249
104
3720
1006
-7311
-5573
-4902
-8928
-6852
-1872
6135
6343
90
-6571
-12099
6601
-3940
6282
2695
-4176
-1224
-2426
880
-7777
565
4717
3977
1239
-10118
-8867
-11379
-5111
6191
3695
2253
2034
477
-6621
3638
4345
6008
1001
-427
521
-7053
-3485
-989
-9705
-13176
4266
3311
6228
1671
-4906
-1228
7741
-4872
9473
9921
6765
-1098
-7153
-473
-3954
4539
5693
3407
-1633
-2376
-6124
-1475
-6973
172
-1586
-323
3421
-5222
-3644
-6540
-7205
-9055
-6282
9263
2189
1334
-10708
-5884
-3840
-4107
7374
10310
-2287
3348
4089
-7620
-8441
2007
-780
5876
-4755
-4247
3084
-6689
10314
-4955
8421
2977
3666
-5124
-7926
1122
-7455
10415
8457
-4486
-2557
-5539
-2098
5698
-785
-5425
1125
2502
3684
3565
2473
-7223
4044
879
4576
2905
-4839
1569
-9790
-1902
-79
4850
-5015
17450
-2017
-11120
-684
581
3407
-11326
4109
4424
-9722
-11131
-3970
-4451
-18720
-4348
-8569
12569
1863
11328
-2279
-6512
6976
-16698
3691
2518
-4101
3695
4092
8023
1034
-6267
4710
6242
-1962
-667
-12969
-5274
9401
8712
4493
-6743
-5366
-100
4038
439
7004
120
799
-2557
9999
-645
-7491
7994
-6111
-14848
-8985
10120
-226
17644
-2841
4343
11794
2108
22419
-10324
-1646
3611
-7230
-4491
-1437
163
397
5713
-2689
-6670
-3211
-2293
157
-2357
2667
8601
-4950
-4383
2978
-4442
-17088
-6347
-13460
15966
-6442
860
-322
-7136
-4805
-13413
4585
5949
-1621
874
6810
1808
-3418
-2924
5042
12829
-3581
-4616
736
-3869
16958
2555
13909
-952
944
-4772
979
4343
-4855
7925
4269
-4108
3732
-97
2412
8842
967
-11445
-4925
9791
356
11399
-673
-5844
8000
-2639
14031
748
-8931
3517
-5455
-971
435
-2471
704
3438
-2708
1408
-3925
-3394
-4213
1377
592
2010
2803
-4501
-3366
-5364
-8091
-8090
-835
8526
5024
2489
-7255
-9324
7072
-4806
3173
3885
-4309
2929
3877
-4298
-4823
-911
-1650
3722
25
-6619
-4664
-10684
569
1871
3605
2990
408
-2045
-6113
1541
-4363
7273
5498
-2381
-4030
-5884
-1516
4362
-4157
-6985
1183
509
2811
885
-1885
132
4923
487
5666
8363
-1563
-1
-8819
1371
-771
3878
-2100
8729
-4286
929
-1209
-3634
-1506
-2548
-2831
1403
-31
-4206
-6353
-6603
-9949
-5100
1675
5558
6965
4612
-7099
-3588
4871
-5246
2368
239
-6151
2197
368
-304
-5450
-1659
5293
1998
640
-4163
-6360
-8768
-3265
6604
-1217
-1131
-1703
295
-3891
162
741
3185
3175
-2334
-2395
-9813
-3725
1738
-5036
-5775
-4000
2642
967
116
-4827
2870
4535
-583
8743
6103
-515
-743
-5425
-3166
-2068
2730
-2787
9308
-4205
-1385
-4584
1375
-1222
-1039
-2258
1850
1241
-3420
-1759
-2857
-10290
-3352
-2227
5492
1480
1745
-3685
-4808
-2951
-7794
4246
6132
-4660
1957
-1671
-986
-5137
-2179
2384
7957
-2880
-1636
-1131
-3233
1985
824
2962
421
5411
-434
-2421
-1174
342
3302
1986
-3846
351
-4131
-2855
-51
-3079
-7267
-2018
7216
2489
4280
-579
-2866
7374
-3104
4238
1317
155
-138
-9348
-3232
-7316
222
5850
-5360
3274
-662
-5562
-9873
2949
-582
-994
-383
-1233
-3443
594
-1731
-9544
-4100
-2678
10198
-3557
-1583
184
2582
-1782
-3599
267
-3118
4301
-916
11949
-4927
7028
-797
7118
7135
-3651
2908
1788
2078
17637
-7555
13684
3664
-5088
5599
360
-7857
-8627
-1784
9526
4265
-453
-3737
2625
21742
-149
-4249
-7364
2194
-3459
4179
1645
4131
3688
6804
3342
-3784
-9179
5590
-11192
410
3496
-3567
4854
11
-3483
-4955
-4478
-4508
290
-3641
325
5465
-8119
614
5433
121
-17828
-5903
-7973
12729
-6625
-1396
-1909
-7132
-5057
-10192
5504
3186
496
3306
7068
-7399
-265
-3999
6153
13122
-5477
-6080
975
-3738
11846
1463
9813
3155
5996
918
1343
3613
-5262
10497
5698
-1487
-3076
-3535
-1236
13603
-1396
-14064
1004
4795
-913
12353
-121
-38
10273
-1376
10103
3525
-12220
4576
-9626
-382
3464
-1454
4246
4167
-3952
-2327
-5688
-3892
-2657
-1123
3168
1743
1981
-1400
430
-3067
-11436
-7973
-4568
7975
-1785
-2494
-8126
-5785
-4897
-10125
4908
6674
-1846
5789
3210
-5908
-6590
-4600
-507
7842
-1123
-4638
3373
-4574
6721
526
4177
1204
2382
-6468
-3894
6311
-4884
9735
5200
-3125
-2976
-2707
-3323
6153
-661
-7350
1809
1941
3103
5675
1908
-2343
6410
-5226
8479
6416
-6422
219
-6258
3623
3230
422
-3941
9581
-5007
614
-208
-1715
-1140
-5893
554
2948
-1457
-1814
-5184
-6227
-12928
-2598
947
3931
5034
4097
-4524
-4463
4454
-7986
3147
940
-4435
1694
-2758
1748
-3352
-3064
4763
4371
1383
-2942
-5888
-6433
-2821
6243
-1353
-871
-1041
2980
-2126
576
5731
1249
-1485
-624
155
-6915
-4596
132
-2719
-5133
-5277
4494
540
2126
-4803
3560
5951
-2069
9702
3434
1210
-493
-5213
-2214
-4038
-450
-9027
17097
-7896
-5514
1835
-5092
1477
1134
6060
8789
-7327
-11294
478
-1451
-17621
-7363
-9202
12471
4424
3218
1152
-10407
12595
-10715
7577
2242
-6340
-494
3011
7198
-955
-3426
7210
3893
5718
-10317
-12578
-11400
-967
12437
6379
-3673
2292
-219
2405
1201
9016
4335
1164
2985
4539
-3991
-1600
4810
-9689
-15584
-2457
6913
4380
12555
-6619
2352
14718
-624
18452
1897
-2132
1002
-7422
-3444
-6128
-1687
3026
2000
-510
-6787
-603
-2749
6917
-10309
1674
-2270
-13767
-3970
3787
8815
-13114
-4070
-5026
11402
-1363
-487
3482
-973
2567
-9492
10684
423
2963
1506
4114
-5581
-2689
-5087
10484
14222
-5164
1923
-7603
693
9681
8185
7851
-1488
4650
5196
3455
-9324
3256
3483
9262
-119
1586
-581
-415
17835
-6525
-17993
-1790
6358
-2552
18014
1064
3227
11070
1541
18528
-4716
-12736
2626
-9715
-5276
6423
3675
3960
194
-4586
2072
-2373
-613
-1769
2945
-1011
4188
965
-935
2042
-3095
-14748
-6884
-2864
9425
-7619
-5034
-766
-5865
-9939
-5407
-2319
525
1013
4672
4247
-8701
-1346
-5150
518
12789
-6048
-5222
3759
-1828
12509
18
10046
7688
7278
789
-1456
-188
-10348
12398
3499
-4219
-5497
-3448
179
6278
-1955
-5184
1207
660
743
1143
-4308
-7050
7463
-2960
5604
2387
-6965
2993
-10605
1418
-1648
1326
3095
-5189
-5611
6848
1497
-1785
-1461
-3333
1119
830
868
3823
-227
-3104
-19422
-941
3420
6090
-4005
-620
6123
-287
-5696
-6056
-1830
-4796
2584
219
2797
-5084
1545
-4580
6420
13029
-1468
-599
-1013
-91
10624
4449
4687
6372
4071
9422
-2099
-11992
-5193
2639
2461
942
-1533
-3893
3874
11318
-886
-426
-10512
2164
-5017
-2870
-4771
-1065
5681
-2470
7816
-4112
-7472
4046
-10003
3921
-3419
-836
-6632
8255
-3026
1267
-3247
5042
4765
-4052
-4881
3486
-853
-2538
-2447
-3301
-10095
-5517
-4603
7015
-3041
1354
-1826
-12106
-2370
-4040
-82
3268
1548
-741
4023
432
-911
-355
5408
8007
-10131
-1678
-1201
685
1058
1973
13230
1300
5073
3062
-4461
-3045
-4003
-2387
-3943
-6502
3829
-2351
3681
-1099
-5148
-12517
3119
7561
1094
2163
-3839
-5200
5351
-5956
5069
-9
2531
2444
-7092
-3252
-3171
1380
