64
10
-77
-36
103
2
70
106
-23
70
-10
50
21
42
-64
-47
68
127
-31
-31
54
-33
56
99
27
-19
-14
13
-45
1
-25
-49
-45
4
-28
24
90
-10
95
15
59
-30
-65
-2
28
91
26
48
-2
-30
-50
0
-10
90
-42
16
-25
33
-98
88
21
15
1
12
-51
-51
-17
0
-80
63
-33
-127
-8
16
38
79
-13
33
17
19
-58
1
-7
-36
-37
-18
-9
-55
-12
36
-42
-28
21
-63
34
13
-31
-18
6
-72
-98
-43
16
-7
12
-43
17
-28
-16
-99
7
-82
-14
3
27
-57
-3
27
-68
22
-6
-11
-19
-68
-29
-63
2
7
8
83
11
-80
9
-44
-116
27
-69
35
40
-38
29
7
71
37
-48
-72
51
66
15
32
80
-8
-4
-6
73
14
-4
-15
-43
-40
31
-97
14
-114
-107
-127
-31
13
-2
17
47
26
-3
33
42
38
-16
8
-13
13
68
8
10
8
42
27
-12
19
-1
13
34
-5
-54
-127
42
-45
12
-48
-33
19
-66
2
-62
-32
-21
-32
-64
-20
-107
-1
-19
-55
37
-19
-37
-29
-41
-21
-27
30
74
-45
-113
-70
-52
36
-89
-57
-57
-87
-41
-48
-109
24
19
-74
3
34
5
39
11
-26
-4
23
-40
4
22
-69
-58
9
40
-10
17
-83
-99
35
-93
15
-127
-9
30
-29
-65
-37
-3
13
4
-78
-40
34
3
-30
27
-10
-5
37
-80
-97
27
-29
-72
-44
-29
-35
-48
-72
-2
-20
14
-43
7
-42
-24
10
-53
-35
-4
1
-24
-43
-31
-60
3
30
14
14
-52
-32
30
-35
20
62
35
-23
-25
-32
-56
10
-7
-32
28
-80
-43
-50
-83
42
-31
-8
33
-21
-61
-63
2
37
-1
21
5
127
-1
-24
43
-15
-5
17
8
-18
-41
-23
56
41
37
4
9
-28
13
-49
-46
-77
27
-31
-35
-32
29
18
-90
23
0
-5
44
3
-15
34
-41
-20
23
-45
32
17
21
26
56
26
-22
15
-61
-35
-96
-36
-40
-7
-127
-19
-2
-29
17
-31
-16
7
12
19
-64
66
59
32
-69
-28
-85
-96
-41
61
6
-91
30
-16
10
10
-7
4
3
-43
5
-49
-33
-10
-8
34
35
-98
-7
-82
-104
-46
43
28
20
46
30
-29
-23
-73
-6
11
-26
-2
-66
87
-24
34
-15
15
-69
-1
70
-26
-64
-88
7
-35
-40
-104
-9
38
40
45
-19
32
20
11
-26
-15
-16
-79
-1
-11
34
-53
30
-65
-57
-101
-50
-48
20
-23
-127
-55
-81
-38
-4
-47
-24
24
12
-91
-57
-15
58
37
29
4
-72
-21
13
43
5
12
-19
-63
-29
-51
18
-27
5
-29
-21
0
-19
31
-3
-18
-22
2
14
-18
35
-24
-63
-17
29
-57
-47
-66
31
-16
37
8
15
-72
20
-41
-23
-23
-18
-4
61
-3
58
8
-127
3
-6
48
-20
-69
-87
-112
-27
-2
26
32
-31
-18
-37
-35
-30
55
-46
-3
-20
-97
-6
21
6
-36
7
5
-17
-19
-15
-54
30
44
-59
-78
-1
40
22
-23
-6
24
-14
-23
-39
18
1
-18
-51
-19
11
-127
-12
-23
-38
-33
-44
-3
-43
-42
-38
-28
-53
-13
-92
-80
-22
-59
-6
-28
-4
-39
-21
-50
-67
6
-16
-17
-46
-41
6
-19
28
47
-42
-7
-7
-36
-80
9
1
-28
-35
-24
-2
3
13
-19
-49
-32
-46
-49
-79
-15
6
-2
69
72
-15
-127
30
70
-10
74
-12
-67
-47
-26
-46
-32
-51
24
-34
-42
15
-85
26
46
-125
18
-36
34
16
-67
-2
35
-25
-48
35
37
-14
-67
-32
-20
89
-22
-24
21
28
39
-12
13
-22
4
7
-18
1
52
29
3
65
8
36
-6
29
4
25
16
8
32
-8
7
-21
127
16
-7
1
19
19
5
31
-2
11
-17
4
9
-4
-21
-15
-6
16
8
24
1
-14
-13
46
16
-17
13
24
9
-59
57
35
21
41
-18
-36
36
26
26
-30
35
28
-18
-15
33
35
-5
-36
20
41
-7
127
-9
-2
15
-33
-40
34
-8
-38
4
-2
-17
-39
52
23
4
-37
-26
31
-15
26
-32
-7
3
-11
-47
28
17
-23
22
-36
-26
30
-17
-48
18
-65
6
15
-21
23
4
-32
-18
-52
-20
-29
-50
-6
-16
21
17
-21
13
-26
-37
16
-40
-61
-9
-36
-7
-34
54
-67
3
-84
-3
-6
-77
-19
-8
28
-2
-6
-4
-73
113
7
28
-35
1
-56
-1
-32
-25
-28
-106
-88
-39
-62
-91
-14
16
20
47
17
-43
-6
-30
16
-5
-16
-45
18
-127
-74
-18
27
-35
-27
-39
-1
-70
22
6
-4
-9
-1
-104
-57
28
34
-18
-34
32
-9
-15
101
8
-103
-51
23
13
4
-9
19
26
-22
10
14
-70
8
27
-25
-20
25
-39
-14
40
-17
-57
28
30
-43
30
37
-30
31
-50
-127
-26
15
10
21
-72
-39
-37
-69
18
16
18
-11
-86
-6
-10
11
-55
51
38
14
-3
-5
-9
-37
-13
24
-58
11
57
-15
54
69
26
-14
-90
-127
14
36
32
-3
4
-24
-25
-32
47
57
27
-3
16
-25
-81
40
-79
-23
0
-26
14
7
-43
61
43
3
60
-47
-3
-101
12
57
-26
-22
41
86
-15
-22
63
11
52
5
2
-20
96
26
46
48
44
23
10
-61
-33
-10
-27
69
-31
17
22
26
-54
-50
-62
78
80
-25
-11
-9
-9
4
-16
0
-93
-22
12
57
-42
-16
-53
-43
127
-4
-29
36
78
-94
72
59
-10
-60
71
-68
-43
17
-19
-7
-14
-20
16
-72
-66
8
-5
-19
-61
-42
21
5
-29
-19
27
-9
-72
-25
-15
32
-5
34
27
44
-45
-53
22
-44
-61
-34
4
45
16
-127
-123
17
-8
4
-53
12
-15
-14
-62
-44
-55
-28
9
-70
66
-1
-21
39
0
-69
46
13
30
-26
2
-37
-22
-1
-11
-51
-10
-9
29
-125
28
-6
-69
0
-75
-8
8
4
-16
-29
-57
26
-18
-22
9
41
67
-45
-21
71
81
-18
-25
115
-62
12
-26
-9
19
109
13
13
11
13
10
39
-29
1
24
44
-49
74
53
40
43
-15
-74
22
13
16
63
57
-2
6
18
-16
-5
-9
127
55
2
65
-77
-8
-2
1
53
20
45
-43
-9
3
86
6
11
90
11
-1
81
-23
60
-33
8
-101
113
8
-23
117
-51
-34
-59
-19
8
37
33
-2
32
22
53
-42
-53
15
1
-39
-55
44
-85
-67
60
7
-26
71
13
-3
55
-3
-122
48
-62
-112
-8
31
-21
97
-111
1
-49
8
9
14
127
-33
-102
-13
-8
39
91
73
73
16
-33
-67
-73
-7
-44
107
-30
-43
54
63
26
20
93
84
-30
76
20
-1
17
28
67
60
39
71
-8
46
127
105
-20
-30
21
77
50
63
34
72
117
24
3
27
3
54
12
30
34
-14
5
24
18
56
26
69
53
-18
19
59
79
18
24
48
34
4
-67
25
13
79
32
91
-5
60
3
-10
-127
-57
-47
42
19
23
21
-3
-104
-91
-111
21
27
-44
-49
-23
85
-68
-73
20
16
-2
32
-19
-75
-44
17
-23
-62
-2
-49
9
-41
8
-69
39
-2
-4
-20
-81
14
-51
-22
-79
15
-42
32
51
10
-37
14
-46
-105
48
-79
-1
-33
25
8
-23
14
-54
-13
99
-61
-69
-89
-24
29
-99
6
-17
32
38
-95
62
6
-22
12
-13
127
14
-53
2
-38
0
8
-65
-57
36
-6
-59
48
-2
-25
-44
-21
-12
-13
-4
-43
65
-127
90
-5
-2
93
-11
81
-99
56
82
-56
-32
1
-35
-38
53
122
-54
27
41
-45
82
-10
39
29
60
-55
-17
-36
54
37
-26
60
-6
-47
-69
-36
31
61
-4
6
-10
77
-74
-127
46
-3
21
-16
-7
43
-84
96
-4
11
-18
-16
-20
-55
-30
-87
52
-64
96
-46
-12
-56
-24
54
-85
75
73
13
11
-64
-6
36
-90
-25
24
-37
-96
-29
-12
50
12
48
38
121
2
14
-60
28
-20
36
-115
61
22
-59
13
44
-100
32
7
23
-80
62
73
16
-31
-14
-73
65
-2
21
-42
-2
30
31
-40
0
-108
-6
-60
-88
-14
-88
19
-19
32
18
75
-44
10
32
50
127
-21
6
-96
95
53
25
59
-32
3
0
-7
-65
-19
56
114
90
23
-51
6
-9
-58
-5
-10
10
43
3
-70
-21
30
13
47
-29
-13
127
0
-15
31
21
-4
21
-4
-7
4
-5
4
4
11
33
3
-29
-10
-9
1
6
46
-29
18
-11
28
-12
-72
27
-21
19
15
-6
32
0
-5
-59
31
-65
15
-34
28
33
14
20
0
18
-52
-59
-8
21
-79
1
-34
-43
-13
-79
-103
-100
8
10
-20
-59
27
-7
-45
-25
-74
25
-30
-24
-16
-45
-5
-35
-13
-76
-33
-33
-19
-124
-15
18
-43
47
11
-76
-16
-42
-64
-31
-93
-4
-31
-15
19
-10
-9
-42
-55
-75
35
-4
-127
-9
-29
-10
-52
-39
-46
-66
2
-105
6
11
-110
-50
-35
-10
-12
-34
-72
-62
-35
-35
-16
7
15
56
-19
0
2
-16
-47
24
-18
7
-86
-27
22
-31
-7
27
-21
-25
0
-40
-54
-13
22
23
-104
-21
36
-45
-127
31
31
-78
-4
-29
-26
4
17
-41
-26
-52
15
-25
-20
-46
17
-43
-57
35
-37
27
6
-87
127
43
-17
-56
-47
-3
79
-24
18
8
-35
-50
12
57
-53
-40
7
-53
54
0
-5
-59
-22
6
-2
-59
-18
-42
3
-20
-21
-37
-31
-48
-59
-21
-18
-31
-39
-45
-24
5
-52
54
-16
5
-18
-21
-66
46
30
42
-4
-36
-1
31
-41
8
2
-36
-4
-127
-14
47
9
-32
-49
-52
-25
-65
-67
6
-33
-22
-2
-17
-58
23
-41
-9
-13
-4
-19
-17
-59
18
-13
-48
8
-61
34
32
-39
-64
-30
-41
2
13
71
23
-81
-35
13
-73
-107
62
17
-101
41
-58
-20
2
-11
-64
-19
-74
-48
20
-60
-11
0
13
-104
-3
1
-31
2
-39
107
-2
2
23
-2
-4
62
-16
52
43
4
9
-49
127
-32
16
-80
-38
-9
-24
40
-45
38
-9
-46
-70
33
-28
-10
56
19
-39
-10
-67
-40
0
22
36
-9
-21
28
-1
-42
31
49
13
36
-52
-51
-39
37
-20
13
12
4
-25
-68
21
-36
-37
-25
39
-35
-17
45
76
-10
-5
32
103
18
10
-3
68
-91
20
1
27
-59
-39
-18
-16
2
-15
-32
20
-54
10
-56
-36
20
-17
-25
-11
2
7
-9
-52
39
-16
26
-127
-60
-7
2
39
30
40
-67
-106
-32
-67
-5
44
77
55
-73
2
41
-79
16
-16
38
-83
-33
9
28
-72
-70
68
-29
-43
58
38
-38
7
34
28
1
-16
-14
14
-25
-73
-19
-75
-3
-8
59
-28
-21
-21
2
-42
-44
-91
-12
-80
-24
-46
21
-77
-127
-87
13
-22
3
3
-6
-110
-90
40
-40
44
3
-22
-37
-14
48
-14
-23
-49
-36
3
-71
6
-7
-73
-60
30
-56
94
40
87
18
57
31
-19
14
127
17
87
2
-38
52
90
-61
-51
-65
63
34
46
23
82
-63
16
-108
30
123
50
-30
-33
-35
101
13
16
71
19
115
-56
-18
-18
16
57
21
28
34
-49
-4
3
3
71
0
113
-63
-41
-33
5
32
41
111
-15
-49
21
-23
-28
-40
-37
32
-29
46
-127
35
-11
-55
3
-8
33
11
-10
-43
25
12
-75
76
-27
16
-23
-27
-80
-8
-18
31
24
-81
91
-19
-126
-10
-70
-28
88
-56
-20
-22
-110
-54
6
1
-43
53
-91
-16
-95
-92
-28
24
8
-24
7
-70
-66
46
36
-29
-98
66
-93
-5
-4
32
-41
-2
25
-3
-108
-65
-81
-8
-41
-49
-26
-36
6
4
-100
37
29
-15
42
-20
7
10
10
-20
-2
-11
-22
-11
-49
-69
-30
3
-11
44
-61
-50
-37
-39
56
-84
43
-30
-14
23
-12
9
-23
-72
-58
-59
-127
-32
-46
1
39
26
-20
2
21
-34
-8
19
-27
115
19
6
-20
33
-21
20
13
3
-32
39
17
-4
-50
46
79
24
-11
-26
16
14
-60
26
-47
61
-82
-34
-127
47
48
79
-78
-60
-50
-17
39
-51
46
50
-69
40
34
-15
48
56
19
7
2
31
-18
-5
-85
59
38
23
-4
-9
-46
-39
16
-45
127
41
-41
123
46
36
23
21
63
63
53
32
23
44
-16
36
-4
7
33
53
-36
-6
-7
42
27
18
52
11
-10
-8
-29
74
6
51
-38
-18
26
-66
45
121
32
45
-6
122
-21
-15
116
-36
52
-2
-12
32
83
28
55
5
17
-22
-7
7
-12
53
-1
-11
63
1
3
127
-15
-12
0
-43
5
36
-1
6
-2
-4
-10
7
2
10
18
-13
-1
4
-17
-11
-32
6
-27
-25
5
10
-9
24
25
9
-3
-22
11
-23
24
35
3
-15
-26
31
1
-8
68
9
-17
-12
-32
18
19
15
11
26
-22
3
-2
1
-14
54
-9
15
4
-62
57
-65
-29
-35
24
16
-41
-5
66
-15
-51
-39
-17
-75
-13
-41
-54
12
34
-6
-54
-77
60
23
-32
7
74
12
52
-28
8
-70
35
42
37
127
-111
87
-75
-67
77
-13
-6
-63
-21
-18
-78
-24
4
-4
-15
-110
-18
-39
-68
4
-20
-5
-7
89
-26
-47
40
47
-56
61
54
41
-15
2
5
13
6
-50
69
-73
-89
53
45
-37
9
14
-45
9
3
21
-56
-47
51
47
-40
-40
-84
1
-5
8
33
-62
-82
-127
-54
-109
35
-82
-66
23
-18
-58
-5
59
-28
30
-3
-29
60
26
19
-5
-12
-78
-28
-34
-34
-18
-90
-56
-65
-73
-75
-12
-5
-19
-56
-9
110
-20
61
89
-24
12
-62
55
79
60
-34
-7
28
22
52
-47
3
-28
71
-30
-31
42
51
-41
-45
-19
70
-12
51
-5
59
9
-23
-79
18
-83
40
87
6
11
-86
-40
12
127
-23
-24
80
44
106
1
49
119
-35
13
47
44
-87
-24
-23
-4
22
-59
10
5
-78
-69
-108
-28
26
-22
-12
21
18
-34
-20
17
-11
13
11
-9
-22
-11
-11
34
-23
-33
22
-12
-71
-34
-21
1
-40
43
-16
-44
-59
-7
-62
-127
53
24
13
-47
-39
-37
12
-41
-62
-17
-98
-7
20
45
32
-22
-18
23
0
-3
24
-7
-37
-7
24
17
-17
-20
50
28
-2
31
32
28
-48
1
127
-2
-78
-89
16
18
-60
37
-25
8
22
-41
-12
41
-42
-58
1
-20
58
30
5
-62
-51
25
42
-51
72
22
-45
-26
58
27
4
46
-15
-20
4
31
65
-40
33
-24
15
2
46
46
36
-25
4
-83
-23
-3
-21
-127
-68
-8
12
63
-27
-7
36
-15
-31
22
17
-22
7
-50
-61
2
-84
2
-34
-2
-68
-23
1
-22
-44
-14
-16
-6
24
-59
-42
-69
14
-21
-19
20
-39
-7
-36
-4
71
-49
-21
-74
0
36
2
17
39
-24
21
-37
34
-63
46
-35
37
-63
-84
-43
-121
127
-57
9
-40
-9
16
-13
23
41
-66
-28
-59
38
20
-40
-69
36
-4
-74
-53
-43
-47
-69
-17
-10
-34
-5
-31
-43
-58
-35
-26
-53
-8
-54
-64
-82
-47
16
-55
-10
-66
-102
10
-4
-39
-89
-13
2
60
12
-22
-46
-90
-34
-58
41
-12
22
-23
-18
59
-118
-6
127
-60
-35
-52
20
80
74
59
20
-45
-49
15
-28
-93
-34
45
-19
27
38
-56
-54
0
-20
-88
-28
65
-6
38
-36
10
-36
46
-72
25
25
30
75
-43
-88
-24
-28
-16
42
48
-31
-87
-102
-20
44
72
28
89
-9
-46
25
-39
-4
-4
29
-53
-16
16
-26
-9
5
-48
14
11
43
-30
28
9
40
-26
18
-32
3
-6
-9
-30
-7
16
43
-12
-28
-3
-27
15
-127
-22
0
42
-72
-12
-43
21
50
2
-6
-11
-39
4
-23
-2
-41
22
4
-44
3
-19
44
-2
-31
-41
-6
43
-81
2
-7
16
-1
-1
-49
-5
-36
7
-16
-2
127
-67
89
40
-32
85
26
55
16
-120
15
-9
76
67
-22
41
28
48
-15
63
-63
6
22
82
37
-72
49
-39
-59
-42
-28
64
91
37
-11
-12
-1
-2
33
47
57
13
-34
38
-15
15
-10
-4
-35
87
-125
-71
-20
36
-1
-15
35
-99
22
-41
19
-29
-89
-63
67
18
-35
55
-8
-23
55
-27
21
21
-8
-20
20
127
-24
-58
18
29
47
32
-19
-44
3
30
-69
-22
15
16
-72
-75
-80
-42
33
-35
-3
-43
-38
24
-94
-1
-44
73
6
89
23
-74
-34
-48
-12
24
20
-4
-49
27
-9
61
25
61
87
48
-4
15
-32
62
111
-47
-2
-72
-80
-52
127
-51
34
-41
5
4
17
-112
39
32
-46
-24
15
-34
-71
23
-5
-81
-67
-19
4
31
4
-28
19
32
-30
68
-44
24
38
41
53
12
-7
-88
-31
26
-27
-28
-23
12
-27
-15
49
27
-3
-8
34
-58
-72
-22
95
25
-1
-45
-25
-8
-24
-23
-30
4
20
-20
-73
-37
-7
3
-91
-22
-42
-37
-99
-15
-34
-17
-21
7
-77
-25
28
-6
-26
24
-25
-8
-96
-50
-31
-9
-17
-28
9
-42
-8
-47
-95
-36
-59
-13
-30
-64
-32
-75
-50
-30
-51
-56
-62
30
-127
-70
36
-17
-1
0
5
5
-14
-26
-28
4
-6
0
-97
-76
-38
-38
-22
-30
-19
12
12
-35
24
-5
10
15
27
-49
-7
-49
12
-26
12
-127
45
-20
-90
-45
18
-12
1
-19
-64
-45
-42
-15
-26
-6
1
-40
25
-69
-42
-7
38
-19
8
-44
-3
-14
-41
-44
39
6
-13
10
-61
-18
-39
-25
4
79
26
-50
10
37
-23
7
3
94
36
26
42
3
-2
44
-1
102
-16
-4
12
12
52
-15
47
20
-27
2
36
39
-15
-3
-15
-14
28
2
-41
2
3
-23
88
-17
-30
34
24
1
0
127
-17
-37
-14
36
-17
56
42
88
18
22
19
11
6
11
45
20
-1
-109
-17
55
-63
55
-1
-55
1
29
-73
-120
-19
23
-49
-56
-52
5
-13
46
-110
19
-121
-76
-88
8
-20
-8
-91
54
25
-19
7
-12
-21
53
-46
34
9
-41
29
-106
-10
-18
-109
-49
-127
45
16
4
-31
-63
-42
-89
33
19
-113
-81
10
-78
-29
-112
-11
1
-42
-18
-39
-10
-83
-127
23
-43
-42
-85
-22
-43
-50
-51
37
36
-43
63
55
22
-2
17
-80
0
-88
-80
-11
-52
0
23
-26
-27
-15
-11
-2
6
-32
36
-14
-25
-68
-6
-1
29
-108
8
-52
-68
42
-3
0
-49
24
-65
4
22
-35
-12
27
-25
-1
-47
-27
-54
-57
26
-16
-53
42
-117
-22
-20
-91
-98
33
50
-16
-50
-44
-37
-38
-60
-57
-28
-21
-44
96
-38
-15
-75
-10
2
-75
-46
-52
-63
14
-43
-8
18
-36
11
-48
21
15
8
-66
-11
43
-25
28
0
15
-52
-48
-96
-6
45
14
-65
-82
-66
-45
-29
-47
11
3
-127
-87
12
27
51
-9
0
-21
-58
-13
46
29
-40
-20
2
36
73
57
127
32
108
-55
53
70
-17
2
-8
6
-57
23
-5
33
-11
-22
33
-12
61
-53
24
-43
19
-6
-6
24
26
-58
-67
-47
-8
90
-66
65
-5
39
-17
20
19
-10
-13
-61
-70
0
-14
22
7
-41
-50
31
-127
10
10
-53
-41
-32
16
-2
4
-11
10
109
37
-18
-49
33
36
-49
33
16
-54
10
-43
45
16
-9
-33
3
-63
-33
3
-93
8
-52
-20
-14
-71
2
67
84
-47
-28
-30
-38
-21
-5
21
5
42
33
-18
9
-36
-20
82
24
8
-93
-24
42
58
9
-66
10
-52
-70
71
-8
21
-23
-19
-3
-20
-32
12
-79
-14
-21
85
-75
-63
-8
-3
-74
-3
38
-47
-87
19
-54
-9
-29
-113
-61
54
-25
17
44
14
-66
-59
-12
-43
-20
-71
-20
-3
-127
36
39
-31
3
58
-22
-73
59
-11
-69
-13
-9
14
-50
34
-44
11
57
-62
-67
79
3
-22
33
-42
-127
-30
-63
-57
102
-33
-41
16
-64
-21
-61
-75
-45
21
-50
-6
-35
-34
-55
-40
-23
25
10
-37
8
-4
60
84
4
14
-68
47
85
-59
-69
34
-67
-96
-44
-24
-105
-6
-107
-35
-49
8
38
-26
52
-91
14
-36
-39
-5
55
-15
5
57
87
-67
-79
11
-9
57
65
8
-51
-42
31
8
37
-11
-52
56
40
35
-12
-23
48
-66
-36
26
-33
62
14
6
-63
-11
-25
-22
9
-35
-9
-60
4
-66
60
10
66
-76
-3
9
2
127
10
19
-43
37
93
4
107
-118
6
17
29
13
-36
17
76
43
-33
-39
-47
35
-2
20
-32
-10
46
-83
-68
-77
-39
22
-17
-13
-70
42
10
31
-11
-25
0
-36
32
66
-10
-38
-25
-25
-37
91
-87
10
-15
2
-49
-34
-37
19
-36
-16
-32
-127
5
-63
41
-33
53
-27
-35
-45
0
-42
-21
28
-52
-82
-88
-53
-62
50
45
-42
-42
-48
-26
-44
76
16
44
9
39
-75
79
-41
16
6
-51
-57
-16
-127
-108
-43
9
-47
0
60
-65
26
-47
-14
-109
26
-27
-8
8
-41
11
-28
5
-27
22
11
-33
-109
-61
11
-32
35
20
4
-55
-87
-59
-70
-49
-41
-63
-54
-27
-107
-29
-1
20
-29
-5
-34
-39
-8
-67
-61
69
39
-38
-26
2
20
39
3
94
67
-56
3
-10
60
-74
-59
-48
-127
-48
-8
-43
-16
-19
-41
-2
37
-78
-52
-64
-40
-57
-10
7
-64
-34
-52
19
-50
-37
-89
-11
-10
-81
26
-10
-66
-58
-30
-17
-26
86
-3
-24
-47
11
-18
-78
-6
28
11
-26
-45
-9
-23
127
37
-26
13
-42
-103
68
-79
-8
41
12
0
15
-34
33
29
2
-34
19
13
-16
-36
-18
1
-31
-39
-11
-2
-7
-111
21
-11
12
-16
-22
-4
7
-22
-7
-35
-82
10
24
12
-14
-38
-19
-4
2
8
13
-104
15
61
-3
-11
-6
10
-21
-27
-3
96
97
76
34
24
-27
-4
-14
44
46
39
-17
-18
31
-46
13
-16
69
2
37
24
-51
38
-43
127
25
-23
26
51
-13
50
37
0
45
-20
-44
35
51
28
-23
14
13
68
5
77
77
105
24
3
52
40
110
81
58
91
9
6
-79
-2
76
-14
42
92
-38
-114
16
28
-105
-35
3
-26
-7
-9
-60
-63
62
-7
-14
4
-7
102
-23
-37
-79
7
-48
-31
-60
-2
-40
-17
-65
-101
0
-1
-30
9
9
13
0
12
2
12
-57
-11
-25
-23
-50
36
-4
-72
18
14
29
-19
-16
-73
-41
-49
-44
-3
-16
14
-30
18
-127
-9
-5
40
-14
17
44
-47
-17
-2
22
-32
69
13
-56
-34
-69
-60
46
61
-10
-16
-88
26
4
-76
-72
-41
-28
32
-92
-16
-31
-24
-50
38
-83
45
45
1
-81
-127
21
7
-59
-6
38
-63
-45
9
12
-20
31
21
-65
21
-34
25
-110
-25
-54
-51
-20
3
29
-33
2
-111
-71
-41
82
-12
37
16
19
-115
-11
-127
-7
51
22
26
-8
3
-35
-36
13
-41
-11
44
-46
24
-18
-72
-3
-91
-100
-10
-21
-84
16
-33
16
-12
24
46
-48
-7
56
24
-56
19
31
-11
-18
-13
-30
23
-34
-74
-43
-48
34
21
5
-66
-19
12
46
10
6
47
-9
38
111
-65
-13
-35
-66
-40
127
-37
-41
-43
-20
-36
-20
70
34
-2
-38
10
31
-53
-19
4
11
-9
-27
21
22
16
-6
-2
12
33
40
24
-4
-3
65
13
-24
67
-69
32
9
50
12
-68
69
-13
-2
43
46
105
-33
18
-38
-61
-62
38
77
22
9
23
3
-87
-28
10
-44
-7
-42
5
-86
-105
40
15
14
-112
19
42
-25
-112
60
-89
-59
20
-32
-10
12
-64
-14
-5
-78
33
11
-55
-31
-69
-108
-60
-26
-28
-41
-84
-42
9
-109
3
-38
39
17
-8
-127
-2
1
-50
-114
6
17
-96
-20
56
102
21
23
-7
-13
1
-30
15
23
-18
8
-16
33
-19
-2
11
-3
4
-64
-4
-42
8
-127
-85
-22
-23
13
0
-51
-29
-12
-9
-79
-12
-17
-65
-42
14
-45
27
17
1
2
-51
33
-72
-127
-2
-3
7
-26
-8
-14
-64
-27
-69
-55
13
-5
-27
-97
-45
21
-8
-42
0
11
-55
-25
104
20
-77
67
1
-23
-53
-42
53
57
54
22
18
-23
33
-35
-10
7
38
40
-32
38
-63
42
11
-31
-35
20
73
-33
-37
-42
-62
-29
-31
-79
-48
-46
-44
78
-11
31
-9
65
-17
-55
127
-42
19
-53
6
7
69
24
91
0
-24
-9
12
-64
22
91
44
94
-28
8
11
12
-59
-79
-60
89
67
76
37
-12
-84
127
110
-73
4
36
105
74
-1
40
-39
-75
99
-25
-43
-33
59
-18
33
20
44
68
38
9
-3
56
74
24
-25
49
3
51
-11
27
11
-10
19
55
-2
78
76
58
30
40
-29
36
-19
1
84
30
34
3
-6
15
51
34
-62
-14
-95
-25
51
-24
-13
-3
-21
-4
-6
59
-71
75
24
49
-69
-24
-99
107
-7
64
-127
107
47
-72
-4
84
28
-83
-19
-1
42
-67
-39
-24
-24
94
-66
12
-122
-103
24
-75
101
-81
85
41
59
40
-56
50
35
95
62
37
-84
2
76
2
41
-109
59
89
-43
-13
-28
-42
-5
26
32
29
40
21
45
-91
110
51
62
-127
32
-18
-92
-55
-28
-5
-47
38
-21
8
-32
-59
60
50
43
5
13
-79
59
55
48
32
-14
34
-40
-53
39
91
-32
14
-32
-3
-40
-2
70
-17
9
27
-62
-30
15
72
54
16
-46
13
21
78
20
-12
-29
-28
-111
2
-70
-30
64
-14
-4
17
47
-10
-41
-32
-8
6
3
-42
-14
-7
0
-1
-103
20
6
17
-22
60
-72
-20
-45
27
46
-127
-31
-38
-21
-82
40
20
12
49
-54
-28
-57
-3
-57
25
-42
-46
26
-25
-51
-16
14
-63
-85
1
-31
-14
-22
59
-26
11
-67
-16
-37
15
-30
0
-46
40
-20
-11
44
-31
-65
34
13
43
-9
31
-15
19
-37
24
5
-25
8
-52
-67
-118
-104
-64
-3
29
-19
-32
3
34
21
-34
-29
-127
-30
2
21
-15
-13
-54
-49
-30
-80
-37
-15
5
1
-37
-27
56
31
-30
8
34
49
-37
-52
14
-124
43
-71
-20
-54
-104
28
77
25
66
3
24
52
-39
59
26
-6
-83
-20
-31
-8
-126
-11
13
-54
-23
-116
28
36
-127
38
-39
51
-2
-63
33
-16
8
-65
-20
-24
-14
-13
24
-84
12
65
2
-14
-12
7
-24
-81
-54
-20
20
-13
55
47
-3
-70
89
12
-19
19
40
-14
50
-30
-33
7
-44
-23
34
72
-15
-71
127
-68
38
62
55
-17
-47
-36
-14
101
-66
-23
-23
-41
-24
-95
11
-75
25
4
68
-95
-40
-46
74
65
-23
31
-11
-58
-44
4
-48
110
73
45
-40
-81
-46
82
-20
8
23
70
1
-4
9
-38
51
-121
26
34
-27
-36
76
-39
-83
-127
7
8
16
70
-19
6
16
-29
-2
14
26
-16
-6
16
31
-65
-8
-22
-16
56
-12
-52
7
-51
7
-4
-79
13
16
-34
38
23
-13
-53
53
-17
-7
-4
-23
25
-54
-60
-8
14
3
-17
0
-62
-71
19
29
43
9
-24
17
2
-9
15
42
-16
43
-27
-82
24
-69
23
20
101
-59
7
-2
-16
53
12
-4
-77
-18
22
-12
-55
23
-77
-61
32
-110
-53
6
-55
-37
-16
-11
-29
-56
-53
0
-31
-127
9
49
-14
23
-33
18
42
-25
-31
-125
-45
-86
12
2
59
-50
-14
28
-85
-7
-6
-88
-78
57
16
16
-67
-112
-51
-74
-6
-54
39
-7
94
-86
-54
-49
27
-12
7
-36
-34
84
43
-89
-54
43
-20
-31
-78
13
-35
-36
3
22
20
-76
-43
-127
-10
-15
-4
-2
-85
44
-51
47
-92
-57
-82
-73
-96
-33
-45
26
11
67
-60
-65
-92
127
22
21
88
-4
-25
-14
-22
1
-29
11
113
-20
37
39
3
-31
19
23
-46
34
45
66
11
24
34
-12
-20
41
64
88
40
59
-31
4
-14
-28
77
36
27
43
-67
5
51
14
34
-18
36
-30
6
-1
11
25
52
-25
54
50
-7
17
33
121
47
47
53
-17
40
-100
-37
29
56
-127
-43
20
20
40
24
-10
84
-18
-48
-20
62
-72
-67
16
-43
19
-69
-26
54
-38
-9
10
71
-37
-39
-90
-14
-30
-39
-92
-92
-34
-7
14
-3
-42
-21
-46
-9
23
78
32
-4
-16
13
-41
76
41
67
-29
-37
-38
-3
-34
-4
66
28
3
-76
-18
-51
-60
0
-23
-16
3
-87
-56
-81
-28
-19
-14
-13
-8
75
-45
-43
6
-17
-14
10
0
2
28
-27
34
15
-11
4
-23
-25
-91
-84
10
-54
-8
-69
-56
-13
12
-30
-41
9
-67
-11
-4
-6
-39
9
-4
-42
-33
-127
-56
-49
7
3
3
-1
-5
43
-53
63
-23
9
86
-32
-44
7
127
19
68
118
16
16
43
-16
39
43
-64
119
-94
-92
64
-45
24
43
57
-44
47
32
-54
20
-76
28
-42
-39
-28
-66
-61
36
98
67
-4
20
82
-37
26
-7
17
5
-2
59
-59
67
-5
23
3
14
-68
-49
-60
8
61
-23
-45
0
23
14
-43
57
-50
-12
-16
-2
-59
61
-17
-1
-2
28
-47
20
-20
23
-127
0
-27
-78
16
8
-42
18
-60
-105
10
-98
12
-54
7
5
-72
-47
-40
-10
-52
-21
-14
-70
14
-69
-18
44
27
-39
-35
-80
54
42
32
7
-12
10
-13
-88
-54
-43
-17
-123
-15
68
6
-9
127
3
-14
-35
-39
-8
29
30
-26
-13
-22
-6
16
10
12
-5
14
-1
3
1
-4
1
-11
-50
7
13
-22
-2
15
28
-6
3
-49
15
-27
-32
13
1
11
-15
59
-44
-14
82
0
6
-16
13
17
74
-23
15
-5
-11
-21
10
17
5
90
14
-1
-29
-1
-31
4
-40
47
27
-22
-28
-18
-32
3
-38
-75
30
-1
-33
-127
-99
28
-29
-8
40
-26
-46
-22
15
-41
-19
1
-25
5
-29
-30
-21
14
5
-26
-9
-30
-57
-66
21
-22
4
-22
-28
14
-22
-15
-35
-65
2
25
-4
-49
-80
-1
11
1
-60
-26
-25
31
9
-20
-44
127
-24
-10
-17
1
-72
12
-22
-37
11
-30
11
39
40
-5
24
15
-58
44
30
28
17
-13
-33
18
13
10
31
41
34
20
-10
11
-36
3
37
23
5
47
-19
-10
-4
-14
-5
15
14
0
44
-38
52
-13
-28
18
49
-12
19
-17
51
-3
28
17
10
4
-16
80
16
-91
-68
13
16
2
30
24
26
-32
-43
-23
-95
-4
16
-14
-20
32
-34
-31
14
-12
-50
-21
14
-21
3
36
-16
43
-43
-127
-38
12
8
-2
-75
-31
-47
-17
34
21
15
12
-55
-23
-53
22
-3
12
28
29
-9
-22
-29
-8
-20
60
-28
14
-67
-42
17
-35
22
-14
-20
-30
-89
-102
-90
-99
18
-51
-3
11
127
-10
-80
28
22
0
22
34
-1
-10
7
-1
-31
24
-3
4
-13
-24
-85
-12
-1
46
-34
-82
-23
-38
63
-65
20
-12
-6
-8
0
-21
16
-36
-94
3
21
7
10
16
-3
20
-22
-6
-28
19
99
69
1
95
48
26
-23
63
-61
64
-13
4
14
-46
-1
27
95
-30
-28
-10
-78
22
-46
31
-40
-40
-25
7
-3
-49
-62
12
4
-2
-16
12
-30
-104
-105
69
-14
4
22
36
-90
-127
119
-18
18
-35
8
-90
87
13
21
-43
-57
4
-18
-28
3
49
-28
-35
14
-21
-10
25
-20
-22
28
26
-7
-20
23
0
13
6
3
-24
-33
-24
8
-124
19
27
-67
31
-51
-26
8
-5
-85
19
-10
-67
-38
-22
12
37
22
-25
-31
1
-89
13
-20
13
1
1
37
-105
-16
-127
-66
31
32
-32
-26
-67
-86
22
-55
-61
35
-20
-73
96
69
3
18
58
-17
-7
56
-15
27
-11
7
78
54
16
100
15
69
-1
-6
55
44
-31
50
-53
51
-12
3
83
127
-5
52
6
69
52
8
29
-51
50
-3
45
27
-2
76
62
59
-11
47
21
-37
-31
73
35
15
29
26
87
124
44
57
68
16
24
47
-32
-40
-120
-99
42
46
-126
-46
43
-31
-38
-36
-14
42
-71
-13
-48
50
-56
-11
-35
-89
-37
-41
-15
-42
-33
-112
41
48
-78
-52
-56
4
-40
-9
-127
-46
-12
-55
30
6
-26
-110
-40
-66
-108
-3
-1
-22
-52
27
-56
1
13
56
-16
5
8
-32
-71
-20
-2
-13
-93
11
-87
40
40
65
59
10
13
6
31
-24
113
97
-94
26
96
98
-74
19
51
2
24
112
85
-17
-14
-41
47
-21
73
-5
50
-43
4
-13
-21
125
-79
84
71
-4
-27
-47
-61
32
-14
-40
89
68
45
11
-127
37
-23
38
67
-73
52
66
-40
15
-41
-83
-19
42
34
-83
73
-3
-55
-51
52
8
67
29
40
-9
13
19
-13
16
-1
-15
0
-59
58
-52
46
-62
-50
-17
49
15
-64
-27
-36
-12
9
21
-1
-66
-116
-43
71
-9
11
-36
22
6
-24
60
-52
19
10
18
-12
60
33
29
40
28
-4
34
-127
28
30
4
22
-13
4
2
41
7
23
-1
15
2
11
2
22
5
-5
-3
22
127
-3
-36
-7
13
23
-35
13
-34
1
15
-28
-35
11
-36
-51
10
-41
9
20
-1
-25
-42
-32
1
-18
8
24
-3
-29
25
37
18
15
-17
-33
29
-3
-3
-68
9
-11
14
-6
4
10
-16
-14
-117
23
42
-49
-21
12
23
-13
44
-127
-42
-8
-28
-15
45
14
-37
52
68
17
41
-48
-38
-76
-10
-2
-44
53
-24
41
-1
4
37
14
-5
17
-69
4
-40
32
-21
20
-56
-8
-2
-41
-23
11
-5
18
-69
34
-67
7
37
-47
-83
-5
-44
71
-48
0
-10
-63
115
9
17
98
-35
-51
-48
-58
16
82
-11
-32
-46
20
4
-16
-71
19
59
-68
-3
14
-94
-22
24
-1
-47
-12
-2
-54
-27
-18
-10
-5
-26
-88
6
-24
19
67
6
27
-43
26
-26
30
99
-27
-22
4
-19
12
50
40
42
-11
-12
28
-67
-73
-12
127
-26
-13
-27
-33
37
24
17
52
38
9
21
-3
-49
6
42
7
-16
32
86
12
-44
-38
4
17
12
-30
-76
6
6
-127
-23
-8
-11
-80
18
-36
21
72
-2
-14
-30
0
8
-48
60
-1
8
-48
-7
38
-42
17
-51
-54
10
9
3
-75
36
18
9
-7
10
22
-35
-9
-9
28
20
-28
-99
-4
-95
-13
20
52
-19
54
-4
127
47
29
-28
7
18
-9
56
49
-30
-18
-14
72
-4
-21
-71
19
-1
39
-119
46
-29
-41
21
33
44
-88
33
64
-25
19
-11
42
-15
26
-10
35
-43
20
17
-53
-37
-5
36
-47
-25
-25
-28
-50
8
37
60
54
-4
59
3
29
-11
-12
-38
40
-16
-6
17
-24
18
-23
127
-24
-27
-35
-17
-11
-29
25
-25
-25
-21
7
6
-14
-55
-8
24
5
6
21
0
-68
-48
28
14
5
10
43
-11
-79
59
-10
3
7
17
-63
60
26
-12
-52
-18
-23
-12
-36
8
10
9
-36
16
-127
-13
-15
-22
-22
-63
0
58
4
83
7
35
-84
-20
62
79
-54
19
-32
-52
1
-49
33
1
21
-103
19
42
11
-15
-46
61
-96
61
-29
16
-100
-22
78
-6
-18
-75
18
-107
-89
38
31
-17
-22
20
-55
92
27
76
-1
-48
32
-44
-5
32
40
-22
-34
-4
-11
-38
11
22
2
23
34
51
-14
-77
84
53
-27
1
11
127
-19
-28
-55
23
37
-1
24
-70
-53
17
47
-40
-11
4
-71
-19
7
16
15
-25
-22
-84
72
-19
-31
-4
-3
-1
-42
58
9
-21
-39
-2
-62
29
29
55
-13
40
13
-18
-31
-36
-22
-30
-57
90
-45
22
41
-47
-31
-21
-51
4
127
51
16
-4
-19
-5
-6
-80
-24
-15
-4
-87
-8
-38
-23
-13
8
-31
-20
-13
-123
-23
-15
36
-83
-6
33
3
-19
-3
36
62
20
-8
53
-23
49
91
-40
48
25
0
50
36
70
2
-66
-2
21
18
7
-19
31
19
73
-54
10
60
31
15
40
22
13
-20
-1
52
-19
66
24
101
79
87
7
48
60
79
-60
18
11
46
-12
43
37
73
118
29
-23
16
-1
4
32
76
10
75
-1
30
-14
14
31
36
30
-27
109
37
52
25
70
41
-49
7
-7
127
96
44
-9
34
-7
5
-79
127
6
26
35
-37
-13
-56
-7
9
77
11
-8
32
49
19
-32
56
27
52
-56
-10
9
-77
-46
-30
24
-50
38
-69
1
-39
-10
8
38
-18
-37
-16
-39
-13
69
37
41
28
3
-36
47
84
29
-23
24
6
-23
48
48
44
27
53
25
-85
22
-15
42
-69
51
-82
-15
-45
-54
31
-42
23
-62
-88
-114
-20
24
0
11
0
-5
12
-9
-25
17
-3
-42
55
16
-61
4
-49
21
-64
-58
-117
5
-39
-94
-100
-23
-24
6
-56
-105
-17
38
-117
-35
44
-92
59
25
3
-29
-11
-45
-105
3
-127
-2
-23
17
34
-26
-61
-50
54
-20
-9
-41
29
43
-6
-87
-84
-14
30
5
33
15
4
1
-5
-11
-43
27
36
-25
6
30
-68
-36
67
-8
-39
50
-1
6
52
29
-52
39
-28
-127
-15
17
53
2
-47
-7
-40
-56
2
50
-3
61
-68
19
-6
46
-17
30
8
34
7
3
-26
-43
-20
13
-35
-17
44
-52
31
16
-8
-44
19
-36
15
-13
6
6
22
0
3
-1
-127
-28
10
32
0
-35
3
17
-27
17
-21
7
20
-36
-16
-1
-55
4
-15
-16
13
-15
-12
21
-35
7
-18
8
-5
11
28
-57
15
-31
-14
15
-1
-24
-19
20
-16
22
3
-8
3
77
-15
-68
36
-65
-42
-19
22
9
-46
-35
94
-28
-29
82
117
-34
-3
89
49
-63
-44
-58
-78
2
-69
-85
-59
0
-12
-4
-2
-36
-46
-16
-20
14
-36
-30
-63
-55
-4
127
-14
-49
9
3
-21
-25
26
-13
-31
-60
-39
-23
18
76
63
-4
72
-7
-64
24
-55
15
-24
-59
-27
-4
-11
127
-5
-30
-9
-5
-20
11
-34
13
38
-7
-8
-7
77
7
0
-43
15
20
5
-43
-26
27
11
-57
-69
-10
-67
-6
-27
37
-13
-32
-2
-1
21
-39
-13
-2
-11
-47
4
17
17
35
-35
3
-54
2
9
9
-8
19
54
-24
-59
12
-1
-30
-55
10
14
-11
1
25
-9
-29
44
-11
-12
-26
19
-19
2
-19
-36
-11
-127
24
3
5
19
6
-8
13
21
33
-14
13
-1
-17
22
6
-54
-12
-3
-8
-6
41
-43
3
-28
-32
-56
22
16
23
43
-36
6
-57
-8
9
-50
1
2
-31
-37
-19
17
-10
21
-8
-14
-2
-21
20
-2
-34
-47
-71
4
28
-39
-20
-33
-3
28
-69
-15
-49
67
-27
-42
-25
19
-10
-33
-45
-51
-66
-12
-114
28
-20
-25
-10
-10
-7
17
30
-38
17
-13
28
-52
-127
-39
-49
-9
-6
16
44
-97
-12
-56
-24
-69
25
26
-96
15
-30
1
-54
22
17
-23
44
-9
39
56
-6
-71
-56
-62
106
59
-59
-36
19
-29
44
-9
-33
102
2
12
-53
16
14
-45
-34
56
-6
-43
3
-11
16
4
-32
-55
-11
43
-35
23
72
-13
20
-44
-3
29
-50
11
-20
41
-20
-80
27
-57
7
-10
30
127
-28
-49
2
-44
6
-51
58
1
-18
18
7
-68
1
-33
13
-127
15
12
20
-25
4
-17
-63
-28
0
45
-43
-28
-20
-63
16
-100
-2
-52
-16
-69
-15
-5
-35
-19
-2
24
11
-56
-33
-76
-30
-22
9
2
-20
-14
23
-22
-32
-28
29
-24
24
-1
-27
51
-16
32
-67
7
-42
-23
11
21
-14
-2
-76
-39
-3
6
-7
-33
-16
13
44
-67
-7
-84
-84
-36
-26
-11
-8
37
-71
23
-106
-24
-52
58
-7
-42
-24
11
65
-25
-3
-52
-54
-26
16
5
8
-35
27
27
17
-72
-11
-8
16
57
-53
-21
4
-99
7
-11
2
-6
-72
31
-6
36
-60
-127
-35
-23
-75
-62
-29
-42
34
-8
29
-6
28
32
99
6
-71
-12
-29
44
8
15
10
32
-45
-51
9
91
46
-47
-32
-59
23
93
-34
-11
-1
-54
-47
-81
119
26
3
49
-29
69
-41
-20
-89
3
9
15
56
-22
-21
-127
-35
64
34
19
-102
-15
-15
11
-28
98
-9
69
32
26
-32
26
85
-14
60
3
116
54
10
-86
-23
-57
28
-26
-35
87
-2
-10
-63
-12
76
-47
-28
45
-17
-21
-46
67
6
-4
-36
-53
35
7
127
-21
34
13
-20
10
20
-90
-56
27
8
4
-18
-27
-33
-58
14
-41
-28
24
33
-61
-9
3
45
-36
17
-9
-35
-60
-35
-3
-26
15
30
55
-10
-43
13
74
-22
46
32
8
-1
-39
-41
20
-76
-63
-13
26
22
-14
-99
56
-53
-79
-100
20
5
30
-17
-36
-43
34
-47
17
47
-19
96
-66
-70
77
-48
-40
-47
90
-87
-79
-30
-76
-35
-27
90
127
-90
-82
-14
-48
-32
-2
36
-38
2
-67
-21
-36
-26
-33
-112
-57
5
-32
-68
-71
-46
5
-48
22
16
-13
-1
-6
-19
-29
-31
-30
-22
45
-19
-45
50
-2
-80
26
11
-69
9
-46
-127
1
34
0
-84
-35
-16
-59
-115
-8
-9
-73
9
-103
10
29
32
-47
15
-57
5
-14
-24
-31
-37
5
-36
-29
-54
3
-9
-14
7
49
-15
5
18
25
2
-17
-1
39
-85
25
-8
61
-91
-99
-13
-6
20
14
4
-38
-69
-10
-40
-10
0
-13
-55
-42
-41
2
10
-24
-25
-45
-4
-68
-90
6
-43
11
-41
36
0
-45
-6
-46
-99
12
59
30
-127
-10
-25
-16
-14
-10
-22
-65
36
-36
-63
-112
-10
-12
-35
67
-13
44
10
-14
76
-75
-13
-49
13
94
-20
-127
52
5
37
7
19
-83
15
12
-45
-18
5
-14
-59
-23
-61
26
51
-22
-15
-20
-22
15
-2
14
45
-8
-35
-10
-13
26
-69
4
-1
49
-61
-11
-73
-39
3
68
0
42
61
62
35
-25
-87
-33
-5
60
-40
-24
-14
-14
-12
34
27
23
-55
-30
-35
37
-76
-62
-57
-66
-58
-46
-5
6
-7
-33
-58
-42
-23
-19
-81
-5
-71
5
7
-69
0
-17
5
-13
-71
-77
-13
-1
-127
16
-11
19
-63
9
-50
-26
-6
-8
-94
-32
4
51
-55
79
-55
-9
