-15632
-6873
-2309
-2113
-31
1014
-4640
3787
1433
-5312
9149
9636
-2235
166
3068
3715
382
6191
7551
11296
3424
7783
-330
6465
7426
-3668
-148
705
5399
16109
5368
-7303
-5430
10987
679
-8876
-8300
-3963
9357
-4028
-4766
-370
-6257
4476
3209
4156
-5496
14259
6356
8934
-547
1048
3490
17337
12835
-9444
1425
5375
8554
-4276
9518
-9099
21666
-5491
-14830
4071
-4445
-9595
-6806
-280
-2443
12621
2433
14082
4213
6015
-10503
5176
-2213
13547
9497
-801
-798
-4840
1690
10865
-12708
5608
-3353
3864
-3046
-4898
-4737
8623
-2665
-4983
6967
-6369
-2605
22857
-8422
8495
3635
7481
-1810
-552
-4775
16070
-4854
1633
-1994
641
12331
-6154
-1260
-6257
-4481
12676
581
6051
2453
15185
6741
-3290
3304
76
-4449
9282
-7423
-2023
-1994
-3399
10427
1525
-3871
10471
3753
-1715
-2888
-13013
-4343
-2675
1881
8278
-6343
2582
7143
-399
7239
-1525
746
18782
3160
275
-1473
2681
12047
-1900
-6473
770
-187
-7029
-6970
7969
3478
-6195
-1430
-5050
-6216
-17145
-1642
2989
-2252
1543
5253
3301
1205
-7504
2701
-3812
12491
-15142
4293
15752
-4680
-1253
-1925
-4691
-11677
3785
-560
-4579
-10
4236
6148
477
5114
4008
4626
-8003
2826
-1081
339
8470
1913
19083
-8759
-2643
22230
9757
17732
-532
-5195
8331
-557
-4960
4905
3557
-942
-4405
2737
14750
1800
19972
-3913
-4888
-8363
10788
-12716
1190
-1739
11761
8119
-3607
-15410
1858
3210
-4738
-3220
9199
1391
819
3823
6914
-6495
7226
-5565
-1544
4495
3489
2037
13734
5523
-5500
6277
13569
2644
4516
-9776
-9161
-4004
1605
-3738
-527
1626
-4828
11159
-2019
8930
11017
6724
-10040
8566
1670
9302
7776
3409
2031
-4570
-11122
-127
5658
-1984
12632
12391
200
13189
24603
2704
-5545
-5339
-5411
3408
-2482
-9542
-295
6670
-769
3995
11421
2367
10931
4028
-4416
3654
8223
247
5670
-1111
-4938
-5278
2296
-3597
-1324
-3615
3976
-1604
-3249
-1927
-11545
-4036
24983
1644
-7718
-1628
1261
7861
409
8717
1273
-3421
1086
-2361
18057
-5205
18438
300
-4580
12702
3123
495
2214
-4687
-4423
99
-2573
1874
-1354
11897
1002
-9978
-11354
-757
-6078
-1401
2807
3453
2663
-5697
11025
-13097
6245
-9416
-851
-8249
-3702
1244
-10140
5307
-1355
-4765
-740
2954
8518
-1673
11746
1724
-3048
285
-8308
-6107
-3959
-9323
-8134
-7715
-388
7734
6147
9736
-1449
-1112
-343
-848
5753
-2720
10347
5109
-2794
747
404
-5880
-5970
3378
-3111
-6879
6510
3173
-206
7467
14205
7546
-4891
8823
-5580
-2689
2317
-4735
4372
12751
6703
6259
-3707
-14817
-844
20064
1231
10108
-6135
4460
-2153
-6118
-13071
-4467
10850
12314
-4845
11676
5463
8508
-2011
1248
9477
6356
-6271
3399
11676
-7606
6255
-8460
-1008
-2713
-4463
-8274
-11195
-1991
5456
-5749
-5195
8416
-11860
2407
-185
-720
2179
6856
-9452
-4191
-3464
13977
-8433
8030
14273
1390
-1286
-3156
14733
4273
-5254
-2626
-8253
-9433
1134
6188
8026
3708
1155
8061
-5885
13074
3266
446
4541
4609
-302
-3675
11650
5055
360
-1314
5783
-3084
1614
6676
2391
-1434
-3908
-3438
-5905
1994
-4583
-14071
-3392
1089
-920
-10808
4756
-6592
-7421
806
2868
1786
6158
3583
11259
-290
-2649
-9552
10685
-6549
12936
10053
3182
-13440
40
-11732
6186
-13636
6660
-307
-9023
-15563
-5195
9238
3638
-1671
-655
-11853
-1796
8886
8214
-2845
5674
141
-2895
2146
6425
-14014
1417
6748
-1713
590
-10785
7763
1995
4377
-10026
5318
10977
-2812
12844
6099
8452
16203
-4785
4836
-286
8441
16916
-4470
298
4753
-10216
-13822
-1501
-111
-6531
11548
16360
-9313
12367
-4421
-5610
8538
5581
-5587
210
-3661
5991
1527
1600
731
59
-4009
7859
-3672
6242
15329
-2250
-3527
8817
8748
-3342
463
7777
14601
5193
14299
-12133
6366
7327
-10043
22585
6501
18353
-3016
5046
-11267
4457
712
1406
-6999
-8314
-7808
3467
5044
-4199
-16894
7584
-11288
-10040
-411
16637
11377
7847
8088
15665
2008
11025
-15087
4000
-7164
-3735
52
-5906
-3826
-21090
14926
-4156
-5756
-230
7770
5307
3992
9698
7361
-1665
21456
-3434
-902
-9194
13662
9500
9767
-12073
17817
2421
14901
-4343
-12890
-6233
3613
15476
-2728
502
-680
-2044
-14216
6782
-17287
-788
-1730
11382
-5439
-564
13851
-1644
-7095
-489
-261
2135
2845
3647
-11785
-606
-4297
2382
-1369
7671
-1317
-9385
2774
5752
745
5990
3378
-6349
-619
6943
8453
-11145
-2382
5557
8924
5615
10974
7655
13147
-1760
3205
-2867
6416
-10782
5724
191
-12293
-6024
-9372
6010
5874
-1546
-11065
-11731
3776
8118
4602
4783
7136
-13202
8169
5170
-118
790
10677
-10297
893
13956
8919
-18375
3898
12983
9400
-4351
-8901
21482
4681
-7559
3817
-11965
88
-5263
11910
9589
-3789
-12410
-9384
1453
7451
4866
12178
12563
1916
-1248
7194
-5710
5213
-11738
-539
7476
-2251
2259
4035
-3898
7834
-7076
-4684
-3690
7973
-16457
-11293
-6814
-5002
1881
3159
1845
-2538
489
8431
22248
-9286
6923
5522
14236
12848
-2788
-3220
13299
14455
17024
8234
2222
-2901
9424
-3308
12243
-14593
4007
1856
-15493
-14889
-5533
12247
13176
-6569
-8973
8878
-3837
4298
3775
1931
9245
-667
1070
1802
8998
-16834
27
17879
3257
-740
-6716
10192
-346
17825
-7391
-1984
8896
-4512
-1756
10442
10586
-338
-7587
-7642
-6230
-4708
3847
9362
1931
-2638
1666
-7198
-1661
-181
157
8387
14023
-1196
8400
4141
-1664
5928
2219
6682
-817
-3038
-129
-170
-138
-9040
3843
-1283
5238
-452
3936
-4016
-7411
2101
9317
-2659
-4439
-6506
-8900
11799
3655
5097
-6913
152
3119
-6602
7586
936
13082
-517
3803
507
1210
983
10015
1076
-5432
-1524
-3603
6330
4477
-683
-5170
4838
-3211
2182
-4590
6537
1017
5117
-2017
2776
13039
-5081
1254
-1474
-2701
-3193
2644
648
-9093
10010
-9323
-2071
-2715
6361
5405
206
305
-1749
4361
8382
3801
4017
4166
-33
1028
-1249
-8399
5400
12656
8119
2355
2297
693
263
10705
-4543
4923
463
5808
-2
3852
-241
-9013
-5547
8891
-7880
3607
8341
2394
-3979
13477
10199
1837
1279
-1524
-6298
5224
-6870
4390
-2125
1867
9424
2008
-3167
4136
3456
3196
-232
-9813
1423
3731
8359
2166
-2437
10440
6518
8328
7909
10103
8299
6018
11916
-3124
7624
-12902
190
572
-6732
8030
4380
-423
4680
6926
-4586
-5080
-675
4891
-7112
-8826
8670
-7052
1156
7375
-704
1131
9544
-5270
1139
-5393
10802
-8276
-3911
13275
-1701
-3233
-2985
3319
-5090
-721
-34
-11283
-4438
8496
14063
7884
6633
-1765
-5518
-11994
3236
2730
6358
2466
2211
8140
-187
683
12462
1495
5719
2106
-5799
7936
3393
-4900
508
-9027
-4738
9045
-3547
731
-2321
7337
1725
5133
-6555
14569
-1543
556
-2807
13279
11073
1418
-7623
1981
8528
-2331
-2943
14178
4402
8294
10533
2068
-1513
9001
-3422
488
-6915
1848
-1999
-818
-2755
-726
7766
6343
1027
-4478
2544
300
-6359
-1534
7123
3048
3135
439
7209
4457
-10163
11914
1951
-3416
3599
-7894
8384
8313
13202
-5257
-3726
257
-9408
109
5912
11578
6325
-4971
8802
184
10947
11523
-3064
1967
8932
-13562
-2373
5422
6657
-2239
4054
10059
-426
6109
9034
633
14847
4015
-2033
-546
-6651
-13207
-1408
7413
11277
4912
-238
7723
-3410
5524
9859
9854
-3896
19042
-3638
-538
8408
3212
5836
-4027
9122
-5541
-2141
-5378
4929
8471
464
24658
454
-6313
-7204
-1086
237
438
-5718
8020
4460
-18501
-6365
-11768
-10350
520
16150
-4011
3284
14628
1743
4070
8059
14518
-4476
10254
-1874
2203
-4804
8491
-1718
-4553
-11103
-4114
-4149
-589
-3556
-4847
2824
-731
8617
9429
1990
-7451
-5366
-1666
638
3839
11801
1903
-7300
-2707
12796
2717
8866
4392
6185
-6754
-7526
7281
762
3244
8989
-1601
-2460
-9140
-4606
-12414
-5385
3552
-4616
4787
1336
4194
-1280
8647
2821
4612
4899
-11202
6964
3446
-8586
235
-2058
-2703
-20
14621
9952
14747
642
1220
-515
4892
2725
5359
4717
2533
9980
242
13364
1483
1540
-8763
2028
6798
9575
8092
-5563
4327
80
4247
-775
-8815
-4193
-584
5522
3841
-6529
330
1498
2290
-8955
5203
2333
-3057
167
-1901
-9748
-5923
3861
-6376
-4083
-7667
6626
-4611
3807
8844
-1160
-804
-4142
2863
-1821
5374
11412
-3740
-8482
5358
5591
4366
-3576
-6518
2218
9416
546
-725
-3854
4455
194
616
10404
-5497
10791
3369
166
4873
-9884
6952
8568
-2030
-176
-9619
-7527
6088
16896
-3807
-13664
1681
1545
1124
-686
1626
-4273
-3302
13609
8733
1636
2154
-1623
12467
4924
2063
-7265
6045
-2792
-3729
7142
4416
-8552
6789
-5222
-6707
3469
2006
5298
-4864
-7050
-11686
15559
13559
10009
-9987
1065
-6264
6382
15633
6632
6069
-4095
5069
4672
-635
-1982
6896
9641
4533
-2106
-15131
3339
5611
2933
6765
-3719
-963
5772
3585
2789
3828
11226
-3511
-10468
-2799
-8727
-23589
-1179
30
-3177
-414
-8060
-7749
20
-7451
-9551
-15926
6247
1625
-9397
6796
-6023
521
-1439
-9184
-10791
4904
137
2641
5513
-1013
-12111
-8028
5000
14365
-15273
-17877
-8906
-12151
-4046
-7099
-7259
-3215
-4716
821
4454
1190
-7794
-4475
2416
-8065
195
-20680
357
3581
3426
-2139
2669
-3512
8160
-11524
-11946
950
5214
4918
16598
-5716
2452
-185
-8845
-8801
2254
3858
3377
-1586
1057
-13629
-4338
12669
9758
-3032
-10464
-7021
-3278
6611
4817
-17864
6552
-9161
663
5856
-1825
-1372
-10487
-572
-868
-1519
-5679
3122
-8269
6864
14616
8097
-9876
1362
-1097
766
-5340
2821
1935
-1343
-5147
10578
-13588
1798
-3810
-7572
-744
2404
-6608
3811
-4626
3640
-1584
-8152
10438
-5881
13112
-10983
-13624
-3159
-6438
-2581
-11790
3204
-1541
5056
-1534
-7397
-9674
-11607
-8113
390
-7027
-9191
2966
-974
-5190
-3979
-7263
-11570
-14872
5768
9086
17055
9130
-14219
1569
10175
1634
-5867
2482
-7354
-2022
-13679
4432
-11270
3050
-11542
-5321
-6280
3226
8630
6671
-2571
3549
-305
6058
15808
8963
828
850
1606
4858
-9948
-777
1418
7381
1045
-765
13998
9466
-1100
1692
223
-559
2616
-2021
-4533
4747
3617
3071
-2516
-972
-9338
4704
1305
8252
-6141
-2034
-13055
-1138
2470
-2005
2219
7033
-6702
4619
4927
2088
-741
-3407
22883
32
-348
-8804
7563
-252
-4744
-13300
3655
-18669
-10426
-934
2730
-7864
521
5083
-5215
-3298
-23956
-10445
70
-8054
-4189
-4004
3052
5201
-423
6421
-2848
-7904
-3380
1991
-3219
-4723
5821
16977
-8120
-16740
-17221
-2849
4147
-10867
-5147
-656
-15295
-2225
-3134
-4684
-11264
-10234
9653
1811
5679
154
-23057
5568
7677
361
-10808
-7876
-4763
2640
-3527
-12203
-10365
5993
-2408
-6079
-3130
13778
13948
9547
-8489
-3955
-3445
-2264
2238
-7329
-6118
1590
-6599
2735
6852
12899
16747
3996
4835
-1209
11397
4816
-2092
-13159
-10212
-117
2233
-4210
1552
1666
12859
10998
98
-9227
-12980
191
1342
1533
251
-11628
7776
-3739
1732
5787
5306
12966
-5797
-2710
13582
-2581
-4005
1409
-3258
3295
3848
6993
5742
-1263
-84
2589
-10312
-7852
12301
10236
2299
-1651
-8099
9199
-12475
-922
8721
10934
-10140
-2748
-1666
-1476
10323
11524
-13100
-6057
4491
7417
-5276
-1595
727
-993
-2745
6291
9355
101
1124
4149
-5663
-17761
-5122
-721
-3835
-6749
317
-10871
11205
4029
5513
10761
-2705
13345
-492
6221
-5484
54
10100
14318
4580
8175
-4755
-2435
1889
6411
5176
-3323
10994
535
-8528
8335
-1892
6758
-3998
14442
1629
5797
3662
-19733
12064
15464
14024
2769
11080
-9484
145
13007
8855
3470
-5172
5485
1880
-2711
-17601
-1538
-769
-3097
3540
19827
19833
10983
-3251
7767
1226
3347
-7547
-1557
10754
7602
1411
-6501
-3502
2797
4330
-629
-141
-426
7381
-1434
1552
11583
-8839
2769
7532
2724
-9800
14455
6717
-5303
-13922
18395
1846
11726
5650
2350
9365
-5343
3988
9617
-794
3682
-2382
-8593
5511
8257
11645
10924
2711
-1713
4279
22308
8221
11677
891
7580
7008
52
1483
1991
6992
-2084
11941
-3751
265
11147
-4112
158
3518
745
1275
4141
-3554
-15274
6222
4633
3906
-16928
-426
102
-4131
-5712
494
10666
-615
3760
5245
-7843
8375
-20051
14618
2031
14739
14188
-4734
1335
-5015
-19301
-6030
-2103
7827
-3881
-9305
-12337
-5094
-3767
-7907
3661
7254
-5368
10426
7797
1278
-3119
8031
-5422
7439
-4023
12644
-8470
4637
1637
-9847
2330
-20402
5253
5560
-6568
-262
11161
2495
-8526
2439
12471
10322
13071
-10498
2917
-5502
4534
8232
-611
-135
-1398
-18291
-14661
-170
2591
-6223
4760
11784
-8899
15951
5833
3105
3672
9207
1823
-6064
-6114
-4794
2913
6264
616
2262
-10285
5879
6933
6402
17820
-7393
1546
-2788
3697
1085
-5952
4874
12715
350
8613
3813
7903
4281
-360
14352
9877
-3241
3404
6906
270
2864
7651
7556
-7574
-2120
-5815
-1608
10014
6740
-16029
4409
-6083
-14193
5749
8092
18722
8325
16958
17138
-689
4916
-11111
9857
2310
3932
-3235
-4330
-6323
-19575
18465
-11717
-2459
-5611
-292
3764
8406
2779
3940
2355
27487
-3548
6046
-10352
16541
6276
1123
-1798
2746
10638
23977
-9982
-11252
-15507
4596
22046
-956
-6002
6172
1490
-9471
-3591
-3619
-11835
-4416
14085
-11959
5190
11519
-7685
-1217
1699
-2469
-1370
5421
5046
-12957
9824
-11965
11836
3903
10238
4939
-13426
2804
9538
4081
-5236
829
2180
5065
8085
7104
-7169
-12283
6494
-3050
6638
13791
14635
15320
-7244
8897
1822
9559
-15023
-2000
2765
-6366
-7380
2234
6010
10806
1229
-15873
-100
2910
12472
-1904
4467
4116
-9269
10893
8589
2503
-1903
14043
-1828
956
-5514
4560
-8882
-4877
14755
3310
-3877
-10646
10672
5356
-9085
3876
-16364
-8801
-2421
12282
14322
-3424
-12793
-10272
537
10712
13667
17339
1365
6209
-2525
10460
-607
4981
-19012
-4213
23865
423
-5950
8097
-7406
-3357
-3622
-5930
5942
5235
-11948
-11957
-7818
-5118
5289
7412
-7828
10785
-5239
2259
13751
8618
8105
2361
7874
13387
-799
-6864
20946
13059
16118
10723
11256
8729
14164
1113
10796
-7075
2045
3854
-15089
-7161
-315
-1229
-2981
-2497
1617
14288
2
5474
3035
9021
12520
7792
-6630
-1103
5752
-14010
11876
5494
-11908
-3914
-2303
12186
-6298
13526
2467
-6778
-6166
-12940
-2210
12246
-1609
-7295
-8475
-1205
-8011
-853
3827
1311
-3656
4611
4508
-3470
-7004
-3525
2764
-377
-1781
999
830
1037
-3622
-5328
1829
6126
-1882
1292
8915
-339
-1897
891
-129
-8962
-1166
-332
-6553
-7686
-8875
1106
4062
-4605
-8885
-5266
-5281
-2447
13168
6945
9141
-6108
14685
-5876
3443
-3370
-7104
-565
-541
1076
7236
5081
9110
4913
-15743
-6774
-9320
16131
6696
5599
2397
-7559
-11507
5013
-9054
6602
-4712
-3726
-1639
1478
6279
729
1573
519
-1997
-3755
-5622
1775
-7551
10334
-17652
6173
13446
-4651
2192
-2656
1282
4
-6265
14889
-895
5600
3201
-3083
1201
10720
-11828
2617
3922
5180
3378
-6694
8826
7946
6500
-5388
-1540
4303
10919
-6636
6717
-11665
-8349
6184
1974
-7755
2346
3373
-1199
7392
12268
5912
1350
-1200
3720
-4425
3097
4990
7191
5934
1391
13999
-10407
-4558
2342
-291
14331
9805
-9682
6582
652
-2455
-6073
2473
2371
249
-1160
16815
21403
1249
-9310
-2414
-3062
2160
-17931
-5653
8109
-6629
5180
-335
5446
5695
3806
-9601
-1197
1367
-3
-2027
-8884
6134
-13408
379
1493
-3071
7248
4027
-3284
-2881
199
11792
-3432
6440
11661
2069
8338
-2523
10665
754
-3004
-2565
-3856
-1201
8711
4606
1471
6914
-3320
-13536
-12823
6940
5185
14539
1198
1152
-3034
-6772
5645
3544
-2783
1987
-5231
8599
4826
4088
2137
-912
-4167
-628
2791
1682
-9591
5117
627
83
4226
-16438
8979
2519
7176
-3067
1521
-2302
-2379
-4068
1648
7412
-5180
5400
11100
5728
9541
4110
7058
7315
-774
1782
4437
-3739
-1566
3713
-8652
-6850
2442
-4156
-12461
273
1338
4822
3689
1883
-3638
3014
-5201
-2412
-1604
4127
2399
-15290
6332
8031
2089
6247
545
483
-5751
9414
-48
6331
4495
-3535
-4148
1997
8843
1046
4359
10051
-3714
3556
4330
5090
6478
-32
2346
-1759
2633
-1540
4897
-7835
634
-2870
-120
10237
4158
5375
-3662
4132
-702
532
-4892
6623
-3545
-3333
-1748
10140
-2588
2519
3070
-146
5515
2047
-1180
-4718
1922
3199
-1602
-4656
-550
-5240
862
-1408
1756
1491
-5826
-3157
-4006
6779
-1386
802
300
3401
2255
-525
7292
1891
-7557
-6477
4170
-7392
6771
4709
3856
5254
-3071
-4981
705
87
-124
-3575
14914
2958
-620
6464
-1467
5091
-2070
-4056
850
-3574
-1803
-3290
1229
-7208
-4923
426
3661
-711
2310
-3673
1959
2788
10169
5582
-10647
-7424
-4296
-6344
-3879
2759
9095
9857
-6627
-4128
7974
3426
-4573
3027
3878
4782
-6230
10000
-8745
-6608
2262
-272
4747
-3105
522
4630
3198
-4076
12640
1787
-2222
4845
9589
-5760
3581
-1480
-2844
7947
16183
10229
3294
3772
3315
733
6095
-1704
5158
-1278
7929
-2260
463
-4540
642
-5090
-10856
-5127
11956
2769
2566
-5512
5873
-6291
99
-4444
-2104
2118
-549
4638
3422
2991
3144
-5469
-4658
-9532
-211
2770
-4016
-4876
-6512
-13499
2091
-2127
3600
463
-14004
479
4385
-5977
-5400
-5367
2228
5162
5421
-10308
238
-2199
651
3234
7497
1653
-1995
899
-5422
1650
7294
-3397
6114
3994
-9886
7864
5069
3417
1987
2001
-4046
-7013
3800
-50
6331
3034
9516
-2017
-3082
-4768
6391
358
4829
2559
9963
2706
1017
302
10470
11555
710
-72
-8742
2748
874
-1951
7253
9974
2827
-2131
9444
-2039
-11556
7318
2189
-1088
-364
1875
-5264
55
6952
12779
-1564
-6969
-5855
-2544
-6784
10971
3536
8475
-1210
2272
-516
1259
-5521
-4184
6187
7465
-3566
3970
7556
-1741
1601
-907
-5319
-4729
12054
-8193
12192
-2662
-5630
7887
9747
-2489
-2260
3118
4164
900
-5945
-10941
-16030
-198
1799
5262
1321
-3956
8150
9245
-3612
-11160
5399
-1219
-58
-4592
14708
538
6639
8951
10189
-6962
4853
-3084
7807
14586
-3040
1124
-2168
-1756
18034
-1533
77
-562
3274
-2420
-10058
6162
-870
762
-4292
12886
2204
-10150
-5909
3734
482
-4329
-3022
3797
4302
463
-10015
-1034
5054
6548
-9704
-7806
4269
-4112
-8761
11858
-4983
8026
-84
-20490
2820
-4621
-1059
-737
-2891
255
-10530
-3976
13930
2560
-3596
-3528
-5036
82
16104
-4960
6126
-2606
-16599
-796
21606
-19507
4699
-5137
-3979
-6262
-2717
-11228
4015
-9214
7837
11154
500
-13419
1106
-4116
5769
-2661
-1252
-9425
-11460
-7072
11195
-5126
-4852
2321
-7556
15636
6592
-186
-9093
1828
8335
-2868
1061
4835
2084
11962
-14948
-7153
-548
-3155
1742
-12401
-5341
-3038
-1475
-5787
-703
-7015
-3793
-2729
-12162
-8744
-15380
-4889
-6228
-8063
8402
-4888
751
-7145
-3280
2473
-12440
3600
16386
-1746
15775
-661
21780
11712
-12939
17
-5769
5310
-11797
-11394
-12059
1672
-7191
7145
8963
8768
-14799
-7650
16991
1487
7910
2334
-3718
1179
-9145
4931
-10441
2652
-6338
4986
-140
1546
-6514
11499
-5780
-5003
1221
7083
13139
1322
-6339
4444
2266
4857
-1495
15342
-4657
7793
-62
-11829
-7184
2353
4607
-2833
5407
2159
3986
12150
-1156
-1751
6837
-4009
751
-5291
19583
1674
-5002
-1154
21965
2599
4396
-712
-6361
-17738
-6993
-5979
-1752
1257
-896
8408
-2188
-5515
-10619
3233
3310
-8498
8648
-17660
-1058
10288
-1113
-15036
-2471
-3069
-11607
1372
7314
-11409
14401
15680
-7942
-3431
-363
5858
7549
-19763
-16616
2707
-12685
-5335
-4729
-3164
-3779
-4658
2880
10687
8142
-3960
-15142
3172
3515
10
6914
-13335
-1081
-1983
-4007
-4725
6509
1999
8747
7232
-4103
11895
25867
8162
-4082
5244
303
1629
11980
-3423
-992
-2667
-4543
-7046
-4069
6291
1147
-8000
11440
1633
1825
9308
-2532
-9305
-4791
-6141
3159
-1029
-6589
951
-923
-2554
281
-11327
5996
8859
-8157
-5743
-1894
-4154
2466
1724
2152
15276
1536
4158
8377
-2926
5718
2832
5278
7382
-3513
-5193
-648
720
-617
491
-5132
-4734
-1779
-4906
-5036
-8294
7095
-773
12169
-4329
-15710
-6106
3565
-1984
-1083
6537
443
-3942
4429
2597
-17981
-2728
-432
10715
4712
-5498
4446
-523
4674
-796
8981
2518
159
4342
942
-9563
-3215
-3919
-1941
1788
-169
-1449
-1196
-5095
-13031
6117
7700
10762
2182
-3077
-239
-7906
3544
-4211
-796
3978
723
-2698
1198
-155
-2758
124
3018
2473
-839
455
-9868
8516
-5824
-5579
4619
2895
-352
-7434
6887
5841
4325
2989
6581
-252
-8731
-5537
10106
-7948
-4647
2238
2224
-10856
-2016
-4349
-531
8041
-1858
6034
8916
5115
2120
2915
-14891
5424
2702
-713
2444
-8852
4078
-7423
1710
4942
-5756
-2277
-2114
779
6492
3037
-2588
4780
-5566
3779
8212
-5455
-520
7764
-3242
7110
-12495
10021
3517
7172
-9193
-4911
1335
4699
12036
-1313
-7086
761
-724
-1139
-795
5527
7140
8739
-5191
-10329
-8368
8801
6878
615
1155
11315
1322
-987
978
5006
8709
1067
5805
-10377
14034
9249
5569
-3977
7841
1073
3052
-7552
-1024
-827
4616
4151
2947
-17524
-344
-3697
1349
-346
-8531
1672
-4395
9544
-5407
-10897
-5890
-5412
7571
4780
7100
12205
-4866
-4611
-1260
-2554
-14938
-15086
1208
3062
-3339
-5577
-3639
4230
35
-110
-335
3468
-1364
-2171
-4779
-276
1641
-6508
-3734
-7219
8491
-2286
2028
1763
-9445
2486
-10508
-9089
4995
3238
293
2041
7912
-7198
1738
2887
10046
7005
-5655
4784
2213
8280
8443
-7289
-3016
7574
-18324
-13322
4356
6793
-8575
-3265
5877
-2428
7443
261
15585
-1261
10319
9606
1857
2145
-12152
-1594
8360
12540
-4703
-15016
2955
-9513
5063
23336
7170
6539
3090
-74
-917
2623
-2761
21283
-6524
12630
2235
5826
6469
2415
19622
12284
20332
8428
3813
250
-3869
5445
3648
5233
7508
-8677
8468
8858
-18770
-17758
8196
-3363
-4158
-8819
8028
8957
1320
7342
22140
7495
5720
-8365
6960
-8413
9371
3201
-1536
540
-10836
13597
6888
-8072
-3971
-1264
9619
4835
4286
-734
1803
25496
-12159
-2521
-6023
14525
7349
-1531
-1498
4320
7028
9045
-2876
-12608
-4509
-4618
12481
-6488
-4544
10404
-5731
75
-8714
-1311
-7304
-9717
796
-5440
3690
9632
590
-2110
6047
351
-7019
5534
7137
-10046
3890
-2132
-116
-2855
5311
-1229
-17008
3267
10062
-843
-14823
-7685
7131
8793
9256
194
-2143
-7598
13451
13043
-5377
11922
37
10561
-7466
6000
-1062
3076
-504
4571
2460
-4963
-9275
-1601
-583
4084
-877
-12116
1718
4932
2208
3456
4477
-13866
1671
8271
5150
-429
-3531
7168
-17086
16182
-10306
3769
-9719
-42
13456
6138
-10629
-8274
7830
3543
-4994
9485
-14621
-9075
-1318
6771
6992
-2451
-8430
4555
4176
8036
4552
-4208
3885
4315
-2766
2094
-176
4588
-12497
-4790
29350
-14373
-4638
12031
-6110
-243
1541
-471
2973
-1386
-7208
-7029
-11269
1913
3472
13009
-6321
-332
-6472
9774
6070
13561
12562
3152
-4229
6118
-12331
-5703
17093
3620
9750
2607
12703
-7712
16990
3115
2533
-7592
1662
12839
-9173
161
-2887
15648
15320
-4879
-4488
5518
-12531
3903
10143
5381
11410
7045
-14805
-5512
1587
-11153
13351
2951
-11567
-4998
4423
14915
-8703
16616
-692
-11547
-2846
-7713
1947
3014
2507
1353
-5317
-5302
2293
-6852
-4565
-1661
-7736
8909
-3615
2060
1096
10195
11490
-12804
-562
-2806
-6736
3343
-5326
-8567
-4732
7474
3345
1150
3130
-1240
5795
1724
-3971
-11432
-9251
-9180
-9910
-2519
-5158
115
7255
-1043
-7217
6446
-9346
-4460
7128
199
11427
-13294
6493
853
-4373
-10550
-7900
2317
81
7870
1389
418
1999
12003
-6466
-7164
293
11867
-264
2340
480
-9511
-7195
2719
-6861
-693
-10192
-11434
162
4281
305
3455
-6340
-10327
5145
-6485
-8618
-1504
-868
-53
-11653
-2178
7405
-12260
-2816
-1624
783
-3141
-3948
12611
2737
-78
2429
-2308
-3828
2825
-8114
-13167
5973
-10167
1374
-525
2555
-2667
-1484
-1860
-871
3411
2748
-324
-6537
7288
-4608
177
-5781
-3837
-1201
-6747
4525
11744
11727
1620
4938
-8617
6121
-741
-4309
15236
-6310
-1479
-4523
7569
-6169
-4619
5187
-226
-2492
1287
-5470
164
-1894
-11437
2991
3205
2468
274
-9769
3930
-1311
-7735
-7108
-5365
13843
-886
1439
-3717
3558
-1079
3352
-1176
3899
1232
1176
-4681
-3762
3643
-8159
-3033
-10928
-7813
-4381
-4915
-6563
-1634
6103
-7783
-1419
5448
-9449
-1722
1623
-664
2821
-892
6482
4571
4743
-3182
-680
-710
493
6852
6602
-6254
-7784
-5532
-4557
10593
-6200
-4633
-2015
-4386
-3600
3347
-8454
-11415
10400
-3674
-2977
-5934
-10862
8576
1200
42
1921
-1310
244
-225
4019
7484
867
14006
-11396
671
-2280
-6229
4813
4227
856
-326
-10759
1658
-567
-6111
-9141
1385
-5921
753
84
-11340
-1925
-2992
6844
-2622
-4919
312
-1633
205
802
3017
342
5365
8758
-4569
-10306
2721
5911
-1545
-3704
44
-1775
-5447
-14707
-615
-10966
3901
-10073
-3502
745
-6518
-7520
3284
16208
3552
-10895
-2767
-4543
-4833
-4994
3030
1719
-9732
-4607
-1814
11460
10112
11
7486
5202
-6331
-1594
9782
-14741
4318
13348
5652
11235
-7339
523
-7777
-4966
8455
-791
9257
1271
-8930
-3101
-10963
-13731
797
9221
10249
804
7142
5199
-6336
6768
16437
15104
-397
7109
992
3093
3288
8110
-14940
798
2314
9490
-63
683
14090
-1527
-12751
7500
-3179
2294
-14961
-4045
-1202
-1658
-15589
3946
9319
-25452
-7926
-1166
-17462
-349
5460
-570
10594
17031
-4480
-8444
-4134
18027
1809
881
13692
901
-322
-2505
-835
-12437
-3846
3184
-12982
9892
-7185
7043
-1054
-8901
4077
3164
5131
-12665
-9124
-431
13325
-6287
11513
-4615
-8446
-11742
6039
-5509
-6549
6375
7972
-12824
-4244
-3431
-178
-7671
-7469
11648
-912
-14816
-6509
-1301
-11608
-4652
3827
1153
-8829
-274
-946
-6449
1919
3949
-4255
604
18380
3274
6707
-1555
-6196
-8136
3707
16674
15337
14773
-6297
6616
-8134
6515
-224
-6133
-263
-315
10978
-10902
6025
-2240
-2099
-8403
-8804
9654
187
-842
-5569
4976
-2416
865
4142
-11414
-2266
12140
-3449
1004
-4398
4776
1548
-3915
39
-6073
-11746
-10933
-8778
-5668
-14940
-4922
-6571
-2789
-10379
-15047
-3475
-3705
-3497
-3441
839
3511
3440
-3533
2232
18515
5753
3576
6462
115
-4622
-3876
-6869
-13566
6076
22031
-1938
-6547
-1659
-5744
9861
-5359
2355
-2352
8675
2805
785
-85
2224
3782
-5406
7729
2785
-7606
-9960
-1746
15191
-3869
3074
15094
-362
-8813
-1183
-2634
1284
3911
16834
-5788
-12677
-9508
-367
11835
2523
5229
-9143
1201
2295
-4994
2057
8829
-8362
3627
-3830
-3316
9605
-3234
1505
-11060
-8980
-5073
4674
9104
18760
-4379
12328
-7504
5895
5770
-8293
-7343
-10901
6500
-7048
-6525
9071
329
8189
-928
-3908
-10093
-5428
5377
-6508
13541
-3008
-8510
17362
510
-5057
-9837
5736
12729
-4741
-7064
-620
-4924
8777
4568
-3381
14756
1924
5471
-5688
2758
-7234
-2767
4864
2761
-2722
10879
-4700
8045
6600
5156
-2814
-2279
-186
3977
-816
-5325
14147
3783
7979
-4006
-8169
-944
12471
-13984
-163
885
-6822
9144
-7416
696
6710
6892
9330
2711
-2142
5640
-856
-5681
9877
1227
-396
-3378
7538
2476
131
421
1359
6219
-16927
4132
2399
6488
4339
2604
-5107
-10902
-5670
-775
-289
-10533
-401
-9543
2962
8709
13876
-14340
-3250
7325
13119
9135
3851
12307
-7078
4623
8460
9284
-9690
7246
3093
5780
-16898
-178
1515
-2750
-5161
-525
-4479
3949
-9910
-5270
4126
7066
14159
1262
-4236
-16101
1123
4308
-4228
975
9706
173
9816
14773
402
-5480
10466
-2666
1495
-5366
3313
-14995
97
-1267
5703
4837
7891
6798
-8431
8305
6051
6610
5423
13545
-2474
-1174
3008
1562
-5914
-4382
-5068
-3653
-15610
-1529
-3271
340
-3170
-6647
7937
-1972
5243
12162
3916
-6206
3343
7996
-1003
3554
5651
5422
-663
-8786
-9273
2893
12206
2385
4156
3081
10167
-8811
-1618
328
2108
4836
5002
-2278
7611
7241
3960
-12362
12920
-36
2805
-17757
2021
-3806
1815
10348
4153
7070
4390
10304
2695
2905
6918
6093
5937
517
535
-2373
12775
-2928
-3982
1976
9041
17922
-1754
915
6979
4999
-2081
10331
-6551
8112
-3667
4992
-3035
9681
-1318
-9501
-12626
9927
2300
13030
7551
-3245
-7543
3081
-2934
-3183
-4469
-8222
5904
-4456
5931
1973
-370
-1024
-6583
11008
7594
178
11231
-7178
-58
5458
-5242
-11669
125
6339
-3650
-294
-3793
4918
-3089
1545
7351
7564
-1249
4845
2861
-17469
-6319
4418
-4088
-996
-4429
11063
-6406
5414
-2378
-6563
1283
-7422
-6077
9854
-9799
-1145
3426
4349
-260
6650
2963
10006
4187
-5264
9575
76
-4720
4233
4045
-1279
-4153
-12269
3194
1912
-4067
-2892
1469
14127
-3884
-2011
6569
8607
-5753
1972
1253
2195
-1413
-9400
-2531
-587
2313
-3632
-6255
-4307
-3968
-483
7049
-1873
-1240
-10606
6290
6479
4623
-741
-3214
4346
-6182
3969
205
268
-8424
-9663
-4464
-10957
238
10409
-7667
-4123
-5303
3698
-6310
-3792
2058
-7886
6238
13228
-12061
1585
527
-1830
-1385
-6655
995
-9613
-5824
18739
4022
-5565
4988
-9678
5950
1137
9163
-10397
-3810
-3786
-10683
7910
-8670
-2970
-2445
3197
-5224
-637
1215
7005
9563
-3165
-6045
2900
11500
128
-7278
-10027
-6665
6124
-7340
4292
-4927
-5675
1385
-1258
-3616
-14185
4712
-8093
-6226
-6295
7188
-1980
-16539
-4965
2488
-3707
-2628
-3682
-4042
3056
-372
1602
4021
11179
-2482
9403
-4404
-1766
-7117
-2990
6367
-7052
170
10702
-11765
-4439
-9808
-3271
10928
3397
2784
-3631
-5088
-6923
-7902
9858
4477
-1681
-9572
3359
6500
-5777
-3725
1186
-7130
-288
2276
-9081
-1097
-216
535
-4825
-11431
2634
562
-8874
1693
-5197
-5926
1256
-3803
369
-3830
-2047
-6504
-3462
2077
-16263
-1915
4169
-6879
3476
5521
-247
2929
-530
-9264
-3460
-7448
9429
-7797
1527
-6447
-341
6600
-8953
-3496
-5547
1637
-419
-410
-7953
2564
-11647
-3653
6972
-11192
-5439
2277
5913
3858
2214
-5933
-7841
1058
-4612
46
3442
-7314
277
-2989
10763
-545
-5762
-4961
-3331
2468
-6099
-815
-8500
11689
-948
1799
2406
6810
2533
-2937
10804
-2695
-6510
-360
1223
-1246
4767
22267
-744
-1445
3669
9292
-10861
2032
-4297
-9009
-1187
1142
-4958
830
-6094
761
6099
684
-4012
-566
-7698
1559
-2789
-1956
2997
-6918
-16342
-10565
371
-1120
3684
-622
5207
-3509
-9123
-11358
2047
-7873
-7948
-2587
-6809
3357
-8565
-10688
-6003
7422
-3090
1200
9783
-306
-1014
-3113
5250
-5044
8636
2714
604
4575
1694
-2634
-907
4742
3736
-8656
-4450
-6296
4852
2936
9064
1318
1971
3014
-15718
566
-3180
5268
-2003
-5857
337
-1958
-8741
-11845
3424
-6097
18235
-7620
-6089
1131
-7321
-6993
-15518
-7214
-5466
14660
-4689
-429
1117
2487
-2271
-3846
-12901
11740
6926
13574
664
5755
-14272
3669
-3482
-3099
-484
-2211
3192
-4521
4199
8730
-2200
1114
8749
1143
7268
5555
5182
-4241
-12494
9591
440
-7013
-655
-20673
-157
-9280
-8135
14322
912
2641
5566
-19904
3812
3037
-1545
-19764
12846
540
-2201
4111
-6406
-3594
-3917
-4973
4727
11010
-3069
3470
-10583
10690
-13453
-3878
407
-3200
1954
-7287
-2415
5886
14386
-2620
8860
1196
5964
-4343
4917
7070
-4227
817
-9301
8673
-116
-6661
13696
-883
-15131
1787
-4566
7244
-4650
-12092
743
3347
2243
-17220
1054
-2756
902
-7700
3692
-4981
22273
-3028
-248
-7000
-2063
11305
16152
10393
-16737
-3419
1811
1410
3293
5846
-6566
-7294
-13432
-189
-4413
-5206
-7950
-3644
-6716
1357
-8828
-11800
-19881
10036
8802
-2977
15463
-1326
1195
9040
-4598
-11638
11411
258
9752
2542
20763
-1093
-653
1037
-6304
12120
-10788
-1221
-1894
-773
-2909
-2961
13181
-5560
16913
-2991
-7145
-5305
-5811
5849
1136
-2692
-12335
-3799
-1323
3060
12106
16791
6764
10720
10988
7170
2013
-2206
2017
13953
-1743
-13499
-5075
11089
1701
-17862
-1994
10608
8287
-6283
4196
-20424
-4709
-1095
4521
1325
-6961
2721
-9703
7312
-26
-11983
-5903
6922
6484
-13328
-11810
14148
-762
-88
2501
-3545
-1196
-1614
-4986
5860
1215
1886
-1984
-9128
11830
-9683
-11640
-6538
856
-522
3047
-11560
-1364
6979
-1065
-1970
5242
-2237
-184
-6275
4116
7338
-655
