106
74
100
68
71
139
38
47
80
146
73
94
74
129
40
39
66
47
49
103
64
42
72
123
50
49
116
140
116
77
122
91
38
95
60
99
108
33
72
51
50
60
78
66
83
52
90
58
52
35
94
57
77
53
66
40
75
129
65
66
100
61
77
40
48
39
93
59
77
96
57
49
42
50
86
95
68
77
61
79
83
61
46
99
80
102
94
78
66
85
53
46
116
81
85
109
104
133
58
87
83
48
90
131
99
45
135
40
94
92
49
70
94
78
108
44
82
47
119
87
76
53
54
82
102
67
35
108
44
89
153
66
60
59
96
74
71
117
49
90
76
87
46
67
58
101
56
97
95
124
107
52
115
57
53
79
47
42
125
89
