25
0
0
32
1
52
0
20
34
16
24
0
0
0
0
0
60
51
39
6
8
25
29
0
0
15
27
16
0
24
0
0
0
0
0
0
12
0
0
0
0
19
13
0
13
0
75
11
0
0
22
0
27
0
0
15
2
12
3
0
6
26
0
0
55
0
18
19
24
7
6
0
27
0
54
1
0
0
0
22
0
0
22
0
0
0
0
0
10
9
0
0
0
0
14
0
0
11
25
0
0
0
12
0
0
0
0
0
18
0
0
0
0
32
0
0
0
0
0
0
0
0
16
0
22
0
18
9
37
0
3
1
0
0
0
10
0
0
12
25
26
12
0
0
19
0
44
22
0
17
0
26
2
0
15
0
0
0
0
0
0
20
0
0
0
0
21
0
0
22
23
0
0
0
13
0
0
0
0
0
22
0
0
0
0
34
0
0
7
0
0
0
0
0
11
0
20
0
26
17
23
3
3
2
16
0
0
13
0
0
23
27
23
2
0
0
30
0
0
26
0
31
0
22
50
0
33
0
0
0
12
0
0
2
8
0
3
0
12
0
0
17
24
0
0
0
11
0
1
0
0
0
13
0
0
0
0
0
0
0
2
0
5
0
0
0
40
0
12
3
0
15
18
0
0
0
18
4
0
16
48
0
20
27
23
34
0
1
27
0
28
0
0
20
0
18
0
0
25
0
0
0
0
2
44
31
10
0
0
53
31
11
0
0
16
0
0
0
0
0
0
0
0
0
13
0
0
0
0
48
0
0
0
0
29
0
0
0
0
0
30
0
5
15
35
0
11
0
17
2
0
11
6
0
7
5
12
0
0
0
34
0
23
0
0
24
6
13
23
0
40
0
0
0
0
0
40
0
25
0
0
44
14
2
0
0
24
0
0
25
0
0
1
0
0
0
2
0
0
0
7
23
0
0
0
0
43
0
0
0
27
0
29
0
0
17
48
0
0
0
10
8
0
13
46
0
0
18
31
31
0
2
20
0
0
24
0
28
0
21
31
0
22
0
0
0
19
0
0
19
5
0
1
0
18
0
0
19
20
0
0
0
17
0
0
0
0
0
17
0
0
0
0
7
0
0
3
0
0
0
0
0
25
0
10
5
8
25
16
0
0
2
27
2
0
19
25
0
24
20
13
15
0
0
10
0
4
21
0
21
0
21
13
0
13
0
0
0
0
0
0
22
0
0
4
0
20
0
0
21
18
0
0
0
8
0
0
0
0
0
24
0
0
0
0
19
1
0
12
0
0
7
0
0
8
0
8
0
11
14
1
2
8
0
18
5
0
7
1
0
35
11
5
0
0
0
26
0
20
17
0
15
0
28
3
0
17
0
0
0
0
0
12
18
3
0
7
0
19
0
0
21
26
0
0
0
10
0
5
0
0
0
21
0
0
0
0
23
0
0
0
0
1
2
0
0
26
0
11
0
2
5
7
0
0
0
0
9
0
4
16
0
26
22
19
12
0
0
27
9
0
3
7
24
34
0
48
3
26
5
8
0
35
14
14
22
44
0
4
32
11
4
0
6
0
15
0
22
7
0
9
0
0
0
0
0
0
6
14
0
5
11
0
0
6
0
0
11
19
0
0
15
0
12
0
8
1
0
25
23
6
0
42
0
0
0
14
0
6
3
33
0
0
3
0
32
5
1
45
0
40
0
0
0
1
0
32
15
37
0
0
49
13
0
10
0
27
0
0
9
0
0
0
0
4
0
0
0
0
0
15
17
0
0
0
0
3
0
0
0
33
0
31
2
0
17
32
0
0
0
11
9
0
4
49
0
0
20
32
10
0
3
13
0
0
20
0
33
0
22
41
2
32
0
0
0
1
0
17
12
12
0
0
16
10
0
0
10
28
0
0
0
13
0
7
0
1
0
8
0
0
0
6
11
0
0
0
0
0
2
0
0
36
0
12
1
0
13
19
0
0
0
0
6
0
8
47
0
5
26
27
33
0
0
11
0
28
16
1
16
0
23
0
2
11
0
0
0
0
0
1
21
0
0
6
2
18
0
0
19
19
0
0
0
12
0
2
0
0
0
23
0
0
0
0
31
0
0
0
0
0
8
1
0
7
0
6
0
10
9
0
3
12
0
0
5
0
3
0
0
28
10
7
0
0
0
29
0
69
0
0
18
0
25
0
0
23
0
0
0
0
0
32
23
7
0
0
25
31
0
0
0
21
0
0
0
0
0
0
0
0
0
11
0
0
0
0
51
0
0
0
0
0
0
0
0
0
0
34
0
13
26
52
2
11
10
21
0
0
13
10
0
6
14
22
0
0
0
32
0
0
17
0
49
0
0
43
0
28
0
0
0
5
4
69
71
58
0
1
57
36
0
8
3
18
5
0
5
0
0
0
0
1
0
0
0
0
0
10
23
3
0
0
0
18
0
0
0
18
0
40
0
0
14
11
9
15
0
12
15
0
0
39
0
0
12
30
0
1
0
19
0
0
8
0
15
0
7
40
4
23
0
0
0
17
0
0
10
25
0
5
16
9
0
0
7
17
0
0
11
10
1
10
1
0
0
5
0
0
0
21
0
0
4
0
0
0
4
0
1
42
0
9
14
0
9
20
0
0
0
8
11
6
5
31
0
1
21
13
26
0
10
11
10
0
10
18
16
4
4
21
24
8
2
0
0
18
0
0
32
38
0
21
29
21
0
1
11
0
0
0
17
8
3
11
0
2
6
12
0
0
3
24
0
0
35
0
8
0
20
8
4
24
0
0
14
0
6
0
20
4
5
3
21
12
0
8
0
7
0
0
2
0
11
32
0
23
0
4
0
0
11
3
0
17
0
0
0
0
0
11
22
6
0
5
0
11
0
0
17
24
0
0
16
15
0
2
0
0
0
16
0
0
0
7
12
0
0
3
0
20
0
0
0
26
0
26
0
6
3
24
1
0
0
0
8
2
3
0
0
18
24
24
8
0
0
