4509
0
-8213
-6226
-32
1292
-396
-3009
1262
32
-2870
0
0
0
475
0
1100
-3170
-357
-432
-179
3615
-131
254
0
-1784
2286
432
0
2176
1660
0
45
0
0
0
-1553
0
0
0
-889
-2458
455
0
1177
0
-8231
-803
0
0
-1834
0
-920
-160
226
-5610
1391
336
-108
-1
-637
-1044
0
-1900
2613
0
-4386
2670
816
329
-270
-156
1531
0
-674
-2692
-85
-9407
-24
-4966
1475
-192
-3603
0
0
0
-2413
0
4520
-3617
-4037
-228
-136
342
-1841
-124
0
-4864
1228
-560
0
1004
1144
0
63
0
0
0
-2167
0
0
0
70
-4806
383
0
871
0
-6663
-245
0
0
-840
0
-2707
180
285
-5911
229
-1380
1085
-155
-7
-2229
0
-1925
-12255
0
-7409
-2019
-2601
1247
96
182
1334
0
-1964
-5202
0
-3058
0
-6805
-561
0
-4648
0
0
0
1563
0
144
-4079
-494
0
-924
0
-652
0
0
-5210
2480
0
0
0
-1659
0
-324
0
0
0
-2740
0
0
0
0
-4088
-127
0
1455
0
-627
-833
0
0
-2046
0
-2161
-551
-464
-3656
-982
250
-433
-120
582
-1604
0
-1074
-3397
0
-7288
-2061
-1303
4633
0
109
3429
-1098
-8428
-2336
-399
-4032
3944
-3991
2113
-225
-3135
-275
-56
0
23
-1802
-1208
-1671
385
0
-303
-6295
-385
-493
0
-3993
-1388
-150
0
2794
-2308
0
-439
0
0
0
-1028
0
0
-186
-1008
105
-479
-187
272
0
-4039
-288
0
1397
-1632
0
-523
-837
113
-3722
3908
-688
-994
-64
-225
-3415
378
-1014
1907
0
-2090
-3822
-540
-1476
-678
213
2471
-639
2100
2694
889
-5203
-2244
-2886
1639
381
-1865
-330
1016
0
-4289
-1640
2410
-4949
-974
0
228
7051
325
1113
0
-1141
-1376
-45
0
352
-1657
0
747
0
0
0
-618
0
0
-150
-1778
-4278
-635
374
-12
0
-2526
-20
0
-110
1121
0
-2322
345
160
-3069
1470
664
-140
0
827
-712
216
-1611
-7114
0
277
-5826
-1793
1240
588
-120
1878
0
6017
-5840
-65
674
-576
-2396
-1977
-774
-6390
0
0
0
297
0
-690
-6993
-1444
378
-431
4594
-2602
110
310
-4212
1274
-304
0
1874
2863
0
-524
0
53
0
-1210
0
0
0
-2407
-6761
273
0
-1738
0
2448
-873
0
0
-1324
0
2167
-595
1434
-6153
4544
-1524
-387
-1
1825
-1831
0
1020
2738
0
-5286
3894
-2542
4089
-582
-198
-974
0
8264
-589
-71
-11123
-98
-4469
-1432
-328
-8106
0
0
0
-1407
0
4867
-5383
813
576
-739
938
-2461
18
670
-7347
-2253
2032
0
152
1205
0
202
0
-183
0
-1774
0
0
0
-339
-7013
994
0
-985
0
234
-1827
100
0
-1633
0
589
-627
405
-4043
-6307
-70
1155
-306
-592
-271
0
-1071
-17171
0
-9956
-4094
-9545
-1926
-180
501
-459
0
6638
-494
127
-5827
0
-6910
-4664
196
-9485
0
0
0
-128
0
2640
-6707
-506
0
-826
-2567
-3308
0
0
-9471
-1020
0
0
0
-1473
0
788
0
-47
0
-692
0
0
0
60
-6952
35
0
-127
0
-95
-1657
-56
0
2480
0
442
-197
-2679
-4788
-12232
-94
341
-43
-3158
-1367
0
-2896
-7075
0
-7291
-4916
-7402
3961
0
105
1387
-792
481
-1557
219
-5206
4318
-4720
-3760
-124
-9238
635
616
0
344
-998
-215
-4149
311
0
-520
-7613
-5640
759
1016
-4490
-2642
-1655
0
1999
-1958
0
270
0
33
0
1195
0
0
-132
-2344
-1356
-124
-33
-606
0
-2569
-226
5
-495
-4187
0
-699
-1728
-163
-4826
-3263
-253
306
-384
-2042
-4766
-522
-3082
1069
0
-593
-4782
-2960
-816
-635
200
2125
-1143
3728
1858
-224
-6600
-1394
-2893
-3110
6
-2956
-390
-416
0
-3576
344
3809
-13952
-580
0
177
4671
-4752
187
248
-1492
-3340
390
0
1708
-2112
0
-212
0
5
0
2398
0
0
42
-1410
-4801
-206
-528
-80
0
127
0
0
539
-2620
0
2551
-1458
341
-1205
-9181
721
-3833
830
-724
-1076
-762
-2334
-7260
0
1071
-7711
-4040
-1580
-172
124
-2183
0
2691
1644
0
1681
-205
-427
-4748
-344
-5859
0
0
0
-328
0
-1254
-421
-544
0
-320
3871
-866
-6
-740
-2481
1057
0
0
1938
2581
-67
-438
-124
-271
0
-697
0
0
0
-2001
-5099
0
-68
-144
0
2796
-394
0
127
-1055
0
2181
-543
392
-2884
1879
0
0
-126
-3643
-2424
378
1592
2552
0
-2663
4336
-4633
5086
0
450
1930
-1220
322
-4268
-1002
-5029
405
-551
-3116
-1332
-6217
-110
0
0
-2584
0
730
-3529
1271
0
-2215
785
-3477
64
-183
-6977
-4224
0
0
2149
1821
-277
-547
110
-182
372
-2007
0
0
-93
-3891
-1172
-36
-459
-957
48
1352
-2053
725
498
-2670
0
86
102
1013
-3241
-5094
-176
124
68
-3574
-3610
972
-1666
-9647
0
-8220
-3086
-6672
-3834
0
417
-293
-710
-2856
1315
2026
-8054
-264
-1920
-2250
2912
-7858
-132
0
0
-1822
0
-1690
-7901
-1854
0
-293
-627
-3294
0
31
-7751
-354
0
0
2788
-2918
-355
1741
-11
-43
-762
-1301
0
0
-75
-3108
-7864
21
1062
-1416
712
-2539
-3245
-414
-143
2356
0
58
508
112
-1993
-1954
1549
-1706
151
-237
-2206
420
-2058
-12131
0
-6217
-3869
-5221
2866
0
52
1540
-1131
1614
2921
1096
-5123
-458
-1411
-8119
-579
-6486
313
-760
0
52
1478
-2931
-5997
-1013
0
645
-531
-557
292
1019
-6171
-3044
-1045
0
1050
-1365
-381
2380
0
-221
-426
2269
0
0
327
-367
-5578
-48
-2517
-240
-48
-3565
-626
-2
-1325
-92
0
959
334
-344
-2200
5730
-2807
393
-855
-2017
-2775
18
-1480
625
0
-246
-2877
-6056
-562
-849
1316
-2084
-612
-2102
-234
-251
-2838
0
-1286
-2390
-117
-1726
-130
-992
0
-1860
-522
1989
-10466
-2185
0
188
8017
-1652
-12
-592
-1172
-3072
-150
0
964
-1639
0
641
0
-36
0
2877
0
0
180
684
855
210
-33
42
0
-1897
-80
0
-396
-3360
0
-4054
885
-42
-2095
-5863
-1133
433
-320
-635
-539
338
-1805
-1939
0
632
-6136
-4165
0
-627
-381
-1163
-880
2464
-878
397
-2516
513
-60
-6286
-504
-3060
254
0
0
-910
0
184
-1707
3239
0
-2402
716
-764
0
-461
-4003
-4055
0
0
1814
1385
83
760
82
87
396
-1063
0
0
-66
-2733
-1332
0
-297
0
-1016
105
-2698
-727
-131
-6035
0
1249
-3167
490
-55
-1155
533
-156
155
350
-1955
-1806
-184
-4978
0
-3349
-1187
-5659
-1370
0
1589
-1334
-1270
7094
56
-545
-4364
-164
21
-1926
-132
-6280
-156
0
0
-1095
0
-1480
-5159
137
0
-1026
4069
-2733
0
-74
-4258
-2548
0
0
2206
-17
-7
-179
-93
-5
180
-186
0
0
21
-251
-5730
0
-1708
-87
-520
-2000
-2124
324
243
-3732
0
1685
-2467
781
-100
1158
115
-1569
-1265
-2613
-1639
-1836
-541
-8973
0
-3858
-3153
-8326
-982
0
1338
-2897
1230
12642
4487
-1672
-1766
-52
-150
-4705
-342
-4369
-66
0
0
49
484
-3734
-6734
1779
0
626
526
-5739
0
-55
-1714
-3525
-170
0
1056
-2534
-255
147
0
-118
-342
2499
0
0
354
1896
-5786
-108
-245
219
-664
-1122
-320
-274
188
1306
0
3416
-910
-235
-510
1213
-3098
-163
580
-2349
-1515
-530
-98
688
0
436
702
-6001
-140
-127
1254
