0
233
0
210
0
0
-9202
0
0
-381
-635
-2429
0
357
-31
-1204
106
-592
0
0
1479
0
284
149
1368
974
-9462
0
0
0
0
-381
0
-2423
0
0
0
-6599
0
-247
0
0
0
127
727
0
-92
0
0
-4362
0
0
212
0
-5497
1651
225
646
0
-2735
0
-178
562
52
0
0
0
0
0
78
0
63
1508
-484
1438
-2387
2798
12
949
0
-339
2752
138
5032
0
0
-5872
0
0
-1303
1120
0
0
0
-429
0
0
58
0
210
0
0
-7844
0
0
-342
-230
668
0
-75
225
-1584
2020
-248
0
0
1007
0
-476
381
532
-1692
-7149
0
0
0
0
123
0
-424
0
0
0
-6185
0
-650
0
0
0
127
616
0
-230
0
0
-4032
0
0
-656
0
-2847
728
-4058
1530
0
-1199
0
-64
-762
-256
0
0
0
0
0
9
0
-62
2141
264
1495
-3364
1041
0
-534
0
-138
3014
36
3233
0
0
-3302
0
0
-2478
780
0
0
0
-546
0
0
0
0
0
0
0
-1856
0
0
0
0
-1664
0
0
564
-477
-225
0
0
0
240
0
213
0
0
469
-5207
0
0
0
0
0
0
105
0
0
0
484
0
0
0
0
0
0
282
0
-2673
0
0
0
0
0
100
0
-165
0
168
0
0
323
0
0
304
-10
0
0
0
0
0
0
0
0
612
0
104
-792
407
-254
1743
0
0
3434
0
216
0
0
-510
0
0
60
0
0
0
0
0
0
0
0
0
185
0
0
-7038
0
0
0
0
-3335
0
168
548
-2649
235
0
0
0
629
0
-357
0
-3683
-511
-2418
0
0
0
0
0
0
-3615
0
0
0
-6040
0
260
0
0
0
109
858
0
1782
0
0
-4910
0
0
-2015
0
-1955
71
2089
0
0
-3451
0
0
-355
-160
0
0
0
0
0
0
0
0
1634
-2912
2333
-1549
3110
-510
-1200
0
0
-5937
0
2898
0
0
-8169
0
0
-2239
-762
0
0
0
1296
0
0
0
0
68
0
0
-2628
0
0
0
0
312
0
0
-219
-2236
1716
0
0
0
167
0
0
0
0
-516
1748
0
0
0
0
0
0
0
0
0
0
-7272
0
0
0
0
0
0
300
0
0
0
0
-2158
0
0
0
0
-687
0
-171
0
0
-3300
0
0
0
0
0
0
0
0
0
0
0
0
-266
0
-418
-3379
322
0
-800
0
0
-5832
0
-2560
0
0
-1050
0
0
44
-1224
0
0
0
0
0
0
-27
0
126
0
0
-1974
0
0
0
0
-2653
0
174
-135
-1109
446
-136
0
0
1455
0
0
91
-1677
386
-5420
0
0
0
0
-108
0
-726
0
0
0
1391
0
-1651
0
0
0
85
203
0
138
0
0
-5886
0
0
-416
0
216
-663
-1957
-476
0
459
0
-104
-36
-127
0
0
0
0
0
-120
0
64
1916
-1122
-2940
-4051
1967
-306
-3616
0
-45
3308
0
2855
0
0
-416
0
0
-804
0
0
0
0
-1443
0
0
408
0
200
0
0
-1460
0
0
-354
0
869
80
-120
506
-1464
965
-352
0
0
486
0
508
95
-1340
-419
-4952
0
0
0
0
3
0
-2396
0
0
0
-2324
0
-1144
0
0
0
69
1030
0
1748
0
0
-1650
0
0
-1886
0
0
-1456
-1351
-1938
0
-184
0
-226
85
-2
0
0
0
0
0
-85
0
3
3565
-3360
1078
-1439
1243
0
-1760
0
45
1290
0
-1088
0
0
-6182
0
0
-1944
113
0
0
0
-1058
0
0
1428
-216
-2
0
0
-3328
84
0
164
0
-3873
0
0
-129
-1692
-918
-740
0
0
947
0
489
0
900
1059
-3588
0
0
76
0
-508
0
-2164
0
0
-68
-763
0
0
0
0
0
0
1528
0
-3283
0
0
-900
0
0
411
-378
-3683
0
2384
456
0
-3196
0
-178
516
640
42
0
0
0
0
0
0
126
500
-352
144
-935
2183
-442
708
100
0
-3194
0
364
0
0
-3637
0
0
-450
0
0
0
0
-264
0
0
798
-304
368
0
0
-5158
186
0
-245
0
-35
63
-210
956
-2465
1894
-310
0
0
1023
0
-73
34
-100
-1164
-10201
0
0
106
0
164
0
-1037
0
0
-254
-5996
0
0
0
0
0
127
1382
0
-3097
0
0
-4411
0
0
-977
159
-2435
0
-4194
1080
0
-1239
0
-445
-128
218
106
0
0
0
0
0
0
-124
2811
-2221
1661
-1444
1574
658
328
485
0
2328
0
4034
0
0
-4761
0
0
-2182
112
0
0
0
-124
0
0
2489
0
40
0
0
-3410
0
0
-723
0
-4385
-84
1382
-81
-1789
-1655
0
0
0
304
0
-476
151
-1281
-473
-5071
0
0
0
0
0
0
-332
0
0
-102
3096
0
-38
0
0
108
0
705
0
-2705
0
120
-7939
0
0
-390
-1260
-3754
1778
3696
114
0
-908
0
204
-548
-44
378
0
0
0
0
0
0
0
1808
-3543
914
-2817
1049
-1270
158
0
0
2013
0
2163
0
0
-3148
0
0
-737
78
0
0
438
261
0
0
0
0
31
0
0
-1554
0
0
0
0
-1372
0
0
-1116
-1521
1812
0
0
0
577
0
0
0
0
200
2899
0
0
0
0
0
0
0
0
0
0
-9192
0
0
0
0
0
172
699
0
0
0
0
-6746
0
0
0
0
-1320
0
-2007
0
0
-2005
0
0
0
0
0
0
0
0
0
0
0
0
1428
0
-3351
-2785
600
0
-5388
0
0
-2681
0
594
0
0
-2734
0
0
-1306
-396
0
0
0
0
0
0
121
0
-85
0
0
-132
0
0
0
0
1234
0
0
-234
-796
1398
424
0
0
819
0
0
0
-1397
-117
-3790
0
0
0
0
164
0
-2667
0
0
0
-4938
0
0
0
0
0
0
1005
0
1444
0
0
-2990
0
0
-522
0
-125
0
-1104
0
0
-15
0
0
0
-12
0
0
0
0
0
0
0
0
3546
-224
-925
-3898
2356
-168
-1872
0
-508
4485
0
2308
0
0
-3381
0
0
-2870
-762
0
0
0
0
0
0
0
0
186
0
0
-6224
0
0
0
0
-1761
0
-735
1402
-903
425
0
0
0
381
0
0
0
-1740
248
-1624
0
0
0
0
0
0
120
0
0
0
-4958
0
316
0
0
0
109
380
0
-2673
0
0
-2310
0
0
400
0
-1772
116
2144
0
0
-1836
0
0
684
0
0
0
0
0
0
0
0
0
267
-3302
-48
-288
844
-1270
1758
0
0
-2465
0
1420
0
0
-3276
0
0
-182
0
0
0
0
1272
0
366
772
-150
26
-762
0
-1126
-158
0
-307
0
-913
0
672
-368
-1573
1562
1420
86
0
2153
0
731
68
-4852
830
-5785
0
0
-176
46
102
0
-3000
-565
0
70
-2150
0
413
0
0
210
0
2871
0
-1269
0
0
-2694
0
-107
-2583
-120
-100
32
-5127
768
0
349
0
-739
-987
-1257
-78
0
0
0
0
0
126
-94
3053
-4072
-846
-2070
4249
-1028
-5437
290
-80
5791
0
613
0
0
-5648
0
0
-3289
336
0
0
0
276
0
0
921
128
-68
0
0
-1954
69
0
-42
0
3
0
0
-518
-1628
952
-440
0
0
975
0
-833
254
60
-1926
-37
0
0
-86
0
4
0
-1705
0
0
108
-5848
0
0
0
0
0
109
575
0
-950
0
0
-2517
0
127
-1397
156
-1322
0
2816
-1368
0
-2443
0
216
-381
-1116
-1
0
0
0
0
0
0
6
2036
-896
-1570
98
1282
-56
-2188
-90
-52
-3346
0
1258
0
0
-4887
0
0
-1907
234
0
0
0
-784
0
0
720
0
-6
0
0
-1036
0
0
0
0
-3089
0
-560
-1491
-1275
-1895
0
0
0
40
0
0
204
36
110
37
0
0
0
0
0
0
0
0
0
162
1131
0
-176
0
0
160
37
174
0
0
0
171
-5258
0
0
0
520
-941
-1568
5252
-342
0
-1588
0
0
-78
0
-9
0
0
0
0
0
0
0
1207
-1008
-1540
-2723
492
0
-1836
0
0
-3224
0
-230
0
0
-2728
0
0
-162
0
0
0
-576
-686
0
0
1321
0
54
0
0
-6419
0
0
0
0
-1210
0
1190
-2114
-2622
867
0
0
0
909
0
0
95
-423
-34
-2819
0
0
0
0
0
0
-2794
0
0
0
-4695
0
-19
0
0
0
139
430
0
1748
0
0
-10416
0
0
-348
-126
-3973
381
-550
0
0
-2694
0
0
34
-2
0
0
0
0
0
0
0
0
1934
-572
-564
-8173
2522
-336
-3370
0
0
2065
0
2656
0
0
-4348
0
0
-1792
0
0
0
219
-198
0
1582
1737
0
0
-8128
0
-4638
0
63
0
-1270
-511
0
-250
4763
-1294
2106
-403
3443
0
2630
3105
0
1140
67
-90
701
10414
0
0
4650
0
0
-1020
5016
1001
0
-5763
3075
2311
114
27
-1500
0
333
-4572
-844
246
3810
-15927
2261
0
44
-4707
-6515
168
-1181
5511
0
-2919
-84
-127
912
68
0
0
590
0
0
196
-4536
0
-133
-958
-436
-4148
3447
-9779
-552
254
-2052
-854
0
-3577
0
0
-4364
238
2146
-88
0
0
11
3398
297
0
616
5334
0
0
-6985
0
-3404
0
0
0
-460
-12
0
889
1700
-270
957
670
1053
0
1200
-3429
0
3556
21
-40
825
3690
0
0
100
0
0
-3384
-6612
767
0
-2446
2600
3153
-127
45
-3350
0
111
-864
2355
0
2400
-3848
1007
0
-1330
5080
-3455
78
848
2208
0
-2159
-254
68
-1047
0
0
0
-65
0
0
200
5832
0
94
-520
1540
78
4260
1945
-1087
0
-936
-854
0
111
0
0
-4856
-259
2997
-88
0
0
70
-580
-4
0
0
170
0
0
0
0
-3480
0
0
0
0
-2288
0
-1050
1974
-371
-425
0
0
0
192
0
0
0
-960
0
-3556
0
0
0
0
0
0
0
0
0
0
2112
0
79
0
0
0
0
0
0
0
0
0
-6096
0
0
0
-119
-405
348
896
0
0
285
0
0
0
0
0
0
0
0
0
0
0
0
663
-3302
184
-2992
222
0
2158
0
0
0
0
1890
0
0
-780
0
0
0
0
0
0
381
636
0
0
0
0
-168
0
0
-3258
0
0
0
0
-849
0
833
-1814
-930
-333
0
0
0
141
0
0
0
1305
236
1008
0
0
0
0
0
0
120
0
0
0
-1930
0
-76
0
0
0
63
244
0
-3429
0
0
-3864
0
0
920
0
-2481
127
242
0
0
-1411
0
0
261
0
0
0
0
0
0
0
0
0
1348
-572
-1812
-3125
810
-240
-3650
0
0
-296
0
3538
0
0
-2082
0
0
-828
0
0
0
0
-396
0
0
0
0
126
0
0
-7135
0
0
0
0
-2436
0
-175
-107
-1451
673
0
0
0
144
0
0
0
812
-170
-5844
0
0
0
0
0
0
-528
0
0
0
638
0
-200
0
0
0
85
180
0
-594
0
0
-5334
0
0
-1640
0
-2715
56
-476
0
0
-1258
0
0
-576
0
0
0
0
0
0
0
0
0
753
312
-372
-3607
634
760
1126
0
0
1968
0
1485
0
0
-1299
0
0
140
0
0
0
0
-504
0
0
114
0
-66
0
0
-1140
0
0
159
-215
-1510
0
0
-271
-2971
1857
-826
0
0
1671
0
0
0
1191
121
-5458
0
0
68
0
0
0
-2577
0
0
0
-4976
0
0
0
0
0
775
2018
0
1385
0
0
-11382
0
0
-273
0
-2507
0
-2025
0
0
-1847
0
-66
0
538
0
0
0
0
0
0
0
0
3651
-1016
-1545
-5200
1767
0
-3094
0
0
583
0
3280
0
0
-5891
0
0
-1843
0
0
0
0
-115
0
0
19
0
20
0
0
-5662
0
0
-354
-530
613
0
381
46
-1507
1467
-614
0
0
2937
0
508
285
981
-779
-6366
0
0
0
0
222
0
-2311
0
0
0
-1611
0
-780
0
0
0
345
1105
0
1648
0
0
-1369
0
0
-312
0
-3507
1014
-325
2159
0
-1683
0
-132
102
-112
0
0
0
0
0
20
0
-38
2353
-416
958
-57
2113
0
-1351
0
-306
3803
100
49
0
0
-6278
0
0
-2884
1130
0
0
0
-299
0
0
0
0
0
0
0
-1856
0
0
0
0
-1664
0
0
564
-477
-225
0
0
0
240
0
213
0
0
469
-5207
0
0
0
0
0
0
105
0
0
0
484
0
0
0
0
0
0
282
0
-2673
0
0
0
0
0
100
0
-165
0
168
0
0
323
0
0
304
-10
0
0
0
0
0
0
0
0
612
0
104
-792
407
-254
1743
0
0
3434
0
216
0
0
-510
0
0
60
0
0
0
0
0
0
0
170
0
0
0
0
-3221
0
0
0
0
-2996
0
-644
-185
-623
-381
0
0
0
192
0
0
0
-2352
136
-3181
0
0
0
0
0
0
1056
0
0
0
1932
0
-429
0
0
0
0
90
0
-675
0
0
-6096
0
0
-120
-119
-130
297
-742
0
0
421
0
0
450
0
0
0
0
0
0
0
0
0
861
-4628
-1836
-3199
1518
-700
-1190
0
0
-21
0
1509
0
0
78
0
0
-128
0
0
0
381
-696
0
0
635
0
0
0
0
-2428
0
0
0
0
606
0
1457
-544
-1208
1080
0
0
0
192
0
0
0
924
-252
-1054
0
0
0
0
0
0
-3984
0
0
0
-4476
0
-505
0
0
0
0
107
0
1755
0
0
-1776
0
0
-3320
127
-3185
62
-698
0
0
-2481
0
0
243
0
0
0
0
0
0
0
0
0
2348
-2808
-900
-867
3528
-50
-3472
0
0
-833
0
-1602
0
0
-9565
0
0
-380
0
0
0
-60
-1248
0
0
18
0
0
0
0
-1472
0
0
192
-340
246
0
0
-861
-765
1438
-770
0
0
917
0
276
0
-1955
18
1717
0
0
-132
0
0
0
-3475
0
0
0
-2313
0
0
0
0
0
126
1348
0
2715
0
0
-2116
0
0
-839
0
-1325
0
-522
0
0
-2127
0
-93
212
-676
0
0
0
0
0
0
0
0
840
-775
-2836
-1126
2316
4
-3489
0
0
-3664
0
748
0
0
-2964
0
0
-1590
0
0
0
0
-635
0
0
0
0
0
0
0
-1696
0
0
0
0
64
0
0
270
63
594
0
0
0
385
0
381
0
0
119
-4674
0
0
0
0
0
0
-2667
0
0
0
-1397
0
0
0
0
0
0
762
0
2052
0
0
0
0
0
-435
0
-88
0
-666
0
0
136
0
0
68
-10
0
0
0
0
0
0
0
0
744
0
1235
27
1397
-112
840
0
0
4318
0
464
0
0
-2040
0
0
-1905
0
0
0
0
0
0
0
1880
0
126
-104
0
-5196
0
0
0
0
-6274
0
1270
-905
-1904
-1532
-888
264
0
756
0
0
48
1722
684
-4709
0
0
0
0
0
0
50
0
0
-136
-2632
0
-98
0
0
0
85
257
0
-1524
305
0
-13974
0
0
0
-436
-6119
234
6056
456
0
-2602
0
0
0
155
294
0
0
0
0
0
-762
0
700
-484
82
-3255
1220
0
742
260
0
890
-381
4327
0
0
-4678
0
0
-90
0
0
0
332
-435
0
0
1278
-85
59
-74
0
-4232
0
0
0
0
-122
0
770
-808
-3639
1601
-520
-576
0
808
0
551
592
-2216
-293
-5757
0
0
0
0
-381
0
-1053
0
0
-508
-3563
0
-570
0
0
0
69
726
0
-6772
365
0
-4123
0
0
-442
-166
-5416
827
-3021
1878
0
-2187
0
-737
421
176
742
0
0
0
0
0
18
0
2771
-3737
-2116
-4703
2767
-3036
-4137
1261
0
904
-345
-4272
0
0
-5370
0
0
-887
0
0
0
-190
-2046
0
0
2274
-13
130
0
0
-7035
96
0
-1524
-5588
-3888
-68
67
-355
-3805
1908
-1519
0
0
3367
0
-629
200
1026
351
-8731
0
0
576
0
123
0
-6099
0
0
-126
-4441
0
-500
279
0
0
418
2648
0
-973
0
0
-7956
0
-57
-3501
159
-7436
392
-1859
3171
254
-4138
0
76
-1155
-431
240
-153
0
0
0
156
0
0
3190
-1092
180
-4707
5139
1108
-4229
0
-1440
1620
1794
4005
0
318
-9054
0
0
-3825
2464
0
0
0
-601
0
0
57
0
444
0
0
-4300
0
0
-1156
-2110
-741
58
0
508
-3703
1382
-682
0
0
1254
0
765
524
56
-2220
-5887
0
0
516
0
0
0
-1745
0
0
0
71
0
0
-249
0
0
753
1450
0
-805
0
0
-756
0
73
-64
0
-1847
0
-826
1260
-246
-2536
0
0
781
110
0
-36
0
0
0
18
0
0
1575
96
-63
-3713
2375
-254
239
0
-936
-3058
468
-956
0
-12
-1558
0
0
-2247
408
0
0
0
0
0
0
0
0
0
0
0
-1568
0
0
0
0
-1600
0
0
-246
-1746
-810
0
0
0
280
0
-210
0
0
-504
-1189
0
0
0
0
0
0
-462
0
0
0
396
0
0
0
0
0
0
630
0
-3699
0
0
0
0
0
-45
0
-1166
0
240
0
0
-1598
0
0
-392
-5
0
0
0
0
0
0
0
0
1260
0
663
-738
1177
2
-1932
0
0
-4522
0
4
0
0
-2363
0
0
-1605
0
0
0
0
0
0
0
-116
0
0
-94
0
-3640
0
0
0
0
-2634
0
-500
-1294
-789
1031
-204
66
0
1287
0
0
120
-2944
340
-2169
0
0
0
0
0
0
440
0
0
305
-1798
0
-166
0
0
-120
0
180
0
-300
525
381
-11578
0
0
0
-1454
-127
1438
-4044
-177
0
373
0
0
228
-290
-168
0
0
0
0
0
228
0
1745
-4214
-5068
-6209
1590
0
-3913
-429
0
-42
141
2304
0
0
-1076
0
0
-224
0
0
0
1072
-1019
0
0
2707
0
13
-30
0
-1305
0
0
0
0
-1152
0
1250
-1604
-1640
-774
-562
-126
0
1110
0
355
916
-1566
-9
-943
0
0
0
0
-108
0
597
0
0
63
-1371
0
-1272
0
0
-268
0
520
0
-4264
280
240
-3082
0
0
92
1358
-870
91
-1458
-1884
0
-1574
0
-208
85
-275
1136
0
0
0
0
0
312
0
2381
-3392
-2084
-2101
2175
-748
-6209
-234
0
-4177
153
-2767
0
0
-3678
0
0
-781
0
0
0
-312
-2198
0
0
541
0
29
-64
0
-2970
0
176
-1860
-1905
-1866
86
-256
-407
-2548
1931
1073
1442
-56
2144
0
-501
360
-8198
851
-887
0
0
144
0
372
0
-3706
0
281
97
-1708
0
1512
225
0
210
666
1872
0
-1454
581
0
-6608
0
-47
-5505
37
-1164
-287
-2786
-1498
82
-1299
-42
-443
-421
-699
453
0
0
508
-42
-240
18
-337
2631
-9824
-4056
-4982
4967
-254
-4807
80
-2164
-2358
1480
232
0
0
-8104
170
0
-806
0
0
0
0
2493
0
0
517
0
-1524
-55
0
-2008
0
379
-195
-2976
1102
-169
0
90
-2043
1821
-16
436
22
784
0
468
1253
60
-2599
-520
0
180
129
0
0
0
-3434
0
1548
0
-497
2100
-1209
-226
0
0
-9
1105
0
1699
3646
0
-1435
-1540
-413
-639
127
-1262
0
-980
-1126
708
-1234
-555
-2044
-162
-1304
127
-720
0
-808
133
170
0
-1185
3505
-2060
-806
-1541
3866
0
-3353
2216
-6434
721
252
152
-1524
0
-6093
3565
3048
-2540
-1008
0
0
0
221
735
0
170
0
0
0
0
-3480
0
0
0
0
-2288
0
-1050
1974
-371
-425
0
0
0
192
0
0
0
-960
0
-3556
0
0
0
0
0
0
0
0
0
0
2112
0
79
0
0
0
0
0
0
0
0
0
-6096
0
0
0
-119
-405
348
896
0
0
285
0
0
0
0
0
0
0
0
0
0
0
0
663
-3302
184
-2992
222
0
2158
0
0
0
0
1890
0
0
-780
0
0
0
0
0
0
381
636
0
