4
0
24
15
0
4
4
21
32
0
24
0
8
7
10
3
5
0
0
21
0
0
0
0
0
0
6
0
3
0
0
0
8
42
0
0
1
0
2
0
0
28
22
0
0
0
10
21
0
28
14
7
0
0
1
4
25
22
20
4
0
9
13
33
2
0
20
4
0
0
8
9
18
13
17
0
0
1
12
15
2
14
0
19
0
0
0
0
0
0
7
23
4
0
0
0
3
16
0
0
0
0
0
0
0
10
14
0
0
0
0
5
0
2
4
8
0
0
2
15
16
14
0
0
0
0
13
22
7
19
20
0
0
2
10
11
25
0
23
0
0
0
0
30
0
0
0
8
0
0
0
0
4
0
0
0
2
8
0
0
0
29
0
0
0
0
0
10
0
34
20
2
7
0
0
16
0
59
28
0
0
0
51
0
6
17
53
0
0
10
0
14
0
0
21
10
4
2
3
24
23
8
17
0
17
3
15
7
8
19
1
34
0
4
0
0
0
0
15
0
2
0
14
0
12
31
0
0
0
0
2
0
0
3
12
0
5
10
0
17
0
0
0
6
0
0
0
15
30
14
21
1
0
5
21
30
5
0
19
0
0
1
9
1
12
0
14
0
0
0
2
24
0
0
0
10
0
0
0
0
3
0
0
40
0
0
0
0
0
10
0
0
0
0
0
0
0
2
9
5
0
0
0
3
0
13
11
0
0
0
0
5
3
2
0
0
0
0
0
8
2
6
14
0
0
2
3
9
13
0
15
0
0
0
4
20
2
0
0
6
0
0
1
0
3
0
1
0
2
4
0
0
2
3
0
0
0
0
0
5
0
26
16
1
2
0
0
13
2
38
15
10
0
0
46
0
2
4
34
0
0
9
0
3
0
0
12
0
10
3
9
18
13
16
8
0
0
0
9
22
4
15
0
19
0
0
0
0
0
0
12
27
2
0
0
0
10
0
0
0
0
0
0
0
0
14
9
0
5
0
0
0
0
0
0
12
0
0
29
20
24
10
43
0
0
1
5
23
6
1
23
9
0
2
7
18
31
0
25
0
0
1
9
13
0
0
0
20
0
0
0
0
0
0
4
2
0
0
0
0
8
38
0
0
4
0
0
0
0
24
17
0
3
0
11
20
0
32
15
0
0
0
0
4
23
17
18
0
0
6
0
27
2
0
18
6
2
3
6
20
24
9
14
0
0
1
14
10
5
16
0
27
0
0
0
0
0
0
10
0
1
0
7
0
11
25
0
0
0
0
2
0
0
13
12
0
2
3
1
15
0
0
9
8
0
0
4
16
21
14
30
0
0
11
12
23
2
0
20
5
0
1
0
20
24
0
14
0
0
5
10
8
2
0
0
13
0
1
0
0
0
5
3
0
0
0
0
0
10
31
0
0
1
0
0
2
0
21
21
0
0
3
0
29
0
41
22
0
0
0
0
1
6
6
20
0
0
20
4
6
3
0
23
0
0
2
7
5
17
0
23
0
0
0
6
17
0
0
0
16
0
0
0
0
4
0
1
16
6
0
0
0
0
27
0
0
0
0
0
0
0
2
11
8
0
3
0
13
0
14
12
0
1
0
0
0
7
9
0
0
0
0
2
14
0
0
15
0
1
0
8
7
11
18
16
0
0
0
10
28
3
13
0
13
0
0
0
0
2
0
9
40
7
0
0
0
3
0
0
0
0
0
0
0
0
15
15
0
0
0
0
0
0
3
0
15
0
0
43
17
20
10
11
1
0
0
5
23
11
13
23
5
0
3
9
30
36
0
22
0
0
2
4
11
0
0
0
21
0
0
0
0
0
0
3
0
0
0
0
0
9
48
0
0
1
0
2
0
0
31
19
0
2
0
5
26
0
43
28
0
0
0
0
0
17
25
54
0
0
18
0
24
0
0
11
4
6
5
4
13
13
9
15
0
0
6
10
8
12
6
9
14
2
13
0
4
3
0
12
0
7
3
0
4
7
0
0
0
0
0
0
0
0
24
15
4
1
0
3
9
0
6
0
22
0
0
55
9
18
5
26
6
1
4
15
19
0
0
20
6
0
0
5
13
18
8
18
0
0
0
14
14
1
11
0
25
0
0
0
0
0
0
9
20
0
0
2
0
6
16
0
0
0
0
0
0
0
4
10
0
2
0
2
9
0
0
0
1
0
0
0
14
22
7
0
0
0
0
7
21
6
0
21
3
0
2
4
13
23
0
20
0
0
1
8
14
0
0
0
12
0
0
0
0
0
0
0
0
0
0
0
0
5
25
0
0
3
0
0
0
0
16
14
1
0
0
4
22
0
36
19
0
0
0
0
0
6
5
0
0
0
6
0
8
0
0
20
8
0
2
4
12
20
6
20
0
3
1
17
7
3
13
0
25
0
0
0
0
0
0
9
10
4
0
5
0
7
19
0
0
1
0
0
0
0
6
10
1
3
3
5
13
0
0
0
4
0
0
0
16
23
11
0
0
0
0
13
24
27
33
2
0
0
19
16
36
27
12
18
7
0
1
3
0
0
0
0
0
5
0
0
0
2
0
0
2
0
15
0
12
17
13
28
5
0
22
11
0
0
45
0
0
0
0
21
14
11
28
36
38
0
0
0
0
0
18
35
0
18
5
13
11
14
18
15
0
0
19
15
18
25
8
32
0
0
3
0
12
2
0
0
0
0
0
0
3
14
0
3
35
4
4
0
0
10
20
23
15
0
9
1
0
0
19
7
4
0
0
13
0
7
7
16
26
4
0
6
0
16
13
9
0
8
0
9
31
7
23
19
0
0
2
3
24
27
0
15
0
0
0
0
23
0
0
0
9
0
4
0
0
0
0
0
0
0
12
0
0
4
36
0
0
0
0
0
17
0
39
25
0
2
0
0
27
4
71
34
0
0
0
41
0
2
16
85
0
1
28
0
5
8
0
23
2
0
1
8
13
25
0
23
0
0
1
8
9
0
0
0
13
0
0
0
0
0
0
1
6
0
0
0
0
4
28
0
0
0
0
0
1
0
18
15
2
0
0
2
16
0
32
20
2
0
0
0
1
6
17
0
0
0
3
4
15
4
0
25
6
0
0
7
8
27
0
23
0
0
0
3
20
0
0
1
20
0
0
0
0
0
0
0
0
1
0
0
0
0
43
0
0
0
0
0
4
0
17
17
2
4
1
0
23
0
36
21
0
0
0
2
0
12
13
0
0
0
7
0
15
0
0
20
8
0
0
2
14
21
3
20
0
4
0
19
4
3
15
0
26
0
0
0
0
0
2
11
4
4
0
9
0
9
22
0
0
4
0
0
0
0
9
12
0
3
4
7
17
0
0
0
4
0
0
0
18
23
12
0
2
0
2
13
23
0
0
20
7
0
0
7
13
19
19
18
0
1
0
11
11
4
15
0
20
0
0
0
0
0
0
12
37
5
0
1
0
6
17
0
0
0
0
0
0
0
9
15
0
0
0
0
0
0
0
0
8
0
0
0
19
28
19
0
4
0
0
14
34
7
19
20
0
0
2
10
11
25
0
23
0
0
0
0
30
0
0
0
8
0
0
0
0
4
0
0
0
2
8
0
0
0
29
0
0
0
0
0
10
0
34
20
2
7
0
0
16
0
59
28
0
0
0
51
0
6
17
53
0
0
10
0
14
10
15
12
0
0
3
5
15
15
0
10
0
0
0
0
17
0
0
0
0
0
0
3
0
1
0
0
0
0
8
0
0
4
2
0
0
0
1
0
14
0
33
15
0
0
0
0
17
6
56
30
8
0
0
30
0
0
5
45
0
1
18
0
0
6
0
16
7
0
3
12
20
22
7
14
0
0
0
8
13
0
4
0
19
0
0
0
0
0
0
7
34
0
0
0
0
9
12
0
0
0
0
0
0
0
18
9
0
0
0
6
1
0
1
0
5
0
0
0
17
24
17
11
0
0
0
2
27
2
0
19
4
0
3
9
14
17
10
21
0
0
0
7
18
0
1
0
17
0
0
0
0
2
0
8
41
5
0
0
0
6
15
0
0
0
0
0
0
0
7
9
2
0
0
0
0
0
0
0
4
0
0
0
11
22
17
0
0
0
0
3
28
0
2
21
0
0
1
11
14
22
6
25
0
0
0
0
33
3
0
0
20
0
0
0
0
4
0
7
31
9
0
0
0
0
23
0
0
0
0
0
0
0
22
17
0
9
0
0
0
0
18
2
6
0
0
56
6
29
23
44
2
0
0
2
36
11
0
23
9
0
3
9
16
33
0
25
0
0
6
9
9
0
0
0
16
0
0
0
0
0
0
0
0
0
0
0
0
4
40
0
0
5
0
0
0
0
30
19
0
0
0
13
26
0
48
25
0
0
0
0
0
11
13
1
0
0
11
0
17
6
0
15
6
0
5
6
17
19
5
10
0
0
2
16
5
0
9
0
18
0
0
0
0
0
0
7
6
0
0
2
0
13
5
0
0
4
0
1
0
0
14
9
0
0
1
9
11
0
1
8
8
0
0
0
16
14
6
5
0
0
6
7
15
0
0
17
12
0
3
0
15
16
7
13
0
20
6
14
0
12
15
8
19
6
1
0
4
0
3
13
0
7
0
11
0
6
16
0
0
5
0
0
0
0
9
15
4
0
12
7
16
0
0
0
11
0
0
0
12
19
12
0
12
0
1
21
22
0
0
21
7
0
0
0
10
15
5
15
0
7
0
14
6
5
12
3
25
0
0
0
0
0
0
11
10
6
0
5
0
4
24
0
0
3
0
0
0
0
1
13
0
6
5
0
15
0
0
1
0
0
0
0
15
18
14
0
7
0
1
10
18
1
0
23
2
0
0
4
10
20
0
20
0
0
0
10
17
0
4
0
24
0
0
0
0
1
0
6
14
4
0
1
0
2
27
0
0
0
0
0
0
0
1
10
3
8
2
0
16
0
8
9
0
0
0
0
9
15
11
0
0
0
0
3
17
11
8
12
0
0
7
6
17
18
0
10
0
0
3
4
16
0
0
0
6
0
6
0
0
2
0
1
0
0
3
0
0
5
0
0
0
0
0
0
0
0
32
14
2
1
0
2
11
3
38
23
13
0
0
25
0
1
5
45
0
0
13
0
4
10
0
16
4
0
8
8
16
24
0
17
0
0
1
12
9
0
0
0
15
0
0
0
0
2
0
3
0
0
0
0
0
8
13
0
0
6
0
2
0
0
18
6
4
2
2
14
19
0
16
23
8
0
0
0
6
8
9
10
0
0
5
2
10
2
0
15
9
0
4
1
23
18
2
12
0
16
5
11
0
10
3
3
20
4
8
0
5
0
0
13
0
1
0
3
0
11
16
0
0
3
0
0
0
0
13
13
2
0
9
7
15
0
0
0
14
0
0
1
7
19
12
14
6
0
5
14
21
5
0
7
0
0
4
11
19
6
21
3
0
6
0
11
2
8
15
0
10
23
0
1
0
6
0
18
37
9
0
10
0
10
0
0
0
4
0
0
0
5
5
4
7
0
0
3
0
4
0
0
17
0
0
0
20
13
25
0
15
0
0
10
19
7
23
19
0
0
2
3
24
27
0
15
0
0
0
0
23
0
0
0
9
0
4
0
0
0
0
0
0
0
12
0
0
4
36
0
0
0
0
0
17
0
39
25
0
2
0
0
27
4
71
34
0
0
0
41
0
2
16
85
0
1
28
0
5
