320
1839
2015
1930
10349
-121
2341
9270
2285
2565
2577
-282
804
4233
1803
1778
3103
2300
-434
1429
-32768
2622
-4424
216
557
-263
8804
1274
2977
2222
2589
5200
3747
1450
2083
1152
1919
-1435
216
-192
4738
3506
1161
1650
13174
8796
2852
6190
616
1168
4059
2625
2449
158
9411
5452
6901
-2481
4424
3820
3615
1899
3841
3108
2908
219
-4889
3444
3644
1073
1244
1353
2423
2181
-8306
-3278
2717
2425
3695
2121
3425
1667
2010
3683
-1296
5077
2352
1489
9652
381
5150
881
2274
857
3843
1098
-16739
4677
-2583
4496
1339
-440
2190
4216
-880
1781
654
-75
1277
-25642
2111
1900
833
1010
763
1866
139
8951
-1031
1844
9001
-2307
808
5526
3225
4457
1204
1459
