344
246
546
1418
270
7
-2175
1704
757
1501
-3664
0
632
608
666
5294
915
-1635
0
5862
0
0
11
0
147
0
919
-1770
-355
464
0
0
867
-5317
0
0
61
0
254
65
0
-8100
-3320
81
849
0
-1070
-1506
-52
-7700
3124
-2122
0
0
9299
541
-3017
4696
-4229
104
0
1315
-2799
2830
82
-83
2257
-846
170
-22
244
-603
-1155
-143
-3367
0
0
-15
-897
64
-270
56
0
5164
0
0
0
0
0
0
-208
2064
292
0
0
0
70
-1440
0
0
388
0
0
0
0
-3832
-1210
0
541
0
-1100
-2265
0
658
-414
-604
0
0
1035
-4162
-1659
2178
-350
0
0
-21
-1583
-4833
100
14
5014
-2019
24
-66
749
-2724
-293
612
-5585
0
0
-372
-2157
941
-70
-624
0
4698
0
43
0
0
0
125
745
106
-41
0
322
0
260
-1939
0
0
289
0
142
254
0
-4789
-1630
0
310
-333
-1161
-3583
0
-113
1291
24
0
0
492
-803
-3619
1606
-898
0
0
177
-980
-793
595
-2147
664
135
400
178
-1780
1693
2061
648
-4675
0
1462
44
406
3824
784
-1140
55
6490
0
515
0
0
356
280
-515
-272
-746
40
1442
0
1354
-7159
0
0
48
0
124
-54
0
-6353
-3022
-290
1021
-1508
0
-3973
0
-7226
4662
-762
-6
0
-1428
818
-375
3769
-9297
127
0
580
-2269
414
413
0
1443
180
276
-472
470
1146
-1412
1136
-4259
0
1275
246
-1128
5188
390
-146
-62
7505
0
56
0
0
-84
0
901
9008
-21
0
196
0
-78
-551
0
0
0
0
108
0
0
-1920
5
-101
350
383
0
-137
0
-2208
2249
-381
82
0
5289
-1749
-4449
1938
-1130
-118
0
-500
-2412
-2387
416
271
1061
0
1220
-42
-384
-4683
-1534
-128
-1617
0
0
0
1237
3415
542
-180
0
491
0
96
41
0
-66
0
-1580
-1404
34
1212
0
0
134
-1212
0
0
0
0
0
351
0
-2188
-1100
66
328
0
0
-662
-22
-12209
4897
-1698
0
0
6132
920
32
1460
-4454
0
119
1588
-595
323
826
-1531
2707
322
960
87
-1903
277
-2521
-1303
-6073
0
0
-636
1239
3283
1792
-195
622
5657
-112
1651
0
508
309
0
-1990
-665
-334
-381
0
96
979
-8706
0
0
-167
0
254
521
0
-9130
-5431
14
1006
-127
-1234
-6075
0
-7585
3618
-3364
0
0
-73
-726
-3835
5227
-11052
762
42
2045
-1561
67
-300
-63
2385
-851
618
-875
-936
-4492
-2943
440
-6388
0
599
82
1398
1101
1436
-4039
-592
9822
-96
224
0
-304
-138
557
925
1321
-296
72
1395
164
-607
-4737
0
0
607
0
162
-86
0
-4003
-3353
-504
1030
-21
-1314
-2359
0
-3063
62
-2530
0
0
-899
-1151
-10553
3928
-3262
-360
4
-307
-4417
-4035
187
0
-2282
-6
0
38
-453
285
1185
486
-2138
0
347
173
2333
1657
146
-990
0
5875
0
-12
0
0
208
-15
-1249
559
-262
0
547
0
557
-5569
0
0
183
0
0
48
0
-3118
-2581
500
117
-525
-803
-2852
0
-5844
1565
-532
51
0
0
-1478
-1821
1558
0
-300
0
-1838
-2611
-3262
1288
-6015
-2216
144
111
-200
-3401
5170
1531
-24
-267
889
225
-194
1620
225
670
-871
0
2771
195
0
0
381
1410
0
-570
-1095
718
-433
70
1524
1265
-3028
-2626
2170
87
293
1459
0
0
-7369
-1232
-732
210
90
-3612
-338
2223
-3661
3068
-9209
169
0
732
-1037
-3135
4190
-5953
31
2622
585
-3852
-4126
161
-4723
-2176
0
0
-370
-820
-1267
-1251
0
-335
0
0
0
0
2422
0
0
0
1133
0
188
0
0
-152
0
0
0
102
-500
0
0
-340
-3356
0
0
0
0
0
482
0
-2641
-1490
254
960
0
0
-389
164
-12159
5562
0
0
0
-690
0
-960
1663
-9621
0
-12
3578
0
1162
212
-1695
372
-268
0
557
-2988
-1354
-910
707
-4259
0
0
85
134
4832
0
-717
-41
3781
0
0
279
0
-38
0
42
-1854
-35
40
254
0
1328
-6807
0
0
1023
-10
20
286
0
-8968
-4224
226
-16
-181
-3021
-3907
762
-14644
5536
-1941
0
0
-822
738
-1183
4427
-7259
0
127
2703
-389
764
466
0
1579
-1030
0
-1039
30
-2159
-2959
710
-3986
0
3176
338
1228
1621
463
-2868
914
8829
762
24
0
452
-76
323
-124
2491
-714
0
2106
0
-614
-3690
0
0
1094
0
75
96
0
-3390
-2812
418
1151
-350
-2273
-1885
0
-1872
866
-1726
0
0
4
-2657
-9356
4904
-497
283
0
-849
-5396
-2792
78
0
3777
-948
0
0
28
-1627
372
-2413
-3713
0
565
0
-892
1313
-152
-159
-102
4298
0
0
0
0
49
0
-1459
495
215
0
256
0
-248
-534
0
0
144
0
0
0
0
-90
125
243
1048
237
0
-370
0
-1016
1133
-384
0
0
0
-3445
-4767
1257
0
-689
0
-27
-790
-4697
0
-226
-1008
0
0
-92
-638
1778
-792
318
-625
0
0
0
0
3069
381
0
0
2540
0
0
0
0
-152
0
616
2387
459
0
0
0
0
-1748
0
0
0
0
0
0
0
-2794
-629
0
1062
0
0
0
0
-1890
254
-696
0
0
-1568
84
-3683
1817
-5588
52
0
0
-254
3168
-1329
-904
-3594
1019
0
127
-2264
-783
489
-40
-45
0
0
630
3567
2420
0
-108
0
2200
0
354
0
0
130
0
-888
-312
0
15
74
0
1130
-3256
0
0
-492
0
187
0
0
-4466
-2570
242
196
-304
-1574
-3377
381
-7495
1158
-3116
0
0
-700
1114
-768
1714
-7264
0
0
2429
-1015
54
326
0
-3246
1698
0
-1421
-1151
1263
-1931
649
213
0
1365
1351
5102
567
3731
-2616
27
5013
-1420
519
-45
118
526
300
-2316
-2923
-182
0
2644
0
590
-3148
0
0
504
0
144
0
-635
-2836
-2422
177
116
-106
-2109
-1352
472
-674
925
-5626
0
0
-28
688
-5047
4890
-2248
2685
0
-589
-5198
-1649
148
-1909
312
165
0
-138
-88
-1249
-623
-866
-1210
0
44
0
1854
561
866
73
39
1774
-1104
172
115
0
-298
0
-1401
1017
1039
1212
486
0
-246
-1944
0
0
465
0
0
2159
410
-3750
-2483
-362
1072
44
-234
-2903
-76
961
-745
-1207
0
0
5207
-2820
-3375
3455
-2465
-1637
52
-99
-772
-4782
