0
0
7
19
4
13
5
0
36
0
0
0
0
5
0
30
0
0
0
0
0
5
4
9
13
0
21
14
0
0
26
0
6
0
22
18
0
0
1
0
19
0
5
0
35
7
0
11
0
25
0
75
54
56
17
30
0
0
15
0
0
29
0
8
35
0
0
21
5
34
0
3
0
0
6
9
0
40
16
0
22
0
0
3
30
0
27
63
12
11
0
0
0
22
13
2
20
0
0
19
46
0
10
8
0
0
21
0
0
8
0
0
0
0
11
0
1
0
0
9
5
20
44
34
43
24
12
40
0
2
0
0
0
5
25
29
18
0
0
0
0
17
0
0
10
0
16
25
12
44
18
0
17
0
0
2
37
31
6
41
13
5
0
0
0
7
27
27
11
3
1
31
0
5
0
0
0
15
30
8
0
1
0
0
0
0
16
0
0
0
0
0
11
49
26
20
29
8
8
27
0
13
7
0
0
9
0
13
35
18
1
0
0
7
0
0
2
0
13
17
6
26
7
0
29
0
0
0
14
0
0
18
0
10
1
0
0
11
40
20
5
2
1
33
0
0
19
0
0
24
39
19
11
0
0
0
0
0
7
0
16
0
0
18
11
24
10
27
24
37
34
30
0
6
23
0
0
25
0
13
22
20
0
0
0
5
0
6
0
0
0
20
0
50
0
0
5
0
0
11
23
0
19
69
20
8
0
13
2
11
19
0
0
0
0
10
39
0
0
1
0
0
19
0
0
2
0
4
0
0
6
0
31
0
0
0
0
0
20
54
32
28
21
28
11
0
0
0
0
5
2
35
5
3
28
0
0
39
0
0
0
0
0
5
0
2
0
0
0
0
30
0
9
6
0
9
0
0
0
0
0
0
0
0
0
0
47
0
0
0
21
0
0
5
1
18
0
3
0
0
0
6
0
0
18
0
0
0
0
0
0
0
30
8
1
0
0
0
0
0
0
26
0
0
20
0
0
8
10
0
0
1
0
0
7
21
15
7
18
21
1
0
0
0
25
0
20
31
21
0
6
0
0
26
4
1
34
3
0
21
50
12
0
26
12
12
15
0
7
0
0
0
1
0
8
13
3
11
42
12
3
12
28
0
1
12
12
22
27
0
0
0
0
2
7
25
0
2
0
0
0
0
0
24
19
6
17
41
0
23
0
0
17
0
0
12
38
0
11
56
25
0
6
12
0
37
16
13
18
30
22
9
0
4
0
2
7
32
27
0
6
0
37
0
5
12
10
0
3
1
1
9
0
13
29
9
5
26
20
15
15
28
0
1
0
21
11
42
5
29
0
0
1
22
0
4
0
0
7
9
15
36
14
0
0
0
0
0
34
0
0
43
12
0
2
0
0
15
10
10
0
0
0
13
17
0
6
0
0
31
27
24
0
18
2
0
0
0
0
0
0
0
13
4
17
28
29
44
22
19
2
32
0
0
0
0
17
4
1
0
27
13
0
9
0
0
0
0
0
0
13
13
0
35
18
0
11
4
0
16
20
0
0
0
26
0
0
0
2
0
0
0
4
0
0
0
57
1
0
7
0
0
28
0
0
0
4
7
32
0
5
0
49
0
18
5
0
0
16
18
33
28
5
10
49
13
4
0
0
14
3
19
0
0
3
0
5
26
0
26
0
0
0
18
0
3
0
0
12
0
4
0
8
11
0
10
0
0
0
0
0
0
0
0
0
0
49
0
0
0
29
0
17
0
10
3
0
0
0
0
12
0
0
1
38
0
0
0
0
0
0
11
11
33
0
0
10
0
10
0
0
35
0
0
0
0
0
29
15
0
0
0
0
7
15
0
6
7
1
26
0
0
13
0
18
0
5
26
15
9
12
0
0
26
8
7
11
3
0
19
16
17
0
0
0
36
21
3
2
21
1
0
0
13
0
0
17
0
43
0
22
17
33
0
14
0
5
14
0
7
0
0
0
3
0
0
8
18
0
0
0
0
0
5
17
6
18
32
0
25
0
0
15
0
3
0
23
7
4
51
10
0
3
12
0
30
15
12
7
33
50
10
0
2
1
0
5
43
30
0
0
0
40
0
0
30
12
0
5
0
0
0
0
10
26
5
18
32
24
1
0
36
0
2
0
27
0
47
17
32
0
0
0
17
0
0
0
0
0
8
0
44
5
0
0
0
3
0
59
0
0
37
19
0
0
0
0
12
0
0
0
3
1
0
0
0
10
0
0
0
10
10
0
2
0
0
0
0
8
0
0
0
0
0
0
15
6
12
22
0
14
0
0
0
0
0
25
11
6
0
7
0
6
9
0
1
13
0
0
0
0
11
0
39
5
0
0
0
0
0
22
0
20
32
24
0
0
11
9
0
0
0
0
0
0
0
55
0
0
0
4
0
21
15
0
12
0
9
11
0
15
18
53
1
0
0
0
0
23
48
24
0
19
28
69
0
0
0
0
0
0
4
0
0
16
0
0
34
12
11
0
0
16
14
1
0
9
26
0
28
4
0
0
24
0
0
19
0
5
0
2
8
0
3
29
0
0
13
45
0
0
25
26
12
10
0
0
1
0
0
30
19
0
14
30
0
21
0
0
19
23
0
0
18
0
15
24
15
6
0
0
11
5
0
0
0
0
0
10
0
0
13
0
0
4
2
0
0
0
18
2
32
0
7
0
0
0
0
18
0
6
0
0
0
0
0
2
0
0
0
0
3
0
0
11
25
10
14
0
7
7
0
22
32
0
0
43
0
17
0
0
0
12
0
0
8
0
0
45
0
6
0
6
7
0
0
10
1
0
0
12
8
0
15
0
0
0
12
0
0
5
0
14
9
0
0
0
36
0
8
34
0
7
7
13
41
0
0
0
0
8
0
8
0
42
3
27
14
18
0
4
0
0
0
0
4
0
0
0
0
4
6
0
0
0
25
0
38
7
0
18
0
4
0
40
29
0
0
2
0
48
41
35
16
0
30
