-2868
1137
-823
410
2285
-5241
2143
-573
-3523
-8701
-2489
-5886
6079
2093
-579
-3631
6479
8669
-1835
-10545
3037
8284
-11196
-6215
4934
5198
-7306
5200
-11059
7175
3795
8332
4204
7084
-1981
-9673
-1196
2318
-3398
9364
9137
-1506
2877
-2576
11680
-8074
-1913
395
-2016
3015
5119
2785
-3857
-1123
699
9417
-8211
-11429
-4860
2558
5930
-1006
4104
70
-1983
-2622
9102
-7466
-2460
-2180
-10656
689
-658
-402
-118
-9825
-5864
-962
-2355
1772
-3439
-4805
-4094
-3776
2754
-779
-5538
-139
5819
6345
-1203
-8919
4977
8419
-15975
-5699
4039
-2792
-1708
8505
-3631
-412
-467
4761
8104
5563
-3130
-5362
-281
557
76
10344
6637
1762
4157
-2348
4007
-5502
3362
1298
-11542
-2651
4021
-3002
-5334
-2093
-7447
5039
-7545
-7883
-3566
4812
1183
5382
3172
-7873
-2543
-3120
9381
-5178
4239
-5019
-4475
3103
2513
6396
-463
-7944
6044
-1670
-6119
3714
-5369
3134
-1405
16274
12899
-1617
-5780
-488
-782
-2914
-9628
-5253
13650
-3638
-3599
-13099
4859
1881
3856
515
-10278
7833
-4999
-3938
3872
1447
-9789
1626
1233
-5305
58
9544
-5339
-19267
962
-4373
-2061
-7529
2706
-5935
6841
-2237
8994
-15866
-1106
9487
-20501
-2284
-5790
-5336
8322
-1306
-5687
9144
8947
108
1274
926
765
-3861
1468
1025
11165
-6261
-869
4188
-2665
705
-1517
-8716
2659
-2601
-6195
-6717
6548
3766
-235
953
-12218
2496
5116
6472
-2006
-3573
6224
6866
-8178
-4623
-24
1781
-327
-76
-2681
3177
5029
3765
5730
1699
-11811
436
-5021
7158
-1347
12679
-2384
-3145
-3882
-6152
5158
-2315
1975
-2697
1404
5962
1780
-946
-1911
3828
806
247
-3321
-3760
-2536
18
-916
2909
3880
-3191
-5700
-4309
-538
-4529
2510
-4444
-4319
-5385
-3300
3343
2623
5084
5442
-2769
-3596
4700
-3423
-8027
-597
-1229
1056
6225
2025
-6819
-938
-1338
1477
-278
1289
-473
-3901
-3322
-1251
1913
5010
5172
-15008
261
729
6934
-6057
8062
-8926
-361
209
11401
-5910
-116
7622
-3260
2468
-4625
237
-7714
-6503
-390
5407
-1823
-510
2793
-2057
7013
2388
-1418
-3973
-7956
-6738
1541
97
1895
3955
4673
-6269
-6134
2086
-10080
-3348
1191
-10519
-2971
-5158
-5085
31
-4298
-4197
-16350
7809
6116
-2400
-2650
240
635
475
6646
-2866
-6017
14277
13623
-9411
-543
-632
146
-13447
-2844
5469
1548
-7110
4797
-6019
1763
-6319
11148
2050
-1946
-5646
-13009
-2976
4347
-3176
11808
798
-4407
1893
259
7273
-8224
-971
6239
1672
-4024
2150
1250
-4089
1336
-4157
1880
-3527
-13558
-20948
9612
87
-4070
-210
-1924
4531
-12533
4653
-3839
2164
10791
557
-5596
-1393
2846
-1909
-7170
-6976
-3463
6505
-2764
-663
-8542
-6144
-1060
-871
4994
-912
277
5328
9204
3557
-3255
8506
-2776
-13443
-5416
-465
-2818
-4698
12285
3436
-3157
8274
-1611
811
5778
-5671
-2386
330
3215
1606
8224
6678
1542
8226
-14162
2866
1510
-56
-7376
1061
-324
7624
-2861
-2678
1293
-65
7100
-928
-2678
-10511
10465
-3671
5423
-3235
-849
-7081
-5205
5314
-6706
4320
-9689
-8906
-2108
-3038
12759
-5905
-662
3498
-7835
1690
9486
17
807
-6414
20327
9755
-1062
-6243
-8264
-11660
-2265
-16304
5210
7698
-2968
-6857
-10113
1902
-2350
7255
1403
4990
1229
-7722
-9190
2390
-2711
-6395
-3244
1598
2076
-5927
9663
-3938
-15131
-4479
-3118
-9130
-1140
-6220
-9889
399
-1426
8341
-18406
4820
9041
-10580
-5612
-4676
2057
1396
2631
-2340
8278
2331
2612
10972
2424
-29
-3878
1005
-835
16294
1626
-1415
3949
-6228
-908
-1540
-16111
6328
4245
-9040
-5182
4703
406
2418
-365
-6558
4195
8464
11814
-8950
-4453
450
-5287
-8950
3725
7565
3583
-6245
-1452
5437
4651
5323
391
3539
-92
-6656
-5201
-754
2676
-701
12563
-496
-2972
-5103
2055
7297
-1330
-1120
2418
1812
5002
-489
3523
1201
1505
4360
5863
1178
-8785
-8619
6115
-1676
-1978
2234
-595
-760
-9405
4205
-1541
329
429
-728
-4722
-6057
2419
3828
5802
837
-2216
2788
5211
-4864
-3903
357
-2676
3257
2575
-1981
-7078
2351
2536
1027
-665
2535
2289
-3224
-3371
-1154
2756
1170
1009
-10801
1170
2367
7409
-4197
3273
-6750
-2525
-1740
8685
-6277
489
2731
-3457
-450
-2905
2948
-5363
-6638
2322
1310
2782
-1135
4342
-31
7581
3193
-2724
-3395
-3393
-7328
2680
585
-41
3059
976
-1450
-6321
3421
-5857
-1602
-1079
-6084
-1114
1517
-7704
-1826
-638
3344
-1636
2061
-1957
6400
-6772
-2487
-9205
360
3318
424
-4411
13263
1770
1930
-4636
-5596
9409
-11770
-8749
-3271
1121
1091
3204
-14704
1736
-5462
9979
4067
7724
6322
-5427
444
4180
-7956
9211
8296
-2251
1480
8385
13947
-12741
5857
2526
-159
-3763
4595
1528
-1580
-4833
126
11245
-14779
-11718
-837
-1919
6859
-4873
3517
-1038
-6836
-12364
215
-2057
-3649
4282
-7689
4524
2436
-7880
-2842
-960
-2847
-1192
3473
4541
-4605
-3948
-1171
-12486
-2136
649
-3032
-6136
7767
4227
6004
-6060
-5106
2129
-14572
-7248
12
2232
3679
6142
-3269
404
5512
4426
-169
11174
-7548
-13764
278
2868
6051
8949
10100
-220
9177
-2655
2467
-8764
989
1509
-2525
-5484
8953
43
-4452
5300
1982
8024
-6080
-7048
-5737
1088
1018
-2323
5704
-2138
-7324
-16745
3599
-2454
-2594
12446
-10039
-1518
-723
15570
3229
3900
6724
2029
-2024
5798
-1678
1158
-4285
23580
18536
-6510
1184
-16783
-5929
-15072
-14321
-95
2028
-4837
-4268
-19190
-5633
-5736
8604
7341
-6549
3121
-8065
-20286
-3917
3131
7005
-14337
-998
617
-4718
6197
10562
-17852
1249
4298
-12313
-9237
-2619
-4529
2743
-3599
6878
-16213
126
6156
-3401
-8456
-13217
-12
12714
3281
6132
-3283
8002
2807
-429
4145
1735
-4751
3342
3472
3195
13000
-4350
2822
1229
2586
-1428
-7305
8477
2851
-7040
-7121
7007
-4175
2882
871
-4695
-11457
12724
1039
-2932
-3444
-5861
2761
-12312
-2437
707
1635
-695
3443
-5564
2660
6663
3889
-774
5832
-5024
-10227
-1012
7927
-107
11569
13337
-3990
-3323
10648
9775
-11659
-1229
1142
707
4582
-4122
-2524
-1729
2897
7966
8539
-8613
-11058
-4157
3753
7386
-8879
7077
-718
408
-15401
11433
-1651
-1313
3438
-5264
5074
-3264
10124
-2612
6193
4993
-614
3522
245
-9334
-6967
1641
-1990
4351
5013
-6877
-12762
-1229
2175
3551
-2474
2063
4054
-2444
-4294
-1642
52
5256
-3520
-9382
860
11663
6661
-5049
3594
-12718
-4749
1123
6080
-5393
4851
1160
-2392
2795
-3701
1027
-6909
-9445
498
2509
8316
-2503
-241
3350
8158
1053
2870
-2755
-625
2043
-3353
2713
2695
10897
10321
2647
-10016
3091
-2845
-3107
-4327
-9202
2530
13
-3390
-2077
650
3483
166
-1159
2671
-2181
-7563
-5388
-11717
1138
3453
-3570
-1122
4619
6344
6066
-1586
1856
924
-11612
-5268
1321
2071
-1618
877
-3760
-2928
8127
4987
-2140
4857
-5399
-7221
3165
-792
-1805
6191
4836
1418
9457
-5119
5799
-7943
427
3763
-3631
-5045
7366
8364
906
4899
6620
6476
-5038
-1681
-6345
2660
181
2400
230
-2817
-7805
-10878
2953
-387
471
6224
-12958
3032
-6065
-2602
-5388
12090
6775
4208
6060
9097
-1587
-3895
2217
10954
5705
-1372
-9280
-474
-3194
-6981
8724
-3515
3405
4605
-6162
-11080
-9020
-1198
-2069
6092
-2836
9114
8034
-6780
-980
3750
-849
-6933
-8305
2822
-6313
10294
2600
-4665
-8742
-4016
-1377
-8976
2783
-3040
-3932
18268
4094
-5366
3974
5114
5142
-1204
-13210
8914
7026
4911
2926
-8301
-2634
49
-3780
4737
6336
-337
-571
6125
-953
-2905
-2999
1724
4708
6681
3530
438
4562
-3577
-4880
-7815
2691
-8532
1946
6041
-2051
-565
7121
840
3096
-1361
1113
1886
-5725
-2969
-520
4716
-746
74
-5695
21
9005
128
-2585
2438
-3542
-1484
1617
4317
-2963
8271
5648
-122
334
-1018
8505
-5647
-246
427
5665
631
-2438
2950
3289
3801
6018
4846
-5906
-2061
-4073
2360
849
-4552
5314
2141
-3842
-9136
6126
-498
-1616
-3183
-10409
2718
