-2172
10071
-11577
4134
-1556
-12780
6023
-3002
4086
872
10179
9360
7752
-2843
7809
-1153
6117
-7311
10196
-12815
2392
-771
-14471
875
-11111
-6191
11608
1284
-1295
-9442
3726
4149
4940
12779
10566
-12211
-5600
9286
-10425
-4089
-6775
3018
4427
9845
10870
-6870
-9800
-7340
-943
7237
731
-3294
5516
2859
3745
-12299
-4071
11635
-3603
-2592
1279
9690
-4198
3102
13480
6806
12145
-4584
2404
3655
4026
15397
-2001
1200
-12295
2105
572
-4094
4803
1263
140
4661
7649
10296
1442
808
2421
-3659
3456
-4226
9202
-6339
-2947
367
-1060
-121
-6366
-758
2451
2399
-1319
-8400
1361
-163
1399
11878
939
-4913
-741
14641
-6497
873
-1018
3546
-216
2409
-2200
-3193
-12891
-12513
6364
3447
-744
2309
-40
1717
4501
-1346
1204
5173
4295
-469
6891
8492
1131
-3303
2292
4940
5426
1783
867
-1513
1103
6016
1821
3219
-8618
3011
-6693
-5767
648
-3920
4338
8932
7738
4618
-499
-2231
69
-4156
2302
-2383
2677
-4666
-1317
7033
-2037
-1042
-7782
-2209
2010
377
-1134
-6976
1440
9394
3089
5516
5283
-14044
-1632
9304
-6319
1376
-1048
1041
2619
136
5150
2128
-4823
-13968
-2560
9229
4475
1366
575
2
1091
-4043
3437
3680
1484
-3739
4262
-2447
-4041
-1957
1986
6065
7395
6733
83
-2656
7920
2303
-3411
6148
-10463
5658
5325
-9076
5404
1413
-2226
2789
11005
12105
-461
-4551
-1088
1983
1150
-7315
4956
-7931
1082
-4395
-10866
320
-4333
-1934
5070
875
-1059
-8447
332
6184
3896
10518
996
-699
-1659
6899
-5387
-3838
-1841
5673
-1122
9882
4615
-8906
-10233
-4423
1815
-1912
2006
-534
216
6368
-2360
-7742
-3354
6898
-3201
-676
1256
7601
-1116
-2191
8634
613
9816
-5461
-712
4026
3906
5517
-2383
4999
-5112
-817
688
-4831
3477
548
-6025
4440
13496
15421
7522
-12411
542
1891
-36
-6532
13683
-7086
1207
1778
-3495
-11154
-13569
-8049
2929
1718
12576
-15085
-2458
2165
4384
13725
9137
2673
-2731
13339
-8747
2518
7389
2541
4513
3724
4201
-421
-11330
-9718
13396
2282
889
2760
3594
4529
-852
2786
-5167
10449
-450
2516
3966
7705
8807
-961
14065
4701
2684
1427
-294
-8344
-3064
-6984
463
1563
-12033
7757
-11261
-16067
4877
-95
8584
12150
3309
2421
-477
-13148
-1062
3686
10106
-2103
8011
-13458
-5925
-192
-10261
-1281
-10880
-7982
18179
-314
9726
-7551
3958
5447
5900
912
16964
-19553
-10445
10400
-11528
-4797
-4592
-1801
7510
7150
18300
-7239
-9579
-8362
-6641
13726
6064
-4398
6821
-2507
-3222
-8667
5460
20003
-10160
951
-4066
5634
-10032
5594
18082
-2364
19102
-4959
2012
178
5022
6588
-5261
-4557
-7386
5060
-2285
-2752
565
2347
1270
1866
6000
5755
-2870
-3615
-4102
-2422
3631
-851
9861
-10351
-7129
2793
4223
894
1537
-1746
3623
1075
3859
-4833
-2676
-564
452
4881
7999
-3384
946
11118
-12183
923
3786
3075
3213
-8256
5299
-1168
-10368
-559
-258
3565
-641
5825
-453
-1581
-2920
-618
9493
5490
26
1754
868
3385
9577
-4049
7375
4892
4764
1276
-521
-3276
1184
1491
2579
-4359
2874
1122
980
-2885
313
-5297
-1570
3417
8024
2204
3352
-11140
-4510
2040
4309
-2831
4963
-4390
-7931
6098
4439
2545
-2427
2403
3307
-3224
4853
-12124
-5485
7418
315
3065
12909
-4914
-1375
8379
-10712
-3029
11287
4637
-369
-2944
5525
2277
-6152
-7403
3481
4882
7814
1876
-2608
-7351
-5532
7303
9512
9794
2407
580
5609
-4198
3021
-7115
8018
4994
7982
7627
8663
-7601
5567
-4283
-18
335
-9158
4188
3045
-3484
4476
1392
1050
336
5971
5864
1145
-2675
-5236
2724
-2936
-8561
1622
-4474
-5638
4838
-5845
-4878
812
3418
6883
-2452
4111
-5877
-6
4377
3447
4693
4903
-488
-2917
5979
-6879
-2694
2945
-4410
-3336
-812
3638
-5847
-4661
3648
2121
1309
5964
-1065
24
3884
-1855
-6607
2785
4229
-667
-424
-712
5511
-244
-5060
10613
-3761
6301
-1391
1494
-6429
3279
-1949
-8872
-3076
-12245
4587
136
-670
5093
7366
-2904
6857
8899
926
-236
-7323
-9255
1008
-3839
-7046
10836
-6518
-6253
6520
1149
-9181
-2353
-3404
9709
-2378
8178
-5918
-1847
735
3632
10736
6062
3015
-1930
16049
-13100
4271
2424
-2260
1899
-5500
7769
-1479
-15131
-3880
7771
8207
5094
3452
3847
4360
-4292
-434
-284
8737
-187
-5482
2324
9523
5612
-6763
17282
-1878
11841
-308
-1204
-8674
-4137
-8389
677
-402
-9162
5684
-9031
-15531
3706
-1654
11807
6125
2650
-4621
-2463
-15874
-358
2720
8535
-3855
4810
-11905
-9824
6065
-10949
-3627
-7439
-5025
20100
-2455
13956
-7544
5915
3164
3402
-4238
19579
-22542
-9187
6384
-16202
-7680
-514
-5924
9638
5484
21085
-9011
-4084
-2657
-10709
15314
9347
-6519
1829
-3002
-832
-9393
9480
22419
-6815
-1039
-4697
1634
-6222
-1839
21363
-2173
9030
-5110
4723
-6172
1835
5169
-9359
-2359
-7047
5895
1310
564
2474
371
63
-246
2614
7170
-4948
-4322
-6048
4407
3986
-541
900
-9022
-3983
5091
1897
1452
-605
3865
7537
-1459
5927
-1848
-477
5224
-2654
-1671
3140
-8033
-710
5093
-9018
-638
2650
-495
6841
-6960
6465
-2654
-1498
2855
-4998
3979
3231
376
2798
558
-2040
-5480
5661
-2203
-723
-1946
-2268
2543
6679
-3787
5851
1650
425
-2079
-564
-3201
4440
689
3150
2091
1686
827
3931
-2230
-1198
-3908
2304
432
7360
1587
2903
-8024
-5353
-675
1439
-997
1571
677
-4599
11365
-579
-1039
-2890
3026
1530
-122
-1539
-10584
-4685
8584
1313
2451
11401
-6675
-2215
3462
-4517
-9693
17014
3750
-2033
3848
4710
3463
2918
-3482
-210
-1565
4793
-3346
-4293
-10251
306
9680
7059
7530
-3278
-754
1728
-8851
5996
-6940
5382
1712
6630
8014
9238
-4677
6694
-4246
-4369
4084
-11821
5515
2921
-2293
7437
5224
579
2343
6404
-496
8081
-4884
-8993
1628
-4231
-6310
5078
-1077
-9680
911
-6747
-10198
269
-244
8068
-6052
6446
-9994
-86
5941
5055
4132
-1937
3509
-3844
8328
-8542
-795
1402
-5694
-8118
-503
4457
-7322
-6964
3947
679
8717
2682
-3951
3779
3829
-100
-1407
-1078
11197
-44
-2132
-2376
7001
-1731
-5739
10277
-3986
13239
-8322
3994
-9097
-2303
-1974
524
-1986
-5300
1769
2356
-1057
2485
8126
-4951
2946
8706
4397
10707
-8044
-5456
-172
-5199
-5199
9351
-7630
-4038
6121
-526
-20696
-7071
-10216
7499
-2080
13628
-7181
-18
-6254
4710
9719
4547
3402
-2778
5783
-9774
8863
4054
-8146
6950
-4542
2534
-346
-6236
3480
13027
9769
3342
5110
12224
9288
-60
1943
-5508
11496
-768
1391
-196
8813
9328
-110
17256
-3886
-2587
-3186
-1509
-18838
-7921
-10954
-12138
947
-5920
3950
-5324
4966
1930
2083
370
-2310
1090
3383
-2790
-3581
-10664
1720
2336
-1783
2725
-4911
-1423
10062
2742
5762
2780
3329
10668
-1683
9887
-3667
-1375
10149
-3474
-6326
4829
-8239
3395
7114
-5814
2715
5950
-1789
7693
-8790
6262
1382
-3412
3413
-7588
3681
1596
743
2766
2086
-6322
-7156
12843
-5077
-3242
-4269
-2596
-2590
9818
-6617
1931
3115
-7196
-42
-2744
-4348
6702
-854
-4348
-6377
-3069
5066
-137
-4582
2381
1509
-5005
-453
3704
-3803
-363
-10684
-7681
5095
3319
640
3946
-8466
-6383
4425
-1241
36
-1050
-2906
8301
-715
9487
-1981
-2508
2873
-946
-1122
5521
-1525
-2818
3379
-10947
-847
7562
-4347
6851
-7769
9019
-2698
-4393
3680
770
5725
2181
-2642
4444
4878
-9404
-1741
5690
4339
-1178
-1239
-635
4457
5544
-1805
11588
-282
482
-2963
-3200
-8556
2232
-2184
-14849
702
-6681
6294
1591
-690
9882
5583
-5782
-4912
12027
-13561
8948
-16411
-12156
-781
2952
-4562
11979
-1113
-15103
5586
-829
1494
6490
1726
15384
-7647
15216
-14938
-3817
4470
252
2000
2187
5265
-4347
13513
-14553
-464
8468
-6780
-2016
-9146
8622
-2881
-17745
-1082
5392
9773
4033
-2120
-440
4485
-14915
2335
15028
9314
-3576
-5385
1233
8397
3586
-16876
19656
1237
8947
-5473
3979
-13592
1071
-6044
