6
19
-18
-2
-11
-10
16
-18
13
-26
10
-6
16
22
25
-4
7
2
14
-20
14
16
-35
6
10
14
-10
15
-8
1
-8
12
30
23
15
-2
8
9
11
-4
-11
-4
12
15
20
-11
-11
-17
16
-4
20
10
-7
-16
21
4
-22
-1
-14
-4
27
-1
-20
3
2
16
5
-6
5
10
-7
28
1
15
-26
-6
-11
12
-13
4
5
0
3
-2
0
4
2
14
-4
4
10
-26
8
-8
-4
2
9
-11
-5
26
-7
-8
-5
-6
30
21
10
-13
7
6
7
17
3
16
4
-5
-19
17
16
-32
-6
-21
9
4
-28
-28
-8
2
-5
-5
22
-2
6
19
-4
-28
11
20
6
4
19
-19
0
2
18
14
-22
1
9
-4
-17
-4
3
14
2
11
-1
-2
4
9
-11
-22
-9
-8
20
-8
14
-9
4
7
17
15
-25
18
-10
-8
30
-4
1
-2
7
-19
4
4
-30
-27
18
1
-25
23
16
-16
19
-12
30
-19
-16
1
-31
-15
-4
2
25
-5
-15
16
1
-7
-2
32
13
-1
8
-7
53
2
22
11
-25
9
-7
-15
-3
-11
-7
-12
26
11
-15
-1
6
17
-10
-6
2
-11
7
-5
-23
8
7
21
7
17
5
-9
-2
1
25
7
-9
7
4
6
9
-2
-24
4
-7
3
-10
8
-3
1
23
-7
12
1
-22
4
13
-7
-8
-2
2
1
0
7
-15
-15
-7
19
-2
-10
3
0
11
1
7
28
-5
-3
20
2
-12
-12
1
-8
9
6
7
-1
-6
3
-19
-8
24
11
13
-3
13
-24
-14
-15
16
23
-18
-9
0
-5
11
33
18
17
3
10
-2
-1
-5
-10
1
-3
-13
8
-9
-19
34
-19
15
14
-24
2
-3
-4
-18
3
5
10
7
22
19
-3
1
1
-10
-4
-7
-14
-4
-12
-6
2
-13
-7
-37
-28
18
1
26
32
-5
-6
-12
-5
-6
1
11
33
-8
3
0
-6
-32
4
8
3
-6
3
23
-5
-10
5
18
-11
13
-28
-6
9
5
-3
-7
0
14
-3
21
-4
-8
15
2
-1
20
4
9
-12
5
-8
1
22
-41
17
-10
-12
-27
18
22
-33
6
0
15
23
5
-4
10
-13
-7
-5
-23
-2
-7
-12
-1
-14
-4
18
-20
9
0
-3
13
30
14
3
1
-11
16
6
19
-2
-19
24
34
-20
-2
-7
-5
-3
6
-8
14
1
7
5
0
23
13
-33
-14
30
6
-11
19
-12
13
15
-8
-12
4
7
15
-10
-3
1
-22
14
-19
-12
-7
26
-11
2
17
-29
-13
1
10
11
-11
0
21
-16
0
-3
3
9
-10
34
-3
-24
0
7
-15
-12
-21
23
3
5
17
1
6
6
25
5
15
-15
-25
-15
23
-30
3
0
5
-4
-5
0
-15
-26
-21
-14
-25
31
-6
-17
20
-10
34
-27
-7
-10
-10
1
-9
21
11
11
-6
20
-23
-3
20
39
-8
5
25
-5
58
-6
5
8
-38
8
-16
-8
6
14
5
-5
18
9
6
11
11
27
-14
4
-9
-14
2
-6
0
6
35
38
-20
-3
15
13
-3
-12
17
-2
1
-6
3
4
5
16
-18
-9
-18
2
-6
16
6
-2
13
-4
3
7
-11
-2
13
-13
2
-14
-2
12
-17
-12
-10
-22
13
-8
9
9
7
-4
11
-22
2
-11
-1
17
-2
6
7
15
-2
3
12
-5
-4
0
-10
-5
-5
1
10
10
3
21
20
-5
4
-5
20
0
8
-12
5
5
8
7
8
10
21
25
2
-18
3
5
-7
-5
2
3
-24
-15
30
-5
11
15
-7
20
9
-3
-10
5
-2
-16
6
16
-5
-12
1
-10
-18
8
-2
-12
-8
-14
13
-8
-12
-6
-19
-12
4
-16
43
7
-12
-16
-3
3
-4
2
18
2
12
-3
-14
23
-36
-6
6
-2
21
3
8
-11
-4
0
15
9
35
-24
2
8
-12
-13
2
-5
27
19
45
-24
7
12
-1
6
22
-5
-2
-24
9
1
-3
22
-9
-3
13
-8
-13
-2
-2
-16
-14
2
-3
15
-16
9
25
-20
-18
4
-10
8
3
6
0
-5
-14
0
-25
1
2
-2
5
17
2
-9
-19
-1
-6
0
8
27
11
17
16
3
3
-8
-13
6
-3
-29
14
7
29
10
-1
6
20
-20
-10
5
11
1
7
-21
29
3
-13
4
18
-8
-6
-20
12
8
-6
-16
-2
-7
-3
-17
-14
-5
-5
16
-5
-7
11
26
-2
2
30
3
-2
-10
2
13
-11
41
6
-30
4
-16
-10
-39
-22
17
-2
-1
10
-12
-7
-2
31
16
-9
-9
-26
-28
5
-18
24
-21
2
-5
6
-10
12
-25
-19
8
-26
10
7
-8
11
-18
39
-24
-25
-23
12
-4
-30
23
18
18
12
-8
-8
2
1
30
-1
-3
30
12
32
0
-13
24
-25
8
-6
-1
18
10
12
13
11
-23
7
2
-12
-6
-7
-3
8
7
-17
-12
-2
-5
20
11
-1
-5
21
-2
1
0
24
-6
11
-11
-11
-2
-6
19
2
-8
-22
14
10
-8
12
14
8
16
-5
-7
-8
-4
10
-5
-21
8
6
8
4
-10
4
-14
15
-20
20
5
9
4
-10
-2
16
4
-10
9
26
11
-4
-7
-13
-11
-7
5
18
17
-12
-16
-18
9
21
-7
7
22
25
-34
9
-16
25
-8
0
-10
5
-5
12
26
0
2
13
2
-4
16
-9
-12
20
-4
-7
-2
-8
-1
33
8
5
22
13
22
1
-17
-12
13
4
-4
7
20
23
16
29
-14
-27
12
-6
-26
-12
-7
11
-8
-5
6
-6
18
-12
-4
-1
-13
-14
-1
-10
12
-14
-2
12
15
-9
9
7
18
-11
13
7
8
5
4
29
-11
4
6
-14
-11
-2
-14
33
0
22
2
12
13
33
-10
8
-2
-1
12
-1
-16
27
16
3
-11
11
8
19
-14
-4
-21
-9
-11
-4
-21
-16
-2
-29
12
-13
2
-17
7
-3
-20
-9
19
13
3
18
5
-2
-13
-14
28
-1
-5
-15
17
-1
-21
0
4
18
14
-8
2
-14
-9
4
7
36
25
7
-23
0
-3
6
-1
-4
20
11
8
3
-1
-8
7
-7
-24
6
5
9
17
24
-11
23
11
7
-1
-23
30
12
-2
-2
-16
-18
-2
0
17
-12
-3
-11
6
6
-18
-20
10
2
10
-19
10
27
-26
-6
-7
9
-21
11
11
0
12
-6
-7
3
26
-10
6
-15
16
26
19
11
-15
44
-4
-8
-10
11
1
-4
21
-2
24
-26
5
19
-2
-15
2
11
-21
-10
-5
18
-6
6
7
0
-10
-7
-9
17
38
3
-2
-3
-20
1
-28
0
11
18
-3
-13
-9
-22
-26
