-43558
-12478
28008
702
-9234
42307
18124
-33402
2417
-8483
33118
-22486
16295
9674
30596
-24736
45998
14395
-12254
-3729
-24494
-17771
-7536
381
-12382
-6911
7719
1365
21446
1401
37821
-12205
-16471
6307
25929
-17555
6933
-22314
-20389
8288
31788
33694
-3443
-17709
910
-22911
-22115
-33040
20234
-6136
-3047
23052
39247
1587
30681
-5809
-35370
-603
-6288
-21494
-2196
-845
4401
456
-6491
32435
16055
8614
-28416
9691
-27106
-12788
17610
11033
8885
23115
6591
15525
-19873
-42515
22534
40211
-20692
14351
35404
15775
-7376
39557
23435
-2900
16031
-7314
-11180
-32166
31893
-28213
-19663
5266
-12423
-4857
34811
-41923
20858
-9493
-2678
-52737
-5764
26484
8790
-25986
10690
27178
1009
51823
-9934
-47459
102
-19296
8861
32284
-11504
-9081
-1102
2208
19026
-42027
-19113
-16146
105
2942
9539
-7036
1246
14909
17826
6101
9891
16064
3901
13185
-6491
16245
28776
48273
-12109
13396
-10947
28503
28967
2714
15991
-10372
-26027
11443
-8868
34125
-20479
-50459
-3104
44617
-27935
928
16167
-2979
-15119
32541
24466
-13866
3731
-15663
8450
-15505
-1141
8299
29987
-26730
16857
8512
3928
-3246
-12226
-1966
-3010
-18326
-7912
-11538
22857
-10757
26436
-730
25386
-2573
-9946
7778
3907
-10026
-2218
-12074
-13288
10024
26764
35632
-3164
-22828
-704
-5186
-3679
-11663
-5881
-10039
-12841
-2646
23482
4446
663
5629
-10274
3714
-10181
-1169
-2239
-12738
-10571
1634
-6838
15393
14066
8030
-8518
1201
-22720
3135
4349
19742
7900
8652
12116
13369
-19711
-31745
2943
22370
-15958
21710
9129
1711
-3645
22716
3400
2760
77
-20668
-14797
-20136
18264
-12950
-8549
4865
-3834
-9090
7726
-13109
11697
1256
-4834
-19617
-8699
1611
9974
-9723
24186
20250
-4676
21701
-6501
-17962
-8900
-7392
2344
21878
-7089
9713
5664
-5152
15313
-15667
-12310
-12328
8294
57
5582
-5073
-1278
-8404
12932
14946
7695
10257
-6816
5015
-12452
10164
18894
19812
-12591
-668
-6120
20805
9567
656
-5795
-12310
-21928
24681
-5978
-1904
-2053
-33674
4685
18300
-27900
-2877
11097
-483
-26947
32974
13079
-4891
17023
-4433
-10820
-20874
-13308
3204
18581
-4463
27908
16599
-292
-4934
-2227
2693
-2464
-8744
1002
904
7514
2863
22371
-11803
20283
6678
-14341
2519
-7532
-13402
11690
-6680
1929
-2209
6035
25529
-8676
-6255
-5218
853
-2169
-7911
-18736
-9957
-18403
-15157
3448
-1262
-12392
-5429
1527
9475
-16659
11728
-13210
-15245
-17690
-17522
-10765
23780
-4613
5704
7830
1371
-600
-4388
-7119
12176
9071
4464
8354
6486
-10630
-21997
1532
14273
2034
16323
-2447
-7693
-13873
20880
713
10295
1178
-5251
-15063
-18762
20162
1234
-5751
-8144
-14805
-13888
-3800
-8105
-6012
8278
-5644
-15347
-13715
12793
-1737
-7718
18989
10838
-4542
9532
4406
6408
-8459
-10029
6433
21566
5631
-4751
-3635
-14640
13825
1941
-16882
-15399
10320
-4000
-1449
6011
-6468
-13613
-2214
20982
4740
-4295
-12111
12515
-16857
7057
-2328
2279
2784
8472
-11127
4955
4305
-1129
-4122
4889
-8495
16831
8154
-7473
-11780
-6065
5458
7886
-20319
-7600
8675
3318
-11703
25474
14373
-7195
8403
-10311
-13211
-14477
-6026
750
4118
-2702
10787
2698
-10772
-13416
-10503
-1744
-10776
-8326
6664
5742
6778
-1867
22209
-15641
12075
11645
-3572
9241
-2641
-18138
5066
15065
2467
-5265
-173
13539
-3580
-1686
-4010
3113
1037
-665
-10913
-82
-7415
-3873
-971
10959
-11524
-8702
8050
23025
-11944
5962
-8092
-7473
6834
-10283
-1340
10797
4044
-2649
-295
-6104
1140
-15925
-7254
-3344
-4754
-4619
14873
17657
-9062
-21260
-1448
7974
-10335
5014
617
-10855
-13533
12577
2705
4728
-3986
2037
-16632
-18025
16719
7390
-5365
-7021
-20459
-12096
-11761
-3194
-9924
5951
-8224
-5346
-2130
-2555
7650
-1414
8790
2534
-8683
8783
2399
9544
-8041
-3194
6658
6337
6278
-325
1023
-7639
1656
1606
-4147
-6722
15728
-3182
-1433
-5751
14052
-2721
499
11104
5804
-1678
-12717
7145
-8402
-7723
-1110
2617
3722
546
-3725
4813
7934
-16134
-8132
15007
-1852
3960
12976
-4280
-12549
-11809
-4795
8150
-26290
-1326
16199
-3685
-25028
20323
-1179
3607
5388
-7094
-10204
-23581
-7287
4199
-2194
11753
24558
-4571
3905
-12329
7784
7504
-15761
-17621
8831
7795
14138
-17192
27884
-17053
12657
11210
12942
4741
-11079
-14235
7734
19834
3338
-3454
5303
23119
11562
2261
-3139
9196
12456
4767
-19355
25536
-1783
2433
10772
7332
-19056
-12303
6048
8942
-10232
16848
-2252
-8810
19638
-3101
-13452
14986
5014
2862
5336
-15860
5262
-9293
-20781
3859
-11849
-8375
11298
18442
-5639
-21008
9785
18020
-474
23768
5731
2554
340
10748
-1870
9709
3303
-2898
-19651
-13550
15650
-9072
-6155
-1709
-19102
-11406
-2369
3909
-5607
7792
-13627
-453
-8329
-23079
2167
-1778
24864
-5478
-2481
8324
5248
12267
-10231
-13426
5998
18551
705
-2240
-8321
-18241
1082
5671
-3745
5616
20837
7975
-4395
-3956
15776
-3639
7582
21312
10435
879
-28184
16143
-18882
-6808
-125
8953
11281
-17501
-18232
16313
16349
-10132
-4918
19104
-10415
19531
14981
3936
-14388
-17121
-7245
15962
-17361
-15786
8198
-2243
-15066
30537
-7995
-18744
4811
13545
865
-3962
-13942
656
15993
8041
25911
-1010
-797
-18698
3609
8720
-13200
10252
-236
3851
20120
-103
7028
-2149
16641
3555
17006
11866
-5838
-10804
-1976
15833
-13784
-12101
4933
19942
12777
-4166
-14129
-4755
-2549
-4810
-8027
22430
-3886
10396
6504
15501
3116
-7042
-7046
20092
-6063
5795
-9787
-9839
18097
6204
-8792
7813
8947
-130
-3117
3366
-6408
-17207
-12130
-3089
-1988
5178
9875
20582
-725
-33021
8140
16224
13257
11112
15400
10069
2369
2631
9651
6104
-3002
-2994
-18672
-13257
14224
-3998
-11652
-8721
-20174
-21713
1497
-12467
-2620
-15890
16838
-22343
9068
1706
-8227
-14912
9827
7859
11667
17765
4495
-13450
-6626
-81
1888
16250
13509
2772
-2277
-12041
9232
-17776
-14087
8108
11307
9015
-6126
132
6978
-857
-4941
18738
12970
7327
-20810
16534
-20648
10364
5213
17410
2111
6894
7514
4628
24748
-6245
-5327
23248
-3008
8995
5560
16928
-7454
-30963
-12465
17398
-9584
209
3365
-10743
-1642
17601
15750
-19550
535
-877
-7247
-2134
-5744
1377
14494
-11730
-2739
-1870
10666
-8956
6409
8899
3276
-11847
3178
-6740
12697
-4381
15753
4245
5947
-7539
5129
9965
-273
2395
-3076
5735
-20682
9214
13109
14401
892
-22469
-6009
557
3317
-4700
-10604
1407
-10610
-8961
6657
4452
-10045
7632
10787
18682
-6281
-5567
-5968
-22177
-11269
8049
-10142
-7163
19
2579
-922
3090
-22118
1743
-12599
12207
9758
-10241
7854
-1055
-16085
-20662
-1990
4939
-10417
12932
3083
-1832
2917
3738
3096
5009
-7657
-7243
-9794
-3053
648
-5009
573
-2259
-1517
-13861
-10580
-9778
-635
569
8123
2528
-983
-2708
2604
1088
15212
8451
2178
10961
1303
-5102
-4344
8966
4017
1981
5770
30514
-7415
2191
15203
-4527
-9204
391
14322
-6174
-1153
-8241
-5441
-9623
7619
9702
6140
13008
-6479
-4649
1755
7410
13501
10205
-16631
-8572
6155
4107
-1337
-4715
-3983
-3864
3552
23252
-2277
-6275
3543
-21062
-588
3370
-7403
10584
-5976
-3242
-6781
23775
14633
-4327
6621
-8068
-11040
-3849
-15171
1780
11385
-229
-4197
-6456
6850
-15460
4277
21913
-3610
-14166
6997
-1020
13857
-6914
29526
-2738
14021
1238
13638
7827
-11506
-5845
-2536
15938
-15775
3937
4226
6386
5021
-13324
-2924
9901
8368
5272
-23922
8451
-5955
-9770
5044
2995
-12646
7986
18304
15274
-2118
2112
-14318
-21990
-7550
8705
-16479
-2250
905
2495
3601
1921
-18133
2485
-19216
14741
-2717
-14338
7512
-2208
-12243
-19158
-14428
2867
-1559
17008
-8909
-6243
9018
12636
-658
7472
-6254
-5615
-8720
-835
6489
2005
12640
-4341
-10417
-22093
-13230
-5937
2130
-4184
6076
-811
3720
-8503
4741
-1490
17959
3251
2958
-7090
7343
5715
-7112
10248
9233
10474
9963
22524
-2768
-7259
5411
8295
-2037
-10745
23772
-8895
-2158
-4360
637
-16501
3670
17614
14433
10649
-21700
-1484
-3027
-298
8824
15614
-1185
1483
8605
-3796
-10666
1111
-8949
4728
-8820
23141
5357
-11284
2874
-12691
-3156
-2201
-18031
-10481
4691
2158
-8888
18243
680
7785
9208
-18684
-6508
-16828
-9966
-2265
-2246
4604
5994
-17944
-12893
-17179
-6569
9869
-15679
-17027
23062
13101
13242
-3856
20850
-15693
11839
10279
15307
4894
-2164
-15596
6510
34682
8435
-14707
-3038
16337
-4278
158
-15704
14761
7513
3523
-21554
16271
6441
3197
8893
18364
-12059
-8369
15589
22635
1134
9521
-12375
-5460
6142
2773
-10950
-1415
14053
-2174
27
-17511
4575
-20681
-13197
6433
4182
-7486
8422
13210
-1262
-23281
507
12933
-9379
11635
-309
-9187
-6360
15864
5849
5891
2387
12072
-15329
-3576
10289
678
-3743
-5977
-20795
-15304
-10184
674
-9525
-138
2417
-11
6502
-7586
6131
-12355
14857
-951
-10311
10890
-845
1971
-9567
18266
11518
3135
12105
1924
-4815
-11050
33
8526
14143
-3905
31441
3913
2070
-12331
15788
-2714
5844
14999
12231
-1281
-30567
11191
-11606
-10588
-6549
6988
9839
-2178
14091
-5383
7475
-22570
-1766
18208
5353
-2478
23317
-2314
-9551
930
-5366
9315
-21701
-1853
15901
-14129
-26025
19515
-7653
11839
10159
-8925
-6933
-21512
-15471
-384
4362
17213
24425
-11288
7382
-15546
12996
14754
-12187
-12609
11075
7962
20301
-14424
29708
-14139
12213
9311
22345
5920
-10870
-9836
8202
19665
3592
-4940
8556
25308
9383
-1137
-14634
16227
12584
7668
-21489
30709
-4398
-435
15097
10161
-16617
-4829
6566
16016
-12092
24471
-5046
-7037
8092
5490
-15471
10570
11274
3871
6906
-13073
6151
-8843
-26795
10333
-9811
-13560
9836
15478
-4260
-19861
7008
19797
-1065
29235
9934
4342
3757
14282
-3897
15124
734
-777
-19265
-4179
16389
-9292
-14961
-5873
-14893
-18168
-4224
10521
-3883
3030
-7352
-821
-3174
-18500
-1291
-11168
31063
-3449
-273
13520
5715
7627
-14333
-4664
7254
24370
7905
1036
-6728
-23735
2587
3078
-431
-4863
34292
15746
-796
-5499
8007
-4219
6314
23699
11266
-3546
-35259
23627
-29170
4527
-3628
16178
11601
-4286
-7842
13011
17391
-6841
-201
21797
-4630
20144
14510
4853
-8412
-15558
-9452
16526
-14778
-8179
8962
9017
-12546
30299
-6943
-20575
15277
8354
5520
-9311
-762
-6474
9819
6974
28184
1722
-1340
-12808
5442
5974
-10983
8277
6493
6295
5947
3200
16516
-2912
20162
2910
11513
-435
40
-9537
-2363
11734
-8287
-11081
-3455
14074
5699
-2455
-10782
-12134
-7342
-16975
-9722
5785
-1465
16260
9191
10458
-11628
-10588
-9875
6626
-2586
2608
-13031
-8320
13305
103
-11926
13562
-1057
10754
-9503
-1990
-2356
-14681
-15227
-4861
2379
8332
-2730
5881
-4477
-27274
5747
17848
1892
13880
6830
12619
1401
11008
16580
-3678
4859
4981
-15987
-17464
11433
-7340
1569
-2934
-22414
-16085
8406
-26248
-5667
-17804
14693
-23834
-2757
3605
1947
-16716
-5668
4818
8618
15123
1041
-2134
234
-1584
8446
18025
2744
-1753
-8121
-15238
4031
-15917
-10415
3161
11560
1299
-6018
5588
5368
4010
-1659
2732
10689
6608
-20183
16134
-21718
6828
3855
16427
8331
2869
724
3705
10587
146
-1286
12293
-3188
9653
4936
18049
-10077
-17986
-5479
18603
-7802
2061
5076
8131
-2510
19674
4459
-10294
6918
-2164
-6351
-4479
-2593
-2691
8319
-2603
295
3187
5120
-4079
9935
14062
610
-6725
10180
3669
4576
-10733
18170
626
1079
1589
9777
-436
-3152
2683
-13447
9596
-12243
-2710
2384
10603
5357
-7919
-5582
-144
1897
-7921
-12338
-2748
-8799
-677
5097
4871
-14891
2355
16621
13334
-3306
-375
-9043
-16922
-1846
1029
-12936
2505
-4073
12423
-4296
-4162
-10673
-6583
-10305
2380
7289
-8341
5974
-383
-8094
-19826
-5157
12302
-4422
7538
-11374
4476
2573
11206
6297
-2759
6796
-1385
-17828
-12498
3993
-1717
8560
5334
-10377
-10785
-7441
-11196
-6810
4279
5324
3485
-5335
-8358
-2609
2097
5071
-6772
-5544
3818
6434
8507
-2930
8815
5337
6777
1227
15127
-3336
-9056
9688
2184
1368
-418
20238
-7245
-4409
-633
3452
-9572
11257
5225
2323
10166
-8531
-1301
-5532
-5235
6137
14268
-3889
-10409
-1381
82
-3599
-342
-10354
6658
-216
15690
-2400
-3225
-5893
-13911
-7792
7257
-940
-6843
947
4939
-29449
42069
-3939
297
18652
-4220
-4461
-14432
-26568
3937
12404
2244
13743
848
-122
-22092
5838
35291
-9106
-13770
17131
-5843
18398
-6048
26016
-4980
10216
18367
17149
4897
-18121
-10107
-17843
20483
-9905
-16720
3250
28893
4265
-5838
-21877
-1928
3087
4940
-34320
8392
-10519
-9485
5669
10445
-20889
-582
25562
15786
-3720
16442
-15587
-18681
-12311
5717
-14698
6815
-4009
11205
7886
6658
-8481
-936
-24229
20126
5889
-2582
16562
312
5862
-33827
-1828
16984
19603
10390
-19438
4006
2071
30435
-3014
6275
13098
-4188
-21434
-26561
13691
-6368
20422
-10432
-17521
-29955
-20622
-569
-11364
-4865
12014
-5682
-4525
-7670
-2246
-7866
23225
-5403
-3014
-9532
11101
11123
-20108
13238
9731
26513
14863
2286
-2958
-23525
4288
7339
4314
-16390
31969
1776
-5952
4032
-3115
-24366
2971
18994
5557
4504
-35073
9255
-27904
614
311
27503
10126
-10860
17200
-3948
-6372
3857
-14180
21139
-16957
19989
11445
-16295
-2114
-8425
-8918
1789
-19621
-16311
11430
-3621
-26725
30357
-2519
11274
12563
-19185
-5125
-21521
-14656
1406
-824
8322
17811
-11030
-8263
-19386
-7124
14335
-13382
-21122
23871
6718
20872
-11805
27672
-16070
11815
12439
18447
1792
-5637
-17784
554
31308
9685
-18528
-1306
29819
-682
4934
-17354
9745
5382
5131
-25346
12385
-1838
-117
11513
19690
-19982
-14833
18699
20410
-8699
17094
-9644
-10567
7145
3411
-7858
5032
9783
2054
2888
-7079
10458
-19892
-13487
10649
3254
-4421
11637
9988
3431
-32521
5631
20821
3544
13346
-4345
91
-4336
28592
5339
6487
14411
6329
-21076
-16787
13683
-9121
1087
-7183
-22297
-20210
-7877
2170
-12718
-458
-1366
-1573
-1059
-13997
108
-12058
21752
-2456
-14271
11322
-3615
11384
-15413
11736
6618
17708
13387
-8174
1264
-18316
-710
5984
10926
-2056
33248
10958
2097
-4637
12648
-7897
10279
17944
12080
-3194
-41288
15759
-24352
-6058
-8168
21153
16735
-7810
9372
-3398
13995
-16940
-1879
23032
-4816
4435
28665
-6149
-11902
-4064
-6259
13172
-23471
-8001
16513
-5320
-33833
19927
-9219
13392
12978
-6619
-5573
-29524
-6130
-6621
5018
17006
36097
-11457
3504
-18023
6383
5708
-17007
-15182
6904
10318
18319
-8253
28580
-14151
20871
8392
14643
481
-8375
-12458
13944
16830
11903
-9675
2140
24093
8096
2772
-14231
17267
8363
-3474
-19031
22684
896
209
10935
8425
-22387
-12305
3217
7147
-17893
21215
-10007
-4216
15137
-1800
-16621
17464
14962
7633
5013
-18748
11630
-10865
-22660
4050
-11834
-4192
6912
10472
-4440
-18164
11611
19252
-976
30098
7484
1675
-1428
12630
-1634
10160
4899
1872
-16599
-11411
16043
-7890
-10646
-4030
-20096
-11214
-2690
-486
-12277
3241
-10434
-6011
-6741
-18857
2856
-18650
22482
-4458
-3423
12520
3026
11269
-7761
-9266
8385
20240
-367
-5349
-10649
-22197
822
2395
-4245
5215
21989
15803
1119
-3534
13355
2271
-70
20971
11429
-4313
-35263
23536
-26054
-3150
-6739
2105
15593
-12352
-16068
2106
14098
-9929
2604
19696
-11015
16766
17473
6198
-14868
-12792
-6183
14471
-15493
-304
9193
3008
-2717
23125
-2703
-8085
5087
-9186
-2751
105
-1632
-2088
2581
4955
11142
-11041
19927
-14121
7140
25593
-2687
-5781
6281
2144
14385
-14089
27824
-4911
17450
-4995
17966
6206
-12378
2780
-5543
16319
-9894
-2617
6645
17814
15403
-7596
-3569
9345
1003
-2346
-14543
8421
-6859
7373
15019
13774
-10008
-1598
12754
13428
856
8482
-15287
-22643
10473
14503
-23532
-4574
5611
15546
-8812
-9574
-9122
-14243
-18196
4908
3785
-8280
8000
-21
-5520
-25316
-9765
10501
-475
18694
1258
7550
12719
16040
7362
2693
1949
6881
-15689
-8694
3428
-2397
8555
10812
-14686
-16238
-8896
-9808
-3042
-600
-12905
2515
-3907
-18493
1673
-9884
9449
1167
-4604
4103
7527
7608
-5086
14338
4769
12327
2466
9884
-3526
-15081
7771
1420
10093
-6361
27739
1899
-6392
-8353
9497
-4680
11105
10201
18444
10045
-21892
8363
-11419
-11947
7177
18366
-1359
-17106
2395
3734
4896
4738
-8612
14175
-657
24553
4377
2784
-9131
-15157
-11558
15729
-7067
-4553
4000
1487
-32056
40040
-3813
7279
12942
-3947
-10883
-21498
-24485
1641
9904
13182
26611
-9557
8021
-25811
6646
28010
-5101
-10305
7631
-6564
17987
-2941
22192
-5370
20985
11411
20250
2833
-28171
-9434
2736
18484
1413
-11912
1335
31086
13516
568
-16896
11501
8852
9652
-31266
16898
-11592
-8069
4713
9716
-23220
-7083
20920
4760
-10612
19442
-19886
-20346
-1250
10898
-16597
8027
-2457
8742
11435
-6720
-473
-5728
-24692
16592
8047
3559
14070
5982
3966
-26313
2359
13419
16907
17832
-13100
3739
5423
25039
-9394
13393
11216
-130
-13163
-18977
10597
159
16068
-6681
-16471
-22004
-17010
979
-11255
-5379
-435
-458
-9426
-10508
-3174
-17952
24358
-3075
138
-6183
8122
14162
-15685
14181
4747
21867
3961
-5969
-1042
-25312
3209
11905
2849
-9549
18298
7839
-8168
2055
357
-15923
-632
23874
14865
5319
-35293
11965
-28210
-3986
-60
14047
12999
-18404
6121
1393
-3811
-1836
-11968
21872
-16017
21329
9301
-7518
-2736
-9669
-4461
7142
-27892
-15330
14330
-5396
-25270
31621
5696
-4582
10202
-4273
-15096
-29974
-14637
5129
-2318
8999
19624
-20379
-1905
-21272
-4450
5499
-22779
-19246
19873
8645
24944
-10225
34208
-9793
21116
5184
24497
242
-9620
-15291
13474
26684
6981
-4868
-4953
35603
-6183
193
-9544
9678
16816
969
-31543
17440
957
-1854
11395
17336
-30269
-5677
9191
10329
-11047
19141
-7957
-19138
13625
7324
-11410
3702
5466
7079
9848
-11329
8570
-14230
-23522
10746
-2576
-4759
5528
16964
-5456
-33592
7955
11900
-8390
23933
-3182
7214
-4084
14483
-4150
8855
267
5791
-27801
-21627
13621
-3036
-3806
-8310
-21801
-23059
-7745
485
-9571
-1611
-6885
-3395
-6248
-17833
-2120
-10482
23667
-4078
-3809
6464
-1232
9161
-14279
5115
2989
19864
-386
-3929
-3986
-20904
-4976
3319
4317
1
19301
10234
-2423
-16
8788
-3292
10439
17573
16423
468
-45422
15441
-24198
-6468
-1130
10759
11776
-17201
2383
5129
12376
-17632
-3423
14311
-9625
18411
14191
82
1056
-6403
-4313
16396
