-32
-49
-79
-42
-46
-69
6
-44
53
7
-42
-24
10
-21
9
-2
36
-5
54
-15
-3
-46
-61
76
11
-24
17
15
-108
60
40
-1
61
65
33
-91
11
-22
-60
-69
13
-28
49
-20
45
-19
-60
-16
-26
-28
81
16
-8
11
5
-122
-74
-100
102
20
-127
46
58
-46
-31
-36
-74
-12
40
-88
-75
-127
-6
-101
-78
64
-46
81
-101
-18
49
-29
10
23
-48
23
-127
-6
11
-16
27
-102
-44
15
21
27
64
-116
14
41
109
-24
-78
18
127
-53
61
-16
-21
-8
-67
64
11
7
-113
-127
-6
-3
-65
13
-121
-26
-23
-89
31
29
-4
52
-30
5
23
-51
-5
-85
90
-35
50
-84
-41
0
107
43
30
71
-21
34
-68
-117
17
73
-101
89
-99
-66
-12
-25
-23
81
43
30
-19
117
6
-7
38
66
-10
-25
56
5
-4
-127
12
-127
-32
-81
-19
-45
-36
117
54
64
35
-27
-25
-48
-9
81
-12
9
-53
74
-75
27
117
8
62
56
58
112
-79
39
89
14
-42
117
-127
-34
12
43
30
51
-47
78
-20
43
50
-124
49
-82
-127
-116
25
127
127
-124
71
-28
127
43
40
7
81
-117
62
-63
21
56
-42
43
-121
40
8
58
34
-119
-116
66
-59
36
76
-105
127
15
88
127
14
21
81
-127
-5
-45
127
56
44
-85
-15
53
127
15
48
127
-115
127
-127
-21
-13
39
-127
-48
-127
-29
-31
-38
109
45
-92
-14
-15
-15
16
39
-11
-55
60
-90
17
3
-127
-102
18
-14
88
-58
-15
-58
-127
63
22
-127
18
25
-36
-76
-68
-116
93
-9
-113
53
-76
52
-47
37
47
39
90
-61
-93
-17
-83
16
4
-46
18
-33
101
2
-127
69
-36
57
27
-42
-86
-101
53
-23
-123
-55
37
57
76
-82
-127
-125
117
-57
14
-86
25
-74
33
-55
-22
127
76
-71
-55
119
27
-10
-2
-89
-127
50
-2
127
55
-127
115
13
101
84
58
5
-127
-56
-127
-87
13
-5
72
-58
-57
-6
22
127
-61
-49
32
2
42
104
89
-127
-78
100
4
-42
-31
-10
-70
15
60
13
-39
-22
17
34
123
-117
-69
-69
-102
-76
28
121
17
-37
53
-117
56
56
98
37
13
-71
-21
-113
23
-101
89
-22
-21
39
55
119
-77
50
-81
64
51
46
-126
-14
-32
-115
-87
-15
-8
93
-87
94
-127
17
-28
-70
-80
-113
-25
78
1
-11
-30
17
102
91
-93
43
-38
-36
-96
37
-56
109
-127
-63
65
79
2
-51
65
-9
-15
33
94
-2
-51
33
54
-127
-19
63
-127
37
-62
-59
-108
63
-108
65
64
13
-31
15
94
-127
70
-110
127
-127
-122
-76
75
66
-125
29
29
53
-37
45
84
20
-100
-28
21
-127
-120
-52
-50
3
8
-25
-111
-116
86
102
-4
127
-127
71
92
-113
116
96
80
27
-127
-127
-127
111
35
103
64
124
-73
-127
127
-127
-10
115
67
-62
127
127
-127
127
127
127
38
124
-64
27
-84
-38
74
-71
-84
-95
64
123
-113
127
73
58
-127
-47
28
21
1
-65
-17
-127
109
-37
-127
64
12
-95
-103
-2
-88
-60
14
-103
-39
109
-46
-127
127
107
-127
97
104
127
118
111
92
18
-111
125
44
84
22
-101
-100
-42
-122
108
81
124
27
39
1
-77
58
40
84
-117
-40
-127
67
89
-127
34
-127
77
47
-127
86
100
-66
-127
-16
-82
-127
-62
127
0
-110
-72
-68
-70
16
5
-127
-108
18
19
36
-127
-76
-42
52
95
-62
80
-64
127
-101
7
25
17
-81
-15
-11
-105
-127
60
53
-54
-12
92
-108
112
-50
90
-85
127
79
-42
-89
79
-83
-110
32
-124
123
58
65
38
12
74
-101
46
33
-127
-76
-127
29
-88
121
-127
-123
74
97
-107
90
-127
-76
-127
95
3
-35
109
-35
-51
60
31
-7
34
127
78
95
-50
87
-65
-88
124
-29
122
28
-39
-50
-80
-127
90
-127
63
-49
-57
-74
-16
21
46
26
-93
44
68
-53
22
49
-38
73
-50
-125
-58
70
-106
-54
18
29
-96
-46
75
0
-41
48
-127
-127
-127
7
41
72
-91
14
-63
-127
41
-87
-110
-82
1
84
-10
2
-124
67
114
-85
-107
-8
5
-14
89
42
-127
118
-79
39
63
87
65
-22
-21
-32
71
-12
-36
-81
-70
-127
-94
-127
-68
106
127
-20
29
51
54
-45
-127
30
61
5
-37
-127
114
-62
66
56
-5
-38
29
-10
2
-13
83
-107
39
-23
-75
-127
-59
23
-34
48
-81
-71
11
127
53
84
-37
19
47
-109
51
-127
17
22
-60
31
-42
-80
127
-111
-86
105
-42
80
-127
14
-114
127
42
-2
-61
49
44
44
44
-81
75
127
-118
-95
-99
61
-82
26
86
-107
-127
-7
-70
-126
-7
-2
-3
-77
124
-71
84
-39
27
79
14
-109
20
9
-88
-74
-115
86
127
-127
-68
-28
-103
20
-109
51
80
28
-127
79
32
10
118
42
45
-93
54
-127
106
-123
-127
-34
-72
1
-127
52
86
15
82
85
127
-97
-112
81
-54
-1
-120
-86
-2
-112
87
45
16
-49
-83
-20
19
42
-27
-68
59
-86
-127
-84
-37
52
-22
-18
127
-114
38
116
-56
127
-63
-21
127
-49
71
-34
-6
19
-127
24
11
-35
73
-57
42
-2
-12
-73
19
35
-74
83
12
23
-111
81
10
-45
-27
53
31
118
82
-107
-78
81
-40
107
127
60
-104
-127
-98
-103
10
-127
-127
-111
-64
-61
127
79
6
-26
34
-127
0
-42
38
-27
-72
-25
15
-70
15
-127
-11
-107
-90
-28
84
-86
-91
71
-15
-8
96
-64
36
-127
-52
-27
119
-127
66
-71
-127
110
52
-40
90
1
21
122
66
-38
-27
50
-97
-127
-23
-80
74
-39
-31
78
-61
-8
-127
-91
-67
-62
-114
86
127
-26
-100
-67
-42
20
-6
-55
120
-59
-1
71
-125
106
-105
-18
3
-58
63
-2
-4
-48
-43
35
11
