0
67
-1157
-2108
20
0
-565
376
0
0
0
2930
-508
-218
0
-582
0
841
-5943
-279
-1229
-494
301
-186
385
-1472
-1520
649
-1515
0
420
600
2394
872
5360
-1811
-995
-2814
0
-530
-2442
953
-455
-2957
-1720
0
-2463
-5361
-1822
-3192
-751
-1950
-711
-780
-1954
0
0
-432
4451
0
-905
0
610
-381
2573
-536
242
-1267
-320
-1053
-10
4819
0
-22
-643
-917
1407
0
2343
408
635
-1310
0
5753
-168
-1492
395
630
0
318
-5319
-504
3293
-887
-129
132
301
-4088
-2806
-480
-1026
0
-4450
-330
-753
-3726
1526
-5912
-955
-5082
22
208
-3983
-407
-48
-1408
4467
-159
-668
-5775
-1306
-3452
-2000
-6415
-197
-1524
-2505
-525
-213
278
1211
0
13057
0
989
243
-3574
276
-1397
-1135
-124
-1623
-1047
2019
0
-2268
-479
-1033
1783
0
-836
-476
-45
494
0
-46
0
-3058
616
-1170
0
-1435
-5046
-92
14152
677
-1
-234
-650
-4308
-1454
-617
-1119
0
-3879
0
-703
-249
1062
-4821
628
-4453
176
1792
-3296
-393
140
-2475
-369
385
5
-7147
-815
-1404
0
-4026
-1059
-445
-1445
530
261
-1557
3219
0
3076
0
521
234
-5169
-1292
0
-546
0
1198
20
-2150
0
-1002
-906
-2190
3122
0
836
329
1735
-302
-140
20
0
-8672
875
-970
0
-1167
-5145
-767
7330
-598
-432
-2057
223
-1728
-718
1011
918
0
-2053
-596
930
-1480
5660
-4439
308
-5613
-57
586
-3636
-2206
-474
-732
1304
1067
-2547
-1223
-10661
-1288
-2827
-3373
-1790
-704
-11
-1464
-135
-759
3808
1217
1248
0
470
0
-504
-196
0
-267
0
-1738
460
-3054
0
2588
-380
-2274
-396
0
1380
357
-135
-38
-1092
107
0
2220
508
1050
0
-1266
-779
-572
7129
-1141
-96
-2060
1451
-2526
-788
-1058
816
0
-901
2840
-416
-447
-596
-2946
68
-2023
-165
307
-58
-1070
30
-506
-1848
392
274
-2357
-5228
0
-1637
-3118
-430
-802
-3210
298
0
2706
1071
-127
4599
0
-173
0
-1998
0
0
-336
0
258
-363
-1218
0
-197
-1363
-3853
-78
0
2384
168
1016
0
0
5035
-208
-236
0
-762
0
-703
-4035
-478
-681
-471
-758
-2689
1082
-528
947
154
-10281
-2402
2014
728
-86
3838
3234
-3172
-1811
910
792
-767
-4110
-1956
-728
31
-535
1876
-2442
-6495
-661
-2043
-1158
-1443
-878
-3105
-2528
162
0
-1530
-3556
291
-982
18
803
-2163
1382
-1380
245
1587
-312
-1914
-1153
7199
0
-556
-1507
1857
817
-85
718
-704
3751
1735
0
12676
-196
-3498
-251
228
0
-2085
-3255
43
2680
-651
1300
305
1501
-5336
-498
3087
-12355
-3166
-5492
-295
4675
-3963
-4244
-5658
-701
-1064
-265
1162
-2602
-3063
-389
-228
3650
1849
-353
-8576
-109
-3879
-2655
-9060
-407
-5273
-5624
-2177
-766
717
-3602
-81
2995
-426
1311
1386
-2459
-4572
-2281
-509
-348
-4880
-1732
2159
0
2505
-1212
-458
6386
29
-303
329
-736
-1363
0
-20
0
-7578
-189
-570
0
-3612
-2232
23
11711
-283
-324
-589
1514
-1783
-1565
335
-10200
-1071
-5057
1332
-370
-919
-1399
-7138
-198
-5016
1342
3527
-3217
-1405
-750
2061
760
2118
-2270
-11414
-6018
-3497
0
-5087
-1493
-3673
-7800
-681
754
-2935
-2303
-9
-2312
-522
2071
1248
-3356
-2796
-1016
325
0
-3966
-1135
-4759
0
4531
-690
-4260
289
101
500
147
-1665
-1397
-3556
-29
0
-13129
759
-1270
0
-1484
-3623
-1863
3964
-117
40
-8445
1535
-2539
-1703
-2113
-10016
-243
-5559
-1087
714
-2568
7454
-7554
-477
-6336
-1389
1747
-6255
1747
-2299
1657
9716
961
-6225
-4682
-22111
-2474
-2964
-4677
-1516
-4414
-2000
-766
51
-2927
-4718
2621
801
0
2314
0
286
-658
0
415
0
-2444
-878
-4141
0
2754
-390
-2782
-2303
0
316
-616
150
-414
-504
127
0
-1125
496
380
0
-2696
-39
-47
4965
-368
-84
-2387
2194
-907
-758
-1586
-7227
-1143
-58
778
3421
-2669
-1913
-592
86
-5082
-130
1587
-2207
213
603
-1144
-1435
42
480
-2225
-781
-450
-1760
-3040
-1212
-5228
-4569
1156
0
1125
-3252
-17
5837
0
506
0
-4829
404
0
420
0
-7054
-2244
-2221
0
66
-161
-1677
0
-170
3804
0
2002
-340
0
377
0
0
0
0
127
-364
-468
0
46
-689
-273
-3513
847
-3768
2126
-39
-3490
122
2730
2342
416
2488
3886
-680
45
692
-187
-2405
-3502
-198
-889
1948
-632
105
-990
-4535
0
-2510
-1045
12
835
-650
-471
-265
0
65
-1238
866
224
-156
550
-4583
777
-8753
472
116
0
-839
-2155
7634
0
-543
-678
-1721
1018
-53
1377
0
2777
1410
0
9635
0
-3160
59
0
12
-198
-3144
-329
2049
18
-394
-2428
2759
-6657
1568
5001
-8812
85
-3100
-1780
386
-6728
780
-4614
-237
277
1049
4472
-1828
-1657
-886
-3413
4152
1501
-370
-5086
-1171
-2519
-2865
-7711
11
-2573
-2468
-1906
-568
-1964
-1824
371
2065
96
2413
2553
-952
-477
-823
176
0
-1762
-2703
490
0
5909
-329
-1631
7863
242
-1518
0
686
-3072
-85
0
-200
-12964
970
0
-88
-2956
-1557
889
6910
-603
-597
-252
476
18
-1428
2280
-6700
-1336
-5960
396
619
-623
-348
-6024
-229
-4779
-760
3698
-1589
-1251
-2202
-486
230
803
-3216
-8019
-6910
-4657
-5775
-1016
-1998
-6213
-7678
-1121
696
-3872
-1152
-270
-5513
168
3768
2304
-1397
-5580
-10
10
0
-998
-119
-5007
0
6732
129
-3086
-1059
127
-1332
0
-3059
-2150
-691
0
-130
-12591
547
0
0
-3535
-239
-1288
2167
-374
-128
-5105
726
-954
-1758
-3127
-7158
-3182
-433
29
-479
458
7024
-5123
-1488
-3127
3096
-1298
-4468
-303
-3152
-253
-1368
64
-3289
-4873
-13624
-765
-2367
-4487
-1656
-4980
-2076
-3772
-360
-5374
1143
2396
-2108
0
3121
0
1598
-33
-127
-50
0
-2502
-1117
-2130
0
-1464
-199
-3604
-5891
0
744
0
-814
-288
936
0
-146
-5748
820
0
0
-6367
-604
-308
3846
550
0
-4916
1597
1496
0
-2039
-2084
-2377
-1730
2666
1110
-1189
-2281
-2850
-197
-3355
-1530
1602
1260
-1801
-151
0
3825
56
745
-1324
841
-1373
-2177
-1130
-670
-5381
-226
378
0
2751
981
599
3558
0
1270
0
-5982
-6199
0
0
0
-3044
-847
-1174
0
3188
-339
-151
-85
19
-1722
0
-162
386
0
7366
0
-1888
25
0
117
99
-1872
-413
255
-399
-1456
-1693
2159
-1580
2168
1280
-4152
-1694
-1111
-2815
550
-4986
-3031
-548
0
884
-2542
2039
-217
-322
-416
738
872
109
0
-2392
-381
-2148
1485
-3321
-147
-793
-1882
-2275
240
-4290
-192
910
-7186
-762
576
486
-29
1268
-1334
0
0
-3280
-1601
101
0
3243
-39
29
-1086
262
3228
0
-193
-664
-2159
0
234
-10344
-481
0
61
-3861
108
-308
2396
132
-1248
-3311
-230
-1032
-927
3441
-5295
-742
-2676
-2106
200
1106
-1437
-1428
5
1263
164
4021
-525
-406
-3128
893
2244
44
-2706
-5034
-7425
-2574
2498
399
912
-577
-3468
-728
-656
-4756
0
-105
-5225
-318
1442
1198
-1406
-5750
-623
0
0
-3291
-127
-4319
0
1417
-126
-3533
484
18
2331
0
-1830
-2133
-306
0
-254
-8866
-25
0
0
-2358
2382
-1470
1163
-58
-112
-6868
959
-192
-918
-953
-2478
-187
-193
-4242
-1433
-422
3566
-1614
32
4668
-1310
-1430
-3232
-988
-4232
-572
299
120
-2734
-2650
-5690
502
266
-2522
4658
1353
-3554
-1379
-1016
-4600
-657
514
-3106
0
918
0
2645
-5480
-4
0
0
-264
0
-731
