-45
-62
-127
-25
-67
-44
35
-17
7
37
-52
4
53
41
16
9
-16
-82
18
37
-53
-8
40
61
-14
-13
-13
3
20
84
30
23
78
19
-37
22
-19
6
-21
-29
20
-16
-13
-57
9
-11
-63
-12
58
-34
-13
-21
-27
-34
-16
6
36
1
6
-43
-23
1
7
14
-63
-36
-20
-18
28
-15
35
-26
50
-60
20
58
-3
-72
34
100
-7
82
127
11
13
25
-2
19
70
-104
-36
51
-35
-79
-23
-58
60
11
-104
-9
37
30
-16
34
22
7
-15
-46
-79
-61
-26
-35
51
31
48
-84
-2
23
8
1
44
-36
-79
-16
23
18
61
48
32
-7
-55
14
23
43
-50
-4
-103
14
-43
82
39
25
-29
-50
27
55
65
42
100
-95
0
44
55
11
-22
-36
10
31
90
-95
-37
3
51
12
-85
0
-68
-40
-64
-76
39
20
-41
35
22
-50
18
47
-25
-1
29
24
0
67
57
-5
-36
-127
-10
-31
12
17
-30
-1
-9
-48
3
-33
126
-66
-127
19
-4
23
9
77
39
-5
75
97
-76
68
-28
-84
-67
-39
127
-22
-4
27
-92
71
8
-26
1
-48
-20
33
-71
-56
102
-48
-3
61
-26
17
-31
96
-77
-21
35
29
-22
-93
-30
-49
68
13
-14
89
-32
-19
-108
14
8
-106
-46
54
87
-6
-24
64
71
80
24
3
-116
59
-4
-10
-65
-60
74
36
-46
-72
15
-18
74
-33
41
60
-31
10
-50
15
-2
-47
71
37
16
-3
-37
-4
23
-68
-3
-27
28
-62
79
25
-3
96
-70
29
-73
37
0
-21
-82
-81
-32
30
-123
27
66
-5
54
12
-26
54
-7
-22
-5
43
-57
-127
0
70
-10
42
67
8
-42
21
-12
-16
-81
20
-73
-3
-50
35
67
17
-8
-34
29
81
-69
-9
41
-9
8
-12
-31
-107
66
-69
-18
-127
52
-87
-78
28
-110
-12
17
-1
-22
8
38
20
-6
9
65
63
71
-35
44
-20
-93
-53
50
36
-16
-32
65
-40
-40
-65
9
-87
34
-106
-118
58
-24
11
-63
83
71
38
97
58
3
41
-33
-26
35
-41
-111
-79
-80
-19
64
-101
7
1
15
-2
62
23
37
-9
10
96
98
-6
-36
-5
48
4
127
-7
-62
14
23
-37
23
1
-3
40
-60
-30
-40
-11
36
53
-37
-40
30
13
-11
-74
4
-19
4
-39
-21
47
46
19
48
-1
-27
-47
-29
80
33
-27
-11
9
20
11
-50
-25
17
54
15
15
7
-37
16
28
-19
62
-18
10
7
31
-55
-102
115
59
-33
25
28
-88
-6
-28
0
-51
46
2
-7
27
69
71
26
-24
-42
-80
-25
4
-27
29
24
-61
-58
104
64
7
34
33
60
16
20
88
36
13
33
-78
50
59
32
-43
124
5
-53
-16
-20
11
-55
-65
89
40
-14
27
10
17
23
79
0
-1
-61
76
-17
1
80
10
-9
47
-127
-58
21
22
-63
-28
23
0
-39
22
15
33
-72
-18
-32
-47
-39
22
-26
80
-18
-94
-31
-72
26
-97
-55
-15
-55
125
27
-9
22
7
-46
38
-41
-72
11
-5
-9
40
-45
53
-72
-127
30
38
-19
36
13
8
-3
10
-97
96
-62
-21
11
-42
-4
-28
-8
45
-21
-37
-37
1
10
-14
-59
5
58
5
-20
-32
43
-38
-17
-50
-57
14
75
19
-47
2
1
-24
69
17
42
-17
25
-34
-41
-39
-15
12
-38
-37
-1
59
48
-47
-1
10
42
62
22
24
59
53
3
-28
-2
32
9
12
-13
-15
8
-27
-45
46
-64
-67
66
18
12
-20
-10
23
-37
74
-57
-11
-5
-14
32
18
5
-12
-18
18
-127
-42
94
-42
-31
-31
-28
93
22
-58
-30
12
100
-17
-49
41
-29
-33
-14
32
50
93
-39
-46
30
-6
51
-52
54
-5
-21
13
19
48
-26
-18
-14
-126
127
-27
-80
44
13
99
37
70
-57
15
19
16
-105
0
-11
79
27
-44
-64
30
-73
79
-6
91
-125
-94
81
8
-7
-65
49
41
-29
25
6
-83
40
104
-35
69
-18
-77
39
44
-48
-95
-84
-97
-20
-9
-30
-68
50
88
13
45
70
-36
-40
28
-44
-24
28
-32
9
31
113
-124
16
5
9
-44
-11
20
126
38
7
74
17
-66
47
-40
32
-50
-116
-7
21
-107
-71
-7
-3
-105
-2
-15
-29
-7
-107
-16
-2
34
18
78
10
-108
15
127
43
34
81
-57
-68
-28
121
98
99
29
50
38
13
9
35
39
15
17
10
38
101
17
19
-32
-14
29
30
-82
36
-89
76
10
29
-63
37
4
86
-3
-2
-15
67
5
32
127
-71
7
-25
-33
-41
-21
8
77
26
56
101
110
-22
-63
-11
73
6
-3
-37
-14
-33
24
-38
31
54
4
-97
45
-21
-19
30
18
33
30
-19
51
17
26
-45
-6
12
4
-8
-58
6
-59
20
-3
-63
-34
-78
27
-55
-50
-20
88
-16
31
-25
64
-34
3
-47
-7
-1
-14
-44
-4
30
-30
-65
44
14
27
39
50
-54
-6
20
-97
71
67
-12
27
-31
-33
-52
-17
34
55
13
5
-57
-10
45
11
50
-14
-24
-1
127
1
89
-65
43
19
-10
-35
-15
44
15
46
-9
-6
34
-39
17
0
-34
0
18
63
46
-110
42
36
-37
67
-127
-55
-23
-5
-4
-40
-40
-61
-71
-9
2
-53
-5
-43
-20
98
-15
-50
54
-30
27
36
-2
-49
20
-40
-52
-90
37
-65
-80
-56
-83
17
38
-86
-44
-42
16
98
-50
29
-50
-21
2
80
2
-22
8
-74
-10
-10
37
-42
12
-15
-89
-87
-25
-89
-37
-8
-72
1
26
2
-27
13
-115
86
27
-44
-58
43
42
-38
-11
22
-25
32
28
-6
16
-26
-18
20
-61
67
-13
-55
-46
33
-86
-61
-22
29
-49
127
-96
88
-8
-8
-51
41
-19
-56
-63
51
72
-32
-72
20
18
-70
21
-66
61
26
-16
59
90
-59
93
-91
-1
-74
-19
18
74
70
-26
22
50
-33
-74
-74
-76
20
-44
35
8
-14
-65
-47
54
-4
-3
36
12
73
18
15
12
-60
32
-14
-21
78
29
86
29
96
-57
89
13
120
59
17
31
-47
53
-67
-10
59
-108
-5
36
-21
39
-25
-10
22
32
-38
-127
61
33
-91
24
-111
-23
58
67
63
-24
-46
21
-15
17
5
44
99
23
40
45
82
82
-97
-44
-109
0
-79
-49
19
-89
2
-3
37
22
-41
-58
-24
76
-11
10
24
-14
-31
-22
-26
-14
41
31
-16
20
78
23
30
-19
44
-1
52
-4
10
0
-5
-60
19
127
87
57
-59
-20
76
-37
48
-38
-34
38
23
-9
-113
-29
65
-2
-21
29
-80
-30
78
38
-12
-90
82
68
-9
16
-23
-94
-48
35
-48
-8
-27
25
-27
-15
-11
61
22
11
-54
41
58
-45
21
-36
20
6
0
-36
-38
-25
-5
0
9
91
-30
12
4
40
64
3
22
48
127
15
-14
-77
-35
93
-59
81
-11
-78
-78
-9
36
96
22
61
45
-24
55
26
-34
18
-29
81
4
-55
32
-84
6
9
2
14
43
-2
-28
-2
-16
-85
-3
2
-9
-38
17
7
-26
-38
32
-13
49
11
-8
17
-6
-79
-2
-41
2
16
-22
-79
4
34
-86
23
-55
-21
23
-21
-36
21
-14
-46
-12
34
-27
32
-97
9
-53
-7
-69
9
36
27
-16
22
-43
-3
16
61
24
-5
-127
-10
-57
-1
24
30
16
2
18
-49
51
101
-30
78
-33
73
-48
40
-46
25
29
-27
81
-86
18
25
5
-72
-1
70
-99
34
-43
-26
37
-63
22
103
24
27
5
-56
2
78
-31
-1
-1
-44
-28
35
14
32
-52
-13
2
-19
34
-2
9
86
-59
33
-48
27
47
-30
-19
127
58
29
-17
0
12
-36
-75
80
6
72
50
-31
32
120
26
6
4
26
106
77
53
-70
-36
-39
-33
2
-127
37
30
62
-62
-12
-2
-71
22
1
-11
51
-17
38
10
-37
48
23
-47
46
-1
-104
-22
-10
89
43
55
46
0
76
22
-65
87
19
77
-45
52
17
44
27
-28
-64
-98
-91
120
-53
-44
59
-90
-83
59
40
96
47
-54
-40
-39
35
-19
31
-38
-30
-59
-5
-24
-98
10
31
-44
-39
-18
-105
11
-127
-1
91
34
27
-55
-13
2
-42
-36
71
-36
-25
-6
44
-44
6
70
25
-40
50
-53
-94
-97
44
-35
37
-27
29
36
51
-45
-27
-23
-42
-77
-74
40
-28
-22
-62
6
38
-53
-21
1
-26
14
-27
-85
4
14
-17
33
14
54
-54
-25
12
15
-15
-49
-7
46
-14
79
27
-99
-9
27
-127
55
91
56
-47
56
84
-26
66
-26
-33
-17
-37
39
48
-21
-108
-44
-33
-62
-58
9
-53
13
49
-58
106
-2
-30
-50
3
61
-35
32
23
-65
-11
-45
-44
85
22
48
-15
-78
-39
-25
-48
-37
-10
-50
-6
23
-28
-8
-24
0
-23
2
-96
-17
24
-51
-24
-20
14
-4
96
-94
-6
-4
16
51
-31
42
-39
-30
9
-11
-32
9
14
-41
25
23
19
74
-14
-10
72
-79
14
-89
54
-27
-30
-38
-61
-67
-20
-3
-127
3
-68
-35
53
18
-29
50
-87
-45
68
-51
-2
44
-72
86
-88
27
-55
-61
23
-12
-67
-16
25
-34
8
-12
6
-51
62
69
59
57
-18
32
17
-16
60
-17
29
-6
-57
25
-82
26
8
-51
-9
-32
-47
-48
-32
71
10
-19
-24
34
22
-14
-5
-1
10
45
13
48
-30
35
104
9
50
2
-14
-54
49
46
-89
-31
1
41
16
37
-11
13
29
-22
28
-43
-21
127
-26
-26
14
6
-25
-23
11
63
-37
-40
7
8
-37
40
-14
127
-47
35
51
28
25
-20
-66
14
20
38
103
-60
40
58
37
-15
14
-54
-18
22
-1
-33
-45
5
-38
96
57
-64
-61
-13
-103
-57
86
-27
-53
-22
30
60
44
-12
5
31
-6
-18
56
-40
-7
-10
-64
-6
-80
-14
10
-14
-29
44
74
29
14
-12
20
6
-62
-69
-17
-39
-11
30
35
-39
-36
-12
34
-3
31
-26
-52
-22
36
49
74
-62
93
-9
-99
33
-94
-39
-26
-25
32
-46
-81
-23
-47
0
3
3
19
27
-34
-58
-64
-24
125
-7
52
65
-58
7
58
-6
-107
-38
43
-19
37
-9
12
-21
91
-127
-79
9
73
66
-15
-16
42
30
5
36
80
84
-56
-27
86
20
21
-8
-33
55
-104
-11
-10
6
-88
-83
-31
-12
-32
-61
92
-5
-99
61
-12
14
-31
23
18
-109
76
-14
-55
-65
-39
43
44
76
-42
-42
24
-71
48
-25
-126
-28
-103
-44
10
26
21
29
-69
-20
-43
-29
69
-96
-4
-55
101
-57
50
53
-127
56
-1
-9
-61
19
-54
-78
-18
27
-101
-51
39
29
8
87
-52
-93
27
-1
33
-51
-2
98
-43
-6
56
-53
-9
9
-43
-42
-39
12
42
1
-20
15
12
65
-21
17
78
-18
35
-58
48
-29
79
38
60
12
-2
48
27
-27
29
-15
-14
-33
5
-9
-34
-10
-13
127
-18
20
-87
62
46
5
-29
13
-15
11
59
14
-30
-17
-25
5
-2
1
10
-18
16
-46
36
41
70
22
127
-28
-53
-16
0
-113
52
0
73
115
-17
5
-56
71
55
-31
-110
-50
-46
59
0
-65
42
82
-37
-55
9
-45
23
-37
-7
22
22
-42
-81
-44
-52
-55
-50
63
29
12
61
103
-19
45
118
-74
71
-77
-3
-39
-30
58
96
28
44
6
-51
19
26
15
-40
3
28
5
33
-37
-94
-10
91
76
-21
64
29
66
39
-127
-8
-6
-73
-61
-26
-75
79
-18
20
28
5
95
-62
49
87
17
-64
-13
43
-14
-65
72
0
-52
-6
45
-49
56
84
40
59
-78
0
64
81
-27
-79
62
-74
3
-35
6
16
93
5
48
103
-81
6
29
-65
-4
-3
-33
-80
-18
11
75
-28
-62
-114
68
62
97
23
-34
-44
-29
-21
40
14
-13
-39
-7
-6
7
-35
-26
-3
-31
21
-8
6
-21
16
-6
-27
-24
28
12
6
74
1
127
24
-11
8
-12
-96
-1
24
17
53
-10
-7
-23
39
41
-92
-4
-24
40
-28
22
-24
18
24
29
-28
-40
-17
0
-2
-36
53
-55
-76
76
-43
-4
35
25
9
1
54
-23
-19
-27
-9
11
-29
31
60
-28
68
65
34
9
127
-11
21
56
-51
-37
24
26
21
-9
-15
5
-57
24
37
-9
-15
-61
14
2
-35
-2
86
9
60
-17
-38
28
22
-43
-8
22
-38
19
-5
35
1
6
55
9
-42
-52
36
42
13
62
71
95
-4
42
45
21
-25
-30
29
-78
24
-59
-9
21
-83
-105
29
-102
6
7
-31
88
-11
-19
-28
-108
127
-7
-116
15
-55
-23
42
-89
44
-117
-69
68
31
-81
47
5
-23
23
-7
-41
-45
-3
5
63
-61
22
-49
30
57
79
-6
112
-64
-36
29
30
-100
40
38
11
-99
-57
-71
82
-39
-114
-49
5
11
-6
40
-28
112
-7
13
43
41
-87
47
-88
-36
-22
54
-45
43
-120
-39
24
-9
40
-32
-41
-76
62
-37
78
-48
16
63
-58
60
-27
-61
26
-53
21
5
97
7
0
-127
-7
-48
0
28
24
-4
79
-5
-48
72
-19
-24
-16
27
-122
-30
-91
-5
-9
-76
-34
35
-116
95
15
-30
-25
-40
-25
31
85
-40
-5
27
-36
33
-4
-24
-18
-27
-22
30
-63
2
-24
-127
5
-29
11
-37
-45
12
-33
-19
20
54
25
2
-11
-39
60
-70
42
-99
-67
21
54
10
-27
68
90
-33
-19
-2
-33
-47
-25
-7
-48
32
-83
-18
-60
-20
-22
38
19
2
-70
21
-56
9
9
-17
13
-76
-27
-11
-55
-46
-66
69
47
-50
-6
14
9
-114
-46
-13
8
45
8
38
43
64
38
39
44
-27
60
-58
53
91
-74
9
-77
-68
47
3
17
34
78
-102
6
-67
-87
-127
-44
38
54
-72
-29
-69
36
-35
-14
121
-20
-85
0
22
-33
-67
11
-25
-29
-32
34
39
63
30
-31
-56
8
-44
31
-49
60
-52
65
35
68
34
-7
43
49
-11
-44
82
-76
-10
-27
0
46
77
-30
-17
-65
12
-119
-116
14
62
45
0
-55
-29
29
-49
-22
37
-60
-37
-35
-7
8
-47
-96
-62
40
-24
21
26
11
48
5
98
45
-51
-88
-39
-31
-28
16
-20
-96
-9
-54
10
61
-56
43
71
13
73
-23
-1
53
4
-19
-54
-2
51
48
-44
41
-18
71
-127
56
-24
-55
-29
-72
-50
-69
114
-11
-42
-26
-33
63
83
1
30
9
0
101
35
6
-14
-60
63
21
-120
19
-13
21
75
36
9
-31
-27
80
8
81
90
37
56
-20
-11
-17
-90
40
-39
-12
-69
30
32
-59
-43
108
-35
-2
39
-33
5
-18
-2
32
-1
66
-33
48
-6
28
49
-49
-1
127
27
16
68
-53
-20
33
4
-70
-20
-62
12
-28
-64
10
-73
79
76
125
41
16
115
-81
-67
-13
8
74
-94
-64
85
19
13
-27
-7
-58
70
13
-77
-15
-13
-59
-65
17
123
-80
14
-30
-26
85
55
-55
71
54
38
-17
80
127
27
18
45
43
-105
-16
-34
85
-46
89
-7
3
60
51
-26
4
28
-4
-35
40
21
-20
71
34
13
-40
32
30
48
17
4
13
-31
-59
11
26
-39
38
44
3
10
64
-35
-70
38
30
34
71
16
44
47
-54
-123
-28
11
-127
23
-70
-11
-32
-17
1
6
56
-41
-72
-9
67
-18
-34
28
-10
3
-21
65
21
4
-43
2
-41
-3
18
-79
-20
28
18
3
-15
-69
-58
5
33
2
0
-32
-12
-84
12
-12
-58
-51
-31
-88
28
51
33
30
-27
47
19
-98
24
84
25
-7
7
-38
-25
46
19
22
1
-82
-41
11
-7
-61
-7
-33
-50
84
-49
-26
13
-50
65
-72
127
22
-23
46
-26
-40
46
67
19
107
32
-30
18
-51
24
48
-7
-14
-4
-5
36
39
1
-25
-39
-71
65
69
-42
52
0
66
-100
9
-27
20
68
-17
18
-61
-22
-64
-19
105
-19
33
14
14
-74
7
14
17
43
-51
-57
33
-101
126
55
-24
34
21
33
-40
16
-86
40
-113
73
-40
26
16
-74
-6
17
-26
-27
-33
15
-112
-16
-25
18
-22
46
-67
-29
-88
7
-77
-66
-46
-28
-37
5
-13
102
-91
25
-12
-127
32
1
124
-14
9
-54
-64
62
18
-106
-90
-61
-118
44
33
-29
-75
-31
33
88
23
-23
49
-27
-101
42
43
-1
-3
-16
36
65
14
26
-2
68
-66
47
3
22
71
-39
-48
-6
41
59
-127
31
-112
17
-3
48
40
50
13
-15
8
-29
-7
15
-64
-51
106
-26
-60
-10
37
120
-4
-37
-113
-10
114
-23
-77
-33
-1
-2
-28
-43
-46
43
-45
22
34
-81
-127
72
-33
27
2
2
-28
-56
14
-24
-74
-79
-4
10
-2
-30
-27
21
-52
18
26
-90
-13
15
-19
9
4
-70
-1
36
-27
-56
-47
-17
19
-21
37
-61
-5
-39
82
-16
-62
7
-46
-22
6
6
-21
-52
1
63
-109
-10
9
1
85
96
-34
-96
-54
-57
-70
-44
-11
-9
-85
-46
-57
-31
-14
13
62
-6
-12
-38
-15
-7
-11
11
-21
59
26
47
-11
-60
48
77
-3
57
41
3
-11
-44
-76
51
13
-23
15
60
67
21
-43
44
-76
-17
-62
-24
3
41
-59
39
-35
-23
5
-39
1
-83
-52
-58
47
-18
-2
2
3
-26
18
-3
-27
-6
127
35
36
-22
44
42
24
43
-32
20
-65
-30
-39
15
-16
40
-24
-23
52
52
70
-59
-23
30
49
26
89
28
59
-2
-38
69
98
-106
-22
-4
13
32
-42
-23
-17
26
21
39
25
59
42
1
-23
78
-78
44
22
93
0
68
-127
-89
28
-37
-55
-13
0
-55
-22
-16
13
1
-72
37
-46
5
-9
40
22
-26
18
-63
-13
-30
15
-125
-16
-15
4
3
51
5
-30
63
-39
-44
-40
36
32
-51
-23
-15
-74
64
-113
-11
123
-11
-37
88
-10
-12
69
46
25
-55
18
-14
54
-4
-31
-19
-43
-13
-81
-64
71
26
-113
-115
-13
-56
-4
88
-103
-10
-20
-43
61
76
127
-56
-26
-57
4
-40
-23
11
56
-86
52
-11
127
42
-48
49
-46
-58
68
-44
-12
120
-83
-34
51
-1
72
22
18
17
121
6
-58
-50
55
2
-62
-46
-4
-65
79
-13
21
40
-33
-26
-10
22
10
-63
10
-33
82
21
15
54
-12
50
8
-37
-8
-1
24
-24
-59
90
68
-49
4
45
-100
-52
11
28
-69
65
118
46
-67
6
-103
4
13
36
-94
-6
34
14
-21
-36
-3
-61
-6
-25
56
-2
-28
-47
-15
-15
28
66
-38
39
37
-9
-40
64
-48
10
67
-94
25
-33
-17
-24
4
32
23
-20
3
-28
-9
5
-22
24
41
-2
57
7
81
38
127
2
47
-34
20
13
34
-14
-8
27
-71
9
-4
-63
-52
-28
-25
-9
-44
-8
28
51
15
85
-96
-9
16
-117
92
-54
-80
-42
33
5
30
111
32
-28
-61
-40
117
46
-68
-21
100
-53
58
59
-20
-45
-98
52
23
-98
19
82
31
100
95
-49
43
57
49
127
7
61
-41
-89
-56
21
24
-18
66
58
2
-9
-39
-78
-19
24
13
-46
-60
-54
-64
-75
86
8
29
47
9
41
-64
-82
2
26
65
29
-17
-15
31
26
-21
-39
-36
46
-64
25
25
30
-3
36
-47
-45
-29
43
59
18
50
22
-9
-38
10
18
7
84
33
-29
28
32
-2
67
-3
-35
17
15
16
3
-15
10
19
-22
49
-70
-48
44
14
-36
13
19
30
69
39
-32
-8
-77
-34
8
-5
-36
-5
-25
29
127
-90
-67
2
98
108
69
86
19
36
-88
25
21
1
40
17
42
27
-11
-12
-16
-44
-66
-65
-2
-1
-2
-89
59
-30
8
86
-36
15
-49
-38
-1
78
-18
-8
-27
-14
-51
-42
-3
43
-52
60
-9
55
-7
51
-6
-1
-37
-2
18
73
-5
30
71
127
72
-69
77
59
-12
-54
-56
17
-58
15
74
-13
74
77
-29
12
25
-124
-5
-16
10
-99
-17
24
-5
35
4
-13
-20
-23
18
-19
40
52
-30
-127
-62
-44
59
25
-81
-91
-74
-4
-110
-31
27
-7
24
-60
-77
47
-103
67
104
-11
34
-57
32
59
27
16
-21
47
95
-32
34
-87
-37
40
-17
23
16
56
-17
-29
-46
-12
1
26
74
54
-20
32
-56
35
21
45
-84
-33
36
21
-1
21
-13
-49
84
-4
-54
16
109
-23
-56
-48
44
1
45
-56
-53
-25
56
54
-22
-17
37
10
19
-15
-23
-36
55
14
53
67
-30
25
-31
40
69
-1
9
-69
12
54
37
93
0
-9
-51
-11
47
-32
40
-127
-48
22
-46
-51
22
-13
-33
-22
-4
-43
41
-11
24
-59
-19
41
-17
-35
-3
-76
-19
38
-20
-79
23
-114
-15
28
-26
40
59
24
-44
-31
-87
-44
-24
-22
125
-12
-43
32
-20
-44
-50
-12
38
25
4
-13
-104
-51
46
-60
23
-32
-9
-15
-36
-19
-59
-2
-4
42
-40
85
12
-26
42
38
-20
62
14
-14
-1
15
14
-41
6
-22
33
72
10
-127
-36
-22
35
127
-28
-11
49
46
45
-24
-90
-13
63
-87
7
6
48
16
52
-18
-70
53
-46
-13
-9
15
112
-45
-29
61
-108
10
-92
-20
-83
-13
-116
-102
-34
30
-13
-34
24
-21
81
33
10
62
-28
-55
-42
33
20
35
-57
-58
-2
18
-18
18
-18
-20
-60
51
-14
44
-94
88
46
-33
-70
-73
-65
-37
-16
-34
-127
28
-7
21
45
57
65
23
92
120
37
3
69
100
-63
47
-14
38
-50
-22
28
12
-13
-32
42
56
-58
22
11
6
0
-45
-14
4
7
14
25
12
-13
-13
49
-45
25
-20
-65
-56
-21
-68
32
-103
-92
57
-8
36
-127
37
0
-38
62
-74
-10
-12
-20
47
108
49
73
-47
28
-39
-2
57
-11
-1
-35
-65
-16
-46
-9
18
-17
-9
35
-25
0
-92
27
16
-3
16
-44
-11
12
-35
-39
-40
42
4
-37
-45
-33
-58
-22
63
69
4
-90
-19
5
15
9
11
-31
-34
-87
39
33
69
-62
79
-84
-66
25
1
124
13
-14
87
123
-42
-44
127
-18
-27
-21
56
40
45
-31
14
39
39
-4
-20
0
8
24
41
27
6
33
37
13
127
-38
42
1
-1
-7
-9
41
21
-26
-7
-14
3
-72
-24
-4
-73
-35
18
-34
-38
25
-60
36
24
14
47
-33
47
-24
39
12
-31
60
38
23
-47
20
17
13
-54
-2
-24
-25
-17
31
-15
-10
-20
44
-54
-12
29
39
1
23
-21
28
11
-15
-94
51
-44
-19
9
-28
37
-59
-14
10
41
-27
-48
-2
39
0
18
-57
-53
-11
8
-55
-22
45
-61
10
-17
68
6
6
-61
19
-8
-64
57
-1
1
-35
-5
21
6
54
-10
-45
98
-25
14
-22
46
45
47
-39
37
-46
-41
35
68
46
74
-61
-7
20
-60
-4
0
-82
-11
37
33
39
127
-69
64
-39
11
25
-8
19
127
-34
77
71
-12
82
70
33
43
26
100
4
-68
0
-51
27
13
78
54
14
28
31
18
22
-2
-1
42
6
-10
-19
-42
-39
-40
-60
5
-64
57
-68
32
32
14
49
-31
3
-37
25
-43
-36
-22
35
-41
-18
57
-9
20
80
50
-14
-37
61
-66
36
-10
-13
-38
54
1
-17
68
-50
-38
30
-21
14
74
30
-22
17
-29
-43
18
70
75
52
10
-71
24
-25
-1
-34
-1
32
-87
-33
34
-56
-11
90
-27
28
107
-37
-43
5
-22
-62
22
-14
4
4
96
-65
-44
65
20
-88
-25
-6
1
-21
-29
127
106
16
63
-13
40
70
41
-61
-50
8
-24
22
16
-29
-79
-121
55
26
55
-15
3
-4
71
21
46
-1
-38
-28
-127
-48
40
-46
76
40
-1
34
22
11
25
-44
72
-20
47
-13
29
3
15
-51
41
84
-111
-73
60
45
22
-21
-65
-45
32
-64
-11
57
50
-43
-116
-43
-5
-44
54
68
41
-17
10
16
-69
20
-24
-25
-36
10
5
81
-81
23
-36
30
-89
-63
-13
-23
-46
-37
-14
38
-24
33
-48
-52
14
-34
-51
10
-19
-34
-58
46
-16
-20
100
-127
61
45
16
-15
-68
-46
60
-92
17
-15
-5
-31
-28
-13
-1
-47
17
-23
-91
40
-50
0
-25
0
54
56
-64
-12
-23
8
-1
-64
13
-15
29
-81
-19
-7
-2
42
-5
-1
-64
-25
95
60
-12
-44
11
-61
42
63
103
21
-65
16
-18
-29
17
47
36
39
8
-11
45
25
-87
32
-2
-31
56
-18
-127
-74
30
-69
17
0
-10
76
109
16
2
4
-40
-84
23
-1
43
28
-74
39
53
24
25
8
-44
58
-24
28
32
-96
-11
71
36
-22
32
90
17
22
7
14
-39
121
29
25
16
-69
-29
66
-53
-26
18
-43
55
-42
-51
-15
-8
6
-28
-5
-62
-18
-14
20
29
58
-1
14
-39
-4
-48
39
-16
-25
37
-3
28
-25
-1
80
20
25
19
-13
-127
29
-31
-23
-15
4
44
18
16
22
-11
14
-3
-54
-14
38
-32
30
-3
10
-41
-58
-25
-33
-61
-70
-17
-96
-44
38
25
16
-29
-91
-1
45
10
-41
-57
-48
39
-23
3
-67
-18
-32
-15
97
6
-57
34
21
16
-31
-1
-26
-10
-15
0
-62
60
-9
37
-47
41
-17
7
55
-11
-40
-59
28
-42
-30
-40
34
-76
-35
-13
127
-49
-23
4
17
-19
25
-36
0
5
-38
71
28
39
-23
11
-37
21
28
-9
43
52
69
34
-44
27
49
58
-10
13
2
-5
44
-72
-41
-16
75
-41
-47
-1
45
-117
-121
71
-21
74
-35
-85
93
61
123
-29
46
-17
-24
-55
40
20
-15
24
15
-25
11
22
101
-22
110
71
-63
-63
-98
-34
97
-83
-21
10
0
-31
-40
-3
-29
-15
27
-28
127
-28
-78
50
-24
39
-60
-56
26
-4
-3
43
49
-13
15
6
-23
20
-13
-78
8
-28
-58
26
-17
-16
42
0
1
-43
11
-100
-41
35
-80
0
34
87
-40
-52
43
-80
29
-64
-58
62
52
51
58
12
0
36
33
-67
-3
101
95
-58
9
-27
-56
-19
-47
9
-19
46
-2
-76
33
-127
2
92
63
97
-42
47
-13
-72
-7
-92
-70
-27
54
14
65
-42
-26
3
32
-56
24
85
-1
-60
32
-99
-68
1
71
-127
64
77
64
65
-4
66
36
0
-84
-55
-50
-90
54
28
-67
2
-80
18
10
-57
20
25
-42
28
-62
-113
-90
1
102
43
-65
64
-19
30
-38
110
-1
60
63
-55
-69
50
14
-48
5
3
-68
-8
1
13
-48
30
26
-119
-49
102
55
-95
79
-34
44
43
20
