20
-63
5
9
36
-78
-20
-49
23
-127
9
-5
-58
39
48
-48
82
11
13
-3
-38
-12
37
-75
22
-3
-123
-49
47
-20
50
-30
-32
15
71
-51
39
-63
36
24
28
8
-3
-80
47
4
3
7
-38
-50
16
-48
49
46
2
-73
-75
20
0
-41
-64
-127
28
-127
-65
-112
-64
51
111
-93
-80
-111
-13
-69
16
84
-12
111
127
-16
85
-86
12
13
-48
47
41
-3
-22
100
-56
31
52
-45
96
-6
-85
-32
127
-25
-6
-39
81
26
82
43
-30
66
67
12
-10
1
41
-84
59
-81
64
100
18
35
-99
20
-34
31
-12
86
-64
-14
-127
-62
-38
42
122
50
-30
-110
-78
-8
6
-4
-25
-112
81
37
93
-12
-41
-10
-31
42
-21
100
52
95
-127
-52
-35
-117
37
4
28
-65
75
49
-57
12
63
51
-66
9
-80
47
-4
-54
-20
-64
34
-1
-100
-74
51
68
9
46
20
-14
-51
36
-18
2
-119
0
44
-67
-18
18
66
-98
53
69
-46
-11
10
64
75
82
-8
43
57
19
-62
106
-48
14
115
-76
-46
58
16
29
61
24
14
41
-8
5
105
37
87
-127
54
-36
82
-66
14
-80
70
26
-78
-5
53
-39
39
-71
109
4
-19
-102
-42
67
-47
-90
4
-100
-86
-117
88
-113
-48
74
127
-92
-58
127
-36
53
-25
127
79
105
66
93
127
-127
18
127
39
59
93
26
-38
127
88
77
51
5
91
127
18
-76
-10
125
61
-10
127
4
49
-127
-37
127
118
-4
-107
-26
127
-105
127
-116
127
127
-28
14
-127
79
-127
26
127
117
-127
88
-82
-127
-61
77
100
100
-127
44
127
81
-15
2
86
-127
72
99
122
-60
55
94
-56
127
-45
127
103
79
-29
-57
-43
-127
103
24
127
-127
-102
103
-39
57
62
80
-127
-101
-127
-3
39
-125
-75
-127
118
33
-106
-127
30
127
-7
63
21
127
-126
127
42
-10
-91
-6
-9
14
36
-127
17
-92
71
-28
13
0
-89
100
89
85
-35
-53
-96
-14
-34
110
41
7
100
-61
-17
56
-41
53
24
49
32
35
-17
2
-59
27
48
-10
75
-47
69
-74
10
-92
32
41
-94
2
-50
-33
71
-3
82
-74
37
-127
-44
-12
4
-75
67
-27
-93
-90
78
41
127
-61
12
-3
42
-71
-13
68
-127
90
118
28
-93
127
-22
-39
65
67
127
24
11
113
49
41
78
127
-41
116
46
111
6
-31
-105
127
127
65
71
13
-20
-88
4
81
107
16
-127
-25
-26
-127
118
3
71
96
123
-17
-125
95
-13
-28
119
29
-84
73
-1
-83
95
-102
27
127
-117
-40
-16
28
-113
-36
127
-97
-54
45
20
-53
127
53
55
43
-127
114
127
25
43
-17
-127
101
127
-21
33
-40
-85
7
97
78
20
127
-93
-89
-88
-68
127
-127
-100
-112
-72
23
-38
-27
-6
95
127
-23
3
80
-29
59
52
1
7
-7
