-1652
79
14394
14191
-6270
-6351
8400
7611
-10122
-3583
79
9689
1476
-2503
-16603
3228
-5524
2624
-784
2672
-1026
750
-8020
-6016
-4051
4750
444
2145
13527
-7776
20670
7070
12011
3339
8176
5187
12395
12417
-4086
-3273
1642
6055
-3807
5014
11986
-10582
-5065
4240
9346
-16905
5924
9816
-101
-7063
2518
-11256
-1630
-1623
18168
-4535
21720
-6613
5706
-13534
2434
-8070
-2235
16262
3630
10784
4219
2153
-1490
-1047
12041
4999
-668
-6718
-1055
-1339
-2311
385
-2184
-14012
-1502
-207
-5807
-2032
-14428
6793
13629
724
13467
-487
1059
-7029
-5333
2744
3143
1698
7783
-8702
4327
-3901
1710
4252
7619
7453
7079
7290
-4970
5004
4628
2897
-728
2030
4859
-4950
4797
4061
8069
-1042
-11257
565
-5596
-8436
2915
-4564
1363
-6388
1783
-7119
3589
-1947
43
-11740
3105
-3297
-6421
2308
-7391
2802
-1743
5463
-1071
-5661
7151
2003
-3066
-1923
-3627
-2816
-3262
1408
-2699
-7118
-1230
-2362
-4620
-1665
-10340
3279
10866
129
9006
-4078
-2267
-7644
-7509
4541
4911
-1357
4307
-9894
3186
-7964
-12
9806
2128
11056
6255
4977
-3911
2966
3052
1095
-2669
3203
7799
4377
-927
7464
913
1225
-18878
611
-10438
-12598
1161
-4064
2533
-5904
2178
-8461
3805
-5694
3722
-9192
1280
-2652
-2847
6643
-4615
762
-964
5142
-1705
-970
7088
6829
-3427
-2896
6350
6598
-6121
-7312
-4031
926
-90
-2308
-5163
4731
-4531
-1060
3115
-5309
7638
1154
2835
-5474
3736
3656
4264
508
13501
-2302
8016
-8883
3858
4642
1714
1640
3675
-984
-5952
418
-777
-2374
-5722
8668
-8310
-3181
-2416
-3229
-1496
-8251
106
3622
-2075
-7313
1940
-2339
-1452
-3207
12225
-5209
3382
-1255
1986
-7336
2479
-7227
-1137
1978
1001
12475
9397
466
-2888
-1045
8342
12084
5432
-13301
-3375
-9502
-398
1660
-4526
-17072
-9696
5538
-7936
-787
-20706
2582
5396
6300
13493
-2192
-3711
5392
-658
-5248
-666
5427
6831
-7239
14733
18716
-3182
3342
10185
-1554
3934
11895
1206
2157
5960
1914
1174
-7231
19250
-15365
6465
5226
31962
-310
2285
-3119
5912
1500
6424
6025
-5167
5896
2324
4987
3559
-696
2340
-22464
-4532
-4268
-14736
6438
-5152
-2973
-6886
-528
-1966
-11896
3315
1602
-6018
-7953
-838
-6773
-3136
-5705
-7400
10516
-1892
-5683
-13148
-5269
-5710
-13143
-893
-14503
-3662
-6249
-18898
1983
1721
-1835
-9250
363
-5179
-3612
12816
7178
-2300
11068
4880
-3100
-2950
3094
-1508
4131
-21181
-2315
-6169
8969
4308
-6920
-14410
6579
1407
3260
8034
4804
-5355
5046
-5709
-8640
-416
-572
3112
-10189
13523
-7249
3342
-25640
3305
865
2879
-2237
-6255
2877
12253
1240
1786
-318
3772
4436
-5734
-3326
2317
-4608
-601
-1144
-719
-6766
-4308
-3400
-474
-2717
-4787
4791
906
-1737
15957
3125
-1120
-3641
-3128
2770
5786
-6083
5803
-3024
-6353
-7202
-1139
-4898
4258
7852
5708
2664
-8839
3745
9930
478
3183
-2049
-3
-6157
1701
3076
-1979
8857
-6912
-1286
1428
-2479
909
-4732
-2236
-4939
5610
-1788
-5188
-628
2554
256
3840
3999
-3411
3291
-4249
-951
2054
5137
1362
-1801
3577
2111
2271
-1221
436
-6631
273
7980
-524
-6948
-2319
1349
3001
-4734
-5777
4336
1255
-3752
8712
-834
-2167
-5487
-5959
7113
4196
8119
10555
-4903
99
3424
-7058
-228
2961
11341
3209
4905
297
-1618
6957
1686
1135
-3297
10946
1345
-97
9669
5209
8073
-9965
3883
-3386
-8770
5057
4937
-850
1238
30
-3460
241
724
4419
-9006
-3364
753
115
3166
-7827
-4481
3555
2397
-10231
6951
2496
4315
3637
-2060
-2406
-5975
-2659
-4432
-4774
-5870
-1301
3545
2595
-4053
-7901
5069
648
-3607
2949
-4187
-3786
960
-2131
331
-1885
4043
318
-825
6595
3724
-2314
914
3818
-4331
51
4248
-274
835
186
991
-7535
-2545
18
3103
-1778
1490
3669
-2275
-1024
1909
387
1759
-301
1663
-2549
5357
-302
-2369
7099
-448
5517
-4123
-1660
-4809
114
-8221
-8485
4222
-774
837
-1946
7352
6105
9533
7454
-3084
5176
-6271
2632
2092
10530
-15838
-516
6900
-7779
-785
-8192
3990
-8146
-7850
10210
4139
-13875
6020
-7970
5979
-10295
681
5216
-9684
-2461
6604
-1730
-12030
7096
6902
5275
2640
-2605
-2269
1886
7913
1435
-6033
-2908
-14498
1524
1556
20037
-4944
11169
-2866
1000
987
-4818
-2652
-4285
-4440
525
5215
-5622
-2956
7004
-20186
-6774
-2839
-4348
-1485
-5999
6672
9146
-5538
-5053
-7973
-6921
5028
-9276
-5871
756
-8960
-2334
-1875
-7813
21781
-4678
-4192
-6945
-9679
760
-11094
-4637
-19533
-6133
-8816
-15060
8364
5421
-1935
-9658
-46
-3985
4224
17779
15622
882
14258
7917
-7454
-11291
3836
2640
5938
-19149
-4797
-6566
3852
4361
5492
-15819
2336
-110
9082
9890
7504
-2799
16070
-7250
-487
-7468
3818
2137
-8156
18641
-12206
3613
-19937
-843
10142
5155
-9762
-8938
4446
10108
3986
-2456
248
-6909
4299
-9928
325
4104
-6220
900
-993
-5587
-1623
-3949
-3783
832
450
-647
3805
-5913
-4365
9401
211
-6007
5557
-2402
5761
1333
-6253
404
1893
-6562
-4627
-3261
-3542
5578
-4794
-1601
-72
-166
4943
2643
-4035
-3201
-954
-8486
3122
-3748
-1592
-10788
8797
-2024
-1060
-908
4833
-742
-1701
-544
-2853
-479
3765
-4826
3020
1719
6455
-689
5496
2155
-2768
-4330
4604
3706
4126
-2214
1715
4172
-4108
201
2232
-3692
-2160
5224
6300
-2572
-3726
-411
2190
1328
-4495
-3741
-3805
6979
-5037
-780
1247
4813
-9311
-5283
4350
6016
11020
7206
-4883
3859
9393
-7492
2303
774
3596
-807
1930
4676
128
807
4206
-10544
4854
2769
5912
-5535
7663
3459
10315
-10901
8051
-5194
-12297
6358
2774
4387
5940
-3360
-2787
541
-1804
7460
-8637
-7789
-2802
-529
-2311
-6182
-2085
2860
2006
-4299
3163
-2157
3958
15406
-6832
-9522
-19886
-1639
-4193
641
-11410
-20
6112
-2485
-12303
-14990
7007
5023
-2902
3016
-10465
-10820
3704
2907
-14657
-13028
5191
-12462
-1518
8316
14927
-7628
5779
-33
-8607
2550
15856
-2893
2455
-5382
-4221
5540
-11660
13009
-3182
4815
4908
22371
3333
467
-4774
6913
11377
-4452
1591
-5438
9716
-2882
-3714
10683
-56
9226
-12390
3596
643
-7554
-15138
-9712
-14172
-12257
-478
-7208
4606
2624
15706
3039
-6590
-14
-10565
-1606
-1053
-4820
-12025
-8862
6001
-8184
-5584
-13526
11352
-6081
3414
6721
-5863
-4230
21907
-2043
-11294
-14180
434
-3567
1821
9395
21953
4715
-7713
11508
-7789
7047
15127
-5684
6892
13077
1118
13319
-19625
9745
-10843
12402
-522
30628
-9465
16368
-7608
16922
15788
-3153
12326
-11107
3015
4752
10518
6421
-2968
5086
-15766
-3601
4312
-3275
77
-9996
-5556
-10734
1219
837
215
-10341
6199
-9010
3013
11962
-4693
2215
2617
-2180
-1637
324
-2350
-6121
1082
5921
3669
-5708
-10315
5479
-1584
-4029
3540
-4566
8720
-425
-11823
1428
2349
-11943
-10299
454
-6698
1493
-8145
-2847
-192
2825
8813
-124
-3084
-3295
3996
-17807
5080
-5588
-2000
-10405
7353
5937
-7917
-4756
3252
-7765
1548
-230
-3509
-556
4637
-11401
-1106
1602
10223
-2199
11320
-519
-2721
46
4227
-2610
4414
2115
5015
4055
4821
2342
-4462
7964
-1299
2852
3398
354
-5200
-2355
-2679
-3290
1062
3567
3549
-11196
3622
1228
396
-5423
5619
-7553
3251
-7745
-5112
-4353
-4777
-10307
-1669
820
-12872
1018
-128
15
-1046
-1792
-5723
-2983
4144
1676
-4581
-2465
-8218
-4138
781
1667
317
8816
-3928
-1914
6319
-7411
4698
-5198
-2840
-594
4818
-9642
-346
2594
-924
-2591
-3382
388
2464
-4267
2989
2296
-3909
-2758
1278
-8349
12301
18955
-6058
150
-16372
2241
4106
6628
-3993
913
6233
4182
-12242
-1379
15582
-1503
-13751
4272
-10012
-8937
-3895
2226
-6417
-11017
7030
4974
5889
11532
1479
-1873
-2835
-1470
-2094
-6478
15188
8716
3060
-11271
-6404
6813
-9912
14072
-10661
3274
2108
13104
7125
10415
-5081
7945
19074
-491
-1452
-4763
14023
-5705
-11120
2926
-4749
4084
-8583
4422
12867
-9716
-16779
-8298
-4822
-7213
-1353
