20
0
0
0
5
24
5
0
12
0
22
5
0
8
0
0
0
0
9
16
0
0
0
1
19
0
0
0
0
5
13
0
0
7
0
20
15
7
15
0
0
10
0
7
0
0
0
25
11
5
32
0
0
0
10
31
0
17
0
0
26
17
0
19
0
17
0
2
0
5
20
12
0
0
0
0
10
11
0
0
0
0
24
0
0
0
22
0
0
0
10
9
0
0
0
15
34
0
3
38
0
7
0
3
2
0
0
0
10
0
0
0
0
0
0
0
3
6
0
24
13
0
52
0
1
0
20
8
0
0
0
0
26
0
0
45
0
0
0
0
0
0
20
17
0
0
0
0
2
0
6
7
27
0
12
0
0
21
13
0
18
0
5
14
0
0
0
11
0
0
0
54
87
0
13
31
0
0
0
17
18
0
0
0
0
9
3
0
20
9
18
16
0
6
0
0
18
0
13
3
0
6
0
0
10
0
0
21
0
0
0
7
0
0
20
17
23
0
0
15
0
0
12
0
9
0
12
14
0
0
0
0
23
0
5
6
0
0
0
0
0
0
3
24
0
0
0
0
0
11
0
16
0
0
0
0
6
7
0
0
0
0
0
4
27
0
0
0
37
0
0
0
0
0
6
0
18
6
7
21
0
0
36
0
0
0
20
15
21
0
0
19
0
0
0
0
9
0
12
0
0
6
19
17
0
0
8
14
0
0
0
0
0
0
0
1
3
1
0
0
0
18
59
0
0
0
11
0
0
11
2
0
0
0
0
0
0
0
0
0
3
0
0
0
0
16
0
0
16
12
6
3
0
14
0
0
0
0
20
16
20
0
0
0
26
0
0
0
0
0
4
7
5
2
0
0
0
17
5
16
0
8
14
5
3
0
0
0
0
20
5
0
0
0
0
29
18
8
14
0
0
0
0
0
10
0
0
0
0
8
25
0
24
83
0
44
0
15
0
0
26
0
39
8
12
13
0
0
0
3
20
5
0
0
0
0
0
0
0
0
0
0
34
6
0
0
0
0
0
11
4
5
0
0
1
0
7
4
0
0
0
5
0
0
0
0
0
0
2
0
14
0
13
0
0
0
0
0
0
4
38
0
49
0
30
0
24
29
7
0
0
0
26
0
25
39
8
0
0
0
0
0
20
12
0
0
0
0
4
0
24
24
0
0
16
0
0
0
17
0
0
3
0
12
0
0
0
0
0
0
0
37
72
0
6
26
2
0
0
0
0
20
0
0
0
0
0
0
0
4
66
0
0
4
0
0
31
41
11
37
19
0
0
0
0
0
0
5
0
0
0
7
0
12
18
0
25
0
0
5
0
0
6
0
0
0
14
33
0
30
0
0
0
0
2
1
0
0
0
0
0
0
23
0
0
0
0
0
0
21
0
35
0
0
8
0
0
0
0
14
0
0
0
0
18
0
0
0
35
54
0
52
0
0
2
0
13
0
0
20
0
1
0
0
0
0
16
3
20
0
19
17
0
0
8
0
0
0
13
0
0
6
8
0
3
0
9
9
0
0
0
0
0
0
0
0
0
1
0
0
0
12
38
0
0
0
14
0
0
11
7
0
0
0
0
0
0
0
0
0
9
0
0
0
0
10
6
0
0
0
9
0
7
20
0
0
0
4
18
14
20
0
0
0
8
17
0
0
7
11
0
5
35
0
0
0
0
0
18
16
0
29
0
5
1
0
0
3
0
22
3
3
0
0
0
20
4
32
16
0
0
0
0
16
0
0
0
0
0
0
25
17
0
1
0
29
0
8
3
0
26
0
10
0
7
4
0
0
0
0
20
0
0
15
0
0
0
13
0
0
24
26
0
6
37
2
0
0
0
0
11
5
0
49
0
0
1
28
0
6
0
0
0
0
21
0
0
8
0
0
6
0
0
0
0
6
0
0
0
0
17
3
43
12
0
31
0
0
0
12
4
0
20
0
29
19
0
0
0
0
0
0
20
0
4
5
0
12
0
0
0
39
0
29
18
1
46
0
10
0
0
0
0
5
0
0
0
0
0
0
0
3
78
0
51
50
0
0
0
0
0
7
0
0
6
0
0
0
0
0
73
0
0
0
0
0
0
24
0
11
0
0
0
0
0
0
20
0
15
2
0
42
0
0
13
3
26
0
26
0
0
0
0
4
1
15
13
38
37
0
0
0
0
0
1
14
15
4
0
0
0
0
37
0
0
0
1
0
0
7
0
14
0
7
17
0
0
0
0
0
0
0
0
0
27
0
0
0
0
53
0
22
0
18
0
0
11
0
9
0
5
25
0
0
0
0
10
2
20
0
19
20
0
0
19
0
6
0
14
9
5
0
20
35
44
0
3
11
0
0
3
0
0
0
1
0
7
1
0
0
0
11
22
0
0
0
13
0
0
10
0
0
6
0
0
0
14
0
0
0
0
7
0
7
15
10
0
0
0
8
5
0
5
17
0
0
0
8
12
2
6
9
15
0
0
1
2
0
5
0
0
5
24
25
5
0
0
0
5
9
0
23
6
0
3
18
0
0
0
2
0
0
0
0
0
2
0
0
0
0
0
11
0
0
0
0
0
0
29
0
36
13
0
14
0
0
15
17
0
0
21
0
4
9
18
0
0
3
0
0
20
6
10
0
28
0
0
0
3
29
0
0
2
0
27
0
9
0
0
0
0
9
25
64
0
0
0
3
0
0
36
0
40
14
0
6
0
7
5
0
0
0
0
13
0
0
0
0
38
0
12
0
0
0
0
1
0
0
26
0
0
0
0
0
11
0
11
20
87
14
0
1
11
2
17
0
25
0
0
0
0
0
0
0
5
18
19
29
0
0
0
0
1
5
0
20
0
0
0
0
7
0
0
0
3
0
0
10
4
0
0
1
17
0
0
16
0
0
0
0
2
0
20
0
0
0
0
0
0
13
0
18
0
0
34
0
13
0
9
16
0
0
0
1
5
0
