5
11
-5
-1
-15
-9
22
-20
7
-6
1
16
17
19
28
-10
1
-1
22
-6
24
1
-29
4
-13
6
6
6
0
-9
-2
3
26
27
9
0
-4
19
12
-4
-13
-10
-2
8
9
-21
-17
-28
33
-3
4
6
10
2
13
-28
-22
25
-11
5
13
10
-26
19
10
16
-9
-3
3
5
13
32
-9
11
-19
1
-2
7
6
-7
2
26
5
6
0
12
11
-12
-6
-5
15
0
1
-19
12
1
-6
4
-8
9
-1
1
7
-10
-1
18
6
-11
-7
12
0
10
-6
5
-2
0
-22
3
-7
-24
11
-2
0
8
-12
-14
4
-11
5
8
23
4
15
9
-1
-4
2
15
14
10
-7
-1
-4
1
-5
11
-10
3
-9
3
-3
-8
8
28
8
-1
-7
7
11
-15
1
-3
16
3
4
-6
14
5
-5
2
-11
2
-8
1
-1
8
8
2
16
-29
-12
-6
-3
12
-13
4
2
-1
-12
15
2
-25
5
8
9
2
-11
-18
-11
-18
12
1
20
-7
8
-1
-13
0
-2
25
19
15
-7
0
10
5
12
4
-10
8
-6
-4
-1
-1
-4
8
21
14
-5
0
11
-6
-10
-8
12
-3
3
-17
-21
8
5
17
-4
10
6
-17
-6
5
2
15
-2
-1
7
0
15
-15
-6
13
-4
3
-14
-11
-21
-2
24
-12
-3
1
-9
7
5
-10
-5
5
4
2
10
2
-16
7
-2
3
3
-2
-12
6
7
10
-5
24
-4
-15
-2
5
10
-21
-2
21
3
10
12
-12
-4
1
-16
0
27
13
16
-7
12
-36
-23
-10
-10
13
23
-8
3
-11
13
23
18
9
-21
11
9
18
2
-9
-5
2
0
4
-2
-25
30
-5
15
17
-10
7
-5
-8
-27
23
2
26
11
19
17
11
30
-3
-3
15
-8
-11
-5
-18
8
-2
-14
8
-25
-15
8
-8
18
44
-13
-1
1
-14
-6
2
-10
19
0
-14
6
-11
-21
-12
-15
-3
16
3
25
1
10
-1
19
3
28
-32
-17
9
12
-6
0
-7
10
0
21
-3
-16
-12
3
10
18
2
9
-5
8
-23
-3
41
-19
15
-11
1
-23
23
22
-6
10
3
0
3
9
2
0
-19
-7
11
-13
5
-8
2
4
11
7
5
-11
3
3
-13
6
6
27
-6
-7
-9
30
7
12
5
-9
9
12
-2
-6
-9
-12
0
19
-8
1
-3
-8
5
-5
9
0
-17
-11
5
-17
1
16
-2
-11
14
-9
-11
-4
-1
15
1
10
2
3
8
3
1
-1
19
1
7
-11
2
3
2
7
-10
3
2
-2
3
-4
-19
-6
12
6
-1
0
-14
-1
0
11
-6
22
9
-9
8
28
10
1
6
-11
-1
5
-15
-13
3
0
-7
28
-7
-7
-2
-9
4
-2
4
-11
-7
-8
8
-4
-17
18
0
12
-1
-17
-28
-10
15
6
12
12
0
13
3
-9
-8
4
17
8
18
18
-8
8
-9
2
2
-13
7
-5
8
5
-4
0
7
4
7
0
10
-3
5
-9
-19
3
5
1
3
-8
-9
11
19
-4
0
0
0
0
-3
5
5
8
2
-2
4
4
-4
-8
-9
-7
-4
-9
-8
-3
2
14
-8
11
2
-11
-8
1
-12
-1
7
8
2
-1
6
-8
-6
0
-9
6
2
-6
-7
-1
-8
4
-29
-5
8
-12
1
13
9
-5
16
7
-1
-1
3
-10
0
-10
-5
11
-3
6
19
10
-10
-1
-11
11
-4
34
-6
13
-7
15
17
9
14
4
28
10
-3
10
0
-11
-1
1
-11
-29
-17
36
11
8
13
4
31
4
4
-16
9
-2
-7
13
21
-6
1
6
-11
-2
15
-15
-6
-3
-26
15
-15
-11
5
-25
-17
6
-14
20
26
-21
-4
-1
-11
-5
1
-1
8
-6
-14
-4
2
-23
-10
-6
-3
23
2
31
-14
19
-6
13
-7
30
-38
-14
4
-2
-13
-1
-8
22
7
28
-6
-10
1
0
16
14
-9
-5
2
6
-29
15
39
-14
12
-12
5
-11
5
20
-2
-11
5
2
-4
7
0
2
-12
-9
8
-11
9
-2
-6
6
6
-3
12
-11
6
-6
0
-1
6
-4
-9
-3
2
8
0
10
21
0
8
13
4
-3
-4
-21
-9
8
-13
10
1
5
-1
-6
-1
12
-22
-6
9
-6
10
8
-3
0
7
-6
-4
6
-10
11
-12
8
2
-1
3
2
-4
1
10
-13
2
-8
5
11
-4
4
5
1
0
4
6
-8
-22
6
11
3
2
1
-7
-8
-2
6
-6
11
18
1
16
15
-1
1
8
-12
5
-9
-7
-8
4
2
-5
27
-9
-8
-4
2
-10
7
4
-13
8
-7
11
14
-12
4
-8
9
-8
-21
-37
4
21
-1
10
-2
-1
1
-1
0
-9
2
7
9
19
19
-4
8
-14
-15
21
-21
4
7
2
15
8
11
25
-10
-16
18
9
-24
-4
-25
1
17
15
1
-15
12
-24
16
5
-4
-13
13
4
5
0
20
-1
12
-1
-22
-7
-2
17
-4
-19
-21
-4
-3
-7
6
5
10
11
11
-4
-1
1
-12
-18
-9
20
13
10
-15
16
7
-4
19
-9
12
-8
3
-11
-9
-12
12
-16
-2
-5
1
8
13
-5
-4
4
-16
4
27
19
-8
-3
-17
2
13
-4
14
13
13
-43
3
-18
7
0
25
-10
3
-23
25
25
4
14
-13
12
8
30
3
-21
15
-1
-4
-12
-1
2
44
9
7
22
16
34
-5
-16
-14
20
-2
23
5
19
16
12
27
-16
-29
5
-14
-25
-6
-19
-3
-12
-8
9
-15
19
-1
5
0
7
-9
6
-4
7
-22
-3
0
6
-13
-5
13
11
3
16
6
9
9
7
21
-6
2
3
-22
-13
2
-14
21
9
18
5
9
7
20
-14
-3
6
-17
14
1
-4
-8
7
-1
-1
-4
-9
21
-20
-1
-9
-11
-10
10
-10
-8
8
-25
11
-18
0
11
-5
5
-36
-6
17
1
3
0
-6
-4
5
-2
3
-2
-7
-24
14
14
3
-3
-6
14
9
-1
4
-2
-14
7
1
17
4
3
-7
-2
-1
12
2
-2
7
6
6
2
0
14
1
1
-20
-11
2
13
4
0
-1
7
14
-5
9
-13
0
-8
-7
-6
8
-1
4
6
-8
-15
8
-19
-2
0
-11
-24
0
-6
13
-6
16
26
0
-15
0
16
-23
17
-18
-17
-6
-3
-6
15
12
-14
-8
5
10
18
10
17
-17
27
-20
-2
0
0
-1
-9
12
-5
23
-11
2
18
-13
-4
-11
-2
-7
-25
-13
9
2
13
3
-2
-9
-24
-5
28
18
-2
-9
1
5
-5
-39
11
2
14
0
3
-17
-1
-14
