-3
-32
53
3
16
12
-54
15
-2
29
13
-18
4
-57
-10
22
-48
43
22
38
63
-96
53
127
-48
-39
-2
-47
51
27
17
30
-78
-17
-64
-43
24
-93
11
30
-2
-10
-45
59
37
-21
5
-64
15
31
-60
46
75
15
48
56
-15
-2
-9
-10
7
27
-10
-10
18
55
-77
10
78
36
-26
39
16
-1
-47
31
-71
18
2
25
48
-43
48
14
-20
35
-49
25
37
-46
48
35
-50
78
-33
-60
53
-30
-70
-27
-33
14
40
-45
6
54
8
75
45
58
53
35
-127
-61
-41
0
-18
-44
-6
21
-3
-2
-16
-39
-24
-9
62
55
-55
-10
-4
-98
-67
6
17
-109
10
32
-65
14
-16
-27
-84
-11
35
-50
-12
-41
21
6
42
19
-4
80
0
102
-2
66
0
10
124
68
61
62
6
26
14
-19
-27
-34
5
38
-94
25
-44
-71
22
127
18
3
-102
27
40
71
-24
111
-23
108
9
-65
-63
-15
33
-82
49
30
9
-32
37
39
-53
40
48
-46
22
-25
-50
-16
-36
-2
105
-38
-57
68
-69
48
-7
30
-16
5
3
9
66
-11
-22
-41
57
54
6
19
-10
-12
-50
-46
49
-9
7
-4
0
20
34
-26
6
26
93
-46
31
12
-29
52
-6
11
27
27
-2
34
-39
-35
82
-4
-3
-33
-25
-37
62
-12
66
4
-9
6
-50
-39
-20
10
-32
13
-58
58
-26
-29
8
127
-92
-27
-16
-58
1
-16
-70
0
31
-67
65
39
19
111
-88
111
9
39
17
-36
-108
88
44
-40
67
56
-19
-3
-1
-17
49
-10
-36
-55
-40
17
-59
20
31
72
-41
72
-61
16
2
4
-8
-62
-33
8
41
-67
-45
-39
0
25
23
-97
17
56
-71
-5
18
13
-20
-26
-25
81
16
-127
-4
-21
73
-2
48
7
-27
-3
37
11
5
-11
-54
2
-42
51
14
-43
-67
9
-44
39
-23
13
-2
-4
4
16
-33
57
33
35
38
7
19
6
-66
14
-22
38
127
-25
-51
-12
28
41
29
-1
31
45
31
-19
-40
81
14
-2
16
24
21
-51
-54
33
38
56
29
-54
-36
-12
-5
-29
8
5
-44
-28
1
-65
49
-24
73
-1
35
-26
-16
29
58
11
83
-53
-17
2
-21
-52
-23
8
22
-11
-41
-26
2
-9
60
8
-46
103
-72
-21
-26
-21
65
-79
-26
-37
-41
27
-32
-14
29
25
127
28
-23
89
50
-112
93
-73
-32
68
82
47
-5
11
-17
-47
8
66
0
-33
-2
-86
0
20
43
8
-14
12
-52
46
17
57
-12
89
54
23
118
6
66
-78
-61
34
-51
6
10
31
-18
31
23
-15
126
-22
-17
-72
15
-74
-37
35
-17
-31
-55
65
-127
30
-12
10
86
43
-17
9
55
72
27
-40
66
45
44
82
-37
3
-10
-34
17
-17
-38
-6
-15
11
36
3
1
-16
-34
-1
6
-13
1
-14
-15
-27
-38
-8
-9
110
40
39
-62
-52
-19
62
30
16
-3
-85
45
12
-26
42
-61
-2
19
25
13
2
-24
71
16
-16
57
35
97
-42
101
27
9
37
-8
33
23
22
-56
38
32
13
6
8
66
30
21
3
-6
127
19
-40
-5
43
49
-24
-89
19
40
60
6
-10
-84
-32
-45
36
94
35
26
-44
30
-23
24
-19
11
-22
23
-32
14
19
16
-46
106
-11
39
8
-88
16
15
-64
25
-13
25
-18
-64
53
-59
11
62
40
-35
-25
34
-19
4
-36
51
-73
3
10
-17
90
-41
-20
86
69
-20
70
48
-16
26
26
17
-85
35
1
60
-26
-60
-41
-36
64
-22
-86
-8
-127
-53
10
48
-49
37
62
-33
77
67
-10
17
35
-51
12
25
33
13
-53
78
62
31
-6
15
-52
14
-10
-8
16
87
-22
58
34
-6
18
92
91
1
34
125
-75
-15
11
93
60
-58
-6
-41
39
17
4
6
3
-30
23
-127
21
8
28
-1
-90
46
118
-47
50
-50
82
76
2
-33
-20
-98
-69
-14
-8
55
46
-44
4
7
-5
19
-60
-25
-9
22
5
55
-57
-7
-115
-35
-1
46
-63
8
1
-5
6
65
-18
52
-17
-10
-77
-47
-25
-101
-16
51
-13
58
-42
29
-50
-46
27
-18
12
59
-22
22
-49
-10
-96
53
-36
54
81
127
-77
43
65
-85
-36
-20
-18
39
-14
-8
-70
69
70
-30
13
-40
-55
-30
-56
59
55
-67
6
54
89
102
61
31
-41
-52
6
64
52
40
9
53
93
-14
-69
-27
-3
62
11
-12
-33
-26
27
65
4
-61
86
23
127
31
-20
30
-28
-48
40
86
55
-47
38
92
8
-52
76
37
-4
-76
37
11
33
-10
-24
-58
80
5
30
1
-8
42
80
8
-55
-35
-72
-97
1
26
62
9
21
-6
26
64
16
-90
78
-9
8
-10
-43
7
-5
8
18
12
-15
16
-15
37
17
24
-13
-83
-127
-33
8
-4
-11
17
9
21
-30
18
13
11
9
12
32
55
1
15
86
11
37
-36
19
22
-2
-76
-13
38
25
0
6
28
5
53
-25
-14
-19
5
10
26
-16
0
-18
-11
-5
41
-1
21
-13
-30
48
-7
-14
-2
-61
-12
44
-29
-69
-23
-52
20
58
-116
-93
0
-31
-10
6
59
19
85
-11
-30
6
-95
51
12
-13
-2
-6
-4
13
10
12
-84
-109
-64
-83
52
32
-127
-20
-52
-64
-57
-17
30
-28
-52
-5
54
75
-29
-59
26
-1
-74
35
-49
34
26
-48
13
25
-16
31
-86
-72
-13
-61
73
-57
-24
2
44
-102
-23
31
100
19
58
-56
-60
-23
-39
0
80
10
9
39
21
40
27
-43
-8
-59
54
-91
81
14
2
55
4
127
2
4
15
55
-45
-32
3
-8
121
50
47
49
0
36
20
69
69
-40
61
17
-28
-29
75
38
49
79
-7
-30
-73
-27
-40
-18
95
-19
-13
44
-38
6
6
26
-14
108
40
-24
-35
-64
61
58
50
-56
-40
4
4
-75
-1
-16
17
-10
-22
-19
29
-31
-13
-69
36
-28
-29
61
-5
-17
22
30
-8
3
2
33
-38
-59
-11
-22
29
39
-61
-16
70
-40
57
32
35
-1
-9
59
38
14
79
-39
-29
44
27
42
26
-57
-127
-28
-64
-100
36
-6
-70
36
-2
-36
65
33
5
55
-60
10
-23
-39
0
112
64
-43
8
-35
-54
11
30
55
29
41
71
-76
34
73
30
-8
50
23
85
70
-17
-108
84
1
-67
15
-110
42
-28
-2
-10
0
-11
98
-79
-4
58
-5
-127
-67
10
-40
-12
41
19
49
72
60
-62
17
21
34
-7
-42
49
103
-36
-50
-19
9
-14
-27
-11
-32
-19
-6
-44
83
26
-25
84
43
-14
47
6
105
84
13
29
17
-24
-47
-37
2
-7
39
-11
-19
-5
23
-29
-13
-61
40
-81
-7
52
-56
61
127
18
-64
-72
33
29
-10
18
96
1
-3
-5
9
46
24
-27
-3
-77
-8
-57
-37
14
-29
71
42
18
0
46
-22
29
-17
-29
14
35
9
44
-37
-44
46
-88
-18
50
-27
44
32
-5
-23
-78
-81
26
57
27
15
68
85
43
45
33
-18
53
-28
44
-46
-68
-38
-104
-84
-25
61
-61
-1
-55
55
39
39
-95
18
5
36
-77
-24
45
-25
-36
-100
127
-29
-104
-14
-85
-10
-2
45
-68
3
-95
-49
34
20
-2
77
-27
57
-41
35
-4
-8
-66
16
29
13
-59
-67
23
-71
-87
29
-3
-7
1
78
11
54
-13
4
38
-30
-8
40
70
-8
-2
-65
72
-11
-8
71
-53
-38
56
-43
-52
-20
-57
23
-4
24
8
4
4
24
-20
50
-16
-62
-34
-2
-30
-35
17
-10
3
4
-53
38
-8
5
-29
-27
127
13
36
34
16
-22
41
12
-23
34
-99
31
-23
-26
-32
15
59
16
-41
-23
-72
11
-14
-18
-17
20
34
37
-13
13
94
-20
75
-110
-8
-36
74
13
52
-31
-5
127
-60
13
11
48
-53
3
6
20
86
89
18
-32
-15
31
-96
71
24
-2
23
-22
-34
37
-12
19
6
54
76
40
-44
-5
-48
62
52
23
-1
1
-35
9
1
-25
-20
108
72
-106
59
58
10
-2
86
-34
-38
-4
16
-34
-4
-24
-20
-3
66
-37
20
-80
7
51
2
-29
2
20
22
-66
-39
80
-67
-43
-57
-96
40
71
-76
-9
-23
-10
-34
-30
82
81
93
13
-127
6
67
9
29
-41
-98
-66
-51
-34
-50
46
13
-29
-61
35
-10
-62
86
-12
-41
-47
-23
0
-18
20
31
5
58
-44
-6
-25
37
-127
-19
-15
-34
-2
-77
-19
8
7
50
51
-52
-54
-70
-87
24
22
20
-88
13
37
21
-22
16
3
-3
72
-23
-4
55
47
18
23
4
12
37
-83
101
-31
14
19
47
54
28
12
50
42
60
101
-82
-4
41
-26
76
100
-25
38
27
-24
55
10
-55
-12
-38
31
1
-86
56
68
-7
0
-99
-62
-43
7
-16
-33
60
0
101
-127
30
-5
-81
24
-5
19
11
-43
-14
-38
-2
11
22
-31
65
-75
-24
-69
23
35
-23
-44
0
-42
-80
-55
37
5
-19
-32
-54
49
31
113
-72
-66
3
-57
2
82
30
-7
7
7
4
19
-53
15
-8
-36
8
26
-27
-51
23
13
-111
67
36
-28
30
-2
6
41
70
-32
-31
43
20
-8
-89
14
21
96
-7
-95
60
-73
127
58
56
113
-53
73
38
46
-7
9
20
39
-23
-4
33
-25
81
66
34
1
4
110
1
-25
22
-30
-12
16
-36
81
105
10
-44
-16
63
6
21
-73
9
-55
87
29
38
74
-31
-8
-6
43
80
28
40
36
-48
23
27
-77
-19
35
-127
-30
7
-18
9
79
-68
74
70
-93
65
-28
49
-35
-58
12
2
-45
-91
1
-83
-8
34
-78
-51
43
-55
-18
30
6
-6
-12
2
-1
-15
59
-38
22
20
-51
-3
16
-65
-124
19
32
-3
-38
16
20
-24
-17
0
-7
24
-73
27
-25
-7
32
25
11
-39
65
9
28
-17
16
17
3
107
-22
68
-33
-16
0
5
43
1
-31
-16
29
-16
11
-37
33
-24
32
-2
-26
42
32
-1
-31
-15
-47
-13
-18
48
58
16
0
-7
39
13
-26
11
66
-14
49
-8
-3
56
3
43
10
89
39
-84
-29
20
40
16
60
-23
-4
16
9
-32
-12
-6
21
64
-59
127
-56
-63
-10
-10
14
0
-40
-25
-9
12
-44
-12
-58
32
74
24
-8
53
-63
2
-28
9
21
-93
2
-4
16
-46
-1
-33
39
70
-127
-51
20
-33
36
22
10
6
71
48
-49
49
65
1
41
-52
22
-38
-80
95
-36
-40
-21
-50
-13
-26
6
-21
13
-1
-9
38
-21
-1
-1
-87
49
-11
19
22
11
34
33
72
31
51
-29
-1
-57
82
8
-31
-51
-7
18
11
-35
-28
-79
-8
26
-109
-9
-53
-48
-39
23
76
-21
-7
31
11
-27
-66
-67
20
18
15
52
-26
21
-42
-12
22
-16
76
-57
33
38
20
127
14
-24
21
-37
-40
-14
-41
-61
71
-21
-54
52
1
2
58
-39
-49
-36
9
-49
41
-46
26
-1
8
122
35
-104
56
-25
66
-94
44
7
81
13
3
-27
119
-11
-83
-87
58
-21
33
20
-110
-16
124
-39
24
9
65
-64
-19
-59
109
127
33
-24
-53
45
-76
-28
119
7
106
-45
31
2
38
49
-17
-32
66
-61
-116
-7
16
-101
-17
116
-70
-5
-39
26
2
-49
-10
63
36
-85
21
-93
44
32
20
30
-49
-22
-34
-101
61
-8
81
-56
-27
-15
64
22
-19
-7
-30
-17
-22
53
-14
112
-6
-82
27
-34
2
-35
34
-35
59
-44
1
28
123
31
-57
9
-47
-11
0
-63
-45
51
27
10
69
-4
17
-32
68
45
-91
43
49
26
-29
68
-37
54
3
8
92
-34
75
1
-82
-40
127
-74
2
-8
53
39
-27
13
33
-69
2
-10
-51
-66
63
68
4
51
66
-127
-40
-66
9
-76
83
-36
-51
126
34
-28
91
-51
-59
38
32
-61
61
57
23
0
-18
34
-76
46
11
-4
54
20
43
-29
-11
-23
-8
-7
-46
-40
41
6
-29
18
42
-20
-21
71
1
-38
65
-15
42
-10
-54
51
-67
22
86
-7
20
110
-29
-80
21
-54
-65
-22
30
5
26
-14
-38
-14
65
-12
-95
-61
-26
26
15
-30
-116
-3
11
-39
83
-5
41
-78
-5
37
26
9
28
-127
-5
-81
-56
-34
-21
-26
-23
4
-14
48
25
-13
-40
16
-13
-23
-6
-8
-10
-42
42
44
67
50
-13
-46
3
-5
72
29
32
42
10
12
-40
19
-10
-32
8
-85
18
22
50
-28
8
11
-41
25
-18
18
60
25
-40
-19
-7
-10
40
32
32
5
20
-19
30
29
15
21
14
-127
-23
50
10
-46
-10
38
33
-60
-54
31
21
-41
34
48
-14
2
56
-11
11
-2
-32
-25
8
-25
-9
42
55
32
27
46
-34
-36
41
19
-54
-3
-9
-9
-37
-12
11
-43
-18
55
-43
-20
-21
32
-15
7
-12
-54
-48
4
41
5
79
44
47
-2
-63
55
56
71
-46
-23
-75
10
-31
-48
-42
15
66
39
-19
-41
-5
54
-54
15
-29
61
-59
-9
12
-4
19
-102
-4
21
-38
21
16
8
-12
44
-26
-35
20
-40
127
36
-32
41
11
0
75
75
-15
9
-29
57
-11
-13
-19
-31
6
55
-37
109
10
63
-30
37
42
65
70
53
-18
-46
91
-19
89
-62
109
57
-36
-5
6
-14
-32
24
-53
55
10
7
-2
13
6
-2
37
-5
-21
-39
-28
7
-24
-47
62
-44
127
41
18
50
75
5
44
67
14
10
9
-59
12
15
-3
46
1
28
-28
-4
8
21
1
80
-11
56
-19
58
-6
46
104
-10
-27
-71
12
3
101
-9
-24
-125
22
39
60
127
-18
51
-58
32
25
-18
22
-18
62
-22
46
-120
29
6
-26
-56
-32
-1
80
58
-66
-21
2
-64
-10
9
23
15
30
17
25
36
36
-61
-2
-22
-46
53
81
0
-76
88
-17
-11
30
113
-8
-8
42
-114
-68
13
-13
-5
51
8
74
35
16
-37
-9
-18
31
52
43
-78
-1
17
-60
-30
27
40
40
62
-97
-5
-72
3
44
11
11
4
96
21
8
14
-75
57
54
-39
-9
-6
-34
-30
-2
-52
72
44
-31
8
-111
3
92
-12
-9
-38
83
26
47
-24
5
-9
-104
2
-10
-113
103
127
-20
67
35
-33
25
-93
13
7
-26
-68
1
30
-32
29
18
29
-35
-6
9
42
16
-52
-39
76
2
32
2
-33
-8
-51
38
60
-15
14
15
-30
-4
-20
36
56
37
4
1
25
18
36
127
30
97
1
-5
16
-28
47
-38
6
28
32
5
-11
27
-49
90
7
31
95
5
-54
8
-54
-83
11
-16
41
11
0
25
-23
70
-16
50
-109
14
47
-47
101
-17
-43
69
38
-23
74
63
-66
-18
-70
65
-11
35
28
14
-49
-13
-38
-73
-24
4
25
-80
4
1
34
92
36
81
-67
-40
115
-56
-37
18
-10
-3
20
0
88
36
-20
42
111
122
-40
62
89
-59
18
122
25
85
21
34
-120
-56
123
-127
113
-12
-2
-93
45
-36
7
0
-40
-30
25
44
53
127
15
121
-59
7
13
59
-36
52
-67
-2
-32
12
88
-14
18
17
-121
-1
-6
-15
39
74
-66
-10
12
41
5
17
-1
60
88
-97
22
-18
-5
38
-54
-14
-35
26
-10
5
42
-32
-119
99
116
-87
-14
-12
-70
16
-2
-36
22
-31
-37
-69
5
-9
-65
-50
-15
13
-18
16
11
6
34
4
30
-97
28
-18
-24
50
-38
-3
11
-13
77
42
21
-54
-15
84
-44
46
-7
36
-65
32
-7
-31
19
-70
63
-73
-32
32
-92
-75
107
-23
-35
51
22
-15
-39
-59
3
-17
73
-6
39
127
59
-44
41
-70
55
54
-40
65
-27
32
18
1
79
-54
-27
81
-56
-115
79
46
-11
84
26
-12
-4
57
-25
47
61
-9
-2
17
6
-4
-27
-82
-11
2
-63
19
-98
-4
45
-88
-18
-2
75
-44
-20
58
10
-9
31
3
-12
62
-13
127
-89
17
112
-33
58
17
52
-1
24
-31
-95
48
-75
-16
-64
56
-13
39
-30
-98
-77
-44
-27
-28
28
-27
32
44
46
-12
46
-10
51
-81
47
80
-27
-23
63
73
-111
-18
-77
-40
-39
-45
-31
13
-12
50
-27
127
39
-7
-62
35
-32
-22
-78
-38
-100
11
7
-5
-34
34
-27
20
67
-64
-3
-95
67
-73
-40
89
1
49
-51
8
-79
8
21
126
-31
-26
-17
-72
-41
-23
34
-6
78
-16
71
-42
-2
67
51
51
-13
65
0
-53
46
79
-77
-26
-124
48
53
-109
-41
24
-54
-99
125
-51
53
8
121
-127
-30
-93
94
18
24
22
80
88
40
-27
-60
-63
-41
116
73
113
-83
28
-19
-17
-44
-40
-7
75
23
25
77
22
57
46
19
-10
9
74
-59
-93
-3
-26
-121
119
16
82
7
30
-110
30
0
-80
11
-14
-65
15
65
79
-16
-52
-50
104
22
67
69
48
44
-101
-13
-9
49
22
-42
46
7
-127
-43
100
-29
-16
-41
76
-40
-32
3
-16
-8
-35
31
-31
35
16
101
-100
26
65
-52
8
81
-5
1
48
-15
-32
40
14
4
-11
70
-21
-24
1
21
48
21
-1
86
93
-56
-31
14
45
23
-6
76
-43
-40
25
-101
-111
-30
-7
-17
-22
-26
-43
20
1
26
-11
13
-20
-87
-23
7
-4
-27
16
22
15
66
31
32
4
19
-41
-48
-15
-10
32
64
22
0
13
-26
32
-20
17
-31
34
30
-57
-46
3
-21
4
19
-14
-19
46
-28
1
9
-3
-127
-43
34
-60
61
19
10
23
6
-76
-8
-6
8
4
40
46
-28
-42
25
-8
78
-10
-35
111
3
60
4
-33
-13
48
-103
70
93
-21
11
-117
-69
108
-12
40
20
103
-29
-24
-61
31
42
41
-66
111
-67
91
20
30
54
-33
19
0
-23
72
3
-32
-39
64
34
4
-55
82
12
-20
-88
15
-4
-127
-21
-115
52
9
65
54
60
42
-33
74
-47
-11
95
-46
-46
-34
-3
-52
35
-16
95
-72
-6
31
-52
37
-18
74
14
-34
-91
-127
-32
35
46
41
-51
-67
-8
59
-63
14
33
-6
51
25
-25
119
-48
-38
-84
64
-19
70
-24
-8
36
11
67
1
-43
62
47
84
73
-67
-14
7
-16
-22
-44
69
31
38
27
-35
-54
-23
52
49
-23
41
105
11
-3
51
-73
0
-55
-16
-45
1
11
-20
54
90
60
-41
-73
-33
-25
38
-40
-14
20
-13
43
-2
-26
10
-33
-62
-23
-20
-30
63
-45
69
-9
28
9
27
-3
-40
44
29
-18
41
-49
66
-14
19
-13
43
-43
-81
50
28
-23
18
23
51
-10
23
6
-33
79
-48
62
-21
-23
2
-13
-17
-43
-127
-1
-1
-51
-9
-21
12
25
37
-4
-4
-71
36
-9
29
-2
44
35
4
53
-10
-43
32
-33
3
-66
-43
-2
18
20
49
23
-3
85
-50
19
15
6
-32
-13
53
-37
33
-1
-13
-127
-4
-28
14
109
27
-65
41
-13
-8
2
84
20
-28
-34
29
20
-30
73
-40
9
66
28
-22
8
-15
29
-17
-35
68
0
25
-14
13
-17
56
-46
43
55
15
44
6
-102
120
-17
2
-3
45
-35
-20
26
84
-72
5
12
9
-68
102
-31
-12
-19
45
24
9
-24
-4
-15
-37
57
27
-61
15
-57
20
-127
38
-43
3
-32
-15
24
25
-19
-25
21
66
-6
-1
-8
-13
110
66
71
-59
-61
95
-26
104
-11
-20
-8
44
-48
-15
0
-11
13
-18
-30
-40
-38
59
-29
-27
-57
26
-75
55
-39
-46
34
11
-24
-27
-54
-87
-2
-69
-37
70
-2
70
-41
125
16
31
-93
-107
-4
-33
45
-68
-66
-69
5
-6
-94
69
-76
21
-3
44
51
-20
26
-43
4
11
19
15
-61
-5
75
-27
-30
-86
27
-3
-90
127
46
-59
-110
-101
-95
8
-71
-47
6
56
-79
40
-21
-37
-69
13
-28
36
55
-45
-27
34
-22
41
80
29
20
-48
42
-39
-41
37
29
15
6
-27
-23
-43
-4
23
37
15
6
33
15
-35
-1
11
-13
-24
1
-77
45
-3
-71
-27
-80
-24
21
-24
11
-13
-7
-49
6
0
127
8
-11
-13
-62
-12
46
30
-37
19
19
-7
-44
122
70
-15
-9
-12
36
-17
-16
-105
-97
-93
-18
-2
-79
-75
91
-53
2
-52
-16
-66
48
16
11
0
-33
-105
-15
33
-42
-30
-39
-13
49
40
35
24
-88
26
-9
-17
33
124
99
-82
-62
52
31
23
11
50
-19
4
29
-127
-37
-30
48
118
0
-15
-24
66
-5
-28
-3
-29
78
42
-90
11
-34
12
-14
-43
-16
-4
-26
34
-41
18
39
42
-25
-26
51
45
-32
-41
20
-45
-6
91
-67
20
1
17
80
37
88
-23
85
-59
-35
48
37
-8
19
127
9
11
49
62
28
-21
38
35
87
10
-30
-40
40
107
-31
-1
-45
-6
118
46
-82
-78
-58
-3
-15
15
50
5
-9
52
7
60
15
-18
35
-40
14
24
-40
-44
24
51
-37
32
-4
94
-18
86
-66
-27
-35
-32
-68
9
44
21
28
-66
-3
43
19
-17
-37
28
35
-127
-23
18
48
59
52
-16
-17
-67
-77
56
-61
-3
-34
60
62
51
53
-32
-71
57
-91
-13
-9
-21
-10
5
50
-18
51
-100
30
25
-81
1
6
-53
-22
-35
-100
-69
17
52
17
57
-8
-61
-36
5
-62
6
29
4
-31
45
44
82
-36
-8
40
85
92
6
-31
-9
34
7
51
-22
-34
54
-1
-25
12
6
8
2
-11
5
-83
11
-35
31
1
56
9
-38
-57
-35
-26
95
-24
-53
20
-23
56
10
14
-34
47
-2
8
-41
-42
-29
75
-107
17
-86
-16
-48
1
-51
127
55
-25
-7
-33
-1
-37
41
5
97
-99
-8
-10
-53
35
-2
-8
-72
-30
-68
-18
-10
76
-3
-80
6
-90
10
91
49
34
-21
-2
-28
-20
30
82
99
-11
58
81
-34
-3
-2
-47
-8
88
-23
16
-1
-24
57
9
-20
-5
-85
102
-127
-40
43
-63
9
-4
55
-2
81
30
-96
-21
-15
15
-21
26
38
65
25
-6
-44
-16
69
-74
78
17
-51
-17
63
95
76
42
4
-78
63
37
-35
-3
-52
31
101
5
41
76
16
-101
111
-88
53
-88
-62
1
-7
3
26
17
-109
-27
-42
10
8
-26
92
-6
-34
51
48
16
-65
-18
-11
-87
13
127
-87
57
2
31
-112
33
-14
17
2
-41
62
-60
-49
81
12
-42
29
-22
19
17
-17
-34
-73
10
48
-56
15
42
-60
-5
-26
93
-48
-63
-24
-45
31
-24
-127
85
-55
-10
-8
-5
-47
-7
-115
-91
-61
28
47
-33
40
24
-93
-33
-126
-18
89
-77
50
44
24
-58
-3
58
75
-32
40
33
-58
32
116
-15
52
-39
-6
-11
23
-10
-4
13
-7
35
-39
-39
108
69
-39
38
-91
-33
42
51
34
-34
43
-64
-23
19
-112
-32
-64
-28
127
-55
30
40
51
-45
84
48
-89
41
18
56
-11
10
51
32
32
-51
86
71
8
-57
-28
-62
55
36
-47
-82
63
-15
10
66
39
-26
-17
-25
-45
38
-66
10
-54
-116
-44
-14
12
-37
29
32
-36
29
57
-22
35
0
-96
-52
-27
7
-6
37
-4
-2
-52
-127
62
83
-35
9
-64
21
-30
48
-47
-42
36
65
-6
62
4
23
-95
-38
-40
39
-11
4
-12
-50
-13
45
82
-72
-82
-29
-30
-68
56
-35
18
1
19
125
-112
-86
-46
2
79
-60
-107
-34
-35
-77
48
38
22
-10
63
1
-106
85
-83
-43
2
27
-56
60
-53
-23
-2
-43
16
45
-20
-22
19
9
-15
-68
32
13
56
21
51
34
51
9
-8
-91
0
3
19
28
53
-50
48
8
-62
2
-36
-13
-3
4
10
3
19
38
14
49
40
-29
-71
0
-9
25
-21
16
-2
17
18
10
-8
-31
-2
79
11
11
-40
-4
-35
24
-35
-26
71
-81
-33
45
-85
127
-2
11
53
-27
23
15
13
3
-24
-30
-54
-113
-48
-48
-5
-102
-30
-2
-36
3
-58
-11
-36
58
62
32
105
7
26
19
7
-73
61
-22
50
-77
65
-2
7
58
76
5
37
-82
91
74
-43
36
23
14
-58
17
34
-6
3
-8
57
-12
-8
88
16
7
115
-110
42
51
-30
16
22
-127
45
40
76
-99
96
16
75
18
18
50
1
-6
-69
-15
-3
54
22
127
-19
-50
-43
-47
-8
21
-48
52
55
-2
39
70
-37
46
-15
-18
22
22
-12
-94
20
-43
52
-22
-10
47
9
-39
8
34
42
65
5
64
17
34
-10
-27
-23
2
32
8
-2
28
55
-3
-96
21
40
-27
24
1
103
15
15
6
29
-59
53
-84
-87
33
-48
-8
-36
-10
59
73
25
8
94
24
14
4
62
-73
114
-29
54
-22
-100
-69
-89
-28
-14
8
-33
33
-51
-64
-42
-29
22
-11
15
34
-45
-102
-4
50
15
-31
-32
-127
11
-14
-43
-21
88
-15
-43
61
-97
-3
21
-25
37
-77
28
94
-4
96
-50
45
-23
72
23
91
-38
86
50
2
-33
-31
-99
124
-31
-127
-32
-79
58
1
-42
-25
78
45
30
-19
-12
-58
-3
-8
-55
-34
-39
62
-48
-11
25
77
-66
-21
-30
53
81
33
75
13
-86
101
-10
60
71
-3
32
-13
-12
-21
-36
83
-56
55
-8
-73
-57
20
-82
-70
16
-38
-64
40
24
77
-29
-55
41
74
69
-89
79
-58
-11
49
-84
-52
7
-61
51
-2
67
97
-24
15
-48
-34
-16
-84
-6
-40
31
-24
-82
-9
-38
9
-32
122
-25
26
63
26
-1
17
-11
42
75
127
-27
-33
21
-11
44
54
-54
38
-1
7
-4
-33
30
-41
-70
88
-5
-46
5
-18
-54
-24
69
-18
-54
-32
-47
45
24
-49
-6
81
58
-39
85
-65
13
65
-29
-108
-17
-33
127
62
82
-22
-30
-70
79
-34
6
-8
-58
26
-78
-5
-61
15
64
8
109
21
49
8
35
24
-86
-4
93
2
79
-27
44
-25
-7
41
-16
32
-50
11
-20
-42
11
52
87
110
-11
37
104
70
-65
-22
-43
0
68
-23
-71
36
-35
-5
13
-33
69
64
-4
-22
40
33
-16
-10
-43
-8
2
-19
-10
0
-127
16
33
29
45
-25
28
18
31
23
-13
-28
38
11
21
36
-21
73
-7
10
2
11
19
20
-13
-22
-5
-9
-1
15
4
6
49
-4
-32
-13
-26
-27
-11
2
-19
-27
-25
-33
19
-18
84
-12
-10
48
-20
8
-13
2
-52
23
-28
-15
-12
-32
14
-52
