128
-653
253
-1
-3
2092
-293
1084
-137
2844
-164
64
-57
-894
51
-663
123
-872
1234
-6
-971
-5
2896
137
45
697
1197
-307
508
-26
133
1229
637
249
-18
-133
179
-24
987
-249
-601
168
-7
-6
355
-125
319
661
1941
7
-936
-257
-34
59
1690
569
-3931
1539
-369
-1336
-208
1544
-1613
-238
827
-3
73
-1010
-194
-1
500
-10
565
33
618
574
319
167
36
-59
172
-351
-565
-830
1592
1015
2
46
576
1740
-55
1912
407
-2
375
-183
-72
1591
-422
96
-165
20
-2
-289
-288
51
845
1252
28
-893
178
-303
-14
-327
-2273
27
-228
3099
1997
-1224
1002
-1278
-58
1296
-141
441
-5
-182
