3504
3392
180
-793
11481
467
-16296
-8058
12123
2379
7882
9617
604
13937
-2312
1368
1864
-4354
-4310
-6523
10065
-1536
205
-2354
-6725
-681
5133
8621
-1468
-8679
1376
-515
-8294
-12158
8567
-1409
-6484
-80
748
12934
-1304
-3291
2746
299
5394
-13119
22327
-7762
4515
8982
2796
3082
13051
-4092
-13947
-13097
4211
2330
3361
6860
838
5774
-2663
6104
-5056
-6492
-5091
-8784
12529
-1993
-1114
1257
-5167
-2738
888
-95
-4457
-10830
436
-3706
-9053
-11012
10229
-552
-3711
3125
4109
10826
-2133
-3240
4376
-9735
5555
-12952
15764
-5264
3504
3392
180
-793
11481
467
-16296
-8058
12123
2379
7882
9617
604
13937
-2312
1368
1864
-4354
-4310
-6523
10065
-1536
205
-2354
-6725
-681
5133
8621
-1468
-8679
1376
-515
-8294
-12158
8567
-1409
-6484
-80
748
12934
-1304
-3291
2746
299
5394
-13119
22327
-7762
4485
10677
4680
3435
13885
-5046
-12262
-7370
6078
-93
3206
5399
39
8947
-3876
2880
-6767
-4457
-5140
-8998
13395
-1862
-783
-705
-4249
-1570
2473
2024
-6705
-7475
725
-4472
-8695
-6750
12355
-397
-6278
1577
4233
9479
-2576
-3058
8649
-6056
3322
-8967
16913
-5725
1060
6955
381
6128
16372
-7148
-15914
-4774
8062
-226
3265
2065
-1410
9106
-5243
-1803
-7602
-5215
-4930
-5013
15381
-2993
5042
-3163
-6294
3632
1348
465
-10040
-4412
-1308
-10479
-10160
-6564
13863
-662
-4963
-24
4980
8585
1012
530
7682
-931
-988
-3537
14412
-8542
3417
11209
3888
2014
14069
-2282
-10829
-5679
9845
-279
3053
5880
1033
7548
-2695
2097
-5672
-4557
-6287
-5774
12372
-274
-374
-452
-3464
1464
1665
1918
-6666
-9122
-1169
-3230
-8791
-6370
11978
-1466
-4533
-871
5308
6800
-2862
-1803
6313
-2457
2806
-7756
15368
-5110
1902
1517
-2987
8303
10118
-3641
-17975
-11800
12044
646
2266
6579
-3157
7538
-1089
2772
-3938
-4158
-6333
-2332
14717
-711
5768
-4790
-6253
5782
542
-2940
-9593
-4452
-676
-5123
-4751
-7426
10696
-1761
-941
2326
8317
6878
-5047
2619
5686
4623
-2741
-6145
14066
-8697
3504
3392
180
-793
11481
467
-16296
-8058
12123
2379
7882
9617
604
13937
-2312
1368
1864
-4354
-4310
-6523
10065
-1536
205
-2354
-6725
-681
5133
8621
-1468
-8679
1376
-515
-8294
-12158
8567
-1409
-6484
-80
748
12934
-1304
-3291
2746
299
5394
-13119
22327
-7762
4518
4568
209
-1292
10230
1275
-15153
-11042
10741
4855
7479
8721
1229
11283
-1433
4402
2717
-4843
-3806
-6793
8198
-1254
-300
-455
-6400
-1923
4619
7104
-394
-10630
996
-288
-7701
-14316
6898
-1075
-4320
701
703
12559
-974
-2866
-221
-3450
7140
-14782
19004
-4838
4518
4568
209
-1292
10230
1275
-15153
-11042
10741
4855
7479
8721
1229
11283
-1433
4402
2717
-4843
-3806
-6793
8198
-1254
-300
-455
-6400
-1923
4619
7104
-394
-10630
996
-288
-7701
-14316
6898
-1075
-4320
701
703
12559
-974
-2866
-221
-3450
7140
-14782
19004
-4838
3504
3392
180
-793
11481
467
-16296
-8058
12123
2379
7882
9617
604
13937
-2312
1368
1864
-4354
-4310
-6523
10065
-1536
205
-2354
-6725
-681
5133
8621
-1468
-8679
1376
-515
-8294
-12158
8567
-1409
-6484
-80
748
12934
-1304
-3291
2746
299
5394
-13119
22327
-7762
1081
4076
139
4218
13278
-5328
-13516
-9189
5294
211
2735
3715
-1994
6664
-4516
1636
-3656
-5933
-4109
-5991
11025
-1337
3622
-321
-2797
-927
-1280
494
-6295
-5804
976
-8625
-7332
-6848
10175
675
-4609
2433
2128
7943
1715
-1917
5003
-3247
2829
-9478
14121
-8420
4485
10677
4680
3435
13885
-5046
-12262
-7370
6078
-93
3206
5399
39
8947
-3876
2880
-6767
-4457
-5140
-8998
13395
-1862
-783
-705
-4249
-1570
2473
2024
-6705
-7475
725
-4472
-8695
-6750
12355
-397
-6278
1577
4233
9479
-2576
-3058
8649
-6056
3322
-8967
16913
-5725
3504
3392
180
-793
11481
467
-16296
-8058
12123
2379
7882
9617
604
13937
-2312
1368
1864
-4354
-4310
-6523
10065
-1536
205
-2354
-6725
-681
5133
8621
-1468
-8679
1376
-515
-8294
-12158
8567
-1409
-6484
-80
748
12934
-1304
-3291
2746
299
5394
-13119
22327
-7762
1081
4076
139
4218
13278
-5328
-13516
-9189
5294
211
2735
3715
-1994
6664
-4516
1636
-3656
-5933
-4109
-5991
11025
-1337
3622
-321
-2797
-927
-1280
494
-6295
-5804
976
-8625
-7332
-6848
10175
675
-4609
2433
2128
7943
1715
-1917
5003
-3247
2829
-9478
14121
-8420
2186
7895
3968
1612
13211
-5457
-10269
-960
7045
1247
5463
2018
-113
8018
-3996
-1386
-3525
-2902
-3725
-4015
7609
-4146
-862
-1528
-5117
618
1964
4402
-4054
-7168
-800
-4915
-8313
-5553
10738
-2188
-4586
-1386
1567
8579
502
640
8260
-943
3507
-3533
13383
-6688
4143
8488
3657
2489
13204
-4266
-10340
-5728
10028
-715
2182
5969
-419
7791
-1343
685
-6528
-3170
-6101
-6522
11915
-1816
-1142
-483
-1687
1444
1559
938
-7072
-7836
-389
-2295
-6375
-3936
13095
-1651
-3476
-215
3937
7485
-2922
-1237
7308
-1080
805
-7003
15336
-5379
4485
10677
4680
3435
13885
-5046
-12262
-7370
6078
-93
3206
5399
39
8947
-3876
2880
-6767
-4457
-5140
-8998
13395
-1862
-783
-705
-4249
-1570
2473
2024
-6705
-7475
725
-4472
-8695
-6750
12355
-397
-6278
1577
4233
9479
-2576
-3058
8649
-6056
3322
-8967
16913
-5725
1214
7315
4321
2668
13403
-5015
-9331
-5296
7920
-919
2233
2431
-2218
6322
-4145
407
-5242
-3080
-5212
-4926
7608
-2916
73
-1609
-978
2339
-539
1887
-6812
-5224
-373
-3742
-4781
-2641
11857
-1287
-3869
-448
3440
5358
-2489
434
8409
-257
1269
-2691
11865
-6527
-1865
3325
-6624
2250
12922
4099
-19941
-12102
15729
1933
6718
7803
1194
9114
-2114
1510
1864
-6045
-4387
1267
11974
1881
9186
-3289
-9968
8301
2423
5064
-5990
-9573
-3636
-2363
-8564
-11389
8614
-1026
-3061
-4123
9290
7693
-1451
486
-2142
5135
3662
-7303
17129
-6357
3504
3392
180
-793
11481
467
-16296
-8058
12123
2379
7882
9617
604
13937
-2312
1368
1864
-4354
-4310
-6523
10065
-1536
205
-2354
-6725
-681
5133
8621
-1468
-8679
1376
-515
-8294
-12158
8567
-1409
-6484
-80
748
12934
-1304
-3291
2746
299
5394
-13119
22327
-7762
1060
6955
381
6128
16372
-7148
-15914
-4774
8062
-226
3265
2065
-1410
9106
-5243
-1803
-7602
-5215
-4930
-5013
15381
-2993
5042
-3163
-6294
3632
1348
465
-10040
-4412
-1308
-10479
-10160
-6564
13863
-662
-4963
-24
4980
8585
1012
530
7682
-931
-988
-3537
14412
-8542
1319
5299
2951
2269
11062
-4673
-7775
-2515
7514
344
4513
2422
-2867
5917
-3847
38
-4077
-1145
-3902
-4068
5559
-4408
-1910
-2158
-3617
1751
1166
3279
-4599
-5386
-1915
-2827
-5501
-4697
10254
-1449
-3528
51
2307
6269
-1093
570
9061
-1254
1651
-1748
11701
-7062
3833
7168
720
4116
11239
-4809
-12591
-13084
4331
676
1774
5063
-1294
5182
-2235
4616
-7425
-7046
-4666
-9110
13446
-1312
-825
65
-3114
-3161
-534
-3309
-6299
-6981
570
-1683
-6752
-7878
10885
119
-3391
4965
4398
9206
-3799
-3763
5282
-7739
2870
-9681
14358
-5117
3417
11209
3888
2014
14069
-2282
-10829
-5679
9845
-279
3053
5880
1033
7548
-2695
2097
-5672
-4557
-6287
-5774
12372
-274
-374
-452
-3464
1464
1665
1918
-6666
-9122
-1169
-3230
-8791
-6370
11978
-1466
-4533
-871
5308
6800
-2862
-1803
6313
-2457
2806
-7756
15368
-5110
-6591
5981
-14647
6170
4874
1046
-546
11250
2978
-141
6231
-1631
-7669
-8572
-6608
-15078
-7136
4556
-2273
641
3428
2216
5575
5529
-16770
1399
11031
465
-8986
-9520
-19123
5208
-20830
-4956
13489
5490
-6227
-2251
19867
17761
12458
4440
-3906
-9734
-5225
21153
2637
-9467
3504
3392
180
-793
11481
467
-16296
-8058
12123
2379
7882
9617
604
13937
-2312
1368
1864
-4354
-4310
-6523
10065
-1536
205
-2354
-6725
-681
5133
8621
-1468
-8679
1376
-515
-8294
-12158
8567
-1409
-6484
-80
748
12934
-1304
-3291
2746
299
5394
-13119
22327
-7762
3504
3392
180
-793
11481
467
-16296
-8058
12123
2379
7882
9617
604
13937
-2312
1368
1864
-4354
-4310
-6523
10065
-1536
205
-2354
-6725
-681
5133
8621
-1468
-8679
1376
-515
-8294
-12158
8567
-1409
-6484
-80
748
12934
-1304
-3291
2746
299
5394
-13119
22327
-7762
3504
3392
180
-793
11481
467
-16296
-8058
12123
2379
7882
9617
604
13937
-2312
1368
1864
-4354
-4310
-6523
10065
-1536
205
-2354
-6725
-681
5133
8621
-1468
-8679
1376
-515
-8294
-12158
8567
-1409
-6484
-80
748
12934
-1304
-3291
2746
299
5394
-13119
22327
-7762
-366
2340
-5234
2909
12736
1946
-20106
-8864
13616
1669
7456
5959
295
13078
-2573
-1988
1626
-6059
-2212
-615
11678
-1836
7472
-2667
-9153
5378
3588
6792
-4185
-9068
-2157
-3371
-9780
-10839
9006
-427
-3085
-3100
4845
11393
563
1669
174
3364
3893
-7909
18169
-8284
2207
2592
-1703
5656
10326
-3666
-17057
-7728
12646
2154
2905
3488
-2717
6669
-3474
-4237
-1204
-3667
-3395
-1059
11279
-4929
2523
-458
-4723
2145
1353
1595
-4087
-9193
-2047
-3911
-8481
-8349
10913
-587
-1299
-147
1567
9920
1273
4656
3991
1862
2423
-4866
12726
-9801
1060
6955
381
6128
16372
-7148
-15914
-4774
8062
-226
3265
2065
-1410
9106
-5243
-1803
-7602
-5215
-4930
-5013
15381
-2993
5042
-3163
-6294
3632
1348
465
-10040
-4412
-1308
-10479
-10160
-6564
13863
-662
-4963
-24
4980
8585
1012
530
7682
-931
-988
-3537
14412
-8542
-366
2340
-5234
2909
12736
1946
-20106
-8864
13616
1669
7456
5959
295
13078
-2573
-1988
1626
-6059
-2212
-615
11678
-1836
7472
-2667
-9153
5378
3588
6792
-4185
-9068
-2157
-3371
-9780
-10839
9006
-427
-3085
-3100
4845
11393
563
1669
174
3364
3893
-7909
18169
-8284
3504
3392
180
-793
11481
467
-16296
-8058
12123
2379
7882
9617
604
13937
-2312
1368
1864
-4354
-4310
-6523
10065
-1536
205
-2354
-6725
-681
5133
8621
-1468
-8679
1376
-515
-8294
-12158
8567
-1409
-6484
-80
748
12934
-1304
-3291
2746
299
5394
-13119
22327
-7762
4031
4279
1452
2419
9740
-2718
-13909
-6063
12406
-496
4314
8084
-1633
10387
-2492
446
1049
-3394
-4244
-5948
9899
-3459
-1765
-2063
-3714
-1296
3590
5394
-1699
-8321
1685
-1403
-7630
-8516
9498
-858
-5413
365
1456
11579
-2490
-1675
6517
332
3994
-11471
20038
-9969
4515
8982
2796
3082
13051
-4092
-13947
-13097
4211
2330
3361
6860
838
5774
-2663
6104
-5056
-6492
-5091
-8784
12529
-1993
-1114
1257
-5167
-2738
888
-95
-4457
-10830
436
-3706
-9053
-11012
10229
-552
-3711
3125
4109
10826
-2133
-3240
4376
-9735
5555
-12952
15764
-5264
1060
6955
381
6128
16372
-7148
-15914
-4774
8062
-226
3265
2065
-1410
9106
-5243
-1803
-7602
-5215
-4930
-5013
15381
-2993
5042
-3163
-6294
3632
1348
465
-10040
-4412
-1308
-10479
-10160
-6564
13863
-662
-4963
-24
4980
8585
1012
530
7682
-931
-988
-3537
14412
-8542
2515
5868
3444
3463
11472
-5550
-11313
-4944
8974
-1971
2659
3291
-1486
7334
-3445
-1311
-1758
-4268
-4091
-4084
7147
-4651
113
-1045
-1887
1095
34
4563
-4079
-7787
1189
-4560
-6802
-3202
11219
422
-3692
-1923
2617
9116
-186
1062
8405
-129
3430
-5900
13591
-8086
1902
1517
-2987
8303
10118
-3641
-17975
-11800
12044
646
2266
6579
-3157
7538
-1089
2772
-3938
-4158
-6333
-2332
14717
-711
5768
-4790
-6253
5782
542
-2940
-9593
-4452
-676
-5123
-4751
-7426
10696
-1761
-941
2326
8317
6878
-5047
2619
5686
4623
-2741
-6145
14066
-8697
4485
10677
4680
3435
13885
-5046
-12262
-7370
6078
-93
3206
5399
39
8947
-3876
2880
-6767
-4457
-5140
-8998
13395
-1862
-783
-705
-4249
-1570
2473
2024
-6705
-7475
725
-4472
-8695
-6750
12355
-397
-6278
1577
4233
9479
-2576
-3058
8649
-6056
3322
-8967
16913
-5725
-366
2340
-5234
2909
12736
1946
-20106
-8864
13616
1669
7456
5959
295
13078
-2573
-1988
1626
-6059
-2212
-615
11678
-1836
7472
-2667
-9153
5378
3588
6792
-4185
-9068
-2157
-3371
-9780
-10839
9006
-427
-3085
-3100
4845
11393
563
1669
174
3364
3893
-7909
18169
-8284
4485
10677
4680
3435
13885
-5046
-12262
-7370
6078
-93
3206
5399
39
8947
-3876
2880
-6767
-4457
-5140
-8998
13395
-1862
-783
-705
-4249
-1570
2473
2024
-6705
-7475
725
-4472
-8695
-6750
12355
-397
-6278
1577
4233
9479
-2576
-3058
8649
-6056
3322
-8967
16913
-5725
1060
6955
381
6128
16372
-7148
-15914
-4774
8062
-226
3265
2065
-1410
9106
-5243
-1803
-7602
-5215
-4930
-5013
15381
-2993
5042
-3163
-6294
3632
1348
465
-10040
-4412
-1308
-10479
-10160
-6564
13863
-662
-4963
-24
4980
8585
1012
530
7682
-931
-988
-3537
14412
-8542
4485
10677
4680
3435
13885
-5046
-12262
-7370
6078
-93
3206
5399
39
8947
-3876
2880
-6767
-4457
-5140
-8998
13395
-1862
-783
-705
-4249
-1570
2473
2024
-6705
-7475
725
-4472
-8695
-6750
12355
-397
-6278
1577
4233
9479
-2576
-3058
8649
-6056
3322
-8967
16913
-5725
3504
3392
180
-793
11481
467
-16296
-8058
12123
2379
7882
9617
604
13937
-2312
1368
1864
-4354
-4310
-6523
10065
-1536
205
-2354
-6725
-681
5133
8621
-1468
-8679
1376
-515
-8294
-12158
8567
-1409
-6484
-80
748
12934
-1304
-3291
2746
299
5394
-13119
22327
-7762
1671
11833
5253
3736
15793
-7196
-8470
-2145
4294
-2501
3553
-371
-1710
7406
-6363
-383
-7685
-4031
-3300
-6061
9384
-2279
1157
-1239
-4097
-302
277
2147
-6949
-5679
-36
-8964
-9561
-3737
13136
1108
-6825
-1797
5191
7353
33
-1688
10919
-4917
2815
-3255
12754
-7024
2772
3574
168
1067
8307
-755
-12598
-7801
11341
-402
4179
7152
-789
8852
-1890
1745
-113
-3160
-4786
-5954
9903
-2337
-677
-3666
-3644
491
3098
4863
-2107
-6050
105
1032
-6156
-8664
7720
-1186
-5041
562
1910
9177
-4120
-2000
5161
-688
3217
-9048
17310
-5885
8039
6984
5061
570
9475
-5884
-12491
-9680
6132
5129
4383
7246
2638
5242
-791
4888
1021
-4519
-5163
-8074
7458
-7328
-6983
1452
-3981
-4056
3760
4252
-466
-13177
2923
-1488
-9035
-11434
9662
-47
-2147
1616
449
13380
-1430
-1163
6386
-8409
6815
-12279
15253
-5615
4485
10677
4680
3435
13885
-5046
-12262
-7370
6078
-93
3206
5399
39
8947
-3876
2880
-6767
-4457
-5140
-8998
13395
-1862
-783
-705
-4249
-1570
2473
2024
-6705
-7475
725
-4472
-8695
-6750
12355
-397
-6278
1577
4233
9479
-2576
-3058
8649
-6056
3322
-8967
16913
-5725
-366
2340
-5234
2909
12736
1946
-20106
-8864
13616
1669
7456
5959
295
13078
-2573
-1988
1626
-6059
-2212
-615
11678
-1836
7472
-2667
-9153
5378
3588
6792
-4185
-9068
-2157
-3371
-9780
-10839
9006
-427
-3085
-3100
4845
11393
563
1669
174
3364
3893
-7909
18169
-8284
205
4412
-681
1720
9522
626
-12353
-6731
12189
1662
4006
3276
-2153
4851
-3491
-1761
1447
-1566
-2842
-226
5426
-3222
628
-1290
-3886
2035
573
4632
-1375
-10874
-2899
433
-7571
-6664
9246
-1937
-2858
-1428
1441
7157
534
2291
2767
2396
5835
-3758
13468
-9199
221
4559
-1082
8263
14035
-6021
-15617
-8390
7592
-1270
1652
2753
-4089
8206
-5188
2083
-8981
-4182
-6117
-5627
15816
-1434
5856
-4912
-5089
4809
318
-2207
-12452
-520
-1156
-9158
-6472
-5455
13863
-141
-4518
3397
6930
5638
-1740
-425
8608
43
-3800
-2673
13546
-9183
890
8311
3047
2926
13044
-2648
-10912
-5671
10815
-2043
1916
4296
-391
5238
-4677
132
-903
-3785
-5160
-2463
7101
-2767
776
-440
-1909
3756
37
5332
-5499
-10319
-550
-3985
-8591
-3073
12458
177
-4091
-3496
5136
6259
-575
515
7530
-63
4026
-5208
13596
-8345
4649
2670
1307
3824
7450
-2997
-10695
-5683
10781
-1145
1168
7709
-3051
7798
-1768
1189
-2008
-939
-5088
-5637
10906
-1457
-1145
-1484
190
-1056
1891
1289
-4278
-5280
1979
-2466
-5371
-4133
9063
-493
-4304
2118
2043
7716
-2717
-2783
6970
873
-130
-11333
15828
-8872
4033
9683
2551
1776
14447
-4597
-12847
-13974
3700
1435
2314
6136
-350
3590
-2489
4434
-7068
-4724
-4004
-8668
11959
-1808
-955
1216
-5072
-4088
517
-2864
-3703
-9656
216
-2508
-7333
-9042
10617
-887
-4007
2674
4878
9781
-2597
-5255
3141
-9105
5321
-11400
15555
-4403
4485
10677
4680
3435
13885
-5046
-12262
-7370
6078
-93
3206
5399
39
8947
-3876
2880
-6767
-4457
-5140
-8998
13395
-1862
-783
-705
-4249
-1570
2473
2024
-6705
-7475
725
-4472
-8695
-6750
12355
-397
-6278
1577
4233
9479
-2576
-3058
8649
-6056
3322
-8967
16913
-5725
-1865
3325
-6624
2250
12922
4099
-19941
-12102
15729
1933
6718
7803
1194
9114
-2114
1510
1864
-6045
-4387
1267
11974
1881
9186
-3289
-9968
8301
2423
5064
-5990
-9573
-3636
-2363
-8564
-11389
8614
-1026
-3061
-4123
9290
7693
-1451
486
-2142
5135
3662
-7303
17129
-6357
851
3533
-1162
6735
12624
-7272
-16479
-7067
9280
3155
3977
2328
-915
5130
-3469
-446
-4907
-4160
-5809
-659
12576
-5631
3440
-3081
-7688
7020
1584
-1069
-9930
-4608
-2863
-8228
-6041
-7363
12483
-1161
29
559
5903
6807
-1139
4790
7778
2088
-2475
1106
9198
-7311
1570
864
-1694
3125
10122
-6552
-14363
-7390
10471
4478
3995
2605
-1811
4916
-3616
-3823
378
-3006
-2579
-823
5173
-8714
-165
865
-3195
2077
1900
2981
-4145
-7973
-1521
-3039
-5431
-5400
10604
-819
125
747
-103
9964
2420
4146
4326
1327
2698
-1405
10099
-8892
4485
10677
4680
3435
13885
-5046
-12262
-7370
6078
-93
3206
5399
39
8947
-3876
2880
-6767
-4457
-5140
-8998
13395
-1862
-783
-705
-4249
-1570
2473
2024
-6705
-7475
725
-4472
-8695
-6750
12355
-397
-6278
1577
4233
9479
-2576
-3058
8649
-6056
3322
-8967
16913
-5725
3182
2792
-857
10428
5446
-12929
-18977
-5582
2250
5284
-5037
2226
-3925
2885
3682
-5506
-7098
-6751
-5165
-232
20494
-8989
-4990
-2604
-10062
-2842
4071
-4581
-5575
-2114
-569
-8718
-5154
-3393
7880
2697
5229
5293
-3319
14229
-4553
3146
4114
-445
-1952
-7514
3507
-10143
-366
2340
-5234
2909
12736
1946
-20106
-8864
13616
1669
7456
5959
295
13078
-2573
-1988
1626
-6059
-2212
-615
11678
-1836
7472
-2667
-9153
5378
3588
6792
-4185
-9068
-2157
-3371
-9780
-10839
9006
-427
-3085
-3100
4845
11393
563
1669
174
3364
3893
-7909
18169
-8284
