0
21
13
9
0
16
0
24
10
14
0
0
0
1
0
11
0
7
0
21
0
0
0
0
0
0
10
0
0
0
0
0
4
0
8
0
0
2
2
0
0
0
0
3
0
31
24
23
0
0
17
11
0
0
67
15
0
10
0
2
0
13
16
47
0
20
36
0
0
16
19
0
0
0
0
0
0
0
0
0
0
22
0
16
0
0
0
0
0
0
0
11
3
0
0
0
0
13
8
0
1
2
0
0
0
0
10
2
0
31
23
11
0
22
0
21
0
0
6
0
13
0
25
1
0
0
23
0
0
21
73
0
0
15
25
0
0
6
0
0
0
0
0
0
0
16
0
13
0
0
0
0
0
0
8
0
0
0
0
0
0
7
8
0
0
2
1
0
0
0
2
2
0
27
23
0
0
7
5
25
0
0
2
0
0
0
21
1
0
1
26
0
3
13
14
1
0
17
0
24
29
6
0
0
0
0
0
5
0
11
0
25
0
0
0
0
0
0
0
0
0
0
0
0
10
0
8
0
0
2
1
0
0
0
0
0
0
13
29
0
0
0
27
20
0
0
0
19
31
6
0
2
0
5
19
7
1
20
25
1
0
12
22
18
0
11
0
0
0
0
0
11
0
20
0
32
0
0
0
0
0
0
10
57
0
0
0
0
0
23
8
0
0
2
1
0
0
8
34
1
0
36
29
43
0
0
11
22
0
0
37
0
0
0
20
0
0
0
18
0
1
21
20
0
0
15
13
0
0
0
9
0
0
0
2
3
0
20
0
0
0
0
0
0
0
0
0
0
0
0
0
0
0
16
8
0
0
2
0
1
0
6
12
2
0
31
29
35
0
0
29
14
0
0
44
20
36
0
0
1
1
16
28
6
5
15
42
2
0
16
0
7
0
0
0
0
0
0
2
3
0
20
2
19
0
5
0
0
0
0
0
0
0
0
0
0
5
0
8
0
0
2
2
3
0
0
0
2
0
30
23
0
0
0
21
3
0
0
0
0
0
13
0
9
0
21
23
2
0
20
38
0
0
9
7
0
0
4
0
0
0
0
3
0
0
0
0
48
0
0
0
0
0
0
10
6
0
0
0
0
0
0
8
0
2
2
1
0
0
0
0
0
0
31
22
10
0
0
0
8
0
0
0
0
0
6
5
0
0
0
7
0
0
20
0
0
0
16
12
8
16
5
0
0
0
0
12
0
0
13
0
21
0
0
0
0
0
0
0
1
0
0
0
0
0
0
8
0
0
2
0
0
0
0
0
6
0
25
25
2
0
0
7
21
0
0
0
0
10
0
28
0
0
0
17
0
9
0
0
1
0
14
0
65
21
0
33
2
0
0
6
0
0
14
0
0
1
0
0
0
10
0
0
0
9
0
0
9
9
0
0
6
0
4
13
0
0
0
10
0
0
32
10
40
9
0
17
0
0
0
3
0
0
8
0
1
13
5
10
0
0
4
0
0
0
13
9
0
0
0
31
0
0
0
0
0
0
21
0
0
0
0
0
0
0
0
0
0
1
0
0
0
0
0
8
0
0
2
0
3
0
1
5
4
0
31
29
40
0
0
33
25
0
0
0
9
22
0
0
1
0
37
31
20
0
15
10
0
0
20
0
0
0
7
0
0
0
0
0
9
0
15
0
6
0
0
1
0
0
0
1
0
0
0
0
0
10
0
8
0
5
2
0
1
0
0
0
4
0
29
13
0
0
0
33
12
0
0
0
18
19
9
0
1
1
28
29
13
1
20
27
0
0
8
17
0
0
7
0
0
1
0
2
0
0
0
4
41
5
0
0
0
0
0
0
14
0
0
0
0
0
0
8
0
5
2
1
0
0
0
0
5
0
27
17
17
0
0
2
14
0
0
0
0
0
11
24
4
0
0
2
0
0
20
56
0
0
16
17
0
5
0
0
0
0
0
0
0
0
20
0
10
0
0
0
0
0
0
0
1
2
0
0
0
0
23
8
0
0
2
0
0
0
27
36
4
0
34
29
40
0
0
4
22
0
0
0
0
0
0
28
0
0
0
27
0
0
20
0
0
0
15
10
25
0
3
26
0
0
0
0
2
0
21
0
0
0
0
0
0
0
0
7
13
5
0
0
0
0
10
8
0
0
2
0
0
0
0
22
2
0
31
29
46
0
0
0
20
0
0
0
10
0
0
0
2
0
0
30
52
0
17
0
7
0
17
0
0
6
0
37
0
0
1
24
0
0
21
0
0
0
0
0
0
0
0
0
0
0
0
0
0
7
0
8
0
0
2
2
0
0
0
0
4
0
28
21
0
0
0
4
4
0
0
0
22
25
0
0
1
0
25
26
1
0
20
0
11
0
5
5
19
0
6
41
0
0
9
39
0
8
0
0
15
0
0
0
0
2
0
0
0
0
0
0
0
0
0
8
0
2
2
1
0
0
0
0
3
0
30
18
25
0
0
3
0
0
0
0
17
0
11
12
28
0
0
3
0
0
14
9
1
0
15
16
0
0
0
16
0
0
0
8
0
0
22
0
0
0
0
0
0
0
0
0
4
13
0
0
0
0
7
8
0
1
2
0
19
4
0
0
0
0
32
28
1
0
27
0
17
0
0
37
0
0
4
10
0
0
0
27
0
