15639
4762
-11446
-3373
19240
-19687
8592
-4873
-6197
3639
-30
16819
8177
-1218
-3516
-10710
-23325
2947
4216
7389
-4189
-6657
12230
5801
-7280
-9218
-11663
7797
-16963
6646
-13587
-6561
-2251
1669
9704
9036
-2472
-7919
-7502
9951
-2722
-19986
-1986
-5933
10659
-3439
-6049
-182
13676
-11548
-2646
-7161
-10729
-5704
8716
6451
-3611
-3284
5068
-18425
6072
1415
-6695
6808
10380
-16552
-5040
-8378
-4462
11203
-8857
8599
9290
-6108
-758
108
-4800
-7360
-1636
12800
-5658
-15343
261
-15239
-1838
-6641
-1972
-13620
1187
-4526
-4303
-1399
13850
8612
-13945
8811
3680
-1948
14452
5992
-2518
752
4762
97
3562
6718
3218
2360
6019
12780
-20540
4139
844
-6280
-1106
-6933
5812
3775
-5794
-18632
-3038
12650
2727
19598
-5635
-5594
4139
1235
-13646
-4700
-359
-1627
-8809
2260
-5121
-17769
-5454
2788
15794
-20012
22757
2006
3743
-10821
-12676
5837
9736
-3007
-10677
-49
1162
-15268
7063
-5764
-6855
-6693
7209
4509
8470
-12685
