-1689
7505
5342
5267
-4026
2034
-1343
10362
2094
5518
3177
6300
3035
596
-7040
-4811
-2807
4028
-8523
-12125
-2992
-3587
4775
16848
4406
-8292
-1556
6546
3411
827
-11138
2120
1969
8066
-1040
8590
2832
-2257
8927
7759
8959
4840
-11510
3893
-621
-7083
-945
-719
-1368
-9590
-2557
-5312
950
-6318
2034
-4595
7567
2225
4057
-8718
-9601
-9534
8200
-3480
-6056
5645
3357
8693
-8008
1833
-5591
5114
207
7498
740
5754
-647
-945
-919
4543
-1053
1309
-5478
-14265
-659
-10464
1725
8585
5997
-8417
4374
5820
6068
134
-8559
1740
-4923
7333
-1991
9749
6812
-1088
3499
4598
4399
3349
-4991
676
-1700
-12057
-3094
8854
3099
2631
-3111
-1957
-3902
-10058
-2929
2293
9378
-1673
2
-8205
-5747
-8463
9243
-5073
-13538
3053
18663
17221
-12393
5331
-6115
9774
797
-566
1714
7133
-7906
6051
5654
-1821
-9133
3785
-4641
-14912
-1369
-144
7984
13008
8986
-8662
5831
3486
99
3567
-27061
566
-1806
6529
-573
17601
6733
-352
5893
6851
-753
9453
-16804
6051
-7563
-13667
-14219
-3777
-6468
-8114
-581
-5461
-5483
-19037
6745
-2445
9728
-2238
5821
-12789
-16828
-8184
4572
5185
-4767
-208
-840
3789
-2140
1650
3001
7214
3428
3655
3623
4504
6276
2848
-10416
-6399
-4444
2766
-10975
-13437
808
-4029
-3764
11555
2726
-3212
-1138
1407
4791
-225
-6073
-1663
4496
7115
2553
6558
1912
-923
1207
592
5231
4052
-6252
5021
1427
-7531
-1602
7241
367
-3677
-2832
-1075
-2004
-2343
-2761
-1077
3280
55
-885
-9913
-2967
-9367
9047
-9467
-8893
5001
7423
10112
-11155
181
-2378
3055
3592
3541
-1602
8613
2424
1838
5312
5138
-4732
1521
-5261
-15535
-3961
-10023
2292
4978
9577
-5929
9576
5521
4594
3805
-15866
4700
-7736
5604
-3029
5894
11145
5560
2920
5085
-6497
-304
-8230
2651
-1122
-18056
-9227
5627
4712
5084
-2252
-660
-6430
-10349
-2519
4170
13436
-1356
-808
-8207
-12149
-8006
4615
-2790
-13429
3785
12957
14701
-7903
3403
-4831
3641
2986
-2968
-2582
3659
-8134
4875
8367
-2860
-3626
5410
-2422
-13162
638
-1271
3957
8083
6121
-4741
5707
133
767
3882
-22824
1869
-1556
3034
-4632
18137
7129
972
2480
2607
184
7599
-14392
5545
-7548
-9436
-11349
-368
-190
-3657
46
-4149
-3673
-16914
4014
2949
4729
-4554
4773
-11944
-5890
-8569
3425
6574
-10223
1168
2859
14235
-11051
1147
-1633
7023
-3287
8332
-1571
4125
-2104
6852
-669
280
-3339
2174
-6888
-20940
3060
-2479
-3092
6631
1119
-7046
-1005
-4217
3269
2301
-9541
-6506
-2042
8072
-2425
19907
6426
-278
-195
1602
826
3427
-5576
7133
-5232
-9867
-5905
9541
356
1697
1339
-5353
-6340
-11786
-7774
8643
4854
-7491
1605
-12530
-3943
-9141
10538
-3413
-2369
7912
6403
5233
-7954
1579
135
10306
3225
6403
1467
9376
5169
4996
-5791
-5478
-5200
4449
-8686
-14428
-5811
-6396
4489
15103
6441
-8012
1211
4367
4364
5517
-12563
2660
-214
9239
-451
8379
4390
1339
8724
8758
1751
2748
-11384
4542
836
-10198
-4488
686
-3982
-8568
-2437
-2497
873
-5612
669
-4363
12191
2006
2894
-9617
-13577
-8601
7675
-1894
-3809
3271
414
6325
-5049
3615
1545
7785
1832
4485
4530
5089
124
3161
-8109
-1270
-2120
4054
-8055
-12163
673
-4883
-832
9190
3704
-4480
2254
1028
3502
295
-8594
-266
420
7714
291
11776
646
1610
-1898
4252
4876
6732
-8493
6131
-3433
-9454
-3964
6140
1470
-2721
-4034
-2262
-896
-6256
-2063
2327
5180
316
2542
-10450
-5268
-7047
6722
-6497
-7775
8842
5943
2549
-635
1992
4576
4432
12170
-2414
3948
5387
2285
4306
-4492
-7825
-618
7308
-7118
-5598
-4682
-8567
4043
7357
10895
-3076
4022
3960
3226
4812
-15745
6147
-654
5741
-3440
9789
1769
3943
5064
7373
7564
8068
-15612
7152
-906
-9432
-9048
-3793
6515
-9094
-3652
-1131
-714
-6118
4895
-42
5535
4081
3632
-11352
-3769
-3229
-1932
2125
-8188
4126
7414
8404
-7737
607
-1998
4578
5553
300
-716
8017
4218
-2772
2316
-353
-6026
2358
-8124
-13431
-2876
-9471
3032
8306
9069
-5038
8043
7655
2677
2193
-15449
4441
-2903
3766
-803
3293
8584
2870
4442
3134
-4171
-188
-7621
1165
1578
-14257
-3962
1326
1029
2274
-3956
457
-3122
-7619
1316
-1085
12272
-209
-593
-6308
-10876
-7632
4528
-4327
-12797
5081
4885
18353
-13892
2466
-7489
5132
-4626
8955
-5654
3561
-6789
2241
5137
2775
-2426
646
-4499
-23664
2607
-5058
1537
9589
2267
-10310
1842
-1355
5522
2764
-12561
-5298
-4407
6917
-3817
21184
11334
-3417
3679
1383
790
3013
-6191
1374
-5906
-10027
-5385
10861
-1483
4294
255
-5533
-7158
-16931
-5341
7283
8672
-10802
1015
-10475
-3838
-11282
11927
-288
-2405
5195
7937
5153
-5253
1922
1124
11920
4153
990
9142
9416
3023
6196
-8916
-8075
-5908
5721
-9024
-9994
-6021
-3610
4548
12687
7343
-5737
1619
1680
225
1564
-16779
673
916
8732
1409
10630
-1572
2565
5821
10974
4101
6647
-13512
10031
-1739
-11872
-7113
-3362
-3934
-11432
-4056
-2596
-1923
-6313
2932
-4357
7662
6709
5447
-12423
-14556
-5263
4610
41
-12706
404
6389
15089
-7524
2833
-3930
4273
-1777
435
-3022
98
-7174
761
2994
-4825
-2566
5001
-909
-15631
5160
2004
2882
11825
100
-4948
1656
-1034
1273
110
-15514
-6532
2237
3640
-3770
18463
5959
-946
19
-963
2146
4094
-6240
1682
-6994
-3861
-1545
3775
-3527
-4121
1771
-6018
-2155
-13138
2543
773
322
-10241
4450
-10349
-1444
-10758
8592
3366
-6428
4402
1065
5306
-8228
360
371
4583
2564
6807
-1337
6520
5800
3324
-3394
-647
-2698
2318
-6070
-16510
-3229
-9636
-745
8268
5052
-6582
4606
3869
8167
4003
-9022
-244
-2815
7174
-787
8681
7748
1420
2759
3374
-119
206
-3478
1936
1354
-10147
-3864
8189
2272
998
-2250
245
-3017
-5159
-2464
1048
8639
-2425
-1302
-9460
-6151
-10597
8593
-3292
-6216
8918
6392
4328
-5811
1283
429
3360
8301
61
1305
7671
3857
3273
-943
-5794
-3446
5895
-6669
-10578
-5853
-9831
4079
7681
10217
-3902
7307
4494
4158
6598
-18126
5101
-2361
5095
-3437
6426
5927
4254
5051
7539
-500
3559
-11390
6621
479
-12114
-7521
-856
2447
-4820
-4728
749
-540
-6797
3529
-1284
10049
1211
1302
-9635
-10450
-6080
2155
2130
-3410
4807
1365
4236
-6793
2374
-361
5651
3500
6179
-2086
6213
2836
1687
-4391
-1229
-2571
3647
-6759
-16642
-869
-6649
-978
11132
4566
-5715
1102
3285
5758
3591
-8075
2072
525
5976
-208
5968
6435
-441
4184
1780
1903
1509
-5935
1425
1499
-7993
-2552
5978
-270
-1385
-3141
87
-356
-4882
-1707
-334
8695
-2055
-737
-8692
-5000
-10511
8366
-6670
4033
11486
12006
841
-5540
-5797
-7634
-4542
-5196
3189
4297
6797
2475
7807
-3084
-7799
-1216
8694
-5970
-4665
7993
-5132
-3899
-6937
4728
-4654
4600
-5074
-2971
-3802
-11772
4440
-5036
3044
478
4420
1146
-362
-2920
8671
900
4464
-6625
4764
-5612
-8133
-1828
-15170
6392
-3640
-4662
-15439
-6889
-11888
-1448
1233
8065
7441
5832
-11194
-10112
6712
5793
1236
455
4214
8955
9264
-7421
-2030
-13579
-4810
-13026
4909
1933
6016
-966
-1264
-3303
-8057
-8230
-1112
-13029
-15039
2953
-4848
-1441
656
-753
-9294
7823
-493
8553
-2001
-9996
-3285
-7035
8093
-2802
9656
16647
-4698
2506
7352
-2142
-1050
-8223
2185
1084
-11837
-2204
-6189
1236
5867
-1970
-8846
-5614
-14031
-1629
-1266
11115
3652
-1902
-4728
-14526
386
9903
-7038
-14368
3363
15919
12395
-5483
2840
-1575
9763
7241
-5678
7316
5299
-6615
8644
434
-9209
-5446
5900
-6911
-7948
-3768
-156
5664
8309
9980
-5056
4110
-47
-3725
3380
-26601
2896
396
5298
-1159
20561
-243
1693
4624
7982
5218
13188
-23918
11214
-8284
-11999
-16563
-7673
-1037
-13453
-1050
-4930
-3611
-14642
7530
-833
4057
3686
7935
-15066
-11644
-2664
-1320
7797
-2450
8704
7806
5531
-5916
138
-4031
5755
5589
1547
606
9538
2823
-484
71
-755
-2368
5387
-6140
-10868
-6447
-11248
4559
9387
8254
-6688
6895
7056
2062
2644
-14550
7304
-4614
5420
-2758
6389
3770
2728
6925
8045
1016
658
-8952
3823
140
-13128
-3213
1053
1885
-1612
-4296
-284
-838
-8062
1001
-2292
11895
3803
1289
-8229
-10575
-6543
5025
-1054
-8398
5038
8528
5634
-8649
4438
-2039
6127
6777
2992
4184
8109
14
2522
-1348
-559
-5622
4680
-6666
-12697
-2394
-7552
4406
12926
10919
-7150
7706
8810
2326
3637
-18331
6688
-1830
6007
1407
7816
7671
1094
5323
6530
3031
7130
-14693
1905
754
-13583
-10387
355
686
-6851
-3537
161
514
-8832
6060
-5262
11513
163
1135
-9661
-13963
-8932
5442
-2654
-1466
5228
425
3613
-7617
3111
958
6795
5339
6446
-2055
5889
2551
2206
-5898
-1782
-2516
4778
-6522
-14760
-2455
-6469
-420
12726
4650
-6428
1137
3299
3312
4594
-8122
4841
1268
6276
-346
7603
3661
345
3344
2359
4219
2909
-7701
2978
2267
-7335
-2604
6453
505
-2454
-2613
983
2106
-3761
-2104
-939
7992
-585
203
-8924
-5232
-9289
7328
-6380
-4282
5366
303
9265
-10620
1282
-2575
7016
-2286
12224
-1594
6506
3170
410
-4012
1963
-1959
718
-6547
-19646
-1379
-7394
478
11682
2975
-11159
-1543
4345
7517
835
-4535
-2125
-3791
9174
-1250
10199
8895
-3375
8022
4109
4446
1050
-1448
201
2116
-9641
-2023
9350
1815
2580
-625
-2933
-5399
-8364
-6196
2382
9658
-4211
-1534
-8772
-4763
-10247
11609
-8079
-13538
3053
18663
17221
-12393
5331
-6115
9774
797
-566
1714
7133
-7906
6051
5654
-1821
-9133
3785
-4641
-14912
-1369
-144
7984
13008
8986
-8662
5831
3486
99
3567
-27061
566
-1806
6529
-573
17601
6733
-352
5893
6851
-753
9453
-16804
6051
-7563
-13667
-14219
-3777
-6468
-8114
-581
-5461
-5483
-19037
6745
-2445
9728
-2238
5821
-12789
-16828
-8184
4572
5185
-10815
6049
16197
11781
-5762
1714
-4635
3083
6345
-6607
1056
5944
-7580
7583
9256
-2185
-2172
8139
-2392
-8208
-2482
-3981
4419
3018
9151
-3292
7332
-823
-2658
4818
-25293
5288
-4583
3106
-5723
17650
3437
4998
2053
7283
-65
8151
-16395
10645
-8258
-13000
-13462
-4083
3307
-5242
-725
-3792
-4051
-16676
4207
4588
4848
1270
6336
-13761
-8236
-4075
-454
9834
-2653
7060
616
6232
-10118
-887
-727
6682
-828
11801
1081
9810
4688
5986
-4157
-59
-2021
5084
-7416
-20067
-2000
-7868
-1978
8441
3397
-9401
282
140
3316
3081
-7358
-1740
-5133
9705
-1930
13235
7106
1890
4800
7226
1708
-59
-4857
6218
1468
-12023
-4323
6641
2338
140
-610
-3059
-3056
-7208
-7094
3603
10383
-2502
-165
-11151
-8626
-8483
10890
-5325
-6563
5565
3092
9805
-10732
-2031
-3134
6664
-904
9013
-2738
9021
4876
1367
531
-670
-4584
529
-9101
-21999
-1618
-7638
-1770
6936
3853
-9819
1248
2236
4266
2342
-9150
-2534
-4338
7289
-860
10382
11084
-1043
6230
3326
-2465
-2066
-3923
2738
2610
-11297
-3751
4714
-285
4052
-1724
-1826
-6147
-8418
-6098
2930
11864
-4549
-1841
-8279
-9474
-9108
9360
-6023
-13752
1016
10861
20234
-14383
4059
-7291
11589
-7403
8391
-1473
5881
-5075
4017
2019
-2104
-9048
-1139
-8934
-24577
2753
596
2774
14645
2284
-11787
-863
532
5277
810
-16093
-7936
-858
9540
1378
21343
10122
-6540
7343
2923
653
5857
-8884
2190
-4821
-10206
-8600
4821
-8812
-1325
224
-6620
-8523
-18212
-1663
855
9426
-7670
2121
-11444
-11546
-11895
12759
-2860
-935
10749
7523
2004
-5240
1926
-1954
6828
7444
3070
3492
8821
4079
3234
-4994
-4578
-3240
6914
-7720
-10013
-7276
-9382
6724
13504
9133
-6493
5183
8344
2235
6262
-17805
6431
-1468
7478
-2015
4665
2104
2632
6673
11318
3643
3651
-13467
4350
-592
-12030
-3829
-1184
1775
-9671
-4494
-1963
3177
-5526
4849
-6396
11650
3644
2647
-9744
-14488
-6154
5171
1805
-556
7007
1188
2644
-5039
669
1656
4226
3607
4720
1016
6816
2581
5247
-4411
1000
-444
6236
-5407
-12319
-2467
-8202
-1134
7177
5163
-4327
2251
622
4727
3948
-7775
2038
-3382
6968
-3039
8464
3590
5340
344
5269
2122
1010
-5824
6689
-1865
-11208
-2013
5317
5068
-1363
-2496
-1991
-433
-5139
-3833
4521
7765
1020
2002
-10199
-4883
-6513
5573
-3633
-3536
2383
544
2077
-5978
-69
104
4832
4257
2827
1556
3381
2437
-2376
-3946
-654
-844
3711
-2067
-9315
-1370
-3153
20
10831
4667
-7636
342
6431
816
527
-6811
1831
1079
3354
-2304
5344
5180
-1241
3895
1101
5479
2351
-5311
1673
1968
-5040
-492
3901
2998
-4021
1143
-684
3314
-2624
-376
-1895
5336
-2333
-9
-7636
-1656
-8336
5445
-3818
-5593
2315
3078
5655
-9155
4227
1930
8001
5800
3622
-1224
6227
1467
1906
-2434
3133
-3383
1816
-3350
-11972
-3880
-6717
1032
9988
6588
-8134
2813
5178
4564
3059
-8397
4983
-124
5425
671
5433
5079
44
4593
1106
1798
4372
-8173
2208
1279
-8456
-7221
5274
-498
-2093
-624
1262
-2757
-4979
-1278
-136
8396
194
28
-7989
-4914
-9364
4409
-5139
-6385
2807
5656
6330
-9206
3271
-158
6989
4617
3163
-429
7856
3395
2679
-1706
519
-6027
2617
-5760
-12840
-3665
-9067
1385
8822
9303
-5827
6034
5627
7388
4129
-12243
4153
-2040
6096
-185
6188
6844
1904
3783
3777
-964
2625
-6161
3660
2178
-11665
-8129
4903
-1529
-200
-3454
2269
-1928
-7123
391
-1176
10887
91
-187
-8824
-9235
-9512
5336
-4763
-8269
4254
14230
10740
-5119
-148
-4489
3707
2119
-2901
683
4995
-4339
6601
4223
-1255
-2790
7363
-2503
-11026
-1509
-2088
1194
6807
6207
-3953
3723
-222
-500
4475
-20914
1151
-2808
4501
-4626
15305
3500
5078
587
5844
-171
2919
-11596
10024
-9012
-13308
-6039
-915
3067
-5565
1587
-6586
-3347
-14588
2588
3671
4669
539
5594
-13224
-7008
-6103
3986
6612
97
5234
6379
3455
-4894
2666
-1983
3881
2546
-315
2918
7136
-1227
4437
-2442
-354
-4151
6446
-4953
-9608
-2561
-6378
646
6596
6568
-2620
5496
1879
3956
3405
-14922
3262
-3168
4609
-2717
8029
3345
5110
-1257
6053
714
2621
-6331
8817
-3106
-11722
-3879
149
789
-3018
-4954
11
995
-7593
1408
946
7665
1836
3290
-9573
-11005
-4978
2998
-2358
-3905
1702
1487
3719
-3304
-1933
1064
5583
3204
-96
2635
4839
3894
2024
-3574
-4305
-3151
3639
-2421
-10159
-1766
-1419
-1664
10539
2618
-6168
160
1054
468
9
-9136
-332
2071
4209
-2283
8327
5116
2433
1407
2357
3600
908
-7659
5202
714
-6653
-1823
2809
548
-4900
2139
-1952
-1090
-3347
-1527
-1622
4055
-738
2509
-8729
-2659
-8401
5543
-301
-3320
5051
-563
6279
-8513
-5341
-3676
5295
-1118
9508
-267
8237
-664
499
182
6221
-1345
-798
679
-14640
-1245
-3153
-5425
-765
1181
-11204
547
142
19
-1696
-2307
-2281
-7011
2890
-3352
11389
5131
-74
5405
2586
-1428
-4204
651
6053
-1593
-8023
-5873
8824
2314
5736
2323
-1774
-4392
-7324
-10739
6029
6747
-6041
-2863
-6441
-1336
-3366
4237
-6619
-14368
3363
15919
12395
-5483
2840
-1575
9763
7241
-5678
7316
5299
-6615
8644
434
-9209
-5446
5900
-6911
-7948
-3768
-156
5664
8309
9980
-5056
4110
-47
-3725
3380
-26601
2896
396
5298
-1159
20561
-243
1693
4624
7982
5218
13188
-23918
11214
-8284
-11999
-16563
-7673
-1037
-13453
-1050
-4930
-3611
-14642
7530
-833
4057
3686
7935
-15066
-11644
-2664
-1320
7797
