-2126
-654
10593
2413
-4232
-2144
-1930
4654
9223
831
9771
-4368
1452
1112
1922
615
-1902
-1992
-692
5949
-3518
-2013
-4937
-1344
-5282
-1995
-631
-2353
694
-5077
-1188
883
-1159
10536
-7078
-2298
-1164
-3860
4727
-2311
-3062
7607
7960
-2863
-494
-4272
1343
6648
-5898
7625
4059
-853
80
340
62
-2171
11449
5516
2852
-289
-5257
2437
2191
12475
-3012
-5690
8160
-173
-3329
-4257
-292
-636
4057
4241
6425
-1909
-2122
-1851
2676
2770
-3991
3429
-2350
5205
-2265
-5395
-2201
-1211
-2546
-4881
-220
3446
1018
-6202
-554
-3711
-3571
3678
-5211
-2140
-3447
-3735
900
-3035
-2513
94
4110
-2475
-758
-6271
-1182
-2305
-4609
1268
1315
-543
1549
-1306
325
1698
6239
3303
-3191
-1964
-6768
-879
1954
7392
-657
5579
7920
-2860
-3716
-3312
829
104
6337
-4731
9171
-4616
-8636
-3198
-4121
5350
-6576
-8716
-1524
1549
-5557
-1769
-423
-4761
-89
-6112
-5731
-67
16
73
-8607
-5162
-8067
7275
-9152
-2679
-4157
-1229
-3167
4906
-3797
9841
6780
-1477
1548
-10603
-1888
3887
-3087
15122
8558
-3887
1450
3265
13083
-7191
-233
4180
8017
-3120
-4783
2782
-5395
3255
-4348
-6304
8677
1200
1089
-3073
-2307
6348
5905
2966
6404
-2744
3744
-809
3900
1334
183
4741
-412
10550
-1767
418
-4419
-1169
-4203
-2607
3643
-1599
413
-4788
2776
-135
746
7796
-3424
-402
-3404
-5207
4803
-6287
-3430
-2562
2993
-2852
1078
-57
-1535
4352
-6043
-3316
-843
-1559
-264
-1293
-628
1664
14720
3458
3040
-1868
-4239
1152
4457
11105
-1814
-3994
7422
-2052
-3249
-3916
399
-4285
1590
-794
4828
-3448
-7328
-3375
-865
4309
-8850
-1937
-2676
2164
-4214
-4110
-1267
-2849
-471
-6335
-4723
6069
-1269
-4336
-4343
-7616
-5404
2071
-5564
-2129
-3544
-2529
-4855
-478
-2705
-3100
1248
-739
98
-6669
-2337
-3876
-3397
3887
3176
-5318
2127
-1362
-2303
-1767
-2150
326
-3590
-6032
-8738
-2299
-4546
282
-3142
1699
4222
-2738
-27
-3204
-2589
-560
2136
-1135
5108
-590
-7262
-2311
-433
3643
-3619
-4049
-973
726
-3637
-861
1449
-2481
-950
-2953
-2811
-1335
73
-791
-6056
-1763
-4211
435
-3776
-2623
-3399
-550
-2764
3025
-4190
6484
4795
-1822
492
-8810
-1478
2231
-1931
9902
4600
69
-1445
2920
11883
-3785
-2498
652
5052
-3348
-1131
2442
-2550
-1829
-3967
-3625
2828
-1164
2745
-2989
50
3461
1916
4807
1724
-3456
-5874
-3758
1664
3952
-2793
3890
-2075
5141
-2203
-997
-644
-3721
-2804
-3342
2273
4042
20
-4096
-1940
543
-33
-1944
-4497
-4953
-4544
-4290
2586
-6563
-4197
1837
1722
-3195
1123
-8750
-1631
-7579
-3723
-2038
-2656
1015
-998
-2251
7375
3691
10735
2373
6491
-2523
-5899
-379
-369
7500
-1236
359
9991
911
-3897
-3084
-506
3468
8592
-1764
10302
-7020
-2395
-1510
1766
2340
-6567
-3694
-1697
5617
-5659
-2448
-5188
-2915
-4840
-3149
-1731
227
-991
-5809
-2100
454
-1208
9521
-7703
-2599
-20
-4141
2155
-1976
-3999
5868
5404
-2798
826
-5802
1699
5938
-6891
8599
4391
-4840
613
-1053
-2348
-2368
10115
4259
2465
-3367
-8804
1500
-2009
9676
-2956
-4016
6862
154
416
-2833
-987
4574
6094
3083
4884
-2243
-1192
-1610
3639
1962
-2243
4102
-1022
7967
-2392
-2764
-4676
-2559
-4485
-2093
1200
-742
-53
-4256
1240
-324
368
6205
-4696
-1220
-2003
-4553
4886
-3781
-2834
1606
3129
-3099
489
-3147
-564
3452
-4005
136
2553
-447
-190
-3074
957
2344
9253
3357
4430
-2443
-3961
2963
1716
7568
-2939
-897
8135
-109
-1143
-3745
-5741
4405
5994
-1190
4813
-2228
-2290
99
1938
1627
-3766
-4413
-949
3266
-3698
-494
-3041
-1763
-6732
928
-1958
-4628
-1369
-3500
-1426
-173
-479
7564
-4621
-1760
-1097
-3466
1734
1852
-3293
4573
7513
-3978
-373
-3206
-1451
11605
-3547
10697
6627
-3775
-324
-614
-2586
-3387
-185
1230
2870
-3222
-2674
6003
-626
-737
-2751
-4633
10040
-1424
-4170
-3315
-832
-2420
3625
-1234
9156
-3176
-2022
-2377
464
3129
-5148
-2495
-1679
4054
-2523
-2298
-2188
-1936
-227
-5607
-2851
2304
2194
-3596
-1677
-6895
-5321
6526
-4699
-751
-3126
-2119
-3949
206
-2392
-3033
2604
366
56
-3141
-2288
1839
-3767
4075
3583
-4638
2787
1623
-2045
-3810
374
2052
-4618
-3672
-7529
-2636
-1368
3579
-5600
-4006
4762
-2216
210
-4196
-394
-1479
1111
5234
5503
-2749
-7429
-3779
1848
5034
-3433
3281
-1781
3165
-2691
-3386
845
-2853
-1326
-4776
878
5987
2498
-5120
-3621
-1336
-3538
-2697
-5247
-5605
-5347
-2950
-803
-4263
-4504
2380
4356
-2370
36
-11845
-1722
-9280
-4037
1448
-2495
1994
1035
763
11195
2491
8464
2245
1468
-1850
-7149
-2549
-322
7686
1230
3760
9816
-19
-3232
-2628
376
9026
10799
-3452
8793
-5538
-2046
-1259
-186
2009
-5351
-6150
-2643
6105
-3997
-1176
-4372
-3067
-4850
-3596
-1915
-2897
-2566
-2843
-2040
695
-597
12128
-8501
-1077
-1007
-4857
4614
419
-2961
8838
6385
-3495
443
-5230
345
9434
-5098
11123
8486
-4153
204
-1726
-117
-4434
6954
6345
8200
-2898
-6176
5388
-2511
8443
-5033
-1009
2207
-251
1606
-1874
-1792
1169
2061
3101
4977
178
-1486
633
2028
1483
2586
1529
1558
3586
-126
2525
86
520
-925
-1020
2112
-2504
2339
-1205
-1676
2397
-1881
-902
-1867
-4056
-3079
-1300
1588
-2718
-3886
6028
4451
-941
390
-4791
-66
-53
-2781
2203
-1117
4788
-1478
2972
14230
-390
7156
1074
3814
601
-452
681
2675
5549
-4435
-6203
7733
263
-1110
-4530
-1331
1000
3992
2936
6587
-3859
-1806
-2320
3465
2679
-4744
2826
-1835
7305
-2528
-2277
-3671
-1287
-3520
-4222
690
2964
-546
-6977
116
-2114
-2118
3853
-4109
-2717
-2193
-4486
884
-5469
-4313
-2210
1983
-2458
591
-4585
-235
-90
-6535
-24
-488
-3418
196
-1787
-2398
1439
9474
1532
-2656
-4108
-8392
-1605
300
6936
-1274
-945
8327
-603
-2350
-3452
-1836
1139
5697
-3157
7657
-4713
-4248
-1470
1060
2587
-6857
-4645
-1556
2901
-4045
-1083
-2997
-2127
-3459
-2797
-3741
-535
-1854
-3937
-2595
-2236
-2952
5982
-4601
-1760
-592
-2891
215
714
-3531
2689
3903
-2074
-328
-4584
253
7379
-4624
9540
5662
-5314
-66
-262
-3360
-3661
-345
1062
-782
-5399
-6297
1505
-3598
344
-4234
-6232
7912
755
-1232
-3323
-2105
895
4461
2541
7533
-4069
261
-1634
4497
1421
-3291
3221
-1209
7397
-2673
-2727
-3870
-2110
-3809
-2288
944
1455
1012
-6674
726
-1009
-1537
4573
-3444
-2182
-1335
-3660
2162
-4270
-3740
-1249
2087
-1995
730
-3122
370
2234
-6096
-49
-396
-2053
-624
-756
-2060
1980
10538
2533
-2441
-2649
-6631
-1498
1954
8245
8981
9571
-3042
-1115
-9755
4415
3357
11814
7173
3821
6774
3920
-3192
-1660
-645
-3933
-5089
-10105
-12888
-7321
789
-1502
33
-2453
-1266
-2659
-4137
214
-4274
2086
-4157
5258
3218
2875
4659
1271
-1592
4398
10269
740
-1940
14504
-3660
-5411
-455
-7211
3699
2484
2088
7543
10848
10729
-6100
-5978
-1651
-6023
-4276
4375
5270
-6886
7194
1222
2021
1724
2507
5137
5070
-1299
-8381
4798
2919
3240
6682
2978
13795
1080
-2808
-842
-1683
2246
-4068
-2195
-7805
-4047
-1335
-4230
-2720
187
5880
-12460
-1930
5298
1310
-1039
-4575
-1237
-162
4898
3694
2991
-3107
1469
4032
-3698
-1355
3830
479
-779
-1780
-8908
2130
-5245
307
2306
4763
6031
3688
-327
1352
-6679
5846
3199
1202
-6565
2611
-3401
958
11702
-750
6759
7172
-2668
-1620
-3158
-2584
6336
7226
-5153
5212
-2631
-7841
-2238
-2844
4130
-4973
-9764
-1751
1715
-4841
412
-414
-3939
-3587
-1725
-4302
-5232
-1035
1342
-6833
-1340
-3369
8874
-7929
-1991
-3609
-2521
-1543
7828
-3538
12127
9382
-3638
635
-8361
-2968
10231
-1235
17984
10308
-3590
155
2598
10618
-7723
-2732
3995
13099
-2222
-503
8541
-4554
-1201
-325
-2701
9724
-699
-5688
-3514
-118
1051
6327
-1487
9300
-3386
-2585
-1628
1408
1772
-7437
-3948
-3928
3318
-3016
-5191
-2225
-1842
-2761
-3991
-3023
816
-520
-6196
-1912
-3435
-3294
6816
-6057
-1591
-1384
-2682
-1180
1481
-2589
3354
4317
-1609
-1498
-5956
-202
3643
-4596
8477
6093
-2887
471
-440
-4334
-3227
-153
4034
-3329
-3696
-7931
291
-747
4016
-2287
-2798
11009
229
-3886
-4233
-638
-1293
7254
-3129
9196
-5863
-3752
-2045
-710
3631
-6819
-3204
-499
5675
-5695
-2429
-4457
-3843
-2838
-3924
-5240
-394
-398
-3943
-4051
-7724
-7930
10861
-7580
-2292
-2851
-2782
-1801
2701
-3629
3069
5348
-1460
949
-4111
-1414
8168
-5976
9373
6347
-6746
2564
15
298
-3591
3491
3030
-459
-4029
-6516
1686
-1748
3834
-4968
-6159
8057
683
-1150
-4463
-2645
1657
4952
1848
7475
-3957
354
-2092
5436
851
-3045
3831
-700
7796
-2958
-3374
-4656
-2831
-5310
-501
1601
416
1232
-6709
1641
-436
-643
5401
-4299
-2193
86
-3808
1364
-2632
-4555
-180
2851
-2804
660
-2648
715
4327
-6228
503
-298
-2289
-268
-1605
-2623
2900
10366
2810
-1294
-1422
-7301
179
1987
7726
-4628
-5964
8151
599
-2572
-4477
-723
1347
4130
5622
6904
-4345
-434
-2117
2206
2146
-2403
3891
-2422
5745
-927
-4318
-2620
-1895
-3629
-3956
1987
5600
1819
-7833
-188
-1890
-2345
3897
-5841
-4204
-3260
-4478
2171
-6681
-3715
-362
4248
-3007
-333
-6853
-737
-5277
-6244
-1575
-2798
-605
1784
-1808
-731
3134
13693
4662
-2399
-307
-9724
-3077
2372
13170
-657
5579
7920
-2860
-3716
-3312
829
104
6337
-4731
9171
-4616
-8636
-3198
-4121
5350
-6576
-8716
-1524
1549
-5557
-1769
-423
-4761
-89
-6112
-5731
-67
16
73
-8607
-5162
-8067
7275
-9152
-2679
-4157
-1229
-3167
4906
-3797
9841
6780
-1477
1548
-10603
-1888
3887
-3087
15122
8558
-3887
1450
3265
13083
-7191
-233
4180
8017
-3120
-4783
2782
-5395
3255
674
4396
3067
-3254
-1448
-2726
-1593
2185
2907
-3770
2793
-128
-9380
-2389
-1645
3158
-6884
-8302
-3334
-1765
-3721
-1537
2105
-3126
-1753
-2628
-4900
-2596
-3140
69
-7096
-1496
-3061
-53
-4206
-2187
-2326
-362
-2739
6451
-3118
9460
4370
-2503
-244
-9612
-1286
4257
-62
14408
9143
-527
-2746
983
7673
-5298
-9911
1024
6824
-5078
-671
5338
-4871
-6990
-1234
-4338
5621
452
-1167
-2909
1741
4399
5493
2681
4836
-6644
-4350
-2957
1089
2370
-6833
1028
-4164
5179
-2418
-3427
-2963
-3486
-4236
-3472
-92
5138
-2344
-7833
-1873
-959
-708
2769
-6038
-5767
-2217
-5006
3330
-6187
-4327
3234
1507
-3473
-280
-8289
497
-4881
-6233
932
-400
-1637
-393
-4486
-3305
2581
10997
4059
1500
-3978
-9912
-1097
-1183
9934
-3230
-4613
7564
-237
-2874
-2668
448
1800
3678
3342
8227
-5224
-2788
-3562
908
3335
-5399
165
-4317
4578
-1025
-3312
-1652
-2660
-1335
-6271
233
6228
1437
-6335
-1467
-3074
-2485
3430
-4565
-4036
-3801
-3576
9
-5169
-3448
-949
1383
-1634
-125
-7834
-884
-6077
-5023
534
-1183
-2035
1702
-381
-968
143
9829
4109
-2026
-3049
-9573
-4772
-878
10360
-4105
626
8560
-1801
-1997
-3539
1064
1460
5371
2536
10280
-5284
-5767
-4167
-1669
5932
-3479
-735
-2276
5451
-3324
-2661
-688
-4079
-245
-8074
-28
4663
3310
-3297
-4893
-2682
-5277
5464
-8163
-4248
-6714
-3433
-282
-3562
-4423
5082
5660
-2134
1906
-12047
-2330
-5475
-5025
5064
695
-1222
2698
2565
14523
-1659
13826
5818
6658
-1234
-7351
-1866
-1251
14019
1041
80
10110
1084
-5589
-2971
127
2365
9458
-3934
10042
-6235
-2827
509
1654
1667
-7871
-5558
-1596
4107
-5846
-1827
-5275
-2031
-5266
-2361
-4869
-1916
-2868
-5190
-3139
-929
-3428
9928
-7207
-2318
146
-3539
2529
609
-3675
8319
6290
-2777
-570
-4564
2128
9976
-6278
12441
7598
-5060
-960
-514
-4681
-3955
3314
3010
-198
-4731
-7253
3109
-2016
4971
-1274
-4498
4737
334
-471
-2097
-1276
2906
4332
2324
2849
-3338
-2775
-1062
4201
979
-5007
2142
-2241
4828
-3083
-2768
-3511
-2271
-4514
-1722
-103
752
-2446
-5895
88
692
1043
877
-3292
-2576
-17
-4135
4305
-4120
-2993
1674
1254
-2630
179
-4160
1141
1073
-4218
938
2427
-572
-1788
-4082
-4769
2202
5000
1372
549
-4267
-5477
1579
207
3782
-4613
-6186
5863
1840
-1244
-2724
-3685
2008
3173
2780
4114
-1811
4498
501
3491
-1059
2197
3903
1256
5281
1003
-308
-2603
368
-3008
286
2555
-1597
2760
-3983
2001
-1686
-2154
3837
-2231
-2273
182
-2579
1193
-2026
-2845
-211
4202
-818
-680
819
784
3585
-4078
-717
-1658
688
664
1286
-1994
830
7847
2841
-3174
3016
-3522
-253
4586
7153
-6418
-5068
8348
433
-1821
-5635
-4296
-321
2915
2131
5433
-2287
1117
-2714
3550
1259
-2208
2938
22
7295
-2180
-4617
-3423
-2291
-3719
-1244
1551
1377
2209
-5446
711
-4253
-3444
5790
-5672
-1025
-335
-3179
-1433
66
-3358
-3593
3405
-2217
1425
-2244
-937
3369
-5144
588
112
-3936
1352
-101
-1187
1912
7134
3225
-1908
746
-7446
-274
1112
5529
-3637
-4673
9718
-643
-2278
-4949
-1873
-431
4467
-62
7802
-4371
-1851
-3901
1841
3186
-5501
818
-1686
6986
-3376
-3868
-3658
-3080
-2071
-5071
-493
1956
1050
-5345
-302
-5392
-4253
6587
-5431
-825
-1564
-3884
-1577
-1140
-3315
-3441
1760
-1279
1733
-3763
-1243
3646
-5590
2657
2770
-5634
1873
-1022
-1787
-310
5654
2579
-2396
-3316
-8384
-951
-1073
4720
1037
2254
2731
-2075
-1924
-826
-965
3136
3699
-1396
2560
-1735
-7520
-711
-233
2873
-5658
-5943
-2533
530
-3754
732
452
-2491
-1207
-3382
-3127
-2352
-2718
-1151
-6161
-69
-2558
-1534
-3687
-3294
-2222
-1605
335
829
-3125
9157
3879
-1678
314
-7850
-224
1147
-1365
9978
6893
1201
-3881
1060
6440
-5170
-3299
955
6755
-4949
-1153
3853
-2196
-1350
739
-899
5372
-292
-2187
-577
-354
2335
6221
-561
6304
-3204
-3139
-1639
2879
1668
-5277
-453
-2430
3801
-3294
-2783
-3888
-3006
-1167
-5045
-2193
-1621
-1822
-2905
-811
-948
-1319
3026
-2118
420
795
-2893
4537
-690
-1928
3562
-12
-855
639
-3716
2166
5423
-2970
4485
6779
-688
-1451
-2398
-1626
-1395
1085
2029
1249
-5526
-2954
1241
-1366
1611
-3271
-2829
4764
1060
-376
-2146
-3101
5870
4069
1637
3925
-1542
3259
-69
2239
-216
903
793
56
5499
256
1223
-2187
1111
-2304
-1480
2745
-2673
-292
-2921
178
9
53
3835
-2502
-1816
-409
-3352
1637
-2501
-3351
1309
3238
-1664
-369
-740
858
3052
-4152
512
-462
1463
-661
634
199
-1103
7631
2736
1968
375
-3304
991
2488
6599
-1687
-5104
112
-1715
-1637
-2243
1045
4093
-622
5921
-637
-2272
851
-5018
2283
469
-282
3788
-4233
2088
6224
-6317
1411
-1417
1075
-2003
4811
5568
3547
-5659
1739
-1895
-505
-2960
-2382
-2306
63
-3569
-245
-880
596
-1776
-803
-38
-3192
-5255
-26
-10702
-968
-4435
-5179
2760
-242
708
-3163
3499
4165
6253
-3025
4072
-7109
-5826
1266
5895
-750
6759
7172
-2668
-1620
-3158
-2584
6336
7226
-5153
5212
-2631
-7841
-2238
-2844
4130
-4973
-9764
-1751
1715
-4841
412
-414
-3939
-3587
-1725
-4302
-5232
-1035
1342
-6833
-1340
-3369
8874
-7929
-1991
-3609
-2521
-1543
7828
-3538
12127
9382
-3638
635
-8361
-2968
10231
-1235
17984
10308
-3590
155
2598
10618
-7723
-2732
3995
13099
-2222
-503
8541
-4554
-1201
