0
0
-1370
-2168
620
735
345
0
191
0
780
-12
-1849
210
-3929
-10144
-1755
-539
-72
0
0
-1200
-1423
-205
3846
-9
-2398
509
-1738
420
1986
-962
-372
-1804
-4800
1494
889
1001
-45
0
-58
-132
-773
1651
-2329
-472
-3024
2504
-716
2809
556
-4521
1050
-1620
1712
4556
-3429
-104
375
0
0
-802
-1365
5207
-3891
-60
0
60
-130
425
0
1022
-3431
-72
-3838
-6202
970
-1199
-3102
-483
-967
0
930
-737
-4288
-1098
1186
-8707
-3663
-223
-30
-1500
0
-5468
-2181
849
5561
-288
631
3478
-1376
626
-3899
1496
495
-6431
-5451
-3734
615
63
-2590
0
-145
-1776
-381
637
-1631
1112
-576
2406
-495
1185
2135
-3842
1536
-394
2913
1947
-4362
-3498
306
19
0
-4202
-2514
8863
-4238
-3382
70
-2238
-193
-4436
0
1795
-3017
162
-4449
-444
402
-4037
545
2667
1613
0
0
-625
-7643
1488
219
-4331
489
-623
-302
-480
0
-5715
-4540
578
-109
-3538
-1145
4416
10498
-1233
1979
4240
-1416
-8051
-6462
825
1050
314
-4841
0
-41
-264
274
-208
-434
1449
4134
1891
-3829
3033
-6041
-5560
3142
-503
2146
1368
-3120
-2115
-101
44
-2159
-3454
-1545
5488
-5956
-7997
-28
486
-14
-2080
0
1832
380
-762
-4100
2245
-942
-5665
1281
0
-68
508
0
602
-8269
-2294
-2638
-8148
823
-437
-320
-2217
122
-3694
-4251
-383
-872
-1344
653
2611
-1643
-980
459
10
-777
-1127
-3659
728
-752
145
-3128
879
1629
-504
-2450
0
-3494
127
-1331
1097
613
-4333
-5168
-11010
4987
-1016
-365
-758
-7165
-5744
1173
46
-1105
-1809
57
5510
-2722
-5697
1607
-216
-79
-6222
0
1400
144
0
-1877
2738
-1146
-7482
-2720
0
-120
232
0
-2033
-5322
0
931
539
-930
-114
-130
-520
-36
-1696
-2576
-290
250
-104
112
1268
671
-2
-2470
379
0
-24
2424
-3201
0
-292
-648
191
-832
0
165
0
-2610
0
1357
41
-2837
-6044
-3612
-9341
1718
768
-1594
-4700
-4041
-306
634
0
-1343
-1280
-35
2840
-1706
-603
-892
-297
-70
-527
0
1564
0
-84
-1842
-3163
2045
-4821
-2625
819
-2675
0
-588
84
-991
-402
-4339
-11241
-1476
1924
-300
0
0
629
188
126
1972
129
-3125
995
-6152
1819
1075
390
-696
-5798
-6170
2907
1038
1068
-180
0
-2217
-1867
-682
-497
-1144
-547
-2382
226
-3428
3450
43
-1953
3792
7453
-25
6068
-829
-523
435
0
0
-4381
3028
3544
245
-794
0
-2133
-70
221
0
-23
-5446
501
-3783
-7649
-250
-10834
-1224
851
-5116
0
1680
53
-2666
-1710
-2446
-14744
-3787
1431
-348
-2328
0
-421
-848
-1320
2341
1017
-1626
854
-1250
365
-6388
798
-4138
-11881
-9058
-5075
182
-272
-229
0
2501
-5536
-2497
-588
-4226
-214
-2221
1102
1513
-5
1926
-6301
4356
-727
3422
4290
421
-4256
-784
142
0
-9859
1719
8092
-287
-8923
54
-1625
-269
-30
0
1064
-4012
-211
-3189
-169
576
-15867
2761
4604
-2915
0
349
-642
-7623
-3972
723
-9031
-1849
883
-924
-960
0
-2475
-3049
-3739
-2332
-5334
-2803
3417
8785
-3286
1227
3730
532
-6693
-7828
-3445
-268
1812
-6667
0
-41
-1638
-1445
-520
-3078
866
10717
-553
-4654
2648
-10774
-6499
4439
4265
1851
5249
2082
-5279
-2760
117
-5232
-5613
-1770
3080
-3032
-11477
-736
459
2
940
-455
-1711
708
-744
-2221
868
-276
-18647
524
0
-4182
-472
171
1984
-7837
2416
-1698
-4020
-1643
623
-447
-3230
-404
-2783
-4416
-2985
-2081
-3399
3676
1152
-5512
-876
340
210
153
429
-6942
3932
-352
377
-1225
1874
-441
-1980
-4360
2286
-6580
54
-100
245
-161
-398
-7876
-8496
4812
5249
-70
6902
-8403
-6483
810
97
-1710
-5756
-603
5269
-2793
-3129
-554
-108
-3
-8370
-719
-428
-48
0
636
2491
-585
-14715
782
0
-4459
-188
93
-1163
-9207
0
-354
-1626
-533
-298
-89
-1623
-85
-449
-4305
-740
-307
-362
53
590
-614
-17
-3142
238
-48
-967
710
-4826
-451
-478
-106
455
-446
0
656
882
-3137
52
913
359
-2444
-6303
-3939
-8862
2286
25
486
370
-4395
-1387
1181
0
-3777
-2519
208
-2278
-374
456
-292
-1143
10
298
-445
1322
0
448
-2803
-2677
851
-354
-1420
-1191
-256
3556
-4938
0
645
-1914
-1875
-6039
-1220
-441
390
0
-132
3040
-1032
77
1635
372
-1334
1365
-4268
2034
798
1541
230
-6418
-5302
1353
308
2627
74
0
923
-3247
-408
2397
-3425
-121
-2587
-732
-1987
1699
43
-319
693
1181
-188
4261
-4207
-1759
874
0
0
-4029
289
2000
-356
-2516
0
-236
140
0
0
-2697
-4269
1652
-2993
-7816
-551
-921
-364
20
1314
5688
-1064
56
730
-498
-2265
-11580
-3088
18
-1
-2352
-18
5230
-2701
-1598
1656
3795
-694
1579
-1736
-60
-5225
1043
2784
-10181
-7704
-591
-280
72
-1578
0
-892
-6012
-702
1530
-4985
-715
-4206
-633
-200
2480
1413
-699
141
3445
-292
416
-8140
-1023
938
335
-762
-9844
2081
5193
-2702
-8969
0
-2694
-249
-2435
0
-1586
-2358
1083
-1487
1784
-186
-2741
-392
6285
-3115
6079
481
-310
1194
-3360
-80
-9444
-1646
-117
-855
-2447
-816
-1800
-2584
-2158
-6822
-1191
-1986
1354
9510
-2931
6651
6064
-4125
-4507
-5698
-4129
29
992
-6901
0
1685
-3198
-118
413
-2389
46
11591
623
-4996
-5108
-8585
-2890
243
2929
-107
2189
-6399
-8804
110
-41
-9515
-7075
1225
-3415
536
-2912
-5676
3330
-739
-1424
-1352
-339
768
18
1222
-567
-465
-4047
-2441
2286
-891
4158
123
2346
730
-698
-2305
-3145
-761
0
-547
-607
962
250
-2448
-1079
-2540
-5688
5831
290
-7929
-738
572
1016
-2282
-1765
-4079
437
-330
1012
340
2032
-1960
-2188
-1649
-756
-9119
1
1060
351
612
1787
-7278
-7108
744
5160
-11
3511
-6309
72
-832
-11
-1975
-5104
184
1049
-616
1406
-614
-1533
-19
-2673
-1846
-517
0
0
672
2864
75
-2757
2175
0
-431
1118
135
240
-1028
-1764
980
2777
2256
0
-393
-1210
206
-3468
-680
-390
-216
-156
312
130
1203
-15
-4114
283
-3317
-1209
-643
-2814
-32
-440
-436
631
-3223
-168
-62
-792
-1404
-25
1531
-291
-493
-3256
-3281
-6895
1090
1656
-1535
1782
1550
-1300
-148
0
-7085
-1619
-155
-805
-634
-169
-3082
-2163
-370
598
-1618
-512
-2040
1303
295
-3266
-196
-2519
-73
1040
-518
-5092
-1913
-28
33
1977
-578
-4267
-2429
306
-311
-1524
-18
2382
-500
-1568
1863
2673
-4078
302
-478
101
-2889
900
-4576
-5292
-4995
-1577
-64
425
-3911
0
306
-46
-612
-567
-4334
0
-1518
0
792
1740
883
-633
459
2148
-868
-116
1607
-31
548
254
-726
-6428
-250
3760
881
-3411
0
116
92
-927
0
77
-1547
546
1353
-140
-11
-5879
104
5064
-1215
-2818
-771
-581
195
-3169
-139
-4875
-2218
-513
-966
-1575
1407
6912
-1369
-1005
-1901
942
-1875
450
4585
-1033
5285
2586
-188
-1918
-3885
-789
366
-342
-4675
0
-590
159
-660
-560
-3689
0
6811
426
-638
-3329
-5778
-1987
584
1130
-1122
904
3108
-3940
258
-198
-6370
-7367
402
-2209
126
382
3684
1020
-21
107
-1651
-530
-408
0
1070
-135
0
-8635
-415
1116
-2232
-711
-489
889
-243
2351
-1140
-1867
-2166
0
-547
-2361
-405
2084
-1020
-468
-909
-4092
1309
100
-4503
-493
872
108
-1287
-1338
-2110
-2787
-256
615
259
1143
-1749
546
-1725
918
-7793
-11
1995
186
0
1145
-4757
-1997
702
-1950
-981
2500
-729
180
256
-42
964
-3513
552
-4333
-167
-366
-324
-165
-26
59
-2798
-977
