-3337
0
0
38
-1776
-98
0
-450
-976
0
-268
-739
210
-6634
-1032
-3877
-289
2938
384
-95
-200
1144
0
2162
-603
-123
0
-2314
4484
-1966
0
0
0
-12829
0
0
0
-3264
-507
9
-3736
-2548
902
-425
-30
726
0
1387
-70
-2117
-3580
93
1521
1129
-3887
-85
-607
-288
-165
-3563
-3607
0
-1856
0
960
-396
130
-462
-3254
-254
-1016
848
254
231
-4816
529
0
-323
-915
-2149
-930
0
-66
0
3013
1281
0
-2136
-327
-306
-207
0
0
136
0
-50
-2414
927
-1390
19
-3515
840
-1349
-420
429
-80
0
-1888
3201
0
-1988
-504
-1281
0
820
1332
0
-3866
-871
-252
-4661
-6493
-5267
0
2621
0
-1016
-1306
0
1969
9458
2811
206
945
0
2650
-8311
-3886
-2516
0
-1212
-4
0
840
0
-3929
-1332
3083
2654
-2981
-2867
980
204
468
-331
6
-463
-128
-2323
-2101
-910
0
0
478
-74
0
0
-1324
0
0
3088
0
-3325
2829
-67
-428
-2203
-62
-228
0
2020
-830
-1449
-5343
0
-2895
-5207
2480
737
351
-679
60
0
-1277
-2312
-2089
-3914
-453
-1371
275
5547
-7333
4337
531
-1383
-1407
0
-3365
1660
127
-1521
2753
-68
-1547
3152
-325
447
884
0
-36
0
-3949
0
-3475
460
0
0
-1908
0
0
0
210
-1019
-3094
-204
-1362
300
-160
0
1999
0
-3009
-718
371
248
-325
0
-2398
-1353
-258
0
654
-2187
0
2423
-1972
579
-454
0
495
-5968
-2789
0
-1096
201
1044
2179
-4306
-75
3793
410
0
-152
840
395
-1357
-496
0
1434
1397
0
658
-2698
146
2460
0
-4154
-4632
-4299
3778
0
-281
-3185
-40
0
-60
-1409
0
-2997
-939
-120
-4756
-1840
-3915
-288
2729
-1574
-140
-464
-182
0
-957
-324
-431
0
-7408
3459
-4444
746
0
0
-11944
166
0
0
-4498
-4008
491
-7474
-3384
-1962
-2361
-1188
2406
-2086
2578
1090
-2636
2142
-295
1337
1665
5068
35
-404
-206
-4364
-6128
-4106
-446
-5752
0
-624
1559
-6722
-1151
-7676
-7018
-511
677
70
-1112
616
-3214
0
-1374
-135
-1439
-1690
0
-150
0
799
-504
1431
-902
-1525
555
-13157
0
-1342
-2680
-1343
-122
2564
-504
-5162
-1542
-7031
600
-589
441
937
4321
0
1064
4258
0
-988
-1533
-2478
0
-346
2308
0
-2962
-6164
0
-3951
-1087
-1554
20
3732
-22
-352
-984
0
2962
-1617
1289
-1001
-255
792
1154
-8651
-5114
-753
-855
-740
-495
-128
-1040
0
-3813
-1455
3365
2003
-1163
-7286
455
663
-2870
197
28
1014
338
874
378
110
-776
-1097
-2144
70
0
0
-2641
0
-204
2994
0
-8335
2679
2214
-1557
-4740
-550
-1305
-1498
148
-368
-24
-11023
0
-4743
-2091
6203
1052
27
-2268
-84
0
-2901
-4678
-3168
-8200
-630
-113
-34
4719
-16229
7712
-724
-563
-1992
-2973
-1068
-5052
-2809
-7266
-3899
-45
-923
-105
225
-906
-130
0
-260
-78
-1882
0
-4451
332
357
-1152
-157
1152
0
-2632
-1459
-2390
-7627
-912
-2416
3014
520
0
4132
-1030
-4156
-1369
315
736
-2158
-635
-9674
147
2546
0
-2651
-2402
0
3646
-4494
-215
-1023
1475
-459
-7384
-2624
-24
-1612
-4474
-1324
1341
-6326
-3451
2497
-762
0
-464
-1943
-4975
-553
-1936
0
334
-381
0
-3111
-5081
-557
570
0
-4889
-9340
-1792
-3714
-1679
-638
396
-160
0
0
-1767
108
-1441
-207
-156
4600
-1556
-1926
310
1046
-1483
0
0
-1793
0
-1219
0
-802
0
-6458
-1101
-629
-3476
0
254
-9153
1120
0
0
-352
-3149
893
-4747
-5711
-7115
-5181
0
405
-2113
2651
-30
-1483
-3959
596
-444
1705
-1916
-53
558
-72
-6099
-8441
-4844
-542
-868
0
-2215
-3516
1222
-1501
-5733
963
720
980
0
985
2990
-479
0
-1094
494
0
-6220
0
-78
-976
-1821
-372
-1923
496
-418
-938
-5369
-120
-2022
1021
-3960
-895
-4851
-1397
-6031
1187
-3760
0
2413
1648
1049
489
0
825
1682
-441
-3816
-5194
0
0
-420
1428
0
1166
-5890
15
-3856
-6064
-1782
-110
2773
57
-752
-3309
18
-630
176
-1643
-899
-1800
420
881
-11069
-9836
-3891
504
-2533
-3066
76
-1177
-348
-2802
-792
273
1524
-3834
-6818
-495
1578
-1339
-1387
0
-128
2282
391
-4420
-597
546
-1474
1116
0
0
0
-2068
0
-159
-24
0
-5340
1566
330
-2331
-5904
-1036
0
-504
-1302
36
31
-8549
0
-2197
0
5444
1475
0
-1869
0
0
1143
-6026
-3230
-1728
-381
-295
-293
203
-10170
8464
-5
-1152
1755
-2274
-158
315
-2527
952
-11618
-1016
803
-5789
109
1014
0
0
-2216
254
0
-335
-2641
452
209
1836
-8034
136
-216
-1168
1200
-4660
2220
-242
946
7724
-224
183
5012
-1003
-1959
2300
-74
1012
-2749
-1464
-3737
0
1365
0
0
0
0
3427
-2945
-361
-889
-5245
-351
278
-3063
72
-453
-169
-5745
-825
-5158
0
2458
-391
0
-27
-136
-4073
-1100
-4409
0
-75
-1280
0
-4380
-4323
-971
441
-153
-1205
0
-5604
-9712
-2155
-2926
-3591
104
0
-1002
-1403
220
-508
1025
0
5461
-4310
-1891
295
304
-2142
0
0
1612
-156
-4749
-351
-1720
544
-2092
-572
-1358
3605
-1448
48
-12046
-158
-384
-960
-177
-1862
-181
-3303
-3901
-2763
-4731
-1249
-1601
-1013
3073
-54
-1199
19
-800
-1671
1060
-546
-5388
-138
-38
714
-6167
7
-596
-2632
0
-1825
-2448
-2597
-800
-1060
-310
-557
885
204
616
-1477
2625
-483
612
-9
0
-7873
0
-44
-1440
-3942
-174
164
-2702
2727
-345
-8780
-221
-2124
1411
-5569
-1315
-606
0
-6795
282
-3950
770
-1097
-368
884
1111
-127
-152
826
889
-823
-3392
112
0
-376
-3444
0
-205
-3708
47
-2951
-7880
-1219
224
1928
-25
-349
-2320
-603
-1090
-1297
-1084
-2576
2310
-702
4647
-3114
-6774
-422
-4421
-1711
-1403
181
-4641
-8099
-1020
-1605
-1495
112
2624
-5558
-2965
984
1200
-2334
561
336
2303
-87
856
-1981
1146
-2244
950
-127
-927
0
-731
0
-260
816
0
-2885
-148
261
-1520
-3447
-12
0
-588
50
-1218
20
-2117
0
-1422
-2484
3762
207
429
-4528
0
0
-5318
-5606
-2499
-4849
0
-1058
341
-357
-1070
6463
-2587
-1714
-971
-2965
-1003
493
5
-484
7473
-544
-1047
-3063
-907
-3328
0
0
-4483
-475
-708
98
-1955
0
-343
-2749
-3799
2634
-249
-2005
-1557
244
-1088
-63
1956
3854
0
-381
4302
-765
282
2256
2500
262
-3945
-2004
5175
117
108
396
0
0
0
4368
-4725
793
0
1617
0
-1999
-6866
-114
-1902
-4188
-3626
-1174
-1775
637
109
-2949
80
-38
70
-7146
-1679
-6057
-4497
136
-192
-601
2278
-2074
-133
1484
-534
-3028
0
354
-6700
38
-1021
-351
-122
0
-390
-816
-544
149
735
0
3865
-3276
-1397
1054
0
-2151
0
0
969
54
1923
-715
-758
527
-18
318
-447
-889
-614
176
-5417
0
-436
-1020
-627
-144
-4495
-1128
-3483
0
-2681
-452
40
0
1717
-165
-246
-54
-752
-1224
849
1294
3432
-544
0
224
-5135
-1198
-330
-2618
0
-2729
-1672
-1275
-37
129
-627
-747
575
255
0
-825
648
-1995
-696
37
0
-2453
0
-100
-2032
-2498
-156
-918
-154
-130
504
-4542
-1717
-1299
-3243
-1878
0
2046
0
-3260
-1209
488
737
-722
480
-480
-188
-19
302
370
161
-1073
-1659
192
0
-1016
-684
0
-460
-927
-140
-2297
-1197
809
-1248
1023
0
-451
-3154
-1143
-1137
-840
0
-3489
-261
504
4674
-1742
-6791
-2286
3491
-2120
-1396
87
2111
-4261
1650
-1119
-2313
-386
2940
-745
-107
-783
-840
435
-39
0
925
-4
-864
-935
636
-866
-2158
-64
18
0
54
0
-32
-1543
0
-128
48
0
-3011
-514
-204
0
0
-970
-924
24
-1364
0
-1822
-2921
2389
0
507
-1116
0
0
-3421
-2293
-33
-2653
0
247
-994
-472
-460
3758
8
53
-800
-2042
507
-2141
-1085
-2546
-3555
-360
-2472
-3847
-118
-575
0
0
-6240
1651
-744
-217
-1593
0
-44
277
2352
155
-228
-1540
-1053
769
1000
0
-300
2499
0
-381
1134
-262
383
394
1329
-40
-1048
-1239
1653
-666
1727
-1131
0
0
0
2415
-1657
341
0
-2052
0
-1582
785
0
333
-1802
-3905
519
-436
-611
533
-1155
127
-76
-208
-2832
-668
-2665
-1332
-148
0
-477
-996
-30
-1915
708
-663
-2972
0
-5366
0
0
-6
2769
-173
0
150
-2043
0
541
-1612
732
-4286
266
-8145
-1651
1391
-4262
-349
-260
1630
0
-1531
-1695
-89
0
-2622
-4028
-5078
0
-720
1122
-13822
0
0
728
-4482
807
64
-9097
-2129
-2300
-2173
193
-951
-146
-7062
365
962
-1782
-56
430
-246
-8084
-124
-373
-126
-359
-5316
-3034
63
4138
-156
-816
-753
46
-350
-3193
-194
-407
-3119
146
-1001
-2567
-1242
0
-4163
-2829
-2121
-1320
-1520
-135
-122
1640
485
416
-4182
-957
288
-381
0
0
-1160
-171
-535
-3544
372
-574
-1186
-2376
-509
-1925
-1629
495
-72
0
-6863
-455
0
-3435
-610
-777
0
256
-472
0
-1760
-583
-1062
728
-5194
-8212
0
7299
0
81
-1254
0
-1526
6776
-831
-180
1011
162
1800
481
-7337
-1230
0
-1429
-40
0
935
0
-4617
-183
-2
327
-10237
-4908
-2330
1203
-3399
826
-260
-189
-5282
-1887
-3005
-2771
0
-204
916
22
0
0
-2091
38
0
146
504
-3432
3688
2092
-885
-3019
767
585
0
413
-700
-1907
201
0
-983
-7548
3289
-550
-540
-1954
347
0
-1319
-3814
-2049
-2286
-903
-720
11
992
-9221
-1806
-1166
-3289
1934
0
-6072
-3595
1746
2100
3648
-49
-2368
4511
-758
-819
500
0
186
0
-7999
33
4408
761
0
0
-2165
0
0
-61
-679
-3430
-1156
-285
-1025
512
616
0
1873
-117
-3664
2448
1855
-120
-169
0
2640
-1045
-1120
0
2986
-2722
0
-7244
-4439
-322
-150
351
-279
-7348
-3462
0
308
386
-4500
1620
-6398
-1345
4208
-1002
0
-228
1128
3618
479
100
0
-566
-456
0
-1900
-2284
-1650
-3365
0
-4449
-5996
-4037
-817
-1365
-1003
7830
622
0
413
-3309
0
-122
828
-624
-3194
-502
-12369
-4018
2217
-5432
-843
-392
594
0
-5430
-2052
-394
0
-2030
-1303
-5409
1248
-996
2151
-3287
-976
0
350
-5500
-4867
477
-12544
-3372
-3166
-4020
-2004
-3512
-3122
-13644
788
952
2570
-150
1725
-706
-316
-2029
294
422
-7363
-7096
-5225
-1436
-10228
540
-1878
737
-8668
-955
-7087
-11828
-4783
-4066
-34
-2392
793
-4679
-299
-400
-141
-4424
247
-2654
-135
-180
626
-374
-1435
-4440
-1564
-607
-22063
0
1309
-694
-848
-1651
1982
-403
-439
1163
-4366
837
-1764
-137
1588
1897
0
-3358
3021
0
1808
-346
805
0
36
-4912
0
-2660
-5285
-1143
-300
201
-2091
13
7275
-2
-212
1273
0
-870
-659
-261
-2354
-14
1253
2603
-3774
-4846
-1900
-3042
-1548
-2926
-146
-5394
0
-7713
933
-2430
919
-6124
-9611
-3085
2374
-4893
-2062
-1764
-1625
-5285
-41
742
200
-1456
-1292
-198
-20
-412
0
-2135
-78
-382
-330
-432
-8167
2785
3694
-757
-6053
-1196
-1123
-1092
63
-972
-221
-10895
0
-1649
-9266
7264
-1206
-468
-5312
-958
0
-2099
-7354
-2385
-5546
-627
-3290
331
2301
-19378
-8430
-931
-560
-3853
-2715
-1222
-3014
-4513
-8928
-1318
-100
-3390
2891
-669
656
-1051
0
-1324
128
-3421
-50
1937
757
381
-2794
-531
-1602
0
-5324
1213
-2756
-13757
-2240
-1649
-690
992
0
6320
-1611
-6724
5212
3656
-508
-2783
-1647
-1060
-700
137
690
-4326
-5763
0
-17863
-2952
-603
-1192
-796
-54
-6286
-6668
381
-1210
-7294
-4308
1589
-5921
-8402
334
-4030
0
-508
-2742
-5
3599
-117
0
-804
-1121
0
-3229
-3945
522
-1619
0
-7662
-14197
-2555
-6081
-4331
-1032
6928
-1906
0
462
-2538
1096
1365
1649
-150
5007
-426
-7896
-4244
24
-4573
0
-127
-2587
0
-99
-1365
-986
0
3918
963
-948
-6573
-508
883
-4946
1006
0
182
-142
-2660
2846
-6059
-6687
-1683
-8200
384
-1133
-2770
-9654
840
-868
-4852
-514
683
82
-6090
843
387
-1111
-8611
-7267
-4093
-2042
140
1236
-4275
-3824
-1768
-346
-2803
-511
-7327
-4021
272
-1351
1029
-2745
-1235
398
1757
-183
-5992
-1924
-94
-1724
1575
-921
-2223
417
1232
-478
-6763
-2477
2640
259
-5905
-1304
-3279
-737
2215
-455
1445
-344
4172
1868
3236
-1167
0
-2921
6318
658
-4851
-2290
70
0
-504
-4462
0
-2564
-3426
296
-2574
-7891
-1737
-13
3940
205
-182
-2373
-309
-3579
-523
-1135
807
-2745
-342
3399
-4098
-11418
-3734
2529
-1267
-6511
-153
-2777
-1988
-5428
1336
-3730
-14
-7681
-6623
-774
-1088
152
-4007
-44
-346
-5344
621
-5161
743
-1007
-1917
-535
0
8
0
-860
0
-177
-3919
0
-3896
-131
651
-3363
-5401
308
-3185
-1652
-1219
-1008
280
-11164
0
-523
-3231
2999
-743
0
-1539
0
294
430
-8081
-1466
-3440
-243
261
-285
627
-11790
-10149
-1785
-2381
174
-2988
-1950
10
-4195
237
-22940
-1800
-1113
-9138
-450
-1385
-10
0
-2479
-12
0
-1715
-3318
591
-199
3998
-10273
-1759
-159
-2478
-1224
-1218
1636
-1611
472
2912
-416
-333
6509
-534
-7580
7391
1300
-570
-6544
-1989
-8671
0
378
-750
0
1425
-360
-11172
-4358
-225
-813
-6040
-234
-722
-5430
-48
-385
2097
-2555
-876
-3711
0
2974
-2232
0
98
-1930
1126
307
-2321
0
-493
-1014
0
-3069
-1947
-2008
-3456
-768
-554
0
-6495
-14914
1460
-3200
9866
-1804
-64
-2929
-5273
-116
1369
4142
0
4449
-2505
-2573
-7871
62
-2946
0
-49
1617
762
-6256
-2871
-1017
-226
3350
94
-950
6767
-5235
312
-10930
-948
-916
188
-2867
-2158
2120
-1632
-7304
-1799
-5505
-6468
-189
-1560
-14579
173
-843
407
-384
-2362
370
-1223
-8920
-2724
-1059
1313
-6923
75
-2207
1154
0
-3131
-6557
-3053
-180
698
-1246
-5476
-3617
2440
-895
-1441
1128
-4066
-1524
5
0
-7363
-2752
-90
-2202
-440
-256
-2311
-3487
1551
288
-12078
-2108
-2151
2570
-8892
-1018
-1248
0
-112
-1075
-573
-178
-1622
-478
2657
-419
-43
-1954
-1004
-357
-1103
-3188
-1912
0
120
-3569
162
-530
-2239
-414
-2625
-8549
-3000
280
3859
-113
-3750
606
-3057
-759
-481
-1129
-1349
3516
-1150
8904
-1699
-4392
-518
-10074
-3103
-3288
-52
-5235
-61
-366
430
-6494
-632
-5550
-2914
-4461
-4543
-1908
-1756
-334
-344
-2554
-1541
1004
-151
-1701
-2615
686
-71
-1653
0
631
0
-408
-914
0
-1888
-556
351
-1118
-1944
366
-5480
-1218
104
-142
-68
-5950
0
-1749
-3233
955
-130
-6881
-5798
234
-379
-7385
-4022
-1449
1027
0
-2793
4114
-292
-6882
-7812
-1352
-3168
1072
-1763
-1928
-3308
855
1004
16069
-936
1218
-8078
-2566
-1830
0
0
-3650
541
-1500
626
-1777
0
-236
-5616
-2592
-3077
-165
-6143
-2224
-1759
-484
-239
-2755
-2198
-40
-306
4524
1319
-4965
5351
1644
-210
-6990
-1665
-2360
-3295
-712
-3042
0
-912
-235
-16988
-5271
-995
-460
4796
0
-2950
-11092
27
-2498
-7805
-883
1395
-289
2231
-4333
-7687
-43
-38
248
-8855
-1408
-2418
-7563
-216
-112
-1931
-374
377
-264
-2703
-2958
-3704
0
284
-6378
248
-2797
4298
-1782
-142
336
-3784
-4122
740
3299
0
954
-954
-22
-3247
0
-41
0
0
1294
-222
-5465
-767
-220
885
1466
30
-1379
-2181
550
-64
405
0
-672
-490
613
8
-1427
541
-5729
0
-3771
2540
-95
0
-4878
-77
114
-1045
576
-642
-121
4002
3820
-4268
0
-122
-5710
-1394
-324
1062
0
-5442
-4733
-255
-23
-128
-54
-3808
-1571
2216
0
615
-93
-1071
-780
64
0
-1665
-2000
-90
-2630
-1790
-56
-2877
-16
256
-611
-7077
-1687
-3605
-142
-3850
0
1230
0
1468
215
148
1259
-1264
492
1680
-266
50
-1268
1437
996
1818
-789
-276
0
-624
-420
54
-648
-183
-609
-2356
1970
973
-3388
2093
-50
-1150
-1404
-5190
-778
105
0
-4148
-1517
451
4831
-694
-3678
-1170
5461
-289
-2224
3
-1336
-6883
1218
-338
-1746
-612
-1493
694
-733
-1397
-2977
-549
-203
0
-1737
531
-1388
-1740
2510
-942
-900
-37
-215
0
12
0
-34
-933
0
29
-324
0
-5304
-142
-522
-1270
0
-356
620
188
-7570
0
-2217
-2523
1882
0
-4740
-71
120
-1000
-2297
-88
-132
-2663
0
-2554
-499
-29
-4535
-3375
-455
128
-1566
-2082
1653
-3936
-754
-1238
-2840
-1160
-69
-3022
1483
818
0
0
-7386
1139
-756
-1534
-78
0
-28
267
1896
-1907
-30
-3979
-399
228
274
0
-1031
582
130
-345
1526
215
-2122
805
1408
-50
-521
-621
455
-2901
915
-1866
0
-399
-505
-5228
-3822
-322
-508
-3942
0
-2307
-3108
0
-403
-1598
-1783
2681
60
-1439
1734
-1231
-37
-116
-3606
-1587
2423
77
-1844
-100
0
-1835
-1514
280
-977
-1042
-3788
-4508
0
-3034
0
-949
-2099
-2192
-3697
0
-1402
-1137
108
-24
-255
762
-4099
488
-425
-316
1030
2199
-76
0
840
0
872
-936
-108
832
-168
-2883
-2065
0
-400
4477
-2247
0
0
-595
-6460
0
135
-7079
-1662
1596
-1722
-574
-1143
-204
288
-1935
-297
264
-44
-648
-33
-4962
-382
-630
138
105
209
-2454
-352
309
-660
-1008
-264
-138
-462
-2458
0
1476
0
204
-3223
-4302
0
0
-209
-5919
-3090
-299
-1030
-381
-199
7162
369
-252
41
-1085
972
0
0
0
-4
33
-1050
-3214
-1752
-66
-70
-1058
288
-3678
-279
-341
0
0
-5559
-3567
0
-5303
-494
-1596
1270
-64
-1436
675
-1484
-944
0
1271
-184
-4867
0
5072
0
-937
-1232
0
-3273
5367
1057
-181
2198
351
0
803
-6684
-168
0
-946
-305
0
861
0
-2146
-378
-2700
-216
-29
-4256
-1827
-455
-2450
-397
1500
-914
-3364
-4751
-3093
-1863
0
-87
-75
-2540
-618
0
-909
300
0
-2461
-384
-1707
1451
1116
-32
-3284
-829
225
0
-488
623
-2038
400
0
-6109
1756
1752
-308
-2413
-2277
-2176
0
-379
-3749
-1647
704
-108
335
1397
-412
-2735
-6204
0
-4406
-3951
0
-1685
-641
1254
200
4020
-65
1127
2838
-1540
156
-379
0
240
0
-7007
-32
-3632
1717
0
0
-2650
0
0
-44
0
-447
0
-1576
-1706
300
1016
0
1991
-664
-624
6031
0
-616
-909
0
0
-387
-2059
0
535
-5563
0
782
523
356
-770
45
-1143
-3978
-696
0
-478
0
1188
0
-6992
255
2333
-94
0
0
443
525
-1928
-127
0
-1651
762
0
498
-1751
46
-2332
0
-1603
-2832
-1636
195
-3350
-425
-5034
-2226
0
-239
-2039
-104
42
-1357
-114
-2634
88
-4467
-1463
-247
1075
-112
-83
990
0
-5695
-1125
-371
806
1445
-5406
-4058
47
-800
3390
-1979
-1164
-2112
-174
-1254
-1128
238
-4989
-1908
655
-2477
-1608
-26
-1632
1236
-1929
-830
42
-46
-2308
-197
-1132
-2957
-1840
-1324
-7515
-6277
-3298
-1484
-2850
-360
-2694
1014
-4371
-557
-5683
-13182
1339
-467
799
-4184
-4170
631
-2369
-2473
120
-3131
1115
-2577
-279
-252
3264
-2679
-3057
-1922
-702
647
-19034
0
286
-479
-252
-1536
487
-1339
-194
-325
-189
1254
-2182
-72
993
-533
0
-2434
1570
0
1089
-618
-3042
150
-336
-4523
279
-2186
-2624
0
959
-2570
1529
0
8541
68
-137
-4900
0
-2544
157
-648
-286
-1174
1352
1735
-581
-1172
-352
-2493
-3619
-3395
-33
-1066
0
-5658
-1557
2985
336
-3355
-5454
-495
-478
-2444
-1675
943
820
-3317
-167
763
-1295
-912
-1981
6
-1280
-577
0
-473
0
-182
-1288
-624
-4596
-217
2918
-52
-4462
-2177
-2076
0
326
-979
-687
-2660
0
-3763
-10434
6367
-386
-1368
-4038
87
0
-3862
-5593
-1441
-2852
-273
-640
550
681
-5820
-10427
144
-804
-408
-1350
-1292
45
-1541
-3418
-4228
-87
-4124
3437
735
-264
-1855
0
64
0
-4586
-94
-414
1522
129
-2624
452
-1124
0
-3133
570
-5549
-7468
-788
-2481
-126
-88
0
4758
-2390
-4155
4874
-730
-1916
-1773
-9556
3051
-442
1419
-1056
-2035
-5951
0
3261
-2978
-895
-1780
-978
-225
-4258
-5734
-18
-170
-4860
2664
-127
-3301
-3834
-650
-477
0
0
-2415
2765
159
-4023
-868
-663
-762
0
-2093
-1750
-833
65
0
-6860
-9227
-1459
-4811
-3216
-2086
-4040
-4388
0
917
-1698
120
412
175
-150
1347
-569
-6137
-726
-1079
1874
0
-50
-2643
0
-2891
-825
-2329
1586
3494
-3873
-740
-6197
-1154
955
-6145
-48
-2398
-248
1079
714
2319
-1075
-9015
-3170
-4893
-403
882
121
1005
3075
-1114
-5183
-432
-7153
-460
-4090
2157
664
-1398
-9836
-10577
-6346
-1617
-937
-1212
-3922
-1500
-3478
-285
-568
-1564
-848
-1074
1775
-2052
1218
-3069
-4365
-3145
2748
-1257
-4807
-3416
-388
-1875
-462
-903
-2911
-3332
1890
-1564
-8142
-296
-94
179
-5522
-954
-2416
-523
-345
1659
1089
222
6317
1031
217
-632
0
-1875
6851
427
-8171
26
96
-150
-672
-3045
-407
-2048
-159
90
465
-10620
453
274
4411
906
-1409
-5501
-2311
-4726
-505
-2221
750
-4564
-563
3153
-942
-6445
-1004
3690
-682
-4452
-28
-1973
-1601
-4035
-1080
-1126
-102
-1019
-3298
-1441
-874
2742
-2376
-456
-222
-6404
-2064
-7908
-4049
-1104
-1954
-550
-40
-1783
0
520
-156
-33
-2488
0
-501
-732
1551
-4248
-2621
444
-232
0
-1484
-5535
-676
-7820
0
-2635
-7649
6881
-456
-6002
-3475
606
-486
-318
-3560
-778
-4034
-267
-2882
157
-1098
-5269
-11255
108
-2105
-3314
-1830
-9798
-1528
-4740
-134
-18353
-925
-2124
-5411
148
498
-103
0
-2003
-767
-1650
-3130
-2760
2970
-255
3356
-6370
-1104
-381
-1248
-970
-2414
769
-896
226
4777
-416
-300
5491
-1992
-4675
4656
4169
-2194
-3225
-9558
-1207
-2667
939
-2355
0
1862
-779
2228
-1066
1738
-434
-4397
-9
-567
-1740
42
-510
957
3580
-282
-2889
0
4802
-1143
0
4
708
5052
3458
-2573
-259
-406
-144
0
-1596
350
-1391
-1749
-204
-1538
0
-3652
-8888
-4108
-1150
-6340
-554
96
-3191
-2662
-3056
210
3897
0
1833
1065
-1833
-3780
-694
418
0
-116
1089
-366
-2893
-717
-1038
-2533
403
-942
-670
4670
-3220
937
-5535
-486
256
-445
-3205
-558
2549
1612
-6360
255
-4236
-3484
-1512
-369
1959
1278
-336
2156
-368
-4392
-345
-3993
-5584
692
-342
984
-8955
20
-1563
-1198
0
-4820
-1870
-1351
-126
2445
154
-6
-3664
3075
-1532
1067
-3097
-4804
-416
-81
-308
-3664
-461
-430
-2260
0
-702
-2745
-2032
-508
-1245
-9847
-1049
2949
-2516
-7679
-874
-2142
0
-1285
960
-618
-108
-1420
-2086
1594
-196
-8
-140
5292
790
-2896
-912
434
0
-336
0
728
-824
-386
-168
-86
-6226
-1348
-699
2011
-663
1418
-1548
-5581
-1910
117
-1046
-2319
2126
-1087
8135
460
-5108
-1584
-7649
-4315
-715
1
-4418
-9756
1484
-300
-1653
-26
-3373
711
-2905
-2067
-4650
-1009
-1117
252
-3807
189
1994
-2275
-2449
-1908
-61
-113
-1281
0
120
0
-67
-973
0
-76
-377
342
-760
-429
-288
-1847
0
123
-1565
-152
-9365
0
-2701
-4211
-76
-72
-489
-3859
-910
-825
-11598
-332
-357
3497
0
-1168
2090
185
-59
-7136
-508
-3678
140
-1470
-3357
-102
233
-687
20604
-1116
495
-6605
-3641
172
0
0
-8412
397
-2640
895
-7763
830
-42
-3661
-2519
-3338
-276
-2733
-120
-1815
2744
-18
1048
-170
674
-306
3067
61
-3348
2182
3477
-1358
-1620
-5520
-2554
-1589
-2263
-2298
0
-606
-284
1719
-3489
-5706
-124
2536
0
-1943
-8159
-36
-1134
-6282
-3082
903
82
2503
2541
-1856
0
-57
1219
-7078
-1243
-669
-4965
-34
0
-944
-2674
784
-616
194
-1595
-3239
0
519
-3249
-813
-4826
-2215
258
176
-2292
-2238
-5070
0
468
0
304
3
127
-897
0
-30
0
0
1205
-696
-1699
-605
-1476
-1263
-1069
-1208
-63
-2159
-474
40
-2237
0
272
-252
-1539
0
1153
609
-6533
0
-2930
-2209
0
0
208
737
0
-4035
-640
-1656
-342
2727
2256
-1102
0
-295
-5841
-3636
-654
-1182
0
-5417
-1980
30
0
0
-662
491
-1856
1948
0
587
1363
311
52
467
-244
-225
1000
-586
-2312
0
0
-357
449
-780
48
-8112
-2097
3070
-2324
-1578
0
293
0
-889
318
-102
-977
-851
-186
-120
-112
56
182
670
-493
-439
-608
-768
0
-608
0
-66
-220
-35
0
-456
2462
687
-4009
1034
-304
-513
-1197
-5341
-733
-416
0
-5312
-1265
984
9426
-150
-1724
-1116
4529
-2774
-1512
0
-1973
-5519
1027
0
-614
224
-4316
0
-682
-74
-6862
-215
-320
0
-2616
505
-1296
1935
-1526
-520
-154
11
-2097
0
0
0
0
-399
0
-1
0
0
-3566
-11
-762
-540
0
-447
1010
-124
-714
0
-1527
-3253
-1797
0
-1119
-854
-1162
-1112
619
104
0
1190
0
-2288
-1547
63
-1188
-2755
0
813
1102
-244
3819
305
-579
-388
-1710
-1631
387
-2257
-2569
360
0
0
-6185
1715
-1134
-3507
-1108
1130
0
279
1531
-1024
-90
-1936
0
-1242
-256
0
-972
-1087
24
-84
655
60
-483
1090
1001
-490
-125
-280
-1054
7
95
195
0
-1646
-327
625
-660
-2835
-364
-3063
0
-1119
156
0
0
-3810
-2756
1638
32
329
-3420
-1479
0
-127
-1756
-1322
549
780
-723
-329
0
-1808
-2209
0
24
236
-1820
-4112
0
0
-1245
-1034
-834
3116
-5462
0
-6518
1415
-204
0
487
0
-766
-970
4019
-1108
116
2563
-508
-46
470
0
-4528
-3201
0
832
-412
110
-705
172
-761
-2698
-1313
240
-814
-1129
-1871
1599
592
-1386
-664
-433
-1511
-356
-2159
731
-4911
204
343
0
0
-712
-38
627
-2887
65
-435
-4325
-5378
-1300
-2230
-3409
-1068
0
-222
-682
0
-1470
-10505
-1745
-889
1085
-1832
-70
236
-3759
1072
582
-3467
-1071
-1648
0
-251
-3026
-2260
-1647
-327
-307
-2644
-11849
0
0
513
612
-912
-315
6
-88
-202
657
-383
-1876
-127
0
-180
0
-2410
-2253
0
4067
-408
-3786
-1140
0
0
-21
-1164
269
0
572
-1946
-669
0
3865
984
-216
-372
0
808
-166
-19
270
-287
894
2673
-469
-1246
0
-3186
-3303
-3418
0
-2419
0
-4062
-570
-720
-250
-180
-2637
-1167
722
48
-1388
-4683
-2342
-1956
-774
490
-1360
0
-373
88
-740
-427
0
165
-176
-120
-301
-96
-226
-715
891
0
-1597
-1305
-3071
0
127
1322
-221
202
0
0
-2845
3517
0
741
-3706
-7765
0
-1304
-2595
-203
2106
0
264
1270
-184
-365
0
-80
361
-634
0
-902
125
-807
-999
-2397
0
293
1834
-1484
338
-1085
0
469
0
-3844
-21
-2950
1568
0
-2639
342
-89
0
-3139
0
-2777
-2244
-54
3
-902
0
0
2846
251
504
2566
-2812
0
-2530
-3067
1211
-213
319
-1092
-930
-2793
0
-6065
-5225
-98
-182
-1209
0
-1699
-4590
0
312
-1728
0
2
-1381
-3724
-1292
-273
0
0
-1944
1575
880
-405
-889
0
-510
0
-1957
0
134
-766
0
-2047
-5088
-532
-2550
51
-1767
2501
-6777
0
-1669
1154
-1954
0
-713
0
973
-899
216
-779
-1985
2411
0
-65
-594
0
-7332
270
-1602
-1118
1031
105
-475
-3937
-620
1999
-3810
664
1100
-570
1166
819
1409
1819
-934
1404
-2096
-176
-1054
345
-2961
4803
-2372
-4764
0
-2742
0
929
854
102
60
-5394
-6849
-2454
-2229
-2222
-444
-600
-620
-1518
0
-510
-3925
-1563
-240
2197
-2063
551
-316
-1891
-4082
2359
-1168
-1615
-854
-376
-687
-1870
-2069
-1554
-258
1076
132
-4650
-1429
238
1379
-3143
-576
-449
-67
400
254
50
704
4039
85
0
-120
0
-559
1174
0
-4741
-174
-4704
-670
0
0
978
-88
67
-672
1817
-8306
828
358
2913
440
-165
-297
-4223
-1428
-113
-289
1026
-3064
-812
5797
-735
-1224
0
1917
-512
-3330
0
-2333
-927
-1977
-324
518
12
-1660
-929
137
-320
3873
-668
181
-522
-2566
-2421
-6406
-646
-342
-349
-400
700
218
0
36
-152
-17
-189
0
903
-518
1053
-2310
-569
330
-1010
0
-220
-1187
-155
-1843
0
-1452
-305
-823
0
1113
-657
-5425
-174
244
-581
-177
-3323
0
-2485
260
147
-850
0
-328
-1388
586
0
-9016
-1789
-2798
-405
-11546
-54
326
-2072
975
76
-285
0
-1773
-379
-3202
-3552
-6494
2024
0
2697
-3056
-2596
0
-925
0
-1494
-1422
-161
266
702
616
0
2148
410
-1056
386
3775
0
-1013
-1926
-710
273
747
-948
0
2009
-699
-3659
-4715
-3898
-749
-897
0
184
-1309
0
-1308
-582
-1000
63
111
0
895
-324
0
0
-3088
4895
22
1264
-259
-120
-84
0
-2236
0
-1240
-703
-183
436
0
-1504
-5460
-710
0
4816
-2380
254
-9253
2118
-5114
0
2255
0
242
609
-2084
-3264
-434
1293
0
-80
270
0
-5558
-2477
-2286
-1397
614
35
205
2343
-4852
-399
-3255
-40
-986
-598
-2241
-312
1816
1301
1723
0
-1341
-938
493
-567
-3680
1905
-2346
4489
0
-1053
0
-6449
-3878
-1127
594
894
-5994
163
-1134
-629
0
-2249
-1325
44
0
675
-907
-1413
-353
363
-469
195
-3169
-2135
1326
55
-280
-330
-3586
-360
-948
0
-252
-1834
-116
-360
1264
-3930
-1092
1020
-143
-4676
-168
-466
0
-70
-296
-264
60
-781
-254
0
-80
0
-28
3493
549
1513
0
-2808
0
0
0
524
-168
-100
-708
1047
-1510
-331
-1962
620
-1506
3268
791
-5183
0
-52
-305
-820
1225
-935
11239
0
-1880
0
-6379
-173
573
0
-411
4093
505
-80
-2962
128
0
1008
-1225
-869
-3759
-301
-530
-474
-1316
-1667
1004
-4318
-2361
-89
22
0
-1472
0
0
0
-33
0
0
-26
-189
0
-352
-55
0
-2144
0
39
344
0
-9099
0
-2129
9
-1409
0
1688
-3799
-3208
-823
-6727
208
-98
-3420
0
324
6927
77
46
0
-180
-2515
78
0
-2640
558
294
-530
16326
-667
0
-4603
-1706
-230
0
0
-4800
2449
-1134
155
-7273
1270
0
-3683
681
-3250
0
-4688
0
2364
720
-14
-777
654
1246
0
1166
0
-504
245
1977
0
-208
-3169
-637
-742
160
-1437
0
-1851
-176
-4178
-5777
-6895
-196
808
0
-1688
-7121
0
-112
-2034
40
639
16
2144
1525
-1468
0
0
-1091
-1330
-1371
1680
-1220
-270
0
-1320
-1396
0
0
-1016
-1617
-1045
0
