-99
-117
46
-9
-16
-83
-39
4
-14
-13
58
7
-34
-20
-37
85
-22
-45
-120
13
25
-60
38
-23
38
-67
-93
72
-3
-13
-51
33
-85
-89
1
59
-54
43
63
-19
44
-73
7
-127
11
13
23
38
-49
-9
2
11
-55
-40
39
37
7
40
44
-33
-47
-30
-30
70
-31
67
13
-80
-87
48
-13
-65
47
-22
-83
41
26
12
92
-39
-89
27
1
-127
-20
40
-11
-5
-66
30
24
-2
-85
-6
-109
-58
-79
-78
55
-20
-47
18
-54
46
-16
21
33
-5
-69
-11
6
-51
-39
44
28
36
-50
-28
-58
-43
-64
-25
12
0
31
40
-50
85
-15
73
36
33
29
27
56
11
-23
-29
-30
72
0
-7
-8
25
82
34
-7
43
9
-33
-18
-49
42
-79
-12
48
-4
-14
-31
-59
8
-24
11
3
-58
-4
-127
15
-24
-37
-9
-29
-43
7
19
51
65
9
-98
-16
9
39
-29
7
-7
42
-40
39
-57
-3
60
-1
-7
20
-9
-15
5
50
-29
-7
-86
25
-1
-20
-31
-2
-16
-48
-39
13
6
32
38
-101
15
2
68
-15
-86
-63
-75
-29
0
23
29
11
-45
-55
-18
-52
-35
8
-39
-14
43
27
45
74
10
10
14
98
-41
-66
38
31
49
-50
-24
-40
-5
25
8
-127
53
40
81
-37
13
-10
19
15
24
49
45
-73
-105
-10
11
51
-48
-38
28
-72
-10
37
6
35
-32
9
-61
98
-29
-70
-106
-23
6
-41
10
-1
-127
-52
44
-25
-1
-60
-26
57
-35
-29
25
-69
-1
26
-23
32
39
84
37
74
28
49
49
-65
-15
1
9
39
-94
105
-49
-37
-59
41
53
-33
15
25
114
-11
-7
-2
-34
53
8
-3
-56
-24
-64
46
-63
-44
-1
-34
-15
44
-23
-9
-4
66
-48
11
-56
-49
19
-2
-68
-53
5
16
95
11
-76
-44
-23
96
-22
3
-125
-37
14
79
-6
48
127
-6
-35
-38
57
-38
-98
60
-44
15
86
36
81
-8
-50
26
-58
-64
1
38
52
79
-76
-43
68
2
57
87
39
68
10
-119
40
118
25
-54
-80
-116
9
-66
44
30
19
-17
-49
82
88
79
93
-13
-81
-26
-30
-63
-7
36
6
44
11
-13
-8
-17
22
97
9
75
15
-14
-32
-9
24
19
-21
26
-53
-20
2
-35
-3
47
4
-27
-17
39
-4
80
-45
53
33
-85
-8
6
-13
-1
4
-31
6
22
-40
45
7
0
-33
2
-49
4
-127
-6
37
97
38
-22
-12
41
63
13
8
-7
-39
-48
-19
57
19
-44
3
34
-8
3
-25
9
-50
11
11
-54
-29
57
65
71
0
-7
-58
-11
-56
53
1
66
-2
-71
20
-43
1
121
-18
-12
24
-30
40
3
-46
33
54
-37
-33
10
119
30
-4
-74
30
107
41
87
39
-41
56
33
51
-127
-87
-84
-51
6
-33
-53
85
-41
78
17
-8
-39
110
-47
46
94
-48
-52
-55
35
18
-15
11
0
-43
-14
-4
-58
-85
42
77
38
-106
-97
123
-26
-119
127
56
24
-22
33
-8
-87
62
-52
37
11
-58
38
21
24
-8
63
38
-40
20
44
80
41
15
-62
13
-5
-60
-99
-1
91
57
-42
11
24
5
-49
-75
-29
40
-22
-75
5
52
-14
-49
34
-30
-9
92
-14
49
-68
-40
76
23
-53
47
-34
17
78
-31
-29
20
-6
-24
-22
60
56
37
10
-12
-17
39
-69
16
-28
19
-31
-38
19
30
-80
70
47
22
-25
-11
-1
-20
32
-22
-4
11
21
-39
18
-10
-14
5
2
-38
6
-48
11
-70
15
4
4
-31
-54
37
-127
-20
12
9
-1
-65
77
0
-52
2
-20
28
-2
18
43
13
30
-21
18
6
-14
49
-22
-33
-6
-38
-39
-52
60
-50
13
48
-4
71
20
-21
26
45
18
-13
-1
-46
-43
26
-24
-6
-125
110
-25
-1
-19
31
-30
30
47
37
-62
-11
-62
-47
72
-87
-51
14
-26
-34
-91
28
109
-91
-47
-50
-65
46
28
16
105
25
62
-21
-5
41
-125
68
127
19
-53
-65
17
-75
71
63
29
10
127
112
30
23
-22
1
0
19
-1
35
-8
-24
-32
-39
-37
-36
-3
-42
-71
0
-64
24
-68
9
71
-34
-21
41
51
-37
-79
-55
-17
-15
60
-6
-64
67
65
-2
18
57
14
7
-54
-23
77
107
-18
13
26
1
22
26
37
-38
-35
-6
2
36
6
26
-13
24
4
40
-75
34
-30
5
0
6
26
-56
2
-8
-11
-36
7
-16
-127
-78
-20
18
24
25
28
16
7
-29
47
72
28
20
-1
30
-54
18
72
-32
45
-29
11
16
31
19
-89
-60
26
-19
104
-74
33
29
-35
-61
-13
29
34
-18
18
21
58
-30
-28
16
33
-65
-76
13
-50
-116
3
3
27
-29
-8
64
58
-32
-13
-18
-20
62
-3
-107
-120
13
-31
23
89
15
-20
10
72
-17
-84
52
-4
-23
34
3
-5
23
58
-74
-90
-63
-10
2
-57
38
21
-2
-28
9
63
10
21
-19
-10
14
34
-47
23
50
-32
-7
108
57
8
-23
-14
98
69
19
-61
81
-43
30
-48
-19
127
-49
2
48
35
-125
-93
-6
-15
53
34
-21
-36
4
-66
-32
-47
-38
-36
-17
-43
32
27
13
-53
-62
-18
-24
33
-17
-76
13
-9
-30
-50
36
-25
-36
4
21
18
-43
-36
10
-19
-10
71
-11
-17
20
10
-33
11
-44
17
75
31
-127
30
-17
12
9
27
50
-38
35
-81
24
-43
54
23
-52
62
94
33
-2
-75
0
0
-4
-29
50
-46
8
-27
67
-64
44
-44
0
19
-20
49
31
-3
-33
-35
-27
-9
11
-7
-79
-30
37
-73
-4
-38
43
-59
-62
-33
-74
2
14
56
39
8
10
-73
-15
-55
101
-42
0
19
-81
61
6
-13
3
-16
-2
19
49
-63
55
75
-69
-3
-81
-25
4
-51
79
44
-23
-11
-45
-33
19
4
103
-26
127
32
85
-2
-55
74
0
80
25
-77
92
-7
122
28
-54
48
20
53
-43
11
-127
60
-53
-73
-51
-5
72
61
14
-10
-117
-22
-63
79
97
-31
-27
74
7
10
-88
54
-5
-56
-74
60
-119
42
71
-60
-4
61
80
-59
-64
-22
37
-4
23
-32
97
-35
13
-15
57
-40
-9
57
124
-23
0
-60
-120
44
31
70
9
4
-13
-35
-26
13
-17
-61
-21
110
-13
-34
-28
10
-3
2
29
29
-48
-9
26
61
66
20
5
37
-52
5
-15
94
78
-14
-59
-1
53
50
-18
2
4
-9
15
40
6
67
35
60
8
5
-127
-69
-11
-51
-4
5
-77
-44
-50
-16
-11
15
42
5
-26
-1
6
13
15
-77
-31
-31
4
5
38
-62
-40
13
21
16
-42
-12
-37
33
40
24
54
-29
79
-21
51
43
-6
-25
-6
7
-19
-2
43
-44
42
-11
37
43
5
50
10
16
-44
-54
10
-27
16
-43
22
29
41
-69
-22
34
12
-65
-127
37
-11
-56
69
16
-11
-10
-11
-11
14
-33
2
39
42
-13
-52
-18
43
21
-2
20
8
-50
48
51
29
0
2
40
15
-30
-60
100
-127
16
-15
64
48
-38
44
9
20
-8
40
-34
-6
25
-34
55
-53
-47
71
-15
67
28
14
109
94
108
6
42
-1
52
68
-24
-81
79
67
50
-13
3
15
-21
37
-7
-51
41
-107
-14
-91
-18
-69
45
-55
70
6
71
56
-75
-46
-67
-39
41
98
40
-30
47
-11
-33
64
11
-127
-74
-26
10
-24
123
6
-10
-75
-49
-27
-41
20
4
-13
11
-15
44
-2
-8
27
21
27
87
-30
55
9
-16
-26
9
-53
30
-51
-18
26
40
62
8
-6
0
-76
-41
84
41
49
10
-12
18
12
-45
9
-53
20
47
52
7
-20
120
-92
70
1
-23
7
-55
81
-57
-55
24
-28
35
15
-23
-17
-3
77
61
13
-8
59
24
78
88
65
5
11
78
-7
-43
-11
-5
-36
-77
-44
67
-43
51
35
17
-44
80
-48
-9
-27
3
4
-41
-15
127
-3
-9
16
112
-10
-87
-9
-35
48
-1
-48
3
55
20
56
48
-61
42
13
-87
-41
-10
61
64
-70
-4
-45
27
6
-28
15
37
-35
0
14
13
-51
4
-41
-13
32
-13
2
-26
39
-87
0
12
-23
32
-37
25
-50
17
-23
6
-71
-6
-8
-21
38
-43
2
-48
-30
-87
48
40
34
55
126
32
63
-73
45
25
28
6
-127
24
-64
-56
-24
32
31
-12
-65
-28
28
16
-44
-28
30
-13
-63
-50
-57
19
-69
-52
3
-26
-48
10
0
-41
4
-36
23
-49
-37
-47
-109
-10
24
42
31
-15
-37
-13
-30
-70
1
-14
-2
61
10
20
-49
20
-17
-31
-29
59
-9
-40
4
-15
-29
-28
-28
22
-59
-14
-54
-45
-37
-8
-38
12
58
-38
-9
16
-34
-39
-127
-60
-44
-12
1
70
69
18
2
64
80
-29
72
-27
1
71
47
-59
19
68
-35
53
45
-9
-85
127
81
-40
-49
-80
-6
55
-28
9
35
-61
-9
20
5
54
60
15
18
-87
-26
30
19
45
94
-26
64
-7
-2
-61
-67
36
-14
38
-22
-47
32
-56
-43
-5
-31
76
-61
8
56
-28
-66
-20
25
44
-11
0
-29
-13
-26
-56
-6
2
23
79
-126
2
-67
76
-127
-24
21
-27
19
-91
-48
-8
87
-50
11
-42
82
-60
16
42
34
-38
-85
-37
15
46
-34
20
-56
-63
37
47
-75
-72
52
-37
21
-69
105
-38
-104
2
-43
27
-87
-89
58
20
67
83
-33
-44
-59
37
73
68
25
-99
49
69
91
-33
-50
0
-61
-15
-6
100
-45
-85
-2
3
-68
-29
72
-43
-101
50
-89
-24
100
18
70
-53
28
-30
85
-102
-3
43
-37
14
-30
-42
17
-8
62
-54
68
53
10
32
-38
12
31
5
19
28
-42
32
-31
85
-43
-62
-44
77
5
-35
54
-46
-40
75
37
38
43
110
-8
58
-54
-34
1
11
22
-93
-25
1
5
79
-7
40
20
22
46
-113
-19
70
51
-127
-52
50
-15
-14
14
-60
-32
-37
-27
-6
21
9
13
35
-35
-36
-47
-4
-1
19
30
-22
-38
31
-33
-57
-29
20
30
52
20
16
6
-29
4
5
24
9
14
9
-39
0
24
-32
8
14
23
-40
20
3
30
-9
-28
14
67
-23
-127
4
61
-6
21
1
2
-3
-12
-6
-20
26
54
49
41
-34
-23
-43
20
111
-45
-37
-78
38
-55
-48
58
127
40
-59
-46
-75
41
-15
-38
-64
-97
39
-13
-21
-22
23
-91
-17
-88
-35
-19
-37
93
36
37
-31
-4
106
0
-18
-40
-36
-58
-3
-61
-1
-28
2
-86
-7
64
45
72
46
-47
-103
2
-116
-21
22
-41
-18
70
10
-42
-15
-48
-48
-39
-113
-58
-18
15
-10
52
-18
-23
-20
33
52
-3
-4
17
-2
41
-8
-6
-15
-52
-2
-7
9
48
108
-10
-45
-17
-39
-42
39
38
40
-45
32
-12
2
21
4
92
71
10
51
55
6
38
-5
77
-42
43
-11
5
-19
50
40
51
64
11
-26
8
-44
15
14
-31
-28
-47
-42
47
43
-52
92
-127
84
38
-28
-46
-72
6
-51
-11
47
47
61
-35
-12
-123
60
53
49
-25
21
-21
-70
-79
-57
16
45
-75
31
-24
-49
-12
66
53
65
43
-29
56
14
1
-36
-7
-2
26
9
-20
-79
117
-14
-8
10
52
-69
3
27
3
38
-23
-7
42
20
27
-18
13
24
-30
-49
-68
62
-51
35
29
-48
-127
-39
10
-60
-88
-46
12
10
-16
21
-58
58
78
-19
-30
15
13
-114
69
10
26
127
44
72
-37
-57
49
-10
26
86
-34
-51
-38
-40
-26
-20
15
-28
12
15
-37
-63
-58
-17
66
23
4
2
-71
121
35
78
-39
18
0
-44
-12
-104
19
63
-16
74
-7
-42
-11
36
-75
-111
25
-5
-10
-105
-43
-44
-43
80
67
17
-20
0
-9
-38
53
34
29
20
60
-41
-99
-10
30
-31
20
90
9
19
113
-57
39
-105
-89
-17
-73
-80
-13
-74
-70
40
-44
-51
-29
-75
-63
3
-3
46
-41
-66
-127
58
-25
-15
-77
32
-20
-71
65
-121
63
5
-60
-25
51
13
2
89
74
16
45
-47
-12
101
66
33
-28
34
32
40
35
-23
-43
-66
-46
23
57
-11
-18
80
43
6
-60
52
17
127
44
29
4
7
21
26
34
-60
43
92
42
84
73
7
-53
89
-49
15
49
34
25
35
-31
-59
-29
-73
-44
31
76
44
5
1
43
-64
23
24
46
5
3
-29
73
83
106
-13
50
-66
-39
-47
-47
39
22
13
1
81
45
-6
6
38
-79
-75
-65
-8
11
-74
-60
15
-30
-9
48
-69
-109
-24
45
49
52
20
-87
-56
93
-60
61
21
-31
-64
99
63
-54
61
67
4
-39
49
-77
-62
58
-127
13
-9
24
-82
-7
-113
6
54
-25
-5
-60
66
-24
-7
16
-56
-22
64
-34
1
4
-51
6
33
63
74
24
-66
-47
117
42
4
52
1
38
-48
27
-125
-16
-83
-104
-29
-53
-38
-42
14
-20
33
-30
10
12
-82
30
-80
-83
34
-82
-27
-54
-15
57
-60
33
-7
23
95
-127
-12
8
37
39
-83
-66
-44
1
1
7
-48
8
-26
-48
59
69
-65
-3
84
-87
71
4
3
108
-28
-95
-17
-21
-25
95
-24
-31
-25
72
75
11
53
17
32
-17
49
9
17
-28
-4
17
19
8
-20
37
29
55
-3
-3
-33
40
-7
9
-12
2
40
-28
11
21
-49
-14
-18
68
5
-17
20
-5
37
-84
-22
6
7
107
99
56
-14
-3
12
74
21
7
-10
31
5
-24
-13
-5
39
-37
-20
22
-21
35
127
41
5
-18
19
-30
4
-20
-13
15
-8
-78
-118
-26
4
-8
36
112
12
107
16
-34
30
-71
1
17
64
-54
-98
-6
-21
-49
30
-96
92
2
-40
15
99
-80
127
65
-54
17
-18
7
-10
-7
-20
-62
43
-73
-54
17
66
-1
93
-76
-33
-64
-2
70
75
55
-14
34
8
-41
-29
39
7
20
16
33
-40
-36
34
41
6
-73
-77
59
-45
-48
-11
31
81
9
83
2
-12
26
-39
-57
16
1
14
18
40
-67
53
-89
-51
-21
76
-70
25
70
-63
55
66
-89
81
-7
20
-57
-21
-32
22
12
-31
-17
127
-9
13
43
-56
10
17
-29
-78
-77
20
92
16
-52
19
17
46
82
-10
86
-48
2
15
45
55
-70
-3
13
39
-27
-18
-19
13
16
-6
-10
8
29
17
42
127
64
-39
57
70
-98
15
49
74
-13
-22
-52
-1
-78
-4
-37
-50
12
28
54
28
-16
105
-39
-10
35
-30
80
-75
3
16
11
43
26
-17
5
-39
99
-64
-15
-10
-22
72
35
-30
20
36
-4
25
89
3
-10
46
21
-94
26
-16
-28
61
-59
52
-55
27
33
-46
60
41
-71
109
28
85
53
-104
-89
16
38
5
92
-15
-15
-61
-72
95
86
-12
-42
96
-52
-26
38
19
67
-50
-23
3
39
-42
-25
-40
-42
17
44
56
-65
-7
-1
52
-73
1
-31
-1
-88
-26
30
-44
91
-60
39
-46
-47
13
127
-23
-86
17
103
-61
58
-80
-70
-33
-25
13
-103
6
-48
1
25
69
-74
-26
-70
4
81
-20
-14
-12
23
12
-64
-13
-43
23
8
-42
-44
42
-105
-121
95
9
-24
71
-32
28
-57
-77
29
-127
68
-27
-26
-3
55
7
57
-67
9
-64
40
-16
-51
-84
10
-66
52
-11
-11
-35
1
-59
-92
13
-28
-9
30
83
15
41
-108
-42
-88
-64
-15
16
-52
23
4
1
-73
40
19
3
-63
12
28
58
-12
36
21
8
59
-81
-40
-30
-39
56
-75
26
39
47
35
9
44
-30
-6
4
29
4
72
12
-22
34
16
44
-7
-49
10
-7
-14
-34
127
-60
4
-20
70
-47
52
6
13
72
-51
79
76
11
43
-26
-16
-14
-29
-29
-44
-26
64
-26
-28
7
-52
32
0
-31
-45
56
7
0
-122
-43
-33
-4
-60
105
24
0
67
-112
26
-28
9
60
-31
3
7
0
-60
35
51
9
-6
-31
64
55
-118
48
41
-21
35
-10
21
-32
-118
65
-58
98
38
-27
-74
-81
-35
12
-85
16
105
127
28
110
48
10
-31
0
59
20
-36
71
71
-45
48
-94
43
-16
-14
-16
-80
-3
-3
-5
-24
-16
57
12
39
-43
-16
0
20
25
12
-33
18
34
1
50
127
10
-47
45
-30
8
-6
1
41
-34
-9
33
-7
-7
19
30
4
103
33
-45
-22
-17
-24
-85
-7
26
-8
-3
26
36
24
-15
-31
7
15
-31
-18
-31
7
-18
-13
60
-43
22
-3
-66
26
58
6
-37
-60
-23
-53
12
1
-15
-1
22
-2
22
-5
-1
-99
50
6
-27
16
26
-43
-54
-52
-28
-68
-28
31
-3
3
5
-71
7
-2
-4
-30
-67
17
-17
-30
1
-42
-46
-20
-127
68
20
-32
56
22
-7
17
-13
19
-80
-15
24
-38
-4
-44
-5
3
-24
0
33
51
-49
19
11
9
-40
11
-19
1
10
0
-11
-3
-36
38
-36
3
77
-21
-127
111
-10
42
-13
62
64
56
-56
-4
-83
64
36
67
6
-3
-19
40
9
51
46
0
28
-99
-53
-107
7
17
-87
58
-25
-22
65
106
18
-24
-34
-11
21
22
-94
29
25
19
-4
21
-90
-52
-27
-16
42
6
-1
-15
-41
65
-13
-33
-67
-69
-33
-99
61
-77
41
50
23
-81
-12
-13
-11
-5
-12
24
15
91
41
-32
19
13
-71
6
48
20
-23
-15
-38
67
1
3
53
-17
-38
-30
-47
-6
-50
37
-26
-35
127
65
-33
-32
22
10
15
73
-34
26
-1
-73
-6
-28
61
20
-43
8
40
-2
-15
-24
11
23
10
-41
48
-70
-12
-43
4
-23
-37
13
32
3
44
27
-13
-25
-22
-52
26
6
-67
86
-81
-15
-2
-3
-8
-20
22
-42
70
-66
-127
-25
53
3
-21
-35
77
-49
-68
-17
15
-7
42
17
25
-4
-71
0
10
-19
18
26
-48
-38
-47
40
-15
13
6
33
0
-34
21
-22
32
0
5
-30
39
-36
-43
-20
-22
-63
13
-34
47
-58
73
-60
-29
8
38
48
-62
31
28
41
-12
-32
39
32
16
-31
61
-52
-9
37
-38
11
-6
6
73
27
-24
-25
2
17
-27
59
66
57
-52
17
-51
29
46
33
-24
14
-73
21
-50
12
-22
-59
9
-94
30
-54
7
-50
18
29
29
18
54
-8
-4
13
-127
18
13
5
126
-66
-31
8
1
-29
17
22
10
3
7
-59
36
-106
-57
-21
39
92
28
-17
-87
22
-67
-18
20
-35
8
-21
42
-28
-5
-14
-81
-14
-12
-20
37
-35
-14
71
8
1
107
6
-72
40
-31
-7
107
-2
93
16
-54
127
27
-7
-51
-21
9
23
18
-95
31
42
63
-73
-69
57
36
8
2
21
-86
-18
44
20
50
-54
-25
28
-16
13
8
92
-21
-45
-36
39
39
25
2
22
17
29
110
52
-37
-29
-44
-32
-73
17
-19
6
61
-78
7
13
-12
-53
-21
-28
-77
48
-16
-2
-75
0
-37
29
69
8
18
-25
-12
127
-27
-4
-57
34
-11
28
21
67
62
-87
-35
-36
9
-12
-4
19
33
-46
23
5
-3
19
-49
55
-71
-79
0
-11
33
63
52
119
-106
69
127
-84
-13
43
57
-69
48
50
-80
17
12
28
36
-17
-33
-28
-17
-33
25
-52
-24
17
57
-24
72
-85
-67
42
-27
-13
105
-9
-123
22
42
7
75
-65
-49
41
105
7
31
116
-27
10
-21
48
104
-50
91
0
-15
-34
-107
-33
-47
-34
-21
-7
-18
27
74
-31
70
-9
-45
-3
44
-74
-30
-51
-2
-35
-78
-35
51
43
44
-52
41
93
59
-54
28
-9
-111
12
16
95
105
81
3
-38
36
-115
-6
51
54
63
-74
67
77
-4
-57
80
49
29
62
-21
34
28
-28
98
55
17
-54
-13
68
-13
19
-4
-66
96
-32
32
-103
18
-76
-52
57
-50
127
-10
-14
-9
-3
117
-34
21
-123
11
-58
-101
-82
83
44
16
-34
38
12
-62
76
33
4
-80
97
2
24
-21
50
-20
84
-28
11
37
-7
-46
32
-126
28
-66
-28
-41
-97
30
-23
54
-20
73
4
-21
-37
62
-24
7
-26
37
-6
40
-43
-29
3
-13
27
-69
-34
11
-15
78
-38
-127
79
64
-8
-51
-3
83
-8
-61
-57
-2
107
5
-95
93
68
26
-73
65
10
-86
-75
-14
-7
-34
83
71
102
34
93
-69
-52
-27
-63
-19
56
-60
23
-34
-62
-23
99
83
-41
77
7
44
-88
-58
-33
6
-23
8
14
83
35
-90
-31
110
-41
67
-41
90
-43
-93
127
-50
-15
4
-21
-9
-36
-26
10
70
-54
14
70
-83
2
-16
16
-6
54
-38
-41
4
58
-24
-7
32
-93
4
52
-123
-49
-127
76
-26
14
0
3
-24
42
-11
-10
-80
37
12
-3
63
-29
-11
-64
-13
-59
2
23
30
44
62
2
-25
13
16
11
-14
44
-23
-42
-12
11
74
56
7
-40
27
24
5
10
-31
52
-26
-59
17
-55
5
-57
-49
33
17
-34
47
-10
11
50
54
127
-36
-55
-21
41
19
48
52
-26
38
-39
1
2
50
34
43
4
102
-24
79
-4
37
12
113
90
15
-39
-18
-37
-54
-40
-26
97
6
1
-18
57
0
-16
3
-8
-4
68
-82
-51
-25
35
-9
-97
-20
69
109
-73
-100
-63
1
-94
-80
21
44
-16
67
16
-32
-48
99
57
-37
57
-17
32
-88
-109
-10
-45
-33
2
59
-20
-10
4
-25
-62
-68
-13
-14
55
-4
-45
-26
25
-27
-36
-67
-20
-10
-94
43
62
-8
25
-46
32
51
-56
-43
23
-64
48
45
-4
-20
0
-47
-61
6
-127
-105
71
9
59
-77
-71
-34
-40
-126
8
-58
31
-21
-14
2
63
-4
-46
-25
-16
-83
-82
-15
33
-37
14
-23
72
35
-94
127
-7
-14
25
6
48
-75
43
46
-15
-48
-28
-29
-37
-63
-25
25
48
6
-32
14
-20
-50
50
28
14
-5
8
-3
79
-7
-42
45
46
16
5
-34
44
32
-28
38
-13
-13
-80
-96
16
-23
18
50
-37
63
-9
-32
-33
-3
-20
-35
-72
-17
82
9
-44
32
61
105
77
-35
-57
41
16
-127
-52
52
55
89
-105
63
10
9
0
2
48
42
-11
-61
37
30
8
-75
55
36
-12
-47
32
86
-18
33
92
-32
26
-76
-27
4
95
-4
2
71
-75
70
12
-10
59
-53
-18
41
-38
9
-67
29
-35
-16
-43
-39
93
63
-19
124
20
-29
20
6
-67
-63
-35
28
47
-45
70
107
21
58
-76
-63
62
45
-1
6
50
-11
-25
-33
39
-119
-7
25
-69
25
-22
27
-127
12
-28
9
-3
60
103
-123
-79
9
48
81
78
48
57
42
-4
81
-18
15
-38
35
-76
-10
10
-55
14
111
-16
-51
-18
33
34
-60
5
-14
-14
7
-27
-9
-56
81
-47
58
106
-108
72
105
-117
106
-86
6
12
26
24
32
-46
-103
71
-26
0
-36
64
-19
-52
-17
74
-14
2
-54
-64
7
-4
18
125
25
24
-30
65
-26
2
98
-40
-4
11
-105
54
41
2
54
10
-27
5
21
26
76
-70
41
4
-3
21
23
48
-31
-31
44
68
-5
62
80
30
-26
-35
11
-79
-119
-9
-13
74
-127
8
-9
122
-19
-32
114
-3
-17
-30
20
2
-61
-36
8
-26
-13
-54
-16
16
24
-98
-47
19
-93
1
-14
-16
-11
3
-1
6
25
22
-99
-127
57
30
-1
50
-53
-80
15
8
5
28
16
-52
5
-7
-14
6
41
22
-2
-5
-58
93
47
20
-42
-22
8
-101
23
-76
1
35
-20
48
34
-77
14
68
56
-7
-1
-25
44
-11
112
-18
-9
-41
-57
5
66
95
30
-40
63
-46
29
-75
-1
28
11
-25
-43
30
-13
-2
-11
-17
57
7
-87
-19
-7
-30
-47
-10
42
-39
-39
-6
-60
67
-29
-7
-22
18
51
62
-41
46
48
23
46
3
-15
20
39
-107
50
21
53
15
127
-74
16
-22
-35
-52
-24
115
12
-69
56
-22
-48
23
-53
78
66
-79
57
-53
-8
27
7
-1
62
-81
-20
10
26
26
49
-52
36
-19
78
31
93
-77
-52
-47
20
-12
-116
61
23
-38
7
23
35
-50
-24
-14
-2
61
-74
3
-17
27
-50
127
-15
-23
-17
21
91
40
3
-110
-42
36
8
-56
0
72
-1
-39
-53
40
7
-83
1
-33
-34
13
-46
64
-27
-99
-36
-23
-33
-34
-34
66
-8
6
37
43
-56
-26
-31
-24
-7
-50
58
97
-23
11
1
12
-73
-32
68
-10
24
-30
28
32
48
-26
27
9
17
2
4
-14
-40
-52
56
30
28
-54
41
-4
7
35
49
39
127
-83
61
-7
69
2
-81
21
-16
69
44
15
-19
-51
-75
93
20
22
117
-75
32
20
-49
-20
2
-21
-71
57
41
-37
-22
23
0
-29
41
38
16
17
-48
40
85
-82
4
127
-10
-30
-65
-99
-57
25
-17
-36
31
31
-50
-85
22
-15
-24
10
-28
66
-6
-6
-12
8
28
-50
-68
-84
-31
-12
-39
-102
6
45
23
5
16
-4
-43
-125
68
-13
-20
4
-17
-4
-118
1
49
-28
-7
16
-20
4
-22
-12
-19
-4
36
-88
-33
-12
-12
75
-17
-103
-92
-52
-7
-23
36
17
-104
-35
-27
55
-98
-36
-40
-24
16
51
11
-9
-12
-127
22
-26
-27
-13
52
18
14
49
16
31
-24
-85
-41
56
-14
-46
-42
23
41
10
5
-5
58
0
43
38
-3
-32
-60
-7
-112
-25
48
46
-11
-14
12
-102
54
1
-4
56
30
-4
9
-111
16
-32
-41
-99
-19
-11
23
79
-44
-11
20
61
-48
47
-50
-11
-9
7
62
40
-42
8
5
36
30
-15
37
13
26
5
-45
-4
-9
2
19
-71
-51
5
-11
-13
11
42
35
-70
-54
8
17
13
-79
127
26
34
49
73
26
-3
71
-70
14
68
-41
37
9
-20
17
-42
-5
-9
-32
6
-38
-114
4
7
-40
-26
-39
-14
0
120
102
-7
-127
-15
53
-61
-25
38
-16
15
-81
36
10
-18
-82
-125
-16
-32
5
-26
-25
102
-63
-36
19
-71
-21
-90
-6
47
22
16
-46
33
32
-67
-30
94
58
-47
7
-27
24
-42
101
5
36
45
33
29
-3
-60
55
-21
-30
26
-68
78
-48
46
-38
82
-54
36
58
-61
58
49
16
23
7
1
19
64
63
12
28
-27
16
-47
58
23
39
26
-52
11
16
36
-12
-45
5
72
13
55
24
-7
-92
67
76
37
127
-14
-6
1
-116
-11
35
4
42
-36
-9
-20
-3
-14
-23
-10
-45
50
-90
-24
-72
39
38
62
