1386
864
906
568
-2377
1338
-906
551
923
1787
324
-109
86
-1540
351
994
1362
-844
-606
207
2557
-1711
-143
-32
678
1630
-8
-1483
-617
888
-646
1225
-1301
2029
-140
1035
613
1330
396
-2261
314
1007
-62
2261
317
-365
939
2138
-710
617
2566
-60
-196
-579
203
512
734
1209
2096
3288
2399
1740
736
379
1553
1944
258
845
908
484
910
-258
-3195
427
-49
-104
2358
-438
-507
554
420
993
796
1890
-1416
96
604
298
-253
-44
2099
1799
-1643
-537
1729
1309
1373
739
455
-759
292
-791
574
-796
-2985
-1179
-627
541
-1478
-557
816
2782
829
269
-180
633
-1350
570
1900
160
-233
1931
1083
1305
-3002
-259
559
-47
2476
610
-1376
-285
-257
-393
-438
-2434
1945
3407
2977
629
648
1453
-369
1655
1625
1104
175
-339
-575
459
1822
1119
-502
298
962
-314
735
-34
1103
1587
1302
913
1439
-1003
1485
176
2
942
24
1316
-1477
-272
1740
-1270
-3505
2854
1620
106
593
1980
-476
987
46
752
-57
1971
965
-2219
243
1848
1762
1071
1635
732
1312
623
1174
2047
463
-458
-1375
2450
453
46
573
-292
1941
982
-121
646
833
320
988
551
772
798
-946
67
-782
1115
-816
2106
1688
803
-2164
134
1875
1120
1173
1052
1817
54
204
1036
913
610
-2266
-908
1490
-714
-294
216
-1982
-1280
95
211
1774
153
-74
-744
1365
2048
140
1103
2683
2035
299
-59
-360
112
1714
2992
-88
-387
1478
1170
-842
1952
1469
-989
1527
-886
325
968
-3
-207
570
816
146
292
1645
788
1258
-300
74
1733
1326
853
