0
1
29
31
0
0
22
8
0
0
0
25
4
0
0
6
0
11
1
5
0
3
0
0
0
12
5
8
43
0
51
5
36
9
39
17
26
28
0
0
6
19
0
11
27
0
0
14
15
0
13
30
6
0
14
0
0
3
48
0
75
0
11
0
18
0
0
26
4
36
2
15
0
0
23
10
2
0
0
0
0
0
0
0
0
2
0
0
0
21
43
1
53
0
8
0
0
4
11
7
28
0
14
0
6
12
36
21
12
18
0
21
12
10
0
3
9
0
15
13
13
0
0
9
0
0
16
0
0
0
1
0
16
0
0
0
21
0
0
0
0
11
0
29
0
0
12
3
0
0
0
0
0
2
0
0
0
0
0
0
0
13
35
0
35
0
0
0
0
11
15
0
19
0
11
0
1
29
10
27
10
14
0
13
9
5
0
6
16
11
3
23
0
4
0
9
0
0
9
0
3
0
2
0
16
0
6
0
12
0
0
7
0
5
0
28
0
0
12
14
0
0
16
7
0
0
0
1
0
0
0
10
0
2
12
0
30
3
12
0
13
7
14
4
43
0
22
0
13
13
8
11
4
3
0
3
1
0
0
22
0
0
1
0
0
0
0
16
3
0
12
0
0
0
31
0
15
0
2
0
18
0
0
0
0
41
11
8
0
0
15
26
20
0
0
0
1
2
0
0
0
36
0
0
0
11
19
13
53
0
0
16
1
0
2
17
25
0
38
24
0
9
48
6
4
27
5
9
14
7
3
0
44
0
18
17
63
0
3
1
16
4
30
18
0
20
3
5
15
0
3
0
0
0
0
7
0
0
0
4
0
0
3
2
0
0
0
0
0
0
0
27
0
0
0
0
0
0
0
0
0
0
0
6
7
0
0
3
0
0
33
5
0
32
23
3
0
10
0
17
0
0
0
22
8
0
0
21
0
9
18
18
0
12
0
0
0
5
5
0
48
0
5
0
22
2
11
0
0
11
16
11
0
0
4
8
0
0
3
0
0
0
0
0
0
0
0
0
0
16
6
0
63
8
3
0
0
4
18
0
23
0
0
0
0
0
20
22
9
10
0
16
22
3
7
0
0
0
9
10
0
24
0
5
9
0
8
0
0
0
12
0
0
0
3
3
24
14
0
1
0
0
0
28
0
0
3
3
11
0
0
0
5
23
0
0
0
12
5
0
0
15
7
0
34
0
0
0
0
21
14
25
35
0
4
0
0
0
14
27
3
14
2
0
16
6
3
0
24
2
5
30
7
22
0
16
1
0
25
15
0
9
0
0
5
0
8
0
0
2
0
1
0
0
1
16
0
27
1
8
15
0
0
0
0
0
0
0
0
24
4
0
0
17
5
0
12
0
0
3
0
0
0
13
8
0
19
0
0
2
18
1
0
13
0
4
3
4
0
0
0
7
2
5
3
0
0
12
7
5
3
8
0
18
0
0
27
0
11
0
0
0
0
0
0
16
0
10
0
28
9
20
26
0
12
0
16
4
28
0
0
44
0
0
0
14
0
0
40
10
0
18
0
17
0
4
21
0
0
4
0
0
34
20
8
10
0
0
6
25
3
0
0
0
8
6
38
0
26
1
8
3
0
0
0
0
0
6
0
0
15
0
0
0
0
0
0
23
11
0
0
0
0
10
0
0
0
0
0
0
0
58
0
0
0
0
0
0
0
0
0
0
0
25
17
0
0
2
0
17
45
19
4
42
37
0
0
12
9
24
0
0
0
8
8
14
0
8
0
24
23
25
1
34
0
3
0
15
2
0
64
0
6
0
2
37
19
0
0
16
12
23
0
2
0
8
0
0
9
0
8
0
0
0
0
0
0
0
0
14
0
0
37
1
0
17
0
16
7
0
8
9
0
0
0
0
26
0
0
4
0
20
8
0
0
0
0
7
0
0
0
24
0
5
5
11
1
0
0
0
0
3
0
6
1
15
3
20
8
0
0
17
1
23
0
7
5
0
5
1
0
0
29
17
0
0
0
16
1
0
0
0
24
0
0
4
16
0
0
10
18
33
26
0
13
9
0
6
3
14
0
8
16
1
4
14
0
11
4
15
0
24
3
28
0
26
0
0
30
10
8
20
0
0
6
0
16
0
0
0
0
0
0
0
0
15
0
13
0
7
49
0
0
0
0
0
0
0
0
40
0
0
0
22
18
0
12
0
0
11
11
0
0
17
0
0
23
18
0
17
0
0
1
34
0
11
0
0
12
0
29
0
15
16
43
9
0
0
18
24
0
8
0
28
0
0
39
0
21
0
23
2
0
0
0
0
0
4
0
18
1
35
13
0
0
0
0
0
0
0
0
39
0
0
0
32
0
7
27
0
0
66
0
0
0
3
0
9
25
30
15
0
55
0
12
33
0
28
28
5
29
0
21
0
29
0
60
0
39
0
35
33
0
32
0
13
9
17
25
0
10
0
0
15
0
0
0
0
0
11
0
2
0
13
0
2
33
0
14
5
0
0
0
0
0
0
1
14
0
0
22
0
0
11
0
28
3
0
11
11
0
0
3
0
7
0
0
4
10
36
3
0
0
9
0
13
0
0
0
20
13
0
0
8
0
8
0
0
0
5
0
0
1
23
0
41
0
0
0
16
0
25
0
19
4
9
11
0
21
0
17
8
0
0
0
0
0
0
0
13
0
7
5
2
0
17
0
6
0
0
0
0
0
0
4
0
4
8
0
3
0
0
0
14
4
0
0
0
0
3
0
1
20
0
3
14
0
15
0
0
0
5
0
0
3
0
0
0
1
0
0
12
0
0
0
6
0
27
59
0
0
0
14
10
17
0
2
40
8
0
0
43
0
0
17
0
0
0
9
0
0
22
20
23
30
0
0
0
0
5
0
33
30
13
0
0
15
0
32
0
12
7
23
19
24
0
20
40
2
1
0
38
0
0
13
0
7
0
27
47
0
0
0
0
0
0
