76
49
-73
31
36
-9
-24
54
41
-20
2
34
-27
-40
21
13
11
1
-18
-18
37
-19
-2
41
35
-38
-20
99
-31
-10
2
82
44
69
-10
-26
-88
14
64
-2
14
-33
12
22
-8
19
-48
78
8
5
-73
-14
-59
15
30
26
-10
25
33
26
-37
36
11
8
38
-47
-4
-50
-17
-35
30
-38
12
1
-12
41
3
89
9
4
-91
3
5
-72
4
12
-55
17
-10
15
1
71
-4
59
22
29
-34
-8
-27
-12
-35
-1
-25
1
41
0
18
25
48
-84
-8
-28
-61
14
73
12
-29
69
50
-16
45
-24
27
26
56
18
10
-43
61
-14
1
-65
43
-10
-127
36
32
-7
5
38
-35
2
-32
-12
33
104
45
7
-25
-33
-40
14
33
-54
30
27
-73
-28
-20
21
39
-16
20
64
102
49
30
-69
-93
31
3
38
24
16
-22
-61
-48
32
-1
54
-13
58
1
37
-6
-39
7
-48
22
41
-71
-4
70
-26
15
22
-104
13
-113
6
36
27
9
-34
28
-78
25
0
-9
-27
-39
67
42
1
4
-15
-33
-74
23
-55
40
16
1
55
14
-24
-84
45
-99
74
-82
33
-4
-22
-29
-27
-17
-13
23
-53
1
1
13
-99
-18
112
26
37
52
-121
22
0
-75
-99
3
2
1
63
-25
-10
62
-7
19
50
14
-4
-66
-14
-28
125
-40
4
33
-17
1
10
-2
18
26
62
-2
51
59
10
10
-88
48
12
35
11
-51
-20
7
-1
60
-97
-6
127
-3
-115
16
-33
81
117
-70
13
32
79
5
84
-57
-3
-43
35
6
-15
40
-55
-38
-18
-29
7
2
15
15
-7
-42
51
43
-21
1
-19
-29
59
-37
30
6
-46
48
-12
49
118
15
-56
71
26
11
-5
-15
-16
58
-1
78
16
-43
36
20
49
22
-8
-26
-2
34
20
-42
70
8
45
-43
33
44
5
79
18
-40
-37
28
9
16
23
-61
-27
18
44
-74
-59
-61
0
-22
-1
24
-49
-54
-21
24
10
-8
-5
26
-4
-16
57
65
-13
-22
-8
34
29
-12
17
66
54
11
28
-47
-22
8
39
21
-58
-19
33
-28
34
-19
32
5
-73
-47
-65
-12
-35
-70
-9
54
40
8
61
102
-28
-13
-11
-90
-13
10
105
127
-6
40
58
-59
-74
28
-11
61
-23
67
14
-61
-1
13
-61
-22
8
13
-48
36
-1
-8
-14
-52
21
60
-11
29
19
-68
11
-4
22
30
0
-9
-6
6
-49
-2
-28
-71
-36
-16
51
-30
-20
10
-14
-34
45
-21
-5
-33
-50
-10
-9
-79
-34
24
4
-60
46
-6
9
-34
2
-23
19
-34
-73
16
41
32
21
-46
-8
32
6
34
33
20
-39
-6
-20
-109
-7
41
37
21
46
-2
15
-18
16
-20
-11
51
17
38
-13
26
15
5
68
77
-10
-33
3
46
-6
8
45
25
-104
-26
-31
2
10
-4
-63
-11
-23
-75
-53
-12
-1
28
46
27
23
28
27
-45
18
-19
16
-13
-21
37
28
-11
44
-7
-5
23
-21
-1
-12
-10
-4
-53
-9
-3
-26
36
-13
-15
21
-58
36
-127
-33
14
17
-15
9
-34
-2
-6
-31
28
-6
3
-26
12
-42
-22
-10
-23
-35
-12
-15
32
-3
-30
-29
-67
-35
116
3
-26
-67
41
10
-59
68
-10
-10
-6
18
-51
-41
-36
-35
85
-66
-23
25
3
4
-86
45
-37
-29
-40
-21
-26
77
5
-24
7
24
-33
-9
-82
-127
27
31
-34
-6
37
-22
-49
-84
-4
59
24
26
36
-60
31
-12
73
43
-25
-57
7
-11
65
-24
-5
-30
-1
25
24
-60
-11
88
76
75
15
-72
-11
-7
56
-61
24
-40
10
-39
1
43
11
12
-41
-26
-72
-49
-17
-13
-28
-63
22
16
-7
-14
5
50
60
68
-56
83
14
-71
46
13
-14
15
15
-5
7
7
-29
-83
-13
-45
-28
59
99
30
-14
4
-52
-54
79
4
43
14
-16
29
5
-26
92
39
70
40
26
27
-20
-13
60
19
21
-71
20
-19
25
-3
-78
-52
-104
26
-1
9
-57
-53
-35
-33
15
66
11
-23
-27
21
45
-16
-4
-29
40
12
-3
2
37
-6
28
44
33
-55
9
14
23
-3
-57
-26
26
-20
-15
-49
-41
38
-37
4
35
-17
-22
23
-8
1
-3
-23
3
40
127
29
-10
-32
-3
16
-20
11
30
-27
20
-14
15
31
57
31
6
32
29
-20
-8
6
-13
14
-11
-13
42
-4
-19
-2
-12
23
42
55
67
41
43
0
-18
-22
2
-3
-37
17
55
-8
-39
24
-17
12
4
-15
32
-6
15
3
-26
23
38
34
7
16
14
26
-61
5
-42
2
-4
-19
31
29
-8
58
14
-48
-15
16
14
-22
-27
22
-23
4
32
-2
0
-35
-10
-20
37
-20
-19
-18
-8
13
-17
-26
41
15
14
-16
26
-10
-26
-19
5
-5
9
18
50
-17
4
14
1
-3
-14
-39
-12
27
50
-10
-12
-50
-17
-19
-29
12
-41
-19
34
30
9
-52
6
-16
35
-41
-1
-5
-12
28
43
81
-1
25
11
34
-107
-1
0
12
18
-3
21
38
-45
22
30
-27
58
-32
-30
37
-20
9
-35
-2
36
28
124
19
54
34
31
-33
-57
8
-43
14
-12
35
14
27
-18
4
32
-55
-5
28
32
-5
-6
-32
-39
-21
1
-45
49
27
18
4
33
-50
80
-95
24
2
9
-30
-3
-47
6
13
-50
-35
-19
12
17
-14
65
24
-14
-58
45
-13
-38
-34
-13
32
-14
9
12
-3
-21
-19
42
-5
-29
1
11
-10
31
-8
9
-35
25
127
-11
17
-13
-35
27
19
13
3
-10
-7
-18
-10
-11
62
-9
16
17
18
34
-30
19
47
50
40
-30
-48
54
12
19
10
1
-5
15
36
-8
-20
-1
13
0
10
25
67
43
32
14
13
-5
-25
29
26
50
22
-2
29
39
36
7
-38
-44
65
7
-13
99
-70
43
85
-3
-19
17
-6
-53
11
7
-46
37
-62
8
-8
-90
-12
25
-1
-15
3
44
17
20
19
-6
-8
-6
-75
-30
19
-1
61
3
-57
-16
10
-27
51
-66
-45
15
8
23
54
17
-37
-16
-41
-12
16
20
24
61
-31
20
38
17
-17
6
41
33
-27
-41
15
0
41
10
-14
29
-14
36
-68
-1
-59
-32
23
43
-40
-34
106
-53
53
9
-44
9
-3
8
17
7
56
-28
127
-38
-16
25
2
8
-29
-5
-12
-38
-2
-14
-19
63
122
18
-47
33
25
0
53
-60
35
51
13
-14
-37
3
-50
18
20
15
37
16
-21
61
37
67
-3
-5
-1
21
-6
12
-17
-37
5
-48
16
-19
5
24
11
-38
9
-10
45
-2
-44
-18
22
-13
-10
-25
22
-12
21
-46
17
-35
-11
-16
16
-10
-49
9
28
-4
-14
-42
3
-4
-15
32
22
-2
-40
2
-27
-127
-21
-29
47
28
26
-7
35
10
10
-16
-40
53
12
20
8
39
-20
26
52
34
8
-18
-6
27
-21
2
47
-21
-75
-15
-27
-34
2
-35
-107
-16
-5
-65
-30
-1
-23
-4
28
-1
13
19
20
-20
11
-30
46
0
13
9
25
-17
36
-26
-2
39
-7
17
12
-19
-24
-46
-21
28
11
39
-4
0
8
-74
32
-75
-46
-10
41
-18
-8
-40
0
-57
-37
25
-7
0
-14
5
-73
-23
-21
-19
-31
-26
-11
1
3
7
0
-43
-58
79
27
-31
-69
0
68
-38
-90
23
-85
-1
8
-27
-52
-4
1
-1
-49
15
-29
18
26
41
12
-35
-29
91
16
-43
-68
23
0
-35
102
33
-63
-5
-4
-52
43
-18
-49
40
49
60
-21
-41
-3
2
36
-49
18
21
11
-32
19
-9
-11
35
-18
10
-30
9
-28
-39
13
-86
-6
4
-3
13
-24
7
49
7
97
22
16
33
35
3
-55
-6
-33
8
-45
-19
-25
14
38
7
10
-18
37
35
-36
65
56
-49
-50
43
10
127
-2
-9
27
-39
33
-6
-7
16
5
-34
-88
5
29
23
36
-14
-46
25
-1
18
-1
-37
-37
4
3
24
-7
-17
-23
-46
-9
38
-4
-62
-26
6
6
38
-54
5
-33
35
-55
44
10
-45
28
1
-9
-6
61
99
-43
-37
-14
-8
26
-15
-28
12
-8
-32
3
-26
-1
69
-60
27
-21
29
25
-6
-27
39
-16
-48
-43
-49
-20
-21
39
-16
-14
11
38
30
7
-21
43
-5
-33
9
-15
-14
29
87
-63
50
29
-6
-30
-59
-94
8
-13
15
-5
0
-76
1
18
45
28
48
-27
-18
-70
-78
7
5
-56
18
51
-16
12
11
-21
-22
-20
-98
28
-8
-42
-44
-100
-44
-68
-80
25
-16
20
-41
28
-19
-12
54
-20
-29
18
61
-15
22
40
68
68
-45
-37
-54
-55
-28
7
4
4
16
21
-9
46
21
-33
42
30
-74
24
5
42
-29
-9
49
-14
40
-48
23
-2
-64
71
-98
-26
43
16
13
11
3
-22
35
55
28
-127
9
-12
45
-35
54
28
-22
6
-19
81
9
35
37
48
0
-30
27
-34
32
2
-35
32
6
37
45
-45
3
66
-55
46
25
29
-25
102
-33
-32
-20
127
-33
17
11
18
-49
17
-7
-32
-126
-32
-8
-45
-73
56
-65
-98
-45
110
-40
3
44
-113
-29
34
43
4
-22
70
-17
22
-2
-29
51
-26
-27
8
-26
-8
-39
-25
-68
-26
-39
-111
66
-17
58
38
-17
-25
8
21
-9
-27
68
10
41
21
-25
41
-8
101
13
7
15
-17
41
38
44
37
-35
19
-88
-8
-12
-13
25
15
64
-23
1
-74
31
-45
-17
27
-16
34
-41
-19
43
20
-32
3
1
99
-2
-21
15
-32
-12
-32
-12
-8
-21
-45
33
-29
2
22
-54
-53
26
100
-51
-7
-41
-2
-27
-27
-84
-24
-75
-80
48
28
-9
34
-45
-70
10
-51
17
73
41
15
-84
-51
-100
6
42
-69
-6
34
44
-10
-67
-38
97
-15
59
6
6
-79
-22
-74
58
-38
91
17
-15
-71
0
-24
-18
19
-73
-54
-20
3
-30
17
-11
52
-33
22
50
-92
-65
18
110
25
16
-53
-9
7
-2
31
-66
-43
27
13
-31
-83
44
-14
58
32
84
-12
39
-16
-97
-24
-10
-81
-6
53
-62
12
8
16
63
22
-110
34
-15
7
27
-4
-3
59
-15
-9
-49
2
31
35
-56
-16
86
69
-49
22
71
-41
-4
17
41
-32
25
-99
-99
10
21
70
76
-57
0
48
-21
-45
9
66
-38
-58
7
2
12
104
-60
-92
22
-31
55
13
-51
-32
-25
80
-2
-53
7
-79
-19
-12
127
-56
17
122
74
-49
-39
-4
65
-34
94
-14
41
26
-92
16
-28
34
71
26
97
-74
-61
-27
-37
42
-32
12
-36
27
78
22
21
-32
14
-40
53
-11
7
58
19
-62
48
66
-74
-28
-58
19
0
-27
36
-15
10
-56
20
-21
-112
-6
36
14
-46
26
-9
49
59
-29
-73
-3
-50
17
-90
-78
-23
-3
16
-95
43
-44
36
-84
33
26
-24
-12
-73
22
-8
27
35
-35
43
-26
-40
-5
45
-56
-69
29
-37
-3
-4
-12
-21
-4
-6
-66
3
-13
-21
53
-119
-54
-24
76
-56
18
-6
49
63
-55
-5
29
36
37
-16
-6
-4
-55
22
12
-16
29
16
-16
35
50
-127
13
91
86
-36
-66
-4
-30
-12
16
-30
-19
-7
-30
54
28
-8
22
-53
7
-19
-33
-26
-94
4
10
-20
37
42
-109
-51
-7
52
-70
66
46
16
27
-10
-70
32
40
-36
-31
-56
-2
30
-17
15
-20
38
53
7
37
-53
-32
93
2
50
32
30
-83
-6
-32
83
-30
107
42
-8
-34
-25
-9
-29
-7
-65
-66
-53
15
7
-12
-31
48
4
25
-4
-57
-46
60
127
-21
34
-39
8
16
4
-15
-78
-61
30
-67
-27
-74
79
-74
39
38
57
-30
48
36
-75
2
-33
-40
43
83
-32
-24
35
23
71
25
-106
-14
-21
5
16
-9
-49
18
-8
6
-12
54
13
11
-96
-22
78
50
-19
37
54
-18
-15
33
25
-22
47
-37
-101
17
18
32
55
-86
40
51
-36
-34
-31
61
26
-18
-23
46
24
92
-73
-70
13
-45
-1
41
-22
-17
-31
58
8
-103
-18
-34
-18
-15
77
-32
-8
90
-3
-83
-50
-13
89
-26
62
1
38
12
-50
21
-25
63
84
20
49
-57
-46
-34
-55
53
-28
-44
-1
62
1
9
-56
1
-28
25
54
-5
-27
37
14
2
24
-20
45
-9
38
29
-36
-28
-70
-62
-12
-4
-41
-38
6
32
-32
33
31
44
-26
12
34
-43
-36
-17
-28
35
9
-51
20
-46
89
-50
-43
-26
127
-54
-33
2
-22
-53
81
34
-42
-17
-45
-82
37
25
6
-23
53
3
49
-36
-25
29
-37
-11
75
-32
-12
85
13
60
-28
-9
31
6
-31
-3
-7
-27
-32
30
2
-1
-1
-32
-21
-59
17
21
14
-18
-26
28
35
-40
118
-85
16
-53
21
16
44
0
-47
32
6
21
-60
-36
38
-18
-49
18
-72
9
46
70
11
-55
-26
3
-41
-15
35
22
5
13
-37
-20
-12
29
53
-53
15
26
61
22
-25
15
-28
37
21
-28
-38
-37
-68
22
-35
48
-8
-84
92
42
8
-57
16
-43
3
7
-28
19
62
79
23
-14
-34
52
21
19
-15
41
37
-38
-4
45
39
-11
10
-47
9
23
-64
-28
-28
16
-10
81
-7
39
-100
15
-12
-41
-19
-9
4
-10
-42
4
-62
13
-6
-60
-7
-48
-31
57
6
37
102
127
1
16
-40
3
-68
36
-8
-28
-23
12
6
33
27
-58
-19
-13
20
-12
56
-37
81
-45
-50
8
56
-55
-23
-23
-50
106
24
0
75
45
-79
-58
-42
40
77
-31
16
-5
-100
52
-3
-16
9
4
-22
6
-17
-12
-24
-23
-87
19
22
18
-27
51
0
-46
9
-58
-37
57
-4
54
56
-6
36
17
-58
-15
-57
-60
8
-39
-44
-10
37
-24
36
-32
-53
75
-42
-47
75
-46
0
-73
-79
18
52
-53
25
1
-17
24
3
46
44
-38
28
38
41
-103
-50
51
-67
36
3
100
102
22
-49
50
7
21
25
-20
47
73
-46
-94
-4
0
5
-118
-17
27
-73
-19
-12
24
-15
65
-127
-17
2
-18
-26
4
57
46
38
-73
-104
-17
79
-45
17
80
26
11
-10
12
4
57
50
-43
64
-27
44
-6
-9
-44
26
49
-42
60
26
-64
55
-27
72
7
-11
-82
9
-10
53
-62
60
49
20
3
21
-46
63
-29
37
24
-23
-7
-41
-84
78
87
24
1
-44
-9
-38
12
-60
-14
-1
-33
-6
48
-62
-17
-12
11
1
-40
4
-24
-73
-13
35
15
35
30
9
-35
46
126
0
23
-93
-16
29
35
13
-77
-6
3
8
-42
15
10
-20
4
-43
-115
34
-7
9
-6
1
10
106
-48
6
12
15
17
6
8
-6
30
36
-30
53
-85
49
51
2
-71
45
23
50
80
-34
-83
-33
-47
26
17
-30
-25
66
-85
5
-19
-97
20
-64
-22
-40
7
13
50
39
34
60
1
1
10
125
-7
-8
-21
-10
37
-20
34
66
5
22
-75
-7
12
40
-22
16
13
-25
9
5
-19
-10
49
13
-53
71
-30
-24
-42
-8
3
40
41
24
-16
117
14
-24
-10
-56
-9
-11
19
66
-111
-41
34
-49
28
-26
22
125
43
-18
7
-11
2
64
71
-11
65
27
49
-101
62
-3
-15
33
-9
31
-40
-79
14
4
-10
-13
28
5
-127
22
50
-5
56
25
48
25
-60
2
-25
101
-82
44
-25
8
19
-5
-14
-15
0
27
-38
-6
-26
-52
-16
1
-39
-41
-6
26
-7
51
-11
26
-76
-44
21
24
-34
-27
15
27
61
59
24
-8
8
-9
-9
6
43
-30
17
18
13
-26
-23
-20
57
34
6
26
76
-9
36
-23
-27
-3
27
-43
-17
14
-30
0
11
38
-3
-27
-18
-34
-29
20
3
-41
26
-4
16
-36
4
2
10
26
21
38
17
-5
-11
-37
18
-26
35
-49
-11
-27
-6
17
-18
14
5
-7
19
22
29
-12
9
-23
13
-16
34
-28
24
-18
-21
17
26
25
39
-46
32
5
-19
71
71
-3
25
-49
33
15
54
45
31
6
9
15
54
33
66
-127
-13
38
9
17
-11
-53
-19
20
-7
4
-29
31
-20
10
-3
30
21
20
-63
16
21
-24
29
-23
-12
28
31
-9
10
3
19
25
1
-23
-1
5
84
-13
-26
98
4
5
-7
-21
-50
-65
43
-18
0
19
-18
12
18
-59
-9
-12
-35
-6
-6
12
13
-9
39
13
-34
5
0
1
13
-8
11
7
-3
-5
10
-11
-18
6
57
-18
17
1
36
18
18
35
-23
-9
29
-26
-9
-35
-59
44
-14
34
-3
-55
-39
20
3
-1
16
7
1
22
4
-28
5
-17
-54
22
-11
16
14
28
-42
-29
-27
-26
59
-20
-28
12
-84
-35
12
-12
35
16
-10
6
13
6
-32
-7
-25
1
41
10
-30
9
-7
21
9
-49
-6
29
-34
-13
-26
19
-16
68
-79
3
-22
6
-37
40
9
-65
7
-10
-13
-27
15
49
5
-19
-9
13
12
10
127
-69
-18
-4
29
20
-8
-15
14
0
22
-7
-46
48
60
7
-73
26
16
-3
17
9
28
3
30
6
32
-55
-22
-3
-18
26
5
-1
-30
112
37
29
41
6
-13
17
21
26
44
5
-27
56
82
45
13
-27
-21
10
33
3
87
-33
9
32
-2
24
13
-92
42
49
-56
67
-15
-6
-14
44
-4
61
-5
16
-18
-34
-30
-21
32
18
-24
-40
-45
19
-52
-53
15
7
-1
-6
-17
-40
-56
80
16
31
-16
11
-3
15
-17
-43
0
-35
18
0
-58
21
-31
81
24
14
-20
13
1
-85
-29
7
15
-11
-78
71
60
116
-98
-44
104
113
93
-19
4
-8
39
3
-13
78
-23
-13
9
-59
27
-91
26
69
1
-97
53
-74
-36
21
41
77
7
27
-51
43
-35
49
17
78
6
40
-59
34
-33
41
-37
24
127
-29
-64
69
18
-21
-44
32
-7
-15
4
26
29
16
36
-5
9
-3
7
103
-6
110
4
-27
50
53
-5
13
57
15
36
34
50
36
-30
17
42
-35
23
-14
45
0
-4
-38
26
12
48
36
-13
48
-28
21
2
-109
-18
46
-34
-127
8
41
-36
-3
47
-19
39
-25
47
23
-20
-9
-45
-24
-9
39
3
-14
-36
-13
-42
8
10
-25
8
-10
7
-43
42
-33
34
-28
5
-5
-44
-63
37
25
-54
-20
33
-2
41
36
-109
-25
-13
-9
3
-43
91
-49
-74
9
22
48
-32
-12
-20
-15
-10
16
46
-4
-34
-31
-5
27
47
-10
41
-20
104
20
37
-2
17
-29
30
25
-43
-4
-86
20
60
8
-12
61
-59
-38
72
-13
-18
65
27
-9
-16
47
7
20
-3
8
22
1
6
-29
-11
20
-48
36
-40
-24
-5
-19
-25
9
-34
6
-5
39
29
24
19
-5
21
-45
-1
-23
-60
15
39
-47
-27
-19
42
24
-21
8
27
36
13
17
-2
27
-31
44
11
-26
-8
-7
-12
10
8
-31
-19
18
55
-54
-4
26
-6
-4
-6
40
-13
8
-29
-65
30
12
-37
34
-42
37
-43
-115
-28
67
0
-39
-16
0
6
81
16
-48
-4
-10
-95
36
-14
33
11
37
-20
-5
-51
0
65
-46
-15
51
-51
-21
60
-1
65
-36
-22
27
20
12
-24
28
-31
-20
36
2
5
20
-16
2
-30
-21
-11
-13
-44
-10
7
34
-39
83
-106
6
-18
56
6
14
-59
-26
37
-17
20
-52
-9
16
-51
-28
13
-30
43
27
106
-10
-73
-16
-11
-7
-4
33
9
-24
21
-31
3
30
80
21
-74
67
37
39
51
-9
16
-10
31
34
-32
21
-21
-17
-11
-4
57
-9
-64
127
32
-2
-20
-4
36
37
-25
-16
16
26
22
66
51
66
56
-32
2
-18
32
-8
127
43
19
8
-21
45
41
-90
-14
-35
-31
-53
-28
-29
-28
53
46
-32
4
-9
-19
-29
-1
18
27
-25
-66
-77
-54
26
-32
-10
6
18
25
-36
-44
-14
-24
61
-30
32
-5
30
24
0
-31
-66
-8
-19
5
-8
-53
26
-9
38
26
-8
-12
39
-18
-25
35
45
-14
19
8
13
18
91
-72
56
27
21
-35
-2
-72
-18
74
13
-6
40
-37
-11
21
50
23
-6
-13
38
7
-45
-1
-66
-3
32
-32
40
-14
23
-45
26
-10
-33
40
22
-14
37
60
5
5
-25
-31
19
15
40
-46
-8
4
25
-24
29
41
-7
-2
-16
-13
17
5
-24
-49
-16
21
65
-38
-3
11
-18
27
15
33
78
13
-63
54
11
-106
-17
29
64
-8
45
127
-12
1
-60
31
-44
22
40
-15
11
2
-10
56
-16
7
-38
13
-52
-12
-36
43
-20
40
-43
-12
-66
-27
78
-39
-31
8
5
57
38
54
-33
41
-18
-2
-23
-14
-53
-13
44
4
38
-17
6
-6
-18
43
50
2
-42
-20
14
-45
12
-16
56
17
16
8
-57
22
-41
-36
39
82
-74
-1
38
3
-34
47
18
-18
-4
-32
-14
35
31
21
-23
25
55
18
1
3
-42
2
-60
-19
-51
7
53
-44
-66
21
-35
-12
-43
-87
55
27
-20
9
-60
1
10
-43
-31
-18
-100
72
11
-16
12
-58
-57
11
22
-39
-75
0
0
-44
28
23
-7
-63
-57
-54
77
10
-8
-123
-11
71
3
-20
19
-9
17
-34
-35
49
-37
-69
-15
12
-57
16
112
-4
4
2
29
15
8
66
16
19
-10
0
-111
-50
29
26
8
12
14
11
23
-2
-27
24
31
8
-8
-34
5
21
11
45
18
10
-23
14
4
-32
31
-46
-24
40
-19
34
20
-21
27
-11
14
1
5
8
53
23
4
12
-48
-46
22
77
-49
-83
20
17
-22
-25
-65
-7
-16
22
-15
-34
-9
-33
-11
17
-86
6
8
4
29
-10
39
4
7
-19
0
14
42
40
-73
36
24
24
9
1
-23
-2
-1
-6
10
53
34
-46
35
7
-12
-24
-19
-22
44
4
30
78
28
-127
0
104
-30
16
20
14
29
-18
0
16
22
-66
4
-11
38
27
21
21
7
-45
56
5
-11
16
-42
-55
45
-66
-15
-34
-23
11
6
19
-16
19
3
6
-34
-35
-8
73
7
-47
25
-41
12
-13
12
-21
35
-12
33
-1
56
-77
41
20
33
0
-16
-8
58
-1
-83
-97
-26
-12
-18
127
34
-64
-36
8
-29
10
-29
-58
47
99
74
-28
-34
-44
34
-28
-62
18
76
-43
-32
-28
10
-20
67
58
-8
-16
23
2
-21
32
-81
-7
-15
4
-4
-4
6
53
-38
67
44
50
107
61
33
-70
-16
-14
35
-30
-42
17
55
19
-31
10
-38
16
29
-31
36
0
-27
-43
52
25
112
30
13
5
-6
45
-49
-45
-77
44
-16
-92
9
71
14
20
-12
-60
-32
6
21
42
-83
-55
-3
11
26
-13
-7
-108
-63
-13
31
20
-73
-13
16
-1
-19
-58
45
-14
25
-16
93
2
-74
14
12
-16
-28
40
91
-82
-23
10
-35
9
-23
-9
10
33
4
56
3
-10
17
20
57
-21
47
-15
26
-45
13
22
82
-49
33
26
39
19
10
-24
36
17
-43
-93
-46
22
9
50
36
-30
-35
-1
-10
57
10
-57
11
96
79
0
-6
-66
-13
6
-63
-2
-4
-59
-18
-74
-2
-6
0
43
-29
-5
15
-10
4
6
-77
-6
-16
-27
3
33
-15
63
-28
41
30
73
127
39
-27
-53
-55
-23
9
11
-18
-19
30
25
-50
22
-37
33
-6
-21
46
-31
13
-58
-15
-4
82
28
1
-24
-18
54
-25
-5
-64
58
-38
-61
20
38
33
32
39
-56
-27
11
35
3
-40
-8
-5
-10
31
-8
-20
-61
-45
-16
1
25
-81
-21
-23
-31
-31
-50
27
-2
30
21
26
-27
-57
9
-5
12
-9
64
54
-44
29
54
-34
-11
-11
-7
-30
-29
-47
58
10
-22
47
-126
5
38
-21
71
16
25
-6
-87
7
21
53
-41
7
4
82
17
18
-10
-16
27
-23
17
-14
26
-43
0
-6
-21
-38
33
4
3
42
37
2
-42
-46
-40
34
-34
54
55
11
11
30
76
5
30
76
64
-23
-69
8
53
9
15
-47
37
-34
-38
-75
-46
79
-61
-1
22
36
9
6
11
-71
23
15
30
-75
-3
0
-10
12
-74
37
19
-45
66
-33
41
-46
116
-7
69
-12
95
18
12
102
55
127
-36
34
-25
-62
36
2
11
87
25
-14
17
-62
-37
40
33
25
-6
-21
5
-16
-19
126
55
12
18
25
-1
-26
-37
-27
-11
25
33
39
23
9
15
21
23
-6
22
22
-17
-15
36
-65
-37
46
7
67
-24
-18
99
20
12
114
40
-72
-18
90
24
76
34
36
-81
-48
-3
77
-27
120
45
12
-39
-11
0
-43
33
-42
-57
-26
22
2
10
-20
26
9
29
33
-52
-45
31
127
-24
33
-5
-21
37
-12
-6
-71
-37
31
-47
-37
-79
51
-33
61
39
24
-32
34
-12
-83
9
-13
-71
68
46
-22
-13
9
33
53
14
-106
10
-16
-13
4
-11
-25
-10
-23
9
-26
26
40
48
-76
-23
83
43
-47
41
43
-55
9
16
51
-4
22
-64
-113
-11
-11
42
47
-60
24
40
-27
-40
40
9
17
-18
-40
44
20
98
-59
-51
44
-44
16
-3
-42
-25
-34
73
-4
-75
3
-21
-34
8
76
-48
3
65
22
-99
-22
-4
65
-3
46
24
15
19
-60
32
-24
56
75
3
66
-19
-31
-23
-39
67
-4
-13
-17
55
58
-127
-14
57
-19
-13
-40
38
36
-91
35
50
-35
15
34
-10
-40
-45
18
41
4
87
46
-65
98
6
78
23
-92
69
27
-6
26
-14
40
16
28
-15
19
-83
-35
106
7
-9
-113
-37
-33
-10
-30
1
-10
4
17
48
-24
-27
-3
-27
1
36
4
-21
-101
76
44
-9
-8
13
-21
36
8
-36
13
22
46
94
-38
8
51
-9
34
53
58
-68
-42
7
6
61
-10
-31
69
-24
39
-30
-31
1
-6
-4
23
-24
7
19
36
-31
34
-7
91
10
3
-48
-31
21
-77
52
-8
-22
-7
53
29
22
32
-24
-13
-2
-9
36
38
-39
8
83
46
2
-48
-20
59
-27
8
0
-40
7
-45
62
-23
9
3
-17
89
-29
-49
5
-60
26
38
-71
-64
-32
68
33
35
-5
99
32
-42
9
0
1
-63
11
-17
-8
61
-46
-19
77
10
5
50
-19
-40
62
79
-14
-18
-21
39
-4
-8
-10
-74
-3
-55
36
41
-20
13
45
-59
23
8
-4
20
77
20
6
-127
7
-6
55
-29
35
53
-24
27
-5
-8
-15
-5
-68
-16
63
0
41
5
-6
3
-15
-24
-5
-3
-27
-5
33
-25
36
60
37
21
58
26
25
-31
24
35
-72
2
5
5
-3
-23
-27
17
-15
-24
-4
-17
-11
-32
2
31
47
-31
71
50
-22
81
-4
-42
-24
-12
-8
10
-71
-27
-77
20
-22
-3
30
14
-21
-18
-31
6
-17
3
60
20
-2
23
64
0
5
38
8
16
28
-41
10
-54
35
-53
38
-3
33
-10
-25
51
37
4
-35
-42
-28
-29
-46
39
-4
-1
12
44
-20
36
13
-19
-13
15
-42
49
6
12
11
-32
-3
5
-27
65
-37
-21
9
2
15
-32
-25
40
-1
-9
-36
-13
67
-25
48
-31
-30
-13
-23
-12
42
12
-73
1
76
5
16
-84
-21
43
5
19
-7
21
-45
-69
-33
-34
-25
18
91
-21
-26
-49
-10
22
18
-88
-1
30
-4
-2
15
-13
43
-2
127
43
32
23
14
17
-5
-30
24
12
-37
-68
-58
14
-10
-68
0
-29
16
-38
-22
8
-4
2
-6
-41
-8
61
22
4
28
-21
72
-29
11
-19
47
-54
13
-11
21
32
25
14
-22
11
-16
3
1
-19
-11
28
-3
22
15
-37
2
-52
-9
2
-10
-73
-17
-20
-33
-1
-57
26
-27
26
23
22
-18
-32
-9
-7
20
-19
43
39
-73
-26
12
-49
-37
77
-5
-6
-29
51
-47
-52
-9
62
28
7
3
-32
-104
-10
-35
23
75
-39
-3
-34
-98
-68
-55
-42
20
-40
-66
25
-22
7
17
-3
-52
-37
13
33
36
47
-14
3
127
26
-6
22
-19
-1
8
-10
28
8
48
-15
11
68
-4
4
42
11
-47
20
22
49
-13
-6
39
32
35
42
-42
51
-69
-36
-36
18
-21
6
-3
-1
-31
40
19
-1
11
-12
-17
-38
-112
-5
-74
-57
20
-6
-49
-9
0
40
-10
-7
-4
21
-19
-17
25
-78
15
5
54
7
48
55
-38
52
-35
-17
-28
-39
-19
-26
0
-15
79
21
-70
38
27
36
36
-21
-9
85
-11
22
4
26
-100
87
5
3
-43
1
-50
-38
-36
15
-65
8
-37
21
37
80
-77
-27
-32
-3
36
18
-57
72
-58
6
22
-7
-45
-70
-38
42
11
74
-1
-13
-15
2
14
92
47
66
76
-9
-16
-22
45
15
127
4
-14
40
-50
59
29
-70
48
-64
-4
40
-69
-44
30
125
20
26
-70
-9
-25
28
37
-44
22
-38
-33
-92
-97
9
-16
21
-23
12
5
32
-27
-58
-16
33
-30
2
-52
-39
30
-8
12
-20
18
-59
1
-4
-55
67
-1
31
82
16
-36
-7
-30
-4
45
29
-10
38
1
-29
17
94
-64
49
26
16
6
25
-57
-13
42
33
39
69
-94
0
19
49
-14
3
45
21
7
-64
22
-91
105
31
-54
67
5
29
-33
23
-6
-5
84
61
13
12
22
-40
-22
71
-15
-23
26
79
-8
-14
26
10
-38
60
84
-20
35
-29
20
24
3
12
-67
25
-37
23
-38
-16
16
-23
35
21
26
81
-1
-29
-5
23
-25
64
-24
-33
-9
-82
-1
-15
-13
27
-36
-52
21
-29
68
-11
-77
46
-4
7
-31
-12
21
-70
64
-52
-9
-23
-12
9
39
5
-78
-21
84
36
12
-68
6
10
-20
33
8
-5
-53
-14
-61
-97
-44
-24
53
29
-10
-45
44
8
-9
-69
-55
44
-14
-37
-8
6
16
17
97
54
-4
0
-8
50
-13
-41
60
5
-121
-80
-52
-24
-17
-47
-102
-24
-27
-91
-72
7
7
3
35
-26
-6
70
67
-28
38
-50
101
-49
18
1
43
-6
31
24
-19
31
-16
-11
17
-23
-22
13
-24
16
18
11
-28
45
-3
-85
16
-127
-51
-13
1
-3
1
38
10
-45
-76
48
-31
25
12
19
-97
-29
0
-13
-54
-54
-23
57
-4
18
-19
-57
-108
123
40
-58
-90
55
-28
-20
-46
35
-63
-15
0
12
78
25
28
-11
-5
14
45
-25
21
-10
-13
7
39
-34
-19
-3
1
72
22
17
24
26
-53
23
58
-39
4
-90
-55
38
17
52
-22
-23
17
-41
11
-29
12
65
-5
10
56
31
26
60
53
-45
63
36
52
-5
48
8
44
5
-5
-12
25
-48
16
44
9
-13
-34
46
-70
-22
-40
-13
45
-17
9
-40
-6
56
3
28
-46
58
-56
-43
47
-69
7
70
-39
-73
-10
-3
-43
-15
-12
3
0
17
-117
81
33
30
-24
18
50
16
20
89
-12
-11
18
73
42
20
18
-34
4
67
13
-31
-14
36
3
95
-76
75
40
-15
4
7
-48
39
72
-101
54
-32
2
-12
84
32
-30
-88
76
21
-13
127
-28
14
14
5
-18
-63
40
-6
30
-4
-21
7
-13
78
-20
-1
-18
-27
-28
-6
-3
97
-25
42
38
-16
30
-45
-40
74
44
-43
-94
-48
33
-15
68
-6
-61
-37
-47
-46
73
-18
-73
7
107
46
10
-51
-28
8
-17
-42
22
3
-51
-104
-69
-16
-33
-5
53
-1
-35
4
-9
-17
-3
-115
-46
7
-13
-14
4
32
58
17
93
57
61
95
40
18
-38
-33
6
23
-52
-31
-31
-9
25
-57
-29
-54
45
-14
-28
37
-23
-9
-36
-27
-6
127
16
6
4
-54
104
-40
-1
-35
67
-79
-40
34
26
57
38
-4
-50
-54
-14
-25
29
-21
11
-7
10
46
-35
-49
-68
-38
-40
-7
37
-106
-49
-15
-5
-51
-39
52
-3
-5
15
42
-42
-51
-2
5
16
-36
47
101
-56
17
36
-46
-7
-1
-22
-44
-7
-1
-6
-11
-53
12
-38
19
42
-35
-127
25
28
51
23
-23
7
-44
-54
5
-8
-19
-4
32
-66
-12
29
15
-44
-29
-52
-24
-6
11
34
41
8
17
26
22
-9
13
-17
38
24
28
39
-31
8
24
18
-9
-48
-22
34
13
-19
27
70
-19
-12
41
3
30
24
32
-26
46
-49
-46
-60
-1
-36
31
-7
-22
-51
38
9
9
36
-25
-2
16
2
-11
-70
-9
-2
26
-3
-9
-40
27
27
0
-2
-6
20
15
7
-37
14
18
30
-43
44
34
-71
39
-1
4
1
-74
37
-20
25
9
-9
-52
-43
12
35
44
41
-9
56
13
19
22
-11
48
-60
43
30
32
22
-1
-12
-10
-38
44
-42
-13
-22
-10
-11
-5
-7
-15
-67
-28
27
47
-46
25
-45
-11
-2
21
2
22
78
-10
-5
13
-43
24
1
-15
0
-15
-8
20
3
28
-42
31
39
4
32
-2
-17
78
17
-9
-54
-34
-4
-57
56
-31
-34
-30
3
-40
87
-17
-43
23
61
57
12
-32
-22
3
-20
-38
48
-2
-13
-18
-127
-5
7
0
-12
23
22
46
6
-19
-25
-46
-30
-7
-33
-48
-9
19
15
-1
97
-8
66
105
44
-7
-60
-38
19
17
-67
-21
-17
17
18
-30
-74
-38
17
-29
-65
45
47
-4
-59
-26
-3
109
25
-45
8
-60
103
-47
41
-1
45
-63
-72
40
25
39
-14
57
-16
-39
10
35
-36
21
9
-18
-22
79
11
-37
-40
-55
-31
-43
17
-46
-47
12
5
-17
-65
32
-15
26
-22
7
-63
-43
15
-13
-53
-28
32
91
13
62
12
-15
-34
-31
36
-66
-91
-9
-27
13
48
12
-7
-21
3
11
-43
11
-26
-25
45
-88
48
-7
-29
64
-10
31
61
13
-30
63
5
15
-18
-13
-17
-14
2
56
-2
-37
10
10
47
14
-29
-3
23
41
34
-40
52
16
28
-47
20
59
17
38
8
-15
-19
49
17
25
38
-68
-2
13
16
-48
-28
-13
-19
-7
-51
35
-3
-62
-16
10
-16
26
-1
28
15
4
20
24
-38
12
27
34
16
13
-28
55
52
9
-7
-29
-33
34
2
20
17
-35
40
-38
37
-20
37
3
-28
-31
-19
4
-43
-26
1
43
25
-4
43
127
-36
5
-7
-105
-30
-15
82
59
17
1
33
-18
-58
24
9
47
-13
35
0
-5
-8
15
-71
-34
-4
-8
-56
7
-44
10
-38
-9
47
28
-11
7
1
-54
33
-30
-7
-29
-19
56
45
68
-58
-21
-69
-57
-26
-55
17
30
-70
-20
-43
-50
-22
5
67
27
37
10
29
32
3
41
-88
-44
37
-73
-42
31
-11
50
29
-3
22
-22
-13
-28
15
-23
3
-42
15
39
-38
0
-21
61
-3
57
49
-39
-14
2
9
60
-55
91
64
-31
5
9
3
37
9
-37
-32
-2
32
-14
9
-8
-12
-64
-100
15
37
88
9
-2
-93
20
85
4
-59
51
-37
36
-22
28
-10
-35
-127
-83
54
2
60
34
24
-79
121
-18
52
100
-10
-93
18
-21
-13
49
38
-57
-40
9
-35
58
1
-23
7
-35
35
-20
-56
33
108
-31
93
-1
-5
0
24
71
-89
-60
20
5
-64
60
-63
16
-20
-55
10
-27
-85
96
29
35
-5
109
-33
21
-14
1
25
-91
-42
7
-6
-9
-20
0
-55
-53
4
-13
45
69
18
13
9
-65
-14
-9
-6
-9
-8
-13
-20
12
-59
11
-10
-52
34
6
-18
-79
37
39
-21
24
-36
-41
58
57
-8
46
0
4
-7
-78
39
25
30
14
31
65
54
27
13
33
-13
56
-12
18
11
-26
60
-39
19
13
-3
61
-50
16
-14
4
39
-49
26
-7
-24
-22
-1
59
8
114
30
-9
-8
56
35
48
27
28
-21
22
-2
72
11
-16
-30
23
-62
30
57
6
35
42
-29
15
-26
70
6
17
52
23
4
70
30
-34
-39
21
28
127
19
47
-18
-84
-17
-32
12
16
9
25
72
59
-25
-43
-11
29
-29
-33
-75
35
8
-31
38
-35
97
17
-4
37
-44
-2
-18
90
6
-19
-40
46
7
-22
0
-2
-52
25
9
23
-120
12
-53
26
12
30
95
-54
-43
-58
104
-56
-30
-114
75
-25
48
-9
-27
80
-86
83
36
6
33
15
18
-52
-34
-26
-36
46
19
45
-26
-94
20
-79
-99
-109
-52
52
-5
67
-38
-24
-65
23
-26
43
-79
-31
25
42
35
-13
-36
64
-19
-127
-45
80
26
-82
2
-13
107
-10
-3
-89
-69
89
-108
-52
-43
-21
71
-10
12
-36
15
-69
1
-15
63
43
2
41
39
-42
86
-31
30
-27
-101
36
-53
6
-17
-1
35
124
41
-73
76
-37
104
-35
-49
7
55
-21
58
34
-3
-7
-9
99
83
-70
51
37
1
-44
7
52
-75
75
18
-81
-10
33
-89
-23
53
74
-89
73
33
-45
52
-25
69
28
21
-54
-1
10
-75
85
8
55
-64
64
26
41
-21
69
-14
4
39
11
6
37
-30
-16
34
0
43
-7
22
25
34
-61
22
-13
-2
23
-65
-9
9
-12
-11
-47
-15
-31
4
-63
20
-21
12
-23
31
37
-10
10
35
-33
9
-1
-6
1
-35
15
34
-28
-12
-2
-24
-114
-7
-55
18
41
10
-13
31
29
32
28
-44
39
-13
-14
14
55
-25
20
26
47
-12
-18
-17
12
7
-9
91
-27
-18
-6
-13
-30
5
-24
-73
-13
-27
-38
-39
-28
25
-15
104
-20
-11
14
55
-27
23
-62
16
36
8
-8
49
-5
54
-21
-37
38
-80
32
29
-12
-27
-67
-68
-31
26
54
-33
-29
39
-39
32
-60
-34
-41
53
-1
16
-46
-11
-127
1
58
-22
0
-9
-6
-69
17
-23
22
-52
-42
-21
-27
24
14
20
-46
3
52
-17
-19
-51
69
55
-87
15
80
45
-5
-43
-30
26
15
114
-1
-29
-2
-6
-98
-16
66
16
33
56
58
62
8
-2
20
-18
-18
71
39
-127
4
64
-20
71
-33
-9
-59
28
15
-76
68
-52
-1
30
15
8
19
-24
9
-5
-13
13
16
42
78
71
6
-31
-44
-69
1
118
-56
-68
38
25
-33
-32
-111
-20
-20
26
11
-12
44
-64
-46
-5
-47
-41
24
-16
15
10
117
-18
13
-21
-10
29
56
24
-79
64
90
55
7
30
-42
-54
-35
-61
28
19
97
-22
-15
-49
12
-6
-41
-7
14
12
66
72
-22
-95
-28
118
16
94
46
54
11
20
-35
-2
32
-13
41
-10
29
37
38
126
24
-87
121
5
48
43
-99
-18
61
-80
-58
-93
-13
26
14
-10
-42
28
29
-21
-67
-41
24
53
-75
51
59
-63
30
-21
94
18
-45
22
42
-30
-27
-45
-79
26
37
-1
106
10
36
-86
72
14
-124
39
37
-47
-93
11
-20
-70
85
77
-64
-33
-77
52
-52
-48
27
-61
16
15
-50
-43
-40
-21
-14
-30
13
-32
-68
19
-81
-89
35
-2
-51
-31
-91
-17
-4
-44
-127
7
-13
6
-62
39
-80
23
41
-74
-95
-122
-43
29
46
39
-29
24
28
-39
-64
9
-3
15
13
42
94
21
-82
-41
75
-91
26
33
-21
16
33
-3
-9
12
-62
33
114
68
-53
8
20
-74
25
23
7
2
100
-91
-24
78
-52
32
-66
-25
40
-121
50
-19
-9
14
-43
-17
17
-74
-78
-33
30
-85
83
100
-44
-16
-34
43
21
12
-108
56
-5
-83
63
36
-15
-92
38
105
73
-108
-29
-53
2
-4
-49
-124
-54
127
7
49
26
23
-14
4
-24
17
-27
-79
-14
89
-34
3
-65
-56
2
69
43
-62
18
-13
72
5
27
-30
4
-51
44
5
83
-16
-24
-2
-21
70
-17
18
-18
13
-1
86
83
25
26
24
-29
0
11
8
52
34
15
39
84
21
14
12
75
-14
45
13
91
-44
30
-25
-61
-30
-40
56
34
37
-31
-23
16
66
-12
-38
33
-41
-38
11
-34
-11
-9
11
26
33
-61
20
7
-7
15
36
-5
-22
-67
-21
54
-30
-2
-19
-15
-33
-58
-29
51
2
28
-21
-8
15
16
-5
-6
-25
-54
53
54
15
26
41
22
-3
24
24
21
10
24
-57
-33
46
-14
-19
-26
-12
62
6
2
2
33
-30
-42
17
46
-42
8
62
-1
-3
-22
45
7
43
-56
20
19
-23
-38
42
-45
-60
4
-41
69
-38
9
12
-21
-30
-75
37
-32
1
-7
-15
-15
55
-1
-22
26
53
13
-18
-65
-127
12
22
-24
-5
41
-4
-20
-78
-15
54
-16
6
14
-57
-5
21
65
26
5
-36
-9
-12
66
-30
-4
-17
-14
15
2
-49
15
81
31
71
-30
-45
30
5
39
-42
12
-28
-20
-40
-20
61
-2
-2
-36
-18
-76
-41
-9
-4
-23
-66
48
-25
-1
-23
-3
3
52
74
-27
96
-19
-39
22
-3
4
21
22
-26
36
13
-27
-85
-9
-11
-35
61
63
19
-6
-9
-31
-32
35
-20
-7
54
-8
9
-29
-41
97
20
39
32
19
13
-46
-9
20
9
33
-35
11
-13
31
-5
-61
-64
-80
48
-17
9
-46
-65
-35
-51
32
45
-5
-33
-40
-38
-24
-22
86
6
3
-21
29
-40
-57
52
11
14
-116
-24
8
7
18
68
-26
8
100
44
42
80
-26
100
-43
-23
38
-77
-31
-38
48
6
122
21
27
-18
-10
-14
-31
43
18
44
20
-25
-36
25
-4
-15
61
-44
29
-95
-101
-105
-16
-38
-23
-56
10
7
-64
12
-97
-24
-55
22
20
-68
0
-127
25
19
-53
14
5
21
-17
17
61
-81
49
-64
-27
6
12
-48
39
114
36
33
-51
51
-30
-18
-6
2
85
-21
-49
0
-23
39
11
27
-66
10
-86
16
-44
-7
1
70
109
73
85
-73
-6
-26
-12
3
15
33
40
-3
12
14
-27
-79
13
106
64
-11
77
10
-36
-51
82
-72
-52
-13
1
75
25
-8
6
-13
5
7
71
-50
78
4
-65
44
1
-6
-49
-29
-11
98
111
29
72
-51
-16
-43
21
63
25
-31
28
-99
-71
-22
-39
90
-61
11
-57
0
47
20
-13
17
97
3
37
13
98
32
77
-35
-93
14
-77
24
48
41
-126
-76
-35
-37
6
2
-7
14
5
36
39
106
21
60
-13
33
32
-52
59
-18
1
105
-59
-62
13
22
-34
85
-117
-31
33
33
-19
-8
18
66
-75
-110
-61
30
-41
-30
-13
10
-29
58
58
-111
-43
3
-127
-98
111
8
-91
84
-36
-53
69
2
-29
93
-31
-3
-22
-41
20
110
-30
-36
-71
32
79
-54
7
74
69
63
38
88
-43
30
106
-8
69
-18
110
-5
-8
-47
61
-2
30
-16
-25
50
-43
-21
41
-34
108
76
-81
36
90
29
15
21
-20
-12
-33
44
0
27
-32
-91
-85
80
32
41
-79
-19
54
8
-9
-23
-16
-35
28
-7
36
-16
13
-1
17
-37
67
-14
9
35
71
34
-21
-32
38
34
-39
57
59
-85
10
-3
-11
39
-6
38
-40
39
21
-52
43
-42
18
28
-64
-31
-11
12
25
20
25
-8
-8
-36
-13
-59
8
-62
-87
-47
-21
29
-48
-29
-5
-4
-74
0
-42
10
-6
-40
13
37
-26
-40
-6
-6
-35
-10
25
-21
4
9
56
1
4
10
31
1
50
80
-127
-15
93
33
35
-9
-24
-46
27
-83
54
-14
58
-36
-13
-51
-25
6
1
-10
-25
-30
73
63
17
-25
-1
40
11
53
-32
11
41
19
3
-18
-12
1
-29
-6
36
-19
93
86
21
-106
40
-5
53
-3
-44
23
12
-2
-21
77
-48
-42
9
20
-5
17
-12
-14
28
32
9
-17
-29
-24
-10
-61
38
-10
-44
-1
24
10
45
24
9
-28
6
10
-33
-30
-81
-45
-12
-34
-34
-50
-15
45
-39
24
-9
-6
-2
51
49
-41
-39
-23
-34
56
16
-21
-1
-51
65
-36
22
-24
120
-36
-8
41
17
-39
76
29
-38
-23
-34
-23
17
1
12
-15
30
14
13
-39
-54
42
-41
10
21
-24
-56
61
15
79
-31
3
24
-22
-14
-47
31
-19
-20
31
5
-29
8
0
4
-48
29
27
19
-12
-15
8
41
-48
127
-68
2
-95
-14
45
30
31
-58
49
18
5
-5
-56
34
-30
-20
-12
-12
0
28
53
-41
-92
-18
-37
-34
-42
45
-4
-23
42
-11
-55
25
-8
60
-41
3
11
33
45
-33
28
0
81
9
-49
-8
-18
-93
-29
-21
56
23
-53
90
47
13
11
8
-22
31
-51
-20
12
-64
-34
46
46
6
19
-14
-3
-12
-2
-15
34
5
1
40
58
-19
3
-33
-111
-70
1
-52
0
4
-13
5
72
-21
-2
-38
15
24
3
46
22
45
-48
-12
29
29
19
12
33
6
35
49
-14
4
-10
68
-25
127
6
31
27
28
1
-40
-25
3
-22
-25
-9
56
-10
41
-12
0
-20
50
-11
35
18
25
-11
-26
8
51
-12
-18
13
13
-34
11
19
-41
-89
33
110
36
22
38
48
33
22
-31
42
10
-51
-29
-14
-7
-25
-35
-14
-30
-32
-27
-22
-91
13
-35
-10
47
28
-10
23
34
9
7
19
-39
41
7
-22
54
-11
-22
56
22
-48
28
-28
33
29
-23
-38
-18
32
21
45
-9
25
83
-17
-23
28
19
-1
-15
54
91
24
-82
5
-11
-75
-46
84
-16
-76
-8
-14
26
-38
10
-3
-42
0
-77
25
-31
-4
24
-57
-44
19
-15
-26
45
-2
18
45
-65
-127
-4
-16
-59
-8
36
-34
22
-52
2
62
45
40
3
-36
26
-28
-7
23
11
-25
9
14
53
-95
19
20
-11
34
-33
-24
17
33
22
57
14
-22
13
-9
71
-31
18
10
-12
-7
56
34
-36
-49
-12
10
-112
-67
62
64
5
-88
43
20
21
9
-13
19
73
95
-39
96
-16
-36
18
-12
-50
23
-9
-13
33
-1
4
-51
-41
-81
-9
94
91
39
-25
-12
-20
-17
51
3
11
77
34
-12
-6
-53
89
30
41
46
22
0
-14
12
6
-18
-17
-43
9
1
44
0
-15
6
-111
42
-46
-11
-43
-48
33
-82
-25
61
15
-24
-14
21
19
-47
-32
36
4
0
-7
-73
63
0
5
18
35
-14
45
9
25
-59
-55
-5
11
-54
-29
-36
86
-1
-48
31
66
-45
-20
15
0
1
12
-7
-12
3
28
6
27
-14
60
35
-55
-1
1
-4
-11
-4
33
0
127
-19
14
12
-40
-38
11
30
-13
17
-11
2
45
-55
-2
-10
-25
6
13
-18
-24
61
-1
-33
26
-14
15
14
46
-49
35
-26
28
29
34
14
25
-36
2
31
-13
-8
33
-1
32
22
9
-1
21
-52
-20
-27
42
-19
-13
-73
5
53
14
21
-87
-13
3
-19
-18
30
-84
-10
16
55
-22
4
-2
25
-30
-11
31
0
-1
23
-16
14
4
32
42
-72
34
1
40
29
-14
-18
-14
-35
31
-47
13
-4
-7
-27
22
18
-13
-62
54
6
42
17
-38
-12
35
71
7
-33
9
41
-67
15
4
-34
30
12
-45
4
0
41
35
-19
26
79
21
23
-50
-5
-5
-50
-90
20
-17
-41
-6
30
52
5
-6
16
-26
-43
37
5
-15
-16
-11
13
-8
29
-34
-45
-94
-2
-87
-34
-4
24
0
2
52
7
36
-5
14
-5
-30
-7
63
-20
47
-1
-10
8
40
-32
-49
-12
-12
8
-18
33
-29
-16
-37
-46
-2
-127
-27
-11
-36
-48
29
-8
-25
17
-36
-30
19
0
-22
4
-63
29
77
55
36
5
17
6
-29
-32
68
-50
38
56
-2
-33
-24
-78
-4
55
-18
-10
33
11
-13
19
-16
-18
-42
59
-1
-16
-76
-29
-81
-30
23
-14
19
42
17
-125
-10
-9
-25
-21
-50
1
-46
51
88
-15
-24
-58
-27
7
-35
-107
41
-2
2
-6
1
-29
16
-32
-2
13
-5
18
3
-2
39
-8
-30
25
-8
-16
-17
-57
-8
22
-52
-30
16
17
-39
43
-13
2
-32
17
-5
15
2
-62
23
32
7
-27
-43
-4
43
-17
5
10
3
-44
-25
-28
-78
-2
-4
34
9
15
-4
12
19
12
-13
-21
67
-6
19
-4
19
8
22
48
41
5
-18
7
4
-8
-1
33
4
-103
-14
-11
-22
-4
-28
-43
-16
-18
-64
-35
-5
7
-9
25
-7
5
24
14
-39
-6
-31
3
3
-4
1
27
-12
23
-13
16
26
-7
-5
-16
-7
-35
-60
-17
-8
5
34
11
-9
-1
-66
9
-127
-35
-22
15
-21
-3
-45
-5
-34
-39
50
-23
-10
19
22
-20
-25
-9
-3
-18
-7
-18
4
-25
7
12
-47
-9
76
1
-19
-23
11
-15
-1
50
27
-9
28
1
0
39
-4
-30
-4
-2
21
-45
-12
-17
-39
21
-37
9
-33
27
40
-14
-56
35
-26
-16
30
24
64
7
-7
-36
14
66
34
-17
-7
13
-96
4
-34
-45
30
-3
-56
32
52
10
-53
127
-20
5
-39
-18
53
-23
44
-4
22
24
4
-52
-31
-20
7
20
27
-16
15
25
56
54
27
63
7
-89
1
-25
12
-24
-47
1
-77
-23
-35
-10
-38
-7
-31
14
-20
-17
-4
-12
25
-62
-1
15
-55
-3
30
-13
-19
7
-3
-16
25
19
-61
0
-24
-62
-47
55
-1
-44
5
-7
-18
12
-4
24
56
-1
50
-37
1
21
17
-14
-20
-14
4
-2
-51
-22
11
-54
7
-40
-7
55
84
41
-13
8
-29
-13
9
-11
33
-10
-27
-18
15
28
9
37
-20
-43
-13
-18
31
-5
16
-24
7
-8
23
-18
34
-33
40
17
11
-5
-37
-9
36
20
-32
-71
33
36
-28
21
50
-30
-4
-8
-12
-7
-4
-24
14
52
32
-16
-18
-16
46
14
-28
-25
29
-25
-43
-2
32
-15
53
2
-38
-45
-38
-19
14
19
-68
-4
-7
0
29
-24
3
80
13
30
14
-10
-12
63
-12
-24
-3
0
36
-4
8
12
30
-9
19
23
-2
13
21
-25
30
-19
-43
3
-4
-34
45
-1
39
1
5
1
-18
-29
-2
-5
-21
-15
-9
78
20
28
-46
-56
11
-6
5
13
-78
-15
-6
52
-25
-36
14
8
-27
-3
30
-2
-66
-1
-10
-36
24
-22
10
-44
9
23
18
18
-3
30
2
27
40
43
44
-127
-26
8
10
9
-22
-45
39
32
33
-83
9
-33
14
-86
-34
26
-90
11
4
-54
-9
-73
-99
47
27
11
14
-69
-23
36
61
58
-88
-23
-75
86
-68
11
11
26
7
93
-76
-81
-113
7
75
-49
21
-45
5
60
7
32
-4
115
62
51
-18
0
-65
2
101
-82
66
49
60
13
-52
-35
6
28
-13
-37
-60
-97
10
91
22
-49
17
-24
-99
4
84
60
101
-29
30
-92
86
-111
2
-1
-31
29
29
28
67
82
24
-27
-2
63
-8
-21
31
-24
-29
88
-12
33
14
7
12
-44
29
105
62
-28
-56
79
75
-3
-42
80
20
-59
127
-18
-43
69
97
28
6
39
-79
-65
-19
-34
-4
-40
25
36
-4
-69
32
-63
73
-29
19
33
20
-31
35
73
25
-28
-7
117
-61
-83
54
60
-113
14
-94
26
30
59
-81
52
106
1
-27
-52
-40
-4
25
81
47
-19
8
-39
-58
-54
64
37
5
65
60
50
-15
-22
20
-15
-22
34
8
-69
55
-6
-15
59
-61
51
-56
28
5
-36
35
-11
-10
33
-10
4
4
-2
24
26
43
12
-2
-30
-5
-24
38
-71
-72
-53
25
49
-34
-68
-14
26
-73
-1
-89
-4
-32
-42
32
-1
-21
-25
1
-20
-87
-10
13
-23
-36
54
93
-9
50
-68
38
-9
56
49
-126
-17
60
63
13
15
-26
-33
3
-16
31
66
28
-37
-1
2
-56
24
-18
-45
-8
-22
64
54
18
-78
4
76
-20
54
17
1
46
16
24
-31
-20
-62
12
-10
46
-39
52
96
-10
-127
63
-30
45
24
-53
-2
46
-3
-14
63
-47
-10
15
10
-16
-24
-29
-28
-25
-2
19
22
-51
12
31
25
-3
26
-22
-22
23
32
-34
127
-27
7
-65
-20
-38
61
-88
-3
-19
28
-31
29
22
-73
-19
-4
64
-10
-15
37
-39
-51
-14
8
3
-10
22
-47
-23
72
40
-15
-56
21
-10
58
39
-20
48
3
33
-8
-13
-25
92
-28
28
15
42
-19
14
21
16
5
3
124
19
-37
24
13
-24
7
18
14
21
21
-65
-59
39
20
-27
45
15
3
5
0
-9
-25
82
17
4
-51
-2
-9
37
-46
1
2
-39
-13
-59
-7
56
-35
-58
8
-25
-5
6
-52
35
8
-12
-25
-15
34
55
-58
-6
-25
-74
-6
24
-71
-25
-65
-55
-9
-27
-24
-2
-28
18
27
-1
20
-3
-18
-23
26
48
34
27
9
73
121
-36
-51
-68
-21
-21
-20
-20
-5
-85
16
