-21744
50763
-44203
-23517
-28144
42429
4294
69959
-46465
22582
29683
-17912
129307
-13590
120475
82553
-27528
-13195
-6865
3347
24801
19809
-33198
83437
18491
-79738
-19676
60244
46335
-9347
117252
-1273
-28427
11780
-30376
80517
-41037
7455
29410
-19777
-20286
-47074
-1505
-3700
-8563
-60139
-6461
-20887
-40956
-27427
7604
70748
24016
79567
3321
-43143
47732
-61373
-12234
-3341
53697
-21436
5536
5121
-18316
33448
-26847
-24
-19846
25810
-13680
35704
-12462
16360
239
-10188
47160
3769
45419
44440
-9748
-9331
13460
-6435
12229
4784
-9698
39739
-1755
-46921
578
39242
33027
-7144
39390
2286
-15032
20079
-10894
29400
-161
-7528
28163
3035
-277
-31895
-13409
-17980
11916
-22378
11453
9732
-34197
-16025
-16367
46652
17033
39983
-633
-13358
26802
-25442
2995
-2704
30526
-26434
13189
-1979
2205
-4870
-14877
831
-15791
10059
-18358
14771
5045
4715
-3347
5731
2048
3912
5148
14143
8949
-27410
5761
-4295
2806
9568
727
13366
-7994
-16549
-7401
18988
26345
-8394
465
-2929
-15358
19907
-10136
9650
15158
-10469
29776
-6589
13721
-19406
-29238
-19575
26013
-704
-11320
23641
-27482
-14729
3930
8771
-4954
8395
-24453
-11072
1401
6259
7229
3841
13160
-5642
-14567
-8777
13387
-63
-7899
7604
-6106
2663
-11681
8706
8855
-11155
13317
-2106
-2692
15116
6000
12628
17733
-7250
18069
-10779
11164
7986
2849
11424
-2154
-5469
9560
-8817
-3393
-16601
4766
-9834
-16755
4316
24116
1979
13186
-7670
-2729
19332
-3184
-5855
-11456
-13374
15515
9236
9881
11452
-10900
-8240
8562
22165
-6310
13106
-15343
-7870
938
12176
7887
9511
-2729
16642
-274
-7753
-9659
1454
9146
-7712
-12061
-2122
-11061
-3804
-6056
-14809
-485
2596
-12003
3840
-6539
-3597
-2568
2072
4058
-12967
-929
-8812
2116
-3576
-6259
-13173
-100
-15813
-11833
-6929
-5439
-18250
-5877
-10132
2942
-13283
-9348
-14398
-14831
12446
-12233
7102
-5153
-7235
-4808
-3405
-8354
-6202
5740
-12344
-8438
10113
-11621
-2145
-1863
-11693
-1209
-1881
-7105
-2553
-6878
2682
-7674
-6102
12755
16023
-12185
-2121
-35914
-2062
12352
27767
-7269
-7512
7314
-5224
1837
-12446
6976
23919
11219
2317
-22956
-733
18443
-13714
-15787
33615
-301
-15021
4222
-11588
-4925
-11280
11414
322
-8992
-8669
-7280
7233
-17843
14795
-9364
-11367
-12639
-15335
-4406
-3946
-4339
-5246
24994
-23395
-12822
-36717
-2371
18629
14734
18742
-6984
-46687
10548
3803
2713
7225
5838
15029
13169
680
-6995
28280
-11209
11401
-20253
9396
-7146
31091
10936
14414
9496
-18384
2438
27520
3224
14182
15618
14532
22551
-6653
17775
4063
15939
22753
6714
-16310
33877
16622
19777
2247
3489
-1990
-14551
21450
5014
15461
25754
543
22259
11550
21193
-13677
5925
-9823
49512
8312
58820
45999
-38072
-16225
-2050
25855
32188
14481
3851
-16166
6740
16689
14156
-130
10078
-1542
44146
-13185
3907
17641
2427
6804
-11138
-3907
-13902
21066
6778
6355
590
-20193
-27738
22860
-25941
2038
14374
-5197
14879
-7003
15629
4189
12433
8843
-9658
2750
35133
1694
4870
-4284
-25849
-2674
-13490
6798
15114
-11590
12681
-2931
3307
10480
8343
-4665
-19597
-10014
36004
6376
55329
44927
-25920
-5911
-5981
20130
31587
2890
-9376
3545
1601
12600
5377
-208
52
-1561
40910
2783
18251
-16598
17518
-4294
-5098
-1336
-4421
4598
-4159
-10727
13186
-12901
-8628
6701
-10259
-9033
21416
-2030
24931
-7632
5559
7442
1416
-1356
337
-2075
21795
-20375
-16325
-6887
-6933
11053
-4837
-12086
42520
1600
-4578
423
-22176
28270
-8898
15061
-510
5532
11546
-3427
20575
8059
5713
-3979
13142
18351
2336
-4425
-13667
-2599
2618
2965
-6740
15035
-11595
12828
8949
-11523
582
-10423
11958
-12229
-26494
-1381
-6726
-3017
-10981
-8648
-2596
-12599
-14364
-5401
-11095
-13453
496
-9005
3569
-4988
-6062
-13605
553
-6643
-15367
-15065
1457
-12968
-6755
-3559
-10223
-5330
-2983
-9214
1736
-18937
-14403
3525
-10459
9406
-8232
5995
-7722
1746
-1562
-11456
-7247
-7662
8952
-22439
-14414
8762
-11485
-10517
-8532
-22301
-2750
-4285
-10432
-3955
-5104
-1803
-12441
-7412
5595
23296
-10259
-11824
-15283
-5231
7157
31460
-10450
-5271
16440
-2295
11802
5829
15539
23143
3523
4682
-27928
-6548
22120
9555
-11227
29135
13086
-11376
2807
-1915
3111
-7187
18316
-115
-11365
-6736
-12920
17954
-19711
7170
-5688
-19696
-13993
-14108
-5848
-5208
3115
-7112
16507
10223
-20585
-15229
9541
16169
22661
18602
-9175
-22090
3577
3006
-1669
6444
8512
-5384
20130
-4984
-1382
38797
965
4734
2541
-2174
-9314
15023
9528
2033
4608
-14253
-10932
28826
-9336
3330
22587
21866
7708
-6306
13176
6799
20404
5397
16414
2176
28067
3189
7055
-3676
-8822
-1555
-6618
9167
4550
9411
15911
-5563
8493
7252
10983
-910
8362
-13243
34174
12856
46742
40435
-28991
2874
1478
29112
23657
2261
9857
5875
-6241
17481
6128
730
-3754
2539
43665
-7891
10433
23726
14043
-5989
-21509
-10840
-15434
5629
-1288
-8662
-27158
5826
-47116
12399
-45531
-9742
42482
-7445
-14054
-16086
2662
-15923
5265
-4499
-10991
2427
10106
-6999
3423
-29286
-47501
21947
8472
-5219
10253
-23119
-6077
-6188
-198
-10054
-947
6632
-32402
-4565
16399
-528
20373
23195
-30443
-15120
-27337
20851
7880
-13235
-17412
-1863
-6500
4667
-5455
8691
-9871
7523
13856
4236
6475
-6472
18829
-12545
-13258
-5197
-6246
-2012
-12798
-13634
-4289
-4277
-15515
-249
-17233
-10679
26387
-720
6076
-13092
128
-3144
-4796
-3961
-4242
-9936
3720
-19884
-15147
-22176
-15229
17203
-790
-17362
29401
-5901
-17711
-7593
-20864
18993
-16978
14417
-7997
3091
3447
-13942
-911
-9072
1987
-10258
-3192
17391
-8494
-9987
-12857
-5357
5189
-9669
-13626
10068
-9414
8457
-6287
-6262
-3184
-23998
9895
-10582
-8359
-1597
-3987
-3095
-9406
-9052
-1090
-2882
-5781
-10649
-4938
-6419
-5693
-9747
1117
-12552
-4854
-8398
-6795
-4677
-13512
-11667
-3678
-13151
-8531
-8879
-4158
-8157
-7287
-10469
2846
-13337
-13938
-5279
-14111
7566
-12541
7116
-8102
-1032
-15054
-9048
-13882
-11776
12343
-7840
-5561
-4469
-10788
-8685
-18797
-11012
2467
-4363
-8763
-3551
-2332
-5959
-18365
-15588
-2553
29209
18929
-7203
-10988
1613
-9413
21861
-9473
1868
701
-32287
-9016
9516
-10460
-5521
15454
22285
8374
-7958
8495
12093
5820
1631
5093
476
31597
1576
1584
-4184
-10007
-2729
-14553
-7677
5172
-1187
-12011
-453
-6226
10898
-532
9001
-819
-16483
-432
-8012
48931
15568
-14686
-8638
3014
31090
30397
-4018
9428
-1704
2711
-3536
-6960
-4231
-3402
-839
46491
775
6342
435
20374
-6708
-19088
-7403
-15132
6739
-4006
-4137
-28504
4553
-45836
-1690
-45975
-8956
25673
-14965
-8769
-13521
-405
-11100
-3124
-4345
-19400
-46
7340
-4769
1964
-16565
-47674
13007
5147
-6527
4023
-29002
-9042
-18849
-405
-7072
-1762
9941
-38193
-12438
-5525
-303
16889
6408
-19765
-14811
-13805
-6855
11942
-14916
-16898
-1936
340
3210
-5175
4854
-5337
5087
7803
-2855
-12131
-3695
13884
-10222
-18825
-6972
-17586
-1892
-7946
-18871
-8013
1348
-15119
1077
-13651
-7406
8517
-10900
-8760
-17728
-3823
-15589
-6874
-5087
-16715
-21919
1010
-19772
-12503
-15521
-11975
112
-6714
-10922
11026
-17004
-12279
-14531
-16061
3586
-19660
7677
-14177
-10524
2672
-6699
-5546
-11369
5520
-16674
-7083
15683
-9883
-7337
-19355
-19161
-1256
-6521
-7123
11474
-7878
-10975
-11740
-9522
