0
73
0
0
0
64
11
62
0
21
23
0
100
0
93
77
0
0
0
9
32
17
0
76
21
0
0
50
38
0
91
0
0
7
0
76
0
16
23
0
0
0
0
0
0
0
0
0
0
0
1
85
23
79
7
0
57
0
0
0
57
0
0
10
0
47
0
0
0
38
0
29
0
14
0
0
35
1
33
41
0
0
12
0
11
2
0
34
0
0
0
32
27
0
28
5
0
13
0
26
0
0
22
1
0
0
0
0
13
0
6
5
0
0
0
55
14
39
0
0
29
0
4
0
30
0
8
0
4
0
0
1
0
14
0
8
7
1
0
8
0
1
1
12
13
0
3
0
0
7
0
8
0
0
0
14
21
0
0
0
0
13
0
7
10
0
23
0
13
0
0
0
36
0
0
19
0
0
0
9
0
6
0
0
0
5
9
8
11
0
0
0
23
0
0
9
0
2
0
2
11
0
6
0
0
19
2
11
26
0
18
0
9
5
0
6
0
0
6
0
0
0
0
0
0
1
27
0
8
0
0
29
0
0
0
0
19
10
4
6
0
0
2
26
0
11
0
0
0
13
10
21
0
22
0
0
0
0
3
0
0
0
0
0
0
0
0
4
0
1
0
0
0
0
1
0
0
0
0
0
0
0
0
0
0
0
0
0
0
0
1
0
0
0
0
17
0
4
0
0
0
0
0
0
5
0
0
11
0
0
0
0
0
0
0
0
0
1
0
0
22
21
0
0
0
0
32
21
0
0
0
0
0
0
3
21
16
0
0
0
21
0
0
28
0
0
0
0
0
0
5
2
0
0
0
4
0
35
0
0
0
0
0
0
0
0
19
0
0
0
0
21
12
17
0
0
7
2
4
16
2
20
8
0
0
39
0
13
0
13
0
24
13
12
2
0
0
37
0
12
23
25
23
0
20
1
19
17
4
0
33
12
15
3
0
0
0
14
3
12
17
0
17
15
21
0
4
0
74
9
51
43
0
0
0
30
34
13
9
0
2
19
18
0
7
0
37
0
7
23
0
8
0
0
0
14
9
3
0
0
0
30
0
1
21
0
14
0
17
1
13
3
0
0
34
0
2
0
0
0
0
3
16
0
8
0
2
14
7
0
0
0
52
7
47
42
0
0
0
23
33
1
0
0
0
14
7
0
0
0
34
4
31
0
10
0
0
0
0
0
0
0
6
0
0
6
0
0
32
0
26
0
0
4
0
0
0
0
19
0
0
0
0
19
0
0
50
0
0
0
0
44
0
13
0
11
13
0
14
3
5
0
7
21
0
0
0
0
0
1
0
33
0
16
4
0
1
0
5
0
0
0
0
0
0
0
0
0
0
0
0
0
0
0
1
0
0
0
0
0
0
0
0
0
0
0
0
0
0
0
0
0
0
7
0
12
0
3
0
2
0
0
0
0
8
0
0
9
0
0
0
0
0
0
0
0
0
0
0
0
9
32
0
0
0
0
18
25
0
0
9
0
7
4
9
21
5
3
0
0
27
7
0
23
13
0
0
0
1
0
11
1
0
0
0
15
0
16
0
0
0
0
0
0
0
0
11
5
0
0
3
18
22
17
0
0
0
1
0
14
5
0
14
0
0
55
0
6
1
0
0
9
12
0
0
0
0
39
0
2
33
40
6
0
13
4
27
0
18
0
26
1
4
0
0
0
0
5
3
6
10
0
6
8
10
0
10
0
49
14
39
37
0
0
0
34
23
0
29
3
0
20
8
1
0
1
36
0
18
32
7
0
0
0
0
0
0
0
0
8
0
14
0
0
63
0
0
0
0
0
1
0
0
0
6
0
1
0
0
36
16
0
10
0
0
0
0
0
0
4
0
0
21
0
14
19
0
0
0
24
3
0
0
0
0
3
0
19
0
9
8
8
11
0
11
0
0
0
0
0
0
0
0
0
0
0
0
0
39
0
4
0
0
0
0
0
0
0
0
0
0
0
0
28
0
0
34
0
0
0
0
28
0
12
0
5
0
0
0
0
1
0
0
20
0
0
0
0
0
0
0
22
0
10
0
0
0
0
4
0
0
0
0
0
0
0
0
0
0
0
0
0
0
0
0
0
0
0
0
0
0
0
0
0
0
0
0
0
0
0
1
0
0
0
0
9
0
4
0
0
0
0
0
0
12
0
0
0
0
0
0
0
0
0
0
0
0
0
0
0
0
41
11
0
0
1
0
15
0
0
0
0
0
10
0
0
23
41
6
0
5
9
2
0
2
0
30
0
0
0
0
0
0
0
4
0
0
0
0
14
0
7
0
0
0
0
41
11
0
0
0
36
32
0
28
0
0
0
0
0
0
0
39
0
11
0
12
0
0
0
0
0
0
0
0
7
0
0
0
0
38
0
0
0
0
0
0
0
0
0
3
0
0
0
0
22
9
0
2
0
0
0
0
0
0
8
0
0
0
0
11
1
0
0
0
0
8
0
0
0
0
1
0
10
0
5
2
0
0
0
7
0
0
0
0
0
0
0
0
2
0
0
0
0
12
0
0
0
0
0
0
0
0
0
0
0
0
0
0
1
0
0
11
0
0
0
0
2
0
5
0
0
0
0
0
0
4
0
0
18
0
0
0
0
0
0
0
25
0
0
0
0
