1289
-1920
-2317
529
1906
-1698
4779
434
998
-138
2967
118
-660
-571
-1002
4115
-1885
1608
1448
-2032
-899
-1159
1080
-1495
-1652
-1657
432
-88
275
-1919
-1181
788
-404
-4188
-2518
-1697
451
1733
-1366
-40
88
-325
-3385
-918
-1584
-569
1435
-974
-482
427
-420
-1612
-1374
-667
-1209
-698
-869
-2606
-2133
-514
-1654
-591
-2416
2321
-1275
624
-2020
966
2136
-284
-202
-1037
-522
768
-689
3670
-2885
-310
327
1461
-323
-1160
-70
-593
1900
1473
-1902
-985
-2410
-1668
-1809
613
-1116
-710
-639
-971
1192
-221
-817
-497
677
-524
1881
295
-930
-602
125
-824
-171
-706
-964
2159
-1352
489
-352
-565
-417
-691
1692
-1115
-539
557
3
653
168
1100
-1094
-1507
-1937
-869
-338
-1626
40
1852
-1234
-1002
1441
313
-1482
-558
-1258
-1773
727
-215
77
-239
-631
-613
-307
2007
-628
-13
-867
-539
-1204
-2263
-1722
-1314
224
1384
1782
798
-300
-1320
480
-203
487
-1499
-1210
124
-1036
1307
416
-175
-951
1049
-856
-1842
-719
-955
418
702
-769
-2009
874
-1542
-1860
-60
-63
-362
842
-1055
1289
-1920
-2317
529
1906
-1698
4779
434
998
-138
2967
118
-660
-571
-1002
4115
-1885
1608
1448
-2032
-899
-1159
1080
-1495
-1652
-1657
432
-88
275
-1919
-1181
788
-404
-4188
-2518
-1697
451
1733
-1366
-40
88
-325
-3385
-918
-1584
-569
1435
-974
-482
427
-420
-1612
-1374
-667
-1209
-698
-869
-2606
-2133
-514
-1654
-591
-2416
2321
-1275
624
-2020
966
2136
-284
-202
-1037
-522
768
-689
3670
-2885
-310
327
1461
-323
-1160
-70
-593
1900
1473
-1902
-985
-2410
-1668
-1809
613
-1116
-710
-639
-971
996
-238
-934
-602
785
-406
2891
323
-388
-696
273
-853
-431
-997
-981
1939
-1439
1248
-490
-900
-330
-1147
1999
-1347
-1267
334
256
587
223
824
-1045
-880
-1463
-1091
46
-1558
430
1934
-1277
-878
1274
-52
-1932
264
-1520
-1147
1242
-143
-56
-393
-811
-795
-770
2075
-836
-351
-430
-759
-1252
-2465
-1731
-1430
-65
1196
1496
1217
-807
-1040
789
-445
506
-1693
-384
222
-837
1482
117
19
-557
1364
-524
-1677
-349
-882
828
1351
-1157
-1849
242
-1278
-2249
51
-420
0
90
-854
417
257
-763
-1265
1426
180
1170
155
-572
-1246
-235
-1210
1075
-665
-365
2309
-1103
-649
380
-601
537
-1570
3122
-750
716
-527
-589
-762
1837
-195
565
675
-1398
-963
-1014
594
-445
-20
-545
-2276
1547
959
-2248
-1261
-904
-1098
1004
1187
1771
1337
868
-38
-782
2069
-919
289
173
1069
-38
-609
-1618
-1987
-780
2332
808
-766
-914
-1012
320
-427
72
-496
-1549
149
-533
804
465
-738
-1288
797
-977
-2034
741
649
750
875
-254
-1469
594
-1544
759
536
-555
-1508
715
-1227
1508
133
-491
-620
691
-43
2189
704
337
-509
355
-1014
-639
-955
-85
1548
-1297
1447
-290
-1365
-170
-1066
837
-1327
-863
-429
233
215
162
-205
-900
-105
-830
-1157
-358
-1074
694
1619
-754
-736
456
-103
-1463
70
-990
-520
1403
263
467
-89
-324
-560
-461
1748
-1006
-103
-395
59
-897
-1318
-1004
-1136
-299
1350
424
597
-502
-513
735
-214
-66
-689
-38
-344
-594
1044
-571
-202
-139
1086
-407
-1536
-298
-472
1214
995
-1137
-1271
-120
-761
-1614
-61
-271
111
30
-118
-555
-500
-1606
-199
1380
-601
1569
-537
108
-1874
876
396
1768
1
-622
3442
-1198
-773
551
734
-160
-213
2971
-970
1774
-2051
-68
-1262
1312
-503
994
1733
83
-1341
-1935
1142
-169
-1012
-1566
-255
1022
1341
-2543
-1028
-942
-1242
4
-693
1025
2628
972
-639
430
519
-713
700
-811
446
-387
523
-1201
-500
-1670
2939
-854
-301
-1545
-673
444
-288
-504
-1135
-699
831
367
1827
-754
-1710
-936
789
-325
-688
2468
286
1096
1543
-363
-476
-766
-1381
1808
-1092
-1292
-2131
277
-756
1289
-1920
-2317
529
1906
-1698
4779
434
998
-138
2967
118
-660
-571
-1002
4115
-1885
1608
1448
-2032
-899
-1159
1080
-1495
-1652
-1657
432
-88
275
-1919
-1181
788
-404
-4188
-2518
-1697
451
1733
-1366
-40
88
-325
-3385
-918
-1584
-569
1435
-974
-482
427
-420
-1612
-1374
-667
-1209
-698
-869
-2606
-2133
-514
-1654
-591
-2416
2321
-1275
624
-2020
966
2136
-284
-202
-1037
-522
768
-689
3670
-2885
-310
327
1461
-323
-1160
-70
-593
1900
1473
-1902
-985
-2410
-1668
-1809
613
-1116
-710
-639
-971
1569
-1684
-2015
481
1436
-1588
4008
570
780
-237
2263
9
-874
-650
-903
3566
-1830
1707
812
-1782
-938
-609
532
-1319
-1596
-1201
381
143
-142
-853
-1543
40
-840
-3105
-2290
-1759
790
2383
-1281
-267
295
-346
-2641
-1007
-1313
-873
1218
-985
-675
-22
-857
-1562
-726
-163
-1028
-639
-860
-2238
-1992
-952
-1340
-494
-1717
1673
-815
764
-1092
260
1925
-61
-230
-1372
-759
487
-700
2876
-2159
-61
344
1201
-514
-1277
-479
-969
1333
1239
-1501
-1244
-1335
-1403
-2144
16
-755
-295
-376
-928
1569
-1684
-2015
481
1436
-1588
4008
570
780
-237
2263
9
-874
-650
-903
3566
-1830
1707
812
-1782
-938
-609
532
-1319
-1596
-1201
381
143
-142
-853
-1543
40
-840
-3105
-2290
-1759
790
2383
-1281
-267
295
-346
-2641
-1007
-1313
-873
1218
-985
-675
-22
-857
-1562
-726
-163
-1028
-639
-860
-2238
-1992
-952
-1340
-494
-1717
1673
-815
764
-1092
260
1925
-61
-230
-1372
-759
487
-700
2876
-2159
-61
344
1201
-514
-1277
-479
-969
1333
1239
-1501
-1244
-1335
-1403
-2144
16
-755
-295
-376
-928
1470
-1772
-2350
369
1949
-1490
4919
589
1241
-210
2947
-26
-895
-558
-917
3898
-2126
1817
1239
-2220
-865
-1271
960
-1509
-1754
-1781
537
-46
287
-2123
-1352
788
-456
-4007
-2398
-1702
547
1822
-1420
-231
-63
-523
-3479
-825
-1491
-371
1709
-899
-515
347
-504
-1766
-1241
-407
-1339
-682
-794
-2593
-2051
-591
-1541
-706
-2514
2211
-1539
643
-2004
867
2088
-431
-397
-1133
-250
588
-560
3653
-3022
-249
380
1517
-312
-1185
-55
-642
2043
1661
-1935
-1011
-2527
-1631
-1923
475
-1273
-561
-861
-711
561
595
-422
-1156
1227
215
1022
6
-916
-1169
-827
-1289
711
-789
-508
1803
-1208
-205
-315
-792
406
-1703
2958
-361
253
142
-595
-575
1512
520
96
-96
-1888
-376
-300
-240
-44
735
-507
-2327
1786
488
-1667
-822
-950
-942
1233
1094
1450
537
609
163
-680
2722
-846
-152
195
723
-232
-1578
-1690
-2167
-311
1725
1677
-267
-843
-1470
267
-402
132
-887
-1436
83
-426
375
1051
-203
-946
904
-1082
-2227
48
148
415
910
-322
-1728
1062
-1641
-414
686
-131
-988
668
-1122
964
-434
-1073
-377
998
-634
2982
86
-439
-821
551
-702
-292
-713
-1071
2360
-1574
1069
-217
-862
-328
-1193
2128
-1301
-1200
168
164
290
213
591
-967
-891
-1546
-1389
-321
-1611
284
1816
-1250
-903
1279
106
-2111
-92
-1490
-1260
1123
-277
19
-241
-663
-858
-790
1853
-856
-342
-504
-1014
-1437
-2258
-1847
-1389
-403
1674
1351
986
-947
-1044
1005
-441
523
-1722
-725
337
-832
1760
-82
-53
-435
1355
-603
-1718
-499
-906
856
1325
-1241
-1899
144
-1580
-2081
78
-498
-412
180
-1024
1470
-1772
-2350
369
1949
-1490
4919
589
1241
-210
2947
-26
-895
-558
-917
3898
-2126
1817
1239
-2220
-865
-1271
960
-1509
-1754
-1781
537
-46
287
-2123
-1352
788
-456
-4007
-2398
-1702
547
1822
-1420
-231
-63
-523
-3479
-825
-1491
-371
1709
-899
-515
347
-504
-1766
-1241
-407
-1339
-682
-794
-2593
-2051
-591
-1541
-706
-2514
2211
-1539
643
-2004
867
2088
-431
-397
-1133
-250
588
-560
3653
-3022
-249
380
1517
-312
-1185
-55
-642
2043
1661
-1935
-1011
-2527
-1631
-1923
475
-1273
-561
-861
-711
561
595
-422
-1156
1227
215
1022
6
-916
-1169
-827
-1289
711
-789
-508
1803
-1208
-205
-315
-792
406
-1703
2958
-361
253
142
-595
-575
1512
520
96
-96
-1888
-376
-300
-240
-44
735
-507
-2327
1786
488
-1667
-822
-950
-942
1233
1094
1450
537
609
163
-680
2722
-846
-152
195
723
-232
-1578
-1690
-2167
-311
1725
1677
-267
-843
-1470
267
-402
132
-887
-1436
83
-426
375
1051
-203
-946
904
-1082
-2227
48
148
415
910
-322
-1728
1062
-1641
-414
686
-131
-988
668
-1122
1036
-546
-1054
92
1193
-712
2706
397
943
-553
1119
-391
7
-1140
127
3011
-1039
1469
953
-1613
-203
-1092
1184
-1215
-441
-1891
120
-948
588
-1143
33
1937
181
-2550
-1862
-83
1148
1046
-408
-393
340
261
-2138
-444
-1078
-134
1210
130
947
1006
454
-501
-984
378
-1145
-490
-118
-36
-1052
200
-1069
-675
-1634
2237
-728
33
-1273
563
1693
193
-339
-122
-468
226
-298
1570
-1501
-656
423
1078
-404
-1379
696
136
1558
1188
-1373
-496
-1074
-672
-434
275
-338
-646
-148
-517
1383
-142
-741
-514
763
-341
2094
699
-45
-789
326
-1022
-16
-873
-250
2247
-1572
963
-39
-992
-173
-826
1366
-1391
-34
-661
349
372
435
87
-908
-129
-1177
-951
-782
-708
637
1341
-1143
-855
712
320
-1853
-460
-978
-1077
1041
-115
529
651
-399
-919
-213
1639
-777
-64
-844
120
-927
-1042
-1336
-1197
-524
1629
273
493
-411
-801
640
-313
-164
-919
-476
-261
-729
1286
-519
-561
-776
985
-891
-1734
277
-254
981
1219
-866
-1351
100
-1104
-870
-304
-419
-358
404
-321
879
-166
-1090
-317
668
-342
3035
140
-272
-693
362
-748
-752
-809
-1107
1937
-1572
1277
-420
-728
-511
-1086
2058
-1174
-1304
214
400
460
5
704
-1048
-966
-1571
-1070
350
-1692
431
1879
-1274
-814
1232
-170
-1899
354
-1329
-1094
1247
-345
-166
-593
-801
-884
-719
2069
-1022
-485
-332
-1183
-1372
-2610
-1875
-1351
-329
1351
1574
1134
-940
-1094
983
-446
552
-1912
-415
190
-817
1665
279
6
-491
1608
-433
-1591
-426
-1221
851
1441
-1342
-1901
72
-1328
-2355
-1
-453
-119
115
-740
317
701
-131
-368
616
175
1007
229
571
-1016
-162
-558
309
-895
597
1687
-664
827
141
-593
123
-798
1380
-890
838
-1626
2
-964
984
-347
379
1698
203
-800
-562
599
1042
159
-598
-310
566
679
-985
-65
-491
74
1154
346
1592
1292
867
286
-96
1282
-982
-165
-132
1450
-234
-25
-726
-883
-863
2049
32
-121
-1038
-494
658
240
-764
-195
20
-117
-26
448
-1
-925
-283
872
-135
-1240
1036
354
1245
1277
-740
-620
-147
-352
507
-400
-295
-646
145
112
632
-1189
-1377
-722
1728
-562
3430
824
1532
-958
2258
-1076
979
-850
-437
3675
-1245
-186
1752
-1259
-272
-1554
2389
-1647
35
-1965
-350
-728
1502
-3463
404
2843
-137
-4198
-2158
343
-568
-695
-447
-661
-559
22
-3690
-1218
-1033
-420
1506
922
1642
2005
1126
-737
-1721
-753
-1902
187
-392
-302
-679
1229
-1531
-1319
-2498
3185
-2001
-1557
-1788
1446
1086
-590
5
861
-252
-346
-864
2562
-2301
-1229
-1028
1766
58
-1158
2212
1275
2547
1007
-1212
-246
-3063
-1309
834
1671
-1629
-1425
29
-474
1289
-1920
-2317
529
1906
-1698
4779
434
998
-138
2967
118
-660
-571
-1002
4115
-1885
1608
1448
-2032
-899
-1159
1080
-1495
-1652
-1657
432
-88
275
-1919
-1181
788
-404
-4188
-2518
-1697
451
1733
-1366
-40
88
-325
-3385
-918
-1584
-569
1435
-974
-482
427
-420
-1612
-1374
-667
-1209
-698
-869
-2606
-2133
-514
-1654
-591
-2416
2321
-1275
624
-2020
966
2136
-284
-202
-1037
-522
768
-689
3670
-2885
-310
327
1461
-323
-1160
-70
-593
1900
1473
-1902
-985
-2410
-1668
-1809
613
-1116
-710
-639
-971
417
257
-763
-1265
1426
180
1170
155
-572
-1246
-235
-1210
1075
-665
-365
2309
-1103
-649
380
-601
537
-1570
3122
-750
716
-527
-589
-762
1837
-195
565
675
-1398
-963
-1014
594
-445
-20
-545
-2276
1547
959
-2248
-1261
-904
-1098
1004
1187
1771
1337
868
-38
-782
2069
-919
289
173
1069
-38
-609
-1618
-1987
-780
2332
808
-766
-914
-1012
320
-427
72
-496
-1549
149
-533
804
465
-738
-1288
797
-977
-2034
741
649
750
875
-254
-1469
594
-1544
759
536
-555
-1508
715
-1227
761
457
-274
-892
1129
291
1116
823
527
-1202
-101
-1423
761
-847
844
1892
-1225
283
737
-1162
637
-1329
1817
-913
1399
-1913
105
-600
1774
-1041
161
1882
-455
-673
-1215
1337
768
-273
-589
-1533
371
835
-1875
-1035
-183
-26
1373
904
2000
2032
763
-318
-400
1233
-892
-120
-123
1835
219
816
-920
-1587
-1449
2124
-935
-890
-759
-508
502
-284
-959
165
-361
-557
-410
617
-474
-1015
-929
569
-1036
-1768
1507
1400
1183
1456
-287
-745
-115
-665
1689
59
-734
-991
239
18
1092
334
-257
-836
598
-32
856
584
-1008
-528
-659
-1227
-128
-1006
-625
1446
-939
208
-668
-570
-246
-601
1422
-850
-210
997
-423
528
762
1636
-1033
-1578
-2179
-37
-68
-1051
60
1919
-733
-1657
1740
336
-728
-753
-940
-1677
880
636
626
-391
-561
-11
-197
2414
-717
-100
-212
480
-559
-2306
-1527
-1640
592
781
2181
331
134
-1617
75
153
310
-1349
-1567
-90
-1021
238
1525
159
-1137
719
-912
-2060
-777
-481
52
371
-287
-2202
1706
-1171
-1580
-76
279
-187
988
-1074
1676
273
-277
-900
606
175
2299
840
403
-734
232
-1456
-564
-974
-65
1416
-1480
1413
-399
-1353
-25
-1313
1102
-1577
-892
-304
237
321
151
-433
-931
-145
-1082
-1071
-37
-1071
558
1478
-673
-941
285
-140
-1673
163
-953
-580
1575
543
745
-40
-331
-657
-568
2063
-1184
17
-410
268
-853
-1363
-1122
-1433
-238
1590
431
380
-345
-637
627
-461
101
-533
113
-730
-784
962
-516
-270
-400
1300
-421
-1718
-185
-341
1419
1076
-1211
-1379
-179
-848
-1576
93
-447
91
136
69
-2215
-1270
-1835
1253
836
-1588
656
-2601
-278
305
536
3046
840
-645
-2379
2322
1717
-610
-180
556
-1463
217
1893
2224
-2055
551
-2035
-3148
-373
627
2568
1968
1090
-3257
-1474
-1216
-215
807
1144
741
1924
-1086
-90
343
-1792
81
-728
-174
-927
-1362
2077
2023
-1146
-1194
-574
-731
1552
-3002
-956
-1368
-362
1160
-289
-147
2120
409
-2280
1532
1483
1279
1263
-528
-1698
2937
1821
251
498
797
2490
920
1571
1011
7
-1992
-492
-1230
-466
1081
-1159
-597
-2569
1987
1249
-514
-454
-2714
1289
-1920
-2317
529
1906
-1698
4779
434
998
-138
2967
118
-660
-571
-1002
4115
-1885
1608
1448
-2032
-899
-1159
1080
-1495
-1652
-1657
432
-88
275
-1919
-1181
788
-404
-4188
-2518
-1697
451
1733
-1366
-40
88
-325
-3385
-918
-1584
-569
1435
-974
-482
427
-420
-1612
-1374
-667
-1209
-698
-869
-2606
-2133
-514
-1654
-591
-2416
2321
-1275
624
-2020
966
2136
-284
-202
-1037
-522
768
-689
3670
-2885
-310
327
1461
-323
-1160
-70
-593
1900
1473
-1902
-985
-2410
-1668
-1809
613
-1116
-710
-639
-971
1289
-1920
-2317
529
1906
-1698
4779
434
998
-138
2967
118
-660
-571
-1002
4115
-1885
1608
1448
-2032
-899
-1159
1080
-1495
-1652
-1657
432
-88
275
-1919
-1181
788
-404
-4188
-2518
-1697
451
1733
-1366
-40
88
-325
-3385
-918
-1584
-569
1435
-974
-482
427
-420
-1612
-1374
-667
-1209
-698
-869
-2606
-2133
-514
-1654
-591
-2416
2321
-1275
624
-2020
966
2136
-284
-202
-1037
-522
768
-689
3670
-2885
-310
327
1461
-323
-1160
-70
-593
1900
1473
-1902
-985
-2410
-1668
-1809
613
-1116
-710
-639
-971
1289
-1920
-2317
529
1906
-1698
4779
434
998
-138
2967
118
-660
-571
-1002
4115
-1885
1608
1448
-2032
-899
-1159
1080
-1495
-1652
-1657
432
-88
275
-1919
-1181
788
-404
-4188
-2518
-1697
451
1733
-1366
-40
88
-325
-3385
-918
-1584
-569
1435
-974
-482
427
-420
-1612
-1374
-667
-1209
-698
-869
-2606
-2133
-514
-1654
-591
-2416
2321
-1275
624
-2020
966
2136
-284
-202
-1037
-522
768
-689
3670
-2885
-310
327
1461
-323
-1160
-70
-593
1900
1473
-1902
-985
-2410
-1668
-1809
613
-1116
-710
-639
-971
225
-1325
-2052
-416
2087
-881
3764
401
1478
-1014
2812
-176
549
-299
-647
3966
-1450
-154
1761
-1071
-531
-1284
2330
-1331
91
-2409
-182
-806
1499
-3295
159
2490
114
-4416
-2485
-66
-576
-590
-1376
-215
-277
179
-3702
-1429
-1063
-295
1565
-31
995
1924
1125
-788
-1199
-972
-1737
198
-787
-1029
-962
807
-1427
-1020
-2809
3368
-2028
-969
-2509
1026
1214
-519
-568
-50
-133
358
-522
3440
-2590
-1318
-813
1685
304
-834
1785
644
2535
1409
-1218
-549
-3195
-1627
687
999
-1960
-1608
-358
-650
69
246
-1385
-892
1678
35
1297
503
1021
-1058
1044
30
109
-393
233
2470
-973
-254
487
-734
-309
-550
1401
-411
1314
-2313
-471
-1016
1992
-1466
114
1877
88
-2032
-1962
590
86
-151
-1601
-754
622
566
-1724
-1589
-376
35
1707
219
1318
1658
1391
336
417
554
-1378
390
-497
853
44
122
-496
-1057
-1664
2283
-981
-663
-1872
-521
285
218
-1800
-621
-268
383
215
1722
-780
-1167
-889
829
228
-1015
1181
337
1645
1230
-173
-992
-1022
-978
1049
-452
-1200
-1081
-209
-322
417
257
-763
-1265
1426
180
1170
155
-572
-1246
-235
-1210
1075
-665
-365
2309
-1103
-649
380
-601
537
-1570
3122
-750
716
-527
-589
-762
1837
-195
565
675
-1398
-963
-1014
594
-445
-20
-545
-2276
1547
959
-2248
-1261
-904
-1098
1004
1187
1771
1337
868
-38
-782
2069
-919
289
173
1069
-38
-609
-1618
-1987
-780
2332
808
-766
-914
-1012
320
-427
72
-496
-1549
149
-533
804
465
-738
-1288
797
-977
-2034
741
649
750
875
-254
-1469
594
-1544
759
536
-555
-1508
715
-1227
225
-1325
-2052
-416
2087
-881
3764
401
1478
-1014
2812
-176
549
-299
-647
3966
-1450
-154
1761
-1071
-531
-1284
2330
-1331
91
-2409
-182
-806
1499
-3295
159
2490
114
-4416
-2485
-66
-576
-590
-1376
-215
-277
179
-3702
-1429
-1063
-295
1565
-31
995
1924
1125
-788
-1199
-972
-1737
198
-787
-1029
-962
807
-1427
-1020
-2809
3368
-2028
-969
-2509
1026
1214
-519
-568
-50
-133
358
-522
3440
-2590
-1318
-813
1685
304
-834
1785
644
2535
1409
-1218
-549
-3195
-1627
687
999
-1960
-1608
-358
-650
1289
-1920
-2317
529
1906
-1698
4779
434
998
-138
2967
118
-660
-571
-1002
4115
-1885
1608
1448
-2032
-899
-1159
1080
-1495
-1652
-1657
432
-88
275
-1919
-1181
788
-404
-4188
-2518
-1697
451
1733
-1366
-40
88
-325
-3385
-918
-1584
-569
1435
-974
-482
427
-420
-1612
-1374
-667
-1209
-698
-869
-2606
-2133
-514
-1654
-591
-2416
2321
-1275
624
-2020
966
2136
-284
-202
-1037
-522
768
-689
3670
-2885
-310
327
1461
-323
-1160
-70
-593
1900
1473
-1902
-985
-2410
-1668
-1809
613
-1116
-710
-639
-971
1125
-1406
-2215
75
1477
-1260
4042
382
334
-613
2005
-89
-295
-504
-944
3574
-2014
1218
882
-1263
-579
-889
1742
-1496
-776
-1474
786
381
268
-769
-1036
263
-699
-2644
-1870
-1147
468
1384
-1919
-330
591
200
-3238
-686
-1469
-1060
1003
-1208
-521
792
-652
-1809
-691
377
-752
-249
-1158
-1778
-1682
-870
-1654
-741
-1682
2075
-707
1023
-1489
-61
1499
-587
-160
-1556
-393
658
-665
3213
-2114
-699
-371
1239
-742
-1261
427
-675
1376
1770
-1376
-1216
-1304
-1575
-1098
-215
-1145
-720
-286
-879
1192
-221
-817
-497
677
-524
1881
295
-930
-602
125
-824
-171
-706
-964
2159
-1352
489
-352
-565
-417
-691
1692
-1115
-539
557
3
653
168
1100
-1094
-1507
-1937
-869
-338
-1626
40
1852
-1234
-1002
1441
313
-1482
-558
-1258
-1773
727
-215
77
-239
-631
-613
-307
2007
-628
-13
-867
-539
-1204
-2263
-1722
-1314
224
1384
1782
798
-300
-1320
480
-203
487
-1499
-1210
124
-1036
1307
416
-175
-951
1049
-856
-1842
-719
-955
418
702
-769
-2009
874
-1542
-1860
-60
-63
-362
842
-1055
417
257
-763
-1265
1426
180
1170
155
-572
-1246
-235
-1210
1075
-665
-365
2309
-1103
-649
380
-601
537
-1570
3122
-750
716
-527
-589
-762
1837
-195
565
675
-1398
-963
-1014
594
-445
-20
-545
-2276
1547
959
-2248
-1261
-904
-1098
1004
1187
1771
1337
868
-38
-782
2069
-919
289
173
1069
-38
-609
-1618
-1987
-780
2332
808
-766
-914
-1012
320
-427
72
-496
-1549
149
-533
804
465
-738
-1288
797
-977
-2034
741
649
750
875
-254
-1469
594
-1544
759
536
-555
-1508
715
-1227
750
-195
-1157
-317
1116
-411
2727
467
588
-981
812
-417
-42
-738
-22
2441
-1614
1349
250
-1066
-97
-964
1574
-1325
128
-1772
634
-117
813
-515
-556
1047
-168
-1337
-1070
-140
1035
801
-1584
-353
521
398
-2253
-147
-979
-243
1364
-561
483
1226
-86
-981
-195
1121
-804
-285
-727
23
-873
-530
-1101
-952
-1354
1895
-628
755
-1376
-509
956
-372
-825
-1130
299
214
-169
1845
-1196
-815
-398
1012
-497
-1280
959
-47
1426
2021
-1039
-944
-770
-917
-236
-648
-972
-507
-411
-75
-555
-500
-1606
-199
1380
-601
1569
-537
108
-1874
876
396
1768
1
-622
3442
-1198
-773
551
734
-160
-213
2971
-970
1774
-2051
-68
-1262
1312
-503
994
1733
83
-1341
-1935
1142
-169
-1012
-1566
-255
1022
1341
-2543
-1028
-942
-1242
4
-693
1025
2628
972
-639
430
519
-713
700
-811
446
-387
523
-1201
-500
-1670
2939
-854
-301
-1545
-673
444
-288
-504
-1135
-699
831
367
1827
-754
-1710
-936
789
-325
-688
2468
286
1096
1543
-363
-476
-766
-1381
1808
-1092
-1292
-2131
277
-756
996
-238
-934
-602
785
-406
2891
323
-388
-696
273
-853
-431
-997
-981
1939
-1439
1248
-490
-900
-330
-1147
1999
-1347
-1267
334
256
587
223
824
-1045
-880
-1463
-1091
46
-1558
430
1934
-1277
-878
1274
-52
-1932
264
-1520
-1147
1242
-143
-56
-393
-811
-795
-770
2075
-836
-351
-430
-759
-1252
-2465
-1731
-1430
-65
1196
1496
1217
-807
-1040
789
-445
506
-1693
-384
222
-837
1482
117
19
-557
1364
-524
-1677
-349
-882
828
1351
-1157
-1849
242
-1278
-2249
51
-420
0
90
-854
225
-1325
-2052
-416
2087
-881
3764
401
1478
-1014
2812
-176
549
-299
-647
3966
-1450
-154
1761
-1071
-531
-1284
2330
-1331
91
-2409
-182
-806
1499
-3295
159
2490
114
-4416
-2485
-66
-576
-590
-1376
-215
-277
179
-3702
-1429
-1063
-295
1565
-31
995
1924
1125
-788
-1199
-972
-1737
198
-787
-1029
-962
807
-1427
-1020
-2809
3368
-2028
-969
-2509
1026
1214
-519
-568
-50
-133
358
-522
3440
-2590
-1318
-813
1685
304
-834
1785
644
2535
1409
-1218
-549
-3195
-1627
687
999
-1960
-1608
-358
-650
996
-238
-934
-602
785
-406
2891
323
-388
-696
273
-853
-431
-997
-981
1939
-1439
1248
-490
-900
-330
-1147
1999
-1347
-1267
334
256
587
223
824
-1045
-880
-1463
-1091
46
-1558
430
1934
-1277
-878
1274
-52
-1932
264
-1520
-1147
1242
-143
-56
-393
-811
-795
-770
2075
-836
-351
-430
-759
-1252
-2465
-1731
-1430
-65
1196
1496
1217
-807
-1040
789
-445
506
-1693
-384
222
-837
1482
117
19
-557
1364
-524
-1677
-349
-882
828
1351
-1157
-1849
242
-1278
-2249
51
-420
0
90
-854
417
257
-763
-1265
1426
180
1170
155
-572
-1246
-235
-1210
1075
-665
-365
2309
-1103
-649
380
-601
537
-1570
3122
-750
716
-527
-589
-762
1837
-195
565
675
-1398
-963
-1014
594
-445
-20
-545
-2276
1547
959
-2248
-1261
-904
-1098
1004
1187
1771
1337
868
-38
-782
2069
-919
289
173
1069
-38
-609
-1618
-1987
-780
2332
808
-766
-914
-1012
320
-427
72
-496
-1549
149
-533
804
465
-738
-1288
797
-977
-2034
741
649
750
875
-254
-1469
594
-1544
759
536
-555
-1508
715
-1227
996
-238
-934
-602
785
-406
2891
323
-388
-696
273
-853
-431
-997
-981
1939
-1439
1248
-490
-900
-330
-1147
1999
-1347
-1267
334
256
587
223
824
-1045
-880
-1463
-1091
46
-1558
430
1934
-1277
-878
1274
-52
-1932
264
-1520
-1147
1242
-143
-56
-393
-811
-795
-770
2075
-836
-351
-430
-759
-1252
-2465
-1731
-1430
-65
1196
1496
1217
-807
-1040
789
-445
506
-1693
-384
222
-837
1482
117
19
-557
1364
-524
-1677
-349
-882
828
1351
-1157
-1849
242
-1278
-2249
51
-420
0
90
-854
1351
-1874
-2194
505
1862
-1604
4938
343
1211
-257
2967
62
-666
-590
-1093
3986
-1916
1776
1186
-2041
-942
-1273
1080
-1578
-2009
-1522
353
-275
46
-2132
-1097
871
-337
-4260
-2309
-1869
440
1765
-1118
37
-104
-588
-3409
-585
-1672
-470
1498
-818
-462
229
-383
-1599
-1437
-544
-1404
-648
-714
-2712
-2190
-595
-1598
-566
-2387
2346
-1330
588
-2010
1089
2164
-370
-1
-953
-286
628
-537
3527
-2976
-206
625
1648
-114
-1057
-22
-705
2084
1439
-2103
-840
-2679
-1633
-2183
703
-1139
-623
-774
-805
1145
1661
757
-1696
-111
1305
728
926
-68
-848
-1496
-2399
-352
-1786
269
216
-493
497
-829
-798
56
-1511
2087
-914
-75
572
-300
329
651
329
-136
170
-1507
-239
1610
-599
412
893
-117
-1476
867
-154
-518
617
-613
-555
1772
1941
1906
-394
573
879
-899
3145
-1636
70
210
1938
182
-1936
-1379
-2216
916
1262
2362
-364
-101
-1089
-161
-99
642
150
-11
-1354
-1278
-511
1794
-385
-1173
1767
-259
-2126
339
87
1081
431
-684
-1666
817
-285
-1169
1121
306
435
1111
38
971
-1230
-1360
69
1647
-1262
3303
300
376
-997
1742
-420
576
-375
-447
3587
-1816
871
1086
-1266
-117
-1159
1741
-1586
-177
-1587
305
-252
779
-1202
-670
851
-574
-2546
-2173
-520
444
745
-1288
-413
294
550
-2979
-1068
-1208
-809
989
-608
512
1501
-128
-1352
-799
86
-741
-305
-1029
-797
-1432
94
-1515
-950
-1933
2645
-1119
167
-1385
14
1387
-482
-326
-772
-578
335
-615
2548
-2014
-746
-322
943
-819
-1438
653
311
1481
1638
-1211
-966
-1249
-1646
-173
65
-1137
-1209
-117
-699
1898
-1014
-1446
325
571
-955
2950
1111
929
-209
1457
-326
-1565
-860
-277
2164
-1498
1906
133
-1336
-1115
352
-613
-1311
-1170
-897
772
943
-716
265
-2090
-701
-807
-1514
-1476
-1497
1291
2743
-1441
-28
114
-356
-1317
-619
-690
-1026
938
-987
-954
-559
-1539
-1446
201
239
-918
-315
-913
-1163
-1372
-1138
-704
-168
-702
608
-592
983
93
-399
1340
310
-342
-1623
-267
-179
-940
1918
-1246
-41
304
886
-510
-1022
-454
-1137
848
972
-1004
-1455
-256
-354
-2087
-1075
-410
583
-113
-319
996
-238
-934
-602
785
-406
2891
323
-388
-696
273
-853
-431
-997
-981
1939
-1439
1248
-490
-900
-330
-1147
1999
-1347
-1267
334
256
587
223
824
-1045
-880
-1463
-1091
46
-1558
430
1934
-1277
-878
1274
-52
-1932
264
-1520
-1147
1242
-143
-56
-393
-811
-795
-770
2075
-836
-351
-430
-759
-1252
-2465
-1731
-1430
-65
1196
1496
1217
-807
-1040
789
-445
506
-1693
-384
222
-837
1482
117
19
-557
1364
-524
-1677
-349
-882
828
1351
-1157
-1849
242
-1278
-2249
51
-420
0
90
-854
225
-1325
-2052
-416
2087
-881
3764
401
1478
-1014
2812
-176
549
-299
-647
3966
-1450
-154
1761
-1071
-531
-1284
2330
-1331
91
-2409
-182
-806
1499
-3295
159
2490
114
-4416
-2485
-66
-576
-590
-1376
-215
-277
179
-3702
-1429
-1063
-295
1565
-31
995
1924
1125
-788
-1199
-972
-1737
198
-787
-1029
-962
807
-1427
-1020
-2809
3368
-2028
-969
-2509
1026
1214
-519
-568
-50
-133
358
-522
3440
-2590
-1318
-813
1685
304
-834
1785
644
2535
1409
-1218
-549
-3195
-1627
687
999
-1960
-1608
-358
-650
1184
-55
-391
-1242
1523
161
2753
1526
1699
-598
1109
-1643
315
-1443
791
2172
-1221
1172
1004
-2399
412
-2088
1297
-1588
17
-2141
-18
-397
1950
-2962
-132
2983
234
-2782
-1460
642
690
-6
-355
-1013
-640
-162
-2761
-485
-765
862
2499
1410
1979
1790
902
-375
-1483
384
-1546
-368
-70
1112
-173
998
-826
-1734
-1956
2091
-1960
-826
-1574
1064
787
-511
-1064
1113
764
-746
-491
1379
-2062
-755
-704
1198
-201
-1593
1643
1733
2495
1550
-1052
-223
-2230
-560
578
1311
-1203
-295
-644
427
-50
932
-310
-2050
1750
988
339
139
-1348
-1492
-1010
-2034
1834
-489
-353
1670
-1043
-1871
390
-244
1176
-2240
4344
-658
1560
184
-869
-682
3047
-71
1052
312
-2057
-2
-280
1454
-1442
-1153
-340
-3467
2092
1436
-2371
-1464
-761
-1372
971
2212
2641
1807
1169
266
-1135
2955
-853
587
715
2140
832
-592
-2108
-2935
-611
2428
1422
-1471
-992
-1508
-536
-840
376
-371
-2001
32
-739
271
1632
-780
-2252
543
-1414
-2413
1145
1660
445
796
229
-1870
1288
-1852
1953
936
-698
-2161
1083
-1431
988
402
-253
-551
660
300
2800
527
1016
-532
635
-1252
-405
-1074
217
1650
-1147
1586
453
-1512
97
-1930
1636
-1493
-748
-1274
387
-423
482
-1834
37
1647
-19
-2127
214
-510
680
354
-282
-320
-195
-186
-2062
786
-927
432
1870
675
1343
557
610
-327
-1418
1321
-1497
-401
-38
180
-847
-454
-1287
-1310
-1177
2330
-93
24
-1495
497
1107
-500
36
346
742
-580
-558
1347
-1052
-665
-175
1760
80
-1385
635
161
2135
1410
-1788
-548
-1612
-626
-815
962
-603
-257
-206
433
131
27
-1010
-607
1061
-232
1093
62
-23
-1513
11
-234
1036
-543
-208
2443
-1114
-86
-82
26
18
-346
2168
-831
1236
-1366
-120
-733
1243
346
284
999
-458
-462
-1400
784
421
142
-1277
-903
1206
977
-1755
-883
-779
-992
552
-112
1011
1726
465
-369
463
1390
-642
348
-479
993
-188
-266
-934
-918
-853
1898
-128
4
-803
-1148
299
-88
-667
-1150
-698
385
131
885
-32
-1044
-842
569
-599
-1220
1499
184
717
1365
-138
-939
313
-989
868
-1019
-738
-1165
269
-629
670
-599
-1209
-207
611
-866
2235
86
-1005
-664
210
-478
-317
-922
-1530
2380
-1047
298
-401
-105
-979
-193
2034
-824
-860
989
-129
787
18
1914
-1224
-1765
-2135
-1077
-254
-1917
80
2270
-1479
-785
1893
115
-1313
-546
-1403
-2156
522
-473
-438
-774
-952
-452
-404
1591
-777
-278
-688
-1150
-1312
-2903
-1993
-1176
352
944
2412
977
-396
-1479
667
127
876
-2223
-1512
507
-1262
1481
1143
76
-880
1315
-632
-1626
-576
-1328
56
642
-648
-2345
1019
-1447
-2394
-16
-15
-189
910
-1656
996
-238
-934
-602
785
-406
2891
323
-388
-696
273
-853
-431
-997
-981
1939
-1439
1248
-490
-900
-330
-1147
1999
-1347
-1267
334
256
587
223
824
-1045
-880
-1463
-1091
46
-1558
430
1934
-1277
-878
1274
-52
-1932
264
-1520
-1147
1242
-143
-56
-393
-811
-795
-770
2075
-836
-351
-430
-759
-1252
-2465
-1731
-1430
-65
1196
1496
1217
-807
-1040
789
-445
506
-1693
-384
222
-837
1482
117
19
-557
1364
-524
-1677
-349
-882
828
1351
-1157
-1849
242
-1278
-2249
51
-420
0
90
-854
801
-981
-1137
-875
1590
-338
3329
1012
1526
-900
2132
-1428
939
-878
-325
3417
-1336
-241
1720
-1338
-229
-1717
2368
-1688
172
-1866
-249
-458
1503
-3736
284
2763
-304
-4094
-1783
242
-652
-867
-415
-691
-793
-107
-3659
-1101
-912
-349
1641
1071
1779
2011
1163
-753
-1781
-605
-1965
212
-536
-175
-591
1256
-1593
-1501
-2413
3171
-1997
-1682
-1716
1490
872
-755
30
1138
-23
-695
-1024
2497
-2296
-1286
-1286
1886
-6
-1246
2275
1411
2659
976
-1235
-219
-3204
-1313
863
1928
-1629
-1313
156
-170
236
992
75
-1237
741
902
-649
1162
630
-1320
-411
-1423
1245
-840
1290
1442
-369
-1154
762
34
333
-139
1416
-871
3150
-2012
-252
-493
2281
-840
660
2167
-41
-110
-1235
2497
110
-1420
-714
-1147
320
1426
-874
-1551
398
-591
714
1298
2621
2733
1280
465
501
787
-1062
845
-302
3494
1272
1668
-462
-1231
-917
2052
-1072
-1800
-220
-621
-591
332
-1207
608
-502
-860
-557
-37
491
-1746
-1851
244
-625
-1265
2642
2007
1041
663
568
-625
269
35
3351
-655
-677
-1247
1009
240
1021
1052
646
-754
417
865
417
1424
1861
-294
-351
-1445
-319
-1685
1831
463
-51
1369
488
-1875
358
-970
-286
-683
580
-2025
-149
-946
1308
-1570
291
3030
823
-915
-741
1478
1649
252
669
-783
-561
-65
-302
-108
252
1322
1888
1834
2245
1035
1041
740
-596
571
-1397
-477
825
2609
677
1324
210
-945
-1018
951
-1289
-1130
-353
706
653
631
-1231
1420
573
-1118
-145
-704
-383
-476
237
546
-22
-1183
1260
1520
1531
671
-473
120
-606
957
930
430
50
370
-251
862
996
-238
-934
-602
785
-406
2891
323
-388
-696
273
-853
-431
-997
-981
1939
-1439
1248
-490
-900
-330
-1147
1999
-1347
-1267
334
256
587
223
824
-1045
-880
-1463
-1091
46
-1558
430
1934
-1277
-878
1274
-52
-1932
264
-1520
-1147
1242
-143
-56
-393
-811
-795
-770
2075
-836
-351
-430
-759
-1252
-2465
-1731
-1430
-65
1196
1496
1217
-807
-1040
789
-445
506
-1693
-384
222
-837
1482
117
19
-557
1364
-524
-1677
-349
-882
828
1351
-1157
-1849
242
-1278
-2249
51
-420
0
90
-854
1440
2374
1047
-3969
-284
3308
-3616
3669
-182
-338
-2573
-4655
-46
-2147
1978
-1476
1080
-3752
914
87
702
339
1064
-456
3722
831
-1288
1761
3432
769
127
-64
-2857
1813
197
3823
-1784
-982
528
-4977
1278
1634
744
-3528
1849
-2330
946
5217
3956
912
660
1762
-123
2392
-1817
2062
1427
6694
3920
778
-538
-3201
1771
-42
1462
-4364
3119
-1764
-2407
978
119
1657
-2891
-2901
-3427
-2487
4628
-1176
-4720
-183
-1467
-2726
1671
3205
-457
-2074
2774
-2855
3984
1393
4456
654
309
-147
3412
-934
225
-1325
-2052
-416
2087
-881
3764
401
1478
-1014
2812
-176
549
-299
-647
3966
-1450
-154
1761
-1071
-531
-1284
2330
-1331
91
-2409
-182
-806
1499
-3295
159
2490
114
-4416
-2485
-66
-576
-590
-1376
-215
-277
179
-3702
-1429
-1063
-295
1565
-31
995
1924
1125
-788
-1199
-972
-1737
198
-787
-1029
-962
807
-1427
-1020
-2809
3368
-2028
-969
-2509
1026
1214
-519
-568
-50
-133
358
-522
3440
-2590
-1318
-813
1685
304
-834
1785
644
2535
1409
-1218
-549
-3195
-1627
687
999
-1960
-1608
-358
-650
