-19262
-22942
-427
-4405
5987
17961
41610
-2469
27575
-4472
-12349
-12213
37377
-98
24928
-3166
3003
-9198
15274
1594
10930
4699
-4655
-10606
19748
7172
-24338
6078
-543
-12770
3042
21254
-10352
17195
1337
3135
-11615
17923
-8132
6985
1077
-5646
10027
15993
-16430
10795
-70
13312
-15713
-21897
8238
-15089
7071
13405
6077
9593
13031
3179
-17455
-8592
5556
-238
874
-5371
3462
2155
-16521
-4866
-6805
6349
3708
-7829
17389
-360
19914
-11148
3381
-9589
17855
-191
7444
6243
-3282
871
5043
-8299
-37150
6476
14543
3621
-3058
1428
-7303
7965
11125
-21492
-21236
-9358
13486
-7199
-6278
31739
15193
15084
17875
3162
20915
-19675
18305
11654
14634
9755
8512
-11681
2618
-9215
10091
6847
2433
-32639
819
13835
6324
22231
5640
-18285
-13323
24610
-5718
838
-700
-12163
-31415
-9689
-10450
17061
9629
-12044
1355
-6669
-9868
17640
2298
25922
-7890
-27018
1267
-3808
-3632
16660
7051
-3848
23219
-7696
-5424
-2506
17573
-11701
3659
9559
4134
-20090
9017
-2446
10985
5623
701
1601
306
11077
-7729
16268
-5263
-1012
-1706
13637
-1033
-2640
-1681
6271
-4782
-3851
-19940
8219
20238
-7644
-24297
4861
-6569
15027
1707
-6847
-21443
-15729
24894
-19498
2369
22670
23883
3008
17155
17239
-13883
-18300
1942
-413
-7950
-730
8138
-19125
7731
-520
4867
16588
2394
-1979
15884
8053
-9374
-3351
-13712
-4596
3130
20966
-13324
15054
2093
-12234
-13307
7685
-10439
-11100
14035
-11950
-9456
18599
-20952
-10109
16508
-6773
-19754
-29369
-12708
-717
-7676
9519
36350
167
26758
-12621
-5044
1543
25983
9533
9503
7633
26525
-20246
3609
5046
23964
-13327
10931
-11767
10845
7149
-12950
14858
5651
-8047
-10056
18396
-11238
-523
-6497
13167
4370
15319
-8133
6736
8441
5881
2871
3493
-18173
-5573
-23702
15410
-20228
-21088
-2802
-6296
13985
3819
34982
13976
28555
10496
-31401
-10327
16578
-3423
21632
-13934
8997
-1377
-18891
10271
-1321
-1016
-3911
-23590
14696
5007
15567
8931
19164
-5691
18661
-11106
19610
4495
-8966
16552
5901
7017
-42355
15606
21082
21900
14536
-520
-9580
12557
-3566
-8245
7328
-15253
12864
-7555
-27590
10301
18057
13817
18484
20953
2827
-19512
21216
-2444
8008
12251
12974
-3981
-17032
-10571
7477
-7109
-18251
-30757
949
13680
20570
5415
448
-6704
-1510
1002
-8484
23906
-2206
-11827
-29132
10216
-5751
11503
11341
-5083
13382
-14467
-14492
9144
4456
24777
3253
-11422
-6966
5171
-17759
864
-10844
2872
18756
-3742
-6715
-13543
10813
-6671
-596
17297
16826
-8174
-16838
-10852
-655
4199
-14951
2119
-2234
10752
9357
6810
5356
-13500
520
-1657
4282
3952
-13531
8546
-3097
1002
-18609
18457
16523
1791
-5559
-13765
-10166
18486
-7327
2589
-23786
-3362
23984
-8051
-14756
16839
21373
5133
21216
15414
-13709
-11369
9614
11772
-12898
-8544
15345
-18287
-6125
-9640
6644
16894
3560
-969
7054
11720
-3155
19108
-12610
-20393
9502
19346
-14106
1225
8809
10279
-8078
-8714
-15177
4816
23278
12187
-4753
2983
-15125
-5483
-7313
-3623
-4352
-25180
-1091
-14179
-5768
8589
2465
14830
21342
-556
3313
-13016
22807
7299
13490
5976
16425
-9553
9071
11095
15771
-21663
3254
11684
21189
7883
-9490
-4162
-7285
1756
3805
1140
-7163
13844
-5574
-4411
11952
22279
2986
3880
10971
-4877
-15531
2871
-2948
-3489
855
11498
-9579
-22993
6495
-7075
17987
-2782
-4780
13026
34378
-6372
-10136
1038
-3547
-1026
17800
-21254
2720
7644
-6475
6217
7577
-14674
-330
-20786
15435
-13343
-3747
-58
19447
1948
15398
-14655
15186
4033
-20505
7383
16985
-139
-17598
8056
7261
3537
9710
-13017
-3263
9198
-31457
19101
-1219
-40271
-2964
-21281
2350
13039
33615
18669
6377
-10290
-20461
-5181
14333
31266
-2498
-17070
21594
9069
-7216
-13165
13872
11657
10487
-23295
10780
3979
-2509
3776
4015
-25450
7555
10820
-17205
3436
6569
9304
4950
5247
-22765
4595
19297
7631
3636
-15838
14771
-13887
-19401
13934
-1365
-28974
-19462
-16295
-1791
6570
6182
8303
15974
4076
-20757
6359
-6241
1428
13358
-11664
7871
7892
-14243
-934
6867
5929
-21346
-19279
10434
4749
15059
-2950
6804
12537
2052
-1868
8890
10363
-22967
11289
8678
16434
-18940
11322
24018
7821
12728
-13609
3949
6046
155
-7049
-27719
-5339
29865
-16194
-2311
30143
27150
14555
7695
-6910
-3967
-14102
1848
24405
-17585
-7926
4628
-9988
-2421
-22336
12084
21403
4833
338
3963
-3571
-312
6761
-21702
-18622
6990
24761
-25631
-1558
11018
-10211
408
-12186
-7161
-983
15433
1304
-13183
571
-7882
-16800
764
-5248
-8057
-22165
227
-12747
-1020
19379
495
16600
10649
-13556
-10678
-6751
15635
-2105
4869
1608
17350
1055
7150
-3696
16778
-11642
4305
17368
9531
1824
-6632
-6140
-4056
-1091
10169
11665
-7482
5226
-9688
-8377
27246
7619
-6266
1242
14089
11747
-17603
904
5237
-4441
-6302
6072
-11970
-15351
812
-16145
-18341
14395
16996
7950
10151
-7267
-19705
12467
4943
9256
-3628
-287
22838
-12687
-5879
-11548
15505
888
-5114
-7104
17611
6041
-1604
8656
-8841
-20078
10827
9275
-17188
10978
-3193
12306
19038
7019
-7730
5956
10573
6942
4346
-7134
4306
-23274
-27011
2347
11078
-23713
2562
-36400
-4908
22217
26079
12208
15523
12109
-15088
2632
16335
2060
-2936
2724
5368
918
7636
-22317
10946
-6386
-3295
-13471
25275
3495
-4934
-5527
-4226
9540
-44
5270
-6414
6974
-1584
-10884
9768
19837
-10239
6419
5018
-2962
-5091
2136
12518
-15403
-3172
-762
