686
-116
0
114
-302
0
-7179
-188
631
0
-1502
49
150
0
55
-4760
0
-5287
-240
-889
0
0
-851
0
-442
-504
-1519
-1744
-1205
168
-310
259
0
0
0
567
-150
-6365
0
-184
2060
-700
0
-42
0
0
757
0
-132
1613
-864
0
-696
-3299
0
1048
0
-52
0
165
0
0
-104
1602
1608
-248
0
-889
1039
222
-480
0
-618
-22
189
1512
75
0
-705
-1827
0
0
218
635
-987
-1662
0
0
-880
73
-512
-508
-154
-1013
-31
0
1974
450
0
782
1125
0
-9747
321
-1509
0
-3378
-114
890
0
-447
-5367
0
-3482
84
-105
0
0
-1924
0
221
216
-1670
-1469
-2506
-762
-1270
-180
0
0
0
765
90
-8150
0
-126
-1691
-1270
0
-116
0
0
2789
0
1075
1479
-592
0
-480
-1757
0
-140
0
-16
0
205
0
0
-254
2799
-3224
59
0
-1099
631
-375
-1150
0
178
154
-279
592
-390
0
-472
-330
0
0
-184
335
-3452
-151
0
0
-192
61
-1712
16
253
49
-804
0
2464
-18
0
106
-1437
0
-6039
133
144
0
-4488
-81
-1100
0
-87
-1609
0
-2964
-240
322
0
0
-1133
0
1479
-36
-364
-1101
-1959
174
-910
55
0
0
0
756
-149
-5021
0
-223
-966
-250
0
0
0
0
1125
0
928
-595
-272
0
-224
6
0
-1028
0
-160
0
-635
0
0
-96
2011
-120
543
0
-889
429
-343
-1287
0
-536
52
-156
1501
-35
0
-635
-489
0
0
-2128
285
-763
-1150
0
0
1872
0
-1920
-508
-889
219
610
0
-79
4
0
-1230
371
-63
-6067
513
-864
0
2510
0
-455
0
-93
-4629
0
-4517
18
0
210
0
-3884
0
-889
180
-599
-718
-947
-508
-252
47
0
0
0
-312
-277
-4856
0
185
945
312
0
-381
0
0
1055
40
198
-541
966
82
0
-2396
0
160
0
-600
-101
0
0
0
0
2038
-1108
920
0
-574
2375
-60
-894
0
-631
-20
0
103
-144
0
355
-2345
0
0
35
203
-251
-998
0
0
-665
0
608
664
137
-315
-138
0
-2075
276
0
-1747
798
-32
-4748
-588
156
0
3052
0
-375
0
-96
-5150
0
-6388
567
0
-162
0
-3300
0
-301
-30
-49
-691
-1799
116
216
328
0
0
0
-508
-956
-6235
0
-349
-2270
540
0
-162
0
0
1740
255
-692
-721
504
-254
0
-1525
0
224
0
1016
-127
0
0
0
0
735
-1204
-1089
0
-665
2151
361
-1554
0
103
127
0
-30
-489
0
180
-1121
0
0
173
-574
-3344
-855
0
0
453
0
-120
-380
-319
287
-1098
0
-1596
288
0
-920
-156
0
-7694
421
-267
0
2557
127
-910
0
-191
-5577
0
-4916
-180
-252
0
0
-2756
0
-2159
-426
-751
-1433
-819
534
-420
-707
0
0
0
-702
143
-1855
0
514
1204
520
0
-127
0
0
698
0
-323
-1450
1104
0
704
-3862
0
-176
0
6
0
-255
0
0
-6
4420
680
301
0
-1017
2394
165
-1070
0
-1051
-82
216
394
560
0
441
-1960
0
0
19
145
1115
-1930
0
0
-1472
-84
1216
-64
-128
-304
-46
0
-3228
-918
0
-650
3457
33
-5874
828
942
0
-2755
-43
-720
0
53
-5033
0
-4477
478
-259
-210
0
-1569
0
-809
-350
213
-1326
-1577
-60
298
-27
0
0
0
-1143
-938
-2288
0
-1283
-2149
760
0
-54
0
0
2226
255
-1835
-2055
36
256
624
-4658
0
589
0
203
0
110
0
0
0
3397
-3934
-646
0
-423
-64
-221
-1363
0
93
-122
-381
-696
830
0
247
185
0
0
564
98
-1553
-2867
0
0
-3757
-7
-240
880
299
306
-947
0
1857
-404
0
738
-1511
127
-9009
2029
368
0
-1817
0
-635
0
87
-2260
0
-3673
-257
0
-666
0
-1462
0
-147
-105
-1434
-1008
-767
-168
96
-349
0
0
0
324
1022
-5450
0
-412
-2089
336
0
-336
0
0
1087
-195
-1642
-335
-630
-8
0
-1360
0
-12
0
144
-47
0
0
0
0
5267
-1272
-369
0
-889
730
-300
-1582
0
-260
-2
0
1420
-309
0
-1080
-740
0
0
-329
-714
2188
-2063
0
0
-974
0
896
-776
18
-683
75
0
1916
-441
0
1192
1753
-35
-11661
1676
-1069
0
-5368
0
-120
0
726
-4814
0
-6641
129
0
-492
0
-1170
0
-245
0
-739
-1221
420
0
-150
-223
0
0
0
208
503
-9705
0
51
-2031
-162
0
0
0
0
2525
-310
-1740
-736
-1148
174
0
-1702
0
490
0
-372
19
0
0
0
0
3066
-162
-482
0
-616
1875
-438
-907
0
-30
7
0
1520
30
0
-925
-708
0
0
204
-111
-468
134
0
0
-491
0
1016
-144
53
-912
-1326
0
1312
-39
0
765
8
0
-6300
-681
-348
0
-5996
0
0
0
-36
-1296
0
-5650
-9
0
0
0
-282
0
0
0
180
-879
-990
0
0
176
0
0
0
0
-738
-7488
0
30
-785
0
0
0
0
0
1355
0
240
446
0
0
0
-1214
0
4
0
48
0
0
0
0
0
1420
108
454
0
0
945
95
-353
0
-252
0
0
1384
0
0
-480
-144
0
0
-39
67
-1546
-1339
0
0
-279
0
0
0
-231
-204
228
0
1320
-242
0
284
-1577
-63
-6773
1328
814
0
-3588
10
-1452
0
602
-1264
0
-2899
-160
602
175
0
-3352
0
-738
-336
-98
-305
-1020
56
76
-1549
0
0
0
729
347
-4062
0
135
1461
664
0
-112
0
0
1467
40
-1244
-445
-30
164
-392
-1695
0
1
0
-477
0
-415
0
0
0
5635
1414
442
0
-762
557
-246
-728
0
-666
-102
-150
1641
165
0
-525
-868
0
0
-985
-394
2131
-2536
0
0
-1045
21
1792
109
-44
-290
162
0
2080
483
0
308
1046
-32
-4743
247
-1183
0
-5864
15
-390
0
63
-1042
0
-1633
124
182
-135
0
-3404
0
-724
144
1087
-296
-412
-254
-178
-776
0
0
0
468
-190
-3878
0
90
-3737
-90
0
0
0
0
1621
255
-1336
-3233
-952
-508
-1016
-781
0
153
0
567
0
195
0
0
0
2515
-2024
-178
0
-528
653
9
-559
0
262
-53
-138
384
-858
0
155
630
0
0
455
-498
-917
-387
0
0
-228
0
2032
-917
186
146
-1603
0
637
-146
0
209
-254
0
-7781
155
317
0
758
0
0
0
-108
-4056
0
-4639
-68
0
-164
0
-1713
0
104
652
-3090
-1096
-2210
-188
-635
45
-77
0
0
340
-229
-6549
0
-393
-1649
-508
-234
-464
0
68
1911
111
669
484
-518
-445
0
-2229
0
25
0
160
0
41
0
0
0
3054
-4361
590
0
-414
47
495
-1164
0
-174
0
0
263
-530
0
-480
-1553
0
0
-100
335
-1424
-1493
0
0
-69
292
-642
294
-219
-330
12
1
2530
896
0
288
-859
-63
-8131
18
-120
0
-4340
0
-182
0
-845
-1971
0
-3727
-160
0
117
0
-4172
0
315
-360
-207
-876
-2137
114
-539
162
9
0
0
336
-458
-6743
0
-105
2132
4
-147
0
0
130
2544
52
1901
-942
452
104
0
-1486
0
-397
0
-770
0
-127
0
0
0
3606
866
308
0
-762
546
-736
-1606
0
-808
0
0
1662
-96
0
-726
-482
0
0
-981
401
-919
-536
0
0
-577
244
-720
109
-86
152
671
-18
2080
483
0
392
-65
-32
-4518
247
-1270
0
-5080
0
-150
0
-64
-260
0
-1633
124
0
-135
0
-3044
0
-129
144
1092
-296
-945
-254
72
72
0
0
0
0
-190
-3878
0
207
-2099
180
0
0
0
0
1545
255
-406
-312
360
-508
0
-1101
0
177
0
762
0
0
0
0
0
1795
-2024
-96
0
-528
653
113
-559
0
198
0
0
552
-858
0
155
438
0
0
64
-328
-1145
-357
0
0
-228
0
0
-917
186
146
-1143
0
96
0
0
180
-198
0
-2642
-1047
1512
0
-97
0
356
0
-216
-1630
0
-2554
672
0
0
0
-265
0
0
0
-223
0
-2372
0
-563
795
-85
0
0
170
11
-1905
0
-210
-564
0
0
0
0
0
499
444
310
264
-451
0
0
-598
0
64
0
270
0
517
0
0
0
1423
0
508
0
-1426
350
1320
3
-28
-604
0
0
219
0
0
-635
-927
-127
0
-9
409
-2156
-2143
0
166
0
-168
-856
385
124
-45
-13
0
-116
69
0
-396
-784
0
-3828
1461
676
0
-2695
0
0
0
-96
-680
0
-1698
95
0
0
0
-1191
0
0
0
160
-945
-432
0
0
-594
0
0
0
0
703
-1719
0
195
-1675
0
0
0
0
0
679
0
-174
-780
0
0
0
-1063
0
236
0
381
0
0
0
0
0
3071
-552
642
0
0
280
136
-560
0
-572
0
0
-136
0
0
615
-574
0
0
93
-82
1503
-2522
0
0
-36
0
0
0
93
-440
-762
0
-2440
-195
0
36
1215
-35
-5527
-842
525
0
-410
0
-283
0
-557
-4888
0
-4369
94
0
-678
0
-1139
0
-238
58
-1201
-1084
-4989
-662
-1137
-85
-77
0
0
874
266
-3838
0
-117
-347
-647
-511
-508
-128
200
2011
614
2463
168
284
309
0
-7206
0
-219
0
-914
-375
236
0
0
75
2616
-3412
468
0
0
-32
-867
-1466
0
-194
0
0
158
568
0
-89
-1172
0
0
-873
1348
-1155
-2153
0
0
-4291
-94
-2109
-24
597
-509
-298
-1
-2070
1032
0
217
824
-106
-5296
-1169
-181
0
-1284
0
-330
0
-1257
-2575
0
-3353
-381
0
-257
0
-1514
0
787
314
172
-1426
-4030
209
-93
41
-85
0
0
332
-946
-2856
0
-558
-2125
108
-153
-216
-216
97
2359
321
1835
-1266
300
-813
0
-3843
0
-174
0
966
-108
-867
0
0
125
3417
-2176
-202
0
606
-339
1480
-1963
0
-956
0
0
-175
182
0
-42
875
0
0
-1133
274
-355
-2530
0
0
-2775
-214
-1890
159
-877
-10
624
-60
396
0
0
-10
-2404
0
-4090
450
1036
0
-2563
0
-300
0
110
300
0
-150
-384
0
0
0
-2018
0
0
0
269
0
-1224
0
212
-710
14
0
0
-254
957
285
0
149
-180
0
0
0
0
0
77
204
-1345
-1538
369
0
0
-858
0
294
0
163
0
-7
0
0
0
3995
0
104
0
-1622
378
-66
-434
-360
-1018
0
0
967
0
0
340
-1374
91
0
105
-1310
2147
-2369
0
-210
0
-118
-120
-2099
300
-40
-342
0
-728
-156
0
360
-1109
0
-4315
-1047
919
0
-2772
0
0
0
-60
-426
0
-4828
-240
0
0
0
-616
0
0
70
-659
-221
-816
0
0
543
0
0
0
0
-414
-3902
0
-295
-362
0
0
-84
0
0
553
222
320
-412
0
0
0
-1321
0
4
0
64
0
0
0
0
0
1684
144
727
0
-889
478
528
-54
0
-636
-2
0
1524
0
0
-635
-1074
0
0
31
0
-739
-2397
0
0
0
0
0
-508
-231
-553
152
1
-394
363
0
-1249
-498
-158
-3962
650
-996
0
-2709
0
-648
0
-437
-3335
0
-480
337
0
83
0
-3911
0
-1952
-284
-2252
-736
-2217
267
90
641
0
0
0
-1288
277
-431
0
120
-907
800
0
296
-240
83
1900
287
-279
-2671
1332
-254
0
-3825
0
258
0
116
-531
-357
0
0
0
4172
135
-71
0
-490
-1020
-371
-1170
0
248
54
0
-340
-20
0
-455
76
0
0
103
-226
-1047
-1191
0
0
-408
-120
1020
-532
-46
336
-928
-2
1989
813
0
-2
166
-14
-4978
1421
521
0
-249
0
20
0
-1505
-1341
0
-1052
-40
0
-635
0
-4376
0
-204
-1048
220
-1750
-1163
273
524
367
3
0
0
-1642
54
-2721
0
-381
1233
1042
8
-232
-106
6
1015
-47
-3870
-1008
-800
252
0
-4889
0
-537
0
297
-558
148
0
0
-260
4529
-716
-348
0
0
122
-829
-1727
0
-723
0
0
78
191
0
17
299
0
0
667
-1988
1188
-2273
0
0
-615
-676
-267
-376
47
-819
60
-169
-530
-553
0
-1272
732
100
-4716
1066
-1279
0
2300
0
147
0
-90
-4041
0
-3771
49
0
-446
0
-1951
0
521
240
463
-677
-870
-1269
188
-2279
14
0
0
-456
335
-4453
0
497
-4330
414
140
-448
60
-304
2145
-49
-3713
1871
-162
-274
0
-1710
0
35
0
-433
-200
36
0
0
-635
1656
-2750
-47
0
-574
2373
632
-1510
0
-215
-20
0
-136
-1258
0
423
-1471
0
0
-106
-1734
-1131
-629
0
0
-390
-250
-48
272
478
-415
-1661
173
-1080
276
0
-1290
-1839
0
-5355
-187
-1365
0
-998
0
15
0
-45
-5340
0
-2450
186
0
0
0
355
0
-26
36
-1237
-718
-1371
0
-93
-1662
0
0
0
0
174
-2936
0
788
-587
0
0
-254
0
0
1890
102
-652
1521
-1026
0
0
-1177
0
871
0
508
0
231
0
0
0
1194
-736
1133
0
-1589
701
-92
-660
0
-1322
-48
0
170
0
0
-115
-3493
-112
0
-44
889
-2180
-2128
0
0
0
0
-224
252
93
-315
-508
-42
-1309
72
0
648
-601
33
-1828
-621
-894
-112
-1870
-688
-150
0
-264
-3085
-1862
-5
0
-185
-252
-364
84
-792
949
216
0
0
-2791
-381
460
391
-850
0
0
588
-176
-2222
-720
-590
-2109
-495
424
-381
-108
97
1867
255
979
1017
113
-2865
-224
-2258
0
186
-144
-384
-121
-254
0
420
0
-851
-3116
762
0
-1524
576
2739
-1109
0
-70
-30
-2592
-69
132
-312
-2413
-1588
1193
-560
-1046
1174
-2623
300
0
-1050
-1397
-168
-1456
-2141
683
-90
-747
0
1022
324
0
360
9
-74
-4698
-57
459
0
-3000
0
-230
0
-345
128
0
-2415
-240
0
-762
0
-826
0
-14
0
-275
-213
58
0
240
247
0
0
0
-60
6
-2223
0
-295
-111
630
0
0
0
0
459
-635
-1648
-552
-1778
76
0
-2120
0
-702
0
-16
39
0
0
0
0
2688
708
889
0
-889
382
482
-509
0
-508
-2
0
1524
672
0
-635
-384
0
0
127
-406
1489
-2356
0
0
-1012
0
456
-296
-72
0
180
0
-2509
-415
0
-1525
-667
0
-6320
214
-966
0
-3728
0
0
0
127
-5069
0
-4642
120
0
0
0
-131
0
0
-189
-2182
-60
-691
-378
0
194
0
0
0
0
-630
-4580
0
-64
-2775
-27
-324
0
0
0
2555
-124
-651
223
0
174
0
-392
0
369
0
-195
0
0
0
0
20
1159
252
423
0
-1379
1150
32
-939
0
-559
52
0
1228
75
0
-1090
-2494
0
0
-52
0
-2066
-1493
0
0
-300
0
0
-532
-440
-125
-1104
0
604
324
0
360
-626
0
-4866
-37
594
0
-3006
0
0
0
-575
223
0
-2434
-240
0
0
0
-868
0
0
-71
-315
-797
-236
0
0
487
0
0
0
0
-456
-1261
0
-295
-237
0
0
148
0
0
487
-254
-824
-486
0
0
0
-2120
0
-468
0
-8
0
0
0
0
0
2524
472
733
0
-889
308
481
-582
0
-340
-2
0
1524
0
0
-635
26
0
0
31
0
1811
-2397
0
0
0
0
0
-508
-108
392
80
-127
-44
-328
0
0
-493
0
-5464
1962
640
0
-2402
0
-75
0
386
-1471
0
-433
-320
0
0
0
-3301
0
-1694
-21
-83
-24
-1347
0
24
1642
0
0
0
-312
381
-634
0
-236
558
156
0
-224
-120
83
1623
-124
-826
-3004
2271
246
704
59
0
325
0
-681
-202
52
0
0
0
5130
72
-246
0
-889
332
-1192
-588
0
-286
0
72
1379
0
0
0
-691
370
0
439
-429
2440
-1217
0
0
0
0
655
-1016
-132
-175
-368
117
872
276
0
378
711
0
-4290
168
-1038
40
-6036
1648
-89
0
-253
-500
-1083
-237
248
480
0
-80
-2451
-336
-506
-426
273
0
-1171
267
1100
118
30
0
0
-508
-74
220
-256
-994
-630
270
32
222
-53
6
1570
0
-1517
-318
-2876
112
624
-513
0
29
-72
889
-254
163
0
610
0
2353
1652
-156
0
596
-7
1347
-1241
0
-437
-1005
-607
887
672
-24
323
1085
572
-310
724
-1124
-797
-741
0
-1080
0
-254
-486
255
-684
112
0
0
644
276
0
-756
-404
-32
-1647
-55
29
103
-560
240
-447
0
-96
-288
-2413
0
0
130
-162
-448
-2883
648
-301
-126
0
0
-1152
-126
-359
-397
920
0
0
-508
0
-736
-1016
-390
-4594
540
-648
-336
0
-214
287
255
-464
-1152
-2366
1747
0
-969
0
354
-984
1016
-127
0
0
230
0
2140
-852
-246
0
-960
87
-462
-2026
0
0
-795
-920
0
-438
1016
1045
-214
-714
30
209
-574
472
-1397
0
480
-132
42
-120
594
-774
-50
-1143
0
552
0
0
0
-1616
0
-3528
-77
612
0
-2850
0
-75
0
-32
416
0
-230
-320
0
0
0
-2032
0
-43
0
-75
0
-960
0
108
1323
0
0
0
0
0
-127
0
-236
0
0
0
0
0
0
451
0
-290
-1632
684
0
0
0
0
295
0
0
0
154
0
0
0
2794
0
0
0
-889
290
0
0
0
-762
0
0
1397
0
0
0
-1022
364
0
403
-574
1475
-1778
0
0
0
0
-105
-1016
0
0
0
0
-514
-109
0
447
920
0
-6284
-105
126
0
-2078
0
0
0
575
-2240
0
-4632
-900
0
0
0
-248
0
-26
0
-772
-369
-404
0
0
20
0
0
0
0
-926
-1906
0
-819
-159
-70
0
0
0
0
970
0
-252
491
0
0
0
-1874
0
381
0
-40
0
0
0
0
0
1694
0
307
0
-182
880
500
-290
0
-414
-69
0
1134
0
0
-550
-908
0
0
124
254
1125
-2178
0
0
0
0
0
-296
0
-112
0
0
608
128
0
-613
780
0
-7389
920
-402
0
-4018
49
150
0
-320
-6099
0
-2672
682
-889
0
0
-1340
0
-355
-504
-2897
-2178
-1647
168
-310
-786
0
0
0
567
-250
-5175
0
-189
1185
-725
0
0
0
0
2534
0
390
635
-864
0
-696
-2628
0
933
0
-164
0
165
0
0
-104
2286
1464
124
0
-560
504
-696
-808
0
-645
-73
189
517
75
0
275
-1495
0
0
-555
749
-1214
-1328
0
0
-880
0
-512
232
154
-335
-145
0
2380
69
0
117
687
0
-4677
144
-359
0
-3324
-114
890
0
-12
-1986
0
-2072
62
-105
0
0
-1541
0
221
216
975
-1518
-1853
-762
-1270
-257
0
0
0
765
-259
-4720
0
-69
-2195
-1270
0
0
0
0
945
0
313
2092
-592
0
-480
-1376
0
49
0
80
0
205
0
0
-254
952
-2208
512
0
0
524
792
-1029
0
133
127
-279
572
-390
0
0
-35
0
0
-89
335
-2201
-780
0
0
-192
0
-1712
0
217
-135
-1080
0
-28
276
0
0
-284
-32
-1372
-734
1104
0
1444
0
-286
0
-108
-1772
0
-254
752
0
-162
0
-2043
0
-288
0
-144
0
-3012
0
-165
252
0
0
0
-508
0
-827
0
-368
-1786
540
0
0
0
0
430
255
-64
4
-199
-254
0
-969
0
359
0
1016
-127
287
0
0
0
1394
-1104
0
0
-665
57
240
-360
0
-96
0
0
-55
-468
0
0
-690
-508
0
17
-105
-2628
-1971
0
0
-132
0
-869
-252
62
0
-1143
0
-302
69
0
-279
2029
0
-4017
752
702
0
-3243
0
0
0
-160
-1102
0
-2255
542
0
0
0
-1363
0
-43
0
-411
-879
-266
0
0
16
0
0
0
0
-452
-277
0
-753
-1022
90
0
0
0
0
1219
0
-174
-1739
0
0
0
-1548
0
-174
0
254
0
0
0
0
0
2969
0
495
0
-560
-212
136
-415
0
-1037
-53
0
-611
0
0
275
620
0
0
304
-164
1890
-3013
0
0
0
0
0
232
0
-90
0
0
-1180
-101
0
-138
-592
0
-2969
1170
298
0
-2674
-43
-750
0
-32
-523
0
-100
254
-259
0
0
-2716
0
-731
-438
112
-603
-759
42
360
743
0
0
0
-1143
262
454
0
-294
-2909
900
0
0
0
0
351
0
-563
-3224
576
0
624
-1624
0
459
0
635
0
110
0
0
0
3993
-2904
93
0
0
152
450
-960
0
-94
-2
-381
-140
-270
0
0
-397
0
0
619
-410
1184
-2589
0
0
-1344
0
-240
0
525
-120
-245
0
1104
0
0
0
-808
0
-2898
-66
0
0
-450
0
0
0
0
224
0
-1955
0
0
0
0
-1651
0
0
180
-225
-781
-320
-508
0
0
0
0
0
0
5
-2921
0
0
-1504
0
0
-381
0
0
369
0
-58
0
0
0
0
-969
0
118
0
0
0
0
0
0
0
1270
-1840
1270
0
0
174
120
-720
0
-635
0
0
127
-234
0
0
-803
0
0
0
0
531
-1778
0
0
-60
0
0
0
93
-315
-381
0
-589
-840
0
0
-2168
160
-4536
283
612
0
-2850
0
-635
0
400
-1696
0
-230
-320
0
-918
0
-688
0
-372
0
-75
0
-1932
0
18
171
0
0
0
576
0
-379
0
-236
-342
-84
0
0
0
0
535
60
-2418
-312
-702
120
0
-3740
0
1051
0
-16
-114
154
0
0
0
2986
-1992
0
0
-889
698
4
-255
0
-762
0
0
1397
276
0
0
-1970
364
0
109
-399
1347
-2284
0
0
-2321
0
535
-1012
244
0
-396
0
1104
0
0
0
-808
0
-2898
-66
0
0
-450
0
0
0
0
224
0
-1955
0
0
0
0
-1651
0
0
180
-225
-781
-320
-508
0
0
0
0
0
0
5
-2921
0
0
-1504
0
0
-381
0
0
369
0
-58
0
0
0
0
-969
0
118
0
0
0
0
0
0
0
1270
-1840
1270
0
0
174
120
-720
0
-635
0
0
127
-234
0
0
-803
0
0
0
0
531
-1778
0
0
-60
0
0
0
93
-315
-381
0
-2894
-1250
-762
-1270
48
298
-2762
164
-894
0
-4928
0
-399
0
836
-3138
0
-1229
1252
0
-204
0
-1849
0
-336
132
-1341
166
-1086
-51
141
-982
0
0
378
-508
-589
-2475
0
-36
-1651
540
-762
462
0
0
2981
714
-2150
-3326
-1540
514
0
-3923
0
974
0
776
-395
273
0
0
105
2018
-2454
139
0
-1120
-780
194
-307
0
129
0
0
-869
1232
0
-637
-2525
-168
0
391
-431
-2416
-1175
0
0
-2037
280
769
606
532
-537
-2222
-30
-4018
1778
78
-1304
198
-530
-3949
-1657
-518
0
2054
0
178
0
-288
-3861
0
-6579
282
0
-29
-438
-746
0
0
942
-1421
-483
-2452
-486
0
-268
0
0
0
0
-1274
-6170
0
1
-1656
-254
-421
-1077
0
0
2327
108
2468
952
-153
-144
-435
-2537
0
-106
0
-384
-108
82
0
-170
-140
191
-5650
739
0
0
1538
-18
-1122
0
-776
0
0
91
-2393
0
320
-2511
0
0
-446
506
-3375
-2169
0
0
-165
529
0
-60
324
-757
770
-18
-1084
246
0
360
278
-74
-4994
-2179
446
0
-5014
0
-340
0
-564
-3060
0
-4687
594
0
-1172
0
30
0
73
0
-871
-71
-3951
0
-33
-713
-77
0
0
365
-484
-2654
0
-199
77
630
0
0
0
272
2077
31
342
643
-2656
76
0
-2745
0
-1180
0
112
39
-520
0
0
0
2121
708
889
0
-2266
-146
242
-725
-42
-927
0
0
1139
672
0
-889
-1340
-472
0
-1680
931
-4668
-2746
0
166
-1012
219
-1026
-87
-72
-361
180
4
-464
-262
162
210
3625
-217
-6293
788
-827
0
2033
0
588
0
864
-5342
0
-4277
-51
0
-1669
0
-1662
0
-50
141
-1470
-1498
-3425
229
-1482
-211
0
0
-175
1143
53
-2030
0
33
-2988
-1455
318
-1
0
120
2011
1361
-1706
-1052
-2067
-1795
0
-6264
0
319
381
1360
-1446
-102
0
0
-889
2769
-1220
-707
0
-246
1075
563
-1821
0
-639
0
0
-70
-512
0
53
-2002
-56
0
189
1107
-88
-1036
140
0
-2889
-308
-803
-238
161
-282
-1981
-162
1085
478
-408
516
-1366
94
-8442
1183
533
0
-290
0
-1175
0
-245
-5112
0
-6233
-120
-127
-615
-762
-230
0
993
107
-2006
-3096
-5287
6
-1288
-40
0
0
-889
1302
1080
-6994
0
-589
-983
-515
275
-792
0
170
2629
90
740
440
-720
-180
-343
-4923
0
-199
-360
-1756
-497
44
0
228
-336
2479
-4992
-467
0
-285
881
-1864
-2498
0
-456
0
63
778
-2113
0
-642
-809
-254
0
-833
858
-3071
-2165
-144
0
285
-129
-2296
-732
-1056
-1390
1031
100
-831
557
0
287
1683
-106
-6558
-316
-988
0
-5372
0
543
0
-811
-5077
0
-5029
93
-15
-140
-546
568
0
156
93
-1163
-878
-2332
-717
-690
-717
0
0
0
510
-1084
-7565
0
-85
-2289
-722
-74
-1148
0
325
3618
24
1181
1982
-429
0
-150
-2485
0
177
0
16
0
34
0
84
45
270
-1451
83
0
-210
998
1703
-1080
0
-590
0
-93
576
1271
0
-786
-1719
-236
0
-613
-14
-4153
-690
20
0
-2987
-214
-856
-48
299
-903
-1019
-72
159
0
0
-254
-1039
0
-3088
-398
0
0
-800
0
0
0
0
-1085
0
-1990
0
0
0
0
-1209
0
0
1323
-733
-809
-701
-266
0
0
0
0
0
0
-172
-3987
0
0
-1711
0
-49
-381
0
0
1004
0
-58
0
0
0
0
-1123
0
-170
0
0
0
0
0
0
-60
1216
-5777
1513
0
0
-132
-350
-1240
0
-635
0
0
104
-1758
0
0
-1298
0
0
0
0
277
-1715
0
0
-186
0
0
0
156
-200
631
0
-98
2
0
210
1235
0
-8408
1891
-439
0
163
0
-15
0
-28
-4334
0
-1313
-790
0
175
0
-2035
0
-95
0
-768
-73
-1734
0
-16
1172
-77
0
0
-327
427
773
0
-871
9
0
0
0
0
664
1536
252
-716
-1340
693
0
0
-1160
0
944
0
-620
0
58
0
0
0
3744
0
-182
0
-1617
634
2
-250
-918
-78
0
0
1027
0
0
119
-1936
336
0
643
1356
1933
-1468
0
162
0
-180
95
1649
0
-452
-332
-8
132
138
0
-20
-836
0
-6410
-518
773
0
-5521
0
405
0
-417
-2152
0
-2124
658
0
-135
0
-1722
0
79
0
472
-48
-3066
0
-400
-180
-85
0
0
-550
529
-470
0
796
-30
0
0
0
0
128
1548
750
-982
867
578
0
0
-877
0
-202
0
1032
0
768
0
0
0
2822
0
182
0
-3372
656
-12
-295
-582
-1885
0
0
1032
0
0
476
-430
53
0
533
-1058
-2667
-2356
0
-44
0
-252
-1282
-2035
0
-220
152
-168
-390
-1878
-222
105
687
1119
-4717
1772
-452
0
514
0
-752
0
1270
-2749
0
-1048
-327
-127
-560
0
-4588
0
-1425
-294
-1179
-457
-2447
7
59
-565
0
0
-763
-137
721
247
0
-371
-2687
430
-652
261
-762
415
550
481
-3710
66
-165
-235
-783
-6268
0
1390
-36
1242
-2657
450
0
0
0
4566
-5256
-396
0
-207
-281
69
-1683
-184
191
0
0
-198
-1566
0
-161
-273
4
0
397
404
1750
-1645
1338
0
-2298
-23
-1151
-902
772
-908
-2093
9
-2245
-2457
-647
158
922
280
-6940
972
180
0
-1049
0
315
0
2069
-3571
0
-4930
-2
-51
-1013
-120
-5574
0
-495
-150
-641
-1167
-3590
-14
-749
-944
-889
0
-448
1067
-628
101
204
-604
-397
-753
-1683
-1561
-1019
368
2776
338
-5093
1960
-849
1011
-88
-3669
0
-475
166
-1964
-2536
804
-651
122
28
4918
52
-108
0
-709
630
-132
-2601
-842
-1478
0
72
265
171
0
183
-535
154
0
130
471
107
-2184
-693
508
1598
724
-3492
-1052
-141
-318
-478
-289
-1049
928
305
-142
559
-208
-7050
-140
186
0
-3071
0
-1083
0
-1424
-3585
0
-4404
440
9
-535
-306
-4245
0
2172
-756
525
-2501
-4808
181
-929
-950
-539
0
0
1853
49
-4610
75
649
688
211
-767
-378
-968
158
2823
904
1391
-2358
-344
-974
205
-2698
0
-626
508
193
-1302
-1208
-273
46
-156
3871
1789
-653
0
-644
570
-113
-1379
55
-297
0
-127
-179
-738
0
317
692
-37
0
-1782
877
-3678
-1557
-426
332
-1116
1199
-4443
-688
-364
-1613
728
356
-1456
1234
65
-264
1284
-371
-4415
255
-1492
0
-1938
0
245
0
-1301
-1195
0
-1292
0
-14
-148
-672
-2788
0
1158
-31
-304
-1842
-1699
-1012
-220
-930
63
0
0
456
-1368
-2617
186
-195
-2865
120
-371
222
-540
780
2941
96
1194
1006
-16
-120
-608
-2454
0
-549
-480
-1240
-270
-1524
-259
46
-381
1877
-1677
364
0
-280
-198
-799
-1764
531
163
0
-58
-73
-614
0
-89
435
-118
0
-780
333
-1905
-759
-127
-300
143
938
-1464
-12
49
97
-1354
-144
1104
0
0
0
-808
0
-2898
-66
0
0
-450
0
0
0
0
224
0
-1955
0
0
0
0
-1651
0
0
180
-225
-781
-320
-508
0
0
0
0
0
0
5
-2921
0
0
-1504
0
0
-381
0
0
369
0
-58
0
0
0
0
-969
0
118
0
0
0
0
0
0
0
1270
-1840
1270
0
0
174
120
-720
0
-635
0
0
127
-234
0
0
-803
0
0
0
0
531
-1778
0
0
-60
0
0
0
93
-315
-381
0
104
-202
0
0
-885
0
-4510
1964
1649
0
-4616
0
-324
0
350
-591
0
-182
640
0
-555
0
-2304
0
-121
0
157
0
-939
0
69
-2712
14
0
0
278
609
116
0
-156
0
0
0
0
0
-1016
658
-30
-3061
-3583
-1549
0
0
-858
0
278
0
271
0
-232
0
0
0
4704
0
0
0
-2684
257
0
-360
-1302
-1529
0
0
185
0
0
0
-1030
-77
0
75
-2650
3059
-2400
0
-80
0
-177
1441
-2626
0
-160
-508
308
-466
-390
-130
0
984
-691
-2579
2380
655
0
-577
0
-920
0
-882
-2138
0
-973
-40
59
-1383
0
-1177
0
-2601
551
-1253
-22
-1207
177
26
-801
-539
0
0
-2916
1710
-1126
-72
312
-3606
1323
205
-754
-918
361
1839
-328
-4538
-5148
-968
-44
90
-3241
0
-382
-62
873
-2833
-304
-84
0
0
5430
-2552
270
0
-501
-266
-282
-1554
-729
-840
0
-24
16
-545
0
-220
-589
-200
0
677
-2051
1510
-2099
-125
-184
-981
-1546
2879
124
278
-1269
-2305
208
-1570
-2287
-1008
42
656
980
-2325
1282
223
0
-663
0
-341
0
2208
-934
-1221
-2348
37
-55
-847
-438
-453
0
144
-463
220
-497
-1478
833
348
-788
-595
-990
0
-518
122
1059
-134
-117
-267
-354
-1092
-784
-1990
-343
2302
1391
-6749
985
-298
4
-414
-5010
0
1143
292
-779
-5219
733
-525
0
201
3172
826
-279
-133
-748
-50
533
-1301
-1646
-1104
0
-50
-88
5294
0
-398
1039
7
0
460
-194
979
-1992
3649
-420
-10178
-231
-1735
550
422
-550
-2402
324
876
810
0
0
208
-518
-2922
-14
162
0
-450
0
-276
0
-1610
15
0
-1955
-110
96
-508
0
-1624
0
-60
180
-235
-781
121
-508
280
-760
0
0
0
-300
-226
-2921
0
0
-1450
1155
16
-381
426
0
411
-762
-2427
-144
-2667
266
-612
-2149
0
-935
0
-40
624
-84
0
0
0
1885
-1840
1270
0
0
174
133
-720
-66
-551
0
0
127
438
0
0
-721
0
0
288
-928
1037
-2147
-180
0
-612
-889
1596
0
93
-315
-141
-254
848
550
233
0
505
-1141
-120
1362
457
0
0
0
0
0
1678
-170
-1078
-152
-80
-37
-544
-546
-889
0
-1758
288
-4
-1775
-1387
-381
-28
-1136
644
510
0
-3365
0
16
-561
0
-1504
1170
122
0
-450
-1284
1275
779
-2846
-2134
-998
-1797
0
-666
0
941
-448
4075
-5779
622
154
0
-1778
705
-1840
0
285
-320
0
2198
-432
-468
384
0
0
0
-3198
0
220
128
-42
0
579
-2410
304
-20
288
192
-816
-1134
603
-519
-42
-475
-4445
936
552
0
0
0
-1616
0
-3528
-77
612
0
-2850
0
-75
0
-32
416
0
-230
-320
0
0
0
-2032
0
-43
0
-75
0
-960
0
108
1323
0
0
0
0
0
-127
0
-236
0
0
0
0
0
0
451
0
-290
-1632
684
0
0
0
0
295
0
0
0
154
0
0
0
2794
0
0
0
-889
290
0
0
0
-762
0
0
1397
0
0
0
-1022
364
0
403
-574
1475
-1778
0
0
0
0
-105
-1016
0
0
0
0
