-74
-1079
-585
0
303
0
-1715
0
0
805
-120
114
-87
0
-521
0
0
-552
-3614
0
-1742
0
517
-118
-1394
-2929
0
684
84
0
-715
396
-458
-10
-1008
-5583
-370
-242
-517
-1109
3807
0
0
0
264
333
2181
54
748
683
0
224
-2103
576
2605
0
-476
-434
-89
-1445
0
-5863
-1413
-507
-832
-355
0
-1895
-290
0
-4225
2243
0
0
-3823
0
-162
219
-1128
-530
-413
-39
-309
-444
-1418
-2715
-5064
0
-624
0
0
-381
-1944
-517
0
2352
-12
67
75
0
13
0
-9016
0
0
-1094
-258
-141
-611
0
-49
0
0
736
-434
0
1173
0
-627
252
-1984
2211
0
168
-66
0
-212
-1143
-430
-34
672
-2558
-505
1134
148
-578
430
0
0
0
280
-1197
693
-120
42
-974
0
94
1312
-138
1841
0
418
-239
28
659
0
-1247
212
728
2213
550
0
-880
-563
0
-4017
-873
0
0
-600
0
-264
-1668
-1167
4454
1348
-1683
-1420
312
-795
1785
-3817
0
-4013
0
0
-267
-1136
-1246
0
493
-455
-1660
-264
-102
186
0
-201
0
250
295
0
-285
0
-228
-381
0
-798
-1655
-2970
0
375
0
473
0
-4744
-2124
60
147
-63
0
-564
0
-468
-15
-243
-1559
0
503
-247
-945
4974
321
0
0
2542
-1130
117
-1270
0
142
-6
0
-158
944
-229
0
242
350
-19
-686
0
-4172
-635
-1246
-112
172
0
-1276
-49
0
-3176
1776
12
0
-3225
0
-892
324
-1661
-3932
1759
-503
-2205
0
-1736
-1327
-3699
0
-35
0
-504
0
-540
-1320
0
2286
-166
512
-224
-497
826
0
-1164
0
-120
-731
0
-162
0
195
-1678
0
-2623
203
-2372
0
-3123
0
1455
0
-3292
-1446
-1402
-12
-63
0
-183
0
293
99
-52
-3561
0
162
-164
561
5423
3121
0
0
4740
845
450
-188
1543
168
54
35
-1352
-199
1032
0
62
-560
105
0
-105
-4784
-270
741
148
-340
100
-644
-243
762
-1906
1240
429
0
-2129
0
-324
-1376
-54
2305
-133
-48
-1960
0
-788
-2177
-2625
0
-2485
0
0
490
-234
-173
0
614
-92
122
5
-408
473
0
-9570
0
-250
-989
0
-210
0
258
-896
0
-502
651
209
0
-452
0
575
0
-4080
-378
183
-381
-50
0
66
0
-647
-73
546
-192
0
368
416
-1631
335
2267
0
0
3826
-1053
517
-17
35
0
0
112
-4
330
1506
0
-194
-310
-129
0
-189
-257
110
299
1018
0
-164
-554
-463
606
-2403
-858
179
0
-1450
0
-528
272
367
5487
1483
0
-2400
0
-1218
1628
-1934
0
-5341
0
0
-882
-744
-403
0
-393
-95
2139
-1125
0
481
0
1114
0
0
-2000
-63
219
443
0
502
0
0
-1518
-4360
0
-439
0
-484
38
510
2605
0
588
-189
0
1063
-477
-1353
-269
-1024
772
-155
-507
-1649
-1351
2215
0
0
0
340
136
-1621
-958
272
872
0
188
-2244
562
-648
0
1446
-480
-310
563
0
-6021
-2026
-796
13
-635
0
-543
-128
0
-6078
303
0
0
-5504
0
-468
-1712
-457
822
-1087
562
-1464
-456
-244
-3048
1156
0
-6292
0
0
105
-504
971
0
1355
-123
1203
-333
0
1892
0
-2053
0
0
-2112
-381
-531
-761
0
-689
0
-440
930
-1789
0
-3171
0
-693
-10
-2436
376
0
-48
-150
0
558
1089
-16
29
422
-1132
-120
-1012
-355
-1420
3928
0
0
0
951
-898
-2041
294
73
271
-496
-156
-4231
-1205
-2184
0
1302
-318
-1335
-482
0
-4692
507
2032
702
-69
0
-1768
-893
0
-7780
-1583
0
0
70
0
-424
-3055
698
3016
555
-1239
-2643
-1341
-1096
2007
469
0
-4650
0
-381
-189
-1972
1036
0
-1289
-1066
-1827
-68
0
-334
665
-1407
0
250
296
-682
1196
-388
-120
-507
0
-354
-959
-3506
0
1299
0
865
-177
-2798
-2327
222
539
0
0
-606
80
-486
-1137
349
-1552
-1215
-354
-178
-919
3623
0
92
0
1151
-948
305
-802
127
-350
-312
112
-590
383
1823
0
0
280
-1530
-847
0
-5236
-412
-263
40
8
26
18
-32
0
-9558
2014
0
0
-3493
0
39
157
-755
-99
1277
-308
-1714
-170
-1605
-199
-3205
0
-1476
0
-189
-508
-702
-312
0
1999
-234
-302
10
0
329
315
-8238
0
-120
117
-1630
299
-504
-10
-70
0
-315
927
-124
0
654
0
205
378
-1771
-2091
-21
504
0
0
-757
-1969
936
472
-1605
-4700
-1640
626
-734
-1570
1338
0
16
0
1071
-444
-404
-435
-15
-13
2
47
-1316
491
-570
0
0
-448
-872
266
0
-3433
160
-855
2053
0
-60
-696
-324
0
-3534
-1864
0
0
-1463
0
-1161
-1144
-84
2649
1642
434
-1479
150
-760
92
-2909
0
-2619
0
-840
-356
-372
-497
0
362
-467
1947
82
40
794
0
-4519
0
-250
-1383
0
0
0
0
211
0
-739
-1302
292
0
-449
0
465
0
-2143
-4289
-66
-889
0
0
-832
726
-705
784
-3545
-2872
0
-489
-61
-2303
2049
0
0
0
2837
99
-241
-1013
10
140
12
0
-1176
617
-251
0
0
-248
-809
-847
0
-1824
0
200
317
-466
-10
-1481
-492
0
3757
-414
36
0
-2371
0
-798
153
-1660
-1239
2147
282
-4599
52
-924
-696
-2233
0
-1932
0
-312
-176
-44
-53
0
-462
-298
-459
-478
146
840
0
-6507
-74
525
-314
0
381
-95
111
-1381
0
-1193
-882
-4265
0
1483
0
2491
0
-3910
-1803
-238
-147
156
0
-476
220
-1515
-404
-926
-1634
-444
-1799
-281
-4095
2961
-2491
0
0
2860
-683
1590
-1299
640
438
-1026
52
-743
-239
-882
0
258
74
-2810
126
-35
-7193
-571
1465
-1097
-903
312
-1080
209
-432
-13488
1071
-20
0
-7984
0
185
379
-1228
4414
-1510
-516
-6892
116
-1941
-2724
-3540
0
-7123
0
-127
-322
-1972
-177
0
-229
-353
380
-115
-132
972
0
-5534
-39
-80
-171
0
-321
-223
-240
311
0
80
1031
-2124
0
-1204
0
667
0
-1072
1309
122
-194
-82
0
-422
-635
-1059
5
-31
-1539
-606
-2229
-110
-828
4369
-1264
0
0
2523
-2108
2279
-2545
201
-742
-1016
94
369
-28
-8
0
-386
157
-1678
-91
77
-5058
-459
4
1636
990
508
-1286
-408
446
-7127
-329
-610
0
-935
0
76
-1257
227
5495
2492
-751
-6128
72
-1597
-1824
-3252
0
-6262
0
-93
-1383
-1066
-2613
0
693
-466
-65
202
0
853
-889
-5815
0
0
-10
354
-1235
246
-152
-163
0
-252
-2932
-6210
0
1798
0
1680
108
-2480
-4024
-186
-202
0
0
-68
-1066
-3684
27
-2607
-3079
2090
-1583
-1074
-1494
2219
0
0
0
2249
59
-1234
-1031
48
183
52
52
-2187
583
-1555
0
-320
-84
513
119
0
-6395
-622
-2183
-541
-734
0
-770
-195
0
-7708
2743
120
0
-4923
0
-2096
114
-2072
-898
-3282
-538
-5920
1491
-2225
-1175
-1688
0
-3964
0
-117
171
-1024
65
0
2283
-369
-498
-292
0
251
252
-2698
0
-635
-1298
-254
-702
-508
130
167
0
-445
-1172
-5768
0
-2013
0
892
57
-2874
977
57
-119
0
0
-251
-569
-1211
2113
-587
-1113
-518
51
-669
-1116
7312
0
-128
0
2755
-755
34
-2078
80
42
-146
94
873
-165
-1140
0
0
462
-158
650
0
-7691
-1182
1680
145
874
50
-726
-333
0
-7775
-281
-120
0
-7386
0
-2244
-440
-855
2985
-854
-770
-5493
-1237
-1315
-2180
-2683
0
-9062
0
-84
140
-506
-463
0
-908
-329
185
-64
0
255
14
-5634
0
525
-1373
-2082
-910
-504
172
-558
0
-242
666
-3551
0
-1591
0
-17
-15
-878
170
-180
-2387
-77
0
1032
1981
-4312
2432
-2001
3025
-503
-910
-2404
-3316
2355
642
-48
0
2589
-1287
663
-1056
1431
28
-294
-78
-108
153
-1674
0
-384
160
-1275
-433
0
-7136
-236
1050
484
22
-82
-264
850
35
-5481
-776
-1270
0
-5284
0
-1355
-586
-982
6619
536
-98
-7682
-1779
-1895
-1768
-2252
0
-12393
0
208
-1522
-1275
608
0
-1590
-184
2824
-178
0
531
0
-4006
0
0
34
0
0
114
0
-719
0
-264
-2477
-3061
0
778
0
1413
0
-2484
-618
-286
0
-532
0
622
-410
-96
127
-3245
-544
762
-671
-766
-1632
-28
-291
0
0
1512
-324
723
-15
110
352
-34
0
-3439
-1259
-65
0
-440
210
-919
-929
0
-6624
-325
-248
225
258
0
0
-732
41
-2246
1151
137
0
-3234
0
-1477
-1745
835
-2802
-1181
551
-6882
0
-1596
-1645
-3215
0
-3893
0
568
-440
-1522
1383
0
1181
-1048
2203
114
0
130
0
630
-89
0
-859
0
0
-13
0
-486
0
-113
-1523
-4739
0
-971
0
257
0
-2354
-688
119
98
-378
0
-606
-265
-144
869
-341
-3311
-186
-488
-341
297
2253
-279
0
0
1595
592
-445
-167
-144
252
8
0
-1945
523
78
0
118
-336
523
-388
0
-5759
-162
-1119
405
-1653
0
-363
-615
0
-2735
167
-367
0
-4531
0
-740
-397
1082
2827
-3061
448
-3208
508
1137
-1000
-4066
0
-5029
0
-105
0
-117
-118
0
-392
-242
1310
-277
0
397
0
-5031
-105
0
-504
0
0
-253
0
-113
0
336
318
-3233
0
114
0
-1095
0
-1842
1324
-420
-8
-741
0
-269
605
-827
705
-1012
-3836
-144
-374
-85
-3383
2500
469
0
0
-399
-268
-868
641
-189
0
600
0
-2581
-401
-3054
0
742
24
-187
-414
0
-6541
-1458
585
1268
387
0
-114
-759
508
-7527
-1536
-50
0
-3991
0
-704
-674
298
3593
-143
-360
-3637
-148
-712
-2734
-4956
0
-4250
0
-39
385
-2653
583
0
-602
-240
1884
-74
0
526
0
1137
73
0
-1555
0
0
-126
0
-652
0
0
954
-1169
0
-1041
0
-342
0
-854
679
0
-254
-441
0
-12
0
-310
378
826
-2826
0
-846
364
87
125
404
0
0
726
-177
-925
315
108
0
216
0
-2084
-1073
-1352
0
698
-336
404
139
0
-3451
-648
663
2422
-765
0
-861
0
404
-6468
-190
-121
0
3742
0
0
-393
222
1393
561
-96
-3098
104
-642
2774
-2877
0
-1711
0
-28
-693
-108
388
0
-13
-216
-826
-2244
0
1015
720
-762
-105
0
-162
0
-432
0
0
0
305
-600
85
0
0
-550
0
0
-307
-3268
-5142
0
0
0
-2574
-1220
0
0
0
-3626
-3015
0
512
-513
0
409
1191
0
0
3131
460
-5
-819
0
1442
750
0
-1056
516
0
0
0
-1344
126
0
-469
0
0
0
0
559
0
-5450
-748
0
-424
0
410
0
-319
817
-81
-431
-3495
2937
0
499
-970
0
-4546
0
-528
765
-1806
-360
-1599
0
-891
0
0
0
-1264
-2353
-458
168
-93
644
2005
0
-84
-571
1040
562
244
-52
-1358
0
-349
-4233
-5144
0
278
0
619
-452
-370
34
0
-98
0
0
596
392
-1848
1905
-4827
-3411
928
-747
-1980
144
4700
535
0
0
3067
-169
126
-517
1016
405
-331
0
858
646
2259
0
0
-518
-2350
0
147
-5215
-168
-564
-1617
-478
0
-750
56
0
-2820
1412
370
0
-6831
0
-1636
-277
-1750
273
-2991
-108
-2826
-762
-3596
-1776
-2984
-30
-4374
168
51
-1778
249
-125
0
-608
-353
1300
-588
88
46
462
-7362
0
64
-754
656
1720
-12
74
-1507
0
-251
-1200
-6400
0
782
0
359
651
-5777
-262
-8
-1142
0
0
-218
503
-3144
1605
-539
-2115
-352
-1354
-1937
-3003
5711
1080
0
0
3752
-642
632
-1867
1007
-816
-152
0
1196
-235
-1409
0
0
-285
-3826
-445
381
-9317
-1188
-666
941
383
156
-2150
-616
0
-9336
-538
-918
0
-9239
0
-1315
-1130
-1242
2790
-3563
-1688
-8839
-406
-1604
-3066
-5015
50
-5628
-618
24
-2227
-2304
1181
0
-1868
-323
1698
-303
0
176
-196
-8461
0
0
42
-400
-1391
-168
-160
-953
0
-198
-180
-3893
0
-555
0
-107
-24
-2549
-839
-144
-1036
-441
0
-659
-1235
-2444
945
744
-2074
-1904
-1234
-580
-3516
2940
1382
0
0
3066
-335
399
-1199
804
5
54
0
-2139
-281
-866
0
484
0
-2968
-872
0
-5840
-1141
603
2562
-929
254
0
-138
127
-12527
692
-1222
0
-2874
0
-189
-12
1224
4857
832
-192
-5221
-2327
-841
-1938
-3066
0
-4280
0
0
-885
-992
435
0
668
-135
2784
-56
0
43
0
-4421
0
0
-838
0
0
0
0
44
0
-346
-741
-715
0
-228
0
-163
0
83
1132
-400
0
-441
0
308
0
-46
0
-1730
354
0
-603
312
-549
-1446
681
0
0
985
-162
-856
-247
476
0
0
0
-426
-219
-386
0
508
0
-963
272
0
-4145
-300
402
429
-60
168
0
126
101
-2614
-633
-22
0
591
0
-1153
-592
341
1301
2458
0
-7532
130
1126
1061
-2051
0
-4740
0
0
-710
-257
86
0
-67
-234
1094
-1955
0
6825
-480
450
-94
0
-332
0
1016
0
0
0
-95
244
135
0
0
-1304
0
0
-1177
-1872
2568
0
0
0
-2486
860
0
0
0
-1583
-399
0
-204
-2413
0
987
917
0
0
3292
265
-71
403
0
1980
120
0
-1639
470
0
0
0
-536
-936
0
177
0
0
0
0
-1248
0
-4892
-316
0
-432
0
-425
0
209
-194
-234
-932
-864
1418
0
968
-972
0
-2168
0
-1760
477
-1149
54
4510
0
-453
0
0
0
-919
1234
-1802
-204
1064
504
-4293
0
-24
-454
-360
-162
0
0
-1878
0
-380
-3243
-4505
0
-397
0
3914
133
342
-107
-144
-8
0
0
-217
-159
-914
1
-5218
-2544
0
530
93
-1209
4838
1398
0
0
3528
-407
334
-2523
1529
387
-285
0
-1294
1003
915
-5
0
-956
-340
0
-81
-6018
-127
1899
-3624
-124
0
-2900
104
0
-2699
518
666
0
-7389
0
-288
-1230
-1575
2342
-2992
388
-5393
203
-1690
-2166
-490
170
-6627
-360
-117
-18
-1987
303
0
384
-725
2756
-1549
22
1541
28
-5574
0
-50
-1309
-774
-210
0
0
-2848
0
-711
-194
-7483
0
-38
0
1724
-35
-3592
-512
-784
-254
0
0
726
363
-228
-13
119
-507
146
383
645
-149
4315
1245
0
0
3956
-1447
-326
-1795
1141
-381
-648
0
-1490
-222
642
-119
0
-580
-1202
138
27
-9470
-396
2176
558
-2170
0
-625
485
0
-4834
603
-1945
0
-5831
0
-1613
649
1565
2693
-1759
-2190
-8679
381
-50
28
-2015
-22
-9885
-534
-84
-993
-6
73
0
422
-325
1146
-439
0
272
0
-6256
0
0
-3397
0
0
0
0
-1366
0
35
-558
-4345
0
52
0
1259
0
-1402
2116
296
0
-399
0
-883
0
-876
5
-550
691
-148
-784
-562
-1660
3286
333
0
0
1863
-261
-1144
-2169
130
0
-649
0
-415
-97
-614
-127
236
0
-847
717
0
-6519
-866
1111
1687
-1369
0
0
24
-72
-2327
-67
-806
0
-5859
0
403
-1106
847
5105
3917
-4
-12800
-25
-866
-2147
-2629
0
-9597
0
0
203
17
89
0
65
0
943
0
0
43
0
3675
0
0
-407
0
-324
0
0
0
0
0
135
-893
0
-3429
0
0
133
0
-107
0
0
-378
0
-122
0
369
0
0
-635
0
880
-81
1431
725
0
0
154
0
520
-155
248
0
336
0
0
-1782
0
-231
0
2032
-560
0
-363
0
-1449
-918
12
0
0
0
-1392
0
0
-4104
-312
0
0
3735
0
0
0
-312
-462
459
0
0
0
-1558
3094
-1600
0
768
0
0
0
-180
-144
0
-85
-678
-1996
-1984
-66
1939
614
438
0
105
-1402
-189
1117
10
0
-2652
0
34
-3251
-7322
0
232
0
1685
-834
-1336
-1926
296
296
-77
0
-858
380
-1563
-139
-3526
-4356
-149
-708
-828
-770
3513
72
0
0
2946
131
-218
166
432
718
-333
0
490
1151
657
42
0
-392
-541
0
33
-7095
-447
145
-3059
-1406
0
-1400
-598
0
-4025
857
-474
0
-7581
0
-156
418
-1907
-346
-4305
-73
-3303
918
-1067
-1830
-6741
106
-2457
54
330
-182
-541
-200
0
1210
-756
630
-3325
-28
592
-558
-5844
0
-16
-782
-1143
-137
-439
-1270
-3377
0
-267
-1808
-9154
0
769
-404
-359
574
-3632
349
-276
572
141
0
-2482
-979
-2541
12
-1422
-4090
753
-1874
-83
-1692
4659
-274
0
0
1513
-2010
1075
-467
721
-727
-2064
0
-630
199
-712
43
0
-400
-1156
17
30
-8314
-2076
-6
-79
-723
0
-2235
-1105
0
-5737
1289
-1174
98
-6663
0
-1033
-2219
1069
3783
-1198
-2382
-6252
2012
-689
-864
-7491
-8
-6304
306
213
-1542
-2262
-392
0
1157
-127
-323
-708
0
-303
1330
-7454
0
0
145
0
0
-2823
-600
-420
0
36
-837
-4708
0
-292
-347
3287
0
-174
-1304
76
1071
-212
0
-1918
47
-2179
53
121
-3602
-1051
-1648
103
-2927
2451
-530
0
-1000
908
-1495
2722
-1789
1262
0
-1833
0
743
-397
658
-154
-2304
410
-1658
-581
0
-7938
-2093
-135
4446
-166
0
-1143
0
455
-3661
2595
-53
68
-4940
0
-351
-798
0
2677
3679
-241
-5683
-172
-888
-4198
-5875
0
-5271
-320
0
-1474
-1635
-244
0
1470
-26
157
10
0
300
630
-9606
0
0
130
0
0
-4741
-50
-94
0
-445
1057
-1185
0
240
475
3142
0
-1088
-1580
-240
534
205
0
-616
-454
71
0
395
-4157
-1260
175
230
-351
1600
-65
0
288
1276
-1296
2877
101
-17
171
-1089
0
-64
287
1073
-127
-216
-210
-573
-1947
0
-5946
-1078
-881
4392
227
0
-270
0
1512
-4135
689
-84
107
-751
0
-809
-1801
168
242
3503
-231
-4552
210
-1106
273
-5260
0
-2040
112
0
-1243
-2296
-1990
0
723
-40
1542
0
0
645
0
-6074
0
0
-1530
0
0
-2394
0
93
0
-32
545
415
0
388
381
66
0
-1669
-2043
0
418
-585
0
-915
-889
1026
0
177
-3098
0
-30
-108
-2343
869
0
0
-24
2339
-339
1412
-75
110
126
0
0
466
0
-197
0
-2640
-115
28
-540
0
-610
-149
300
2174
-425
0
-774
0
836
662
-1029
0
0
1299
0
-81
-51
-273
968
396
0
-2331
0
-378
-622
-3508
0
-748
-412
0
-616
-872
-928
0
660
-525
705
-1576
0
577
360
-753
0
0
-58
369
-432
570
0
229
0
88
-2927
-5869
0
-1646
0
-1070
95
268
1926
76
388
-441
0
191
-212
-1105
95
-4303
-1713
34
29
-542
102
1923
-651
0
0
1682
294
-162
-1505
-112
426
-204
0
-2338
897
-84
-119
0
240
212
0
0
-5489
-889
-2160
-1506
-844
0
-1160
104
0
-2986
337
-72
0
-4161
0
0
-2060
-614
256
-3471
696
-1279
-125
-762
-255
691
0
-3987
0
0
-92
-1527
-60
0
697
-553
1894
-1750
0
745
-1758
-68
0
0
-1047
-225
-560
1987
-760
-62
0
168
-1432
-7951
0
-1054
4
-967
-25
-1711
1469
-240
331
-756
0
1340
-8
-2475
319
-204
-2537
1537
-513
-862
-1046
1282
-91
0
0
-31
-159
-91
-82
221
15
69
0
-2456
-200
-3080
17
0
-24
-84
-161
0
-7284
-3507
-3335
65
-758
0
-250
-1027
0
-2245
800
-289
19
-1550
0
-1651
-3426
2546
2412
-4168
-478
-3181
681
1301
9
-1787
0
-5719
0
0
319
-449
663
0
96
-27
846
-187
0
309
504
-3810
0
0
-2800
0
0
-1385
650
-309
0
22
-1298
-6434
0
316
99
1845
0
162
1142
0
-517
-1799
0
901
-892
-3221
63
-362
-1444
-440
-437
-1086
-1709
933
0
0
712
-130
-328
70
-331
1092
0
1191
0
-1662
-828
-2057
122
2904
350
-584
-585
0
-9169
-4620
629
2280
-472
0
27
0
1651
-3501
1340
0
32
-3552
0
-1014
-417
0
2054
-1230
12
-5930
-1821
311
-3040
-3902
0
-6709
-320
0
151
-2696
470
0
1803
-43
2160
-74
0
480
28
1125
0
0
-4994
0
0
-5311
860
-471
0
-168
1301
-2652
0
-508
224
-883
0
816
540
0
-1314
-1555
0
3208
355
-1930
0
154
1363
-526
72
-386
94
-1032
0
0
616
1032
-486
-1791
-376
373
42
354
0
-797
-1003
-1824
-35
3048
-560
-418
26
0
-6823
-840
885
2804
-990
0
-1044
0
1097
-1742
-1092
0
127
-2058
0
-420
-1166
77
2049
-168
-144
-6628
-1473
477
1911
-1275
0
-7576
-240
0
-207
-25
716
0
-386
0
1968
-1125
0
1935
648
0
0
0
-148
0
-270
0
0
0
183
-112
0
0
0
-889
0
0
304
-3864
-4494
0
0
0
-2106
-1464
0
0
0
-2304
-2794
0
165
-405
0
290
0
0
0
3132
780
-20
0
0
1008
450
0
-2508
138
0
0
0
-1232
28
0
-540
0
0
2
0
473
0
-4060
-828
0
0
0
646
0
1577
714
-216
289
-1326
-224
0
1296
-456
0
-2952
0
0
765
448
-600
-1404
0
-90
0
0
0
