-555
1291
-755
-749
-833
385
-4566
-3759
-579
1268
-701
-1075
-635
477
-4220
-3317
-270
1285
-710
-413
-731
523
-4557
-4215
-555
1291
-755
-749
-833
385
-4566
-3759
-555
1291
-755
-749
-833
385
-4566
-3759
-156
1396
-675
-507
-565
642
-4239
-3908
-555
1291
-755
-749
-833
385
-4566
-3759
-555
1291
-755
-749
-833
385
-4566
-3759
-555
1291
-755
-749
-833
385
-4566
-3759
-555
1291
-755
-749
-833
385
-4566
-3759
-535
1798
-600
-542
-643
624
-4616
-3793
-535
1798
-600
-542
-643
624
-4616
-3793
-525
1160
-614
-712
-675
533
-4467
-4052
-420
1784
-655
-937
-585
826
-4325
-3470
-525
1160
-614
-712
-675
533
-4467
-4052
-420
1784
-655
-937
-585
826
-4325
-3470
-708
1307
-839
-266
-779
50
-4451
-3991
-555
1291
-755
-749
-833
385
-4566
-3759
-101
1730
-641
-389
-494
828
-4377
-4057
-552
1117
-955
-985
-1022
205
-4658
-3634
-1278
1361
-670
-430
-804
77
-4733
-3719
-420
1784
-655
-937
-585
826
-4325
-3470
-555
1291
-755
-749
-833
385
-4566
-3759
-555
1291
-755
-749
-833
385
-4566
-3759
-649
1052
-752
-892
-826
306
-4548
-3827
816
1477
3861
-1325
2295
2656
-3236
-5958
-59
1290
-780
-871
-537
538
-3910
-3273
-173
1350
-913
-506
-927
422
-4667
-4022
-555
1291
-755
-749
-833
385
-4566
-3759
-555
1291
-755
-749
-833
385
-4566
-3759
-555
1291
-755
-749
-833
385
-4566
-3759
-555
1291
-755
-749
-833
385
-4566
-3759
-555
1291
-755
-749
-833
385
-4566
-3759
-555
1291
-755
-749
-833
385
-4566
-3759
-555
1291
-755
-749
-833
385
-4566
-3759
-555
1291
-755
-749
-833
385
-4566
-3759
-555
1291
-755
-749
-833
385
-4566
-3759
-579
1268
-701
-1075
-635
477
-4220
-3317
-270
1285
-710
-413
-731
523
-4557
-4215
-555
1291
-755
-749
-833
385
-4566
-3759
-535
1798
-600
-542
-643
624
-4616
-3793
-156
1396
-675
-507
-565
642
-4239
-3908
-420
1784
-655
-937
-585
826
-4325
-3470
-555
1291
-755
-749
-833
385
-4566
-3759
-555
1291
-755
-749
-833
385
-4566
-3759
-555
1291
-755
-749
-833
385
-4566
-3759
-555
1291
-755
-749
-833
385
-4566
-3759
-555
1291
-755
-749
-833
385
-4566
-3759
-1278
1361
-670
-430
-804
77
-4733
-3719
-1278
1361
-670
-430
-804
77
-4733
-3719
-1228
1060
-920
-594
-1020
-230
-4764
-3561
-1359
1298
-698
-611
-648
-37
-4347
-3111
75
1491
-880
-699
-736
462
-4409
-3516
-173
1350
-913
-506
-927
422
-4667
-4022
-555
1291
-755
-749
-833
385
-4566
-3759
-555
1291
-755
-749
-833
385
-4566
-3759
-1228
1060
-920
-594
-1020
-230
-4764
-3561
-552
1117
-955
-985
-1022
205
-4658
-3634
-160
1873
-629
-791
-490
711
-4369
-3387
-1228
1060
-920
-594
-1020
-230
-4764
-3561
-1120
1743
-368
-310
-393
498
-4414
-3631
-1325
1743
-632
-400
-612
160
-4548
-3240
93
1725
-810
-285
-736
634
-4693
-4103
-555
1291
-755
-749
-833
385
-4566
-3759
-552
1117
-955
-985
-1022
205
-4658
-3634
-529
967
-951
-1239
-851
170
-4251
-3159
347
1697
-813
-798
-693
430
-3904
-3622
45
1696
-651
-945
-475
950
-4029
-3404
-233
1426
-972
-475
-809
188
-4527
-3628
-968
741
-848
681
-57
373
-3916
-5058
-3323
-2521
-4293
-2204
-4078
-3190
-5292
-3045
-555
1291
-755
-749
-833
385
-4566
-3759
-555
1291
-755
-749
-833
385
-4566
-3759
