-11759
-7369
-3441
10989
-8582
2088
-8102
-5198
19430
5514
-6938
-10233
10259
4682
7817
-4344
-7092
-8871
-3289
4850
-7057
-311
-3786
-14515
12441
7846
-7102
-9162
7835
-934
5176
-3353
-12289
-2811
-5376
9418
-4797
2740
-4743
-5135
10244
5926
-270
-6866
8606
1255
4826
411
-10826
-5388
-4065
10812
-3482
-345
-4915
-2907
11568
7885
-5241
-10449
8606
167
7200
360
-7264
-7027
-2144
3753
-4820
3625
-939
-11447
8911
8227
-2009
-7130
5831
-8625
5116
-5081
-5957
-12442
-7685
18076
-7512
5475
-3426
1289
17145
-1292
-7834
-7207
5344
8793
5884
-7493
-5207
-6184
-6193
6441
-7650
425
-2460
-7786
7759
1937
-3478
-6786
8860
2273
3990
4914
-15607
-5202
-4934
8750
-10382
560
-4547
-6616
10927
4797
1752
-7041
6283
1386
6332
-235
-4557
-3251
-2117
6264
-5066
-1359
-2716
-7562
5250
5911
-4029
-6892
7942
4288
5614
2276
-6065
-6714
-2107
1577
-4723
2874
-2947
-7897
9091
5677
-5879
-5789
3718
-5550
3909
-1704
-12701
-3823
-4967
8739
-9128
8694
-1474
-1613
6012
4901
-357
-6742
5541
-128
5850
1635
-10655
-8130
-4629
7708
-9469
4946
-8776
-3877
9592
7385
-4922
-6488
3780
-209
503
-1345
-4218
-4248
-2729
6628
-1681
6787
-2484
-2979
8893
5942
-2261
-6570
9683
-2367
6468
5804
-10168
-5903
-6547
7989
-6657
5016
-4595
-2415
10648
5057
2255
-8031
5599
3014
4531
4099
-9515
-1590
-2215
5669
-7106
7732
-1774
-2319
4299
5805
-3378
-4291
5959
-1240
3771
960
-8622
-2190
-5000
8439
-6160
6990
-3130
-1096
6201
4921
-3235
-5459
9181
632
7197
-260
-9402
-10636
-6509
12044
-9238
3082
-4993
-3134
15545
-1065
-5004
-5543
6275
2262
3396
-5711
3127
-6050
-2587
1606
-5124
5961
-1071
-8291
8205
-2583
-7667
-6039
13272
4359
4309
793
-3390
-7437
-3326
4739
-7013
2805
-1055
-9041
13657
2695
-8767
-9174
10930
-3443
7727
-5596
3113
-3387
7609
15087
5155
10024
-8558
-12171
23018
-1259
699
-8206
15657
-6488
11933
-567
-6612
-6321
-5148
12366
-5920
1540
-3889
-1447
10033
-2863
-5518
-6915
9113
7050
6950
-5531
-1749
-5285
-4634
4684
-6458
7937
-3102
-5359
2912
2304
-3765
-5934
8325
1053
5060
-1166
-5861
-7701
-3153
2858
-6016
5175
-4084
-10107
12836
4281
-287
-4984
6146
-6801
3297
589
-6150
-9000
-5263
2903
-8527
6047
-1807
-8346
6634
4730
-9010
-6346
5582
-4976
1039
-2565
-3546
-6940
-200
24995
-2764
13932
-5212
-2173
15633
-1739
-9772
-6881
8268
642
6922
-11401
-522
-6447
-2795
18450
-1041
5008
-10053
-2072
8518
-1344
-582
-6296
8545
6609
6307
-4073
-5857
-6521
-4144
5552
-7399
7576
-4807
-3029
4523
937
1725
-8152
7461
-757
4373
1197
-7195
-8304
-3265
2126
-7484
7972
-2693
-3250
4917
3130
699
-6171
5546
-598
2026
-17
-12940
-8457
-2943
13857
-10960
956
400
-6831
24079
1491
-8931
-10416
6243
-1094
11668
-4810
-7886
-7008
-4355
19523
-4861
12118
-3967
264
10400
1011
-7574
-6792
12139
5967
8000
-12613
-3891
-2428
-4004
97
-9728
6092
-6894
-3406
3081
5299
2292
-4966
4765
5608
1774
-2267
-3652
-7659
-1995
-1483
-7336
3479
-6467
-4242
6694
3992
-644
-4848
3900
-3647
2802
-1680
-2144
-4271
-4915
5595
-6024
4206
-2259
-6949
3219
4852
-8563
-6389
9100
-421
2733
-2320
-5636
-8867
-730
-1144
-3582
1171
-2204
-11610
15608
7266
-8465
-7425
8098
-8878
6417
-7458
133
-8650
-3831
18366
-4475
6564
-5344
-469
12773
-2386
-3795
-7426
4403
6816
5457
-2685
706
-10890
-5008
1788
-6644
5898
-1634
-2182
9208
-63
-3097
-7621
11317
6106
6256
-3851
3133
-12131
-7553
-1119
-5956
6842
-3973
-8464
6442
300
-5600
-4693
11206
7759
2157
2073
1369
-8208
-7307
6461
-7628
-2338
-2081
-10302
9348
-1507
-14182
-4315
7594
10186
3165
-4907
7118
-4706
6614
14567
3895
8046
-8820
-9849
24662
-3702
-1721
-7189
14156
-7287
12938
-7141
