0
714
0
-1640
0
-1651
0
0
-548
0
-3807
-3532
187
0
0
-1262
2667
0
-510
470
-2433
-2396
0
238
144
110
0
2350
812
-1900
-1289
0
0
0
0
0
-2372
-561
-8099
-9256
0
-300
0
0
1345
0
-1038
0
1940
0
-3747
0
0
-5252
5274
-635
0
441
0
-1240
0
-530
0
65
2920
-162
0
0
0
0
0
-269
0
0
1259
0
0
0
-7098
-299
-556
0
0
-735
-3320
1392
0
0
-63
-4297
0
0
2516
-2939
-200
0
0
0
-4167
0
-4906
0
0
-3495
0
0
-1525
24
-5036
-810
0
-508
0
-1233
-96
0
0
-1144
0
708
0
-1651
-1452
-562
375
-84
0
0
-505
-2821
-4058
-413
0
-520
-693
-750
-63
0
127
0
-512
0
-120
3181
0
0
-5421
1686
0
0
0
0
2619
-2850
-335
734
-273
0
0
0
-2948
-3723
0
0
-18
-2437
0
-865
-1201
0
0
421
-8324
-762
1783
476
3886
195
0
0
0
0
0
0
0
0
0
0
1280
0
-3069
-60
-880
-506
-1326
-680
0
0
0
0
299
0
-5617
312
30
0
0
-5421
16
0
233
-208
-5473
-372
0
0
231
-463
-2154
0
140
-4410
1608
0
0
-15
-2196
-1499
-1550
0
-2813
-5928
0
-516
-224
-111
0
0
3813
-2608
-87
1073
0
-2437
580
-635
2366
-144
-448
787
0
0
0
-1302
-1797
286
0
0
105
0
0
0
0
-1340
-927
48
-342
-1982
-5584
-581
0
-126
136
0
0
-574
2447
0
-1387
-414
0
0
-4586
510
0
0
-3899
0
-44
-231
-841
-696
0
0
0
0
0
0
459
1930
0
-85
0
0
0
140
-21
194
0
0
0
980
52
0
0
0
381
4046
780
0
-986
3274
-4533
0
0
0
0
-1423
-90
0
-1007
-156
0
2342
0
-1674
144
0
-2000
-1963
-822
2465
-1103
0
-1480
0
2256
-64
3972
1291
0
0
0
0
0
218
598
-1112
0
1143
0
-475
0
-444
-573
-150
557
0
0
904
-2339
0
-696
-374
0
23
1185
0
0
0
0
-100
0
-60
-2667
0
257
-469
0
-4793
714
0
0
-28
-9821
-2680
-140
277
0
-1016
-583
0
-2486
-553
0
0
0
-2039
-2235
0
0
-1136
1750
0
1180
639
-216
0
663
42
1705
-236
0
0
0
670
-1143
0
-4254
-1805
-793
-4
0
0
0
-2057
3295
-137
0
-116
-765
0
-3570
30
0
-1362
0
-6268
520
0
-1508
0
-443
0
0
-234
-386
0
-59
0
0
0
904
-248
0
0
0
0
0
0
-3463
0
0
0
-4366
0
1595
0
0
0
-836
-2467
0
-700
0
-715
0
0
-274
0
-2973
-1183
2057
0
0
-1002
-2016
0
166
-402
1281
2
0
-3339
294
-40
0
-1108
-1325
-1145
-1162
0
156
0
0
-594
-800
0
3534
-6919
0
-672
0
0
2739
-127
1139
0
-1892
0
-4687
0
0
-3688
-3215
-717
0
-3845
0
-1384
0
-110
0
-9
-2470
549
0
0
0
0
0
-234
0
0
-4168
0
0
558
-1384
2126
-1097
0
0
990
-1407
429
0
0
-40
-6409
0
0
5918
-4127
-2206
0
0
0
-3424
0
-4994
0
0
-4528
0
-840
-1236
-216
-940
-795
0
-400
0
-1053
-36
0
0
-88
0
-1371
0
-2856
-2961
-3053
-330
-105
0
-381
-420
-1173
-3241
7
0
-527
280
-762
-41
108
-90
0
-1063
-635
-196
-9440
0
0
-7319
4779
0
0
0
0
1402
-1318
-1095
157
-3627
0
0
0
-864
2139
0
0
-306
-305
0
-677
-1613
0
0
1986
-3587
-60
2502
-1402
815
-455
0
0
-1190
-109
0
-475
0
0
0
0
-4636
0
2842
-320
-1220
-651
1231
-816
-330
0
-120
0
1941
-635
-4722
-478
-1299
0
0
-6491
127
0
1921
-1110
1229
300
0
0
-273
-1963
-8900
0
-514
-7707
162
0
0
-450
-2570
-1827
437
0
-995
-5323
-353
2371
-238
-1806
-1016
0
-5213
-955
-557
1085
-168
-4944
-1368
540
-1750
-2434
3659
-1123
0
-536
0
916
-2750
-2392
0
0
32
0
0
0
0
-165
41
-67
-516
-5008
-3572
-1190
0
-67
-2159
0
0
-78
-1239
0
-2883
54
1016
0
-1757
240
-424
0
-5055
0
1397
-1640
-307
-4847
0
0
0
0
0
-212
-1973
-4080
288
-1457
0
0
-33
-2223
-1910
-180
0
0
0
1270
-32
0
744
0
-162
-8204
-324
0
-4407
-3477
-373
0
0
0
0
248
-1533
0
-3857
-104
0
-5249
0
-1192
24
0
-12478
2445
-1323
-1254
-1875
0
-1061
0
-4889
-1790
-2317
-2208
0
0
0
0
0
-18
-871
-2985
0
396
0
-1227
0
-1566
-43
530
530
-2125
0
584
-7218
0
-103
-2340
0
-423
-1443
0
0
0
0
-78
0
-373
-113
0
-824
-335
-635
-5195
941
0
0
35
-8586
287
-144
-330
24
1008
1824
0
-1383
-499
0
0
0
-7008
-37
141
0
-2605
-960
0
-2278
-702
-264
0
-1034
464
946
-110
0
0
0
1831
-2308
0
-5410
-200
-155
102
0
0
0
2173
-1113
17
0
-37
-882
0
-2400
-2536
0
-1690
-881
-4601
-767
0
-3732
0
-486
0
0
-1937
714
0
-828
0
-127
0
-5652
-1607
0
0
0
0
0
0
2393
0
0
0
5130
0
1979
0
0
0
-1172
2142
0
-1270
0
0
0
0
-92
0
1363
21
-1665
0
0
-68
0
0
2
-4244
-1283
930
0
-347
0
-550
0
-240
-3118
-1979
-301
0
-75
0
0
1584
-220
-1718
1557
-1051
0
1212
0
0
185
-19
-2014
0
-2403
0
-528
0
0
-327
-4302
559
0
-64
0
-866
0
635
0
-127
-1602
-841
0
0
0
0
0
-144
0
0
-2211
0
0
-2291
2696
1016
-438
0
0
-315
-533
-2100
0
0
-127
-715
0
0
5253
-1547
-2645
0
0
0
1
0
-2506
0
0
-3112
0
-680
-117
126
855
0
0
0
0
-672
0
0
0
-858
0
-1422
0
176
1310
-1430
0
0
0
150
-635
66
954
-1547
0
-100
399
-108
-162
144
16
0
242
-305
-396
-2819
0
0
-4030
2854
0
0
0
0
-2006
-3136
-980
-1246
118
0
0
0
-668
-175
0
0
0
-93
0
-376
-526
0
0
635
2056
-198
-1291
-1524
942
0
0
0
1372
-140
0
285
0
0
0
0
-2591
0
-539
-355
0
-1914
-234
0
-1905
0
24
0
-522
20
-917
250
40
0
0
-4635
0
0
580
624
-1839
0
0
0
245
-214
-6080
0
-444
-3780
-133
0
0
0
-345
-1196
184
0
3476
-2322
80
875
-254
421
384
0
-1378
20
-260
714
889
-2330
-418
-380
-1638
-360
-4508
-1080
0
-320
0
1298
-286
-4777
0
0
32
0
0
0
0
-340
886
0
-72
-1766
-3346
-1588
0
-697
-1802
0
0
-68
-418
0
-2008
-222
-72
0
-504
0
-144
0
-4191
0
0
-136
0
2592
0
0
0
0
0
12
-196
-1740
198
-964
0
0
42
-613
-1491
108
0
0
0
0
0
0
-572
0
45
-5761
-260
0
765
-2071
742
0
0
0
0
-122
-1253
0
-7624
64
0
3930
0
728
736
0
-12566
58
-560
-2080
-1375
0
-1555
0
-1696
411
-6774
1258
0
0
0
0
0
0
-1430
275
0
-468
0
-292
0
-1818
0
-63
469
-901
0
-91
-2705
0
-1901
-4879
0
115
-508
0
0
0
0
0
0
-16
-1666
0
-140
296
-445
-4622
254
0
0
0
1894
642
182
-116
-396
0
3638
0
-1496
-644
0
0
0
-1172
-2083
-276
0
-2116
-640
0
-2006
-243
16
0
-246
-23
5823
-158
0
0
0
1758
-1591
0
-2345
0
-44
-2
0
0
0
-330
-450
-147
0
-581
18
0
0
8
0
-700
-150
-168
-1143
0
2008
0
189
0
0
-1937
0
0
-34
0
26
0
-344
-614
0
0
0
0
0
0
2858
0
0
0
42
0
-462
0
0
0
0
-956
0
-1504
0
-1170
0
0
-82
0
-1654
-49
-697
0
0
-686
-504
0
-762
1078
-3807
2555
0
-946
60
-190
0
421
-3077
-7088
-2289
0
0
0
0
0
3944
-59
-79
-10927
0
900
0
0
-1208
0
526
0
3189
0
-1431
0
0
363
5509
-65
0
-4191
0
-2379
0
240
0
-25
-1874
-410
0
0
0
0
0
-263
0
0
2390
0
0
0
-1882
79
-959
0
0
-105
-1327
-149
0
0
-8
-3072
0
0
5846
-996
-2117
0
0
0
-4273
0
-5925
0
0
-4672
0
0
-3320
-762
-258
-1500
0
-236
0
-2703
1524
0
0
176
0
138
0
-1482
-1260
-1529
560
-623
0
0
-526
-3003
-4302
-868
0
-233
-364
-216
-54
0
3
0
82
0
-332
3180
0
0
-4257
153
0
0
0
0
2999
-4062
-1010
-174
-3267
0
0
0
1224
757
0
0
315
-2447
0
-732
-780
0
0
-154
-3787
672
-103
84
-1089
-635
0
0
0
-108
0
0
0
0
0
0
2592
0
-1797
420
-1270
-1305
-1360
4318
0
0
0
0
1544
0
-3978
182
77
0
0
-4574
52
0
-480
-191
-4515
-678
0
0
609
-1600
4264
0
-1270
-6384
395
0
0
-250
-4970
-3496
610
0
1933
-5217
0
-1072
-182
41
0
0
-4885
1065
-294
-1021
0
-1273
-1390
-580
-654
-202
-259
-1165
0
0
0
-2948
-3413
-2835
0
0
-22
0
0
0
0
-1706
6453
22
762
-3678
1812
-889
0
-864
1955
0
0
-98
-1555
0
2681
-280
0
0
-1566
-1905
0
0
-2979
0
704
-889
-2148
-1823
0
0
0
0
0
0
720
-1462
0
-342
0
0
0
-851
-1895
-304
0
0
0
100
127
0
0
0
-93
5327
-1270
0
-204
-260
-10323
0
0
0
0
738
-307
0
-1805
-1060
0
-3985
0
-744
-992
0
-89
-2838
-2654
6421
-854
0
1631
0
-3886
82
-7391
-537
0
0
0
0
0
-44
-1001
-2024
0
-540
0
-800
0
-140
153
-120
857
0
0
-1293
-2726
0
-1512
-2787
0
15
-1124
0
0
0
0
-110
0
-1830
-2142
0
-363
63
0
-1903
4935
0
0
56
-5149
1280
-170
-568
0
496
1219
0
-969
-2215
0
0
0
-1815
-7598
0
0
136
-266
0
784
-522
-56
0
-981
39
-2399
-92
0
0
0
-775
-2943
0
-1428
-640
1128
-248
0
0
0
-166
-1542
-139
0
1009
675
0
-3810
-2880
0
4
0
-6080
-5345
0
-3360
0
3199
0
0
-4273
-550
0
9
0
0
0
-5746
-1051
0
0
0
0
0
0
-1588
0
0
0
17
0
2916
0
0
0
-1068
2074
0
750
0
-1131
0
0
-105
0
-1460
-2046
-7952
0
0
-90
-714
0
432
-2792
-4701
5110
0
-3332
105
1380
0
232
-3441
-3483
-1912
0
-300
0
0
-2088
-1972
-2415
-3341
-7029
0
-1052
0
0
-1161
-63
-1903
0
-3706
0
-2460
0
0
-610
-5715
-673
0
-1470
0
-2033
0
-160
0
-107
-2364
39
0
0
0
0
0
-55
0
0
1808
0
0
1052
31
-86
3254
0
0
-1731
-3258
-710
0
0
-51
-192
0
0
9058
-1587
-4833
0
0
0
-3740
0
-681
0
0
-3113
0
-920
-258
-6
-5082
-1905
0
-312
0
-930
-1044
0
0
-1628
0
-3717
0
-1951
-2567
615
-310
-588
0
-159
-1101
-678
-178
-1582
0
-360
-889
-354
-105
-180
-16
0
-3135
-340
-184
-7936
0
0
-2237
-419
0
0
0
0
-964
-1468
-1400
-565
-4926
0
0
0
-1093
702
0
0
1143
-908
0
-353
-1668
0
0
151
-6395
-306
-908
-1577
-1576
-215
0
0
-1778
89
0
-135
0
0
0
0
-7310
0
-932
635
1180
-4727
845
-952
345
0
-236
0
1093
-120
-2054
-821
-1444
0
0
-2717
-48
0
1124
865
-1820
-258
0
0
2177
-2333
-5597
0
-942
-215
-25
0
0
-370
2423
-5486
-2470
0
-3470
-9814
-129
-1047
-24
-1681
-216
0
-4597
156
-213
-1600
203
-692
-5026
300
-935
-1908
-4034
59
0
88
0
-644
-446
-5646
0
0
14
0
0
0
0
-580
2332
-91
-414
-580
-3969
-1608
0
-2572
1360
0
0
-242
-554
0
708
-26
-248
0
-1512
-900
-344
0
-71
0
-572
-2435
-676
-3240
0
0
0
0
0
-254
-831
-5850
-243
3275
0
0
-69
-808
-2761
-1720
0
0
0
-830
71
0
324
0
-78
-4179
-1402
0
-693
-938
-6340
0
0
0
0
-889
-2156
0
-1969
-960
0
-1676
0
-1872
-1360
0
-5512
1627
-476
1761
-2790
0
457
0
-1432
-970
-6109
-5529
0
0
0
0
0
-56
429
-3200
0
-117
0
-1519
0
-1342
-1853
-407
-143
-2159
0
859
-3099
0
2007
-2869
0
-352
-391
0
0
0
0
254
0
-1243
-617
0
-1452
166
515
-2543
1120
0
0
469
-4638
-141
979
-3057
-172
680
535
0
-1087
-1242
0
0
0
-1431
-767
-195
0
-602
-779
0
-2266
-486
-60
0
-3142
-124
-953
-98
0
0
0
-2123
-3148
0
-1663
-485
-668
-32
0
0
0
1532
-2038
637
0
-422
225
0
870
-3338
0
-164
-590
-2742
-6392
0
-2504
0
610
0
0
-2348
-220
0
-72
0
-78
0
-6803
-2583
0
0
0
0
0
0
-4360
0
0
0
5824
0
-1259
0
0
0
1084
-3300
0
-1696
0
0
0
0
-53
0
1526
-954
1620
0
0
-200
0
0
-8
-1428
-1999
1937
0
-603
0
-690
0
-384
659
-3173
-1292
0
-99
0
0
1044
-680
-3142
3375
480
0
-2340
0
0
-147
-21
551
0
-3208
0
-702
0
0
430
-6485
-1094
0
-3495
0
-1060
0
-180
0
-90
-1326
-1887
0
0
0
0
0
-74
0
0
-1430
0
0
-2588
2045
-288
-174
0
0
-45
-632
-544
0
0
-78
1764
0
0
6823
-1054
-4345
0
0
0
-1780
0
4293
0
0
-1114
0
-110
81
-114
-4164
0
0
0
0
-820
0
0
0
1452
0
-1596
0
381
-5034
2312
0
0
0
-303
-515
-423
-1026
357
0
-80
-315
42
-366
124
-40
0
-762
-400
344
-2866
0
0
488
-1410
0
0
0
0
-1011
540
530
-119
-2167
0
0
0
173
1401
0
0
0
-1107
0
-344
-522
0
0
65
-3216
-360
-2797
-1488
-502
0
0
0
504
-54
0
-255
0
0
0
0
-2094
0
-266
155
0
-2274
-240
0
-720
0
-508
0
374
-200
-686
1607
-6
0
0
-942
0
0
1270
-162
-1141
0
0
0
-42
-1495
-6049
0
-198
-5615
-24
0
0
0
-1495
-4042
336
0
3291
-7383
-1
-1701
-48
-400
-40
0
-1226
-272
-116
-483
420
-1138
-2362
290
1778
-428
-62
-954
0
-448
0
2830
636
-4307
0
0
127
0
0
0
0
446
-472
0
-228
1151
-829
-1078
0
-1629
-1513
0
0
-136
-638
0
-120
-356
40
0
-1387
0
-664
0
-2871
0
0
1625
0
-2268
0
0
0
0
0
246
68
-2424
315
885
0
0
93
-1312
-819
-921
0
0
0
0
0
0
-252
0
9
-5365
312
0
-2697
-3112
-878
0
0
0
0
1843
2066
0
78
256
0
-5183
0
-2484
-848
0
-6665
138
-2680
-4
-1066
0
330
0
-4603
778
-3411
-971
0
0
0
0
0
0
1469
-451
0
-747
0
-372
0
-1132
0
-2256
183
-1105
0
-4859
-4202
0
-511
412
0
75
-92
0
0
0
0
0
0
-488
-1326
0
-3412
-235
60
-486
-1449
0
0
0
1853
-286
1507
-801
124
0
1153
0
359
-3500
0
0
0
-4941
3990
15
0
-1971
-816
0
-2435
675
180
0
-531
333
-2017
-114
0
0
0
-2083
1572
0
-995
-405
-22
-124
0
0
0
280
-420
1548
0
499
-486
0
0
-768
0
-90
-104
3670
-3756
0
264
0
1365
0
0
-1095
0
0
-42
0
-35
0
-4188
-1177
0
0
0
0
0
0
-3018
0
0
0
514
0
498
0
0
0
