0
-231
1697
0
-170
0
0
-612
-1386
-2177
0
0
-75
477
1948
0
-3200
1508
-112
572
0
415
-2122
-3751
-92
0
-707
3432
-2725
1817
-1670
974
1353
50
-8606
15
3246
515
0
-1914
-1824
-75
254
-215
201
-2028
0
0
1512
85
-127
0
1410
157
-780
-1386
1845
-2011
452
1781
-1494
2430
-2212
0
0
-780
-381
-149
3865
-1842
-1661
224
100
0
0
-215
0
1371
2570
0
-1303
0
1905
0
-4006
-4728
-508
2399
0
0
1144
-378
-123
1464
-1415
893
-155
-1680
1302
941
-2266
4312
-216
-7016
0
-1197
1017
-1227
5689
-6876
-1055
-2820
0
360
3316
-330
0
4319
-547
0
766
-1644
-3437
-18
-1250
-5416
888
0
2094
0
508
0
1778
1246
0
-1206
1134
116
-1684
-1272
0
-242
-5691
-587
-200
-6223
-3149
-2696
-1134
-489
-7852
-877
483
129
-408
-136
948
-500
752
649
0
880
0
-1737
-3020
1750
0
1437
-3982
2941
1952
0
710
127
-2193
362
-945
0
-3200
-2150
-933
-1950
-4185
1401
-3611
3078
4181
-218
-3822
0
2772
-6702
-188
122
-664
-1641
398
-3553
-1240
-4261
960
1520
0
1248
-5683
2392
-2147
1401
595
60
-1651
-3873
-1884
3303
-22
-2219
0
-114
-4753
-23
84
3632
-274
0
-1071
0
-127
0
0
4442
-4616
0
-1678
-1469
0
-1107
-6126
-3998
3234
0
-1632
936
-3581
130
2163
4103
-7579
880
0
1248
-672
0
719
646
-259
-528
724
702
0
-9573
22
7653
702
0
-865
0
-4652
-2730
8
-71
508
-1540
-7508
-2985
503
320
17
-644
-328
1296
-960
-1941
-1450
1371
-2667
691
1778
0
0
126
-689
1027
82
-982
37
-1922
-2831
-3358
82
-306
-73
756
918
0
-1110
-3410
-1092
0
0
-381
-3664
-178
-792
49
-867
5382
0
1054
-1900
447
711
692
-3017
-3701
12107
-1085
-910
-1830
-645
53
-1104
-1497
-448
-2871
-2062
2708
-639
-1861
-20
0
-88
-63
-660
-475
-368
-2255
1038
1046
-952
588
-1257
0
1016
1274
94
278
763
-2569
-48
1496
2221
0
0
587
889
-1102
-2235
-1322
-3862
0
738
-180
-6914
-2613
-3461
474
546
0
-1016
-127
5
2479
-2559
0
1895
-48
-186
-2792
-2940
3433
-2254
8678
0
2338
34
744
2583
-609
-984
-2115
0
481
2425
-1012
504
0
1386
372
0
338
-2482
952
-800
3860
481
0
2453
-32
482
0
0
600
-2105
1765
147
211
187
-4441
0
-210
-3289
-2511
-128
-1123
576
-1649
0
1830
-3466
546
-110
230
-508
428
1280
364
1845
-1900
948
-5975
0
-36
-357
2401
0
-206
-7712
2239
0
172
-1270
236
501
710
-1261
-113
-570
-2185
-3984
-4415
-2452
-384
-1472
-7466
0
-3690
-1061
-2014
1927
-6175
-2162
1240
958
312
1000
-304
2830
-2128
1200
0
133
-1626
-707
1784
3040
159
-2667
-1651
-87
-1781
-1208
-1755
-1470
-682
-137
-766
1636
-975
0
3239
530
36
-1835
0
-29
-1615
-1529
5258
1739
0
-49
407
385
522
-5156
-3446
10447
-647
-1274
-5485
6657
60
-4163
-918
-2811
1045
-635
-940
-252
0
478
-3541
-604
-3175
695
1601
118
-3228
-912
-7616
70
415
-1770
-8
-1358
-1364
-2478
-1689
-760
-1010
-5466
-448
3502
-2759
-98
-902
-824
-74
900
72
-435
1987
2434
202
28
0
648
-478
-134
0
54
10
-222
-584
-363
-3403
0
-195
-354
3038
-2874
0
414
285
-392
0
0
0
-883
-1386
-2501
0
-97
704
-2661
986
-1478
486
1026
0
-2529
-1787
4449
0
933
-210
-5141
-306
290
-215
540
-1660
-357
488
30
-3047
-1918
2152
85
0
78
-370
960
776
678
1507
-2288
762
-2095
0
1905
-381
-84
1315
1500
-762
0
822
-812
-635
0
-1143
0
-1653
198
-104
-4263
0
-234
127
-4780
-2965
-1686
882
0
0
949
-678
-892
104
-1360
11
-175
-1376
0
-415
-3852
-1015
-1912
3611
483
-209
2739
-1172
213
22
-2977
-322
0
-795
375
1902
-1524
490
-595
-20
90
0
-1370
0
1084
762
2214
0
2888
-92
-744
0
1524
2649
1755
0
-54
-958
0
-1244
0
213
-1244
-12
-3505
-3753
-387
411
-4653
-1905
-2620
0
-476
805
0
366
1510
0
-157
2337
762
-637
0
2509
-381
-1932
765
1401
-2318
131
432
-47
-828
-62
2551
-1041
-755
251
-1143
0
-3964
-210
-3414
221
0
-1242
1178
-1377
186
-3106
-4343
-1770
-360
244
2590
-1280
929
-553
729
-7256
-1020
0
-118
-8
-2762
540
2528
2544
-168
-381
0
-3569
-1135
-3756
0
-1999
-78
-618
681
0
84
2202
0
164
-315
47
-103
-1397
-456
860
394
0
-448
-120
0
-454
-941
-2660
5557
-290
-2294
-2246
2969
0
398
80
-3126
0
-556
-1102
-1176
76
468
-1715
329
-1242
416
-146
22
-189
-1296
-123
875
119
639
0
-767
-1105
406
-1414
-505
462
-5237
-705
1070
-1033
-1417
-3032
-82
82
0
-746
-1815
2040
140
0
1179
-3289
-378
0
1590
0
-170
0
-372
-2040
-2362
761
0
-104
-75
-495
1274
-500
2214
-2552
-74
576
0
-66
-2807
-3565
23
738
-909
708
-1930
2237
-1413
793
-1565
762
-8563
-2175
4179
-423
-977
1290
-128
75
1920
-635
-410
-371
-1184
1321
712
-714
0
-744
-410
858
-3250
-630
-144
-4461
366
-821
-165
114
-1578
0
0
-84
285
-192
928
72
1113
574
-515
-616
0
-1198
0
-2447
833
0
-1010
0
2897
-68
-7232
-2605
-3730
4059
344
0
0
432
-383
-3806
-923
588
678
-1112
0
1860
0
3879
-5138
1096
0
556
-658
-3964
5298
-4767
2
-1538
0
1298
10136
-1448
-83
462
-1944
2308
104
2754
-2688
-426
-510
-4188
-925
0
0
0
0
192
-300
317
695
-627
2250
229
-4
-5878
0
0
-3713
363
0
-1081
-2866
-533
-378
1513
-4864
91
-2667
-977
0
0
-654
-2985
3569
-3063
1650
1058
0
-3245
-2424
1942
0
-381
-3148
540
-5197
215
-1281
682
4418
419
-142
0
-1404
-390
-1737
-1201
1113
-1221
946
2600
-4872
-126
-1143
-2695
3076
-6597
-358
0
-399
-835
-1669
851
2637
-763
-154
0
-372
0
-2121
2983
-3263
-21
-2509
-734
-1589
-2184
0
-1798
-1900
-256
1355
-1890
-505
116
64
-2834
-2795
-36
-196
0
-769
0
-749
4764
-6504
80
-3562
0
0
0
-4408
-1896
931
-300
-192
-719
-1507
-82
1855
1761
-8516
1296
0
0
0
0
-371
1842
-1259
-4661
-1686
0
-1152
-6288
420
-1656
0
126
-69
0
-2942
-2287
299
2502
0
-2476
-8372
360
3074
48
0
-3258
-50
694
144
-1911
-4990
-482
-2079
-120
0
0
-2451
-135
-5061
792
4654
-1081
-1721
-3540
-1918
-704
-141
-2114
-1225
1511
506
1080
59
-1639
-1952
0
85
661
-1451
-1591
-265
1379
1296
7011
-987
1919
-3026
-349
2789
-654
-6105
-1835
6925
1175
77
618
-1047
350
-1618
-1638
-1049
249
-2937
5091
464
1129
0
1641
-17
-233
-3471
18
639
5060
1184
2259
-792
50
-1899
-508
-950
466
409
417
1827
68
-7247
1656
-879
-941
1270
-529
-21
351
68
-955
-5352
0
-1809
229
-7996
-137
-7339
-798
716
0
167
-4842
-2230
-495
-2574
136
66
-5143
0
-2513
-2449
3557
-4194
5045
-344
3788
848
-605
627
-6589
-980
-1843
-44
-3659
-1966
3126
-769
1778
-1377
3192
34
-4361
-5334
1583
2099
-4819
-739
117
772
24
1730
-582
1409
1259
-3023
-592
2223
-1608
-1666
-5529
-52
-424
-4250
-3150
123
-3411
-1519
3736
-1848
-949
-3728
-315
1762
-2319
-612
61
-105
-195
580
7
1720
-5912
-71
-2658
-5634
-387
0
3331
-3890
5487
-1472
-105
-867
1215
418
-37
-550
-334
985
-1199
-981
-5055
-4809
1110
972
-4579
1733
1407
-2045
-720
-3771
-7703
393
-290
2486
-910
-1347
-3281
3857
-5087
-46
0
-957
409
-3466
225
-1528
-575
-716
-727
-2439
-1221
-2055
-4815
-378
-3140
-657
1260
-1389
-300
588
-2183
-4026
1300
-5940
0
-862
448
-1944
9232
-2784
-298
-2985
138
-1775
-247
-4159
119
8592
-196
-835
-3174
-4816
0
-3916
-6129
-6651
-6894
-1618
364
-84
152
-348
-3317
228
-4262
-1219
767
-2635
-5710
-1690
-1405
585
1249
-2135
276
-1414
-7100
1591
36
702
-674
-10154
-254
3484
391
-728
-3303
-1289
165
-6
-984
-2857
1022
-1058
912
2083
-3689
-92
-1076
1090
-600
-3693
-1440
-422
-1211
-341
66
-188
0
-414
2251
36
0
1650
-3036
-577
212
78
-1022
-1237
-740
-609
690
0
417
-5314
381
-1461
-893
2012
0
-1253
-931
2925
-3461
-646
-697
-6310
60
-79
-635
432
-1649
-63
2467
0
430
-1194
5069
-245
-28
-3050
-1431
0
1967
0
2658
-279
635
-4189
176
564
1255
0
-756
619
0
0
1192
-36
404
889
426
721
1877
-2822
-400
-1595
0
0
-63
-2812
-9
-2013
3336
-1704
0
663
-98
-176
184
-1933
968
-148
-3388
0
-1965
-1101
-33
-1238
450
-141
6856
-481
-1110
1954
198
-1735
0
414
-53
0
350
-564
1717
-2054
0
0
-1143
-2034
32
-3739
2973
-1941
117
112
0
-612
0
-70
1289
-1378
0
-186
0
187
-1568
0
-674
-852
144
-6465
-3971
0
130
-2841
-1027
-2387
0
902
-2568
-762
0
4735
352
0
1888
0
127
-142
-410
-2824
-1357
2544
-3676
-1804
5346
-359
-174
-1076
-6078
-1290
475
1093
-2361
0
-1468
1298
-6889
-2853
-1617
-84
-1491
-655
39
0
-3797
-1910
-3136
0
762
488
-58
-277
-466
1611
-5162
-72
1064
1815
-2706
-5053
-536
463
2830
-51
-1699
-1983
-4667
0
-1992
-1077
-1658
-187
-4201
318
0
734
-2010
-716
576
-2595
-74
1155
-1505
-390
1011
2995
0
-664
-21
0
-6036
25
-3441
3346
-702
-330
-3585
997
0
-16
-2680
-1569
0
1782
-989
-1260
266
218
-5809
-384
-99
-596
216
265
-447
0
-4309
639
443
791
0
-636
-1663
-15
-664
1205
-336
-4397
191
997
-1032
-1955
-5623
0
349
0
-1153
-1045
149
220
-170
2375
-5519
