-5926
-2835
4686
-1923
6626
9018
-5828
-1659
2374
2387
-585
-3885
6010
-352
-2050
-5300
997
-213
2032
5392
-8249
4313
862
-5589
2630
2529
500
-874
6325
5165
-2228
15168
1041
630
-8389
-4475
3647
1530
185
-6650
-1171
-2208
-6246
-2969
1596
-4742
5214
-4366
-1162
2905
2491
-908
97
5604
1032
111
32
2617
-2269
-2467
-3057
2688
-2760
3450
-8654
-6674
3144
-8966
-3220
-363
3719
2518
762
-6325
-1915
7900
11729
-1446
-9058
1388
-6266
1421
-1836
-3181
-5342
-3013
-2410
-1621
4498
12147
-1297
-5074
-4710
3314
2824
3470
-1417
1023
-4085
1968
-769
-1109
3323
2366
558
56
-2990
-108
5175
8455
195
-7114
2870
2951
-1823
5626
2141
5340
-2536
-1185
6076
-1398
-3653
2400
6144
-2965
-5603
861
4718
6295
25
-1645
827
1061
3767
3157
-20
-4310
2805
-6198
551
5629
5651
4709
-2119
5693
2480
-3623
5296
3066
-4655
3344
524
4464
-1072
-2241
-4904
4200
799
-2077
3342
3783
7811
-973
41
-1312
1070
-3573
5874
-7874
502
-1903
-2331
-6041
3353
-1707
6136
-6574
-2662
880
278
-1688
-3267
6558
-1340
-2181
-4753
-315
-2328
2944
-3436
-2260
-3787
-2233
1712
-2024
3493
-219
-556
-1246
3958
4549
-3742
3337
-952
3367
-2263
-729
5118
-3664
-8351
4076
3743
1612
-427
-3771
-5462
2080
1836
-3987
3099
5323
-232
5877
-4379
276
-2629
-2420
-2820
2565
2312
-3846
-6902
-1655
-4547
432
-1489
-4004
1486
-772
4458
5034
401
-2674
-220
773
303
5324
-500
-7951
-2321
-1848
-2321
462
8734
4435
546
-2007
-817
-2037
723
-3781
-5325
-4333
4938
2710
-2300
1023
3446
1107
-6890
-4251
4008
1227
-1850
-5812
-6277
-5332
-3778
-2188
-1892
2240
-4259
-1833
-1443
-3430
-2503
-2884
-3743
77
-3262
-5447
-3204
3256
-3980
-1059
6165
997
1498
-2919
1661
7445
-329
-1761
160
-1085
-4514
4170
3514
2042
-1891
-1575
4024
1072
-1752
2482
789
-580
-1406
1634
-521
3794
-273
1423
-7449
-6501
7444
-702
762
3262
683
-9323
-2337
4210
19
-1756
224
7535
967
1861
4174
-336
-988
6029
4171
-1259
-3542
-3183
2426
1051
3028
-460
1159
-195
377
-1297
4191
-188
-3886
2349
1591
2183
6105
-1699
-3178
2899
5141
-738
1436
2942
6238
435
-2046
4522
1979
4590
-7072
-4456
-6124
-1882
-2905
1258
2469
-3579
-5697
-5887
2538
-2705
3816
-1019
1567
-3259
6776
5372
-1114
4819
-115
7886
-2500
-2772
5873
-3578
-7441
4471
4519
3012
-1716
-2722
-4459
4172
-1357
-5196
2051
5394
-2151
2392
-7952
-1527
917
-736
-249
1995
1558
223
-3189
-384
-5208
3377
-910
-5578
-1091
-5402
3950
5149
-113
-115
-3706
2288
-1251
5182
1243
-9553
-1787
1524
-1700
4728
12050
3719
-1488
732
1617
-2860
1627
-1537
-3633
-4011
6872
5790
-5286
1217
-1318
-4267
-6219
-2006
5938
2731
-3031
-249
-6039
-5055
-4476
-1172
1357
-2502
-3613
-2374
693
-5296
-1720
-3268
-5813
1883
854
-5041
-3752
1277
-3569
-3351
5351
1488
649
660
4293
4953
-3330
172
1746
-1260
-6013
2775
3444
-1175
-5269
-948
3460
3018
-2774
4653
571
2574
2253
3676
-1144
6834
-1978
666
-8495
-6789
6494
-3336
598
559
3901
-10523
-4066
3788
-1582
-1971
2063
9440
2767
1572
3316
-1721
-973
2517
3289
1119
-4815
-1922
-330
2870
-595
943
-537
-1101
-149
-6037
8088
1548
-2753
842
1036
2777
1810
-4236
-2370
5126
2594
-549
2679
10030
3195
2981
-802
3540
6798
1849
-7960
-443
-1562
-2215
-2969
1768
2132
-4159
-10194
-8684
5184
-8411
4832
-1251
-265
-7952
8
6284
-2620
-727
238
6665
-6092
-4295
1211
1824
3236
1707
-3403
-570
-4370
-5588
3397
4477
2855
-1689
3400
-1085
-2444
10214
-274
2083
-5462
-556
1863
-3916
579
-4811
-3105
-6900
-8613
-2408
599
2324
-636
-9411
-1614
-1687
-563
-41
-4531
1129
2872
4028
-80
-2966
-1791
4585
-1558
1570
6335
-2538
3209
-1559
3146
-7235
27
288
-1110
3146
-522
-2556
-9553
2564
3900
-4155
-6452
2282
1464
5751
2542
2000
-3035
-7319
-772
2110
3118
6354
-3285
-489
-2515
-4731
2910
1851
-4209
3512
-715
346
-5858
1573
-2087
654
-5535
5587
1745
2475
5584
544
-2267
-3126
2422
-3028
-311
9138
662
-3607
-3224
-6592
5963
-1958
-3803
7535
7163
4719
2373
9334
2214
7048
994
5781
-10552
-266
1642
2028
-58
-10443
1629
-2234
2011
5993
4898
-3730
4257
9106
2222
-11156
4914
-2268
37
134
-6759
-563
-6504
-877
-531
2070
3791
-246
-3495
1266
-958
-85
1376
-44
581
-5373
-366
-58
4233
-6222
2891
-4035
950
623
919
2802
1530
-1332
672
3726
5417
3310
-807
-1977
-676
303
-2588
-524
-4615
343
561
-2748
2609
-104
3858
-1411
-1630
-31
5619
718
-4124
2665
1991
6962
5671
-3747
7507
-3726
-5775
5887
203
3517
3255
-3522
-4777
-769
-2829
-5703
7980
5678
-376
2746
-4093
2203
-4236
-4803
-5680
-3712
-1627
-1149
-3805
-1691
-5187
-465
236
-5187
3996
-1015
4671
4233
-743
1256
-4565
1767
-4315
1742
3144
1387
872
-2403
-6923
359
4138
7599
-4713
-6753
-852
-5057
-5122
-4189
1231
-6778
2000
1867
-6506
-1461
-3080
4643
-6953
407
-2897
746
-2605
-6487
-9689
-8287
-2384
167
-351
1437
-3830
-2870
-1037
2771
452
2835
-3885
1862
-400
-2734
-3972
-1813
-1431
-2013
2983
132
2036
-6602
-2024
7310
-853
-4948
-1534
2920
-7774
1777
1902
567
4065
-1524
5780
947
-3303
-1334
3125
809
-4571
1055
-235
1495
-23
-3475
-3815
-2574
7410
3252
1700
6644
4598
-7322
-1190
4359
1685
-5370
-5690
2543
2184
-245
3359
5696
-6481
2615
802
3228
-8203
-3415
3181
-1526
-1585
-2493
5275
407
5047
-1783
7568
646
-3513
3479
3281
745
4101
-697
-727
5392
6433
1756
2177
-1533
3033
-1719
-3102
8072
-1880
3248
-9103
-4052
-5106
-1414
-653
2158
6858
-2075
-6510
-2848
4706
-6969
1880
-4035
1294
-5429
-4610
623
-952
3011
915
6880
-3200
-2714
2646
-604
-1023
4385
-3766
2166
578
-3296
-1206
-5016
-1567
-6279
7393
-52
4081
2695
334
7067
429
-3013
474
18
-2059
1839
-4959
-2709
-7197
1390
-4488
-4476
2554
935
347
-2337
1368
-2516
-5157
-2987
-1835
4104
164
-5531
-7474
-1477
-358
819
10781
3468
2131
463
5682
-2591
-1659
178
-1845
714
5450
2552
-2809
1345
1620
3377
-7546
-2516
-3246
2709
-301
-3605
-5803
-1778
-1658
2362
-841
7948
-1622
-6019
-2971
-8630
4332
2373
-3244
2869
-2326
-4759
-4229
1067
-834
604
2745
2046
2161
-3812
4171
1470
6259
-1129
991
-136
-339
6204
1501
-2366
-4979
-7507
2079
4682
178
998
2502
311
-888
1858
2201
5318
8512
-2872
-4882
-8870
2670
3208
-1149
-696
-1566
-3817
-4063
7089
3014
-4722
3916
8890
2529
-9713
10374
-1127
2690
-2282
-3274
-3274
-1335
-3052
-1096
4189
1171
-4578
6028
3264
-4358
1068
-1658
-1703
1769
4041
-2525
-1902
5824
-2915
-2378
3882
-733
-3700
2511
1761
7441
793
-8090
-2953
4534
4370
-3426
-1497
-5426
-1479
2015
1421
-2474
-5912
-12208
-11153
7300
-8326
5621
-1649
-3372
-8485
2996
5201
-2993
-2509
5294
8311
-4277
-9742
4839
2590
5169
4267
-3393
2725
-1566
-4917
3791
4875
1502
-4366
8437
2122
-2823
9501
-4609
3267
-6530
-3329
3819
-4127
-983
-2489
-3342
-6555
-11983
-3041
762
-909
628
-13362
-5612
-1052
-3264
-924
-4237
1573
243
4305
1919
-1419
-3286
5669
-1629
5344
5014
-2468
-3276
-5971
5814
-8279
-1112
1375
817
-2860
0
-4458
-12491
5145
2691
-655
-8400
5204
-3148
6959
-2241
-357
-6625
-5877
-2916
1288
7290
5066
-2798
-4012
-3209
-5226
4924
4651
-3943
3199
-743
1957
-6237
-675
-584
2270
-4783
3792
1701
3535
2433
2492
-3959
-5494
3986
-2350
-3161
4563
-398
-2640
-1352
-5712
4958
462
-3780
8265
6563
4088
-772
9742
3211
6546
1399
1887
-9759
907
1218
4120
-5108
-9691
5341
-4569
-147
4022
3667
-5790
3344
9004
2868
-10203
6033
2525
-2694
1253
-6176
717
-9379
-2581
-3547
2656
258
-142
-750
-3328
1212
-1658
3096
-2019
2029
-5890
1235
-4002
1166
-7373
1844
-2980
375
463
4021
2060
-1450
257
-208
3788
3139
4044
-1797
-1725
-1030
-1298
1178
2391
-3972
-250
-6002
-7743
2033
-2778
4752
1913
-932
-372
2566
5101
-4081
-2387
7073
6025
-1452
-7118
1921
1460
4790
1691
-1665
3049
1432
-1361
2259
-603
400
-4834
2657
2145
-4685
8739
-7387
-996
-2425
-1757
5602
-4319
2242
-4547
1163
-3154
-7872
2347
1148
697
2261
-4274
-4445
4390
-413
3074
-2310
1287
-1064
137
676
-2213
-491
2018
890
680
3385
-1479
-1906
-790
4176
-10556
-435
745
1725
-737
1970
-3319
-6878
2519
3835
-3517
-7736
4466
-2565
5035
-182
-2548
-6899
-4272
-5052
4516
8148
4200
-2676
3223
-3033
-5255
5660
4388
-1781
-569
2191
299
2253
-4175
-1883
5305
-492
4966
2992
1961
7020
1562
-3362
-4081
1403
-435
-5390
6074
1905
2466
-2438
692
6351
-3059
-565
5553
8306
-2972
-2563
2156
2338
4484
-1081
164
-94
3417
521
2616
-297
-4250
3914
-6147
-1433
4514
8044
-2228
2666
7046
1868
-5172
5345
1366
-3955
-83
-2914
4726
-7531
-9589
-1909
3094
4542
-5586
-2185
6
2511
-2460
2424
705
1798
-4026
3098
-2381
-2445
-6816
-539
-3039
2751
225
1911
-3007
-2295
-2865
-886
4519
2222
5055
-3134
-1472
2179
2501
-600
4577
502
-3455
-9313
-3841
1896
-4340
2399
2926
-69
-4117
-1545
3271
255
-2510
-708
1106
-8731
-5255
163
5793
3495
651
-2971
-56
-1642
-4590
2626
5951
1673
-122
1482
-2289
-934
8498
2394
5393
-4636
-1660
3902
-2836
-1229
-7725
-1656
-5965
-6218
-3420
-1102
2385
10
-2877
2097
-3441
370
-2459
38
-1707
589
2292
931
-3426
-4206
-2963
2642
-2365
1210
-2669
3968
-3543
1836
-8475
1539
1035
178
3954
-954
-3291
-3629
3009
8832
109
-5882
505
-1569
2725
2671
-3003
-1646
-1210
-510
2603
-2694
9104
-712
-4579
-2952
-5401
3511
1327
-1288
2311
-6676
1430
-4209
1862
-1230
1856
-4390
2741
-1965
1586
1846
-828
2210
-2466
3218
-1095
1950
6504
-496
-246
-383
-6778
5832
-7012
-264
5439
5423
1876
-824
1881
3392
2633
3127
1555
-9297
-73
2375
2317
-464
-7783
-1477
1669
2835
1697
2596
-4976
2290
6236
620
-4166
6453
-4960
1342
1910
-5044
60
528
-2659
-4719
-357
5091
441
819
2878
28
-29
-3894
-574
-286
-4327
819
-570
4671
-1752
1273
-8292
270
1086
569
-802
-1188
-5404
643
-1443
1745
4874
2679
804
-4336
-1231
-1956
-2909
-5359
-1120
-5628
269
5621
-4189
3597
-173
-3617
-7180
754
2010
-2171
-990
4022
2066
-115
-9086
5035
1948
3396
4626
-4704
5197
796
-6207
1426
5000
-2407
-3725
8272
1762
2290
7061
2110
4868
-5333
-4839
-1948
-4380
-2185
560
-2745
-3333
-6985
-3991
-2752
-4316
2963
-3160
2422
-5941
2580
-13
-3963
3731
-988
5241
2818
3180
-2739
-877
-1306
1210
-882
1312
-6768
-7107
-433
-4664
-1341
824
1136
2565
752
-4321
-7475
3846
6584
4405
-5951
917
-1789
2910
988
-5176
-4622
-2881
-1284
2289
522
7971
-2103
-7837
-4162
-3458
2790
3597
-1262
5133
-2790
3008
-5580
-101
1168
4669
-6099
1417
1758
-2804
-2501
3781
1966
-4174
-181
-77
678
3814
-1337
1037
1741
-8145
4205
-306
905
4610
4056
2258
-53
5743
856
174
1830
969
-5981
-1117
99
6580
-3673
-5854
1455
-599
-1682
2053
3484
-3930
800
767
2703
-5487
6893
3372
-2208
1125
-3542
3232
-851
-2468
-3521
488
-1309
-1123
3893
702
-872
-1032
-966
-235
807
-758
2332
-2969
6391
-785
-415
-653
3385
-3649
2252
-922
167
-1206
1334
-832
-807
1235
987
-547
-5435
-766
-2187
3122
583
-1300
-744
3519
6254
-3145
783
-4322
525
-6290
-6386
36
-410
3062
-2655
4365
1502
-4543
1099
-1310
-1876
6429
-5370
2905
2150
-5853
-1688
-3769
-3749
-3113
7717
-792
3499
1545
6159
10747
-1236
-5016
-4023
-3088
-3832
2329
-4836
-3098
-5700
-1738
-5960
-5374
4740
2818
4217
-4727
4240
995
-5279
-4397
-3800
3335
1738
2317
-4936
-628
-2023
-3627
5284
7170
1471
-1688
3565
-2420
-3092
-398
-1315
3038
3944
1333
-3714
1498
637
7416
-5116
-892
-4366
203
158
-3727
-5353
-1486
294
2801
-3557
10289
-2256
-8455
-3739
-4653
1500
3883
-2829
5123
-4621
-2484
-5389
1748
1450
-416
-1446
-98
2617
-5121
231
3940
10366
-1747
-844
1079
1661
4946
120
-1233
-571
-10533
4549
2384
-2234
-2122
2010
2259
-1452
3751
-606
-211
8712
-3699
-4869
-4223
1833
5765
678
1476
-1731
1506
-2936
5969
4111
-4509
1857
3422
3500
-8728
9036
-2518
499
-1604
-5786
-2577
2197
-1628
363
-394
-2459
-1941
7413
5779
-71
1864
-3550
-931
443
5060
-288
444
8363
-1408
-1583
4753
1373
-4404
1568
1715
7727
-3637
-8557
-3146
844
2164
-3147
-2049
-8259
-727
-1961
796
949
-5562
-11018
-6858
8677
-1907
7729
1693
-4087
-2303
396
6319
-3690
-4716
2616
6633
-6512
-6479
-765
2153
5110
4141
-4967
1826
-3271
-7267
4815
2302
3927
919
-1897
-4954
-2114
11928
564
2145
-4964
-1873
7215
-2193
115
-5393
2459
-4859
-8458
916
5328
-3968
1336
-10241
-4784
6139
-862
-128
-2463
681
-439
-1292
3770
-3868
899
-3351
-1560
-2448
3963
791
725
-4281
7718
-10953
-4340
1476
6165
431
-2
-2964
-6669
6479
4113
-7376
-7075
7106
-2608
4609
-2456
2193
-4697
-143
-3524
-4845
5548
4949
-3059
-7268
-2438
-6070
6110
1599
-2188
-2421
-587
1194
-1050
-1893
-3640
-237
-981
-845
-496
7228
8809
6374
-1115
-3417
5398
2479
-2997
3163
3523
1265
-6428
-2972
9667
-5580
-1620
4694
3514
-891
-2225
5715
1553
8798
686
-5164
-3871
3248
3822
2803
-166
-5104
2071
-6435
1142
609
3683
-511
-47
14234
4104
-5168
5331
-1544
2487
4977
-5207
3868
-3907
-6248
-6511
4765
3438
-3955
-375
-1609
3255
-6009
510
-1901
1624
-5444
6648
82
-628
-8865
-574
-6698
86
1662
142
-1230
-2556
733
-6634
303
3503
3829
-2853
-5030
-7
-2649
-1702
-501
-8156
-2081
-6213
-7081
2236
861
7872
-1722
-3755
311
7613
3962
-6043
-2701
4468
6992
-2811
-5736
2469
1171
1778
2433
-371
3324
-565
-5625
1531
3207
853
-2446
-1227
391
-3583
8154
-5868
-771
-3874
-2487
202
-5077
725
-4477
845
859
-5469
2568
4888
-4343
507
-6054
971
6237
-1232
2137
-1325
3701
-2715
-1772
4892
-3160
4212
-3845
-5262
-1214
2472
1880
-1757
-5814
3171
-10478
-6029
-4249
4101
-5376
1240
-968
-5742
1209
-2166
-6238
-7511
4388
-537
3257
-1142
-3862
-6463
-6618
-5927
-3303
3675
-257
-5248
-2023
143
-2349
3617
710
-2469
-2615
-47
-240
-545
-4463
-4326
-2438
2580
140
5
1620
4886
6782
-4464
-4317
182
4935
-6374
1752
1888
2113
-3444
1211
9735
-2648
-1212
1142
4109
-713
-970
3071
412
7834
-3829
-3345
-5941
3087
5707
3631
-129
-876
5217
-8592
4001
-1562
3316
-3067
-4046
7523
5056
944
2435
2781
-4766
4697
1110
5374
-6626
-6903
-2310
985
2270
-2728
-602
-1485
4412
-6069
6382
-150
-2280
-4150
6652
1350
574
-4104
236
-2359
3619
3711
-283
-2914
-5537
788
-2004
6647
4199
3545
-6279
-4926
3
-1976
-2269
870
-2208
-699
106
-4187
-1566
310
2749
-2978
2718
2015
1136
-1262
-834
3738
605
9166
447
-90
6329
-5271
-7948
4431
3900
3683
2937
117
-6671
-6589
-3962
-7975
4098
7622
3984
1082
-6636
4520
5192
-2976
-55
3007
-266
8
-5662
2484
-6211
7144
-2765
-7720
2382
2517
1809
5905
2739
308
-6004
340
-3952
1083
1196
-10442
-4377
-4141
-2951
2384
12557
9025
-1720
-177
4977
-2944
-1109
-1990
107
-3568
8651
7298
1286
-1101
-1758
1668
-8727
-3852
-4051
602
-3383
-4142
-9836
-505
-4962
10
-1681
1449
127
-4028
-2272
-4514
2452
-533
-4456
-2002
-1124
-9129
1706
-1967
-2270
-1994
10196
709
2510
-3625
4082
3154
4572
-2698
1502
3305
-9259
4166
5897
1067
-6939
-913
1884
4161
-1180
-987
2856
-2240
-4279
-1814
2814
5505
6049
-6118
-2759
-8391
7346
525
2261
8749
1622
-9824
-5612
7728
1591
-1655
577
8207
3289
234
9140
2551
1521
-1377
75
-243
-4897
-5023
-1248
5430
564
-6201
6935
2156
-2070
-1690
3143
4055
-1319
6027
-87
1117
3519
-2720
-4221
11331
5439
-3059
2857
2926
9281
2760
-6496
158
4443
5218
-12710
-1153
-6394
-2393
-717
3399
4724
-9007
3608
4582
4996
-240
-1409
-3761
-1915
-3093
-2128
-5161
-490
3018
-2621
4517
6399
-8825
9672
-3355
-2945
9198
877
6274
9940
-2849
-7955
-782
-7098
-6095
14378
5805
2694
136
-118
13432
1111
-8906
-6359
-961
-9343
3887
-9506
-3967
-11527
-6960
-10967
-6065
11445
4535
4394
-8413
3664
-2714
-2592
-1156
-10255
8382
4174
7299
-5076
1481
1455
-251
1627
11713
-7379
-7839
-710
-1285
792
-892
-1931
153
1296
-80
-993
369
3302
17860
-4619
-3492
-12139
-2239
-4189
-9663
-11577
1716
-967
4354
-4444
8122
1367
-13612
-6177
-578
2238
4304
-3693
9586
-5531
-1068
-5254
5573
6043
2946
-3903
-2229
2137
-8530
-12731
5848
8891
-4283
-1019
4356
77
1114
-1892
2761
8604
-11486
-635
5519
-2766
-3387
-3667
3126
-7515
-1246
-2931
-11148
9918
-4106
-6342
-5586
703
6119
-2766
8790
1809
3826
-8831
8049
-3285
-6933
-4262
-1578
272
-3004
8366
5363
-5966
-559
-3630
-2430
-1418
175
-2336
610
-5634
1827
12895
2046
4273
2923
-637
138
-2058
10229
2547
-4346
9876
1866
-2036
10992
5905
-5896
7976
2558
6189
-5046
114
1259
-4668
1795
-2764
67
-13720
-634
-739
1528
11618
-6441
-6478
910
2063
-6096
1183
-2938
-2167
-4661
-6239
1029
-623
-1988
271
-1969
-4861
-2640
-1877
6060
4818
-3632
-6369
-1487
1113
-4053
5481
-1774
1012
-963
567
-8218
-1902
-986
11721
8523
-1178
-1235
-3293
-1926
-5359
-2947
-6224
-506
-4611
-6261
-1427
3767
3576
2488
2466
-8646
4318
-4905
2590
-4039
-2456
2523
2074
3144
-63
-904
3711
-5126
-2110
-1413
6912
-1938
-1673
-2571
-2629
31
-4240
9605
-4247
-3745
-2557
-1425
3717
7355
-1964
-1777
-3185
-467
4898
1109
2448
1740
1547
2634
-7726
8874
2039
-4494
-3750
-6075
7112
2542
1535
1927
-7408
3422
-4725
4607
18
1388
-7639
3224
2439
-1872
-2488
-237
6733
-1541
-2192
2525
8481
6600
-2116
-4909
4139
-8445
2991
239
-22
-1026
1373
-570
969
2444
422
-1947
5674
1716
-7054
1726
-2347
5963
-443
-5476
-4468
7562
737
2000
2848
-5221
2174
3791
-1277
-9459
7819
-3051
3286
-905
-4879
-5658
5768
-1339
-3750
1829
30
-335
4307
1161
-4440
1224
-10181
-4821
740
-504
-2422
-1130
8727
1455
4512
-2172
-1437
-1889
-1606
463
1761
-3082
-2692
-145
1188
2120
10972
-1935
-2360
901
277
-1377
-2340
1717
-5123
2615
1054
-2630
2902
6833
-1498
-2623
1886
3051
1524
-2040
4234
457
-4444
-7511
-384
7423
2049
1215
-7416
7677
2298
-2750
1676
8336
-2874
-3259
5560
-3494
-2264
5431
7699
1455
-7630
-5636
395
-4516
-4735
-3243
-1899
-4329
-3946
-4965
185
881
2946
821
8095
-4817
2977
4107
-150
-1858
-1679
3650
-3994
2784
-542
-3135
2638
-2893
-5989
666
-5869
-4979
-2678
-6082
1256
1680
-3316
3562
-53
-7224
-4952
4653
5496
2863
-8478
-2194
-2224
-1805
2062
-8894
-2643
-5195
-1600
5226
1072
12200
-5103
-2824
-6109
-4083
4730
8218
2938
1432
-5240
4499
462
-3074
2671
3979
-1903
674
1067
-3197
1479
6349
4215
-1870
-2884
-2890
5151
3751
576
178
2558
-6679
4259
-605
3054
1772
4462
-899
-1048
1802
4132
-1466
-1552
904
-25
2789
-814
5782
2053
-2469
908
1832
-1034
708
6013
-248
-875
-384
1665
-1806
1021
-2084
-5616
-573
-593
4168
4550
-5128
-4795
-3911
-3234
-2326
644
1199
-2217
-6142
-4083
1898
1376
-1195
876
-4691
1941
1374
-694
-4399
2147
-4763
776
-3969
-4110
-2512
-568
-1171
-2512
1684
4259
1768
-1720
3691
-1458
4291
756
-70
-3517
-1197
3859
-6146
4776
3835
1183
-7144
1987
5832
-281
2290
-1977
3220
-2501
-1985
3435
-2785
-2362
2952
-782
1914
-6525
-6655
2362
7425
-933
-5509
4637
6750
-2540
7213
274
-1195
-7440
1191
-514
1689
3425
-2291
-5165
-4770
-2812
-2464
2534
-1683
-1819
-4328
11177
171
3797
2088
-3478
8087
3464
7070
-1071
1193
-3308
1075
-898
3327
2388
1470
-223
-1783
-6934
1979
2963
1634
-4467
5265
1098
-2879
-8167
1423
4712
-4087
-5079
-4558
8772
886
2696
2418
607
-7123
372
1805
-1134
7062
-3476
234
-1359
-1592
-3161
-1980
-1652
1610
-2357
130
-5181
3074
269
1732
-4863
7113
3604
-1345
5773
3363
-1547
-2741
-1427
-1316
1659
7169
-815
-2869
-3593
-5373
3759
-3141
-1685
9473
4477
2876
5131
7304
467
4870
-2824
5658
-8331
-2092
3991
-842
2410
-7169
-696
-1104
-84
4975
4483
-358
8441
2096
1863
-1194
7380
-1345
588
917
588
1025
2720
1389
2473
-149
712
3116
-2820
4376
-4706
-1514
-188
3008
475
-2254
-1414
3007
6782
-2562
1078
-2071
9325
-1825
1115
6790
5146
2324
8270
-319
2566
3642
434
-760
-1345
-906
-7791
2733
1312
-349
