-12
28
0
23
10
10
17
11
16
23
8
5
10
-9
-23
29
-11
-10
-10
0
4
4
-4
-27
-17
-26
13
-4
-1
-8
6
-12
10
-1
7
-8
3
-3
15
15
-11
-12
9
-11
11
-6
-7
16
-10
-16
-7
0
2
-6
3
-6
2
-7
10
-4
-3
0
-19
-7
13
1
-1
-19
4
4
14
4
-19
-14
-4
-2
9
-10
-3
8
-10
-9
-10
-6
6
-10
-4
-9
11
8
5
-3
9
-1
3
-18
7
15
26
-8
-5
11
7
1
-5
0
-3
4
14
0
19
5
-20
-21
-5
-11
6
-4
-12
-31
-14
-22
2
2
-3
-18
-13
1
11
8
5
2
-4
-1
14
4
-19
-11
-14
-3
15
14
-1
11
-12
-13
1
11
5
-2
-5
3
-14
-21
-1
13
-9
18
-1
-32
-2
4
-7
-2
19
-4
4
-8
2
11
4
-14
2
0
-11
14
1
12
-12
-11
10
-7
9
-26
21
-14
-6
-9
1
9
-4
5
-7
16
11
-20
9
13
0
1
-9
1
21
10
-11
-8
-3
1
-1
-10
2
-7
20
-2
-5
-17
4
-33
-12
11
13
-1
-14
-2
-1
14
-6
4
-3
7
-10
0
9
-6
-12
-10
1
-7
-15
-8
-9
-22
-2
-1
18
-8
-10
-15
-16
-25
-11
-11
6
-3
-4
-14
-3
22
9
-9
14
0
-16
0
6
6
8
-4
-6
-11
2
7
-3
-15
-16
-11
-8
17
7
-11
9
-39
8
-19
8
6
-25
-6
-19
24
4
19
10
7
-15
4
-3
-5
2
-1
-18
-10
4
0
-41
-16
-3
4
7
10
-4
-4
6
-41
0
12
3
-9
-16
-7
-6
17
-9
9
14
-21
0
1
-7
12
12
-4
-4
-8
0
10
-7
9
1
-2
-3
0
8
-14
21
-12
-6
-3
-16
15
0
2
-8
29
-20
-15
21
-6
-3
-1
-10
-3
-2
1
11
-12
-12
9
2
-35
-7
-3
25
-10
-5
-19
1
-22
-1
-26
11
8
-4
3
-12
21
-2
-8
13
-1
7
-12
-4
-12
-4
-12
24
-4
-13
-6
-7
-17
-3
-12
9
-8
-21
-3
-19
-26
-3
3
15
2
10
-26
2
5
-24
-20
13
-4
5
-19
-3
-9
-16
-30
27
-2
-13
11
9
2
0
-26
11
-23
0
1
-3
2
7
0
-4
21
7
-19
-6
19
-9
-5
31
-6
-2
1
0
13
9
-11
-23
-8
-11
24
-11
22
4
16
-10
10
18
-3
22
-32
-19
19
-13
16
-12
-17
-17
21
-4
19
18
-3
-13
-4
-6
7
11
1
-11
4
24
8
-4
-6
-12
-6
-11
14
6
1
17
-25
-16
-16
-10
12
-18
16
0
28
-12
30
8
0
-26
-4
-2
-2
2
2
-22
-16
-3
-1
-16
-17
-13
11
20
8
-9
22
14
-46
-3
-24
-19
30
-26
0
-18
11
-4
10
-35
4
-6
15
-10
-30
9
1
-12
-29
9
-2
-13
-20
19
-15
11
-13
4
-5
-12
-31
23
-11
16
-10
-12
3
