-11569
7030
-12176
-645
685
-2467
-32354
-25160
30642
16812
-2932
-13430
-13418
-588
-5598
872
10438
10068
-16604
37290
9425
15769
-12125
-34412
-25799
-4901
-35590
25948
-8506
-730
-13404
-44818
6034
2115
636
-2810
14292
-11044
39359
-16266
-29705
45324
-17037
1941
-15963
-3081
-12370
-13483
37600
-18796
17801
-6658
-12713
-6338
14880
21927
-1603
-19248
-11222
172
12794
7531
-7937
9376
28486
-2035
12413
808
-1956
8124
3835
-26827
-4806
-969
-6141
16794
-2411
-6802
-11945
-19845
17716
-23755
-42830
2215
-15023
-8973
-5356
-28617
-5305
8550
-3003
164
-880
26834
10784
-7677
-4567
14838
-2035
12120
19181
-919
-17962
-10276
17690
10235
-25002
12961
-10319
-7900
11358
5116
-8682
-18519
17716
-24198
11626
13855
11466
-7129
-16371
-2075
-32209
-7606
4405
2157
5231
-36848
8235
-14144
334
-19636
-5501
4096
17093
30297
33945
-11755
6529
-2540
-22954
-6283
52282
22529
17712
8799
728
-25933
963
17959
29145
12480
50403
-27047
3788
-11348
-6085
-1979
-44688
-6598
4883
-11003
-19376
-5083
-6598
1624
-6309
-17520
11452
10937
-2255
-6956
-12127
12991
19351
3403
10612
16702
5246
10324
4356
8372
5905
-2906
-2183
-4513
-19613
6977
-1777
5983
-528
-8988
-906
-8687
26029
-17460
12110
-1949
12814
-9120
-15069
21863
-22410
2188
-4486
-1235
3888
-8389
10188
6325
13462
-9474
-5501
-2555
6882
20144
-713
-21073
-4488
-8036
-8506
9308
1931
15012
24182
4381
4969
-2881
-10378
11669
9356
-1884
6727
-13582
-373
-2603
1802
932
-32552
2969
11680
-7803
-27388
-1233
-3128
5704
-25666
-8571
17992
9633
11338
883
3233
19917
-686
1909
-5281
8680
-13725
14335
19933
318
-12602
-8669
-2570
-7764
-19918
8306
-3929
-12417
10782
2291
-2679
-22694
6917
-10373
12810
14823
134
-8705
-12665
-4244
-35088
-12367
-1300
14641
-5398
-24338
17899
-2533
4906
-12794
11033
15992
17661
20213
11507
-16725
3470
3925
-3867
1888
26511
7297
15924
-5178
2989
-20956
7882
23763
-1551
-8555
27113
-2343
1819
11088
11696
428
-23709
-911
-8958
-20138
-32075
8060
-21399
-5453
-21792
-17282
5078
15538
-440
24270
-23291
16945
4991
2628
14247
12517
-2449
30580
7278
-10491
674
-20355
-1675
-3651
-32811
9593
-16916
-713
-8995
-13011
7387
-8432
5482
-9064
10825
842
22547
14160
-14649
21370
-22463
-2296
-2763
741
3989
-4464
31529
-1413
1453
-18984
-15222
-22501
35814
19456
33338
-12042
-30672
-10446
-4521
-1644
19827
24217
32593
-16226
19174
-17552
-4785
15802
11262
-4963
34104
-21993
-15525
12001
-16785
-8090
-13918
8623
-1830
-25154
-9900
16149
7046
-5528
11705
-12995
-15270
-7725
5085
-10427
4538
12626
6309
11516
7106
22928
4063
-5356
3295
-4641
6173
-18036
5869
2255
-28024
3286
8823
5095
-2380
7312
-1342
-4881
-2108
-25960
28472
1935
25552
-9507
-14983
13776
-23608
8861
8168
-12147
-7321
-17385
11965
-1129
-8883
-19777
5394
4325
4333
23465
4786
-6359
6204
-9975
-14811
-9407
-447
805
46
6220
3564
-12641
-12582
6178
-3022
6150
7368
-19061
-4336
-2108
-18386
-12147
-12181
5618
