-23
4
-14
-17
18
-8
12
-20
7
-12
0
14
5
17
2
-8
5
7
16
-1
11
0
12
3
3
6
-26
18
8
3
9
28
-29
21
1
-12
36
24
7
13
-31
6
-4
-7
-20
-20
6
-6
-12
-8
12
0
6
-3
16
-4
3
-2
-4
5
1
-21
-13
-5
1
4
-7
-7
5
15
8
-6
16
-3
7
-5
-3
-6
17
-8
3
16
15
-5
-1
3
4
-6
-9
-3
-1
1
5
3
8
-7
-5
-4
5
-13
10
1
6
6
15
13
-2
3
5
-17
17
-1
-3
4
1
-8
-1
21
3
-1
11
-3
-6
-15
3
-4
19
1
7
18
-1
-1
9
12
5
0
-6
-11
-4
-5
8
3
-4
8
-10
-18
-12
-12
16
8
6
-2
-5
2
-3
4
6
-14
8
11
-6
9
-1
-13
-5
-1
-6
17
3
-11
-17
-16
9
6
10
-5
-5
27
8
-7
14
-1
1
9
-3
5
-4
-5
2
10
-2
0
-11
21
8
-14
12
-5
7
4
15
-3
-13
-3
8
5
-3
-11
2
17
-11
16
18
22
4
-14
11
-11
6
-2
-12
1
1
6
3
4
-7
5
0
18
-2
-9
-10
-9
3
8
-16
-8
8
-10
-18
-11
10
-10
7
-10
12
-15
-13
-6
17
31
1
0
-10
0
-4
-3
20
-3
-2
13
3
-3
8
12
-7
-5
6
9
18
7
-13
-1
21
-24
12
11
-19
2
-22
-2
-14
0
13
-10
-14
-4
-9
-10
18
0
19
3
-3
0
-14
34
12
6
-18
-33
0
11
-17
8
-4
-11
7
14
12
20
10
0
-16
-4
20
8
19
-27
0
-3
27
7
11
16
-3
3
-20
-4
-15
-9
22
1
-8
-2
-8
-8
4
-10
6
12
-7
-5
-4
15
-10
2
6
-13
15
-1
-17
29
-2
-1
4
16
7
11
10
0
-12
0
-1
10
15
-10
-9
16
2
-9
5
1
4
2
-8
3
-5
0
11
-5
-20
7
-1
4
1
7
-5
4
-5
19
7
8
-3
8
0
2
-9
-15
-17
-1
-9
-6
-9
-8
5
18
-7
2
-6
-18
4
8
11
-14
-1
1
3
-13
10
0
1
4
-5
9
-5
2
2
7
-19
-2
-11
14
10
-5
17
-1
10
12
9
10
-2
7
6
6
-6
7
6
0
1
0
14
9
4
-8
-4
-2
-8
-5
-5
9
-7
4
-2
1
7
-7
-1
10
-2
2
-17
-1
0
9
-12
3
-6
-12
-13
0
-6
-16
18
2
-2
-13
0
16
1
6
14
-7
5
23
8
1
1
13
3
15
-7
17
-1
14
-3
2
-2
10
14
2
-13
21
-8
-15
19
12
-2
5
6
-3
-11
-12
7
-1
-2
-6
-16
-9
17
-9
8
7
1
-6
2
10
9
5
7
-11
6
3
-5
12
1
3
-9
15
0
20
7
-6
-12
-1
2
1
21
-10
-6
27
2
-10
13
-5
2
7
8
1
-7
-11
4
-1
-12
1
-19
-20
5
-29
9
7
12
6
-21
3
12
15
25
-8
0
2
-8
52
10
20
1
8
9
-5
19
-16
-4
15
10
7
0
-8
-8
10
-3
4
-14
-5
21
8
-6
20
7
14
1
16
-22
7
1
-11
25
11
-7
-14
-3
9
-9
18
0
22
11
5
-28
0
-9
19
-6
10
-7
29
32
-5
12
6
5
-14
-6
-12
14
-8
-2
7
11
0
-14
-1
-10
-10
-23
-5
-11
21
17
3
-11
-8
5
23
9
-11
23
-17
0
10
3
0
15
20
31
21
-22
-6
3
-19
17
12
13
3
6
-24
-26
-16
-7
5
0
8
-4
16
-4
-16
-19
5
-20
5
9
14
-9
9
-6
14
-18
-4
-28
-17
-23
25
-10
-6
10
7
-14
0
19
10
0
3
5
-2
22
14
13
-2
-10
1
-8
-11
-5
28
-7
34
8
9
-15
15
1
-8
3
6
-8
-26
17
-14
4
28
18
6
-4
-7
14
6
-3
4
-18
28
-3
-13
29
-7
5
4
8
8
5
10
7
-6
7
24
17
-16
11
10
19
12
-10
4
1
1
6
29
-8
8
-2
11
9
-19
-2
-2
0
9
15
14
1
-6
1
-6
-3
10
3
-4
3
9
36
25
0
-8
14
-7
-12
0
10
-15
20
-2
-8
0
-8
11
-13
3
-2
-1
-10
5
3
-8
1
6
4
-24
5
-12
12
7
12
7
-5
-3
0
4
-6
-6
-8
-9
10
1
34
4
