16
0
7
7
0
0
13
14
13
0
0
14
17
0
45
0
0
22
13
0
0
0
0
0
20
0
1
24
0
30
0
23
0
0
0
0
19
17
0
0
11
0
0
0
1
0
19
0
8
8
8
0
12
0
9
9
23
0
0
23
0
14
0
3
0
0
0
0
69
0
0
0
4
5
0
1
0
28
31
6
1
0
24
0
0
0
22
18
0
0
13
7
8
3
0
10
0
0
0
16
0
57
24
0
0
0
0
6
33
0
0
0
0
9
14
0
14
77
5
0
13
0
0
0
0
0
10
0
7
0
16
0
4
1
0
0
0
14
5
11
15
1
0
0
25
0
0
0
0
0
0
2
10
3
9
0
0
0
0
0
0
15
0
0
4
11
0
6
0
9
30
0
21
4
0
10
0
14
0
0
0
2
0
3
0
20
54
2
0
7
8
0
9
0
0
0
8
0
6
0
7
0
1
8
0
4
0
6
18
26
0
0
7
43
18
0
15
0
0
7
0
25
15
0
12
0
0
4
11
12
0
10
5
0
13
0
0
0
10
11
0
15
0
4
19
70
0
11
0
31
5
0
20
11
0
18
10
0
13
0
2
39
0
0
0
11
0
0
1
0
2
0
0
0
0
7
0
16
6
18
0
0
0
19
0
0
9
21
16
4
0
20
0
0
14
0
6
0
0
9
17
0
21
0
0
0
8
0
0
0
0
17
15
0
0
48
23
11
0
8
0
1
0
0
127
0
0
0
27
0
0
0
0
0
3
6
0
0
9
0
0
0
10
17
0
0
0
9
3
0
10
3
0
7
0
7
5
0
5
4
29
5
0
9
0
0
0
0
0
0
0
0
0
0
6
2
0
0
0
10
9
12
0
0
16
3
0
0
0
48
5
62
0
1
0
31
4
12
0
0
0
10
7
0
18
0
33
0
0
3
0
6
0
30
2
0
11
0
15
0
0
0
0
10
0
16
19
0
15
1
0
0
25
16
20
0
12
22
0
17
5
4
8
4
0
0
4
0
0
0
0
0
25
20
0
0
0
4
7
2
0
5
0
17
0
13
10
0
0
0
4
0
0
0
4
0
4
0
1
0
0
0
0
16
13
9
46
0
10
0
2
0
21
0
17
0
0
14
20
9
12
0
7
10
13
0
21
1
0
22
24
0
8
0
2
0
0
18
36
10
21
0
16
8
0
0
73
8
0
0
61
3
0
0
0
12
0
0
12
0
9
0
0
0
10
2
14
0
0
0
0
4
0
11
0
0
0
0
0
0
0
7
21
0
0
13
0
0
10
18
14
26
17
0
0
21
24
0
0
7
0
0
11
14
17
0
0
11
14
10
0
0
7
12
11
0
0
0
6
2
4
0
6
0
0
9
0
9
0
0
0
0
34
10
2
0
0
0
0
0
4
0
17
0
0
0
0
12
0
0
16
18
11
3
0
18
0
0
0
3
5
0
0
25
20
0
5
0
0
0
0
0
0
0
0
5
0
0
0
0
0
0
16
5
0
0
11
3
4
0
0
0
0
0
0
3
0
0
8
19
2
0
18
7
0
15
0
1
0
0
0
17
1
0
4
0
0
0
0
0
12
7
33
0
17
0
0
0
1
24
5
0
0
0
17
11
15
7
10
4
0
0
10
9
0
0
0
11
2
11
12
4
0
0
0
12
0
5
0
17
25
0
3
5
0
0
12
0
0
0
14
0
0
17
5
14
0
17
0
0
9
0
18
0
13
0
0
12
8
0
11
2
13
6
25
0
0
0
0
0
3
0
13
18
11
23
21
0
12
0
18
0
14
0
9
7
0
13
18
0
15
0
0
0
8
0
23
10
17
0
13
0
12
1
31
10
0
0
21
2
4
0
0
5
0
0
0
0
8
0
9
11
8
0
13
26
0
0
0
1
9
11
4
0
7
0
0
9
0
4
0
0
0
0
9
0
0
7
0
27
4
0
3
1
12
2
5
7
0
0
9
0
8
21
0
12
17
0
30
0
38
0
13
0
0
0
0
0
20
1
0
0
0
41
0
18
0
2
0
0
31
4
0
31
34
0
10
0
0
9
10
0
0
0
10
0
0
11
0
16
0
0
0
0
10
0
6
3
0
0
0
0
8
0
11
0
0
0
0
0
0
0
2
6
6
0
44
0
0
0
5
32
0
0
0
17
7
0
0
2
5
0
0
24
10
53
0
0
0
0
0
0
29
0
9
0
0
21
73
0
13
0
0
4
0
33
0
0
0
0
0
0
0
0
7
0
0
0
0
0
11
16
17
0
15
4
0
10
27
16
0
0
7
17
0
12
0
0
12
0
0
0
19
0
0
17
0
0
9
13
0
0
0
0
0
2
0
13
30
11
10
14
3
7
0
9
30
0
16
18
0
3
3
0
10
0
8
0
0
6
0
24
44
9
0
0
0
0
8
8
0
0
0
20
0
5
19
0
4
14
28
0
0
8
0
0
0
0
16
0
0
4
6
14
0
11
0
0
13
3
0
8
0
10
9
5
0
0
16
24
0
13
0
1
16
0
0
20
0
0
0
0
0
0
5
0
0
1
0
11
0
0
5
55
0
0
0
17
17
4
0
0
10
7
1
0
0
0
0
0
0
21
0
0
0
17
52
0
0
0
10
2
0
0
5
0
12
3
1
0
3
0
0
1
3
0
18
9
19
68
9
33
0
0
16
0
0
0
65
27
0
17
22
1
0
0
0
19
0
29
0
25
10
8
0
0
0
22
7
48
2
32
4
0
2
0
0
2
2
10
27
0
0
6
0
0
0
0
0
14
0
0
0
0
0
0
0
12
0
0
0
0
2
0
0
0
0
0
0
0
0
0
0
49
0
31
0
12
0
14
0
0
0
0
0
0
0
31
7
25
0
13
0
0
0
12
23
0
0
0
0
0
37
0
0
1
0
0
11
0
5
0
15
0
0
0
28
0
0
54
0
0
0
8
21
0
7
1
0
0
0
0
0
0
0
0
0
0
0
19
0
28
0
0
0
22
0
2
0
10
24
0
0
0
0
1
16
0
25
16
0
0
0
0
14
0
10
5
0
0
56
0
0
0
0
1
0
0
0
0
7
20
0
15
6
0
15
0
8
15
0
6
0
0
0
6
0
0
0
10
0
46
0
6
0
0
1
0
0
28
57
10
1
0
0
2
0
0
0
0
0
10
14
0
0
0
5
0
0
0
0
0
0
0
0
13
0
14
0
0
23
0
3
0
0
10
21
8
0
0
0
0
0
4
0
15
0
0
12
0
15
0
0
0
0
0
9
7
17
12
0
14
14
5
1
0
28
0
10
0
0
0
4
10
16
0
7
0
0
0
0
0
8
0
12
0
15
0
0
0
0
0
0
0
3
0
19
3
0
14
0
38
0
0
0
9
0
16
0
40
9
0
0
4
0
7
0
0
2
0
5
0
2
12
0
7
0
34
0
3
0
0
0
0
0
14
14
26
0
0
7
10
8
0
0
12
0
0
0
0
3
10
15
0
0
36
0
8
0
17
0
6
2
3
0
0
9
24
0
0
0
0
0
0
0
23
0
0
0
0
0
0
0
1
0
0
0
11
19
8
15
0
17
6
0
0
14
5
0
0
3
11
14
0
6
0
21
0
0
7
0
10
0
0
6
0
35
0
1
27
2
0
0
0
0
12
40
0
15
0
14
0
1
0
8
0
0
4
11
0
0
0
11
0
0
13
1
7
34
0
0
0
17
0
0
0
0
21
12
13
0
0
19
0
10
2
13
0
5
7
0
0
10
0
5
0
31
0
8
0
48
10
15
0
13
0
20
0
11
8
8
0
0
2
1
0
4
5
14
0
0
0
0
0
0
23
0
0
17
23
2
0
0
5
10
11
5
0
1
0
6
1
0
15
0
0
0
0
10
1
0
1
4
5
4
0
14
0
