1096
805
1024
553
1407
755
712
709
642
431
593
754
535
1687
1093
1299
779
685
678
572
356
594
604
791
530
517
496
424
1071
787
1122
708
882
635
661
957
975
641
518
439
530
638
845
661
752
559
535
838
526
579
743
989
407
820
370
539
1308
650
537
607
584
806
671
952
612
513
1167
554
785
390
894
1162
890
693
278
747
758
933
750
619
870
908
1325
1118
751
288
892
755
801
790
1290
553
2066
385
555
1119
645
1772
1097
645
454
914
591
533
1689
900
953
728
794
711
514
983
443
685
678
748
569
1428
934
873
732
461
523
708
1522
600
765
438
514
607
945
664
513
329
815
1192
785
940
889
838
687
1116
801
601
703
739
968
494
1095
705
1123
1285
598
821
1425
372
986
894
1126
497
613
517
526
960
854
711
602
866
635
1103
861
509
625
1842
771
813
802
1101
1392
912
724
851
1429
1065
740
385
667
693
725
1035
682
787
