-8
12
-5
11
10
0
1
5
12
22
11
2
-1
-5
-35
19
-5
-6
5
-2
4
-6
-4
-7
-11
-23
7
-17
2
-2
4
-7
8
-5
5
-5
11
-5
13
0
-16
-7
3
-13
-1
-4
-23
16
9
-6
1
-13
-2
-16
6
5
3
-4
0
-4
8
0
-13
-10
7
-4
3
-16
12
1
13
-2
-23
-14
-5
-1
2
-11
-20
10
11
-4
4
-25
12
-24
2
4
10
3
1
-1
12
-4
6
-18
-1
4
20
-3
6
3
5
0
-9
5
8
10
-4
-7
0
-1
-1
-12
9
-30
15
-13
-2
-15
-4
-25
-1
-9
1
-13
-10
5
6
5
2
6
9
-15
16
1
-9
5
2
-12
-1
10
-23
9
4
-1
12
2
3
-6
1
15
-1
-20
-7
11
-2
14
3
-30
3
-7
1
-10
14
-12
1
-12
0
6
-2
-5
-9
6
-19
6
3
10
3
-17
12
-19
15
-9
21
-17
-10
-7
0
1
-7
7
-10
6
12
-2
17
6
5
-5
-7
9
8
13
-12
-6
-14
4
2
-10
6
-20
23
-13
-10
-8
-3
-34
-9
2
5
-11
-3
-8
-1
5
-2
7
1
3
-1
-10
7
3
-6
-4
3
-10
-18
-2
6
-17
5
-17
22
-17
-11
-6
-9
-21
-7
-11
-7
-10
2
-13
-1
10
14
-6
11
-2
-6
-2
2
0
15
0
-5
-12
0
2
3
-3
1
-20
0
5
5
-9
1
-30
3
-22
3
-7
-10
0
-11
8
11
11
16
-4
1
-1
6
7
8
-2
-18
-5
-8
4
-17
7
3
-2
-4
-13
1
2
6
-29
-7
-2
-1
-3
-4
-6
3
6
3
0
14
-30
0
-6
1
10
5
-6
-16
6
-7
7
-3
13
13
-7
0
-6
18
-5
23
-13
-8
1
-10
11
-8
3
-11
18
-4
-15
14
-15
-3
-5
-3
2
2
2
10
0
-13
4
6
-23
4
-15
25
-19
-10
-7
2
-19
4
-19
11
-4
2
1
-6
6
2
-8
14
-16
6
-5
-7
-5
-2
1
13
5
-20
-1
8
-17
2
-10
10
-17
-13
12
-11
-16
-1
-15
4
1
4
-23
6
-8
-16
-13
13
-13
11
-12
-8
-9
-3
-23
9
4
-33
10
14
8
4
-23
14
-19
8
-1
14
-4
-3
3
-2
12
14
-14
-4
22
-7
6
28
-16
15
-3
1
22
5
-16
-22
-6
-17
23
-12
31
5
5
-16
11
15
6
25
-26
-21
35
-15
21
-4
-25
-9
16
19
3
7
-10
-12
-7
4
6
3
0
-14
9
19
8
-6
8
2
-12
-12
4
13
-3
6
-17
-13
-12
-1
2
-18
20
8
18
11
16
8
-5
-9
-5
5
3
5
2
-23
-3
-7
1
-16
4
-1
4
2
-11
0
4
-2
-13
4
-21
-8
14
-11
-5
0
5
11
12
-16
5
3
16
-10
-16
7
8
-12
-12
-3
2
-11
6
6
-25
-2
-20
8
-9
-9
-12
8
-7
8
-10
-11
2
