72427
17604
9581
-6570
66721
21799
2122
-18384
-89158
-39036
63698
6407
29601
-36389
28999
-67003
-54847
3376
-12929
13411
19815
4624
-7720
-27915
47432
69331
6440
34851
1109
-31877
39752
-16857
-14969
38901
21638
-10741
5492
56697
2856
-21126
-43238
-13251
-51104
25581
-15786
-15027
14584
-15903
-21918
50907
13421
9062
-64122
-22919
-23134
1745
-46168
-8865
36336
-57140
-3455
28691
13420
23108
-35947
-29070
-25464
-37893
62862
7495
-59999
-7801
-992
52347
23301
23587
-1334
36067
-21044
10659
34982
1204
13252
25127
15034
22903
-7599
-6762
-10421
-23694
20380
20109
14478
-21010
10251
-41730
-13220
5528
-30535
-20096
-457
-16491
-33753
-4398
17989
-6547
19371
7901
-18097
-10773
5865
11754
1830
18730
14466
8813
-6062
13788
-12434
3182
-16662
-3350
-24007
-1051
13440
8623
20318
-2416
-904
23420
-10092
14987
-50859
-2302
-7436
-5876
-22778
540
7113
-1312
-8358
-17983
4649
-2560
-12661
30253
-24391
-38080
24246
15152
-10225
14936
1669
4363
16697
-5789
6747
18651
136
19558
40347
14357
13373
24440
1621
22837
-15299
-664
-11181
-20479
12410
12180
20918
-29440
14189
-40662
-23210
-12119
-24832
-20817
-4920
1436
-27721
11786
23852
27315
24819
167
-21473
-14178
27757
18360
-12425
28552
23968
11475
-3846
12817
-17601
-5001
-7924
-19287
-26578
3284
1418
19788
25490
3656
-14234
31166
16268
28918
-41686
6475
-21924
-1774
-33944
4748
12768
-23903
-6937
3688
10830
-10888
-20543
13488
-16835
-38132
5443
11125
-10038
12064
7562
19162
23653
3152
15264
12700
-621
11050
15887
25197
-8956
-909
44828
34042
-10813
-33743
-34826
3988
39430
18586
18248
-18826
12639
-25755
-20398
-23106
-12919
12006
-5349
-5361
-6886
-18336
22194
18691
35108
9969
-15891
-50116
24218
1433
11888
14462
-907
-55
12434
32027
-49571
-6398
-13100
-6412
-40679
19654
-14467
9573
28022
-3193
-3473
13120
20516
100
-69656
-1640
-7011
-13279
3935
-48
14997
1703
20701
28000
4348
24853
-13623
-7901
-35910
-33140
-11140
12273
-57004
-11317
6526
41832
9888
-10324
6411
23356
-27088
3058
22741
18859
16610
24546
13254
12924
-9037
-21751
-10958
-14321
22669
17342
9466
-19626
1404
-27338
-13306
-10419
-30778
-5438
-4993
2051
-36827
-8751
25910
14442
50506
-3181
-34516
-7235
16377
-5931
4646
26542
3929
13555
-3851
9851
-20993
-5673
-12607
-10297
-11351
-3405
3207
19448
16579
12364
-24227
23193
15803
21546
-59517
5446
-20934
-20821
-11731
11338
-8192
-12441
6647
-18969
2961
-20367
-15865
26444
-19204
-38728
-7587
12135
-20030
13056
10531
3906
6691
-18223
25145
12365
-4426
12754
37855
-1087
-16899
14110
-8441
12445
2680
-30343
-8916
1848
29648
18729
10288
-30817
25296
-31798
-27208
-18565
-9915
-30182
5930
-2744
-28689
2763
28862
11887
46697
10743
-29577
-22990
32352
16971
-19317
13241
13545
8538
87
12013
-27526
-14548
-11478
-25889
-22459
-19775
3676
28504
28135
-20653
-19690
16741
24020
17469
-34091
25421
-8344
-40876
-17822
21702
-717
-5479
-11525
676
7887
-10331
-19763
6997
-9721
-47392
4779
11012
-11951
33321
17978
-12699
43283
-24543
29262
24633
-16970
12839
