-7
8
-1
1
-11
-2
-33
-24
6
-3
-2
4
-24
-13
-14
9
-6
-12
-35
38
16
17
-27
-33
-16
-29
-14
16
-1
20
-34
-44
11
16
-6
15
-11
-29
41
1
-9
21
-5
2
-5
0
-6
-18
15
-13
11
-8
-15
-5
20
24
-9
-22
-16
7
7
12
3
22
33
5
18
25
4
5
-9
-35
-2
0
1
15
-8
-16
-10
7
18
-14
-31
10
-23
-25
-13
-29
-16
-10
-5
22
-21
30
-3
-15
-14
4
-20
19
15
-5
-40
0
11
-14
-17
-1
-11
15
-13
9
-8
-8
2
-4
-19
3
5
19
5
-8
-40
-11
24
5
11
-47
2
-27
-15
-18
-8
7
21
27
34
4
-4
14
-15
-6
40
21
16
6
-10
-14
-1
10
28
6
50
-27
9
-9
-12
-3
-31
8
11
3
-8
-4
-17
1
-13
-18
1
5
6
12
-16
16
9
-4
-2
12
-9
16
-2
3
0
-8
2
-26
-12
-7
-5
22
-14
3
-1
-4
35
4
-13
-17
11
18
9
3
-36
3
8
5
10
7
3
-5
7
6
5
7
10
15
-9
-14
-13
5
-3
7
-4
14
22
1
11
21
-20
-1
30
-1
16
-14
8
3
-4
13
-12
8
21
10
-13
5
-12
10
-38
-6
6
0
21
29
-7
20
-16
5
-21
-13
-42
25
4
2
-24
-13
-1
-35
-6
-10
-9
7
-12
6
-8
-7
-5
18
-19
3
-3
18
6
-14
-41
-1
3
28
1
-43
1
-1
-8
2
6
8
21
19
12
-11
5
24
5
6
27
12
16
4
-20
4
10
23
-18
-23
17
10
9
18
-3
11
-14
17
-8
-7
-18
15
-27
-10
-27
-14
0
10
3
47
-33
20
-11
-2
1
0
-25
29
-2
-14
-11
-21
0
-31
-18
-6
-32
21
-28
-20
9
-2
2
14
-19
-13
25
60
2
3
-17
2
2
8
18
11
13
3
-11
-4
-30
-31
31
2
36
4
-44
-4
-5
-5
12
20
32
0
29
14
-14
14
23
-16
34
-16
-21
16
-25
-2
1
16
3
-13
-7
17
-1
-9
5
-12
-24
-22
14
13
-2
10
4
11
-8
15
-4
3
13
-15
6
-18
17
-23
-9
-10
1
27
-15
-2
-2
2
11
-6
-2
-18
24
12
-1
-1
-31
5
24
-9
3
-19
-2
9
-19
-16
13
3
9
1
-4
15
13
-2
-27
-13
-7
4
-4
11
11
15
-19
-3
-4
9
9
-16
4
-9
-28
-11
-5
15
