-811
-106
-1603
-905
-860
6
455
-55
-2670
251
-756
-1605
-1469
-1189
-1379
-4487
251
-1268
248
599
-327
-1538
-865
-1558
-729
-1499
551
26
-301
-1035
414
775
-504
-139
-580
-1121
305
533
937
-623
-2011
-2042
306
70
242
-1325
-244
88
-24
145
-556
-380
-958
-504
88
-859
-147
-2116
-2682
-1613
-33
720
-1631
180
266
-836
-750
-1859
-65
-1667
-1517
-218
-361
-766
-74
-744
-41
755
412
-33
-927
-1475
-1365
209
1094
-290
-332
-440
-1088
495
-434
-981
-892
-767
800
-448
1379
-715
-328
-526
-203
-906
-2174
1580
-354
-913
67
-2
-930
-897
-131
-18
-706
1253
1301
-1106
-2169
888
-416
-610
-759
-913
-1543
-1688
-403
-885
-1226
-3163
-694
-808
-135
-84
486
260
-38
-921
-1486
-837
1133
-1029
-1850
-1181
-248
108
-1011
-2895
-3303
-1430
-1262
-603
-88
62
-719
-1792
141
-927
-1310
1067
-475
-2644
44
-231
-3585
20
-1378
-294
-1040
-419
-1655
-1042
540
-670
-756
-1355
87
-1745
-1754
-1395
541
-2500
-91
-2335
-594
-409
-669
-386
-1796
308
-458
-664
-751
-15
