3
14
-4
-4
1
-3
-26
-20
-5
-4
12
0
-23
-18
-5
-6
-14
-5
-27
42
13
12
-14
-30
-8
-10
-13
22
-2
11
-24
-49
12
23
1
6
-4
-17
35
-7
-18
23
-10
1
-10
-7
-8
-15
16
-9
15
-11
-28
-11
8
23
-12
-19
-14
-3
11
16
8
24
23
-4
7
21
16
1
-30
-37
-7
11
0
22
-6
-7
-14
3
23
-9
-32
8
-17
-24
-9
-22
-19
-8
0
19
-23
23
2
-22
-17
10
-18
14
10
-12
-40
3
15
-9
-13
3
-14
9
-8
9
-5
-3
7
-8
-14
9
-2
15
0
-4
-36
-13
22
1
8
-41
7
-28
-12
-19
-18
4
13
24
34
8
-7
21
-10
-7
42
16
9
6
-18
-16
5
6
21
4
43
-22
7
-14
-7
2
-32
6
17
9
-11
-5
-13
1
-10
-10
-3
6
9
8
-17
9
15
-12
-7
14
-6
11
-7
-1
2
-3
7
-15
-6
-3
-10
15
-7
5
1
2
40
0
-8
-10
2
12
6
5
-32
0
5
3
8
13
6
-5
12
6
-2
5
-1
13
-9
-8
-14
6
1
9
1
7
14
-2
3
17
-16
-5
22
-3
12
-6
7
2
1
16
-14
4
24
16
-18
1
-3
11
-33
-6
0
4
29
26
-9
15
-9
1
-25
-11
-34
29
-1
-3
-11
-10
4
-25
1
-4
-13
-3
-5
3
-4
-3
-4
11
-10
11
-18
12
2
-9
-41
-2
-2
23
0
-37
5
-5
-2
-2
-10
5
13
14
19
-6
3
32
13
10
30
14
9
-2
-32
3
9
19
-37
-27
13
19
6
10
1
16
-19
11
-3
-1
-19
13
-21
-11
-23
-11
-4
11
8
43
-34
15
-6
-6
-3
3
-23
29
-7
-17
-13
-17
5
-21
-6
-3
-37
15
-22
-23
12
4
4
9
-14
-7
15
52
-2
6
-10
-1
0
6
15
18
13
1
-5
-5
-40
-31
19
-4
38
10
-47
1
1
-6
15
11
24
-1
20
10
-13
10
13
-17
29
-11
-24
5
-18
2
-2
12
9
-8
-14
14
1
-12
10
-10
-27
-17
20
10
-5
3
11
5
-13
16
3
-3
9
-19
7
-13
22
-15
1
-4
-5
19
-7
-1
-1
6
15
-10
3
-12
13
4
-5
0
-26
0
21
-10
2
-17
0
6
-12
-17
8
4
2
-10
-1
22
8
5
-23
-11
-3
-2
-10
6
5
7
-16
-7
-10
9
8
-13
6
-22
-20
-4
-10
11
