-4
-33
-73
-46
66
-24
4
0
19
52
1
-5
-16
6
-8
-42
-11
-31
-38
-124
-66
-26
-77
-39
85
38
21
85
-29
83
-35
-8
-92
-26
10
20
3
42
14
-78
-17
-41
-20
-12
-69
-15
-48
-40
-1
33
-24
21
-6
-10
-44
-53
-15
35
-30
-90
8
51
49
123
-23
31
-57
33
24
-30
77
-16
-28
-21
37
28
53
27
-72
-49
-26
1
-13
19
-37
0
-17
-127
59
38
4
1
20
-33
83
64
9
-92
-46
-55
-58
-23
24
16
-60
-16
14
26
-1
-19
-41
-90
2
-4
-1
41
32
46
14
-18
-25
-30
-40
2
-70
100
-39
-6
22
-42
7
-58
25
-11
-6
3
2
-54
63
-11
4
-66
5
25
-10
49
-10
-1
-28
42
15
27
39
-113
-11
-13
0
-94
5
-26
25
-49
-8
-26
-1
67
-9
48
11
12
-88
-19
2
39
32
-29
-17
1
-94
3
-18
59
5
-78
-23
-15
36
-59
7
-11
6
56
1
3
-20
-2
82
13
-4
-19
-11
-44
13
-31
-9
38
23
-127
-20
-58
34
31
-30
-49
13
-70
-3
33
-35
-4
10
24
-14
3
-40
-30
-73
-33
13
16
33
23
14
-22
11
-20
-39
0
-19
66
7
-33
14
-3
19
-77
-14
10
-21
44
62
110
21
11
17
-23
-22
-31
-41
26
-39
-20
-42
-126
-36
-3
-36
-25
6
3
10
-32
-33
9
-33
-4
13
-10
-31
3
-53
10
28
44
-13
20
63
11
87
9
-80
-104
58
1
0
-51
6
-8
24
-10
-70
32
6
52
21
1
38
43
19
53
4
-30
-72
47
-28
-4
44
4
-4
3
7
-92
-10
-46
43
-14
-21
22
31
-23
14
-31
-24
22
61
-12
-23
-8
6
45
-29
55
21
3
21
13
-30
-78
47
13
33
-10
-26
-16
28
26
58
40
-24
6
-1
-51
-110
-48
-36
40
-46
-9
-59
36
-36
13
-85
-57
30
-28
72
70
51
6
-39
31
14
30
-24
-58
-12
34
8
-5
29
8
7
8
-24
-32
21
40
1
51
9
19
5
-22
51
53
-47
43
2
47
42
61
-70
-61
-50
77
-22
1
-17
-110
38
31
-3
-80
-64
-7
-51
15
6
31
23
3
-12
-49
57
-84
-18
20
-31
0
-4
54
80
-32
40
-9
44
6
-31
-33
34
-3
-28
-65
127
71
5
57
18
-43
-36
-51
69
-26
-11
12
58
-22
108
-62
-17
64
58
14
120
-5
95
14
16
-45
46
44
-15
24
-17
84
53
38
76
-45
51
-25
17
91
-86
-38
-26
77
26
33
-58
52
38
-1
62
-45
-15
-62
3
27
102
19
-13
-30
26
-23
18
-55
7
-60
45
-27
-1
-43
-49
36
-10
21
-43
-122
2
48
32
27
55
33
-2
-8
-70
-4
-28
56
33
-41
-14
-74
14
3
-27
-58
-17
84
3
18
28
33
55
48
92
39
-38
32
23
30
-37
1
-15
43
-56
35
-59
1
8
-14
6
-15
6
-59
69
3
-29
-24
-63
-56
-44
74
14
30
13
-6
96
-17
0
72
-37
21
64
31
90
100
-53
-25
-44
-14
11
11
-45
-7
36
18
-33
22
-24
-96
65
-4
-17
46
-10
0
-45
-5
-42
-41
41
102
35
-61
-13
3
66
20
-16
54
-24
-9
3
-21
-4
-17
69
93
15
83
-69
63
10
14
116
-41
-66
4
-2
57
-27
59
-7
42
-32
39
31
-25
1
65
13
-16
-34
-26
-4
5
-15
-16
-34
-55
11
16
-25
-10
-31
-26
13
1
-26
19
-10
62
28
66
-14
38
-42
-8
-29
22
-3
111
0
11
-54
48
56
39
-7
-39
-19
-3
-42
23
31
3
82
34
-33
1
-6
19
-15
52
-24
-45
1
-44
6
-73
-11
-14
-101
9
3
127
4
33
31
-18
-5
9
37
38
42
-41
0
-5
69
-4
39
16
-17
52
-29
-31
-25
-9
27
-46
-15
-5
-72
68
34
-4
23
38
0
20
21
-43
2
-20
0
19
-75
-17
11
-5
8
-33
30
-18
34
-30
55
-49
-27
32
113
-34
-20
11
-29
-12
33
-24
-38
18
-37
81
-49
79
2
-3
-38
-24
-1
-20
-10
-72
37
46
-7
38
-19
51
14
54
38
-15
-36
3
-16
40
-31
17
13
11
-7
42
9
-11
-19
-10
-83
-47
11
28
-10
-22
21
69
27
25
-30
35
47
-63
22
54
13
-28
-39
-10
-35
-29
5
19
-22
-127
-77
-18
17
-38
4
49
-1
-30
-4
69
-13
19
29
20
27
-45
-28
-81
-87
-36
24
31
-50
32
8
-27
-36
-15
-8
-27
37
10
19
52
-41
-26
22
84
-23
-26
-93
30
-9
-37
6
-17
33
25
85
-8
36
-16
-4
-47
8
38
-46
-85
68
90
13
-105
-17
69
71
79
79
-19
-3
-14
50
12
-63
-34
-5
-50
-21
-94
-3
-111
-28
-2
-9
-26
15
-43
-27
-14
-18
5
-61
-42
-17
20
-58
-41
50
27
24
4
-42
13
7
5
2
30
-21
4
54
-103
-22
-40
64
-67
-60
-82
-12
-64
5
-55
-3
-57
-23
14
6
16
10
-51
7
-16
-18
-53
-16
31
-7
-7
-74
63
-72
-93
-21
18
33
37
-112
42
-80
-35
-31
-45
94
-23
33
-110
-1
-73
44
-82
49
-45
34
34
-16
-12
-16
-84
7
-50
-10
-25
-77
-6
62
-22
-23
-90
26
61
18
-68
32
-25
-53
21
-33
37
35
-53
-5
93
45
-7
79
37
-10
-67
18
-14
8
3
28
-31
127
-66
-12
-80
-1
22
-58
-75
-43
-3
-78
0
-21
44
60
-22
4
-40
-34
24
17
-10
18
21
-71
23
-42
14
-5
74
-15
43
-4
18
57
-13
-76
20
-15
-31
52
7
-10
6
47
-56
-23
-73
47
39
-78
11
-25
-1
23
-17
36
-40
19
22
-24
31
-1
-2
-23
-27
53
5
-11
12
-42
22
-23
-23
-28
-21
-93
16
61
15
-55
12
-30
-23
1
-35
-9
43
46
63
-35
-32
29
-2
76
-44
52
-1
-2
-40
-41
58
40
78
53
-5
40
-17
63
42
28
36
-28
39
-66
109
3
-22
19
-42
-6
-81
-15
1
-61
-61
35
-31
57
127
13
-18
0
41
34
-19
-29
0
-4
11
-13
82
4
-18
28
-34
-27
80
-18
64
-25
-3
44
-58
-117
-40
-83
-18
104
48
23
111
62
54
5
-5
19
-7
-25
-50
16
-14
58
11
-96
-56
-76
7
-58
11
-22
59
-71
82
48
-78
-60
-34
-7
121
-23
43
-66
109
-120
24
18
41
19
21
-18
52
56
6
-44
-14
-66
-13
34
-35
28
-28
4
0
-23
-55
97
86
-84
-23
27
-9
-39
-24
45
-5
-21
-23
-19
-26
-87
-26
-47
-16
30
-90
23
58
58
-43
-21
-46
-19
-95
34
22
-59
15
58
52
13
52
56
-43
19
3
-22
40
-31
-1
-11
-4
-23
32
71
-11
35
-35
72
13
15
9
23
3
-72
3
-35
21
23
-3
47
46
-63
11
-24
77
-55
-14
29
41
-90
74
1
92
-34
99
13
-29
-42
-12
-69
22
-19
31
77
-56
1
-30
17
-114
24
24
22
-47
48
-96
-48
-83
15
50
69
-33
-76
-64
13
-85
1
9
20
26
-14
33
24
-9
-4
-99
62
51
38
79
-48
42
-52
-68
-23
47
-1
5
33
65
29
19
15
-10
0
-63
85
30
-38
37
-41
-127
17
-8
31
-59
95
-1
1
46
-9
6
44
-47
-41
-48
-11
11
83
25
-97
45
-118
-20
32
88
-26
-10
38
-46
-20
51
30
-15
111
-70
50
-65
3
62
26
42
5
0
-15
-17
34
-63
41
-40
1
-34
-49
-49
45
7
6
-27
-66
-9
8
-22
-23
-25
43
42
60
-35
23
8
24
21
33
33
-3
-55
-1
-34
-66
-43
-10
93
-44
-5
60
-23
20
-28
20
30
18
-10
44
11
27
-39
51
-17
-2
74
78
-35
42
7
23
-27
15
-16
-11
103
-97
-12
11
-42
40
100
0
-22
-33
-43
4
64
-72
-67
-17
1
-61
20
-63
6
25
31
-65
63
-75
-33
-44
34
5
-16
54
52
100
9
-5
-10
-62
-43
-24
21
-34
-73
16
10
71
-5
-117
-9
15
-37
38
-56
85
65
-73
31
-17
59
29
-13
42
28
21
33
-52
37
75
48
22
45
-25
-10
-52
5
3
68
0
-35
-44
5
5
-14
48
50
-58
-63
-31
14
-16
35
-40
21
-9
-99
29
18
-4
51
-21
30
37
13
11
37
9
60
-127
39
-29
-5
7
-61
28
3
62
25
-59
8
1
-83
-68
29
29
54
-46
-40
-33
33
-54
0
97
-6
16
13
12
-18
-11
-35
-26
-30
-56
-16
-22
-39
83
58
25
-8
-56
6
10
10
-84
-101
-14
96
23
58
76
-4
14
-53
-9
-42
-94
-17
1
-116
-23
-4
0
34
48
77
-73
36
0
-13
7
-4
49
18
66
-12
13
5
20
18
63
-28
26
-54
15
-4
-43
-40
-56
-39
-95
-21
102
33
-29
87
-56
-45
8
-47
-31
44
55
-39
90
6
-15
-11
-5
10
17
-51
-4
21
38
53
-2
-70
-28
26
38
26
17
1
-22
-52
-20
28
-60
-28
-82
18
70
-56
18
-25
18
-39
22
38
-22
-57
-15
1
-39
19
-43
45
-64
-22
86
-6
-73
-74
-40
-21
-83
28
-33
-5
40
-5
-18
9
-22
-2
26
-17
36
22
84
-31
-16
54
31
-33
58
15
5
-39
-80
-27
-60
-8
0
10
-32
24
-13
89
31
2
-53
-21
25
-55
40
-36
-24
49
-92
8
-38
-13
22
45
49
-30
11
-45
-10
-6
-8
60
30
-55
-50
-11
-19
19
9
21
44
-19
2
5
8
11
20
50
50
-35
-6
-24
27
11
-24
-80
127
-9
40
-57
-8
40
-62
15
0
58
-17
-75
56
-22
26
-40
20
54
11
35
-7
-99
16
-54
10
2
-1
12
-42
27
10
-33
-6
21
13
-44
30
12
52
-38
-13
-4
7
24
-38
6
79
-6
-64
-21
-41
2
9
-35
5
50
74
10
26
-5
-40
52
13
10
-17
-68
-3
-4
-10
-19
-12
34
-78
-4
54
21
3
72
1
49
-13
5
-113
-13
-43
-11
42
17
-51
10
-3
20
65
-40
-25
37
24
-46
-2
64
51
35
-38
15
-12
-84
-37
4
18
55
-25
-34
69
-42
-28
34
-24
53
61
-84
52
66
-29
2
30
13
-47
33
77
-47
61
-2
-15
-37
-42
-62
-23
34
80
13
-38
-12
-42
-16
41
24
-79
25
34
21
-86
4
13
-8
50
-70
39
-22
-71
32
-7
21
8
12
51
13
-3
25
-57
-1
26
58
-73
24
-27
-4
111
-62
2
-46
24
37
-20
-8
9
11
84
33
-36
14
4
72
2
-28
53
-127
-81
-5
-1
-18
-48
49
-5
3
85
11
-14
-43
6
-86
-26
10
-5
-21
52
8
15
-48
-70
-18
6
34
-10
-25
-8
10
-25
20
64
-16
3
-29
-27
-43
59
0
44
-27
-30
-43
29
-88
-1
-50
73
18
24
91
-5
-77
-31
18
102
-13
52
-103
8
-11
6
19
6
37
-31
2
41
-89
15
52
11
-71
77
31
8
-33
8
1
-7
0
-31
-24
-37
-6
38
30
34
-22
40
-29
28
26
-61
73
5
-7
43
36
-57
11
-37
10
21
-62
48
-17
30
-43
37
20
15
48
77
28
48
-73
67
116
66
-53
-51
-46
-9
83
-1
-40
17
34
51
12
66
-95
69
-20
-10
-3
59
22
-17
-1
-87
16
-9
127
12
-27
-96
-52
20
34
-11
-12
77
-16
79
-51
-33
-33
-52
-14
4
19
50
100
-7
25
-13
5
60
26
21
-53
50
-19
-8
31
-52
-69
51
8
-58
-26
68
-28
-2
-41
7
-26
-74
-86
-27
21
53
45
81
66
-4
-4
-8
9
32
-35
-24
63
-60
-49
-27
-19
25
-41
39
-44
23
8
-33
-34
60
43
-31
98
-13
-27
6
11
9
-27
100
-54
-39
-40
-113
7
-38
-5
52
-6
127
43
53
-64
47
0
-22
-28
12
17
-94
-56
-19
37
5
-43
-73
-34
-4
-38
44
-38
-41
34
-18
21
17
23
-15
16
-109
-82
-25
27
-44
-39
43
9
-53
-20
-83
10
22
6
31
-26
-59
-6
-64
-20
-72
-74
61
23
17
12
-53
-27
-16
90
45
-18
-65
-72
46
-55
37
-8
-27
-43
60
-19
-3
17
-48
-69
16
-38
34
-30
-42
1
-55
28
8
-2
-26
33
-99
-41
34
13
11
-52
-21
29
0
16
-9
-6
-48
15
19
19
17
22
-51
-33
34
18
-50
9
67
-63
20
14
37
-35
-43
-49
5
-3
12
9
64
-16
11
39
-20
-37
-46
46
-10
-83
17
-3
-25
-48
30
4
52
98
25
-9
61
87
33
23
-7
12
36
23
80
-26
-6
71
9
51
-49
-15
-57
71
0
125
8
-5
-6
-43
11
76
84
36
4
33
-99
24
0
30
0
-27
-14
2
-17
-13
75
-17
26
14
-12
27
14
81
86
4
2
28
61
-76
1
-16
13
73
-22
-62
59
25
40
8
20
-17
-13
66
58
5
95
42
8
-3
100
10
20
-5
-47
-43
7
36
-60
6
-85
18
-37
44
26
-28
-13
46
-42
-12
-12
-127
3
-25
5
-9
-1
30
9
59
22
25
38
-12
55
42
62
-23
24
-35
-39
20
63
30
29
37
28
22
74
-99
26
26
-29
8
-42
-74
-38
18
-66
43
-47
-19
-52
28
-43
-54
-12
83
38
0
-5
55
17
-44
-1
-73
-79
-34
39
46
3
-56
-55
-20
-16
-60
12
-117
-24
2
36
37
-15
-71
19
-22
-27
-52
90
55
23
-9
49
68
46
-14
-34
-38
-12
-14
-1
24
-27
48
-38
-58
-72
55
100
90
-23
52
9
-20
27
-42
7
68
-24
-7
58
-38
-12
-4
-6
16
49
25
-43
63
-44
-43
23
44
51
35
-12
48
120
-3
56
32
-55
110
-32
72
73
-53
-9
11
-51
-37
82
24
5
-100
-13
-33
2
1
24
18
52
-48
29
-16
0
-56
-27
-41
6
-5
3
23
1
-17
26
45
15
16
45
-3
8
-9
-2
-59
-12
9
86
125
28
-51
30
-25
-23
-70
28
-79
0
8
-34
-37
-21
-9
47
-22
11
62
37
-13
14
9
-52
-7
-13
0
-45
-57
7
-48
14
-8
-52
-83
-1
-2
23
79
-37
-20
-41
-24
56
19
22
8
-127
-31
74
32
9
-16
-20
-3
18
59
8
19
19
-26
-44
18
46
-26
55
66
-18
0
74
8
0
-72
-11
-118
6
1
14
58
-2
66
-15
-23
-81
23
-14
-12
-13
-49
83
30
36
-15
5
118
-2
15
26
15
-25
-6
18
44
66
-21
1
-64
-28
-1
17
11
18
38
48
-37
-63
-31
4
-16
-42
-33
38
-47
-25
22
31
-18
-13
27
33
-25
-13
3
27
-5
-20
16
1
60
-34
31
72
2
7
11
-15
37
-30
47
13
-11
9
0
-35
44
-91
4
-20
-8
58
28
46
-75
-72
-24
-85
18
-94
20
-29
88
-38
1
10
-95
0
82
79
-45
-4
-88
-59
42
-30
5
-16
55
53
-23
-2
35
5
33
-4
-4
4
24
31
110
-112
-53
14
-43
58
-24
29
40
-78
78
74
-6
26
54
83
-93
26
44
-91
-19
84
52
-56
9
24
-19
78
12
-9
-105
-29
-127
79
37
-59
-2
35
27
-4
-87
-32
-63
31
-19
46
61
-7
81
29
49
-38
17
-15
-49
-4
81
28
60
-40
-122
2
18
17
84
22
89
52
-31
8
4
-17
-39
81
-92
-37
112
-4
-1
5
0
-52
38
-8
22
-50
31
30
0
-3
-41
-71
-3
-28
89
10
17
-43
33
-10
13
-12
33
46
-4
50
50
40
-66
-11
-6
-46
-27
-23
-5
-9
-71
60
1
-46
-90
-89
-3
-30
78
24
-58
2
-14
30
17
95
-28
-59
3
25
1
-33
-74
-40
29
-42
-59
-14
-39
54
-31
-37
13
-68
38
56
76
-37
-45
65
69
-10
64
62
13
41
-1
-15
18
-2
75
-3
-22
31
26
32
-59
-34
15
-62
56
-24
16
17
30
66
23
-39
-53
77
76
1
-37
-74
-11
-3
3
-26
17
23
76
3
-2
-45
1
26
-15
-4
23
-59
-67
41
33
-10
0
66
-22
4
-11
13
25
14
88
-15
29
-34
8
48
-30
-37
31
44
-64
37
56
17
-73
-11
-7
-34
0
1
-37
37
-18
-68
-14
87
-67
52
4
42
26
56
85
12
-13
64
58
77
16
-4
30
84
65
19
0
-50
38
-13
-3
32
-42
-28
-77
19
8
81
43
10
73
-33
-67
-50
-8
61
-13
62
-33
89
-19
-35
-32
-56
10
-48
87
3
17
16
13
16
-37
70
-59
72
32
27
-32
32
-74
-30
59
-15
-52
38
51
-34
-43
39
-77
-5
4
47
-5
-53
0
-64
-14
-72
-7
-20
-127
-60
-5
79
-38
-2
-33
-33
1
7
18
-4
3
-15
-48
32
-70
-51
-83
-1
73
-40
-2
83
44
30
-46
-42
13
5
34
86
40
62
-10
1
-80
-53
8
-2
-34
56
-45
29
45
-7
47
-8
7
-60
8
-24
20
30
46
57
32
5
-18
21
19
-121
10
31
-24
79
-75
-11
29
-2
14
-78
72
7
-79
4
63
-31
-19
23
-127
18
93
-122
-30
21
63
28
-16
-57
7
-104
-24
-26
-1
-37
-47
31
65
-36
-62
-6
-66
-36
20
71
-20
-62
-117
-59
-25
42
-14
-55
-55
-21
-60
-8
-19
-22
-9
-40
-69
24
-22
-52
-23
-65
-115
21
-14
-64
-26
20
-63
-37
-6
48
26
-89
64
-39
12
-97
-52
-16
9
59
-83
-110
2
-48
-51
57
23
37
-45
-32
-45
79
2
6
-120
13
16
-22
-31
-11
31
2
27
-3
20
54
-108
-51
-58
45
50
102
-33
38
60
-11
26
21
52
29
91
15
32
73
-15
92
-11
-62
5
-31
-85
-62
48
-16
-52
50
-56
-65
-38
56
-4
-6
42
-9
51
-36
-40
14
28
-12
98
-65
-11
0
4
-63
14
2
-60
-11
-22
1
-23
127
6
55
24
-75
-46
50
-23
-27
122
-23
51
27
36
20
32
65
15
-2
49
-45
54
34
-22
55
64
26
100
-14
24
-1
19
-48
83
38
63
11
34
91
75
55
90
22
-19
18
52
-33
61
71
-83
-32
36
1
29
-21
16
-20
86
19
-24
47
13
-11
54
-5
44
-15
18
-24
20
-10
-31
-28
32
16
70
-47
-50
2
66
11
23
74
-34
9
-35
-1
17
68
-32
-46
-1
-35
-5
-38
-87
50
91
82
30
5
-78
23
-3
4
-32
-53
-72
5
-65
-39
19
-34
-28
34
-17
-9
71
37
81
-92
47
59
-23
-6
-113
59
-94
-20
-26
14
40
36
-72
18
-40
4
-14
-33
-5
72
23
-59
-33
29
8
33
-12
18
-60
20
-3
69
50
-12
-57
38
-33
10
13
1
-31
8
-16
23
-22
-43
1
-48
31
47
15
-12
-35
-7
24
14
-40
-50
-16
-22
-39
-46
-19
-45
-48
7
-60
-46
-9
16
9
3
10
-3
-69
-33
-50
-33
-44
-24
-63
-29
29
-29
-11
-6
5
29
0
-52
-37
-19
19
-4
-43
-20
-20
-8
-7
18
-48
-60
-1
-87
61
12
-11
50
25
5
-20
-59
39
-41
-23
-21
-44
-45
-33
-38
1
37
9
2
-38
-8
35
-7
3
-26
-10
-35
-53
5
-24
5
-2
6
-35
4
-5
9
-54
26
-46
40
-80
21
-84
-48
-8
-13
-26
13
-46
28
29
-13
26
-47
20
-44
-11
39
25
-40
-32
-30
-65
57
-51
-48
-44
52
-21
35
-4
10
31
-31
55
26
-82
30
76
-70
-37
-11
-26
-52
41
12
-21
-27
87
-10
58
43
-41
36
-76
11
-30
-37
-30
-8
-95
39
-12
26
127
22
56
47
-61
-17
-17
-7
48
9
-22
-35
8
-16
57
24
28
28
24
1
48
1
-116
44
29
-23
-20
45
18
7
-22
-16
11
-57
17
23
38
21
13
30
25
94
37
68
8
-50
81
43
42
-21
8
-69
58
-43
-30
6
-61
76
19
8
80
26
42
-23
-7
47
52
-91
47
9
104
42
-30
15
23
79
-59
-20
-90
-9
5
29
15
-12
-12
-56
-3
49
-1
-62
-18
14
-66
-35
21
-27
100
43
0
34
13
-43
-31
-8
49
-27
2
47
9
-33
-22
0
13
-49
26
43
-78
6
5
38
-10
-47
59
38
-54
41
-24
85
-52
23
112
66
22
-10
-38
86
28
120
25
58
0
-81
26
-46
5
4
30
28
-48
-23
30
86
-65
1
19
-26
21
16
28
42
61
70
84
8
-20
-21
19
-32
55
-113
-27
-45
-30
127
11
-28
-13
-51
9
28
28
55
14
-29
34
-40
-14
27
47
-50
4
-16
-32
-18
67
-26
29
-42
-61
-49
10
12
57
-38
96
-11
10
-65
30
27
9
-35
-40
70
-36
-26
-36
-13
84
-1
47
52
25
84
-127
-33
1
-11
15
-52
15
61
-44
13
8
39
1
-80
36
-58
31
39
-31
62
68
-66
-41
-1
76
-31
6
-76
7
-24
-11
-51
72
-68
37
-1
-16
-12
27
29
-75
31
-14
9
17
3
-40
-14
-26
92
-32
-45
11
22
-44
-91
-96
21
-8
-28
-33
-24
-99
56
-31
-1
30
3
-6
-14
-15
27
-10
-10
16
-16
84
23
1
-52
-53
89
48
-104
37
-9
12
-22
-25
61
13
26
-35
-2
9
-19
-17
-6
38
-5
4
17
-26
23
51
29
-111
-1
15
24
117
43
-105
-7
12
-10
45
11
-28
44
1
-45
15
-12
-49
-40
-58
-37
21
-18
38
-13
-25
114
-11
-14
11
-93
-18
-67
-80
70
-36
-41
2
-10
46
17
-5
-37
33
6
6
27
-28
-12
35
-32
-23
-33
44
35
23
-92
49
64
17
-75
-41
-36
21
33
21
-42
11
38
60
-100
-67
71
54
15
-6
18
-26
-65
18
9
-44
26
15
-49
1
6
16
21
77
33
22
67
21
21
40
31
23
-23
-46
45
50
-12
44
68
-12
42
0
33
17
-64
-19
29
-19
-25
43
26
21
-39
-63
-11
-42
-3
-50
-11
30
-25
5
-19
-18
98
5
-29
60
-35
25
2
-33
80
-63
79
-5
70
54
70
23
15
-22
28
-23
-27
21
8
57
71
-21
-24
1
-10
30
-30
10
34
18
3
-19
-10
-56
-8
10
14
-35
-25
65
7
22
-33
-10
43
10
7
64
13
17
-37
55
0
59
56
36
19
-66
14
29
-2
-48
47
-1
47
-9
30
-23
53
47
-41
26
-32
-1
-43
-96
40
-127
-32
32
12
15
2
48
11
-12
24
24
2
35
-69
-60
-1
-53
15
-34
6
1
-29
24
-19
55
-28
-16
-1
0
-25
-11
-11
7
78
31
16
7
8
20
22
3
32
32
17
-51
10
-48
6
23
14
-50
-50
-41
-36
-21
-8
-30
22
5
49
-40
-31
65
5
-2
-2
-10
-19
49
-35
53
-33
73
110
12
22
10
20
40
3
-36
-42
13
-11
27
-7
4
-37
-15
-5
-58
25
-6
-20
-49
65
11
50
74
44
-46
46
70
1
41
14
15
14
-11
18
-48
-33
-56
-10
23
-33
6
-45
-57
5
-4
-45
19
36
-21
5
18
28
-33
48
-16
-20
63
-8
79
24
-13
0
-59
-13
54
12
-5
43
42
-24
-4
120
-62
-33
3
-15
6
-79
52
-13
29
-16
50
43
34
127
-31
28
24
90
-4
-33
-3
58
5
33
-28
-43
-33
-41
103
55
-40
-18
-25
49
44
-4
-71
26
-4
-37
22
-26
28
40
-51
-32
95
-1
11
16
7
-29
-21
25
-78
-62
27
-19
77
-37
30
90
-34
1
39
-5
-52
-41
6
-67
17
-50
-15
67
50
37
61
39
22
26
-48
-81
31
13
-29
51
-4
-7
-73
17
19
27
36
-15
-5
5
17
-4
-52
-13
100
-22
49
11
42
89
-20
-68
-39
-51
45
-34
-39
10
-9
18
19
-63
34
2
51
44
-45
-87
-71
66
-38
-78
90
73
79
-20
41
-63
44
8
16
12
9
34
-78
-127
-44
64
-28
40
71
-86
103
43
23
41
-24
-5
25
53
-34
41
-20
89
-60
-71
-15
19
-89
-61
44
60
63
-22
-59
-52
-44
26
3
85
89
-11
12
42
24
-21
-42
-27
-10
97
121
50
-82
49
37
-9
-70
-3
-22
12
-28
80
-7
19
-45
24
4
40
-33
48
56
17
22
-89
-58
66
-76
24
16
-5
-7
-31
46
-54
4
-3
13
-64
-2
90
64
37
-58
-20
19
58
23
9
27
55
-59
-29
114
-28
44
5
-13
29
32
35
41
-10
-6
-69
35
89
15
9
35
31
83
34
80
-27
53
-99
37
43
-9
-7
-51
29
-2
-5
56
-88
38
20
63
-9
-21
19
-7
10
11
77
-81
-62
63
46
59
-44
32
17
-21
11
-47
-2
-121
48
-88
21
-11
-46
-10
5
9
2
-65
-12
81
-5
-21
27
-22
-81
-51
-127
-28
7
-8
12
-50
-11
19
40
38
30
36
-33
-11
-6
-57
-53
-22
-76
55
40
2
-10
-30
109
4
47
-21
-1
-16
-72
7
-37
-9
-3
32
0
0
-124
-67
-60
13
12
20
-42
-49
-48
42
48
56
-62
-3
20
26
-20
-34
38
15
53
46
25
15
-82
2
-47
-4
-79
8
-22
-18
42
-23
-80
83
-41
27
-39
50
44
19
-6
-77
-48
12
21
-28
-33
-9
-79
-82
-7
23
-9
-41
-85
-27
-2
2
-11
-69
59
32
-112
-82
-116
-22
-38
-47
3
47
-79
-49
-19
-22
-21
-27
-8
43
28
-22
20
3
111
-10
43
-93
27
-18
58
58
-72
57
68
22
37
25
-29
-10
-51
-51
54
-64
0
55
-16
-29
-1
-42
68
39
76
-15
-35
-26
31
-6
-17
13
-8
17
14
-9
32
-8
69
17
4
8
-28
-9
-14
-38
33
106
-37
38
32
9
8
31
-32
-30
-56
17
-46
73
21
37
-87
48
59
-114
-55
2
-7
7
35
51
42
11
79
20
20
63
-107
-51
-5
108
-18
-54
47
-19
87
2
-17
-37
7
-17
-39
-77
70
54
-32
-69
-94
-57
-17
38
109
-5
-24
-62
18
-85
55
-30
-113
-66
41
-22
-22
-17
-42
19
21
36
-45
-31
5
-41
7
6
-22
-36
5
93
31
-37
2
127
82
-29
50
55
-29
-8
39
49
45
6
-29
16
24
-20
30
11
24
-94
-15
60
-87
-36
-76
1
-29
-21
-54
-8
-3
43
27
-76
-96
1
-104
-65
55
76
38
30
-8
-93
1
50
-27
-84
-76
19
-65
60
17
-79
-83
10
18
24
-66
-30
14
51
54
9
8
-18
-62
-17
58
50
-94
8
-81
-1
-118
-54
-84
72
-30
14
102
0
-25
22
-3
-35
37
76
54
-27
-4
-14
-27
24
-15
8
6
-28
-26
-12
20
-39
-54
8
-25
44
102
68
-66
-34
-26
-37
43
-32
37
-62
52
48
60
48
-36
-21
-44
42
-92
-15
39
-59
-69
-5
14
-22
-39
-12
58
52
28
-84
-77
-13
-26
46
29
-22
-64
-89
-1
11
-1
56
-21
51
24
31
21
28
39
-23
6
-61
44
9
44
46
9
-81
-44
26
-48
32
-29
47
10
40
66
2
-65
-9
-4
-24
6
-56
6
44
87
-75
62
66
-26
48
-27
-10
39
-116
-34
22
41
-20
51
-6
64
-9
-11
-59
75
2
-46
6
-11
-14
19
-39
-80
8
-16
-2
51
-30
-6
9
-79
37
109
12
90
24
-39
-3
-25
29
23
22
68
43
26
-17
49
62
21
-3
16
35
73
40
-81
42
74
-53
32
-54
-64
-127
28
70
-37
-65
0
32
-14
31
26
19
40
-38
25
26
-33
13
-3
-27
6
53
-6
-4
41
17
-49
73
22
-11
10
-18
32
6
-121
45
-26
-27
18
48
-27
-41
73
-70
64
17
61
42
44
-92
59
-68
-25
-41
-37
2
6
-30
-32
-36
-35
12
-19
-21
5
-42
-22
-72
84
-2
25
5
33
7
-65
16
-12
8
-29
57
-32
12
-10
3
71
-6
-46
10
37
-54
-24
49
40
-50
85
8
-47
72
0
-17
-55
18
15
6
-96
-41
20
13
-6
-70
1
61
104
8
10
-22
18
55
-13
15
-70
18
-19
-35
-43
-10
1
45
-37
55
-11
52
-47
-6
-2
-48
-30
20
-18
-31
9
29
35
-1
42
-19
70
-4
73
-14
-57
-19
-31
57
-66
-28
60
36
56
-8
-36
-30
23
-14
-86
-52
44
-22
21
-42
-58
53
-55
-57
-38
61
13
6
-50
-57
-127
-47
-25
24
-12
13
37
22
24
2
-40
2
-61
15
7
-66
-85
-34
-46
25
-45
25
97
-26
43
7
34
-112
33
-45
-70
-25
-62
33
-38
-1
55
45
20
-44
64
-32
-37
26
-36
-56
23
-8
87
-37
-45
45
48
55
-34
-53
19
35
-1
54
20
35
-18
-50
12
-30
-27
-41
-19
0
38
50
-46
-22
3
47
64
-64
53
-6
1
24
24
-63
34
86
19
8
12
6
59
10
-19
-24
-7
14
-14
-12
3
-4
59
-15
41
9
15
6
49
1
26
64
44
-51
-50
-38
4
-30
67
-72
0
-48
-26
-38
-23
-39
-18
-8
29
-13
-39
-23
-6
-46
20
-37
-29
29
-25
127
12
-102
4
-34
-8
21
-9
-11
-29
16
39
-31
33
-61
-43
-25
-3
19
0
-51
-12
-15
-20
50
47
-17
28
-43
2
46
33
-9
-20
-53
22
9
13
19
34
10
-43
86
-15
2
-63
-26
-12
10
-22
12
-9
-23
-67
39
2
-34
-52
-70
-14
22
22
-19
39
32
12
-5
-35
-35
-44
33
17
-1
33
41
-44
5
-30
2
-44
-26
32
4
-49
-8
-26
38
-40
-48
41
-42
78
6
-9
9
-77
20
-18
35
81
-28
-33
-9
31
53
-32
-17
6
0
-20
-35
-12
-72
-13
-23
-53
83
50
6
127
74
-88
9
100
3
-84
-79
79
-10
74
20
-25
11
-37
126
-79
5
34
38
35
71
35
38
-66
-91
-90
-82
18
-59
74
-6
10
-5
63
-7
-23
-43
-48
2
53
-11
-31
-120
29
10
-71
62
4
-15
7
-47
-6
103
-71
11
-27
27
11
-106
-34
-106
-99
38
11
65
-10
46
-19
10
-62
-10
54
-63
-63
9
9
-6
-60
59
-91
-45
-62
64
-14
80
-11
-25
12
-27
41
-53
3
-28
-98
31
-35
-53
-80
117
8
43
-55
-80
-82
-46
18
-14
21
-31
-2
6
-8
-5
-24
9
-25
21
-42
54
6
-54
13
53
-47
-4
-67
-121
-22
66
-7
13
-119
60
65
10
-29
-13
26
46
-36
-33
24
-49
44
97
-30
-25
-24
36
-14
106
-12
23
-58
8
66
6
9
18
10
-21
-9
-43
-66
-13
-26
-16
55
-16
71
16
73
-59
75
-16
-2
2
81
-65
3
83
-12
-19
-70
-27
-97
-13
64
52
-50
31
-23
-27
5
25
11
16
-31
30
-8
12
-7
46
-27
40
-2
14
-15
33
16
-86
-10
-61
-23
1
66
44
-55
65
127
-17
-36
51
14
36
-33
1
-12
57
13
-59
16
48
-16
-24
-17
60
62
40
-72
18
-45
-7
9
-5
9
59
43
6
-13
56
2
33
-7
-11
14
-9
25
3
4
-22
12
37
-27
21
92
14
-82
-3
-24
-20
-93
17
72
26
-28
66
-58
-27
30
-38
-27
-28
-49
34
57
37
-36
12
42
-71
1
98
-24
-40
33
52
43
-23
23
-39
21
-43
-55
-17
22
58
65
-54
26
-65
61
11
-16
-19
75
98
-35
-24
5
26
42
-31
39
-26
43
10
21
-15
-40
0
113
42
6
-3
6
76
10
5
-8
13
-6
-3
-3
-10
5
-38
88
4
19
15
-17
3
24
-55
24
3
28
-22
-11
-1
-15
-59
-47
-1
-6
-33
-19
42
12
-27
5
3
7
-4
29
-22
14
35
26
-33
31
-47
