-127
-21
50
-40
-55
4
-23
11
51
30
38
51
55
-55
4
-16
61
18
-60
7
102
-127
-54
61
-60
64
-13
-82
98
-42
44
-42
65
12
-127
-80
-88
44
50
-2
67
-5
-65
1
-12
9
-67
36
-37
63
-127
-43
-96
96
63
46
47
-73
-13
76
98
-20
-65
99
-10
-16
127
-11
47
14
-102
-44
-70
-12
85
-114
82
18
119
28
81
-97
-127
-50
-45
-8
-20
-45
-7
-22
-53
7
-28
-71
30
-55
-127
-30
14
27
9
-9
-2
-7
-30
5
21
12
-15
-27
11
-44
127
-14
64
16
5
-7
-42
-23
7
-4
8
-5
-25
42
-23
12
21
-4
93
127
14
37
-16
-21
9
27
50
11
52
-15
97
-12
4
55
124
-34
-71
13
62
-14
-3
32
-41
-37
-22
8
-127
71
127
24
73
44
-32
-28
7
-14
10
9
-8
15
5
7
6
29
39
19
-16
48
-20
93
-45
-71
22
-59
53
89
121
-33
127
-23
127
-14
2
-30
-65
34
40
-17
-25
10
-35
-2
39
18
-50
53
-75
-2
-35
-60
16
10
-8
7
2
-40
21
36
127
-88
71
-16
125
-17
-22
77
21
-34
-89
-41
-81
-28
47
-39
16
-45
127
-124
31
-18
127
30
59
-101
22
-45
-106
13
54
6
-68
-25
43
-4
