10
11
-39
-26
7
-14
-1
-3
-7
41
-78
12
10
27
-27
-41
1
-127
-61
-58
76
127
49
-60
-86
95
21
-28
49
-15
-127
-100
-77
-127
-28
13
82
-102
-42
19
-12
45
1
-15
-36
25
-17
2
-27
63
-27
-27
70
-43
4
44
-98
49
-34
-71
-88
27
60
62
78
-67
66
-127
-127
114
-115
51
-45
124
87
71
37
-23
-33
13
-127
-42
-98
23
39
-80
-15
-83
-59
89
32
28
-53
103
4
-121
-12
-28
58
9
-32
-85
-74
49
-127
-65
57
-127
-51
-89
-19
127
127
49
68
-5
5
34
-119
97
19
127
127
127
22
17
23
97
-54
-6
46
23
24
-104
-21
-50
-63
22
-9
43
55
48
-37
-60
-32
94
-65
-127
108
-10
38
-94
62
57
-45
79
-68
17
88
-21
87
-118
68
-22
89
45
61
45
-58
68
30
-6
-7
-3
-114
-73
-2
27
-127
11
85
-64
-47
69
63
127
-33
-68
37
-117
-127
63
-127
50
-27
-34
127
-42
68
-13
67
127
80
103
-127
12
60
104
81
-27
127
-95
-107
111
88
127
-127
33
46
83
68
-20
33
-127
-52
115
6
83
127
-12
-125
41
49
112
127
-127
49
-1
-110
-112
-120
-127
127
-40
49
-127
-127
87
22
75
94
64
6
-127
-113
124
-19
90
24
-116
-81
95
-127
35
-17
122
28
57
74
-69
63
29
44
16
86
126
71
14
-99
-127
23
85
9
-102
41
81
-63
-127
42
24
-19
-17
96
46
78
-35
18
11
42
-73
-44
-2
34
29
46
-45
59
42
58
-22
22
71
25
91
-6
39
-83
-28
-106
19
-19
94
-70
12
119
127
-111
52
127
-58
-96
75
64
-53
41
86
-63
-60
-22
3
62
17
-103
-127
123
72
127
6
-20
19
-82
94
10
-62
56
13
-8
14
74
-32
-88
-8
-65
76
-127
-64
77
-64
-120
57
91
89
114
110
-127
97
115
-25
37
84
127
-127
117
112
-71
-90
66
8
-28
-81
-102
-19
79
-29
-3
34
59
-97
-127
86
23
124
-104
-51
-63
37
103
-52
-97
79
-56
23
-27
-127
17
-58
-22
-34
23
127
41
-2
-63
-2
86
-5
14
85
-20
-41
116
43
