-3987
10248
18335
10226
-2465
-6288
16426
-3650
4563
7527
-5530
10346
11642
6497
-3139
24016
7226
-23050
-4850
-10544
2160
10000
17422
-3082
3976
-4192
3715
12191
-7254
-11416
1065
-9482
6990
-1331
16354
-1925
-18176
-10123
1926
9647
3178
-4932
-2143
6184
15601
10239
6403
28
-3534
-12854
3576
-687
3966
2899
7244
-389
9707
-2727
9254
-491
-13234
-4725
-10651
-9039
8290
1056
5017
-2197
-15654
-8476
7258
7203
6061
2916
-586
-1893
16160
6740
6717
2834
-8909
-8981
-4538
6942
-4825
1784
8500
85
10952
5053
-317
2906
-4766
-210
6723
-2821
7062
3103
13671
-6738
-20801
-7187
4770
-2473
14244
-2068
-10108
-5304
21111
10772
19778
6835
-9737
-21289
403
7425
-1733
5239
3481
-7246
5019
3893
6894
6428
-6501
-13919
2313
-1337
3240
-4560
10330
-5354
-29528
-4340
-1123
6894
-4984
-15691
-14526
8745
21872
12470
19782
4878
-314
-20127
3533
1087
7194
1837
3853
3132
-3066
-364
9380
4166
-13967
2512
-9020
-6894
-10222
3558
3038
7778
3868
-6065
6734
1212
660
16165
1905
-8013
9849
1650
-1235
17026
7692
-9239
-5248
-9693
839
4753
11867
-1342
7505
2698
4366
206
-4052
-1396
701
-5398
1256
4770
13669
-8841
-10753
-6199
-3180
7185
6762
-3124
2195
794
-1003
3079
2580
-6951
12821
-11909
7542
2990
-6130
6379
12700
3122
14369
-5039
2897
15651
5922
-1492
-17189
4515
-6210
4733
8434
2334
-8770
-4142
-5109
7814
6917
-4346
-2807
-946
-6029
2372
-2733
-1001
-854
-16759
8607
4808
1544
-4630
10504
-950
-4556
-6876
-2816
8712
9908
-6140
-7790
-3587
-12406
5801
13985
544
-3317
-10318
-8600
6509
8915
14255
3373
1321
-7219
11245
86
10679
-1948
-22536
-8150
-8321
75
3905
17501
13359
20121
-14098
3108
3394
507
1614
-11144
-3695
-10138
3834
6284
8871
-14128
-7000
-14227
-2292
11598
-4998
-36
-5379
4348
8135
10439
10859
-4637
-23892
-3857
-1537
13497
11630
551
8955
11663
-12239
-7260
3844
2590
-11124
-6258
-4576
-7902
3197
1334
9187
-2265
-11836
5625
-1184
-4344
8208
5606
-3336
9056
-6601
4027
11435
2564
-23152
3735
-8797
-2049
1915
4908
5746
6764
1081
1190
6623
-8821
-3680
14883
-1906
966
6453
-5579
5829
-341
-5445
4032
391
190
3692
-5638
3001
-708
-6371
-8073
6517
2978
-19037
260
-1756
-454
6012
13053
553
-3302
-5740
103
-3329
-3454
-3495
-1473
5449
-12036
8865
4497
-2339
1310
141
6351
-14765
5714
-3804
-1282
-4301
-5311
348
-1339
-9445
619
-10084
1019
-6768
10586
1905
-2035
-624
5344
-6503
-7281
21740
6509
-6570
3892
-4466
-10743
-305
-1226
-4785
-782
-11094
-253
-7893
-1189
6086
-5391
-11992
14006
9565
9845
1527
7453
-10917
-2188
-10796
2086
-8291
3186
17248
-5920
7915
2717
-1232
-7100
1606
1295
-1530
-10697
-9422
12480
4263
-9651
-917
-4466
3931
3471
193
2631
-4483
10639
5168
2494
19060
3602
-13220
3188
-3151
4699
-274
8863
4283
3096
-11774
-5228
-2185
-6817
-11547
1073
2493
-19784
-734
-6324
18645
2480
-10623
4067
-2539
-7071
11247
12776
870
2022
5693
2890
15200
5537
-16519
-10235
-9792
3271
14656
4410
16700
20947
-12499
-6893
4152
-7221
1748
363
335
-19865
6180
-4408
23713
-7787
-2932
-13635
3657
-6646
2029
9278
2287
-6772
4369
-2547
22797
5332
-29665
-14534
-7122
21132
23547
1710
27294
28451
-26931
-11063
1217
-17320
5928
-8154
5194
-19349
1835
-2727
6395
-20059
-8062
4583
-7856
1468
-8910
10042
5648
-2876
-2785
13057
5855
-3861
-27393
10617
-8039
7981
12371
2288
3406
1027
-12303
4034
3423
1976
-18702
12112
1268
