-11512
-25601
-7318
32767
36
-5050
-1040
-17312
6373
10094
-14819
24482
12166
1734
-14173
-4188
18668
20428
-3890
-8391
-4948
3484
6258
-2818
10569
2740
13165
-11017
-12689
141
-12763
-15721
6292
3850
5574
-14142
-12430
17070
856
-5111
3433
7278
-12433
4196
-18803
6447
11637
12646
19805
-3717
-3766
14205
-8910
-11972
12590
5500
-3302
-2646
-18745
10169
-15628
9445
11782
7578
7860
-13173
11847
-2999
-6231
-8103
-8678
28334
-15229
22669
4075
-5433
-14904
17266
-16376
217
14169
-7332
16488
-4235
23366
546
-2547
-21134
-10259
-15629
-14343
-2377
2659
4216
14892
2078
-1659
-12592
-9637
7757
1863
15880
-1524
7460
15618
-4625
8238
-2533
-946
-1948
9876
-5089
-15472
-2654
10044
4823
14324
-1351
8921
1076
14683
3056
-651
2484
10933
10756
-5123
6860
9431
-4090
-19990
10726
-14927
3780
-22747
277
3947
-31372
-6338
2761
9915
-31754
3063
22375
-345
-6103
-13323
-3997
-4465
-20452
27573
7957
-9457
-8725
-310
-3471
13799
11993
-11402
9193
