889
793
1056
567
745
757
1086
551
390
1497
594
649
1260
573
680
373
712
985
617
633
731
633
1173
1164
499
526
583
1159
694
504
702
721
684
1733
401
683
900
416
620
576
443
607
1230
775
668
678
392
708
882
686
728
920
459
519
1327
1069
645
588
716
1215
672
709
950
442
627
674
462
466
330
466
492
566
553
689
990
455
460
984
873
554
358
822
691
801
804
514
1245
595
860
1023
1606
1203
752
676
350
730
683
547
842
399
572
514
405
813
510
938
582
472
727
760
2057
1220
720
546
1025
1266
794
849
677
350
812
479
436
668
504
432
772
516
484
755
576
596
588
816
413
569
524
691
1265
630
675
722
874
559
1159
1084
963
882
795
790
1015
741
835
885
706
746
435
487
936
815
488
656
601
1048
344
791
1077
483
1061
539
746
959
495
813
542
1170
725
580
497
1283
812
530
546
867
464
522
770
690
757
575
557
569
