150
107
128
91
67
74
96
81
121
116
91
120
81
79
112
120
136
96
133
64
98
64
81
111
94
75
135
85
77
95
93
92
63
132
67
116
175
96
86
80
89
90
90
87
93
107
113
131
103
89
145
89
92
91
63
81
92
63
85
86
80
89
118
111
117
75
98
72
75
66
91
110
85
89
52
80
76
101
80
64
103
104
123
113
98
74
62
107
73
76
157
79
94
107
95
104
100
112
104
96
107
120
123
69
71
127
114
88
91
79
109
80
107
100
75
102
75
133
108
105
103
96
72
105
96
78
74
120
92
74
74
115
76
105
75
104
88
99
123
88
75
120
63
118
89
87
102
101
80
74
95
90
111
97
59
79
90
93
116
121
93
84
93
88
94
99
110
91
130
97
75
83
110
126
88
75
105
95
43
79
103
74
114
100
111
100
79
85
96
172
73
123
118
121
81
100
71
126
104
111
67
67
68
67
102
128
90
108
111
71
122
99
90
114
100
103
70
96
72
97
119
77
59
65
115
95
78
114
84
95
94
77
140
102
98
84
77
84
77
91
63
108
110
101
98
119
141
44
113
79
129
56
99
57
89
98
99
89
128
128
100
118
96
97
86
97
68
87
89
96
79
117
99
72
140
82
99
88
121
46
57
95
128
86
113
72
64
104
94
98
71
81
84
104
97
115
100
108
84
71
103
60
73
65
88
107
72
122
108
94
93
85
93
105
130
80
128
91
97
97
109
90
127
75
98
145
81
123
67
123
99
99
107
83
70
100
87
92
66
88
77
102
102
96
74
73
101
89
148
91
70
78
98
76
54
98
89
70
70
109
91
101
89
84
83
98
79
111
98
112
84
101
82
75
100
73
109
58
87
84
79
102
126
61
83
69
59
83
130
85
69
89
120
110
123
91
72
84
73
106
97
93
102
95
81
121
79
90
83
83
88
101
54
110
112
94
118
88
113
123
103
114
114
92
171
74
91
106
80
115
81
81
95
97
95
91
90
99
93
71
87
81
58
82
89
105
101
84
93
78
72
87
87
90
71
120
66
88
103
70
97
83
108
83
92
84
95
123
164
111
57
74
91
69
100
83
65
81
87
70
