15
23
-36
-49
45
61
-3
-1
-64
-12
-26
25
24
18
17
127
-69
-31
13
-18
-123
-44
-7
-5
-40
19
-6
48
-45
79
-53
69
-51
-100
-43
70
-114
-31
-18
-10
29
22
-80
-82
-10
33
-38
19
77
53
-13
-45
57
66
-10
-46
-114
18
60
106
-28
127
100
61
-61
23
127
-127
14
-127
127
127
-42
107
15
38
-127
50
7
22
-127
-25
-11
8
-54
10
-12
-41
24
120
-127
-82
-20
10
-127
5
15
42
-20
42
-127
7
-8
-49
32
-2
52
127
-6
72
-1
-47
25
127
33
-36
-93
60
-4
9
127
-3
56
31
49
24
57
29
17
81
5
-18
26
14
17
-21
-19
-127
14
25
46
-11
5
-57
