-13037
2923
-3924
-11284
17352
-9627
14483
-10193
3109
-2381
494
3903
-1499
17650
5297
-3734
11590
-863
19053
3020
12540
3154
3768
-1117
3001
8943
-8553
14492
2455
6156
-6432
28732
-22457
5626
-3219
-12404
23716
23393
862
4250
-26323
-801
-2467
-11002
-11490
-15198
13350
-6327
-5030
-3295
11261
1907
9500
-5074
18606
1694
847
2828
-2511
-2671
-4053
-6583
-8814
-1299
7789
-3100
1532
-711
7351
12817
864
-5680
16351
4116
15582
-1045
-5911
190
-1768
2140
5262
2767
7685
-6516
-5661
7662
-1972
-15148
-7060
-7167
389
-3938
15221
2785
14789
-6487
-71
-1153
7453
-8199
12246
-1807
8583
8804
7655
10530
-1015
-4565
-1445
-3535
18684
1177
4691
-3420
7430
-1069
2560
16474
-2527
-2971
11050
3723
6339
-7436
-1334
1139
-443
8146
8909
3746
-5404
-3308
2300
14668
-1093
-9420
-4563
-13108
-1934
-9858
18656
2790
6503
5313
-3821
-9084
-2740
-7277
15786
5274
7746
2631
-3570
4986
-1365
-3594
-990
-1624
10697
8961
1778
541
6405
-4209
-955
2289
-8802
6626
3236
-373
-1727
-8179
3096
8403
-5745
4155
-1830
8935
2487
-8221
6582
4133
-3926
-63
-1217
-1275
-1740
-9409
11934
8444
7727
-1345
-4756
11984
9018
-9273
13444
-7477
8741
7825
7820
2059
-9836
-9105
733
9996
666
-5564
8490
5312
-1140
13727
18263
17396
-1435
-10028
11213
-682
14621
985
-12677
4945
-10932
12260
5519
-3900
-9811
1706
-4381
19419
-6690
-18059
-8214
-11673
3386
2027
-7494
-5983
14849
-8973
-9512
-5410
10063
-5838
10605
-12264
14501
-6995
-7905
957
15338
16392
-4156
7039
-5387
1909
4057
-7769
21668
1882
1168
11367
-2558
-4411
7844
12474
5374
-650
1439
9968
-985
12770
-8161
-6203
12642
-22256
4827
13774
-20267
-6462
-18387
-6349
-10518
-4632
23733
-7261
-277
-3984
-3420
-4870
15134
1746
17453
60
-968
4316
-8473
20988
11274
-2283
-17906
-13852
3004
9042
-6992
-691
3872
-2818
8556
12075
3795
8142
10383
5626
-1061
-212
11834
9491
-460
-11994
2352
-7152
17946
3730
3626
17879
-7337
-5765
-16549
-7620
-10938
-12702
33950
1790
3504
-2273
-2452
-3621
6725
-5589
9699
9036
-5405
1000
-3060
11245
-7371
-5432
-432
-900
17431
1261
-6813
14035
5269
3250
6535
13419
206
3188
10296
5907
1839
2593
-3973
10830
-3195
574
-5200
2714
-2571
-10019
-756
6269
-2026
-6630
-6388
-2722
-3163
-4650
22222
-3283
-4634
4769
2665
2733
4679
7436
3108
1192
-2948
19096
3122
7950
-1504
-784
-5030
8617
-4710
-8159
-7016
-6519
128
-28
-3841
-2421
-857
7010
-7473
6685
6379
-9814
-451
9766
-5353
-2527
1549
-5436
-1890
-13477
3361
5278
-4240
-5232
-3229
1274
-2979
-3613
12577
6476
-3657
-2683
-4361
8509
10160
-1781
16730
-3178
12782
13649
4116
8981
-1178
-1584
-932
11034
-2085
6315
12542
-5891
7694
3711
14653
9078
-1568
-7109
-4063
4415
4871
-940
-6853
9837
-16016
10486
595
-5359
1510
-8004
-5263
12647
-6748
-6881
-14391
-5496
917
2694
-3222
3084
5533
-10861
-5723
895
735
-10718
17077
-995
-5
-4988
-563
11925
2051
-1961
4662
2636
8082
16591
13821
-4936
7713
11374
5236
12685
-9344
6899
-1147
13691
8013
4070
-5028
11020
-3794
8977
-8957
5573
-10991
-14643
9964
14428
-6590
-4077
6588
-6995
-7812
-15850
17189
-372
7912
-6380
-8328
-4343
14145
-5071
10800
4234
3295
-175
346
8825
8493
-3221
-152
-115
8710
3823
3347
2019
7804
5852
-4026
12727
-4717
8333
7149
2280
2080
1635
-1936
5011
480
198
-2185
8470
-2951
-10865
5864
1150
-3436
-1722
8298
-4178
-4493
-14533
14213
-408
963
122
-10044
-10146
7083
-20858
11325
4453
14155
8883
-12807
5506
10618
4757
12394
1932
3012
3094
325
29174
14255
15612
3875
7828
1904
-5279
19226
-3421
7631
12780
3952
9074
-11576
1920
-4397
-166
-6331
936
-15529
1580
12463
-1278
-4243
9641
7204
7943
11221
13582
-6127
5144
4201
-5234
18951
10591
1819
-15768
-1271
11559
-5627
12648
977
9535
2436
10463
-22339
1646
-74
6788
2443
9573
-2498
21887
17746
-5542
12121
8960
14278
-6943
-7719
-3764
-3700
2216
618
-1860
4452
-2012
-15931
4134
-13341
-18754
-18951
-8395
-7964
14232
28717
3234
1884
-7708
6837
13066
9486
-6674
20175
-18669
1654
11678
1012
3749
13454
8467
16668
20730
-16770
-2282
9498
-18751
19452
10734
13998
4848
-345
-16015
-27010
-3353
5526
5945
-3303
9249
-13888
19911
-1061
-14557
-20169
2373
-20713
9210
2378
4507
-7329
1230
-3575
7824
-8990
-2247
-9966
-14732
-13360
14052
-1622
-2654
11960
4201
-13027
4737
10071
8684
584
-4397
-1331
6105
23205
11173
18454
-7438
-153
4058
-3196
-4310
-7993
12900
-6974
25410
16497
8599
-14347
14069
-10861
1753
5174
-2402
-10833
-23923
8879
-5626
-2189
18840
17201
-645
-2178
-11731
25341
5066
7669
2707
-9532
16058
2640
-8158
24130
-9041
6731
7777
3531
7762
4847
496
-48
3356
10142
17345
21681
-16558
15330
9864
18985
10661
-11291
-193
908
6220
14777
22362
-9792
9522
-13155
16025
10323
-15937
-6054
-3592
-4983
11819
7414
5370
2051
-9640
2406
-10243
6696
8735
11440
-4129
5357
5725
25544
21703
6005
-10319
16230
-652
-7432
3804
9040
-17924
8883
5641
-3584
1984
510
1815
-2586
5280
1482
2161
-11248
96
3295
1357
11005
6532
-290
-11885
-8497
-1249
12908
-1969
5854
3899
-8412
2565
-4721
-4554
-4127
-9142
-5113
-13321
20408
1699
33212
2734
