24
-64
-18
-26
74
21
-16
80
100
-2
-56
127
-58
-37
-45
-8
55
-79
0
48
-49
29
50
-76
38
-6
17
24
117
55
-90
16
0
14
-35
35
-27
-11
12
2
-20
17
13
82
-44
65
-27
-3
-90
15
-12
-68
-19
-58
84
-72
9
-14
89
9
43
-69
-88
-110
42
24
42
-53
9
122
-60
-52
-66
15
-47
-50
-45
-56
45
-65
57
94
100
127
18
72
35
-27
-79
61
-64
46
-18
-77
42
-45
-55
-40
-54
-22
-49
25
-14
-69
-26
-33
23
14
52
-56
-12
83
-90
-33
68
10
-90
-6
-40
-32
-40
53
5
30
-33
9
-57
-17
-10
-20
-48
19
-12
49
17
-39
28
-39
-127
64
-25
-81
75
11
10
-25
-11
-15
-47
51
114
13
-1
20
-17
-4
-77
95
20
-97
-26
30
67
70
35
5
-43
-54
65
0
-29
-6
-35
77
16
119
-57
-86
11
127
125
-74
119
6
-101
-51
-46
-14
-63
-27
-28
-47
127
44
-10
86
8
25
28
-16
-22
44
-64
-21
66
19
87
68
55
15
37
6
39
3
67
46
22
-15
28
41
-12
48
16
40
-48
-47
9
-37
54
24
16
103
-2
17
5
29
-90
-76
5
27
-72
32
81
22
39
-5
2
-3
-16
-37
115
-39
-104
4
-28
96
26
-47
95
-81
7
-98
10
-14
-97
-31
-13
-3
-37
11
69
36
-127
88
109
54
-95
48
-52
78
9
55
46
-51
28
-50
1
-17
-83
-18
127
-24
7
-21
-91
119
-31
-12
-18
-15
48
-90
-99
1
-82
-30
-91
40
6
0
36
-65
83
-81
-21
31
-14
39
76
72
84
-12
-25
-25
-77
23
39
32
21
-90
39
-46
-51
41
-25
-20
-85
69
44
3
22
-65
-45
-19
61
-13
-55
-59
34
-86
54
-73
-110
103
-30
-56
-8
2
-62
58
-68
-73
71
116
-15
-65
41
-89
-31
28
52
127
-37
12
-25
-50
-106
-62
-49
-32
-3
-75
-17
-87
87
32
36
34
-69
-50
-70
39
-25
24
20
-15
-2
-70
-67
77
100
100
3
-30
18
10
39
111
-15
25
98
49
-44
-25
-17
35
124
-52
8
-14
43
95
75
81
37
-66
35
-25
102
51
-127
37
-52
-22
-71
52
-26
1
-47
-60
7
56
-30
39
-34
-71
-25
-41
66
28
80
-67
56
-54
127
-44
36
-51
-101
-77
3
-36
-23
-27
-13
-29
2
59
-26
13
77
68
-4
4
25
44
-49
-19
51
19
-27
30
-21
17
-63
-14
-3
-22
-2
-26
-28
-50
-27
-37
7
47
-28
1
-9
5
-19
26
-16
23
-35
48
26
2
13
-7
-43
-25
16
-17
-38
-61
2
-62
19
-27
127
5
-43
-39
12
13
-40
-60
40
-6
-20
-9
-5
60
4
-37
-92
-44
-40
-54
15
57
24
8
25
23
85
119
26
-61
25
-63
86
92
-67
68
-39
92
-32
30
-2
-48
50
29
115
11
127
31
-30
-45
-16
-94
-10
65
-59
-73
48
99
-86
-52
125
61
-68
-9
-33
10
-33
-31
-41
75
89
19
12
-90
127
-86
-95
58
-121
36
-24
-33
96
50
-63
46
53
-64
-97
103
-39
17
30
74
78
-12
-91
25
58
-2
27
-125
-6
9
126
-57
38
74
4
3
-36
-36
43
-36
66
-10
77
5
-59
-87
66
7
-76
75
-7
-47
15
-127
4
49
-3
48
-50
-45
-41
58
-75
8
-3
9
-36
12
43
-25
42
37
-34
35
108
-34
61
41
23
-10
-28
-37
78
49
-7
33
32
108
-18
33
-52
-8
-10
-115
-30
25
37
-6
69
-89
72
14
99
60
-58
115
-20
-68
-21
3
35
22
-49
50
26
-53
-127
62
71
-53
112
7
120
3
-4
-4
-118
-50
28
-15
8
48
-16
15
63
54
86
23
23
-42
-21
24
-19
45
109
92
12
95
48
-127
3
31
-109
112
44
1
35
10
-34
25
110
19
73
-5
45
-19
7
14
-30
49
94
70
64
-72
