-29
127
-20
69
-76
85
-67
-86
-104
-27
-6
-32
50
112
107
-40
43
78
41
15
7
-23
-58
-47
51
90
-26
-12
-20
-2
127
-5
-40
-127
80
126
-26
111
9
84
-51
-55
-23
38
34
29
19
71
-46
-17
22
-41
56
93
-41
1
-62
-23
29
38
-42
-43
-127
50
95
-127
77
28
117
-23
-71
-99
10
93
-88
-127
28
-59
7
104
42
-19
-121
-10
127
-28
-10
-79
26
-61
-44
-3
69
110
73
119
9
41
-60
-21
-57
-34
-3
127
84
12
-4
-65
-38
44
-29
-70
-58
-15
127
-9
-57
28
54
-107
-99
-69
11
45
105
52
24
33
-6
87
-33
43
-11
-28
-3
-71
-37
77
-7
88
-1
127
115
-22
18
-127
-18
4
21
-40
-10
-14
-31
32
-103
-76
40
14
29
72
-127
27
28
19
50
60
39
82
24
-28
106
37
-3
57
54
-48
-48
23
-5
-13
-19
78
-17
-52
127
65
114
-23
-76
104
88
49
127
-101
-92
-1
34
-76
80
-81
49
-98
-27
-71
27
57
-90
73
-127
-90
-21
-4
75
-82
45
34
-74
47
-26
20
117
18
71
67
-68
-127
75
-99
-40
19
-62
68
25
60
-41
55
-43
109
-94
70
-63
27
-2
27
110
39
19
-94
-3
-97
53
127
42
-27
-65
-5
-40
-61
97
-14
79
48
-22
84
43
33
-32
101
-17
-90
-127
-12
-8
7
-127
35
-29
99
56
67
-21
-30
-5
-65
50
37
-34
64
-44
-78
-46
-122
-127
9
91
20
-1
22
67
-81
-23
64
10
-15
-89
18
58
45
40
53
46
-8
-127
20
-37
3
-55
61
-91
-14
-73
72
-45
127
7
32
-1
3
106
-7
0
-104
-6
75
65
64
-45
-42
-46
2
-4
-48
11
-127
-43
12
28
9
13
70
-33
-13
-26
54
-76
-63
-103
99
83
-19
-71
-50
-66
21
127
59
-102
-126
-60
-19
72
59
-34
61
18
-48
5
-127
53
-19
-10
-10
66
-6
-19
46
19
27
-21
111
-127
-96
1
13
-10
-78
105
-115
7
11
-26
61
22
-31
-10
3
10
-70
78
-52
-2
30
127
-97
52
-15
-127
-24
-29
-47
61
75
-94
63
10
-39
43
59
-44
-39
-112
-22
71
55
-89
-32
114
-95
55
53
-81
26
25
-63
50
127
108
87
50
-126
-37
16
54
-68
127
33
-3
-48
-50
38
-31
-24
81
-11
123
50
39
-2
90
-49
15
-95
-27
-17
108
-127
111
-86
-14
-11
127
-41
55
-115
1
-60
55
-47
103
36
111
24
-19
-9
7
-55
18
28
-125
127
-38
13
63
-20
13
-85
72
64
62
78
-20
39
-4
-7
-58
6
-31
-93
127
23
-9
-59
105
-45
73
18
-4
49
-61
127
-52
24
-67
27
-3
-52
-4
-34
69
53
-75
57
-34
29
71
29
41
-90
-14
127
-18
85
22
-29
13
106
-73
26
-21
71
79
-70
113
-54
-59
-21
-41
68
17
103
-105
2
127
81
-28
8
12
-23
-97
-47
22
24
-15
22
63
-39
127
52
2
50
-12
-13
-62
-93
79
120
-76
-14
-39
-84
-86
127
-33
-56
54
57
120
24
-21
-20
52
-60
-40
-22
14
-127
30
84
43
43
-11
70
71
44
-40
92
55
50
-48
-112
41
3
-27
81
-4
-39
-59
127
113
-11
-61
-38
-23
-106
-37
16
-27
55
97
43
54
-78
16
-127
28
14
7
-70
-47
88
15
112
-58
-45
-35
-32
-6
-96
-17
-127
-26
-38
-113
127
40
-92
25
-10
68
5
39
-119
73
110
-20
15
17
-14
23
-50
57
-12
75
-61
-41
-62
4
-58
3
-127
-62
60
32
-60
122
44
58
-21
39
127
-30
47
19
65
11
-41
-72
-92
-59
-63
40
-20
-25
8
51
0
53
-86
40
65
-39
-41
81
98
127
-15
16
-56
64
20
-83
-54
48
-127
22
-91
-24
-59
-58
8
1
-10
-52
40
121
-17
-40
55
74
119
71
-87
-90
-25
41
-23
-121
-127
-81
-127
-44
-62
13
-78
-55
20
-84
59
-19
-4
-73
-4
-39
17
42
17
-71
61
46
15
-58
-23
127
30
-14
-26
20
-6
-20
16
63
19
24
-127
113
95
19
-38
-22
38
40
-51
62
67
-108
28
-83
-1
-13
-51
22
21
-20
-27
62
47
-53
-11
-20
-6
-127
19
53
-35
-17
55
-26
-72
-107
-111
56
-77
-34
-40
4
44
127
2
-18
-43
21
-6
-86
72
-25
-17
29
-10
-38
50
-8
29
-127
79
32
-92
-127
30
-52
-11
-77
-14
-17
-16
65
-96
-19
26
-69
84
-25
46
4
-39
-21
-37
28
48
-69
-68
70
127
9
83
-32
-28
11
-14
-48
93
36
-127
-24
-124
-3
-82
-54
-97
-105
72
47
-45
56
36
55
120
-22
-52
20
32
3
0
10
30
127
69
83
-69
-48
18
4
-54
14
61
70
-7
-50
26
59
-101
102
1
127
73
-48
15
46
-43
-56
-8
50
-115
-13
-44
-127
-35
-21
-6
-51
-8
9
-93
38
-3
97
8
-73
-12
25
-14
2
30
29
-127
-54
15
62
5
-10
-62
-127
-81
70
32
21
73
0
24
28
-17
-3
-39
-4
-56
19
-22
2
12
82
-65
61
-4
-19
-127
1
27
-65
-31
-6
-17
39
-127
-68
-63
-53
-12
53
-3
24
21
3
21
-11
-29
91
21
38
-97
-56
-56
19
127
-18
9
-32
-6
54
63
-49
51
73
27
-30
-67
113
-54
-47
64
-127
-33
-111
-80
82
14
100
113
-47
-21
70
-59
63
13
80
47
-127
60
34
34
77
3
32
-63
24
26
47
127
38
-14
6
7
9
21
-43
-26
14
-2
-33
28
11
78
-61
85
43
48
69
-63
127
48
41
79
50
-9
-50
-35
83
32
-13
-19
114
-127
77
67
-7
-31
-69
-52
26
-77
-44
-48
-116
80
-126
59
-76
41
-119
-4
84
126
91
-127
-31
71
-51
96
-100
-74
-127
65
-69
-32
113
65
81
4
74
22
-57
94
43
-24
87
28
74
-37
33
127
-41
31
-61
-20
19
11
-28
-24
-29
-58
-37
23
-127
40
103
18
42
27
-35
-61
26
51
110
17
-76
6
23
42
0
28
-79
36
1
64
127
8
-19
-59
-91
41
21
2
-9
-26
59
32
21
69
2
-91
20
-127
44
-32
15
-2
-57
-33
-34
7
-61
-39
21
-102
-41
28
37
6
104
127
56
-21
112
-30
31
-50
24
-57
34
49
-34
-83
58
-16
-77
-88
127
-34
-68
-85
24
127
72
75
47
66
37
-32
30
42
-99
75
-83
64
91
-14
3
42
-79
22
-127
44
-27
46
92
52
5
-17
68
-61
12
50
-6
-47
54
-127
-121
44
77
-1
-40
-17
38
20
-105
41
48
48
45
-78
1
15
23
109
-127
6
101
-98
-1
32
79
33
13
-30
109
64
-35
-95
-31
-56
-60
19
-127
-26
-112
14
-18
-103
74
14
-52
60
7
-89
-5
0
4
1
29
-19
127
-39
77
5
-11
-12
29
127
82
-17
-46
-38
-57
12
5
-85
4
-13
-67
-108
112
-23
-7
30
-16
31
-36
-54
-25
-4
4
-15
-18
-127
-20
-49
-2
-32
-25
4
27
-44
-66
90
51
-3
62
-31
-127
-97
118
43
-19
-85
-26
-73
57
12
58
-76
-59
-56
-52
-9
-43
127
84
-11
5
4
12
-13
-21
-64
-127
40
-38
-31
52
53
-63
-9
46
32
14
34
15
-5
126
14
70
-107
-24
-41
-23
-127
-123
-24
-71
83
-29
18
-25
14
121
43
31
-60
127
-95
7
-45
3
23
48
-60
33
49
-31
-90
29
29
22
20
117
-39
-96
19
50
-127
32
-38
-4
-34
34
-68
-36
70
86
-47
110
127
94
-62
-1
27
-12
-58
22
-5
-65
49
-127
-42
-91
-59
-36
-78
86
-127
-104
49
-27
23
-81
97
-21
-51
75
-28
96
-95
41
-75
113
-48
127
-65
-84
-4
-98
-83
8
-4
-39
-22
-36
-106
51
-21
16
70
61
6
-68
127
65
-20
