-6
0
-3
-5
-20
-1
-4
3
24
2
-10
-10
8
0
7
-3
3
-1
-4
2
-18
-9
-3
0
6
15
-9
-10
-4
-8
8
-1
3
5
2
4
-10
4
-11
6
4
8
0
-5
-1
-7
3
14
-4
2
-8
3
-17
-7
2
6
13
14
-6
-11
-1
-1
14
-2
-2
1
-3
2
-6
5
-4
7
-3
16
-9
-9
-4
-29
-1
-13
5
-4
-4
8
-15
6
-4
11
16
-2
-8
-2
-6
7
8
1
4
0
-4
9
-18
-11
-1
10
0
6
-1
-17
-11
1
5
11
-10
5
-6
-7
-20
-4
-2
4
12
2
-2
-8
1
-4
3
-2
3
8
-3
4
-18
-7
-2
2
4
9
-1
-5
1
1
5
10
8
3
3
-10
-14
7
-4
-5
13
7
-11
7
2
-10
12
10
-4
4
-6
-2
-18
10
-4
12
3
11
-6
-2
-1
-12
4
-1
-2
0
-5
6
-23
-6
-6
11
4
11
-5
-11
-13
-3
3
4
4
2
0
-4
-10
8
-4
3
9
10
-3
1
5
-12
9
14
-6
0
-7
1
-13
-2
1
8
12
2
11
-12
-5
9
8
15
-2
4
-4
1
-17
1
3
13
-3
14
-7
-6
-4
-11
5
-4
1
9
-5
0
-13
9
-6
13
2
10
-9
2
3
-13
9
4
-1
-2
-11
-2
-20
-1
0
6
19
-1
-10
-2
1
0
11
-6
6
1
3
-7
-13
4
-1
2
1
0
-5
-5
4
1
6
7
3
-1
-4
5
-19
-8
3
10
5
10
-10
-19
-5
-11
10
-7
22
5
27
8
7
14
-19
-9
24
-1
-1
6
7
-14
19
26
0
3
-5
1
-14
3
-5
12
7
-1
-10
-5
1
-4
9
-3
10
5
-2
-3
-12
9
-7
6
-2
6
-11
4
2
-9
8
4
0
0
-3
-7
-20
-1
0
3
14
8
-5
-5
-2
-12
5
-2
-1
-4
-10
3
-19
-5
2
11
0
10
-11
-15
-10
-10
4
-6
11
4
9
12
-8
17
-12
6
15
-3
-11
-2
2
-8
10
4
15
1
12
11
-2
7
-19
3
5
-2
2
6
-2
2
11
21
1
-3
-2
3
-19
-4
0
16
-6
5
-2
-17
-7
-9
2
1
-2
-1
-4
-2
-17
0
-1
15
-3
7
-5
-12
-10
-11
1
-6
-3
-1
-2
12
-25
-9
2
8
22
4
-8
-18
-12
-3
15
0
-4
0
-6
3
-12
15
-3
9
10
3
-14
-2
8
-5
9
-14
3
-2
1
-7
-22
-1
-1
10
-4
8
3
-8
-5
-2
-3
4
-1
-3
0
-14
-15
-5
1
6
7
3
-1
-3
2
-5
3
0
4
4
-5
-5
-17
-2
-2
7
0
7
-13
-7
-1
-6
2
-2
4
0
1
-8
-11
-2
-2
2
13
13
-15
-7
-1
-17
11
-7
10
-1
5
6
-9
8
-10
7
12
-1
-1
1
-7
5
11
19
9
-6
-3
-7
-14
1
2
11
6
3
-4
-10
1
2
9
2
1
-12
-7
-11
-10
-1
5
3
3
-4
0
-10
5
9
-3
8
3
-6
-15
9
-14
-17
8
10
-2
2
-12
-17
-6
7
-4
-13
25
4
25
7
6
12
-19
-7
26
-4
-4
8
5
-14
20
20
