-14473
3889
-869
12375
2680
7016
4295
22333
-4610
1462
1232
-3249
3350
-8972
57
4388
-6425
7019
-6883
2176
834
-2023
-5514
-8901
-15623
-2889
8190
6344
-4274
-8428
2543
-2782
-15437
-6194
-1288
4351
4541
-4455
3722
23247
-7744
-4468
10328
-4217
1921
-9517
3472
4603
-14267
-9046
-2216
4542
5147
4412
11471
8626
-7092
545
8673
4774
-5629
-6876
-5206
10624
-11309
-6016
4495
1698
3317
-2369
-5204
8935
-13935
-6446
-3067
3860
-6582
-2122
8102
-111
-11917
-4761
-5319
1768
1424
11462
-1961
4155
-2307
5112
6964
-334
-4834
-10280
-9495
-2744
-7846
3160
18116
5839
1875
6676
-1511
9857
-18703
-4584
-7122
984
6627
2613
-1024
4895
-10786
-1749
-9635
-419
-6844
1246
-2844
2118
-24053
-3139
1735
10646
-6339
-7253
-10225
-6048
-4743
597
9854
8143
5859
9305
581
5405
-22304
-8710
-9290
3380
4446
407
-5331
2966
-13033
-4925
-5814
-1186
-530
-2493
5237
2980
-16865
-3847
2017
6088
-1450
-7051
-221
-7386
-8623
-148
-5479
6126
4177
1114
-3506
9414
-4359
-5882
2595
-3858
3834
-4005
-3160
2925
2968
6933
-6475
3393
2824
4904
-2728
-5835
3068
-242
2907
-60
-2981
1670
2487
2246
-11324
81
325
-5901
95
4716
-2946
9109
-20218
-7284
15776
1115
-4177
-1044
69
2406
-2836
2726
-1207
-2410
10858
3622
11113
2391
2678
-772
-4993
218
-6460
3028
-5813
4769
-4726
-3116
-4974
740
-120
-4323
-7110
14468
-9693
-9088
-11530
-5686
-378
6023
-14051
-4337
-10723
-1038
-7841
4198
912
9574
6531
9295
-4151
-1850
-1594
-5950
-6372
5231
-2616
-2823
-2080
2817
-10439
1524
6468
-4203
-4793
4930
-9412
-4076
-14621
-3731
703
-8274
-15557
1643
4138
-2837
-8266
5039
-8972
11766
1401
2026
-2527
-5577
6815
147
-3197
5678
-20464
-8535
-16842
11255
-1716
9754
5653
10200
-6549
15966
-31572
-15690
-12760
9618
-14464
-11606
-9458
-7533
-27293
-12201
9713
-4058
5436
19508
13913
2765
-8391
-9450
14753
18444
-7704
-8869
-17723
-69
-18560
3106
-10616
7765
2206
1965
-6680
18674
-16227
-216
2008
7527
6232
-6256
-8325
390
1808
11998
-8327
3420
799
116
1254
-940
640
-530
2545
-5767
-9281
1213
1364
-775
-10771
300
-12817
-2988
9962
1750
-5702
11687
-20062
-10427
-979
-2784
212
-6470
-10113
5346
5799
-9042
-3943
5423
9160
-3784
10279
1720
10953
-1426
-4013
-3658
-3498
10906
-9111
287
-11273
2223
3266
7359
-2904
6747
-5382
8368
-10834
-8364
-5608
-11073
24749
-6510
-6398
-96
-9996
-1111
3569
-13681
-7286
3290
8190
3905
-19765
-8816
4851
1004
-3135
-2858
8379
-8510
-5461
8902
-5080
198
2375
9191
-6288
-1996
-345
-9977
-18916
-317
18077
-13116
3101
2574
1073
-2018
9836
-12520
-490
-11355
6197
6845
-16266
2292
13364
2457
-3678
3940
-8736
-11137
-5487
2692
-7132
-10191
15282
-2131
-17212
8654
-12770
-9357
372
10499
-22232
-4395
-13450
-4045
8151
1232
10187
9308
1710
-5721
20926
5433
5033
-1140
4362
-4608
-1739
-1323
-17004
6391
-5644
1106
-18527
5817
12064
1709
-10081
12579
-16667
-6840
-5955
3383
-6113
-6828
-3992
-4785
9460
-7784
1611
4171
-2972
-3860
7948
9171
6044
-1813
535
-6027
-12974
3076
-6299
-3263
-1903
-520
-25645
1900
6568
-7769
-10966
4187
-11410
-10320
-18832
601
-3346
-20740
-6847
-11677
3959
-6384
11458
6588
9142
-678
2777
23784
4146
-20435
1562
-5540
-3520
10496
-22065
3135
-20973
-4339
-9561
-503
-14434
-10263
-19430
15053
-12948
-18089
-11654
-10929
-4361
-20697
-10583
-5937
10071
-14876
27849
6683
15060
-13660
16839
28498
-5057
-14638
19836
-5540
817
8780
-13121
910
