-95
-2356
190
-3145
948
1627
720
-243
-3263
-1596
1705
0
-381
2397
-4825
1079
5040
-295
4261
-636
-2802
2447
709
-101
-693
-2012
137
-1430
0
-2036
-4809
-4578
-1731
-1892
-1693
1341
0
1996
296
-570
-732
-1250
0
381
0
596
-4821
0
1149
-1342
60
489
-3390
-656
3299
0
-1159
-296
0
-205
0
0
-2348
0
-40
288
-1834
1716
-775
-4090
541
-235
-837
3846
-2495
243
-506
-359
-2091
0
0
1768
1471
-2045
0
-12
-1326
-3616
-1115
-1
-784
0
218
-3394
3235
0
617
2567
-3152
-823
1690
-386
-7264
-320
0
-652
-916
-202
0
-16
-3280
-83
-3098
0
-164
-1446
-1244
321
2258
-391
910
-4265
1212
-1365
4441
0
-2326
-1787
640
43
924
-309
-1153
0
-5728
-3866
0
-75
-2937
1534
-2923
-1140
-726
-2996
4760
-143
0
0
-250
254
-893
-5217
1514
1042
2524
1034
3667
-1582
-1045
-440
3429
-748
485
937
1514
405
-6856
-2635
-429
333
450
-236
-973
-84
-1919
0
0
-1471
20
5053
0
0
-60
-204
-5475
-4157
204
0
-462
-308
-7
-3377
-656
-2320
-5863
1880
-1163
2198
-162
-91
447
0
-1195
368
-381
0
0
3141
-4849
0
0
-5868
-288
-476
-3082
-448
-891
-254
-3026
2416
-95
-308
127
0
-526
-28
-508
-368
-630
17
0
-1710
-3393
0
-3355
-408
-583
867
-891
-590
-1324
-103
-5236
1630
96
-4046
-200
200
-32
468
-2890
-1050
0
4628
515
-2276
508
195
567
1523
-320
229
-1105
294
-178
-22
170
0
1129
-35
0
-996
-7587
917
-4719
-3473
-381
804
0
-1567
7464
-102
348
-1953
-147
230
2159
2226
-813
1282
-1405
-887
-2539
965
-546
-198
-2159
3001
4411
0
-3003
-205
-2227
1339
-2186
635
4950
-320
1913
-3233
-2810
59
151
-294
-1184
-185
63
3100
-1874
-4586
-1971
-612
2272
1878
0
4209
-168
-210
-1404
-4991
85
57
0
192
-6925
0
690
279
136
-841
-2431
10
378
-17
370
-1508
0
-4116
0
-14
-3722
48
48
-5678
-2775
1610
3798
-2347
889
-1348
-519
3273
-1068
80
65
-960
561
0
-127
-100
-1089
2467
0
-2400
-408
-3111
862
-26
-145
0
790
-8658
379
0
2426
-191
1089
1048
2964
898
-3635
63
0
-408
-1136
637
-508
-1397
-3959
-856
-1664
-168
1218
-806
-134
234
1382
-2162
485
-7950
-238
-1806
-1198
0
-1258
-284
-2032
1077
165
-3811
-158
0
-12028
2492
-156
-95
-5167
1557
-4699
233
-3479
1963
1670
-753
0
-186
45
32
-1221
-7928
693
942
18
-4096
442
-2709
-845
272
1623
-6763
-3038
-25
-4722
-24
-13674
-2906
-934
-1682
-3241
-1753
-3351
-228
-2735
0
0
1042
635
959
0
-468
-1530
-1297
-5513
-553
-1348
0
-853
-2376
-38
-691
1089
-2279
-4940
-1497
-816
-666
-515
4453
1639
0
221
-3231
-81
0
635
-424
5889
300
0
-1736
1016
-748
-8603
-408
-418
-22
-2620
2725
-3332
-407
-319
0
-1028
-23
-393
-792
2061
-736
0
-7084
-1974
0
-2717
-1709
-147
-1967
1188
374
1726
-14
416
761
-295
-1830
148
404
-805
168
1689
1470
-698
-8141
-265
244
64
584
-108
-1605
472
-82
-679
219
-544
1327
260
0
766
-15
0
2607
-956
-390
-3450
2672
240
-1312
0
-685
5619
783
-1618
-1551
-4177
-2244
663
-1153
-259
-5582
2012
-244
-78
3414
485
711
703
7193
2576
0
-126
-942
-149
659
5723
0
777
888
-778
-723
-5099
127
-930
-813
-426
527
-1482
-421
-918
-6197
-396
94
2664
0
0
700
-368
0
-1767
-4067
-827
-108
0
-8
1117
127
-730
-3076
-1074
1027
-943
-1144
-2646
-465
-339
-916
0
-3726
0
161
-3380
-32
0
-2925
1603
3123
-496
3882
-790
-2996
-1187
-4232
-612
-2355
315
-741
663
0
-108
-342
646
347
0
-3927
2482
-1088
-44
-254
0
-18
1107
-2578
-5385
0
445
-4005
-216
-1350
-520
-124
-7368
-1214
0
-229
1268
1646
-1423
-987
1505
-1689
-2893
-840
3058
2511
-1894
-50
2446
-1431
-1748
-5512
-294
-273
-3745
0
-1759
-793
-1600
2191
-1100
-1890
943
0
-8873
0
510
121
-3451
2365
-1458
-1755
770
3215
2158
-2590
300
-4
-220
0
-200
-8763
205
-2593
1443
-954
2918
-4204
-14
208
716
550
5308
-150
-4506
651
-13401
-4565
82
1426
-3911
-2094
-2342
127
-198
0
0
3615
0
-5897
98
-304
-688
-1323
-508
-900
-1101
0
-2350
927
-10
-173
730
119
-5810
-491
-9854
-1070
-889
5587
-609
0
-2709
-338
-52
0
617
-755
-604
43
212
-646
-156
-1675
-1323
926
572
-1778
-2949
631
-624
-1381
-1312
0
-842
-66
-1536
1499
-361
-377
0
-1275
-1786
0
-1692
-614
848
-1217
-22
834
-1830
-14
4268
417
296
-3903
172
410
0
270
67
-1950
-273
-766
-515
1163
0
391
-6
-2489
-864
-38
-1479
0
-1676
-1735
170
0
-458
0
0
432
6188
-4978
979
-3690
81
-2635
0
-487
2063
4857
-1531
-236
-104
2718
1673
-485
-546
-737
2342
-2708
-1175
2154
2402
0
-324
3516
1863
-804
318
-12
42
1524
-1407
330
-2470
308
440
729
-1834
-707
-2556
-1147
-3494
-1341
-411
233
-516
-6543
-1351
-41
254
-754
-1168
-760
0
0
-1172
-810
-1040
0
0
1334
650
103
-409
-672
676
263
-4906
-2665
-1912
-539
-2408
0
0
-407
0
-318
-888
-127
-24
-2599
140
1076
3509
-1194
1123
-2894
-616
-3891
-3048
-1442
-952
-2258
0
0
-13
-3565
0
-1096
0
-4926
0
-1888
-2990
176
-368
9
1685
-2566
-601
0
312
-2373
-1001
-10
715
0
-6195
-5094
0
-691
0
-204
-2814
-1409
2945
-1906
-1792
-1616
2994
-2364
-2760
210
151
81
-127
-3577
1088
333
1301
180
-3925
-832
1225
2068
0
-3230
1728
0
-5936
-1353
817
508
-1242
1387
-381
-2612
1563
-258
2646
84
542
-254
50
36
-2081
-5994
796
-99
-317
-5965
1804
-1147
158
-1422
1779
508
-487
4945
-819
-132
-10041
-725
-974
614
-3233
-2950
-3518
206
3975
-510
0
-722
34
1312
-847
246
-240
508
-67
-2144
-103
0
-1172
340
120
-767
553
-1102
-1332
343
-4823
0
-534
1412
-789
-208
346
283
-180
-903
-517
2189
819
-135
42
-360
-144
-268
-2609
381
0
194
-1645
457
1414
-750
552
0
-200
0
-2311
-820
-2348
-381
0
-3273
-854
0
-1871
-476
-273
49
-243
622
-203
0
1511
-19
1111
-2112
-350
381
0
193
517
-770
-195
485
0
-1400
-88
322
284
-1307
-724
0
-616
0
-1424
68
480
-224
180
2295
-784
-1877
-97
-3277
2016
24
-381
-1307
0
343
4445
-6625
58
-1088
-1880
187
2067
649
209
-1125
535
314
111
-1246
875
0
0
33
3123
-1524
-104
225
-714
300
935
-210
-1991
0
0
66
-2086
413
-2017
-257
2309
-909
0
1895
60
-1829
-1821
7
0
479
864
3433
0
0
-1467
-605
-3365
0
0
1243
205
-64
1123
1856
-188
-1187
-436
1763
-1294
-1345
-34
0
0
-108
0
0
0
0
-60
-2211
960
876
1149
-392
-106
2421
-570
1900
-1962
-463
-140
-580
0
0
-174
-1030
0
-564
0
-712
0
-64
2500
-220
-352
276
861
-2148
-2505
0
620
-554
242
867
1254
0
-934
1306
0
108
0
567
-1413
-571
172
-889
-70
-1690
1242
118
918
-318
2396
-848
0
-5452
208
-1858
-1904
162
-266
-784
-2305
498
0
-617
-104
0
-997
-1473
121
-1316
-207
1016
-99
265
-1270
750
-602
-381
-2110
0
25
508
-979
-3159
-279
0
-459
961
-832
1500
0
300
622
-2401
3337
151
-1022
390
-2619
-889
-91
-711
14
-2726
0
96
2942
115
0
1750
85
-3669
-770
86
-429
441
-1667
-1280
1307
0
-2088
65
0
1228
-223
-1040
-1872
-2076
-656
0
-102
1552
1444
-508
952
-1421
26
-910
-123
55
60
-57
10
-128
508
66
-254
0
0
-1397
-295
429
-1302
-340
1520
0
0
0
-515
-1972
1723
0
0
-742
-2312
0
-1818
-106
17
-93
324
-1028
226
0
45
144
513
-183
259
0
0
55
44
1078
883
-4084
0
846
86
-219
-313
-1970
-1647
0
-34
0
-378
239
0
-273
0
-565
385
212
1358
-27
1034
0
240
-2047
0
114
338
-6164
251
-3941
-1180
-744
1002
-618
-640
-3170
-3385
-2012
-1310
-1544
252
1026
-1408
-1231
4517
0
-3068
-2239
-1777
1248
6818
-175
5057
744
-1591
6179
-271
-35
-499
-748
-2474
1472
-1200
-1902
-2673
-6284
-2782
-2809
-625
576
0
287
344
-100
-112
-4170
-492
-12
0
-485
-763
0
1126
-531
-858
-523
354
-3322
-1870
150
-942
1704
0
843
-1327
0
-2096
0
-188
-6666
-1056
-1078
-3121
-6016
1011
-1599
99
-4674
-1135
-1051
608
-1213
-2159
0
-508
1916
-957
-1935
0
-381
-122
869
-2552
-59
-946
0
-1319
-3907
-487
0
135
2932
-2128
-2755
-3302
208
-3625
-1588
0
-452
1200
385
-1778
-926
161
-741
-2778
0
-257
-2584
-549
1067
1002
-1403
1106
-7844
2300
165
6548
-664
-2318
-2061
-1824
697
-935
-3083
-3071
0
-5765
-4098
251
42
-7974
353
-2691
-2421
583
-4963
1848
1027
75
0
320
-10
-1403
-6550
214
3021
1140
-4319
2990
1086
-895
-408
-972
246
-3140
613
-9026
-1494
-8655
-3061
469
537
158
65
-1764
99
-4097
-714
0
-1286
-35
4940
0
-264
72
-2359
-1769
1123
467
27
-2403
-2004
-18
-2804
-1070
-911
-453
-1838
-5636
412
-23
6731
-168
-635
-1088
-937
54
0
0
921
-6773
0
0
2782
-96
-2113
-4339
-640
-169
-150
-2099
2110
2765
1321
1708
0
1978
-50
-106
-212
-3555
-793
0
-1890
-624
0
-3822
2786
-230
-860
-121
-855
-1313
66
-6578
5073
474
-3098
508
-46
1031
1524
436
30
-469
-159
635
-1408
60
1020
612
-1369
-560
-59
-816
120
-669
-709
-1270
0
1305
1036
0
-2787
-7674
-598
-3450
-59
-288
-3124
0
-2663
4604
-632
202
-3178
2177
716
662
-3935
-2297
2527
-525
117
-3959
5483
-192
-369
-371
2332
3278
0
-1877
144
-77
-143
-3272
-345
1852
-256
943
-2970
-664
-15
-1550
351
-169
-462
-149
5239
-1042
-2285
-3049
-825
1009
4143
0
1476
-1384
-415
-851
-1618
-1868
-24
0
-1211
-5350
0
3156
343
-3043
-1022
-1471
-3960
-1545
-440
-1633
-48
0
-1226
-1277
-56
-3582
123
-1452
-5511
-3775
-770
1021
-5809
1686
-500
-1121
3638
970
-1610
317
-581
986
0
-1435
-347
532
1252
0
-4596
-966
441
562
-366
-158
0
-2988
-13149
-1140
0
-781
1038
-605
470
2378
-290
-7387
114
0
1345
-692
-1137
-2169
-4137
-5504
-1160
-2426
-902
2738
396
-1193
1434
1737
1863
-442
-9282
4248
-432
-2351
-124
-1897
-1441
248
2681
1397
-2955
-2740
0
-14227
-6244
332
-103
-11058
974
-1198
-402
-3343
-2702
-1831
476
-127
-212
906
62
-1957
-10114
1419
-298
266
-8003
3738
2005
-991
536
-3078
-3778
-4596
348
-13402
1260
-16618
-748
705
-2300
-5373
-1003
-7308
-57
-3771
-961
0
-451
299
3491
0
-714
-234
501
-1540
-2023
739
381
-2224
-3281
-83
-4615
-626
-4085
-1372
-642
-3633
-114
685
8409
56
455
130
691
114
0
791
1657
6820
1185
0
-5372
968
-1824
-11378
-1062
-291
-1601
-1694
3929
-3574
391
-1769
777
-1077
-76
-2272
-1632
-4788
-911
0
-6724
532
0
-3300
1717
1257
-2128
-1397
-301
1902
16
-2955
1369
-419
-968
28
-291
-1138
498
2320
-1800
-519
-6378
485
-4160
20
-1186
-2721
-1029
-688
85
-2379
444
-1030
2905
-1590
0
331
1030
0
-295
-4961
-4030
-2730
3524
108
-2838
0
-2724
6467
-2178
-612
172
-8745
-1614
2776
-2567
-1259
-7520
7345
-1765
155
4088
-107
63
-111
3695
4258
0
-2466
-1123
-793
405
8328
-177
-6259
-168
1044
-3762
-2576
94
-3387
-862
-934
-6182
-2932
1428
-4631
-6369
-1506
127
2556
30
0
-2383
1000
0
-3179
-4825
-485
72
0
-354
-2012
1208
2423
3809
-630
-1529
-1939
-2818
2751
-770
-1942
-2112
0
-1106
-894
403
-4350
76
-552
-5889
699
-1841
-2843
3103
-572
-2197
-596
2536
1530
164
-251
-1651
-1870
0
-2758
-1170
-2269
-35
0
-2432
326
-2080
-3594
430
-111
-156
-1972
-3027
-844
0
-1284
-2560
684
-3600
-307
474
-11244
-1605
0
-158
515
-189
-2156
-146
-4451
-1375
-3413
-970
-70
537
-5002
47
1053
-3164
-873
-6358
1778
33
-6025
32
-4396
-380
-1062
2808
22
-3318
-2064
0
-10529
1123
298
468
-6348
-1241
2318
-2199
-2993
1577
-1034
-936
-143
-179
370
0
101
-12380
-972
-2911
-272
-1856
1510
4178
688
224
-2994
-1499
7484
-636
-7797
449
-18893
-4980
-278
2103
-6556
1749
-5265
58
-1075
673
0
147
243
-11307
-322
188
-783
636
478
-4642
217
-267
-4436
-7022
75
-4727
-1681
-697
-2714
1383
-9933
-660
-231
7102
382
0
-3785
3327
-429
0
331
-202
-2044
11
-2
-5288
-48
-1430
-3078
-507
-344
-3314
-2372
3199
-534
-714
-329
-357
45
-64
-1211
247
-2027
-270
0
-2302
-5807
0
-3492
1262
489
278
580
68
-4693
-1360
6332
799
1575
285
-224
-579
0
676
1128
211
-1159
-5078
-124
2414
0
178
-1487
-1634
-544
17
1421
-792
-1591
-2421
-1270
0
147
-498
0
-618
1413
-5478
-2164
-302
132
-864
0
-2093
-39
5612
82
-1513
-2446
2566
-142
-1642
-1074
-1187
3202
-1998
-4466
-118
2597
0
171
1653
2366
-2906
-274
327
-842
3522
-3326
201
-853
0
1039
-2511
-569
-245
-5837
-1877
-6813
-2209
-2031
1425
-2014
-7485
-3867
-67
1234
-1895
-3372
574
0
-340
-3547
-5639
-1881
0
0
983
-2174
842
275
-1910
-1129
-1012
-443
-4958
-19
-2847
-1806
0
0
-350
-364
-224
-2974
-34
-137
-5252
918
-598
3333
-523
650
-4708
109
-1902
-4086
-731
300
-2972
0
0
-1708
-2456
272
-38
-589
1111
0
-2953
-6574
-222
-968
30
-4077
-3428
-757
-119
-845
-4342
-1607
-819
-1997
-270
-4233
-10156
0
-2081
360
388
-1775
-3887
2265
-1306
-2876
-2497
1161
-274
1470
-349
-426
-1715
-126
-6895
-524
-825
1161
-2105
-5084
924
-1173
1758
0
-3961
2338
41
-7521
-2410
47
-465
-5050
-469
90
-7607
2728
-576
1232
268
710
-248
424
-336
-1863
-8010
741
193
531
-5587
-820
2087
-247
-3355
-976
-250
-2178
5344
-13028
-1335
-14614
-3494
141
1439
-1120
-5893
-7553
1633
2281
-463
0
-958
421
268
-84
-260
-1775
-377
-1148
2194
-107
99
-2946
-4258
476
-1609
534
-2434
-468
-4316
-9093
180
636
2966
-1467
-1232
-421
-2386
-234
-138
-223
616
385
-493
254
2496
-594
201
-5895
1143
-81
-2954
-3511
1662
737
1067
-2072
-409
-725
0
-935
-682
-4813
-63
-18
-5553
-2862
0
-1955
3426
1223
458
342
2454
1124
-600
2806
-282
4540
-2899
889
-369
1326
695
1869
-2011
1019
-2901
-27
-1528
-256
1575
-582
-1156
-1801
-816
666
-265
-1191
112
-970
-889
-494
-355
112
-2446
-356
-2822
-663
-747
-1270
-1709
0
11
7409
-2193
-268
-4868
-3564
69
1218
-1242
789
-4518
-635
1440
501
791
1254
0
0
345
1811
-4226
560
-258
-998
1302
1381
-576
649
0
-452
874
-4098
-105
-2669
810
-1701
-2098
-1831
2099
86
-378
-3075
-47
-196
792
412
2985
0
-570
-2850
-2667
-1892
0
0
448
1798
-524
431
-2202
-2392
-1358
-610
-821
-3205
-774
549
0
0
-184
-138
0
-1332
0
-903
-3099
290
-423
1193
-2855
581
284
-1612
1728
-1284
-356
706
533
0
0
-665
-1313
0
-798
-190
920
0
-96
5318
-52
-784
333
-1848
-4422
-622
68
-918
-1394
-300
-1111
2043
762
-6426
2816
0
914
-635
-3100
-2754
84
632
-911
-1718
-1730
-436
-352
1324
864
5342
425
0
-2938
3005
-954
-2011
-117
-862
-957
-3268
144
0
-263
872
-41
200
-2165
78
-1536
-2109
-282
264
1706
-630
836
-2721
-1594
-3384
0
90
-20
-1644
-3877
708
-1170
621
-4217
-287
600
0
666
-1622
-659
3599
728
-5556
1047
-7277
-3698
-46
1445
856
-2043
-984
940
2911
-313
0
1917
969
-1150
98
-254
-779
-200
-1410
-1722
1889
1397
70
1178
0
-2749
-1943
-1270
-1048
-2445
-6125
-432
300
2320
955
-2835
2516
-3283
-122
-1854
31
880
339
55
56
-432
1108
-740
-949
956
-38
-1281
-701
996
-1169
1088
1037
-153
1248
0
-324
50
-5721
0
-250
-3776
-1826
0
-159
791
3625
-1030
-316
-1108
-387
-110
84
-280
1254
-1115
49
0
272
100
708
-272
906
-4891
-120
-187
469
-1308
-3097
2
-2975
708
-246
-176
-364
544
0
294
-230
15
133
-2603
3213
-2771
1468
-99
-419
-3239
0
542
1517
-6005
-211
-2850
-1760
-2286
135
-3066
-95
-1351
-121
-2160
-2023
1204
164
207
-1933
-3855
4910
0
1187
-2314
2442
0
4169
110
-1837
156
858
-725
-4303
0
-2857
-2690
-1851
-60
-1905
-1392
-673
-5815
-3323
717
14
112
0
337
-1277
230
-744
-5911
-1426
-31
-444
484
-1048
0
595
2486
-1014
-49
0
0
-32
-435
-3004
-1124
0
4154
-796
0
-1774
0
0
-2540
-1244
0
-2119
-2320
26
-2050
0
-1097
0
-293
557
-551
-2626
0
52
2305
-1291
-420
0
0
-3804
590
36
-2159
-681
-127
26
-1337
3163
0
-247
1507
-5757
-219
0
-156
-706
-2455
0
-5064
340
1283
-1304
-1981
3271
-235
-2272
0
-36
-1579
-1471
0
1019
0
0
-2908
0
0
2405
228
-1999
-24
0
439
-1155
-858
-1648
41
-2903
-1797
-186
1014
-5828
-292
-2836
-1703
0
-3521
324
1059
210
0
0
0
-873
-6818
0
378
244
-5805
4150
3007
-485
0
0
847
-2271
0
-666
-1297
-4846
-876
-324
834
-3262
-254
-1576
-84
-7302
325
0
-239
0
1114
154
-144
-409
-1482
-649
4030
221
-258
-4392
-570
0
-6644
67
1238
1477
234
-6923
-150
742
3956
-411
-1406
-2628
-172
0
0
0
88
-3275
0
0
558
0
-3988
-3301
-28
-283
-500
-3023
416
1787
2477
-2687
0
-1110
0
-1863
-147
-2425
-166
0
-874
-1992
0
-1962
0
106
-2394
0
-406
1097
30
-4445
3882
0
436
0
0
889
0
1164
0
45
-2614
0
2237
-616
0
669
-322
0
0
0
0
-22
-3691
0
-736
-206
60
0
-1812
-5498
0
-1025
623
0
-1800
0
-979
-174
1056
-576
-354
-557
-1320
-29
-2762
-273
1615
1026
-2205
-3767
2244
-30
-612
-373
-5267
4558
-1005
-73
761
-1031
0
-3322
615
-681
1108
1954
1026
391
0
-3813
135
-2369
984
-700
3588
-957
-762
-3674
-1283
92
1642
0
478
517
-395
-6
-8932
-1774
1474
-1109
531
-1666
0
2098
-1822
-2313
-528
0
-1274
-154
-345
-3871
2553
0
-767
-1523
-329
-2358
257
-286
-3174
-988
73
936
-7540
1538
-2482
0
1274
0
-1145
64
286
538
0
-204
-340
915
-1862
-310
-2187
-4426
-169
-66
988
-372
20
517
-8974
-1888
-14
-955
683
-4299
-2049
1105
367
-3661
-566
-88
1859
-84
-1092
-739
-2044
-89
-684
-2320
-2320
1301
708
-5028
1518
2132
0
65
-9375
-224
240
-1385
-172
-3410
96
320
1651
455
-2235
-6417
410
-11113
-3851
2073
-1552
-5852
-194
-3546
-985
-326
-7701
-1665
700
-1
-93
0
0
-1598
-8519
2286
-69
404
-5267
506
2970
-1274
0
0
-1625
-3989
1961
-3195
-1904
-9215
-917
1120
-1658
-3980
302
-6238
-228
-6816
-807
0
-1863
-12
2901
-1331
-542
-328
-2674
-1914
4585
591
-249
-1784
-1189
0
-4565
1999
-5655
1094
71
-9431
230
410
2891
-1213
-4694
293
394
0
-1656
641
2700
4107
-441
0
594
0
-1498
-6829
-217
384
-699
-6095
2688
-4060
2647
2589
1888
-1854
0
-2217
211
-1280
-381
0
-3191
-6221
-635
-3251
-630
1638
-2166
0
769
-667
-90
-1450
1728
611
-4270
0
-318
-847
644
1997
0
68
-5689
0
564
602
65
-2228
1232
168
0
80
27
-323
3696
-870
-1185
-43
-375
-111
-1137
-4789
8
-3297
1488
0
-3477
90
-2208
6925
-4426
-1737
-466
-4824
-1439
1394
503
954
-3650
-1289
641
-413
-229
-430
-1143
-4418
-4335
3169
-2441
408
-649
-1923
2646
9373
-548
-2067
-1172
0
-2428
790
-404
-3358
23
-805
-755
-4793
3141
-5097
-345
-3279
245
-778
-391
-762
-97
352
-340
2
-7642
-935
2441
-2184
1725
1731
569
4220
-3018
194
-266
0
365
1717
-1720
921
-1630
0
-3901
-1307
697
-3869
1183
-218
-2875
1546
-113
-4136
362
538
-3161
-49
-872
-270
1036
-637
-2756
1471
0
-894
-2156
-273
82
-348
-439
-4062
-309
-2686
-1480
-1434
44
312
-3370
-632
8
1401
822
-2927
571
3690
-219
-7186
549
-771
-3335
-303
610
-1358
-788
-7954
-1151
-2757
-1945
2281
-138
-1070
283
1972
-2778
30
-8835
648
-440
-3533
-788
-3571
-1476
-481
1251
281
-3995
-4351
305
-6445
-4411
-638
-1496
-2986
475
-5441
-915
-3927
-3194
-4583
-154
812
-2
0
0
-2419
-9315
1326
29
20
-2456
384
1037
184
-254
40
-3605
1652
-133
-1460
1096
-10439
-4812
523
1113
-1569
-975
-3231
-73
-4507
-1141
0
190
12
-5404
-2099
-678
-127
-1069
-2233
-6182
188
-6
-3367
-1231
0
-4533
-2151
-1233
-466
622
-9569
1698
335
1482
521
-2682
-3489
1193
717
-624
277
156
-488
422
0
-3308
0
-972
-2600
-634
956
-4056
-6925
3624
-202
2069
-2848
-571
7200
0
-1213
-126
-2197
-166
-162
-2721
-3811
-1375
-536
-44
-768
-894
-167
-589
-3683
-1954
4828
-232
1484
-2635
0
-1283
0
168
1744
-5040
-1149
-6390
670
-3428
168
598
104
-2173
-1225
0
-490
882
-1591
-3100
1140
1039
500
-495
-127
-192
-4845
179
-7771
2688
-614
-5510
117
-2426
-3523
324
-1710
-3568
-1868
-7205
1201
-1149
531
2361
-2118
-978
-4447
-1848
722
0
-664
-744
1431
-2969
522
1
-5641
1722
-4393
1605
403
-508
180
-4942
-626
472
-1168
-1024
-2327
-599
-2029
917
-1045
-3500
-5395
-79
-322
-5104
-1706
2095
-42
-750
1448
-6938
-1247
-54
-1783
1599
-2524
-848
3299
213
-2721
-2271
-686
-973
-745
-2631
-718
-527
0
-1133
-451
-689
-1597
-1597
286
-1879
386
103
2964
3208
718
-4587
-545
3052
-3920
1135
1494
-5448
39
0
-1689
-1052
-927
-960
1912
1332
-456
-1981
-2275
-830
-2325
0
-126
-1243
-555
-1763
1968
314
-719
66
1688
331
-2084
-6712
-1972
-1215
-229
1222
-1821
-5605
-2120
-754
-2249
-2231
508
2086
2914
-888
4711
310
-127
-4692
1740
-2167
-2159
354
-4659
75
-2615
1360
-2055
-2117
-1771
-1028
-5394
-692
-407
-322
-1130
94
-2814
-6261
-1131
1604
-1252
296
-3300
-127
0
0
-3189
-4595
-600
350
276
-4606
141
744
303
-1387
28
-1107
-2633
3555
-2840
799
-7504
-2922
-25
-319
291
-698
-4956
-975
1448
1740
0
-1933
248
-3439
-518
-444
-576
-1136
-569
1318
118
-57
-2148
-2157
0
-2813
1346
-1929
936
-534
-4268
-585
-1372
133
-1307
-827
-1723
-2837
-968
-439
-242
-590
3051
-497
0
-1052
-234
-384
-7463
-807
-198
-2377
-3824
3337
-4906
2015
728
-1168
-65
0
-1764
1951
15
48
-2466
-5276
-1126
-730
-29
-256
178
-3329
1590
4201
3325
-750
2717
-1318
658
-1457
0
-522
918
509
1427
-182
2525
-4022
-242
-580
-132
205
-461
-1133
-3286
-612
-130
663
-1291
-835
-320
165
-13
-3095
-45
-1263
-2022
-234
-3658
-86
-942
-3257
24
-2385
5188
1342
-997
-3688
-6299
5738
724
-1567
30
-4167
356
414
-141
3810
601
0
832
864
641
1516
-420
-537
-1579
1098
1817
1612
2664
0
-312
918
-1058
164
1225
1808
-899
-264
-1108
701
-666
619
-3516
5
1778
1161
1566
1275
-92
-310
943
-3873
-448
-648
-1092
639
3543
428
1430
-1118
1276
-1004
-252
614
-3218
-3359
-601
0
0
0
-196
-90
-399
-3429
-90
-752
26
164
279
-518
170
-2113
-9
-126
420
199
1570
-272
0
0
-936
-400
102
-282
1814
0
2774
59
4891
-224
-1188
0
0
-1875
-338
-357
700
48
-452
-444
96
-186
-4400
1400
-1548
-398
174
-1775
-2078
584
595
-574
-321
480
-70
-3262
335
-30
6570
-1596
0
-612
169
-891
-1629
491
-1731
147
-4560
354
-300
-127
-360
-454
-14
-20
-153
-2669
-323
127
-651
1150
0
-1664
-4129
-1437
-2616
0
0
0
-839
-1827
476
-990
0
-3204
-742
0
0
1004
-120
-1378
3113
1197
-3764
-568
-3240
-3310
132
2452
456
-1701
-826
-522
2769
-1568
0
2587
41
-588
-315
0
108
-256
-1326
1917
321
-1536
-582
215
0
-618
582
0
-600
362
-6424
-1056
-762
609
26
997
2405
-868
-235
-944
-76
891
1194
-348
0
0
-216
-579
-403
-426
237
-1692
-4991
1910
60
349
428
-48
-713
0
-1951
-1115
-1534
0
366
-215
-42
-1040
173
410
1416
-3191
172
-812
-1454
-272
122
-2601
127
-1671
0
-341
-272
-1
315
2171
225
-5775
-943
-468
665
39
-3203
-156
-2270
840
0
196
-812
722
0
-205
-80
-1405
0
82
6557
-837
856
-84
569
-7035
0
222
-75
-690
-1334
-1082
884
-1415
-681
415
451
566
424
-2870
-1967
519
336
0
-1371
-5894
1260
-450
998
-105
-1749
0
-1660
635
-2335
0
651
-535
-800
0
-3884
1234
-1040
-1524
219
1893
-732
425
-3549
-1851
0
-1007
0
282
-289
0
-1822
-5380
-1422
-60
-2231
-2286
-253
0
-751
-36
350
-24
0
-1693
0
-66
787
1312
0
-769
-501
194
-1278
738
128
-1405
-1604
-47
240
-4777
260
-921
0
162
-762
-94
136
-3612
975
0
4
-1149
-1016
-2474
380
-889
-508
-373
-825
609
-434
3
18
-1851
-101
-178
-417
1062
-1938
1189
-2159
-29
-2047
-554
-737
1263
0
-2442
-1006
-544
2883
-246
-1248
-3103
-1281
-223
-2711
1296
1583
0
79
-5534
544
660
374
468
-1938
0
-912
1083
-1785
-534
-2720
27
-4958
-643
1231
798
-1477
-123
-2447
-1971
1113
-3264
-1233
-8
-280
-74
0
0
361
-5632
-162
0
414
-916
600
541
-291
0
0
587
-1114
2377
-3330
40
-3790
-803
11
2389
-629
1445
-4886
-108
-1196
28
0
-259
-255
2285
-132
-508
12
-806
-1643
1747
1469
-60
-2190
-231
0
-3697
1004
-767
78
958
-5754
254
-890
643
-584
-2261
42
-402
0
-144
237
1399
-2776
-1524
0
-304
0
200
-1133
499
37
731
-1074
-13
682
3862
-2752
975
-885
0
-1476
552
-1250
0
0
679
-774
-75
426
2286
1379
0
0
2427
-71
0
-1270
3261
2243
-964
0
300
0
1270
791
0
-1088
-1749
0
3556
1778
340
-473
-712
-280
0
-325
54
-1744
124
-220
-177
1344
-1095
-112
-1514
-1085
0
-3575
338
0
-1375
381
-2556
4748
552
-253
-2403
-2217
1862
-1207
-325
2011
-2252
-2426
1692
-936
-1405
-12
0
-2475
-3040
2345
510
2367
30
-2807
1728
5408
351
717
0
0
1754
-313
-404
-1460
-616
663
1970
-1600
2307
-2284
1075
-2634
-1316
476
1573
-438
-593
1003
-180
-1778
-7964
-1068
-112
-4762
-1142
2414
-144
839
-229
-3149
-169
0
-924
-1426
-1983
-453
-170
0
-1059
-736
492
-2447
3777
-396
-2230
862
270
-2759
-2041
340
-447
11
-504
-1812
192
264
-4249
-2032
0
-40
-570
618
-418
724
21
-266
-547
-2918
-566
-1908
92
156
-3357
-2159
-42
1155
1360
2
-248
-891
40
-1631
-920
-1239
1067
305
-86
-2160
-2678
-1337
-427
-2627
230
566
679
2805
3156
4046
-760
-45
-1003
104
-1820
-1309
224
-5657
-381
-1076
846
2412
-1464
-676
-156
-2102
-1024
-1465
-1833
-2203
-186
57
366
-1323
-3349
-3973
504
-1005
-61
0
0
-1390
-5372
2130
1260
0
-3925
-2214
384
-93
-110
127
-2379
304
1179
-4949
1494
-3906
-1584
-239
4586
-106
-1873
-3487
-4
-2410
-1035
0
165
-21
-852
154
-296
-33
-612
-2831
-780
28
-551
685
-2121
0
-1768
-815
-2378
-50
-547
-9539
735
-704
1267
132
-3172
-563
-375
-1361
-624
135
436
-2650
-688
0
2728
0
-1744
-2894
547
87
-1087
-2318
1361
-1863
4119
1683
-550
3322
0
-386
-356
-3840
0
-1944
-2001
-925
-425
273
919
344
-992
-1189
-399
-2806
174
470
-2229
1778
-137
0
1256
0
239
1969
-1208
-889
-2445
848
-413
224
589
485
-1525
-177
0
-85
360
-2873
-263
170
-406
448
516
55
72
-4101
94
-3148
987
-573
-1377
-87
1087
-2599
-196
270
-1018
-1240
-3196
396
-2418
1344
2210
-907
187
-318
132
-1092
0
-624
-759
279
1523
2666
10
-3061
-198
-3853
-3377
3045
0
-508
-3026
-1184
236
-263
-285
-2251
945
-1263
-30
573
-2420
-4961
0
-532
522
-716
878
-254
-735
-2159
-3496
-189
120
-1732
-1583
-2497
-747
2601
1384
1489
-880
203
-4335
138
-1278
-1231
-1462
0
-297
-356
-139
-2106
1848
-695
-964
186
145
1192
2184
220
-1598
-127
1440
-2292
822
734
-4504
-110
0
-883
-442
-279
2124
1569
805
-1026
-1193
-2745
-380
-1664
0
474
-512
-1272
1140
-2998
1732
-995
0
3516
-187
-4050
-5332
-1187
971
-372
-761
-232
-1662
-2955
-19
-214
-330
33
-380
804
-2098
3118
-1100
-65
-3278
-298
-3299
-1237
261
-3350
-36
-3973
708
423
-1154
-2299
-940
-1249
-3060
66
-202
-1617
-41
3154
-4434
-2268
-2183
-1617
828
-1774
-69
0
0
-39
-2825
294
-230
0
-69
-633
96
141
-901
46
-15
-1426
532
-4040
-302
-5416
-653
-135
1902
190
-1618
-4255
-98
1805
-1293
0
-925
-909
-2348
0
0
-27
0
-1768
-1174
113
-1021
-528
-2293
0
-1881
133
-1270
0
752
-3896
-428
-432
434
-567
-2755
-1023
-605
-221
-2360
-228
44
-154
-122
0
-1728
-72
-275
-5049
217
-140
-2998
-2867
-485
-1430
1672
715
-1516
226
0
-741
1822
-3563
0
-362
-1619
0
-1170
104
846
-24
-4360
877
-324
2839
264
1220
-1579
1267
1074
0
953
-612
1181
1703
709
1050
-3608
-274
-890
-105
-2281
-1271
-1107
-1756
-1524
-405
1155
-1959
663
480
60
-253
-5101
-50
747
-5429
-542
-1802
836
-360
-3558
330
-772
1708
1242
91
-2153
-3511
5137
174
307
