-10
-4
-7
-10
-22
-1
-2
-4
28
-2
-6
-5
17
-4
8
-8
-3
-9
-9
2
-14
-12
3
-6
11
4
-10
-8
-2
-8
5
-4
-6
7
-1
-1
-12
3
-11
1
12
9
3
0
5
-8
5
8
-12
3
-9
-5
-22
-8
-3
-1
22
8
0
-9
3
-1
11
-10
-9
-5
-6
0
-4
3
3
0
4
5
-12
-7
0
-24
-3
-13
-1
-5
-1
3
-16
8
2
5
16
-11
5
-1
-1
13
11
2
-1
1
-2
7
-19
-12
3
4
4
-4
2
-12
-11
-1
2
8
-12
4
-12
-9
-19
-2
-4
0
17
0
-1
-4
8
-3
5
-7
-7
5
-4
-1
-17
-11
-2
-8
14
0
-1
1
4
3
7
3
3
9
4
-13
-19
4
-5
-13
22
9
-10
9
5
-5
16
6
-7
9
-6
-8
-18
10
-8
7
9
2
-4
2
1
-11
-2
-10
-7
2
-5
0
-16
-7
-6
7
9
-1
-6
-5
-2
-10
-6
-3
-5
-3
-3
-8
-14
11
-5
-2
14
8
-1
8
7
-5
11
8
-13
7
-6
-7
-13
-1
-5
3
15
-1
13
-8
2
5
1
4
-9
5
-2
-5
-12
5
0
7
-1
1
-5
3
-6
-13
-4
-9
-4
6
-6
-5
-17
10
-3
5
10
3
-5
9
7
-6
11
-1
-9
-5
-12
-7
-26
1
4
-2
25
-10
-1
1
7
4
11
-9
-2
-2
1
-13
-14
4
3
-5
7
-9
-1
1
11
1
2
-1
-2
-11
-7
6
-22
-12
19
3
16
5
-9
-17
-8
-7
18
0
11
-2
25
1
3
8
-15
-18
33
-7
3
5
9
-8
26
21
-5
5
-8
-5
-17
5
-5
8
14
-5
-9
-3
3
3
14
-12
3
9
-2
-11
-12
11
-11
3
1
-1
-10
7
8
-7
2
-6
-6
3
-4
-12
-19
2
1
-1
18
-1
-2
0
5
-13
-3
-7
-8
-9
-7
2
-23
-5
8
3
9
4
-8
-8
-5
-4
7
0
6
-4
6
6
-9
13
-4
-1
27
-7
-11
-4
4
0
22
5
6
8
12
3
-6
8
-23
0
10
-7
9
7
1
4
8
12
-9
3
0
-2
-23
-2
-4
10
2
1
3
-9
-3
-10
-2
-3
-8
3
-3
-6
-13
2
-1
12
2
0
-1
-7
1
-10
-8
-5
-12
-15
-8
13
-31
-17
25
1
35
0
-9
-19
-18
2
32
5
-7
2
-8
-4
-15
15
-3
3
14
-1
-11
1
11
1
11
-21
-4
0
3
-11
-22
0
-5
5
-2
2
4
-1
2
-3
-13
-6
-1
-2
-4
-14
-9
-3
-1
4
7
-1
-3
1
15
-7
-4
-2
-2
0
-9
-7
-14
-7
0
0
7
4
-15
-2
8
-5
2
-2
-2
-1
0
-12
-14
-9
1
-10
26
10
-11
-5
2
-14
21
-7
2
-4
6
1
-13
9
-8
1
18
-8
9
2
-2
11
14
18
-1
-11
-3
-13
-19
5
9
3
9
-3
3
-2
10
7
6
1
-1
-13
-10
-14
-7
4
8
-1
5
-9
7
-7
14
10
-5
5
0
-9
-18
6
-16
-9
16
4
0
-2
-4
-14
-5
9
-2
-10
16
-4
23
0
-3
3
-11
-18
38
-7
2
7
7
-6
35
21
