-42
-264
-2955
-58
-1932
-1578
21
-1750
-2604
616
-179
314
0
0
0
0
0
0
40
-680
-3354
-290
0
-4899
1495
2348
-3391
408
266
0
2032
-1043
-4255
0
0
-384
-3667
1210
-1571
0
-665
0
-264
160
-1259
-334
-67
136
-587
0
324
264
-110
-462
-16
0
-3505
1501
5224
0
-1029
0
2504
3589
0
-396
-6074
127
-1638
0
68
0
-2158
120
2473
571
594
407
-1277
-4816
-198
-720
-2396
1200
-311
356
-1350
432
-2716
-640
4668
0
42
326
-981
-142
1517
1197
-397
-3192
-611
0
456
-3406
-24
-287
-1601
-341
-25
2622
-5297
-27
-1125
0
-1163
-12118
-279
-163
1037
-760
0
-1542
233
-2143
621
-36
335
0
-1862
0
569
852
-187
4698
73
87
-2413
-366
0
-280
224
-2190
-440
-468
-3761
-5036
197
3185
336
-545
4133
-1016
96
-879
-2106
725
-516
319
0
-340
1920
0
-195
785
560
0
0
1549
0
-18
-1655
-275
-4321
1854
-3308
552
-7019
319
-30
-2609
0
0
-2829
-925
1011
-2448
-225
872
0
230
21
-54
-2632
808
-7393
-1564
-840
480
-721
-1642
-2809
-716
981
-233
0
-592
0
0
133
0
565
-3067
-360
-1801
-243
-5377
1758
1789
-5408
984
147
0
336
-548
-7558
0
666
-32
-1001
1612
-3186
182
-1202
84
-132
-147
-2201
-558
-1518
184
-1396
0
-987
684
2552
-386
-760
0
-5179
-4180
-857
0
-2991
0
4198
3306
-1974
-4120
-1072
44
-728
-920
1054
0
-2521
804
1471
1163
-1476
-5767
-882
-9054
2701
-277
-1101
2385
3036
-288
-3580
-1008
-6737
1494
-491
0
524
186
-423
-502
707
2087
-920
-6127
104
0
1480
3325
-159
-889
-2114
-78
10
1126
-11368
-1986
-2786
0
-4280
-6250
233
-1023
-1192
-2070
0
-2821
419
-6951
544
-20
-591
0
3311
0
-1939
1170
-2307
1757
104
-120
-250
57
0
-145
-21
-11971
-1282
-2190
-6962
-5112
-149
3925
3855
-890
5643
-525
1984
-4456
579
413
196
409
-1025
-436
524
0
250
1312
1212
0
0
3110
-465
6
-2302
-430
-10396
2915
2008
523
-5731
-2549
127
-5816
216
-228
-1921
-1782
-1132
819
-310
-795
0
157
501
-174
1658
-901
-8220
-323
-1923
-36
-3082
-120
-6285
-44
118
371
0
-768
0
0
273
26
996
727
-206
-220
-1224
-1185
781
-734
-2736
60
0
-55
204
-4032
-7942
0
1433
-28
-1877
499
-1013
-434
2278
-122
-472
-130
203
1813
-1249
104
-2522
-32
60
-304
1153
-1476
-1007
0
-4766
-5176
-1389
0
-3356
0
3826
1560
-3133
-7016
-1551
11
44
-2748
-380
0
-3362
1408
1248
1194
420
-3845
283
-7230
296
-26
-2744
-1104
-754
90
-3356
-2099
-5198
1222
4
-16
887
-3061
-220
-330
-183
201
0
-7044
0
0
2115
-2854
-506
0
-2105
287
0
-2135
-12464
-2150
-4005
22
-5382
-7319
1550
741
-4014
-4095
0
979
-472
-7299
-441
0
-873
0
4640
0
-1630
-2061
-2988
4097
0
0
1464
0
0
0
42
-10866
-706
-3204
-2973
-4189
189
1365
2219
2365
3704
441
-440
-4517
1230
-99
-1170
131
785
-154
-333
0
0
-1646
-847
0
270
3215
885
0
-1401
171
-15034
1543
1164
409
-4099
-1003
0
-1877
-423
508
1164
-601
-3299
-229
-1777
1567
0
-866
-1759
-84
746
-36
-4429
305
-1460
1180
-1999
-1341
-2841
0
56
188
0
-792
0
0
-224
40
396
1188
-3217
-1798
-993
-3867
3288
668
1194
1230
235
-50
1272
1154
-7904
0
1440
-819
-1293
3332
-2379
-539
-63
12
0
-325
206
793
-1667
136
-1474
-372
-178
-120
-3425
-393
-1447
0
261
1808
825
0
-2553
0
1020
3642
-4085
-6337
-1811
-66
0
622
-631
0
-4243
86
2796
1840
-824
-3648
-3514
-4708
-2697
-72
-2251
664
200
-380
-1796
679
-3527
-1334
3304
-12
-409
-540
700
772
1397
1114
0
-4356
0
0
3465
-6897
621
0
-2279
62
0
-350
-10641
-2781
-2760
0
-1926
-7936
-1152
29
-2063
-1043
0
-1415
70
-6792
-737
0
523
0
2799
76
542
3513
-2244
3972
0
0
211
0
0
0
224
-9791
-654
-3210
-1897
-1780
405
185
-1764
3945
4123
-1597
-1031
-2754
-3216
-2089
-1704
5
1069
-772
-9
49
0
104
-2015
112
-162
2295
-1367
0
-465
-1567
-9467
3810
-436
72
-10076
-1031
0
587
1143
-769
-1783
-1941
-143
-33
-1657
-1819
0
589
1238
-135
-3945
-98
-3530
-1877
-462
512
-2672
-1773
-2991
0
-154
271
0
0
0
0
0
158
2469
0
447
-30
-204
-2965
523
1738
2570
-774
798
0
2031
-2218
-3483
0
-124
0
1321
5539
-2781
96
-831
0
0
0
594
2029
-1889
184
118
-508
-107
184
-1869
-218
-646
0
-3578
-2659
-6959
0
-2289
0
2859
748
-1131
-8070
-2347
21
0
-64
-108
0
-1317
1166
1274
-669
-1372
-4774
-1512
-7692
4290
0
537
2534
0
-241
-1738
-1273
-5452
125
-2387
296
-311
-413
-780
-322
703
560
0
-3919
0
0
3310
3554
3079
0
-43
-318
0
-1677
-3851
-40
-1392
-34
-5245
-3089
1812
-1500
-4799
-378
0
-97
0
-5096
761
0
11
0
5114
82
-1846
2747
-770
-3419
0
0
904
0
0
0
-21
-9878
-1428
-2669
1017
-957
280
210
952
1596
5157
-944
-410
-2556
-531
-1355
-220
0
-3303
635
0
-96
0
-122
-1946
413
138
4305
118
0
0
66
-5294
2167
-1416
-58
-2299
182
0
-2834
0
1143
320
-890
-3528
0
-566
0
0
-1071
1920
-380
2383
-858
-8488
819
-3270
1122
-567
298
-3800
239
-1989
1029
0
0
0
0
0
0
-250
274
-1207
-330
0
-3253
296
-3397
-2717
-396
-427
0
2014
-658
-3233
0
0
-48
-125
-1792
712
0
931
0
-32
-1016
-3287
-518
443
88
-1221
-72
-569
1406
1039
-2167
124
0
-4190
-4970
3918
0
108
0
-688
5171
0
-1397
-6144
-66
149
-92
-228
0
-5656
-138
-1159
409
875
-2329
452
-4729
1645
831
-3456
216
1297
194
894
-1143
-4736
-2172
-3929
0
776
-416
-651
-387
542
1169
831
-3741
1228
0
112
-3247
-675
-221
-3517
648
-81
1413
-2053
-1292
-3414
0
-3532
-8744
621
-2230
-23
-954
0
-2403
-558
-4137
2806
-517
-466
0
-1266
82
-845
-2568
-150
1522
452
-381
-741
138
0
-1348
-350
-2439
216
-714
-4734
-2635
551
1315
4277
-5122
-1071
-1027
1666
-173
1215
-2628
-542
1397
-2071
40
-2106
341
-1025
-590
1802
0
0
-2672
0
-4
-1347
260
-11743
-3101
-592
1762
-7162
-1405
221
-5627
288
0
-1910
-598
-255
-3516
-2755
744
0
865
315
-762
-857
-190
-9237
854
-2662
1041
-889
414
-2114
-360
-1426
277
0
504
0
0
1008
0
-1535
254
-331
-1526
-594
-6476
3094
-2797
-4507
-804
-308
-595
-4
1237
-6148
0
2401
876
-2769
-2829
-5291
831
491
33
-312
758
1026
-473
1035
532
-1480
-941
588
564
157
-3008
-1252
0
-3404
-2962
-3735
0
2480
0
6896
1820
-1664
-4330
-3310
21
-668
-3438
363
0
-3132
336
5756
901
-1938
-9092
749
-2543
2126
-122
-5802
-181
-744
98
1156
-957
-4012
-1777
6925
-102
64
-327
1644
-455
-1948
565
-1159
-3659
7
0
3706
-3804
150
-1312
3701
-1306
-12
374
-6546
-2495
-1884
0
-5000
-4325
-899
-638
-1145
-4221
0
-2798
-1547
-7742
2460
-97
-260
0
2196
-8
3565
330
-1914
2755
619
-207
-355
381
0
-267
889
-3827
66
-1716
-7051
-2634
-35
4893
464
-1810
4054
-1611
1876
-3121
-2848
-3511
-144
921
587
-1825
-2459
22
-125
1115
1466
0
0
1190
645
-254
-1236
-287
-18406
-1437
-4316
-915
-11428
-5892
836
-9602
-591
-264
-5192
122
452
-1804
-1249
1873
0
908
441
-1986
-2497
-1179
-6850
-1781
-3952
1272
-2160
632
-898
-220
-712
1954
0
-422
0
-127
849
86
400
1776
-3327
-4546
-612
-7224
350
-1782
-729
-1599
-762
60
444
-2849
-7465
-125
1031
-448
-231
-455
-937
-4
452
-125
-248
100
-1831
686
644
-508
-3911
-2340
1077
418
-834
-1336
-1757
0
-2409
-3417
-2748
0
7480
0
2473
972
-225
-7715
-3105
6
-2873
-2012
500
-108
-5731
-2147
430
-1256
-1756
-4223
3635
1822
-826
-592
-8732
-299
-230
104
1509
-2097
-4026
-5370
-2540
-483
-25
-1644
27
419
-59
907
-72
-4104
204
-185
2826
-4222
3360
207
483
-1721
0
-3217
-9175
-3140
-1223
-54
-1743
-2334
-2683
-249
-3884
-7482
0
-16
-208
-10006
1110
0
-2489
0
1946
0
-107
-4397
-740
642
0
0
2080
-190
0
261
-257
-12041
-559
-2898
-11390
-5948
-89
3592
2012
-1876
5064
-2260
392
-5222
-1359
-1010
-1777
218
-3213
-2107
288
0
10
1449
-1149
0
-126
1160
-420
0
-4209
-3992
-22097
-1789
-2513
391
-7534
-5148
608
-3667
1059
-92
2216
-782
-2116
3404
-1265
-31
0
-2211
-1652
-1365
262
-382
-9162
319
-2716
-436
-4076
507
-4798
0
-2540
1734
0
964
0
-16
-1342
122
-1975
-4472
-6506
-1716
-41
-2673
1281
-859
-4643
-1719
-366
-175
2047
2974
-5560
460
216
-35
-4912
266
422
-4387
338
30
0
-220
-379
1773
532
-184
-2862
-1183
1769
-198
-3129
-2817
-2034
0
-2079
-944
4080
0
6027
0
2913
-2002
-1071
-8688
-4459
-43
-5119
-1804
-632
-224
-8527
-5
354
-1600
-144
-145
2160
-1288
3141
-70
-4294
-4724
563
-313
2284
-3187
-3674
-5477
-5748
-2949
-362
-847
-156
-761
1349
2586
-506
-2851
-571
-115
-960
-9347
4513
-24
1566
-1497
0
-467
-4944
-3572
-752
-90
-4129
1131
-5003
-1883
-1300
-2516
0
5335
165
-9111
856
0
129
0
871
127
7244
-5533
-313
6243
13
0
523
-455
0
-69
118
-7208
-1513
-4765
-7746
-3070
-635
1284
-1688
-3601
717
-1129
-783
-1213
-1103
619
-4566
40
-2823
-1591
75
-5291
111
-1514
-1214
-850
-81
-3460
-1009
54
-4848
-5838
-11900
-4766
11
-390
-12372
-1151
0
1595
1272
-594
-641
-660
-819
-2774
-3840
-1686
0
-2141
1180
-4810
-4268
185
-2000
1024
-1948
156
-3900
279
-2163
0
-1638
405
0
98
0
37
-1651
404
528
-340
-6667
-1210
-25
-2027
2220
2882
-4851
1125
2
0
4015
2375
-3250
171
597
-1638
-4886
2366
-1164
-2727
-1000
0
0
0
-1402
113
-1646
164
3166
224
684
-400
-2085
-1792
1035
0
58
100
-6178
0
3978
0
121
-229
-2972
-8011
-4313
-10
-3361
404
201
-328
-3948
398
1726
1245
-1774
-10026
-2730
-3101
3334
0
-2371
-2121
-87
1157
-384
767
-2667
257
-168
402
757
146
-500
-792
349
1483
-949
-1706
-757
-160
62
-3064
2150
-1758
1902
-499
0
506
-1539
-2594
-912
-127
-5003
4411
-155
-2382
-3390
-301
0
2095
-105
-4997
1584
0
429
0
-2119
-32
758
375
-1777
6036
949
0
904
-215
0
-1101
1301
69
929
-2366
-4811
-1987
-130
1291
4468
-3295
388
-2599
-954
-1585
-1821
-1330
-1872
0
-1309
-2703
0
1336
-535
772
1026
-766
381
-167
-56
-54
-3480
-10411
-3458
-5153
-738
-850
-10219
-1767
0
5890
0
-207
910
-752
-4017
680
-2635
0
0
-1321
841
-2113
2446
-1178
-5200
114
-1836
360
-828
0
172
-91
0
936
32
0
0
0
0
0
570
-384
-740
-1421
0
-604
-130
-3151
-3201
-594
14
0
-1248
-2661
-870
0
0
0
-705
-2272
2008
0
1353
0
0
0
928
72
-639
-360
-2606
27
-168
1715
618
-2597
-350
0
-1839
-520
1305
0
-885
0
-2604
259
-913
-1156
-4340
-43
465
-208
0
0
-5763
0
-651
-332
-1916
-422
-846
1644
-4221
-1524
-6347
974
-220
762
672
-378
-5300
-2554
-218
0
64
-380
0
-2642
1277
-1015
1382
-667
1156
-37
1152
-3647
-1100
-556
3311
-1001
0
2102
-1126
-728
1401
64
1650
1970
-799
-1050
1217
-646
-127
1465
-71
-2656
254
-45
-635
0
-1300
1184
-640
-907
-1689
724
68
0
-323
0
0
-1627
-728
-396
0
-594
-2739
1362
-61
479
7218
-1097
-350
1214
-587
-1060
-2202
-707
-1785
0
377
116
576
-1818
-1495
-240
899
-116
0
-2765
0
114
-2135
0
-14220
297
-366
889
-4701
-4659
113
-2507
-420
-171
1697
-1532
0
205
-1257
0
252
623
-3511
0
-809
152
-9980
1069
-1309
-399
-1038
0
-3004
-275
80
870
-424
0
0
0
133
0
1439
522
-5892
-905
-1413
-6643
3121
119
-5171
-1026
1344
-160
1644
1172
-2434
0
2726
-376
-1175
-2650
-2685
329
-646
0
0
80
306
305
-2735
356
-2568
1092
288
2176
536
-1066
-533
0
-2407
-4032
-2852
0
-2193
0
1568
-462
-836
-1996
-3321
-10
-709
-234
1145
0
-9768
0
-510
-889
-2044
-5914
-2053
614
-49
-984
-5454
4136
-77
74
-790
-2291
-4004
-3056
-6139
-68
-320
-1430
2212
494
1436
-1696
-743
-4965
-1046
-23
4114
-2617
-2503
206
-1655
296
-204
2632
2012
-3163
789
-184
-4856
-2084
-1246
-366
1845
-2144
-72
260
28
-6345
140
323
-95
0
-954
1279
2201
-127
-4480
2528
20
0
437
-342
0
201
112
129
0
-600
-1901
-258
339
2072
-3331
-899
-2335
-351
-970
1
-441
-2663
154
0
-1121
-261
483
-936
-1988
406
4433
-508
270
-1144
-38
-16
-2332
-990
-19070
-1181
-1744
-2188
-7346
-3574
-423
-6505
-189
508
-1456
-3051
1840
-3294
-3833
1599
-176
424
-1288
-108
-5519
225
-10748
-245
-1851
92
-1640
312
2809
0
-460
1480
-320
-74
0
83
2626
0
-689
-942
11
-3436
-2800
-7286
1698
3268
-2867
1086
644
381
3356
2986
-7954
635
1032
-470
225
33
-2407
2370
-1094
3264
258
-471
1868
-7
-4265
464
-1300
2517
62
-602
-2023
-2733
-1040
0
-1786
2594
278
0
-5436
0
487
-1526
-2020
-3480
-3432
0
-2447
-172
183
-140
-7512
0
444
467
-1160
-11328
-4742
1469
-358
-286
-3913
-2736
634
-758
-4052
-3644
-6585
1152
5325
136
616
142
-77
-114
1872
-2323
14
-1890
-102
-367
3502
-3585
2156
594
5284
-1352
78
-1354
-4369
-4092
-1290
32
-6960
-1953
-2402
-433
245
-6213
11
-3404
320
-7864
-17
-50
-2953
0
863
-128
-1274
697
-3220
739
0
0
2147
-1732
0
-162
-767
-4072
-55
-1830
-2089
-3517
-381
2342
2981
-1220
424
-7052
-324
-1605
-1584
-4172
397
12
-926
-1204
-1215
12
281
3900
3732
-360
717
859
277
0
-2338
-2384
-13822
-779
-1064
-869
-10747
-2957
2138
-7381
39
223
1521
-7831
-448
-3413
-2780
2306
-416
-1366
4309
-321
-1712
-45
-7594
24
-856
-128
-2947
-84
-3280
0
1066
1163
0
-96
0
-14
-383
52
-1411
-1063
1003
-1268
-1150
-5278
762
-3289
1301
633
-889
397
3979
1027
-6285
526
-829
-432
2713
-388
-4617
-1160
1651
-4318
762
251
-1104
1115
-3137
484
-2979
696
-2214
-493
-4776
-1456
-2032
0
-9602
-5341
1146
0
-6383
0
1144
-3633
-3149
-6721
-3774
0
2086
-1126
-2770
-224
-8982
0
-644
1545
-2764
-8606
-617
-1822
-5973
64
-3271
-5444
-57
3472
-2249
-1216
-7444
-992
-3334
884
-32
-460
-2170
-537
-2119
2513
247
-1560
2045
-470
4837
-5026
4927
1233
-600
-1298
-66
-5870
-3638
-3613
712
0
-5484
-5102
-3285
-2807
-4028
-3869
0
2452
-250
-8191
1736
0
598
0
284
-69
-1626
-1059
-983
-5056
-1651
0
0
-2908
0
-1386
-1986
-5849
-834
-5071
1202
-1843
0
1951
10698
-3714
1945
-2144
1809
-1184
403
-5727
-958
510
-3169
335
-336
2009
-1102
-218
-2255
48
-549
867
-3816
-558
-2766
-1114
-9304
-2669
-1040
-1439
-10391
-1431
228
-4750
-147
-26
-297
-2411
-5571
-4119
-3085
1384
0
475
4633
-270
-959
35
-4083
2862
-772
-20
-2834
126
-3500
0
-381
572
0
-99
0
-33
-2702
80
-1157
-125
-583
-2179
143
-1456
638
-1097
635
243
-427
-180
-3140
1820
-5866
87
0
-1830
-1719
40
-2513
-3429
-746
306
-678
-260
1414
-34
910
672
954
-16
1974
0
-2625
-3062
-827
0
1395
-1034
-6380
0
-5635
0
1183
-840
-790
-6681
-3028
0
426
-64
-2089
-200
-5461
0
1118
-96
-1240
-3246
889
4
1745
0
1846
-2226
24
1202
-3672
-1243
3174
-1538
-1289
0
36
-69
168
-16
310
1454
522
-240
2328
-495
3562
-2614
0
351
1347
-622
0
-4144
-4170
-3829
-2320
0
-1623
-2383
403
-2246
-3083
-307
0
2369
35
-4168
1518
0
-245
0
-3543
-6
856
-4971
539
-2094
182
0
0
-808
0
-1662
936
1208
-1546
-2322
-988
-1549
0
1860
6934
-3193
-598
-883
1215
-2335
341
-4013
-44
102
-2667
-1065
0
-3936
-2030
-922
-1764
177
227
-823
-144
-12
526
1428
-4236
-4250
1921
-1334
-11597
-1152
152
-2920
0
648
915
-1611
-3525
-2324
-2215
-2568
0
-731
718
-306
1884
-210
-5450
-138
-1345
0
-654
0
296
-275
0
1422
272
0
0
0
189
0
371
-60
306
-327
-1254
-378
196
-3664
-3219
0
532
-476
-492
1180
375
0
1071
-100
-2035
-3863
562
-1320
2195
0
0
0
-2687
240
3359
56
-2113
1527
-2912
191
-560
-6400
556
0
-729
1152
48
0
-403
0
192
-2691
765
-1564
-1375
0
62
2582
236
0
-4437
0
-1123
0
-1056
-4518
1848
-22
2131
804
-4094
-3061
0
-512
2551
-1695
-2549
-1060
-496
-1258
0
-1080
523
-1855
0
-1230
-210
-1362
-693
-94
-1491
-6238
-2144
380
1067
-2803
-120
2344
5195
-2052
-381
0
-3238
3295
-495
-1830
-350
520
-4
5387
0
-2386
0
-1161
0
0
-1771
-603
2732
-497
-821
2905
300
0
0
-207
0
-221
0
-1842
0
0
-3149
-54
301
342
8464
-4903
-512
171
438
396
-2881
983
68
0
-1205
682
-1761
-1379
-2694
12
2196
236
-126
-4181
989
0
-1504
936
-11770
-3160
-763
212
-4071
-3210
-846
-1074
456
-135
-423
608
1329
-581
-911
2770
-480
-1830
-1115
-1524
-3924
-272
-9987
185
-1090
0
-3173
-180
-4782
0
-2328
669
508
63
0
99
280
0
392
-982
-411
-676
-960
-3685
759
-1900
-7092
0
294
-2094
-2020
-2120
-1810
65
986
-1232
-5262
-903
772
-1971
-3205
2856
-396
152
1199
90
1919
-1778
-490
-140
-2532
-1354
-1898
-2240
821
0
-6554
-2002
-960
0
-567
0
-1857
-2104
241
-2604
-3484
0
340
344
1234
508
-4351
0
-247
-189
-18
-1937
-2126
1434
2189
384
-2695
-1244
-60
1152
2544
-4486
-5783
-1153
-6751
102
0
54
-1882
-1689
-1786
-2209
-32
-1162
-187
226
761
-2292
1475
-387
-404
-1449
-75
4956
7844
-411
-2451
-136
-731
7448
579
-805
-3571
-2335
-124
6859
-635
-5185
6
-230
-1711
0
-462
-528
3738
-2478
146
6922
0
0
0
-1991
0
-1143
-348
4434
27
-2618
-4107
533
280
175
2820
-4518
-1445
-29
1364
-843
-388
2032
-701
174
-2411
-1808
864
-612
-2308
-218
2030
-36
-543
-2545
-644
0
-4366
146
-6089
-5311
-3222
-2948
-3494
-2514
-1065
60
576
-23
3649
2515
678
-1712
-1103
1366
-508
-354
2985
-1551
-5219
-1143
-1770
201
-616
0
-707
-762
1397
0
447
277
0
-54
0
27
-37
172
-518
1458
-877
-2750
713
-4177
253
-629
-4579
0
0
76
2340
0
-672
-421
-153
-837
-4265
3239
-1691
474
954
-4148
-198
80
1290
-582
-3331
-644
60
-52
642
-450
-1000
870
236
0
1333
-116
-1182
0
399
0
34
-1135
-1330
-2144
-2783
0
1480
2218
264
324
-3883
0
264
2667
0
-2258
-2146
3774
59
0
-2540
-619
-21
586
1080
1188
-1192
-793
3769
1428
0
75
-2791
-40
-1424
102
-89
0
-192
160
-371
-1473
2790
-1707
2037
-273
30
104
4635
-3778
-3048
0
4834
1953
-1739
-3853
-6293
-3149
0
2001
-355
-3180
1580
0
2030
0
990
0
4614
385
-2085
3918
-780
0
0
-2161
0
-1932
-1654
3042
339
-1936
-3187
1155
0
318
-2913
-3698
-754
-3456
144
-1061
-2167
-612
-1130
144
-308
-1767
225
-3444
-1509
420
-1212
-327
84
-104
-1679
324
-4982
-5336
-4245
-1409
-2092
-1229
-7376
-1758
-120
1960
252
0
-42
-1162
-5749
1738
-1337
-2812
0
1087
1170
-2064
