741
418
890
990
837
680
993
677
1362
619
344
868
871
763
1383
1208
377
560
525
611
642
1060
761
557
530
526
444
420
642
472
382
695
827
816
554
918
624
993
946
733
549
832
699
397
654
906
899
604
548
566
704
629
735
698
452
610
571
1433
754
751
787
751
667
689
554
516
563
625
498
1287
1298
576
561
714
586
898
481
1036
761
619
624
1192
1124
608
921
545
438
455
798
616
760
856
751
712
423
425
702
929
431
441
609
606
1346
741
946
805
704
748
702
910
476
669
512
629
808
479
958
456
641
825
589
830
896
587
960
509
901
908
749
624
705
417
809
498
760
510
1259
845
964
1111
756
1111
556
579
651
1281
1591
718
1154
636
770
725
1133
1227
925
1013
692
663
584
1385
745
911
1597
598
689
534
961
877
562
613
648
574
561
718
679
850
1200
962
471
865
700
594
685
628
903
787
1099
557
510
753
792
642
