-14
92
-53
-46
12
-70
90
35
-61
71
-127
38
5
7
-5
-2
-82
-4
-16
-7
6
47
-66
20
-106
-92
-95
-43
49
42
-52
106
31
127
5
-86
16
35
-37
24
9
77
-11
44
-16
48
-39
-9
4
-39
78
76
-15
32
-39
12
17
27
-33
-7
86
-62
18
60
-127
-10
1
63
-13
40
-21
-23
-33
-59
5
37
0
-70
77
-35
-44
-3
-37
-51
17
-102
-104
-10
-75
-43
-3
-14
29
49
18
8
48
-82
29
85
-91
78
-39
-18
-40
34
-1
44
-64
-52
3
-16
-61
84
40
-24
-8
27
-18
-36
44
-62
-90
52
-8
-37
85
-127
35
-33
32
-58
52
60
23
106
-29
25
97
-63
28
84
56
7
47
-127
-9
57
-38
85
-64
45
3
-69
0
58
6
-46
5
10
84
-102
96
42
-8
30
-1
-127
-89
-9
30
100
-75
-9
-117
24
60
54
-70
-45
-9
87
-11
-50
-104
65
-49
-38
-24
-27
-11
8
11
58
-25
-53
-53
38
-19
78
-72
39
-109
102
41
-127
22
47
-102
76
71
-40
-102
82
-70
-35
-51
-40
8
22
-65
-55
-114
95
127
-49
64
67
-3
13
71
72
-67
21
-56
-57
9
-44
33
71
19
-6
-59
47
15
-34
-33
17
-50
-45
114
11
-59
-51
17
-31
2
-31
67
71
-46
-100
49
91
-67
-40
78
-19
-7
14
-59
40
9
-19
35
66
46
-21
32
14
-29
-57
40
95
-31
-127
-59
-31
53
-75
10
37
-16
-57
-40
44
8
14
47
51
39
55
13
79
-34
-51
-33
-16
14
-8
54
17
127
-17
23
4
24
-12
-13
3
-6
-56
-40
30
-69
-13
22
88
-3
10
61
-20
9
31
-30
-27
127
-10
-85
75
-18
-3
-50
69
-34
-58
55
-9
123
-7
101
-79
2
72
-14
-47
100
-4
15
62
24
46
10
82
127
12
-12
-5
-8
-18
81
-12
-35
78
-33
-79
-40
-39
-26
17
-39
-90
-22
30
-34
40
-13
57
-96
65
-31
-58
-36
-23
-72
-69
107
108
48
63
-110
51
-127
31
-35
-59
30
-42
-12
-37
4
-3
42
62
-37
36
77
70
-35
-2
17
57
19
49
28
28
-46
55
-11
12
49
58
19
-19
5
-45
25
11
-4
-6
19
127
-52
-57
17
39
-3
-43
-25
-75
81
-119
27
-8
-28
7
33
-69
2
2
91
58
-31
-48
114
0
41
-26
-127
38
31
22
17
14
-47
63
59
-47
-29
-49
32
-89
51
68
57
127
-4
-104
40
12
20
-67
71
62
-18
24
56
45
-16
-121
-126
-40
6
18
-36
95
-66
3
-48
-41
56
40
82
4
36
32
-89
10
42
-61
76
-79
22
-46
-17
32
37
23
-24
35
72
-127
-24
-124
-45
25
-36
45
0
-58
87
-87
79
-22
127
-1
84
59
-19
88
19
36
-42
25
93
11
65
34
98
-27
34
93
-120
-18
-119
43
27
-85
56
-3
-122
98
-51
-57
-19
-97
89
12
26
24
81
-127
-7
43
28
-7
3
-102
-2
25
27
-8
0
-92
75
9
-70
-49
-51
96
-33
-96
-69
109
-122
-91
-39
88
-21
-14
1
-17
-73
54
-22
5
-104
-52
-33
87
56
20
-85
104
5
-41
47
-127
102
-16
117
-69
69
35
102
83
-91
-63
41
25
68
35
-30
-13
-33
38
-16
-53
-46
-9
12
-27
-7
-77
58
127
44
43
-25
-86
-52
-25
-38
-24
59
-9
-77
54
-12
77
-63
-16
35
-50
12
-127
60
-27
17
-67
-17
3
-75
41
30
64
43
5
81
64
-74
8
15
-26
1
40
-33
-35
54
46
27
22
-53
-16
52
-24
-112
2
-69
106
-65
-65
71
-11
-87
24
-37
-83
82
127
52
-31
-75
70
46
-4
-34
-1
-33
31
32
-118
-94
83
-53
-70
-6
53
-70
98
1
43
99
-77
43
2
-78
21
20
-35
-3
-30
-35
-67
-56
-55
127
-47
49
42
-96
-95
26
-38
56
64
77
1
97
6
-58
56
59
5
35
-32
-19
-6
-2
41
-15
36
74
-48
-20
7
-41
36
24
-41
34
-24
-127
-82
-1
36
-55
-4
6
-87
21
-8
-58
-40
-43
112
72
-100
28
56
-16
32
-127
2
38
-27
-12
82
15
2
125
-7
-19
49
34
-27
-29
-43
12
-35
-120
-57
21
100
-29
60
-37
-45
-3
95
66
-18
-7
-127
16
-72
-28
78
-61
-47
120
97
39
66
-74
-89
22
-44
-63
-89
91
-78
-69
80
71
-40
86
41
29
89
-90
-15
83
106
-48
-41
-36
3
101
-76
-78
-20
-29
38
84
84
-120
-127
55
2
-79
83
-100
-59
83
-15
27
91
20
127
83
45
-43
52
68
-65
106
27
6
55
48
-20
40
-52
-1
-45
26
73
46
-54
-40
54
33
90
-45
40
29
52
-55
-84
40
2
-82
-11
16
61
26
21
-26
-54
-88
-36
71
-61
-79
-51
-30
-37
127
-42
29
-6
30
29
44
-32
-60
107
90
20
-28
23
-59
-1
26
-43
-47
-33
52
-14
-35
-57
-70
-83
67
-15
-2
21
-2
55
30
-23
49
-28
127
-64
-54
31
-84
-22
-43
11
23
32
127
24
36
94
46
-52
71
5
31
-34
17
43
24
47
-10
-71
-89
-7
-36
59
33
-16
-69
-58
-79
30
-67
-72
-11
98
97
-13
-74
22
-46
53
7
74
-107
-75
-15
99
11
-40
-12
70
4
0
-33
1
-13
-56
27
-75
6
14
-84
-59
127
44
-10
-56
-77
34
-56
-45
-27
-37
48
-113
98
11
72
-28
-1
17
95
-27
-10
121
15
-40
-18
-66
-74
-13
-57
11
66
55
61
127
-69
-15
-41
-52
118
83
8
17
32
-58
-20
25
-55
-65
56
52
12
-45
55
-53
-48
-74
-20
3
31
33
-74
-33
-127
22
-44
-30
39
-33
25
34
-79
-70
-100
103
-3
101
127
-38
2
5
23
8
-74
-99
17
60
9
26
36
-65
-52
-19
-4
71
109
-67
-59
94
6
-28
-48
17
-60
-12
4
-3
0
-1
-49
44
9
14
22
16
18
2
-43
-19
39
-36
-61
33
18
-27
-100
-127
80
-4
-30
20
-80
-34
24
-8
-38
76
62
119
59
-1
-47
18
-121
37
40
56
51
-64
-62
-32
17
-14
64
-36
26
-6
-86
-127
73
-62
112
-26
-108
-120
-127
27
-61
29
-88
-14
30
36
10
-23
57
-12
-24
-35
-8
39
14
19
35
-24
-17
30
-40
-42
-23
-41
54
-48
-16
94
22
121
100
-18
-60
-10
-29
-102
-23
-117
52
-127
-46
-15
86
54
-39
-23
69
5
82
-22
74
-61
-45
48
-59
-11
32
10
-110
4
54
-99
84
57
16
35
59
-17
45
-26
21
-36
-21
77
72
-7
9
-51
-11
-42
-34
-37
73
0
-6
49
-38
-40
-127
-10
-98
62
-88
24
-56
-73
45
3
-43
58
-90
53
48
-43
-26
48
-96
-95
-31
-20
56
24
-22
-33
26
-39
30
53
-104
53
19
-20
127
38
105
90
-75
-127
0
8
-42
-27
36
64
30
-49
-1
-47
3
88
9
12
-13
55
22
-44
-23
16
6
-18
2
58
49
17
39
27
-23
25
47
-72
-14
58
-91
46
0
-57
127
-10
42
-76
10
-108
-13
-72
-118
-13
-7
81
62
58
-40
-66
40
53
33
4
74
-62
13
52
-67
97
71
-30
76
-22
-22
-41
-33
19
127
-7
20
-12
-16
54
20
0
45
55
99
50
-49
-73
-8
-11
-73
-40
126
28
86
-76
55
-25
-8
66
10
16
60
73
-82
-28
-40
-75
-8
97
-127
12
-42
-105
68
-54
-71
70
-77
-55
55
-3
-50
-52
33
-114
-52
26
-58
27
10
32
-51
59
17
0
74
-44
-15
-39
-118
-127
17
-59
21
36
-34
46
83
36
-19
-40
2
30
-23
-41
-27
47
-102
13
81
-125
20
10
-127
-77
-50
42
-10
1
55
-45
8
-67
-82
-11
-26
73
66
-28
-23
92
45
-66
67
-32
22
-54
37
52
-8
-59
-87
52
55
-92
-87
9
-12
-8
6
-11
-52
-20
39
26
-16
11
87
68
-20
-67
18
54
-33
-6
-64
5
-20
1
84
-50
-127
65
23
-53
-54
-127
-36
-57
-121
-35
12
-32
-39
-6
102
64
95
-28
-65
-71
-65
0
-29
50
1
-77
-42
-79
85
4
22
6
79
9
-127
57
29
-11
-66
-12
-5
42
25
-81
16
-9
78
-28
-3
18
-11
-15
83
-23
17
-54
-43
8
-60
27
8
2
97
31
108
60
-65
-5
-14
18
11
-20
1
0
5
39
1
-48
32
-10
57
4
11
-127
-71
-13
73
-25
-12
23
-57
-13
-38
-27
-55
-45
-19
22
85
26
-56
-59
-37
-50
-7
-99
59
-107
-102
90
1
-47
-88
54
40
-22
-68
-33
-32
71
-44
-3
-127
13
-86
-2
1
-13
-73
95
33
10
-95
25
51
-54
-42
74
-6
70
-44
-98
-39
-73
63
-115
25
-56
-66
127
59
35
-94
-29
61
-67
53
0
-74
-7
-23
-2
20
27
-68
112
-91
-7
53
24
-127
5
-23
57
104
108
90
-34
-117
-39
49
3
1
88
-5
84
-83
47
-53
-127
25
-34
46
-23
3
-24
-40
-96
47
-96
37
-13
75
-55
124
-51
-68
-17
63
15
94
15
-127
-11
-85
-19
57
42
-64
-10
9
-47
-44
38
47
56
-24
-22
47
119
-122
-37
14
-14
-98
-115
23
68
-86
11
-1
44
-38
32
9
-104
64
-127
13
-97
-44
0
36
-57
26
-28
4
104
-17
7
52
36
-80
-29
74
88
-48
98
16
-10
-9
-47
-40
125
-23
10
55
7
8
38
82
-127
55
-30
20
82
24
-43
-40
-5
1
8
36
24
31
6
83
13
-127
-22
67
23
16
-31
-21
-7
-8
55
50
-6
-67
-68
-34
-29
24
-80
-91
27
37
-31
-43
-35
3
-98
82
59
20
-33
-67
-47
-5
77
70
-14
-8
-50
5
-11
-120
-81
31
-80
-51
-59
127
-52
97
11
0
6
-68
-15
32
-36
-13
21
-43
-51
49
-55
69
71
38
-10
-9
-127
21
75
-63
-21
19
-47
81
11
-49
-82
11
-68
-6
39
-16
106
110
4
35
-12
-60
-26
73
-65
-56
-62
-9
11
39
44
-2
-35
13
-21
-17
-34
-40
73
9
15
-14
-34
-9
32
-13
5
6
-56
-17
24
127
42
26
36
-127
-16
55
78
72
-28
21
-26
15
-35
1
33
35
-24
-48
-75
-57
-25
120
-65
7
-11
29
-27
-54
62
66
-35
29
72
-28
53
2
-2
20
24
70
60
8
30
-127
19
24
126
-37
-93
-37
6
70
86
119
-68
21
-15
56
-72
14
-61
-23
-63
22
78
95
-62
98
127
47
101
14
-58
5
-119
-79
-38
-16
-12
72
70
-24
15
-119
-45
-7
52
16
-69
-83
-11
-126
-90
-12
87
34
-107
-3
-28
-33
73
68
66
84
-46
-66
-82
-9
-56
-11
-21
3
62
-68
-78
61
-127
-26
40
35
3
51
-74
0
6
10
-56
23
-53
-1
28
-88
-47
-5
-40
48
-70
-3
-8
-14
67
-17
-82
-29
4
-81
127
61
25
25
-14
-83
-69
-69
-39
-13
27
34
21
70
27
50
-95
127
-81
-10
-70
-45
37
-4
-31
36
65
2
107
-36
-3
-30
57
33
-63
-56
28
24
42
36
-32
14
-4
6
-62
11
52
-37
-63
-127
-36
-2
-41
41
-25
34
14
21
-13
46
15
22
24
43
20
-24
-47
-43
-46
19
31
-28
-44
5
20
-29
3
-5
21
100
51
-21
24
-79
28
41
31
101
-83
-79
-73
109
98
-1
26
-50
-127
37
-79
-2
-49
14
36
-105
6
28
-64
-7
-27
34
83
-20
-12
72
38
-97
-57
14
15
56
-80
27
-71
56
-86
-53
-20
-127
9
-46
79
65
33
27
114
5
-20
-52
-67
-31
10
8
35
-95
-62
-27
-59
-9
-50
-42
-90
61
73
27
55
4
81
11
82
38
-34
-50
-93
33
2
48
-22
0
80
-39
-21
-88
34
127
-3
22
36
40
127
16
10
-24
-1
-42
-65
72
4
-29
-40
27
-36
-62
59
-34
-10
46
56
11
-23
2
-21
13
-66
-5
45
22
-14
64
-13
27
-6
-63
127
42
99
-73
102
12
-62
-11
61
52
54
-81
23
-64
-16
-34
24
-57
-2
-69
36
0
23
30
0
-7
-4
-28
29
-64
43
51
86
29
-31
42
15
34
-2
-40
12
22
-24
-7
19
-60
-28
-15
33
4
-6
-127
-19
61
29
-64
5
10
-89
-26
-80
46
25
-36
67
89
40
-6
-27
-59
-3
48
-29
64
-104
4
-13
49
-20
86
-47
48
21
107
-41
-53
55
-4
-127
-65
55
-20
-35
76
-12
50
-26
-28
90
-1
73
94
82
71
-23
6
-88
-80
-127
-52
-18
27
74
40
5
109
-58
-54
46
-75
-68
33
50
95
30
-90
49
114
80
127
-84
24
34
17
57
80
-65
16
-7
36
74
49
117
61
-1
27
-62
48
-57
-116
-58
-22
-109
-111
-18
14
-36
-27
29
-127
-82
83
-58
-57
-63
18
-105
92
26
23
15
-14
-20
109
8
-32
-47
76
-60
-3
-47
-17
25
14
83
59
-46
-90
45
127
-50
115
98
30
-49
29
-63
68
62
-60
-28
-99
5
-101
-2
30
21
58
-45
80
-91
54
-62
-14
-18
-51
-26
-56
-26
-65
80
-80
58
67
42
19
-5
44
37
45
38
-88
-7
99
1
-127
-51
0
-27
25
-46
-26
21
-22
-22
11
16
-30
-116
21
2
105
53
-50
50
22
-58
0
-10
67
127
-15
60
116
-63
11
13
113
-109
-38
71
80
72
-2
-31
-31
90
42
-2
-15
19
-32
-1
8
39
77
88
31
60
-35
-37
7
14
-63
30
-31
10
-66
-23
28
-65
-38
-47
63
51
46
-46
-16
-127
-15
2
32
-51
-32
12
5
38
106
76
26
29
-20
-91
-8
-24
53
64
8
127
-3
-102
18
-69
32
32
-53
17
43
47
-27
-122
-30
42
-109
18
30
24
-118
-118
-8
74
14
81
1
-67
-73
-18
-9
43
-81
-90
13
107
85
50
-127
-84
70
-16
-72
115
13
109
-67
26
113
-45
-11
-108
20
-26
67
-2
0
56
77
48
57
-7
-15
114
-118
-45
-42
-127
-106
1
104
121
22
22
-12
98
-70
-34
0
-100
81
5
50
20
-78
-62
-21
-1
-97
-69
0
-45
0
-62
101
56
80
46
-120
104
55
24
-25
-100
-13
-102
16
-34
-22
-92
127
3
16
-22
-23
-4
-74
-53
80
83
-75
97
-59
-94
42
-6
-70
67
36
-6
-28
-89
-14
69
43
-127
-86
-42
-37
-72
-87
-14
83
-80
80
64
-58
1
-42
73
100
15
6
-14
93
-82
-11
-47
-20
51
-127
-49
-12
-99
-8
-70
83
-51
-30
-79
17
11
-32
39
-66
-8
22
-40
-10
58
0
63
127
-22
6
111
-29
84
6
-85
115
95
-44
86
-67
-111
-101
-30
-10
37
-37
-60
-82
-85
-59
66
-120
-31
10
-116
-82
39
-13
50
127
49
-75
5
-43
43
-59
45
63
-42
82
-56
16
-19
20
23
30
-70
31
-63
-52
42
-60
-93
-60
72
-34
57
47
-81
37
35
89
69
55
-63
-55
-62
-10
14
-32
127
115
118
17
-22
-25
-49
126
37
-57
41
-80
-14
12
-1
42
7
86
-23
31
-65
-100
-115
32
127
-28
90
11
-16
47
44
53
37
19
-4
112
36
39
-59
-33
-42
79
67
29
-29
-5
-39
31
-3
-9
-13
-50
-90
36
21
15
-79
24
9
51
1
-64
85
44
-21
7
-21
127
-48
107
-106
-39
90
46
-56
-85
-27
39
-32
-46
63
-34
-30
-116
-11
-52
14
-22
90
-25
2
0
-39
54
36
95
-89
13
-100
64
-46
-4
-42
18
-30
1
-122
-64
45
-46
2
46
51
46
127
-45
-60
26
53
81
92
11
-74
62
103
46
-15
48
-51
51
70
42
34
-41
-67
-12
-1
-97
48
88
16
78
-34
-54
-120
-27
27
127
24
-57
-25
-127
40
6
-62
-21
-118
15
9
30
-68
-125
-81
5
23
-77
-2
69
-74
68
-31
26
-11
-31
6
-56
41
-53
12
-36
-8
-21
-99
22
6
-10
12
-63
-3
-17
46
-25
-123
53
-14
-77
54
47
11
-127
-123
-79
-115
-43
-58
38
-105
-1
-44
-39
9
65
60
5
51
-49
56
-88
103
16
-9
86
51
4
-4
-7
25
38
32
50
127
-47
-10
85
10
62
-75
32
13
61
37
38
52
-69
5
-62
-43
35
7
-19
35
78
-4
-1
-18
42
127
-51
-39
47
101
115
-32
-95
24
25
77
-36
-76
-44
-4
-7
19
-28
65
-68
41
35
-31
1
-49
28
-5
38
-43
-27
-18
-33
-59
-15
38
5
-36
63
56
3
-44
-17
-17
107
22
127
25
-42
58
-20
53
40
30
21
-65
-3
30
18
127
-72
-117
15
67
-88
-1
34
78
73
86
42
-56
7
-112
-56
-70
25
109
56
58
-126
-50
13
18
87
17
27
61
-13
28
-68
-89
127
-51
-8
-11
-32
-19
94
95
12
-4
-50
-36
78
-11
-55
-4
19
-22
-47
-61
-66
31
-9
84
-62
-60
-49
78
47
95
1
-3
50
-1
-115
32
-103
107
50
-44
-127
17
-90
122
19
11
-102
-36
-87
-81
-127
-3
-15
33
-67
84
-118
61
-51
11
65
-16
-15
-20
-75
-3
-71
2
-53
-26
60
85
-9
36
-37
-71
-127
2
-8
-65
-29
-32
-42
-37
50
0
-19
0
4
10
-69
-23
-1
8
-13
-1
81
-38
76
-53
62
-127
-47
-11
-3
-30
-8
93
44
23
-19
9
-18
11
16
59
-8
15
-47
28
70
45
-82
-33
7
22
81
88
34
-37
-44
49
97
-14
-85
57
51
118
-13
-37
-41
-119
-33
51
-57
-30
-74
12
-13
-28
16
-10
-28
-127
-11
72
-49
6
16
-38
23
41
-88
-121
-25
-19
-9
9
-57
-98
49
-18
2
55
-89
73
-41
-67
-32
27
-79
-23
-74
-10
-17
127
36
-42
-49
82
31
127
40
-42
-10
30
49
-52
-52
-51
92
19
1
-64
-16
-15
32
18
92
-53
-52
37
55
-35
-40
85
2
-15
-19
16
25
1
-63
27
8
37
-94
-88
33
-19
-31
-27
-101
25
-6
-127
91
66
-19
-48
-19
48
29
-49
-16
-54
46
22
-49
22
36
-19
-27
20
59
25
81
11
-62
-68
-81
32
91
5
2
-10
33
-68
41
-22
127
-41
-15
-41
-3
-34
29
-65
59
-28
-32
-50
127
65
18
-41
-33
18
3
-19
64
-4
52
-58
-57
-37
-50
-64
48
-73
-42
64
-5
-57
-56
-14
-8
-2
79
37
56
85
8
-56
36
-127
61
-84
-22
98
-3
-24
7
-13
124
-13
-58
-26
33
-99
42
68
7
-81
-80
-41
0
-49
51
-49
57
-4
101
-45
-18
68
84
90
-8
-55
-56
14
87
79
127
55
-51
-77
-40
-62
58
-92
52
-69
32
-18
-85
5
-34
-51
-73
4
-48
93
-51
40
-18
123
-70
85
-110
-61
68
-16
-6
0
-4
115
-37
-85
-127
-42
77
-30
-80
44
35
-95
-12
34
27
-30
21
-83
-76
124
-29
-48
-63
31
51
-28
-38
-3
21
47
65
-47
-90
-9
127
19
89
-27
-4
94
-2
12
-26
-113
85
8
39
-104
31
-37
-44
25
60
32
8
22
23
55
102
4
-103
49
-67
-30
-41
-42
-67
81
31
-1
8
61
79
27
56
-127
-33
33
-60
-87
9
-24
35
15
-47
-10
-53
-72
-79
73
51
23
-48
-6
54
15
-22
27
-52
-127
74
43
33
62
24
126
20
-36
77
-6
67
77
-116
-23
-72
-55
-57
97
-75
106
8
48
37
-79
-67
-50
31
49
-78
-35
-63
-2
-101
-79
-77
-31
-91
-21
34
-19
-21
-57
109
65
3
-127
-94
-71
24
-57
-27
10
-44
-20
50
61
-55
-59
-11
-24
81
-59
-44
-48
57
-21
-17
1
35
-14
-127
-33
-81
-82
6
50
-15
-110
-32
-67
14
115
22
-57
-19
8
16
5
-32
18
-29
-82
54
6
56
33
10
-1
117
26
83
88
-47
-93
-30
-3
-54
-44
22
127
-39
52
97
92
-19
21
5
88
-84
41
19
-33
-83
41
-90
-111
-4
-21
65
31
10
-105
-106
-27
63
-21
49
-127
30
85
-113
-71
-66
-9
86
-9
-21
-21
75
-67
127
-40
-11
11
102
-26
8
-39
89
-50
24
-78
6
-60
11
12
35
-56
16
-22
2
28
41
48
-48
-19
-18
13
89
52
-47
25
7
7
73
-56
11
29
-15
-48
-33
9
62
-35
-4
-18
-34
1
15
-40
13
-64
-47
-4
-42
-127
-20
-72
21
-14
47
-69
20
12
51
24
-17
12
58
-38
-21
58
80
-9
-24
-107
-127
94
-111
-114
74
-34
-62
5
58
73
65
6
-8
-12
27
-9
47
2
-61
-121
-2
-3
-27
-17
-42
4
111
47
-33
-28
74
114
97
47
-9
-31
-106
-55
20
55
-33
-7
87
-43
47
37
-127
72
-53
45
-35
55
55
17
-67
127
-37
41
-11
-44
-31
56
-59
-107
-38
78
18
-21
66
-113
-52
59
88
-53
18
-31
58
-29
18
-66
48
-78
66
15
-39
-60
-35
-9
-23
127
-45
24
-53
1
8
35
32
-76
28
-24
-54
108
-52
46
-53
-36
-56
51
40
25
4
-13
-43
78
-30
127
62
126
88
-16
-48
87
-43
0
-51
44
-72
8
11
-29
31
-96
95
52
8
44
-74
-18
-98
-35
9
-50
-100
43
30
-13
-71
0
18
33
88
-14
-26
-31
8
-5
-41
79
-23
-34
127
-41
31
2
22
-16
34
42
27
-28
17
26
-8
-18
-47
1
3
-2
27
18
-19
-11
8
-63
60
-24
-48
-17
-120
127
-91
97
-101
-45
60
62
17
-53
-8
-4
-59
-14
33
38
-63
-31
78
71
41
-98
13
-21
49
74
-8
127
-47
-33
-49
8
-7
74
-74
-94
29
-5
-97
42
-22
-88
-40
24
35
-57
35
-56
41
-18
30
-18
18
14
127
70
-20
40
63
67
-68
28
-11
-29
6
-48
47
-2
-40
-81
-29
44
-72
116
-34
62
-92
-85
2
21
-108
-92
-12
-11
-68
67
41
14
-26
44
17
34
65
46
-76
49
35
111
2
-86
101
-43
-127
-69
22
54
-28
26
-55
-2
-34
-21
116
-40
105
-11
30
6
23
-50
-41
-17
-16
-24
-1
-46
4
-16
58
28
33
87
11
-81
-52
35
-18
32
-10
80
-32
-14
58
-1
-17
127
-51
-5
25
44
-61
-97
54
-3
-90
127
-54
22
63
93
61
-122
-56
-25
29
-30
111
-91
-36
126
32
-14
-55
-79
38
16
46
-5
-49
-99
93
106
-35
27
29
-29
-25
47
46
-54
2
-3
109
43
5
-16
78
-15
-122
35
-83
-53
97
-3
-122
5
-27
63
-81
94
-2
24
127
-15
-62
29
-16
-46
-52
121
19
-1
41
12
-20
6
17
-67
32
-79
44
73
-4
30
85
35
20
22
-108
37
127
23
-5
120
-47
-15
127
-71
-33
28
7
-105
-29
26
101
22
-12
1
26
-41
-65
-61
-51
-23
69
39
10
15
-18
68
66
112
68
38
-23
-36
27
22
65
68
-42
-127
-82
-20
-21
0
20
75
13
-78
32
70
-24
44
18
44
50
19
23
84
-35
-53
52
35
-5
-49
-120
29
-33
-22
103
4
26
-15
18
-40
-73
-62
72
7
-27
-95
84
73
-25
11
32
21
-57
7
-52
127
13
-15
83
5
-22
-8
15
29
3
-47
-49
-41
72
85
100
35
32
46
-43
-11
-25
8
37
26
-102
-40
40
-70
-100
-24
83
34
-103
-33
-15
-127
60
-43
42
12
-39
-91
84
48
-21
-45
-20
-127
61
33
-46
-34
-5
-23
21
-10
0
-9
-19
-18
18
53
-104
15
43
65
37
59
36
21
32
-30
9
-77
20
0
-14
-64
-59
96
69
10
-48
-43
-75
86
-38
-85
47
-44
-72
49
15
13
4
13
26
-50
-25
0
56
127
-2
-100
4
41
-31
-40
-127
-23
-18
-9
37
-118
-30
-82
-24
96
38
55
-71
39
36
31
40
-33
15
-60
-68
-121
-75
-55
-38
24
90
2
78
-71
83
11
-7
52
-18
2
3
-8
-28
-14
48
28
-5
-10
-127
2
48
33
28
-89
41
10
71
-47
31
-25
9
-77
89
13
36
7
-50
55
30
29
0
-61
47
-63
65
-11
7
73
34
60
64
13
-56
45
-20
-18
-46
-32
-69
-127
11
-27
-72
70
44
29
23
68
80
-89
26
1
-18
-34
-47
13
-29
94
15
108
-7
-50
-60
51
1
7
78
-40
39
-40
-56
-31
50
-75
88
-16
26
79
127
63
61
21
-44
-1
42
-36
-13
7
23
-58
-60
20
-101
-31
2
15
3
60
29
-4
63
-74
14
-16
127
-16
5
-34
-41
-15
-25
-40
-31
-53
-45
127
51
-14
15
47
26
28
36
59
6
-67
-46
19
-25
-126
-4
67
15
13
19
-33
-101
-30
57
-112
76
21
-85
-25
-35
-88
-62
81
-26
14
64
-78
-80
85
89
37
16
-38
45
-26
-45
-75
-25
-51
95
-34
21
13
-6
-40
5
79
-45
20
12
-127
36
-9
-9
-41
-45
-22
-12
46
-87
-37
-127
64
22
3
2
-83
-52
-37
75
-54
0
-7
42
-11
-28
-84
-5
-10
85
11
0
-39
19
18
31
-13
107
-17
-17
-10
127
111
25
-67
-42
-44
51
70
-75
-38
8
-47
-65
-4
50
-24
-10
-19
30
-53
-54
9
57
17
-26
-9
18
9
-26
127
94
53
-28
22
8
-30
7
-15
95
77
14
-36
-54
53
91
27
45
13
-57
7
49
-62
47
1
-4
-34
-77
7
50
-61
-28
20
-90
8
7
-30
62
64
-78
36
86
-127
96
-52
-28
-19
-8
-13
-49
-37
-35
-60
-45
33
-11
-35
-46
30
10
96
-51
44
-11
11
-24
-4
43
-4
7
-5
40
-86
64
15
-127
-2
39
26
-80
-56
-57
-42
-21
9
17
24
-38
-17
-48
-4
127
-31
37
43
24
70
-20
65
-86
31
1
27
47
46
46
16
24
-26
-42
43
-39
52
-76
77
-6
-32
-124
82
-66
4
-69
30
25
21
1
53
18
61
9
1
-18
14
25
-60
-40
-9
-64
3
83
-127
-1
-33
-14
-17
10
66
0
100
96
-75
32
-63
-74
3
-26
-9
-41
-5
70
27
37
52
-27
-30
-85
50
-7
55
17
-22
-89
79
-4
-26
-100
-48
-60
-50
-127
6
-40
-6
-59
-4
11
31
75
-56
67
-31
-105
-50
107
-29
28
-92
34
4
110
12
-115
-52
54
12
62
78
127
-108
-28
49
-107
-36
-3
82
71
-60
88
82
10
37
-27
123
17
52
-63
44
41
39
2
-33
21
-83
21
64
-1
127
-68
79
80
-22
20
-78
-27
69
-26
-126
-83
-2
-8
-74
81
3
-4
30
4
-71
57
-12
9
-14
58
-9
-83
-11
2
21
-1
38
-21
41
-127
90
96
27
17
23
-59
3
-1
0
28
-20
69
-6
67
15
39
17
-9
-66
89
1
-48
-23
-27
-38
65
18
-23
58
80
-70
-24
-9
33
41
127
8
3
-19
-111
24
-2
18
67
-74
66
127
-20
80
4
48
-25
-20
40
-66
-12
-85
-63
4
77
-40
41
7
35
-63
46
26
-3
-21
-36
42
-96
22
26
25
-1
74
9
-28
-2
100
15
63
42
-29
-1
-10
27
-101
119
-81
29
20
22
43
42
-83
-127
98
-107
-45
-31
16
-26
93
-63
-50
14
50
-36
17
-111
-117
82
-4
89
-17
9
-118
-16
105
127
1
17
-80
63
35
-115
59
37
27
10
-79
-14
66
83
65
88
25
-32
-38
-46
-69
-69
-57
69
-31
-22
49
-105
-67
-30
-36
21
-43
-28
9
-59
43
-42
-4
48
-29
-65
15
95
-127
89
35
-11
19
-53
101
-64
108
46
-7
100
41
-57
-9
22
114
-127
48
-80
-80
31
-41
60
32
-21
-53
-81
-115
-10
36
-11
-88
36
-47
-12
9
100
-9
-84
71
-104
-66
-17
-32
120
36
-85
10
-13
21
-15
-82
-127
117
5
10
72
61
-51
73
-77
10
20
61
-84
-44
-20
-44
-68
-34
64
-40
-2
91
-11
-119
127
114
-52
55
-83
99
-63
-20
87
48
-1
32
-1
49
42
0
-6
-12
6
14
58
8
-62
12
-60
-52
20
-43
-9
17
16
7
27
-31
0
-37
17
54
-64
-66
127
91
87
-33
3
-79
-73
-46
-26
41
-26
-35
9
-2
6
3
-27
16
23
-60
22
-27
76
-33
9
-33
-86
-35
-1
37
-84
70
37
29
17
-36
-39
-3
74
79
-59
28
-41
52
5
127
64
-73
-96
-22
-31
-79
3
36
39
-66
-35
-65
72
7
19
-15
31
-28
36
-66
-39
-9
82
-37
29
41
28
-127
31
-60
41
-62
20
12
20
34
-17
70
66
2
32
69
-60
-43
-47
-13
-17
36
-4
-4
-38
-33
15
-33
-10
-6
-65
63
-127
-67
-23
-19
12
-23
18
45
-106
16
0
40
-6
-15
90
59
34
-23
-29
-22
16
-127
-81
-13
-28
-11
35
111
42
-67
20
39
-82
52
-36
28
3
-3
24
15
-78
70
-77
-24
-17
55
-63
-44
-10
1
-88
-15
34
120
14
37
-1
61
-67
-58
-39
-27
-90
-37
48
3
-102
-127
95
-39
0
63
98
40
13
47
-16
99
94
49
51
-12
77
-71
-12
-68
-16
52
-88
-54
103
-127
-90
-20
47
-8
28
-105
-6
-38
31
-25
-73
68
-41
122
74
-29
127
83
-41
53
-72
97
-19
13
87
-64
54
58
19
-81
4
22
35
53
-85
51
-53
37
-83
-40
14
-18
-4
-14
-87
-57
-127
-33
-18
-16
-105
10
42
31
38
-1
30
-40
38
60
-50
-70
-108
47
-28
-120
27
39
36
-17
34
-48
7
-7
-16
70
39
-40
-15
24
-42
-61
124
-44
-21
9
-127
1
64
71
-91
-5
58
-32
1
42
115
-87
-88
-44
-22
-33
1
-35
31
-41
48
-16
-24
-42
8
23
-22
-50
46
-23
31
59
-32
-21
95
-109
-5
-70
61
-110
-21
127
65
-12
-40
67
-9
7
-15
6
34
4
67
44
-59
-37
17
28
2
109
-7
-123
55
-71
-127
-69
-65
14
115
-48
-46
26
20
49
93
36
-30
-27
0
-38
-6
55
-7
-27
43
73
-92
38
-42
-66
40
-60
-3
-1
33
4
106
-61
-12
35
24
17
18
-50
-57
-36
17
-33
9
-117
-26
42
13
-32
35
-17
39
127
1
68
127
1
-118
22
-123
-21
88
4
4
100
20
-34
-69
19
-53
-62
95
20
-61
28
-47
-10
-40
-68
15
-125
53
-98
-29
37
34
9
9
83
25
65
74
9
5
-127
0
-45
-3
-117
-38
-23
-35
-16
55
-28
-16
-36
-66
75
-81
36
37
63
-30
37
-19
-47
58
9
8
-3
-42
53
-40
-127
6
21
-41
-93
23
6
-90
64
70
65
73
-62
65
23
24
-84
92
69
-58
-34
25
58
-48
44
-31
44
19
61
24
12
28
-53
49
76
78
22
68
-31
45
28
-20
-65
-33
-17
59
94
-28
70
-7
-24
-85
65
-127
-7
-30
-51
89
-35
30
39
-82
-5
-2
103
47
-44
-23
-92
-8
-83
-90
-127
-90
-83
-38
-11
-10
-1
-52
61
-28
37
-50
-9
13
80
-50
16
127
80
71
-59
-14
-46
-75
112
31
82
22
106
29
94
34
52
12
19
28
-91
-34
34
12
56
8
69
-46
-29
-33
-107
-18
24
-57
5
-66
-10
7
-12
-100
-4
-44
-23
0
53
67
75
-37
-89
-63
-74
-23
11
-46
69
-31
106
42
-93
-127
29
89
1
41
-45
127
36
-56
80
35
115
3
-49
15
50
30
56
-97
65
10
32
87
-99
44
-6
-44
6
-44
26
44
-47
70
-21
-40
-6
-43
77
-16
115
-65
-33
120
-65
113
50
-70
18
-25
-17
52
71
-83
58
96
-1
-4
-13
-84
114
-80
106
-67
127
-114
69
60
-9
64
0
