0
0
0
12
0
0
0
0
1
0
1
0
2
0
0
0
0
0
4
0
12
0
0
0
0
5
6
0
0
0
0
0
0
0
0
0
3
3
0
10
17
1
0
16
0
10
0
0
0
0
23
1
9
16
3
11
4
0
1
0
1
0
13
12
0
7
0
14
9
14
0
21
0
0
3
6
0
3
0
11
9
26
1
4
0
0
0
0
59
38
0
10
0
0
0
0
0
0
11
6
10
0
0
0
23
5
0
4
0
0
0
0
0
3
12
0
0
0
13
0
0
3
12
0
1
0
22
0
0
0
22
6
0
14
0
15
0
0
0
7
0
48
0
0
14
0
0
22
35
0
0
0
0
17
0
21
0
0
0
11
0
30
7
0
0
18
0
0
0
9
0
3
0
0
4
13
46
0
0
0
17
0
0
0
0
12
0
5
2
2
0
0
0
0
0
12
0
13
5
0
4
9
1
0
34
0
0
0
0
0
0
0
3
3
0
0
0
0
12
0
53
5
22
16
0
0
0
0
3
0
0
8
11
1
0
18
0
9
0
0
0
18
5
0
9
0
4
1
1
0
1
0
3
41
0
0
0
6
0
14
7
10
0
23
0
0
3
0
37
0
0
0
0
0
1
4
0
0
0
3
53
20
0
10
0
0
0
0
0
0
9
7
12
0
12
0
0
0
0
0
0
0
0
0
2
20
12
0
0
0
13
0
0
3
11
0
0
0
23
0
4
0
43
16
3
9
0
0
0
0
0
7
0
27
17
0
0
22
13
24
40
0
0
0
0
0
0
21
0
23
0
7
5
0
4
0
0
16
0
0
0
12
0
3
0
0
0
13
0
0
0
0
17
0
21
0
0
12
0
3
0
0
0
0
0
0
0
12
0
0
0
0
19
3
1
19
11
0
0
0
0
0
0
13
1
0
0
0
0
1
4
0
25
1
1
0
0
0
0
0
0
0
0
10
13
1
0
0
0
3
0
0
0
18
20
15
9
1
0
0
0
0
1
6
5
0
0
0
8
6
5
14
8
13
5
10
0
8
3
0
0
0
0
0
0
0
0
6
0
0
0
3
4
19
0
12
0
0
0
1
0
7
2
7
6
0
6
0
0
0
0
1
0
0
0
0
7
9
2
0
0
0
13
0
0
0
12
0
0
0
13
0
0
0
18
0
0
16
0
7
0
4
23
0
0
22
0
0
0
28
18
23
24
0
0
2
0
16
0
21
0
12
0
10
0
16
0
0
8
17
0
0
0
9
0
3
0
0
0
12
0
66
0
0
17
0
0
0
0
12
0
3
1
0
0
0
0
0
0
12
0
4
0
0
0
0
1
0
16
0
2
0
0
0
0
0
11
11
0
0
0
0
14
0
0
22
2
0
0
0
0
0
0
0
0
10
15
1
0
0
0
11
1
0
0
12
20
11
9
19
0
28
0
5
3
1
0
0
0
37
0
6
3
14
7
11
3
9
0
0
3
0
0
0
0
0
12
0
0
4
0
0
0
10
6
45
0
18
0
0
6
0
0
0
9
2
8
0
6
0
0
0
0
0
33
0
0
0
12
3
1
0
0
0
4
0
0
4
9
0
27
0
0
0
0
0
17
4
0
14
0
16
0
0
26
8
0
10
40
0
0
50
1
22
33
0
0
0
0
0
0
21
0
12
14
12
0
27
0
0
23
17
0
0
0
3
0
3
0
0
20
10
0
1
0
0
15
0
0
38
0
12
0
9
2
0
8
0
0
0
0
12
0
16
0
0
24
0
1
14
0
0
0
0
0
0
0
12
13
0
3
0
0
0
15
0
18
0
0
10
0
0
0
0
5
0
0
10
17
1
0
14
0
6
0
0
2
0
12
0
9
0
3
30
3
0
2
0
0
4
0
0
0
6
1
14
13
14
4
0
11
0
3
0
18
18
0
8
14
0
14
0
0
0
0
0
0
43
0
10
0
0
0
0
0
0
11
0
10
0
4
3
0
0
0
0
30
0
0
0
21
3
12
0
0
0
19
0
0
4
15
0
26
0
9
0
5
0
22
0
0
15
0
0
0
0
3
0
0
0
1
0
14
49
0
22
31
9
0
0
0
17
0
21
0
7
21
11
0
12
0
0
28
18
5
5
0
8
0
3
0
1
0
10
2
0
0
0
14
0
0
34
0
12
0
5
2
1
0
0
0
0
0
12
0
0
0
0
0
1
1
2
0
0
0
0
0
2
24
0
9
0
0
0
0
12
0
0
6
0
0
0
0
0
0
0
0
1
0
12
3
1
0
9
5
10
27
0
0
22
0
6
9
0
3
0
17
0
1
0
1
20
10
0
3
6
0
14
10
9
0
0
0
0
3
0
0
25
0
0
5
6
1
3
0
0
0
1
23
0
0
10
0
0
3
0
0
3
11
5
10
2
0
0
0
0
0
31
0
1
0
0
0
14
4
0
1
0
13
0
0
4
12
0
0
0
22
0
0
0
0
6
0
4
0
0
0
0
0
8
0
19
0
0
0
0
0
21
7
0
14
4
4
0
0
21
0
0
0
11
0
20
0
0
0
18
0
11
0
9
0
3
0
0
0
10
13
0
0
0
17
0
0
0
0
12
0
5
0
0
0
0
0
0
0
13
0
0
0
0
0
40
1
0
0
0
0
0
0
2
0
0
10
0
0
0
0
2
0
0
56
0
17
0
0
0
0
0
0
0
0
4
3
1
0
0
24
10
6
0
0
16
0
0
9
39
6
0
48
0
3
9
0
0
0
0
0
5
0
14
8
4
0
0
0
0
3
0
0
0
0
0
4
0
1
0
0
0
0
24
10
0
0
0
0
0
0
0
0
6
14
12
12
0
17
0
0
0
0
4
0
11
0
0
0
0
13
0
0
0
13
0
0
0
12
0
0
0
20
0
0
0
11
0
2
0
0
38
0
0
0
1
7
0
0
2
0
0
0
19
17
13
0
0
17
0
0
21
0
0
0
9
32
0
1
0
0
20
0
0
1
10
0
3
0
1
6
1
0
0
0
0
17
0
0
0
0
12
0
1
0
0
0
0
0
0
28
9
41
3
2
0
0
31
1
0
24
0
0
0
0
18
0
0
10
1
5
0
28
0
0
0
51
0
5
0
0
16
17
0
0
0
0
10
6
1
0
40
20
5
0
0
0
0
21
0
9
0
0
0
36
0
1
3
0
0
0
0
0
4
10
14
0
15
14
2
25
0
4
0
0
0
0
0
5
0
30
6
0
0
0
14
0
0
0
8
0
0
2
0
0
0
13
11
11
0
6
6
0
0
0
0
4
0
0
0
18
0
7
0
9
0
13
0
0
0
12
0
0
20
23
0
0
0
15
0
0
16
0
0
0
0
0
11
0
2
0
0
9
0
0
19
2
0
0
0
25
0
0
21
0
0
0
9
0
4
6
0
0
4
0
0
0
4
0
3
0
7
0
2
0
0
76
24
17
0
0
0
0
12
0
0
1
0
0
0
0
0
2
7
52
0
1
0
0
10
1
0
23
0
30
0
0
10
3
0
10
0
18
0
23
9
9
0
11
0
0
0
0
0
0
0
3
0
0
22
16
0
0
12
0
0
28
0
0
3
13
0
9
0
3
0
12
18
1
2
8
0
0
0
15
5
0
14
1
10
17
4
0
12
3
0
0
0
0
0
0
0
0
3
0
0
0
11
0
0
0
14
0
0
0
0
0
0
13
8
6
1
2
0
2
0
0
0
34
0
0
0
0
0
13
0
5
0
0
0
0
0
8
0
0
4
12
0
3
0
18
0
0
11
0
0
0
0
0
0
0
40
0
0
21
0
18
21
20
0
5
0
8
0
0
21
0
0
11
7
0
20
0
0
0
7
7
2
0
4
0
0
0
44
12
11
33
0
38
0
13
0
0
18
0
12
0
13
2
0
29
0
0
0
0
11
41
9
3
0
0
2
1
0
0
0
0
0
86
22
0
0
7
0
0
0
0
0
0
0
37
0
10
57
0
0
0
0
18
0
0
9
17
6
0
20
0
6
5
0
0
0
4
3
9
10
7
61
14
0
0
0
0
0
0
0
4
6
1
14
9
14
5
0
0
0
2
27
20
63
0
22
10
0
0
1
0
0
0
0
4
0
0
10
0
0
0
0
0
0
11
8
9
8
0
0
45
3
4
0
15
0
0
0
2
10
10
19
0
1
0
0
0
0
12
0
17
0
8
0
17
26
29
29
0
15
0
0
0
12
0
7
0
9
0
0
16
40
0
22
40
0
0
0
0
20
0
21
0
6
0
14
10
1
0
0
0
11
0
0
0
8
0
0
0
27
8
11
0
0
0
0
13
7
0
0
0
12
0
5
2
1
0
0
0
0
22
12
0
2
0
0
0
5
1
1
0
45
0
0
0
0
0
0
13
1
2
0
0
10
0
0
18
0
0
0
39
0
0
0
2
0
0
10
17
1
0
8
0
1
17
0
0
0
23
0
9
7
5
0
0
6
3
0
9
30
6
9
14
6
12
14
10
9
1
32
23
0
3
0
0
17
0
0
13
0
0
6
2
0
0
2
0
0
0
10
0
0
8
0
9
0
11
7
10
0
3
0
0
0
0
0
0
0
0
0
0
0
0
0
0
0
0
0
2
0
11
0
0
0
19
0
4
0
0
0
0
0
0
0
0
0
0
0
0
0
0
0
20
0
0
22
0
0
0
0
0
21
0
21
0
0
0
11
0
14
0
0
0
18
0
15
0
8
0
0
6
0
0
11
11
0
0
0
17
0
20
0
0
12
0
5
7
8
0
0
0
0
16
14
22
0
1
0
0
35
2
5
0
47
0
0
15
2
0
0
13
28
5
0
6
1
11
0
61
0
0
0
13
0
0
0
0
0
0
2
11
1
0
0
9
17
18
1
0
0
0
0
4
3
5
3
0
7
10
17
0
0
0
0
0
6
0
14
8
8
0
0
0
0
3
0
0
3
0
0
13
0
0
4
0
0
0
0
2
0
0
0
0
0
14
10
14
0
0
0
7
5
9
0
0
0
6
0
19
10
0
0
0
0
0
0
0
0
0
0
0
15
3
17
0
0
22
0
0
0
0
0
0
0
0
0
0
0
0
0
0
0
0
0
32
0
0
22
2
0
24
0
0
0
3
21
0
0
3
11
27
0
0
0
0
15
5
10
0
8
0
0
0
0
0
4
0
0
13
0
17
0
0
0
0
12
0
10
1
22
0
0
0
0
20
11
4
0
11
0
0
25
1
0
0
19
0
0
0
0
0
0
12
0
0
0
21
0
3
0
0
0
0
44
10
42
0
0
0
2
0
10
13
0
0
0
6
0
0
0
15
0
0
0
7
54
2
6
0
7
3
0
0
0
22
64
0
6
0
12
2
7
0
0
0
0
4
0
22
2
0
5
31
0
2
0
0
0
0
0
0
8
0
3
0
0
6
30
0
0
6
0
10
0
0
0
52
0
4
0
36
0
0
0
0
0
0
0
0
0
0
0
0
19
21
0
0
0
0
0
16
0
2
0
0
4
0
0
0
0
0
0
0
55
0
0
59
0
0
22
0
10
0
0
0
0
0
20
0
27
10
0
14
1
6
0
12
1
9
0
0
2
0
0
0
0
0
6
0
0
0
19
13
0
0
0
0
11
0
1
1
0
6
0
0
2
7
9
13
11
0
0
0
6
0
0
14
0
4
0
0
0
0
0
4
0
2
0
6
0
6
0
0
0
0
18
0
97
0
0
9
0
0
13
15
3
0
0
0
0
21
0
10
0
0
15
9
0
1
0
0
0
0
0
0
10
20
69
7
6
0
8
0
6
0
0
0
13
3
0
0
0
0
14
34
0
11
0
0
0
0
4
0
0
0
0
0
0
0
40
1
11
6
4
8
12
0
0
0
0
13
0
29
0
21
0
0
12
6
0
0
0
0
0
0
20
0
0
0
0
24
0
18
0
0
0
0
0
0
0
0
0
0
14
0
36
7
0
19
0
0
22
0
12
0
0
0
0
0
20
0
4
0
8
25
7
0
9
29
4
0
0
1
9
0
0
0
1
20
13
2
0
0
0
0
37
0
0
0
11
0
5
2
16
14
0
0
0
0
11
19
5
0
0
0
0
1
12
0
0
0
0
0
0
0
27
10
14
20
0
3
12
4
0
61
12
0
0
0
0
0
0
22
0
0
16
17
0
0
0
0
4
0
9
0
22
0
6
9
0
6
0
0
0
1
0
3
0
0
0
7
6
0
5
11
12
3
5
0
0
3
0
0
45
0
21
6
0
0
2
0
0
0
0
8
0
0
11
0
0
0
0
0
14
11
11
9
0
0
0
0
0
0
0
21
2
15
0
0
12
20
17
0
0
37
0
0
0
9
39
13
0
13
1
30
20
0
0
0
14
0
0
0
17
0
0
0
0
16
0
0
14
0
22
0
0
0
0
0
21
0
19
0
16
0
15
15
0
0
3
16
9
1
68
6
3
0
2
0
83
30
11
0
1
0
0
33
3
0
0
0
12
0
5
2
0
0
0
0
0
27
12
55
0
0
0
0
14
0
2
0
36
0
0
0
24
6
0
13
0
3
0
30
17
0
0
0
0
0
0
1
0
0
0
0
0
0
5
8
1
0
0
0
3
33
0
0
0
37
0
6
0
5
1
0
0
16
0
3
5
7
0
21
6
0
14
9
4
0
10
23
0
3
0
0
0
0
0
13
13
0
3
0
0
0
10
0
0
0
10
0
0
43
8
24
0
11
0
10
1
0
3
0
20
1
0
0
19
0
0
0
24
14
0
0
0
21
0
0
12
1
28
0
0
18
9
0
9
0
15
0
0
0
0
0
0
0
0
0
0
0
0
0
0
0
22
0
0
1
1
0
24
0
21
0
0
0
11
9
0
0
0
0
16
0
0
8
8
25
3
0
0
0
27
1
0
7
0
17
0
2
0
16
12
0
0
2
0
0
0
0
0
20
10
105
0
0
0
0
14
0
0
0
37
0
0
0
29
0
0
9
4
0
0
20
6
0
0
0
28
0
0
0
4
0
0
30
14
0
10
8
3
0
0
0
12
0
0
0
0
0
0
3
0
0
0
0
0
0
0
1
20
0
0
0
6
0
14
5
1
0
0
0
0
4
7
0
0
0
23
2
0
22
5
0
0
0
12
2
0
0
9
0
0
0
0
0
0
11
8
8
0
0
6
0
0
0
0
0
50
51
0
0
42
3
0
0
0
24
0
0
13
12
0
0
0
22
0
0
0
0
15
0
0
0
0
0
0
0
0
0
0
0
0
0
0
0
22
0
0
0
0
0
0
2
20
0
0
0
0
0
0
0
0
0
15
0
0
46
11
0
7
0
32
36
3
10
0
0
0
8
16
0
6
0
11
0
0
2
15
0
0
0
0
1
13
55
4
0
0
0
11
5
0
8
59
26
0
0
31
0
0
14
42
0
0
0
0
8
0
44
0
0
46
0
60
0
0
15
0
0
1
15
6
0
0
0
11
15
0
0
0
0
0
9
22
0
0
0
7
0
0
0
0
1
0
2
6
0
15
9
15
0
27
27
0
2
25
27
0
0
27
0
0
0
4
0
0
0
0
0
0
0
10
0
0
0
0
0
0
11
16
9
1
0
12
9
26
0
0
41
52
28
0
0
27
7
0
0
0
0
0
0
11
11
0
0
0
0
7
31
0
0
8
0
2
0
0
0
0
0
3
0
0
0
0
0
0
0
22
0
0
0
0
0
0
0
20
0
0
0
7
10
7
0
0
0
0
5
0
42
11
0
3
0
30
2
0
4
29
0
0
0
0
0
0
0
11
0
17
2
0
0
0
