177
281
180
337
272
216
271
222
326
269
334
352
275
211
226
213
426
274
289
257
232
328
238
172
294
199
339
345
255
250
255
191
216
426
281
370
192
294
380
299
323
219
293
363
228
225
336
193
230
305
322
229
243
298
393
390
255
270
307
314
152
271
204
301
207
360
242
279
223
308
269
173
338
216
207
340
191
199
209
256
226
333
355
178
346
311
232
255
272
264
197
344
271
245
270
235
464
204
245
273
167
266
333
307
161
367
348
270
245
336
332
261
410
253
274
263
361
217
249
308
233
293
347
317
213
279
310
227
291
275
261
347
314
305
318
396
228
216
378
289
251
228
340
291
286
272
385
203
135
335
339
171
306
274
160
295
144
249
204
326
235
356
208
302
181
257
422
264
306
157
252
291
281
136
223
232
370
271
200
491
277
343
240
330
168
222
308
308
237
224
246
294
