46
-82
-127
-60
-13
99
-29
-127
19
-17
43
-26
78
-29
-30
-15
-24
-29
105
-127
93
-74
81
94
79
56
-5
-127
-32
127
-39
43
-4
5
64
117
25
-58
75
-79
22
-84
-26
6
37
-57
50
-40
73
-127
-127
-127
-73
-127
-32
64
-127
-24
16
-46
-15
14
-101
29
-109
-43
13
-75
-16
126
22
-31
16
72
90
91
-127
-85
41
-72
18
-43
-45
49
110
115
-76
11
10
-112
14
111
-48
-127
-12
-97
-117
72
-89
-74
12
54
-77
54
50
127
26
-127
-94
-116
-76
-66
-79
-86
-20
57
67
-98
49
-86
-65
1
127
-15
-78
26
-127
48
-84
59
-26
-44
-43
127
25
-25
-72
-127
-90
-34
-63
29
-108
19
-127
8
54
-69
90
31
-2
-67
-4
-127
69
-74
23
24
47
28
-96
-17
16
-54
-40
103
-88
-90
-22
88
38
-36
-127
-36
86
-82
-127
-55
37
-33
-45
-74
-53
-32
45
-63
115
17
127
-127
119
-101
50
-127
-50
51
-72
-81
67
51
20
-56
62
55
-115
1
-76
8
-26
23
28
-54
121
-97
-117
-5
127
-84
-96
-54
-127
127
33
-97
127
-64
-46
6
-10
16
25
-111
-3
-92
6
26
127
-127
45
7
-71
-90
122
-127
61
-40
-56
-123
-121
117
77
79
75
-75
-41
-59
5
1
16
37
-63
17
127
127
-59
-101
-97
-13
-31
40
-36
-56
34
-76
-48
10
124
36
-79
-106
90
31
-76
99
-127
-114
-75
-81
94
94
-12
19
-73
55
-42
-68
83
-85
27
-6
35
27
74
-11
-83
22
27
88
78
6
-32
-15
-90
6
-127
25
-71
17
42
17
-30
-79
-38
0
77
31
-42
46
20
-119
-59
13
26
3
-84
-83
-55
-11
-90
-51
-18
-55
6
-127
49
127
15
16
-16
127
-46
79
-47
-66
7
-22
40
-80
34
-64
-127
-63
20
-16
83
85
2
-34
-79
-4
102
-70
7
3
-127
59
67
-59
-60
10
-71
-59
-11
41
-14
-14
-32
11
81
-26
-95
5
65
-11
-21
-65
-106
20
-89
-19
6
30
-35
-85
25
127
127
81
-45
-18
122
11
-22
91
15
-12
-7
41
-119
-127
9
25
-14
-42
6
-107
-94
-41
-85
43
-63
-117
-77
84
20
-61
64
-5
51
-73
76
-23
5
-127
-84
27
-31
67
-110
-30
-62
37
-59
-127
-112
18
33
-2
-44
-127
-88
-46
-55
6
25
-37
-7
55
-74
-127
-62
-82
14
127
14
-20
-89
-77
-11
6
-12
-9
78
35
-94
15
50
62
-13
-8
-87
-3
38
-48
45
81
-127
-54
127
92
-12
9
-82
29
37
-95
-60
-68
54
107
-3
-58
-32
-76
-1
-63
-124
-66
-36
-37
-77
-64
31
53
12
-114
-127
-28
110
30
47
58
66
-71
7
-111
127
20
56
-60
-101
-93
97
0
15
-127
-43
-39
-86
17
-123
40
-102
124
-127
-67
-60
4
19
-85
-41
-91
-63
105
36
-108
101
-3
84
54
-64
10
21
-81
83
41
-1
-70
47
23
11
-99
-78
23
-65
-127
94
-19
-33
-127
-127
96
108
-100
-127
13
-127
-35
-91
-35
-72
-47
-44
100
33
-6
-53
-110
-127
49
34
-78
-52
-15
-65
-127
-127
4
87
-95
38
-127
62
-16
-47
117
27
-34
29
-106
-62
-42
-46
-46
127
127
-75
-55
-65
-31
17
-127
-16
-47
-95
-116
26
45
11
18
-75
-3
44
-30
-17
-54
40
49
-127
33
37
-127
-112
-99
-127
-68
-96
-52
-127
6
114
82
-127
50
-82
-127
-127
1
41
-127
127
20
85
-43
76
-79
126
-31
-27
-91
-113
15
-127
54
-6
-61
79
4
-10
-69
-18
9
-65
-127
-114
55
-105
-29
-25
-122
-53
-40
22
40
-127
-84
-91
-127
53
-17
-17
75
29
-74
114
-84
31
-122
-9
126
-64
58
-46
127
-97
-51
-36
-74
0
59
-122
-86
-22
-73
127
70
-107
85
-104
-4
-54
-23
84
22
-85
-47
-127
-119
-3
-112
42
55
-13
-40
-44
-60
-18
-127
-103
30
49
-37
-56
-25
106
127
-59
-16
-79
-39
18
43
79
-50
-18
-127
-1
-21
-12
-78
-19
25
-25
70
-57
-81
-104
41
-82
-24
-35
-50
-31
69
-94
-83
-127
65
-57
58
-41
127
-4
-126
-11
34
-116
69
-127
43
92
57
127
-23
-36
127
49
1
-54
-35
127
127
-21
68
24
7
-70
-127
-48
6
-127
-127
-62
-39
41
-127
16
21
-65
8
-40
21
-96
26
78
19
-100
50
25
-127
-22
-60
-26
-122
6
-127
107
78
-29
80
-3
7
-36
-51
93
123
-36
30
6
71
79
-90
-30
0
40
8
-40
127
49
-32
-53
82
32
91
-24
-73
-55
-47
127
126
38
11
125
-83
-21
-41
-58
24
-92
76
91
52
83
58
-26
26
-25
-52
-126
-113
43
-86
-39
-27
-98
-24
13
-34
12
-34
93
127
11
100
39
-48
-73
68
-36
74
3
-127
-110
-49
-72
10
-87
107
53
-89
1
-127
64
-26
10
92
79
-80
-97
-127
62
-24
28
-8
-20
-31
-69
-18
-103
33
111
63
-89
-106
43
-112
-19
127
71
16
104
-15
81
-7
-127
-63
-21
-127
-53
-70
-56
-95
-100
24
2
-89
-33
-45
-87
-127
-85
-103
-19
127
88
-65
49
20
-72
-108
-93
-127
25
16
-127
0
-11
-99
-51
-75
-88
60
-40
26
12
-93
127
-25
-127
48
-80
-111
-27
80
-11
-68
-62
-76
-14
52
1
127
127
-127
14
21
-33
-13
-127
-99
76
-23
-111
48
30
16
51
-104
-54
-1
-45
-61
-33
87
111
-53
91
3
-74
-127
31
22
116
-57
5
-16
127
6
-127
-52
-36
-11
-50
127
-6
-35
90
-85
0
-66
-95
-127
-40
-21
24
-124
-127
-124
25
-52
43
28
-2
-60
-28
-14
84
-88
-32
22
43
127
-7
35
4
-65
127
-78
-103
-26
16
2
-62
-68
-120
-38
-81
73
1
-58
48
-12
30
-15
-50
51
49
-127
-46
-4
27
-84
110
54
-127
-92
5
9
-47
127
23
67
19
81
59
-82
19
24
84
-41
3
21
11
50
-28
1
-74
103
-64
-35
-73
-42
-78
-74
61
59
-10
42
59
-5
-127
-58
-11
8
-87
-67
-23
43
54
127
-127
-20
50
67
-72
-8
-6
67
-99
-85
127
7
57
-10
-18
43
-35
-30
14
-10
-61
-41
-24
25
-28
76
-10
-69
-127
55
16
-11
21
-67
-37
-72
-48
-53
44
-12
58
29
-87
-41
27
-47
42
-70
-27
-96
45
-1
-86
3
26
32
-50
-21
25
-23
-23
67
114
34
28
29
-3
-37
-89
-73
-27
94
-127
-27
18
-5
12
-127
-86
-19
58
-94
30
0
13
-91
-67
27
-11
61
-127
12
127
1
-31
-17
-50
-37
109
42
-25
94
52
37
-127
-119
75
-4
-70
-2
-50
127
-40
-5
61
35
29
42
123
-25
76
34
46
19
-87
25
15
54
-64
-77
-39
-127
-76
-97
-24
-28
-7
-127
106
-69
4
-11
-12
43
12
40
-85
-47
17
-83
-59
-34
-10
-59
55
15
-66
-22
55
-54
-17
19
16
-42
3
-108
-27
-26
-9
72
-40
-18
21
-120
-36
16
-21
-5
-23
-65
-13
92
56
3
-70
-16
-9
-23
-127
-10
127
-124
-6
2
30
-55
-127
-3
-34
-100
108
-21
107
-3
-2
80
27
5
37
52
-16
11
44
49
-33
-24
-53
-78
127
32
-127
-70
59
70
-17
98
26
77
17
42
11
-35
55
12
-108
2
25
-56
80
-106
-29
-127
118
-51
20
-77
40
-66
32
-79
-19
-49
-90
-127
-127
46
127
114
-81
51
90
-30
66
-30
-43
83
127
55
81
62
45
127
-21
-101
-108
-32
-15
-55
-63
-11
-84
-83
-68
127
-83
-83
-73
3
64
-36
33
-127
17
-4
-127
45
55
65
38
-30
-59
3
-127
-65
103
-32
-113
80
-114
-25
-28
38
-43
123
-4
92
-40
73
-24
-127
127
-71
-93
-4
-127
-59
68
-126
-127
-89
13
44
-66
-127
38
-4
1
32
-64
127
-127
-6
11
-113
-108
-89
42
21
1
-64
65
-29
-127
-71
-67
-21
-40
112
-75
-127
-9
-25
-127
-60
127
123
-54
52
61
-17
65
-98
68
33
127
30
-109
-111
40
58
-85
-28
-127
4
-103
43
-35
-28
-12
94
3
-74
-66
-28
-4
-10
-15
-93
-20
9
-92
10
127
41
83
-112
110
-17
-82
-55
127
33
-49
127
82
-60
-35
-103
33
8
8
22
-39
-69
-127
61
77
-2
-4
87
-46
-36
-64
46
-53
21
-127
-86
-83
30
-7
-25
-38
72
-127
49
-80
127
-89
-7
-127
-35
-127
41
-127
-6
82
-25
78
-5
106
33
-39
-127
-51
-38
-8
-62
-43
48
-84
79
-76
127
46
-28
-55
74
-30
-23
-108
-4
20
-15
-85
-35
11
-32
-81
127
-86
-43
-119
35
5
-43
-50
100
54
39
-19
-35
30
-15
103
-7
-18
13
15
-51
-40
-51
-65
3
34
-5
-22
-127
127
5
-112
-75
-68
23
29
118
-127
23
127
-82
-76
30
-3
4
-118
38
127
51
-49
-125
89
67
-1
-127
-88
79
26
117
-40
-39
20
-45
-53
25
-4
127
-50
77
63
33
-127
41
-127
59
-54
-101
-67
92
10
-124
-76
7
-14
-127
81
44
-46
-42
-111
-93
-127
-36
-39
75
46
-64
-68
-119
29
30
89
28
-79
-68
48
-31
-97
-103
-69
-90
-111
-127
113
-118
108
41
35
100
-70
127
-50
-127
85
-127
45
-57
39
-24
-39
-127
34
-11
127
-105
73
-118
52
-110
-37
44
-21
-84
-11
-125
88
-127
47
43
48
127
-18
57
-86
-111
-127
40
-54
-38
104
-127
28
41
125
-62
-66
-36
-5
-19
-61
-8
107
-92
-122
8
-49
-66
-98
83
-100
-63
83
-23
-94
99
-31
-95
-75
-10
-33
-72
94
127
8
-127
-83
-110
-127
15
-14
-127
-22
-117
-17
-34
11
-82
22
-22
-120
-127
77
20
-34
95
-127
-127
-45
51
25
-64
-82
17
106
60
65
89
18
-85
-110
46
-127
60
12
-1
82
-89
-97
79
58
60
-127
-60
-120
-50
-127
-36
-127
107
89
91
14
-127
13
-34
-123
-20
20
-39
33
60
115
3
-65
127
52
17
-107
27
-104
-23
-35
-106
-23
-127
-103
45
-44
-127
21
-127
-20
-104
-97
101
-90
-67
13
41
-46
-11
45
29
127
-120
-108
-31
-106
-1
4
74
-2
6
-120
-11
12
-73
-10
-51
-125
-71
-26
-31
-27
-48
-32
66
-46
-55
-45
45
126
8
94
4
-15
29
8
38
46
-100
-127
-51
-52
112
47
-127
-44
-40
-40
-125
16
-37
36
-22
-37
100
127
-127
-7
-8
-90
127
-25
-59
-13
-9
-113
-62
-69
118
-26
-22
20
-94
-80
-19
-86
-52
-46
-41
79
15
-41
102
-21
-114
-39
-55
7
19
-40
12
-127
103
3
58
-61
-99
39
55
37
25
-78
-62
-19
-90
-113
37
-127
-32
-69
-102
-70
-6
127
-2
-80
-109
115
66
-45
3
-10
-25
33
-127
-108
12
-77
7
-10
-94
-12
-64
37
88
-88
20
52
-121
37
4
9
-64
-27
-63
-59
-45
-10
15
-57
32
72
-34
-70
-55
0
-109
-24
-70
29
-14
-42
-18
-22
20
82
-127
81
-22
-54
-39
15
-11
-21
127
15
-83
-26
-41
-127
-92
127
-75
-69
29
-127
-5
56
59
102
28
-127
-57
-13
-24
-77
-37
-55
32
127
-5
25
-91
0
-18
28
-37
-43
-39
-76
39
-89
-56
23
-46
-127
105
-70
79
54
23
93
2
81
4
-121
-65
-10
-51
-67
19
23
127
2
-82
-79
15
41
-103
-40
-127
-6
15
-17
-47
51
-127
21
-11
-90
-26
98
-17
-83
16
-48
-127
104
-68
-55
-30
-38
-127
2
47
-93
-121
127
-51
-15
-56
-6
4
-120
22
-125
-99
-18
-21
-80
23
-8
-93
75
-31
44
-60
80
-45
49
-26
-27
-39
16
-75
43
-15
-21
-127
-27
122
43
102
-9
-115
-127
59
-98
-88
-94
33
114
-39
12
18
-127
-32
32
-89
-32
-127
-71
74
39
-63
110
-67
21
-61
-99
-96
48
46
-127
-87
5
10
-82
39
104
-27
-127
-55
72
-67
-127
101
13
-22
95
35
115
-53
4
-15
44
-101
55
-127
-124
-115
49
-53
-127
-127
-21
94
33
-10
-127
-85
37
-68
-72
-6
-47
127
-37
-113
-117
127
31
-82
-3
63
34
-58
127
-17
-52
-19
-52
38
-127
-30
-95
48
-127
-43
-69
-42
-61
-64
-5
24
-114
111
0
19
-68
-23
-123
-12
-127
126
122
-105
-31
-122
-39
118
-124
-127
-92
-127
73
50
127
-7
-21
97
-127
-33
16
43
-88
-100
-8
-124
-69
59
-127
-81
-110
-83
-57
-14
-83
19
-56
9
-118
-127
109
-56
-28
12
111
-127
-42
55
45
43
84
-44
17
41
-103
-112
-26
59
-2
-28
-79
-73
-81
-99
58
-27
75
-64
-69
-3
-62
-123
38
33
97
-81
127
-27
-127
-127
40
74
46
63
-84
-94
-81
-5
-62
27
15
-7
-51
127
-99
-102
-92
-51
38
46
14
-66
-37
-127
19
-87
-90
9
-48
-118
-127
-86
33
59
-90
3
17
70
6
37
-46
-52
-116
103
85
-69
127
127
99
100
25
-71
-91
-68
-6
-56
-81
-4
-127
39
101
20
-71
111
-17
-103
74
-44
45
112
-9
-22
-87
-127
-62
10
55
49
17
42
-127
-127
-85
110
-35
-127
-8
-106
78
18
-127
-127
-52
91
81
-94
-44
35
27
127
24
-68
16
7
-89
-1
-87
-32
23
86
-111
-127
-127
66
-127
38
-120
-127
30
-33
108
127
-2
26
24
7
-45
31
