-1319
6250
2129
-2476
-3566
16751
8091
-10878
-6814
-7843
38422
16020
21607
29569
9738
16708
6511
6401
10486
-5517
11087
-11652
-7519
5683
7831
31340
-8519
9446
-7072
6170
16069
3047
-13398
-12215
-9412
3471
-4720
18055
-13040
2708
17272
-16423
12415
30743
2641
28644
-2320
-14096
2696
1856
-370
10164
9223
15454
-13974
-11082
714
5724
-8378
1223
-10524
6072
-10873
-8539
16682
-9560
-7528
-1679
4273
17495
-7256
-8603
8900
13137
-368
-6382
-3062
-360
7059
8497
7817
6975
486
13732
-10209
10840
-14732
3547
35922
-2580
2894
-240
5391
13997
-8612
18166
-21491
-7326
17076
-8384
2547
571
8160
14266
6413
7481
-6529
-1355
-19142
4664
-15206
24936
6154
26805
3273
14567
4751
21745
1465
-5635
5341
10748
-6219
4774
4413
563
17989
9650
-2952
37308
19748
6322
13162
-7237
3054
1321
304
1155
3152
997
-9780
-1351
-12173
-5261
-16876
354
14262
-834
-2108
29043
12720
758
20547
7432
-4977
-3565
10975
-6305
6442
-10050
-4427
17931
5987
-5018
-1681
11789
7152
9195
7568
-520
-8865
15573
19224
17650
16347
691
20491
-16213
11993
-10886
7610
-8848
10186
12849
20592
-10819
-13996
4061
5155
-16034
-23413
10014
1641
-12400
-3377
-2815
20284
7446
-14771
-4935
-6731
-4694
14720
6891
8463
-1576
275
-4130
21105
-4433
-4204
2115
17344
-8414
-12270
32063
6912
-8786
1987
5195
-3539
24975
18008
19841
-14146
16584
-23002
-8510
-3834
-5843
22244
-2382
-12696
-862
-6205
-20639
-7174
-14803
31915
-503
4062
12595
-18938
-6485
10551
-955
-5175
-2483
-341
-3463
15080
-8478
4002
31187
-17592
-2751
25036
-1983
4195
-10230
14443
-1478
10975
-10835
-4049
12891
-23459
3893
-20507
-5235
-19666
-5432
6332
1451
-844
15659
-5046
456
15783
10171
-557
491
24753
17076
21338
-13307
10932
18620
10008
3128
10398
21607
-2449
2661
-876
-4967
-7319
-2388
11608
8598
25316
6490
7959
-8819
4513
-2873
-25672
8739
-1888
15730
-8837
-2341
9242
21434
-5834
7944
1054
-8426
11492
-13766
-5173
-7853
1511
10584
-8777
-874
4340
131
-2035
-8767
-4078
7996
-2983
20170
22909
-4289
30533
-14689
8482
29516
-799
2239
6576
16908
-5654
7504
19564
6160
17769
5477
21395
13813
-5650
-6894
11486
-2950
-20320
-15125
-13819
4116
-8270
4382
7472
-9229
22748
19964
17373
-7691
5720
480
-15637
12009
3602
-6193
6093
-18342
-14452
5145
-8350
-851
17820
12062
3776
1881
-10305
-2104
-11988
2912
225
-11790
11452
10684
-3169
-15421
14974
-10940
3888
5842
-13341
-16794
-15594
2632
4995
-5598
14439
-6375
11300
-7589
-4322
-19191
-7869
-6170
14803
-17329
-2625
2724
-181
-4947
-15190
-860
5078
17360
-6729
2129
-2534
26082
-11289
-12907
13349
28
1300
18822
-1712
2362
-11479
1853
7993
4662
21494
15234
455
-8088
-1334
13378
-8809
12699
14333
35931
-2530
1148
10908
331
-1384
-1192
6820
2611
-376
-5859
15478
1918
-3152
-8565
-13787
-22550
-5936
-10257
-9941
7269
-2499
-10878
1488
10901
-9930
-13824
16239
-14407
8740
-13734
-6892
523
2587
16097
12028
12482
25058
-29871
11890
2720
1851
-5777
2958
-5130
10468
-21979
-1833
-9866
2327
-1067
-5724
-7891
11084
-23676
-19222
4501
9127
1587
-6233
31829
14806
-695
18118
-4065
14848
6214
5671
-17969
1965
10179
14091
-6953
8319
-6151
2336
-15550
14600
5450
-14113
-5451
4470
-9742
-8649
3755
5812
7987
-1431
14461
710
-18079
-13730
23335
-43513
9580
12195
3412
2891
-5021
22926
10295
-774
-9015
-7265
-4115
15597
5291
19433
24124
-12224
10050
2256
8970
-3065
11110
-6954
-10048
1037
5925
-1694
9454
-8379
-18074
3948
-21715
-14628
7906
-8977
14358
13348
-10130
20969
2496
14210
-8209
8218
371
5275
-21558
-11891
-7784
1450
18168
-1594
6300
8683
-8172
20463
6927
14451
-8785
14702
-22064
4663
6798
-12167
850
7530
12948
19890
7774
2190
4404
-9679
25910
-745
-2096
24567
28858
10639
-9223
5414
-598
8770
-2289
-31509
-5368
4537
-10537
-6327
2242
-19505
-12072
1597
11712
-598
11942
-3707
-3611
8413
11234
875
-4895
-10066
-1114
19395
-1290
-22312
-7625
11706
17245
-5694
9008
-1920
12755
-8500
-15954
1012
-325
-2060
7557
14300
-6137
2343
-22663
18680
14860
11888
10141
1246
13020
-881
-2549
-3732
8544
-17059
-15599
-13189
17350
8300
-8398
-8702
-5215
-17762
15529
37048
7173
9072
-1504
3570
4894
8140
11035
2099
-1791
8188
10097
17035
4540
386
25665
15543
16135
15616
-1581
-5189
11401
-3065
-6917
14836
-6462
-19777
1328
-2490
10028
1486
15799
-2433
25160
-18487
15669
2349
4847
-26114
4486
7605
3048
5533
-6734
-12970
31858
-6819
-10942
-6549
-4629
8699
7897
-3993
-19964
-4955
23053
13926
8780
-4991
-18184
5227
-9685
9597
-958
-9901
16600
23143
21898
-14975
-18043
-1939
23358
-3822
-5821
-19449
5733
4035
13381
9915
7689
14015
-12884
-15124
-18130
-8277
5969
14928
-7583
16958
1163
-10308
3166
6216
-15877
7405
-2845
5305
19094
-2863
22632
-5092
3751
-8824
3562
-20636
2529
1105
1080
-5464
13590
11725
-453
20230
1718
13325
3166
7527
3756
23297
-25544
3599
-2889
-2964
-15040
-12946
8343
-11817
1395
-11654
-10486
-12662
8950
10400
4503
-2097
-10384
6425
-17795
-10264
-3241
-5484
2185
-6779
7108
5534
9976
-2816
10416
-21616
11942
8562
9553
29366
11528
12768
-5032
-13974
-6399
4001
-4526
14027
2714
-6764
-7600
-2731
16716
4308
-3746
228
16141
-5186
-12039
-18967
4623
-2724
7790
29
4506
-2434
26278
-1926
6278
-918
-14095
-4447
-8651
-25777
16748
25142
-1108
-36889
6886
-13582
-11708
19879
7843
18778
10619
-8953
-13769
12438
-5319
29828
6611
-3952
23265
-18028
-19268
13552
10328
16899
-9555
-7826
-9321
-6990
6252
8628
-2275
4403
-2728
-10957
1624
10396
6762
-13783
15842
6291
-11986
3408
-7221
-6360
7752
-4386
-11612
4289
-143
3352
3561
21261
-2644
36683
26813
-24097
12683
3405
-21368
-10677
34699
14869
-13448
-12999
-16273
3609
15364
-15862
-7940
3364
13014
6762
-8712
-675
-13801
19916
13887
-10440
8863
16967
8055
16708
19660
23917
-10996
10691
-12105
11694
8425
-10194
5429
2665
6540
-1112
1722
3335
605
1922
1176
-2136
-1439
7942
-5413
3994
-4864
5268
-4650
5516
6102
1546
-10966
8245
-1751
-8220
1614
-3885
4286
-5560
16771
5719
919
8998
5786
611
3688
-11419
-4846
-1298
6233
6020
-7679
3751
-6279
9411
1268
-1116
-3271
-914
477
126
-8617
2066
14458
1161
-8675
-2181
-6947
4224
-341
2310
8532
-11200
10372
7988
-1174
9507
-660
-2891
2247
-2385
2668
2067
-1517
-6604
345
10565
587
-10438
4872
3691
11387
1999
-5258
3961
3229
2172
9310
-2176
-1572
17899
-13408
6966
-6714
1662
9167
413
10517
-8586
-8430
11165
7691
-2872
2872
9118
10078
1602
3927
2759
-1972
-1817
6146
-2381
6471
-764
9851
11595
-1051
2984
6835
13730
3900
13055
4895
-3580
6334
-4585
3901
5299
11084
-4914
7727
2745
14158
1137
-9324
1890
1562
-1347
2063
4433
13193
-4640
-9047
-8117
-3550
-11023
5675
670
-7563
-7883
11131
12077
9652
-4380
-2331
1114
11086
731
3859
-2902
619
-793
9546
9269
3641
-8563
3080
7510
7265
-5688
-2062
-2060
11139
5306
-365
17009
446
-499
1601
4543
-1466
7657
-15836
4668
8530
2072
5676
-6973
912
10823
-6544
-13263
769
-3070
-5244
-4302
2826
1173
-2567
-5363
5139
-17159
11208
14341
-446
12841
5694
-3686
-9985
3117
274
-4270
-1265
2702
2802
7058
4036
-818
17914
358
5674
7300
12869
-2325
2572
-4128
2437
1235
-4148
-5292
7922
1341
2859
-3730
5872
5924
-1587
-9945
-993
6609
3159
-3850
4295
-3082
4455
8832
980
-4499
10355
-4549
-9611
3931
3102
7041
6900
-1917
-3705
181
5661
5085
-6573
-1947
-15990
7248
-8964
-4207
1129
-7414
14656
-1012
-4393
-8833
-5083
-3315
16959
5038
5769
-2863
7679
-1653
-3485
15161
905
-2440
-9196
-1830
-11860
895
-3085
-1484
-3337
8714
977
-5109
1263
2209
3596
4594
-3273
-3250
7527
2141
206
5598
-6632
-3649
5579
-14807
6723
3209
501
-7947
4747
5777
6399
6065
-465
6996
2950
-2520
4242
2609
-16178
1945
9323
5421
-6929
9503
7289
7149
-2392
-423
5016
6391
-6884
4857
1097
1743
-4097
828
8958
-3840
-52
3432
9774
-13137
3977
6786
5081
4681
-1128
-9264
2687
-5023
3735
19743
22
5705
2344
-13998
-6353
-1390
2443
12890
2087
10356
404
11993
-7699
166
-766
1071
-2726
13303
-7734
-7269
-4258
-5654
65
5693
6157
-1127
-646
-2348
4226
-10263
-4706
-6008
5576
-6672
6048
8915
4217
2229
-3818
-4087
4568
527
-1163
3849
9364
-10980
-9
-768
-772
-52
11949
-2613
9027
1006
-11270
6564
2689
20519
-1632
92
-7083
1963
-3830
-4589
-1723
9106
7468
-12473
1758
9468
6020
-6641
-5028
2080
3588
-460
2042
-6964
2699
-1463
-1125
2697
1246
-460
-3833
10838
2605
10712
10607
-10379
6934
9808
665
-1965
16365
8915
-1312
850
-3244
-4487
2137
-5600
-3496
6760
2672
10582
6701
-4512
-10906
1225
-2619
-3636
1504
1620
5175
6420
4706
11250
-2807
12137
-3340
9166
-7051
-11643
3700
13697
7219
2787
13982
4751
-14549
10621
11444
11445
164
15078
-5339
37531
14761
4016
-9170
-768
-18119
-6132
-13029
12700
-22252
-3704
1150
15388
19064
-10747
25056
-1462
-9519
17479
9757
-9836
5408
568
-2261
-5744
13894
10183
-7488
-257
745
-1987
5998
15152
4888
-19542
34
12343
-20999
-19205
-6620
7278
-7435
-9567
-9379
-6756
-9329
-14654
9472
-16848
-654
339
-15103
11728
-6328
-395
13761
-9452
-5748
-1769
-4749
18014
8270
2645
14852
5651
1561
11289
21513
-9328
12716
-7265
-3714
5725
10489
-620
5746
13831
247
4289
-10271
-8351
3468
-2601
19817
-9095
-5059
24887
-9288
14593
5485
8899
8739
17380
3546
2718
-6268
-12797
6945
-10037
3464
17027
4669
15719
9189
34309
5594
19099
-14187
407
28754
-21644
-5790
-7028
21479
7173
11983
-7100
8898
-3570
11849
22581
3477
17254
15303
-1998
7526
5778
-5412
-663
5163
-24075
-16943
4716
-4888
2096
-16138
-12300
13300
-1131
1297
5216
19409
20227
107
22798
18220
6224
-6505
2456
-11527
8652
10979
-10940
16851
1976
22950
-3035
-11173
-15481
1127
7011
-4772
-976
4392
24122
19233
13312
-6515
-2595
-12887
6973
4276
1613
4984
-11147
7359
53
-9143
-10308
6104
-12781
-4442
-9418
2808
15914
-3912
-5438
-489
-25140
19186
14378
5967
24712
-657
20543
-14099
13394
23140
7220
8351
23598
-5868
6928
14177
-5603
10223
-9685
19262
17770
15310
11931
24333
-6640
-384
-20871
-2271
-2657
-14103
17603
-3363
-411
13433
-1649
11110
-12929
16612
12782
3275
-14965
6262
-13433
-23243
-15832
4984
-3549
27299
-6345
-1301
6387
-8334
16152
105
-12645
-1684
-6573
12911
20557
-12811
-11519
-21349
5562
-2319
11608
792
-17896
14492
-2324
10088
-2211
-4794
11334
-1371
2693
-7433
-9778
24591
9871
13979
8719
7362
11085
-9988
5256
-1812
-12736
12024
18951
-11033
11068
1753
-12041
-7972
29773
-7884
4281
-19718
5489
23253
18548
10022
-2198
-1259
-10015
-3342
-20103
2546
6872
2582
-8322
17833
11974
-1502
-4523
18279
11719
10784
15609
13920
8579
-7225
-1362
11241
3392
-9765
-11908
1567
-15977
5990
-5816
-6967
-10635
6237
12913
-4627
-11359
-15506
14829
9329
-237
-8041
4701
-2043
14489
13795
-2203
3428
3386
-1587
16015
9970
4035
-7043
2565
3453
17341
13099
-6241
-12491
1509
5298
9171
-8349
-11347
8402
4480
-12581
7298
11554
-4693
15834
-2229
-14473
-13996
-2173
-7754
5588
6574
4432
7126
13911
-3337
-3666
1646
-385
-9885
-7147
-14924
-2920
8295
5953
-9629
-4884
-789
-6125
16877
1268
-4468
-6133
-23579
-3839
5611
-6617
14693
-10702
2318
26157
-9487
-25674
-13724
-8526
5691
-11207
2101
-10311
4501
4722
-12524
-3641
10510
6690
-5390
18363
1512
38333
-14642
-749
-463
-11670
-8633
1916
6748
4357
-19839
14564
-11087
6570
18712
14687
9363
-15532
24895
37884
-21220
10254
9541
3983
-12430
27398
7296
-15519
-13106
-5837
5516
-1726
-13198
-11972
-416
-10735
-3944
1378
-20058
-10619
29225
14817
-472
2087
3290
2857
4607
19813
11050
-21299
24065
-9927
27842
-23299
20155
22875
-31
14087
-3436
4453
15031
-3729
9607
5436
-5753
12285
10369
-9380
713
-3256
-48
12958
17324
9740
1700
-458
11456
-13498
2718
19894
9877
9934
-12851
41841
14178
-6318
2365
-11634
-1373
-8588
-10158
-19303
2517
22216
11029
5258
12898
-5088
-11875
11920
12553
10494
-7493
-11547
4147
-7702
-1566
2350
24840
-12533
6433
4601
9684
18004
-17150
18326
-34254
23942
1908
4598
18526
5163
-5521
4307
20322
-2536
-20927
-8677
-5192
3796
1547
13670
-14198
19627
3304
12272
22015
-3513
12175
4679
2062
790
-11336
22437
24894
-2001
-7160
-3049
-5535
25474
-13306
26564
-3111
8958
16979
24102
3069
6802
14405
4908
4502
1845
3882
-11743
-13761
10577
-10208
9563
12592
20552
11406
12402
11366
13864
2880
4772
3361
-7542
-10515
-17310
8718
2117
16806
16039
1562
28051
-6232
18853
7273
-13230
20820
19129
11091
6627
5809
9966
-6144
-6141
-21264
-7343
2505
15134
23828
-1060
15838
14419
8028
19954
-6692
-1361
2020
2368
2400
8360
-1783
-8292
12606
12362
7370
8280
-4941
-14907
-3591
8644
-7581
3119
-14058
14912
19160
-6314
18341
2843
404
-10953
16621
4635
6604
-2349
3373
18603
-5088
22417
14371
20314
3559
-17902
-12926
26403
923
-25180
-5169
7378
21282
-1664
-12822
-5171
-1406
2145
21162
-25162
8415
8633
-4576
-7289
9277
13822
-12187
3235
4626
-4458
-1951
9580
-13195
11078
15970
1682
7836
10549
-22983
7926
-26876
8899
-3691
7360
-10000
18099
8783
18377
-11176
8024
-2297
-5925
-20212
585
30250
-9045
-15359
-2301
3512
-13128
28654
-2591
14244
31320
2095
-7609
9289
-8217
11866
12923
-15098
-15015
2564
22856
11447
11289
7995
-15745
8953
12382
18187
17885
-17516
8794
8388
12194
-17683
-18968
2624
18562
-3948
11869
-21957
7591
-4804
3574
11218
18187
9158
-15617
-1129
-3437
-22034
-4682
4387
2670
17263
-5919
-10103
1465
18838
-9055
1987
-8770
5508
24137
17006
-3972
-13037
-17309
-26839
19766
-16525
-7536
-993
-16641
-848
15490
36362
7047
4918
13267
663
-21038
6963
-2436
5338
-27302
-5242
16063
1137
-5237
2267
11395
11981
11336
-14076
-883
-1368
7402
31943
-3682
11635
-17616
23164
14003
22412
14196
2917
31546
3208
16843
14722
26867
8290
-11072
926
37505
14760
6520
18807
-2636
-694
-1114
-14477
3924
-3931
2190
25021
4173
23765
19502
19138
64
-2060
11915
-4979
8929
-6578
-11827
-10932
-1973
-17741
4796
-10988
-11455
9071
784
9373
-6496
2418
-5033
-361
-5631
-7283
15981
15445
16517
-10761
4929
-9252
-2999
7834
7434
24903
-5596
-11445
-9629
3483
-27808
10037
17590
-5619
10519
-11520
-2946
-2863
-3380
23949
-5001
-5945
-7477
17953
575
8760
14159
6768
13823
-6237
5914
9360
16074
-13978
-27941
-17759
2968
-11285
25804
12103
-10806
4882
-2066
-17142
-8299
4050
11101
-669
9803
15330
18865
-13325
12841
24643
18341
-20820
21544
1952
-4778
-7999
12890
-17749
18380
-3490
24747
-1175
11425
17911
17893
-3730
-14997
3227
-5173
-12835
22038
511
6082
15099
12932
15993
7780
16097
-7778
14521
-11235
-14566
8936
-5361
-277
10987
-2246
1815
-8948
-6212
-6116
-8046
-5495
-5690
1896
-3422
-14115
10417
7246
2751
9615
-8098
1487
-3413
-779
-18215
2068
-13657
-4304
483
-5416
2996
3537
1760
-4633
11644
847
-3812
-12366
-373
3611
-5664
-247
6843
-3880
-1125
-11171
494
-5155
2480
871
-7492
-949
8429
12839
2737
4188
3343
3823
387
-1026
-65
10362
-5559
4805
9301
8066
-5654
3643
2727
-9219
-8848
-9345
4791
-2466
1788
-8451
8469
1110
-6883
-779
1435
-13619
6675
2747
-6637
-12741
-8571
-2827
2143
1821
-1172
-7290
2985
-5276
1427
8599
6924
-9416
15424
-3017
9342
988
-3002
-2196
8486
-2133
-1907
-10674
-14434
1693
8797
1296
-1605
4090
-3125
-2695
7467
5656
-2575
-4454
244
-11404
9044
-627
-9242
-2113
8309
3905
17738
-4080
-4609
-11785
-5416
15506
-4221
-3765
-1771
12639
1215
2102
1214
7293
-2709
-5088
5227
1796
-4008
8979
-7582
3651
-5286
-13356
8252
4444
3139
-1362
-8535
6009
-6748
-7838
3035
3048
-1345
-3589
-2562
-5587
-15618
1210
-6902
-10474
-1517
2495
10205
3322
-184
1082
-427
-5314
-9433
-10654
1707
3097
5441
-13179
1366
18388
3134
5280
3773
3311
-1570
-5503
-3591
-7250
-3159
-9885
16266
6754
-6114
-1375
-2537
-1244
-5162
-1647
9488
-8241
1170
-909
-10607
7083
-3532
-12089
-954
-3591
-5493
8553
6182
-9063
3315
9248
9374
2386
4172
-5893
-16277
-1350
-3725
2428
9861
-2295
1115
5036
-3454
-921
-9441
-2617
-2919
8246
-12131
2509
-6661
-4514
-12120
7888
8768
-1422
8113
1312
2140
2743
81
4756
-4969
336
4390
-887
9967
-4904
-5728
10609
4183
4314
-16646
-1815
5049
5971
-8296
249
11358
-2163
13513
2584
-100
6084
-305
14888
-4387
-118
-2310
-13185
-8404
-2710
-5825
-767
-6149
-5810
-7237
-8436
-5023
-2779
-3243
5135
-3486
-1292
5974
17794
-5538
8166
8037
10311
-9217
1429
-5388
-2937
-688
-5244
975
4331
-13250
-2366
-3034
2240
835
11112
7142
-2244
10762
-4341
11602
5163
-4907
-8277
4825
-6798
2155
-7540
-7849
-9231
11594
-376
-178
-12998
-12594
-2511
-5822
2281
-6341
-5788
-4491
2402
-4418
-7090
3110
2657
-4789
-601
-8895
2615
-1615
-3467
-1609
-8214
-21134
323
6933
4535
16270
-2350
5855
1790
-5670
3349
-1766
-2432
7844
10453
1117
-10658
2576
3003
10674
-1892
9842
4296
4943
-12072
-4768
956
6797
-1641
8041
5265
-6525
295
-4899
-2140
-2112
-9261
13320
-5249
-5861
16502
-3835
-9321
-7746
10658
-8792
-7088
-4598
-4293
18938
12712
3514
-12366
6470
7066
1214
5969
5015
-10722
-3205
-2025
5877
-841
4208
-6363
-304
-5608
1710
-8192
3182
-1362
6415
-4983
-9968
294
10815
-4567
3647
10995
2500
-1155
8882
849
-9768
-10629
1799
-12574
5575
-550
-5972
-5475
5526
-405
264
12549
-2430
4869
1754
-12443
5687
4568
-1532
-3322
-3529
-1165
-13287
12386
-9579
1646
4294
18702
1202
1671
-7899
-1213
-9516
-5701
11408
5187
11824
-8880
3085
-1661
4066
-971
2728
-3004
-11715
21364
-6076
-11564
