414
1819
-2355
-2591
2467
-969
1016
-2555
-2910
-756
-7891
-1363
-2074
2237
1970
192
-4231
528
-3
-240
-562
0
-194
3634
2144
1418
0
3063
487
-1143
-1160
-866
537
-1916
145
135
728
-2184
-389
-780
-2814
0
1996
-4851
2090
2793
0
0
3449
0
0
-857
96
710
-16
651
1500
-1375
0
-2374
0
-5264
-1485
-470
-864
-115
-1947
-1412
-936
1183
0
0
114
2460
380
3031
-186
-3307
-498
971
-2072
-608
2794
-2192
240
-25
0
6728
-838
0
-504
0
-1270
-4185
0
-8623
190
-1778
-3492
2785
2362
628
3575
-273
-755
-2666
42
0
-224
-1581
0
-1658
3224
-3740
3379
-1429
743
-5187
5560
8
-99
-2970
0
-452
454
-207
2439
-2791
0
4778
648
-9113
-299
-224
658
968
-300
94
-1235
1452
-60
-91
0
0
-72
-1368
469
92
-17
-5262
-1875
1819
-2192
-1106
-156
0
444
1272
-1010
0
-834
579
3630
-1888
0
-2338
-1031
-4864
-2057
-1101
0
453
-4233
-198
-2079
-37
-1390
-2624
-83
-1016
1017
0
-3726
5217
1008
-1408
-1586
-2741
72
0
0
2302
-154
0
0
-144
-1002
910
0
0
0
144
835
-977
-3689
-1515
2234
196
-6049
2623
-1443
-1371
2742
-272
2965
1437
-232
-4052
255
1219
830
-458
-96
-3621
0
1505
-2320
1232
0
310
-3491
1271
-64
1164
0
-5902
0
664
-6274
-52
0
-3817
21
-202
-4176
-324
-2850
1753
-38
0
-3636
0
-2090
983
0
0
1674
-8605
-1437
4749
3624
0
-948
-2540
2477
871
0
1327
2290
-2862
0
0
-2506
1674
16
1468
0
3535
-4462
0
340
2663
6485
460
-5982
0
-1106
-2799
-1242
-719
1946
-2180
0
-698
-3457
0
-1562
0
-1574
-117
-5673
154
539
0
-490
4395
0
-2005
-190
2469
0
2487
-2412
-3351
-5458
-3215
-596
-1400
-4017
-3090
-3225
0
-89
-2174
100
0
-173
-1347
637
3288
0
-351
0
85
-7377
-228
5401
0
-539
-5412
2187
-2309
-737
5865
-973
638
-2639
-4306
4659
749
-902
-3609
2003
155
2520
-1954
-2988
-524
0
-595
172
-1211
-1110
-173
-1977
-299
-276
-2856
746
-285
0
257
-16
0
-693
-2
0
-213
-120
-521
2690
-2014
-137
0
394
117
0
0
-13
-878
-2219
1769
0
325
-168
0
71
-233
-5137
-2286
0
-412
-820
0
-1708
4280
606
-6256
0
0
-1034
-65
361
0
16
-64
-2382
-1488
266
-625
40
-4017
0
-1314
-6309
-4005
0
-840
-91
-336
-30
-2227
664
-1336
162
1674
115
-385
1280
631
-1418
-1778
-1353
-10778
0
-3612
573
-4172
0
262
1790
0
0
-2455
30
-5076
0
-3200
-661
-100
-1050
-504
0
0
3718
-2225
0
-5381
-4975
-1047
-783
-1565
-2070
192
-2911
0
2289
0
-2678
2736
4514
3533
227
611
-574
765
356
-1702
1212
-630
-4380
1664
4979
-5725
-290
3327
5168
-394
492
-730
1267
0
-28
1399
-446
-5861
0
-7688
-2969
-699
3580
-2310
1460
226
-2487
-600
-582
-1401
-3504
552
-2286
0
410
-6285
2110
531
222
7
2467
0
270
-4291
-2671
1015
-127
527
-1680
1133
3
-4676
0
-3983
-2835
-1443
2683
-184
3987
-72
1478
286
-696
0
-3984
650
-291
-2875
618
-4697
1274
-869
2055
-265
-2530
1080
-569
794
0
2574
-3546
0
-1376
0
1232
-5035
56
-10283
-2068
-1106
7386
-4614
-3933
-1399
3551
-1000
87
-296
66
0
-874
-1308
0
1533
4782
-2811
2303
-2960
-5100
-6581
-2379
-465
543
-6855
0
-278
-410
5268
55
-2532
0
295
-2286
-9291
-3991
412
1982
5678
340
1180
-821
-892
-126
-91
112
-254
591
-1251
-4006
-662
2159
-3796
-236
4442
-4215
-2257
442
1524
-1622
-2804
-739
-560
225
-1431
881
60
0
1803
-1133
-5383
-612
263
208
-4301
-3429
-2572
1013
-127
-6540
954
61
-802
1209
0
-192
6108
-4579
-4149
-923
-3152
-151
0
0
7358
26
0
-805
307
2678
351
0
-282
0
-2214
5667
-1292
2654
2667
-3713
-336
-949
-2553
-1259
-111
-1361
793
5515
-6261
-148
-1019
-785
2499
-4662
-6358
-60
1045
0
-484
1124
-1302
-90
3933
-164
-1501
214
-665
396
2361
0
921
-3470
66
0
-1949
829
-658
2394
1081
790
-1963
254
396
481
0
-1660
-625
-1170
0
-1325
-5641
-3813
-1391
-320
0
1437
-910
-1179
2604
-350
1770
-2673
-3617
0
310
-582
2075
-212
-141
0
-4686
-110
0
732
-2114
-750
-1960
316
0
460
-181
-1309
-1356
978
-3210
-220
-1005
2638
90
-3400
-1122
-36
1209
741
-1730
-634
0
35
2834
0
-1189
510
881
56
5065
1352
1429
-4228
-1151
-4899
-1877
-3455
-1590
2113
0
-8
-5004
-503
0
834
-164
765
2471
0
-1198
56
2705
-6967
-186
-1170
66
-602
-1836
-2079
-2419
-272
3134
-127
775
811
534
3000
1717
-1064
-5327
-1199
576
-216
16
-3678
-3298
0
285
-773
-1088
-588
-368
940
4472
-3053
3481
1213
171
-1143
-2257
879
0
-308
167
660
25
-374
-586
1366
2176
-408
0
-92
-29
-286
127
62
953
-376
-3659
-635
-516
-1092
-426
497
749
-4404
-4129
-474
172
867
-816
3407
1401
392
32
57
0
-3381
1646
1076
0
49
-72
-2216
-287
-1380
-3175
175
-2071
0
366
-9670
4378
24
-2760
-371
-209
-339
-355
-432
-1174
84
-277
-347
997
-5457
-1391
4029
156
536
-7134
0
-2725
-762
3081
-522
5484
488
0
0
-347
-153
2685
0
-3812
1365
1411
3640
1326
0
0
-4839
69
-128
-925
-2894
584
-889
489
2042
-292
3283
0
-2377
-3064
-104
-1319
-432
3780
884
-325
-408
0
120
968
-200
-315
-1324
-381
1859
0
657
-1599
-5123
1242
-84
-534
2790
0
-142
-1221
-312
-956
0
-9636
-1713
3
2521
-30
-1774
-479
365
0
232
3327
-1956
-294
-1539
0
1304
-1481
-417
-976
-30
-127
245
0
545
-1745
3597
-180
-66
761
-228
-1276
66
-116
0
-4652
-734
-1629
4044
-219
-1119
352
-1100
0
-934
0
468
-175
308
-680
0
-3578
0
-931
-1629
-1592
1045
-278
-788
-1044
0
3427
-126
0
-781
0
-720
488
-64
-7736
822
756
8566
89
622
-2074
2106
-212
39
-903
268
0
346
-2769
0
22
1091
-1994
1777
-1448
-2061
-4998
-3251
-514
-793
-1060
0
-678
-1709
1307
-4259
834
0
228
0
-7124
-484
0
420
-293
-690
606
-234
-444
-762
0
-40
-30
-87
-3141
-2482
356
-595
-2104
-1342
3607
75
-1905
0
-417
-1213
-2198
-113
-90
270
-1740
-1892
28
0
-28
-879
-3932
0
-730
-1105
-2838
-205
-2
-42
0
0
-1440
47
490
1
0
276
3664
-2476
-2818
-1365
-3046
148
0
0
1038
0
0
-2921
1926
511
0
0
282
0
-1215
1363
-186
-732
-2574
77
-2006
397
-2971
-316
72
-384
-446
2891
-2356
0
-96
112
-1625
-715
-966
0
1013
0
951
1086
-1778
-34
2221
-161
-960
635
1705
-90
-4381
0
-2157
-8
-16
0
-2770
-2502
-666
-1979
-121
846
-928
68
450
-2462
0
-1058
717
-735
0
676
-4721
-2637
-1370
-1524
0
-425
-400
-3740
1298
850
1007
-4028
-1816
16
-1270
-96
-1286
-252
472
0
-3192
588
0
437
-1413
-3779
0
0
0
-395
-112
235
-468
841
0
-380
-1016
1823
-2084
-512
-85
174
1002
469
-490
403
0
0
-1189
0
-1256
-508
429
-29
3175
-6443
-903
-4513
826
-7117
-892
-1075
-475
-2536
0
-81
-1654
190
0
-2360
123
55
509
0
-156
-96
900
-2998
14
491
-254
1054
-1734
778
904
-53
-3105
-3
-1166
-2353
-1866
959
143
0
-4302
-2264
90
-4241
153
-1634
-899
0
-359
-7
-576
-30
11
411
-135
1112
-243
594
-399
-738
-1028
-355
0
0
-619
-1270
87
-676
-1207
48
-2725
390
0
80
0
-363
1
0
15
16
-2659
-230
-2290
0
-642
-1323
113
-4557
-210
-294
0
1124
-24
4704
-825
-464
-208
36
0
-1351
-185
1350
0
0
0
-446
-1549
-2740
700
55
-466
0
180
-2482
2097
-488
-472
-170
168
-578
-3429
-1296
-657
-566
0
-507
-193
-762
-64
1499
-326
-881
-859
0
15
-1785
-547
762
310
-975
0
0
-2574
0
-642
0
396
-204
303
-1352
2496
0
0
417
611
1408
-2349
-4250
1306
525
2454
359
-440
2863
0
-1897
-1106
0
-981
454
1325
-2059
-2701
364
17
-94
-228
636
-1365
-7489
-1740
-1190
-2689
1722
24
2866
597
-801
-254
-1252
0
-254
-894
-1473
-188
0
-10677
-947
549
-1978
30
-1353
-672
-1697
-635
245
-2142
-188
510
193
0
-1842
-3832
-113
198
0
0
938
0
0
-267
-2072
-2240
-85
-199
-468
-1078
0
-3544
0
-3768
-3153
-414
5685
-490
693
-289
2606
507
0
0
-3486
645
-1270
-2770
-762
152
246
-2597
-4618
724
-1936
0
-717
-607
0
219
-869
0
-729
0
-800
402
0
-2735
-475
-1414
-2802
-1755
-2166
-1262
956
-465
-469
-2549
112
0
32
-708
0
-4020
3784
-2807
1439
-280
-6077
-4365
-2003
-1016
-1334
630
0
-336
454
1165
-1236
-4217
0
-519
-1044
-6348
-3015
-16
-1194
3708
-80
1016
-1427
-684
-444
-560
0
0
609
2250
1202
508
-442
-3436
-1797
926
34
-3012
1651
0
-1364
-4054
-303
0
2352
-1004
263
-312
0
84
-2041
659
867
-217
0
-3038
-761
-1980
-480
-78
-726
832
116
560
-1213
0
-5849
478
-1831
526
-1170
-551
-216
0
0
3359
-60
0
0
-2299
-4214
351
0
0
0
-1916
2832
-534
-2076
1695
-2805
231
-5651
-4537
-717
-1363
789
-867
1895
984
-452
-3015
-125
-825
-2978
-288
-1422
-2619
0
-2497
-600
-784
0
2360
-844
-1254
-140
360
0
-1622
0
-3818
-6063
401
0
-358
-1869
-20
-1305
-441
-3810
452
-42
0
-105
0
-357
-633
0
0
-1635
-674
-3959
405
-2282
0
-888
-1580
-2724
1239
0
-870
-691
2245
0
0
-925
2094
-112
1247
0
-4809
-1049
0
183
1632
2595
-1960
-746
0
-1316
-633
-992
-574
2177
515
0
-799
1759
0
-435
0
-2242
3304
-7573
-912
-363
0
170
786
0
469
-1270
-531
0
3018
-5419
4265
-6450
926
109
-1908
-487
-1020
-4365
0
-402
-362
76
0
-17
-2061
889
-3801
0
243
0
-372
-6278
138
-1209
0
-436
-3939
-3429
-1542
-525
-1112
253
-866
-4078
-546
-6171
-173
1522
271
-1461
-775
1036
-2286
-2458
-1667
0
-343
349
-1777
3463
-37
-2037
1155
-695
-896
730
-4294
0
-655
4
0
-112
-315
0
-351
-635
-700
-2008
-1829
-1490
0
-264
23
0
0
-6
265
-3446
-3242
0
191
-168
0
539
-392
-1897
-1962
0
-180
-2688
0
519
3442
-1752
-2974
0
0
-726
0
-303
0
-2
-254
1413
913
-2716
-1825
-414
-6969
0
-2369
-3519
736
0
1176
-1398
-308
-84
-206
-1398
-760
-246
-1828
-5
-512
56
-623
371
-854
351
-4572
0
-1356
-94
-5173
0
5925
-1132
0
0
-2046
-329
-3316
0
1024
-1911
-1384
2590
1608
0
0
-3543
245
0
-5376
4276
137
-488
-4374
-1569
-304
586
0
-2535
210
-2782
-1643
-4774
2531
-3017
-1092
659
-68
-26
2305
-1184
189
-8638
-1089
4010
-1414
-2417
438
-4874
-1306
-468
-474
2741
0
-94
-2717
1139
-1785
0
-12017
-801
-1103
-1052
-3018
-2346
-684
739
-590
-527
-1026
-2664
-753
-324
0
-498
-4156
-909
-3582
-90
57
-504
0
-1175
-420
-2403
-3505
79
551
220
803
-108
-4065
0
-3023
-4503
-1179
1319
-134
-1431
1529
2306
1261
-356
0
1734
-586
-463
-4583
-360
-3013
922
-2023
-3582
149
1350
-476
-1090
-1228
0
-6758
-5968
0
-3282
0
134
876
1016
-6696
1009
-1344
3084
1777
-53
-3018
-491
-1378
892
-1018
644
0
-1390
-1345
0
-2948
2546
-2316
3551
-646
-4880
-6838
-5813
-430
-2751
-5289
0
-946
-522
-1596
697
-2657
0
-712
-1566
-8674
-4307
508
-1038
9124
670
329
604
-1528
-300
-189
254
-166
69
324
1885
-290
-153
-6208
-4963
3333
-4598
-4712
611
93
-4683
-3974
717
-110
369
-1656
-4169
-2710
0
-8
-2267
-5218
-714
-1824
325
-393
-4711
-1479
-3690
-115
-7408
-3280
113
172
-982
0
-5756
899
-4198
-1546
-1651
-2268
615
0
0
3912
-2
0
-2806
-2984
-3828
1651
0
-492
0
-2963
5140
326
-2626
-1455
525
721
-1383
-5612
-1139
55
757
-2587
499
-7827
-320
-3618
-198
-2285
2502
-4957
-2142
2437
0
-226
-1664
56
-27
-3201
4803
-2285
107
108
-396
-1101
0
-2770
-3913
139
0
-3094
-93
106
770
-907
-118
-22
-120
612
-2481
0
-968
579
-960
0
-699
-735
-4223
241
-140
0
-3301
-1470
-5526
3349
-250
-1246
1033
-646
20
290
757
-592
-22
-396
0
-3505
1127
0
47
-1529
485
380
-2184
0
-549
-1770
-1057
-304
-1986
-3302
-1270
-1973
-1697
-410
-222
-527
-100
228
-2858
-1176
-728
0
-635
-2371
0
-1727
-362
-181
-5
3000
2150
-4021
-3321
-2246
-1664
-301
-5116
-1775
904
0
-919
-2550
-458
0
317
-1577
325
-727
0
-980
-80
-341
-6515
80
1236
64
285
-3423
-3559
-589
-1429
-527
-679
-140
-2644
-2153
-1622
-395
-690
-1498
480
216
1472
-85
-2166
-627
0
-294
-892
751
-371
288
-720
-966
-2269
-622
63
-2660
-288
-1807
1182
0
161
-640
430
90
676
-618
-434
-5273
1777
0
-42
-86
-55
79
55
1267
-1374
-1026
-410
-1071
1232
-762
-1166
-66
-1261
-3925
-666
-16
475
-1016
890
-1761
1042
1628
33
0
-3765
-286
-1034
0
42
-232
-2586
-1727
-2002
1975
110
-6010
0
802
-6073
3635
72
400
-1405
-827
-95
-290
-1648
-925
-148
-2699
-1408
-887
-2471
-1883
-1034
-730
273
2475
0
1541
167
-2146
474
762
-1975
0
0
-399
-599
556
0
-2304
-3116
719
-2093
-1562
0
0
-1867
1841
-1536
1665
-3550
1401
16
-1050
-2969
-320
-652
0
-2625
640
-1560
-1941
-306
2660
-2058
1215
-189
0
-52
1170
-204
42
-1860
-141
-503
0
2727
1891
204
-1503
15
90
3162
0
-160
-3907
1524
-936
0
-7706
-2065
-574
-2612
130
-1622
-527
-868
0
-194
-165
-2788
324
-825
0
-1362
-1596
-598
-1296
-486
-32
-84
0
400
-1416
-2619
-1030
-81
809
68
-781
-192
734
0
-1455
-1384
-1774
-580
471
1668
-478
380
0
-300
0
540
-416
-9
628
0
1234
0
-886
-2799
524
-1639
152
-456
-1748
0
-5113
-1393
0
537
0
-828
-2991
-160
-5874
-4859
-434
3652
-716
-354
-1830
-639
-136
127
-877
102
0
376
1029
0
-767
336
-657
1262
-1152
-847
-3276
-905
-572
-1624
-204
0
-504
-2202
-1299
944
-429
0
-1522
0
-5387
-508
0
-466
-2196
-320
-6
2371
-1160
648
0
52
246
90
-1815
1012
-618
-187
-2078
-1378
1865
-340
-675
0
-150
-1340
-1964
-288
400
-162
-1084
-2941
-808
0
-196
-1009
-2258
0
-232
-1651
-2809
2523
-6
-131
0
0
-1170
127
-554
623
0
-3924
-2229
-1443
-1400
-650
-1448
-1394
0
0
-1272
0
0
414
1076
175
0
0
120
0
-1155
1103
138
-2599
-783
-567
78
493
-1015
508
172
502
-627
-92
-2364
0
-1841
-1240
-800
-785
-1244
0
639
0
1429
1474
756
-127
-5752
572
-384
65
1023
0
-1864
0
565
-2252
-334
0
-1784
-2074
254
-2080
-49
-2078
-89
-76
762
-68
0
113
-254
-1905
0
-190
-759
-1193
-3553
-744
0
-897
-200
-3036
2464
1270
-245
-3350
-5418
127
490
112
-3797
45
794
0
444
-210
0
-402
-2865
-1317
0
0
0
-470
-469
513
59
-1414
0
-780
-1230
-854
-1080
-1614
1445
258
-1467
317
-1148
-216
0
0
-3727
0
456
4
330
-5
1026
-4160
1406
-4230
-1778
-5763
66
-2356
-315
-2507
0
-671
-1388
-335
0
-1035
-4219
-93
1235
0
108
8
520
-2825
6
-367
-110
1122
-942
-1586
-1104
-79
2849
-138
1675
-983
-3008
991
-715
0
-5754
-736
530
-713
-2401
-846
-193
0
-97
308
-498
-1037
1040
-3269
737
-640
383
1405
-247
-396
-1824
4
0
0
-1074
-1200
-24
-669
-6
-36
2722
-1530
0
8
0
1397
-57
0
-12
-1384
-1397
-140
-3690
0
-648
-2059
82
60
1557
-330
0
24
-968
-1030
567
448
-1360
-282
0
-2986
511
-276
0
0
0
-2613
99
-1790
675
780
-1620
0
408
-322
1287
-80
-3232
-275
177
-442
-351
-2286
-1007
-724
0
-568
-40
-393
-1244
-346
91
146
2608
0
2110
2263
89
708
-6525
-447
0
0
422
0
-2032
0
-2089
-976
3083
-2069
604
0
0
-2388
-273
-496
-3021
-8405
-83
180
952
-2023
-508
-637
0
-824
-4292
0
-255
