1001
574
695
641
1031
973
1316
2046
527
1144
752
763
1318
1815
953
568
354
924
438
2395
1135
570
812
586
505
1503
912
715
629
1282
578
467
1371
606
822
837
956
795
897
801
773
634
672
2287
935
2132
491
417
1274
1056
789
876
1005
712
692
1090
771
1207
955
546
596
554
668
486
1573
601
896
607
792
580
818
1470
679
785
585
1891
620
382
621
1147
631
1257
1608
622
576
383
546
492
538
720
615
1137
475
742
681
827
1027
1000
1076
851
930
1023
609
615
1645
949
1245
1397
484
553
695
515
1385
740
1006
799
607
1452
648
826
617
782
273
296
778
1421
790
739
374
363
1102
1029
910
1254
414
834
1089
759
440
604
711
875
1131
566
887
1295
1097
949
518
755
917
623
615
558
1009
681
904
952
684
906
648
852
636
609
659
468
581
387
1378
1151
854
803
590
2784
677
1294
655
750
3540
832
457
332
814
639
781
987
745
1006
977
829
1572
941
986
720
649
634
891
559
642
759
865
660
607
662
817
949
743
1258
514
5419
977
688
639
606
596
712
5993
478
453
1019
816
1065
992
1614
1238
447
636
965
574
583
521
581
709
229
370
638
943
751
607
971
363
873
297
639
456
1500
999
522
968
1472
877
1285
2011
401
411
1382
717
790
1060
911
537
834
727
1288
618
1729
690
675
615
2006
445
828
443
440
1005
583
851
1150
1278
679
554
558
673
706
781
926
859
889
