-122
23
381
-254
0
-381
381
0
-84
0
15
38
-127
100
0
66
-376
-2
348
-238
0
-351
345
0
-36
0
-112
-44
-147
120
0
81
66
157
357
-380
0
-141
402
0
-350
0
89
169
-109
332
0
78
-122
23
381
-254
0
-381
381
0
-84
0
15
38
-127
100
0
66
-122
23
381
-254
0
-381
381
0
-84
0
15
38
-127
100
0
66
-92
46
273
-352
0
-198
372
0
-212
0
-11
63
-103
136
0
447
-122
23
381
-254
0
-381
381
0
-84
0
15
38
-127
100
0
66
-122
23
381
-254
0
-381
381
0
-84
0
15
38
-127
100
0
66
-122
23
381
-254
0
-381
381
0
-84
0
15
38
-127
100
0
66
-122
23
381
-254
0
-381
381
0
-84
0
15
38
-127
100
0
66
-92
65
321
-170
0
-360
357
0
-20
0
67
165
-133
244
0
-75
-92
65
321
-170
0
-360
357
0
-20
0
67
165
-133
244
0
-75
-88
104
396
-290
0
-339
432
0
-122
0
29
63
-81
78
0
-105
-224
-77
252
-114
0
-474
327
0
-26
0
-65
-44
-137
166
0
123
-88
104
396
-290
0
-339
432
0
-122
0
29
63
-81
78
0
-105
-224
-77
252
-114
0
-474
327
0
-26
0
-65
-44
-137
166
0
123
-42
173
372
-424
0
-18
360
0
42
0
45
94
-54
184
0
534
-122
23
381
-254
0
-381
381
0
-84
0
15
38
-127
100
0
66
-62
88
213
-268
0
-177
348
0
-148
0
41
190
-109
280
0
306
-260
-8
420
-290
0
-513
360
0
-164
0
9
86
-172
258
0
273
-72
150
480
-326
0
-201
369
0
170
0
71
69
-78
148
0
153
-224
-77
252
-114
0
-474
327
0
-26
0
-65
-44
-137
166
0
123
-122
23
381
-254
0
-381
381
0
-84
0
15
38
-127
100
0
66
-122
23
381
-254
0
-381
381
0
-84
0
15
38
-127
100
0
66
-226
73
435
-326
0
-471
411
0
-202
0
23
111
-126
236
0
102
-427
207
0
0
308
0
1524
127
-756
0
0
836
0
800
119
176
-346
21
240
-336
0
-168
336
0
-164
0
-138
-19
-123
156
0
462
32
76
342
-344
0
-183
351
0
-312
0
75
144
-155
354
0
249
-122
23
381
-254
0
-381
381
0
-84
0
15
38
-127
100
0
66
-122
23
381
-254
0
-381
381
0
-84
0
15
38
-127
100
0
66
-122
23
381
-254
0
-381
381
0
-84
0
15
38
-127
100
0
66
-122
23
381
-254
0
-381
381
0
-84
0
15
38
-127
100
0
66
-122
23
381
-254
0
-381
381
0
-84
0
15
38
-127
100
0
66
-122
23
381
-254
0
-381
381
0
-84
0
15
38
-127
100
0
66
-122
23
381
-254
0
-381
381
0
-84
0
15
38
-127
100
0
66
-122
23
381
-254
0
-381
381
0
-84
0
15
38
-127
100
0
66
-122
23
381
-254
0
-381
381
0
-84
0
15
38
-127
100
0
66
-376
-2
348
-238
0
-351
345
0
-36
0
-112
-44
-147
120
0
81
66
157
357
-380
0
-141
402
0
-350
0
89
169
-109
332
0
78
-122
23
381
-254
0
-381
381
0
-84
0
15
38
-127
100
0
66
-92
65
321
-170
0
-360
357
0
-20
0
67
165
-133
244
0
-75
-92
46
273
-352
0
-198
372
0
-212
0
-11
63
-103
136
0
447
-224
-77
252
-114
0
-474
327
0
-26
0
-65
-44
-137
166
0
123
-122
23
381
-254
0
-381
381
0
-84
0
15
38
-127
100
0
66
-122
23
381
-254
0
-381
381
0
-84
0
15
38
-127
100
0
66
-122
23
381
-254
0
-381
381
0
-84
0
15
38
-127
100
0
66
-122
23
381
-254
0
-381
381
0
-84
0
15
38
-127
100
0
66
-122
23
381
-254
0
-381
381
0
-84
0
15
38
-127
100
0
66
-72
150
480
-326
0
-201
369
0
170
0
71
69
-78
148
0
153
-72
150
480
-326
0
-201
369
0
170
0
71
69
-78
148
0
153
-210
119
519
-362
0
-333
348
0
90
0
65
117
-123
306
0
360
-326
125
447
-310
0
-171
333
0
218
0
-56
-13
-98
168
0
168
-192
93
249
-244
0
-132
291
0
-200
0
0
189
-181
518
0
123
32
76
342
-344
0
-183
351
0
-312
0
75
144
-155
354
0
249
-122
23
381
-254
0
-381
381
0
-84
0
15
38
-127
100
0
66
-122
23
381
-254
0
-381
381
0
-84
0
15
38
-127
100
0
66
-210
119
519
-362
0
-333
348
0
90
0
65
117
-123
306
0
360
-260
-8
420
-290
0
-513
360
0
-164
0
9
86
-172
258
0
273
-332
-66
231
-66
0
-585
282
0
-42
0
-19
131
-188
468
0
189
-210
119
519
-362
0
-333
348
0
90
0
65
117
-123
306
0
360
-140
131
366
-222
0
-252
366
0
190
0
5
12
-42
192
0
39
-296
167
387
-226
0
-150
309
0
282
0
-4
114
-104
312
0
27
62
118
282
-260
0
-162
327
0
-248
0
127
271
-161
498
0
108
-122
23
381
-254
0
-381
381
0
-84
0
15
38
-127
100
0
66
-260
-8
420
-290
0
-513
360
0
-164
0
9
86
-172
258
0
273
-514
-33
387
-274
0
-483
324
0
-116
0
-118
4
-192
278
0
288
-192
74
201
-426
0
30
306
0
-392
0
-78
87
-151
410
0
645
-290
32
195
-224
0
-204
312
0
-244
0
-118
5
-139
418
0
150
-158
72
351
-312
0
-228
264
0
-80
0
45
141
-161
626
0
600
-179
15
372
-586
0
-330
351
0
-292
-1397
81
111
450
294
0
654
-153
23
1416
-1495
0
183
-9
0
-128
1177
79
25
-1627
36
0
381
-122
23
381
-254
0
-381
381
0
-84
0
15
38
-127
100
0
66
-122
23
381
-254
0
-381
381
0
-84
0
15
38
-127
100
0
66
