0
0
-1544
0
-1728
-2580
-20
0
-850
1540
0
-1950
1490
-457
0
0
-1939
0
344
-2704
-132
-828
0
0
-1374
-580
-761
0
523
-461
-473
-2361
0
-8377
0
0
-776
1105
1432
-50
0
0
0
188
154
0
523
0
-364
-1068
166
0
0
414
-403
1139
324
-340
0
-2726
0
-2831
190
959
-560
58
-1920
0
-80
23
-608
-300
-4217
582
0
-713
-4081
588
0
-1186
-308
1005
0
0
0
0
0
-200
4211
4275
0
0
0
-88
-599
-908
0
-317
0
-798
0
216
-688
-2522
990
-727
490
1270
-946
-1433
-3785
0
-1972
-592
0
-8938
-3479
-146
0
0
-2448
-196
71
-2927
-988
658
0
-5091
-4363
-10734
536
-876
-224
-159
-4042
638
0
-1143
-2765
0
0
3600
-1462
1050
1866
-4306
-1330
-9
2603
-482
140
76
-1232
-679
0
0
0
-242
-310
0
-125
1007
2585
0
-691
0
-479
-422
-1620
64
-1519
0
635
0
1525
0
3090
-66
-760
192
0
-928
-1120
-125
0
0
0
0
-21
113
396
0
0
0
-158
0
-2275
846
465
0
-525
4386
0
-3706
5377
-3010
0
0
-869
228
-2266
-3126
-1689
-163
0
0
-1733
-1268
-20
0
4164
1573
1221
797
0
-3354
0
0
-780
524
1312
-340
-762
0
0
353
32
-100
-2666
0
1343
1775
-1450
-1012
0
-1317
-236
-46
158
-80
0
345
198
2973
-1113
-277
-586
-71
-762
0
-232
-722
-924
-216
-7696
1424
0
-3187
2321
77
0
-3384
-1901
-3119
0
0
0
0
0
676
3680
2754
0
-17
0
424
-2329
-894
0
-7
-161
-678
288
67
672
-4595
-373
-1516
412
728
-828
-2134
-1989
0
-397
1016
0
-10025
-2400
204
0
188
-5841
-174
-127
-8397
-1461
805
144
-5099
818
-9600
1997
161
508
-1242
-4841
-1283
0
-207
-1113
0
0
2351
1048
1113
200
1520
353
177
2911
389
-1778
136
-1836
-3949
0
0
0
1525
460
-508
2507
-3246
2278
0
-682
-200
-433
872
-2994
242
-2279
0
215
-195
925
0
-4623
507
-1127
-485
0
-3275
492
-39
0
0
473
-190
-121
-1055
-144
0
0
0
692
0
159
-1480
-24
0
1040
3559
0
598
2600
-3605
0
0
-2925
-113
-1700
-583
-2073
-1869
0
0
1068
-1139
-1039
0
2435
1228
0
-6872
508
-2021
0
0
-1735
-301
1152
0
-480
0
0
-1450
0
-831
-713
0
1256
1719
-92
913
0
-791
-2077
-2167
43
0
0
2793
398
-3287
-2480
-1485
594
-18
325
0
-194
-211
-200
-929
-2090
2122
0
-5401
-2513
0
0
-5685
-2161
-7105
-780
136
0
0
0
648
-329
2684
0
221
0
0
-61
-111
0
422
-546
-676
-508
-623
0
-3715
-1465
-4254
709
1010
-2950
-1155
-341
0
278
0
-889
-11568
-1936
234
0
180
-5495
-598
0
-7342
-1639
1396
-792
-6536
-3020
-8717
274
-1580
0
157
-4817
228
0
783
2251
-889
1029
2070
-2166
0
-1391
2068
638
101
1964
-1430
-45
832
-2716
-751
0
0
0
691
-22
-125
184
-864
825
0
-103
-128
-1588
742
-1806
51
-2360
0
741
237
1056
-70
-2841
4619
-141
-300
-38
-1412
-616
52
-415
0
-55
-200
-54
-80
-734
0
0
0
-626
0
-811
16
-378
0
-2283
3002
0
-1440
3133
-1912
736
0
-5563
21
-1969
-2968
-210
736
14
0
737
-3704
296
0
923
2960
88
-3896
437
-7541
0
0
-1685
-49
1664
0
-240
0
0
-1598
0
56
639
0
81
1114
-74
647
0
649
-870
3176
-202
777
162
2269
-766
-924
-4055
2656
-376
-15
242
0
-219
-414
-307
-1015
-5809
291
0
-3285
-3246
-918
0
-3616
-39
-6642
-381
6
0
0
0
1278
-150
4860
0
850
0
762
1214
-438
0
-414
-137
-1208
-244
230
25
-3727
-338
-1125
-202
340
3064
-2272
-1630
0
1030
-616
-1002
-11523
-981
-24
-594
-160
-5421
-116
-360
-6765
136
1502
-2025
-5215
-2610
-5943
214
-1097
0
-104
-3972
726
-91
-2540
2465
42
234
1362
2948
0
-113
4012
-507
-14
2473
-1994
138
0
-1524
-2970
0
0
0
720
1301
61
1357
536
-432
0
1088
-116
-1715
-826
-2762
-297
-3096
0
662
121
2959
-218
-1572
778
-253
-943
-230
-2815
-2579
2520
-365
0
-99
310
0
-964
1144
0
0
0
-209
0
-94
1110
0
0
1524
1424
0
196
520
-356
-720
0
-2306
-886
-2719
-729
0
-2999
343
0
1564
-2853
494
0
2029
-1095
-172
239
266
-6169
0
0
-687
0
213
0
0
0
0
0
0
-462
-376
0
2477
-1008
-827
-508
0
-1634
-442
3509
241
-50
39
-161
-534
-58
-2092
-720
-1552
0
150
0
268
6
-209
-1559
-17
381
0
-3192
650
1654
0
-1500
57
-6558
669
-254
0
0
0
259
-689
4714
0
0
0
-66
-648
-1092
0
-257
0
-1534
0
-899
-275
-1695
-127
-2709
419
-104
2768
-1153
-1915
0
2399
-592
71
-5767
-1039
0
452
0
-5650
-76
355
-4742
103
1720
-1089
-5519
868
-1762
579
-2220
0
-7
-2515
-741
-53
-460
722
-560
546
-833
-243
0
1826
3929
-824
0
2364
1224
-907
0
0
-684
0
0
0
363
1691
30
-234
-1364
1680
0
1472
0
584
1524
-1105
0
-4394
0
-122
316
-404
-258
-478
-21
-196
0
-243
-2494
-1001
2270
175
0
0
0
0
87
-1496
0
0
-350
-858
0
-999
-1584
-16
0
-3215
3232
0
-877
-2653
-209
-27
0
-2847
1080
2224
-6465
-732
-2094
-111
0
230
326
-2578
-14
1241
362
-1619
-6926
224
-12797
0
0
-1984
840
-276
260
-1651
0
0
-573
1779
0
3806
-45
-424
2171
-2467
332
0
-1002
-371
-800
984
170
24
986
0
1226
-135
-3225
17
-6
-202
0
10
-805
-3636
-2079
-4282
316
0
-10084
-4247
2114
0
-3048
-583
-402
0
-46
0
0
0
494
1287
-329
0
0
0
640
868
-957
0
279
0
-834
0
407
-929
-2931
-216
-1470
305
3655
-887
331
-4607
0
-6867
415
-750
-10954
1260
-603
0
0
-6543
-103
-2
-2787
-5363
906
0
-4594
-697
-10809
-2748
-903
-368
-2165
-11263
-2244
0
-138
297
36
381
1860
-5781
693
-2193
-12648
-2966
-240
950
-2214
1008
955
816
-2172
0
0
0
-1271
522
0
667
-285
256
-33
-1649
0
-2110
1983
-1734
47
-3406
0
165
126
722
-210
461
-10
-702
350
0
-3568
-945
-1663
0
0
0
0
-676
-162
-108
0
0
630
656
152
607
-4314
-303
0
-8037
9137
0
-3945
1280
-1138
127
0
-3440
1036
-569
-7195
-507
-681
-174
0
659
-942
-2275
-176
4321
-683
955
-3768
896
-4984
0
0
-1513
-158
406
-981
-1663
0
0
-2125
3448
-32
1265
490
-1005
1512
-2091
-243
0
2305
48
-7327
2492
-926
158
3169
-182
-680
-7722
-4025
-729
-194
-2196
0
-133
-1721
-5289
-1571
-10020
-1672
0
-6134
-3479
132
0
-5122
-657
-5464
0
-236
0
0
0
2502
223
-3078
0
-1921
0
656
-2077
-571
0
380
131
-165
320
56
1180
-2869
39
-3099
53
1236
-2668
1257
-587
0
-1560
-1466
168
-7849
-862
-2012
0
142
-11607
-898
-5
-7781
-2308
1365
-126
-6276
100
-14714
-197
-1825
292
-3553
-14452
1936
0
309
-4127
-480
1687
-824
-5190
2667
220
-8963
-1315
-439
1515
1580
-503
674
2256
-5293
0
0
0
-416
-609
-220
5386
-5776
1805
-147
-4550
104
-2065
773
34
90
-5132
0
320
295
1732
-913
-4465
-1462
592
-815
0
-4672
-3119
-3005
0
0
-374
-440
-317
-598
-450
0
0
0
2991
-334
2702
-40
192
-342
-5466
7697
0
-2202
4182
-364
0
0
-5120
2549
-2516
-5391
-450
-412
474
0
5184
-1495
-2914
-150
4027
-3554
242
-1541
200
1532
2286
0
-2688
-2224
-1447
0
-1280
12
0
2545
3061
-659
541
-88
41
-1006
9
-825
0
-2127
-2520
-5637
1924
0
-25
2529
-380
-2480
-6580
-3087
-1112
-324
624
0
-809
263
530
-1373
1017
-157
228
-4984
-1543
32
0
-8041
-564
-10556
1464
124
0
0
0
1602
-1480
77
0
-323
0
0
662
-2052
0
-628
128
-258
172
65
0
-1313
-356
-3667
473
298
672
-1683
68
0
1906
-1184
-420
-11030
2158
-244
0
310
-12176
-2603
0
-6409
-3492
4154
144
-8868
-2213
-9031
67
-4565
0
238
-12897
-3093
366
495
-2247
336
-111
919
-2136
0
1392
-4375
-2474
-510
622
332
-2079
-991
3088
-2091
0
0
0
-1212
262
-311
-468
-2392
2482
0
-4701
-1362
-703
984
-2155
-228
-2258
0
793
505
366
-885
-1598
-1728
4184
2151
-30
-3921
-3420
-256
635
0
484
-1270
-58
-78
288
0
381
810
1292
-601
3224
-560
124
84
-7952
4532
0
-1542
4027
-2004
2408
0
-11324
1792
196
-9529
-557
-1481
1905
0
4588
-109
-348
0
1586
868
-553
-1397
38
-11473
505
0
-818
-402
-47
1778
-56
-308
0
-269
1222
-1354
3927
-256
-291
97
-724
-107
0
-1905
-492
-3058
688
2078
-57
2443
790
-691
-3002
-11222
1390
-132
-1265
0
-785
-635
722
-1274
-3302
2529
-96
-2547
-4305
-755
0
-4277
-1377
-8223
-426
-62
0
854
0
1358
-2427
-2101
0
408
0
492
-486
-1171
0
-954
101
-612
-502
334
-435
-4661
165
-5561
794
-44
3123
-2227
-2840
0
-3126
-1354
115
-9867
1664
117
-4354
-124
-8849
-2041
-445
-1469
-4938
2421
-873
-2965
636
-2303
250
-3665
0
-783
-11420
-3897
-55
-131
-3836
-2564
425
3109
-4611
0
2530
-1000
666
-216
1703
-4545
476
-188
1292
-2979
0
0
0
-293
1116
-554
-450
-375
-1462
-1016
-5910
-1046
759
1332
-2477
-225
-4768
-623
-205
1848
2252
-111
2037
-1667
2414
94
-333
-4606
-3947
1333
185
0
330
690
0
-1311
3180
0
261
-450
373
-127
2740
500
336
762
-3500
3419
0
-1534
-539
-1835
-870
0
6988
2977
-2099
-5266
-988
-5235
-606
0
1548
-1288
-1578
0
3170
-1172
515
4623
-356
-14295
-1167
0
234
444
-381
-140
0
504
0
520
0
-560
1055
302
2029
-2332
-1553
177
0
-13
245
7234
809
-73
-381
1193
-704
-504
-4408
-4076
176
0
103
0
-66
38
-160
-1512
-5131
1227
-270
1112
778
4771
0
-93
-243
-7462
-429
-160
0
714
0
-1151
-287
398
0
0
0
480
-1197
-499
0
-334
0
-574
-122
874
-1865
-2311
1847
-910
1402
-738
1567
-2632
-5344
0
-500
106
-171
-615
611
255
-4384
0
-5368
-2063
-10
-4250
-274
1144
-1143
-4476
2425
1137
1042
1409
0
-41
-6746
-684
235
1371
-1198
12
-333
1319
-1298
0
2053
3090
-755
0
2902
-4632
-1102
0
0
-456
0
0
0
305
-259
333
3076
-2777
1638
-88
-3339
-714
-707
487
-692
0
-4427
-700
-944
1229
1910
-144
-2149
-337
-13
21
-366
-207
-2690
-938
-155
0
0
0
0
92
-150
0
0
874
2608
0
239
-114
-16
0
-1023
3802
0
-962
-2119
2073
-45
0
-1252
120
-86
-2036
0
-399
147
0
-431
70
-2279
254
2006
455
-744
-3355
3997
-8696
0
0
-895
0
98
-58
26
0
0
-636
1065
-1100
2581
262
1854
-486
198
-508
-88
-252
-127
-3987
-1042
820
162
783
891
2040
-486
753
1222
-108
712
0
0
-833
-494
306
868
-22
0
-5707
-1312
1535
0
-4123
0
-1004
-3175
136
180
854
-2
602
-1955
-3987
0
0
0
0
1401
-336
897
-139
0
-720
0
251
-301
-2244
0
-2274
315
220
-3748
-755
-2258
0
-1161
-1012
-4168
-9383
-3771
0
-1397
0
-2059
-1065
-74
-3515
-3792
1946
-237
-3424
749
-4159
-5389
-2492
0
-2899
-3502
-3059
0
-69
-2853
-4647
70
379
-4303
0
2430
-10953
-910
0
-1847
-896
-1649
45
0
-299
136
0
0
-1084
-372
0
1463
-1034
-788
141
-821
0
-119
2273
-1577
0
-2052
-445
2497
158
-18
-147
264
-30
137
-278
0
-2286
439
-701
-2158
0
0
-57
439
533
0
-78
0
-1378
2173
204
1855
-2903
136
0
-4154
8314
90
-643
-3931
2123
-27
0
1076
987
-2563
-4029
0
2541
552
0
2492
-1155
-101
-16
4634
5
-1433
-2102
2069
-7982
0
0
-2512
0
257
-1272
-728
0
0
-3116
2078
771
2711
599
1612
-2149
-2942
-1885
-864
-615
-21
145
-1866
966
1065
3980
-542
-1343
-1251
-2332
-1722
-44
-3093
0
-129
-966
-811
-4156
-1311
462
0
-4237
-2189
594
0
-4468
0
-3239
-468
6
-1524
714
78
-1361
-479
-2871
0
-2159
0
0
2164
388
1392
-590
-762
-3241
-368
656
359
-5880
0
-4207
1562
224
1873
1173
-3807
0
-3404
-1612
-6958
-7829
-2335
170
-1944
-122
-7861
1410
-1121
334
-6229
1812
21
-3123
255
-8271
-1968
-1938
0
-3818
-2672
-5662
244
261
-1785
-763
-172
-2346
-5717
0
3530
-7991
-1824
0
631
-2456
1560
56
-154
-2502
325
0
0
-2168
642
0
4884
-5581
-274
-132
-1047
-305
582
1915
-2524
0
-4487
-856
503
254
1156
-706
-1643
-248
1229
-112
0
-3961
-693
-290
-2645
-66
1397
426
-76
1372
0
-12
0
-160
2476
-101
983
-2598
1043
-84
-1800
6904
-25
-2108
-948
1048
0
0
-2471
-2274
-6874
-4986
-132
-4262
-99
0
4371
-2797
-1125
-92
-794
-732
-583
3405
1822
4224
-666
160
-1275
966
-806
0
-492
-428
0
-4236
1826
-1383
31
-56
4075
-1516
-2682
-119
-360
3441
-662
556
-324
980
193
1964
-1995
-1908
1038
4520
-3899
0
-1175
-270
-640
-1099
-843
-1793
-4463
357
177
-4858
1009
517
0
-1813
1344
-7785
62
-323
-402
294
-6
-496
-1706
1787
0
-885
0
0
1235
1589
-267
-423
-312
-2036
-12
-2037
-710
-7230
2090
-5370
1390
-2060
3269
-1969
-1986
0
-2509
-1612
-2737
-10460
-6429
-240
-1266
568
-12633
2089
1136
-4526
-6024
1164
-1910
-11317
2287
-11242
-792
-4198
0
-2262
-7221
-1288
39
-3429
-831
-2696
146
3982
-4743
0
6024
-5205
-2155
0
-751
1301
-3074
536
-114
-3208
-73
-147
0
1840
1072
-1570
3423
-2713
2480
0
266
-1645
1037
-1738
-1160
-381
-8422
-1035
421
-1040
1232
-584
-1119
-8
504
1840
-400
-3892
-1093
-1226
-152
-94
77
-407
-60
-462
1017
381
120
1188
1606
-430
1407
636
-74
-108
-2388
3996
-270
-1500
2937
-967
828
0
-6209
-2444
-4673
-6478
-1546
-3615
182
0
2464
-4289
-706
0
-182
-310
-1750
943
712
9905
-883
-485
-387
-366
-2407
448
-180
164
0
-5540
843
-1197
3037
-840
3498
-947
-3322
966
0
-5148
-763
-5005
-759
-889
-342
923
-458
456
885
4838
516
0
-1534
-756
-1014
-1278
-995
-4282
-906
2667
-30
-6063
-2187
-5474
0
-858
1568
-5616
513
-354
-254
308
0
724
-1756
-1051
0
-1840
0
0
269
2163
138
579
-294
-948
-234
1170
-5188
-4888
-2413
-3412
2035
-528
2750
-5095
2708
0
-3445
214
-503
-6776
-2985
-628
-1403
354
-10297
2239
-1837
-5767
-3272
1837
161
-5942
2497
-6532
-4873
-1519
0
-2983
-5355
-6184
-90
-4050
-650
544
289
2872
202
0
2324
-2929
-952
0
-979
1438
24
416
-254
-4364
-120
-75
0
92
-893
-447
4690
-2004
854
768
1515
-1373
-1279
-287
26
72
-3002
-410
-31
289
2891
-19
-446
536
-1671
-336
-2783
2128
-1706
-1193
190
-170
869
-84
0
1032
1714
0
-96
1008
846
-98
1693
173
-966
-120
-910
-2378
0
-8
-1538
-646
-810
0
-1439
-829
-1722
1052
-422
1086
2149
0
2144
351
-1016
0
4654
2165
-620
-944
175
-7978
-2171
135
486
138
1300
924
0
-276
0
-3720
470
-784
-101
1208
2233
2184
-3255
313
0
-4724
57
-5277
-601
-706
0
872
248
-1088
-5105
-3528
528
0
89
-1143
63
-371
-298
-1203
-3980
315
-192
-2959
-3416
3502
0
-116
-504
-3379
-258
-102
-72
490
0
79
0
-7726
0
50
0
0
-365
-532
0
680
0
-284
-124
-825
-1536
-3765
-1216
-3076
365
-226
2030
357
1989
0
-2213
234
818
-757
231
-20
1694
0
-3426
-1197
-370
2436
-461
984
-713
-2826
4071
443
-5409
-2528
0
-126
-2244
-338
606
1728
-32
-1132
-1080
-1040
995
0
-337
822
-1788
0
369
-1122
-372
0
0
-306
-30
-249
0
1020
-1133
467
3617
-4305
1470
376
507
-916
166
6295
540
-306
-1994
-168
-162
3217
3748
-110
-1426
764
-410
-843
1429
-530
-1074
-1137
410
0
0
0
0
-654
-3784
0
0
242
2916
0
3349
-623
0
0
-2986
5222
-450
-918
-2887
1717
60
0
-1827
3148
547
-5440
0
-1890
321
0
5424
988
-1538
168
-1652
0
-1143
-2473
1190
-2626
0
0
-2413
0
-89
-791
-1057
0
0
-2165
544
-845
4603
215
-258
-2680
1406
-102
-576
-819
0
-30
-624
-2054
1785
0
201
0
-340
-2434
1942
0
-2429
0
-120
-1702
-1352
-952
863
144
0
-6586
-2966
-1595
0
-2999
0
86
-117
-62
-348
490
127
1223
-668
-5894
0
0
0
0
5528
272
2414
-740
0
-1536
0
337
-772
-1682
0
349
1197
-396
-522
1936
-2827
0
-4059
1369
238
-3580
-2234
195
589
132
-6741
993
-1424
1387
-3500
120
-312
-1703
-780
-704
-2046
-1
0
-3896
-5560
-820
-182
120
-3797
-2100
-485
-680
-6695
0
-55
-9723
-1698
0
-850
-952
236
788
102
-80
-419
0
0
-1734
204
0
2931
-3915
-1568
144
-1853
-250
-830
1026
736
0
1243
-64
1024
18
617
1123
-584
-76
934
-450
0
-4191
-387
-118
2105
32
0
-1085
0
-957
0
150
0
306
2431
-304
5709
-2987
-9
750
-5016
5191
-100
-3144
-1627
1752
0
0
-1999
3592
-3531
-4923
-732
-91
-129
0
4240
-510
-2691
96
-176
3488
-550
-1093
-2968
310
594
-635
1026
2154
1717
0
-1070
224
0
-6085
676
210
307
248
1610
-5377
-2640
-1396
-1016
-1358
-2360
-2368
-483
-688
-2662
204
30
1280
-1669
-3076
-374
0
-3328
-54
-408
-2185
-3923
-2208
-6287
-2121
132
-615
-1619
97
0
66
-784
-2894
1038
44
-414
-175
64
1453
-476
-1599
0
-113
0
0
-1970
-2158
-1430
0
0
-543
-184
-976
-676
-1256
-456
-4225
-576
-2841
-796
4841
6572
0
-2811
3165
-812
-5888
256
-171
752
762
-5966
1216
-32
-3418
-3423
408
5
-3499
57
-2106
-3782
-9
0
-3413
-7794
-1667
-301
-432
-2602
-928
-707
-458
-6665
0
-2919
-8008
-2644
0
-1514
-3055
-270
-379
196
-2287
312
-162
0
-2449
-615
-1905
1660
-4206
574
0
-2292
-296
-1396
-220
4661
192
-773
474
-319
1392
4318
-820
197
-536
-434
-1407
-858
462
-771
560
-473
-160
0
-1825
0
977
-186
33
249
-316
1250
112
3347
32
-72
-258
-4967
4740
415
-2628
2261
2603
2142
0
-3088
3824
-1313
-4449
286
4177
-349
0
1418
-3195
-508
0
3592
-1997
-36
3569
-1428
6122
-75
290
0
-966
692
-1372
-250
508
0
-2755
528
64
2288
-934
2130
-5108
-4024
-1229
0
930
-900
-2539
-1365
915
-1577
744
-820
-1212
-928
-1813
0
0
-1566
27
-47
264
-2194
-10
1188
-966
-282
942
1409
-3635
0
475
-3556
-2355
-180
9
-58
-595
0
-196
-721
-1125
0
-19
0
0
-2030
-1427
-943
-3048
0
224
-86
330
-3307
-581
437
807
182
-226
3707
5050
3535
0
-1107
1646
-410
-4987
-4181
-56
-1859
270
-5161
871
-80
-3150
-1303
1367
-2392
-1928
4156
-2399
-6125
-670
0
-2590
-4306
-5904
125
216
-2712
-308
-1560
-1040
-3132
0
-2278
-4052
-2345
0
-2259
-1604
-368
-508
242
-3678
217
-81
0
-1746
-309
-530
3039
-1950
-1386
-176
-1223
-2243
532
-610
4255
150
-1764
-6
64
1353
1348
-1100
-266
2415
424
-516
-3366
-1922
-1398
-2518
-279
-124
0
1104
0
-483
-1670
0
