-148
486
1882
741
2648
-499
1158
-22
1130
-479
600
-1539
-471
-281
-1297
-148
-808
-899
-234
-886
336
3146
2236
1288
-1560
-421
11
-434
-216
-382
-1091
-914
2497
-585
-586
-14
216
-1134
777
-104
-633
-192
871
-87
-420
-655
835
-482
1831
-727
766
-468
-322
2828
1172
-417
798
43
146
-467
-332
-1735
-1236
-1445
2460
1643
1571
-568
1105
-44
-251
-242
1722
-793
-1694
-450
872
2491
109
383
-805
737
652
-82
-173
-1364
-336
1392
790
1292
411
-101
-952
483
91
1134
-618
-1206
-436
2846
-576
455
-1363
1810
-2278
-111
-229
1100
219
-269
518
1082
742
668
1283
1193
477
-399
61
2450
346
-1294
229
2127
-915
-240
-18
965
280
-643
-1789
78
535
-2018
-461
1530
-733
2658
1140
1045
-246
1118
1565
2203
1381
771
-184
-3401
-1914
-148
-1932
271
-1313
3019
400
1045
2246
-1327
954
359
73
717
1004
-758
-1175
1405
-666
-312
1969
-89
2142
1634
1751
296
2052
-6
1936
1262
-671
896
-550
-590
-178
527
1460
1422
1626
-1262
1297
-145
-1409
896
