-23
5
-12
-13
15
2
3
-8
11
-2
-4
19
5
10
15
-14
4
13
7
2
15
13
10
-13
13
9
-24
-3
7
-6
2
26
-25
33
8
-13
36
25
-1
11
-33
3
6
-9
-6
-21
1
-5
1
11
14
5
10
-1
11
8
3
3
-13
0
-4
-27
-11
-18
1
12
-17
-15
7
23
2
-18
11
-7
11
-18
0
-16
13
-5
1
21
23
6
-2
12
-6
-17
-6
-4
3
7
12
8
25
-24
15
1
-2
-15
2
7
-2
9
17
6
2
4
8
-16
18
5
2
4
-1
-10
2
16
-1
-9
11
-9
-7
-16
7
0
16
11
1
24
2
-2
8
14
6
-11
-6
-14
-1
-10
14
7
-3
5
-4
-10
-10
-17
19
12
5
7
-6
0
-8
0
1
-12
1
14
1
1
-5
-18
0
5
-13
18
3
-16
-13
-18
13
6
6
2
-10
26
10
-11
19
-5
3
-3
-3
0
-5
-7
10
15
1
-8
-4
29
17
-16
12
3
12
6
13
3
-12
-10
4
10
-12
-13
0
12
-11
8
15
19
3
-12
8
-15
1
4
-12
-2
-6
15
-5
8
3
-6
0
1
-3
-14
-12
-10
1
16
-15
-12
5
-8
-19
-9
10
1
-11
-3
5
-7
-7
0
18
33
3
-5
-4
-3
0
8
4
1
12
9
2
1
9
13
-8
-17
10
0
15
17
-16
12
17
-19
19
5
-14
6
-19
4
-9
-7
11
-18
-24
3
-11
-7
39
6
21
15
-13
10
-27
36
1
9
-9
-37
14
8
-27
-4
-13
2
-5
25
0
4
-4
-1
-15
3
18
5
20
-35
-4
5
27
13
4
23
-16
9
-15
6
-8
-17
19
6
-8
-1
17
0
10
-15
6
31
-9
8
-14
20
-7
4
16
-11
23
13
-10
17
5
-1
-2
16
-7
-6
8
-4
-5
14
14
10
13
-13
-11
29
1
-5
2
4
-3
-2
3
4
7
-11
11
8
-23
12
12
7
3
2
-13
5
-10
18
9
13
-7
11
-2
6
-11
-1
7
-9
-19
-14
-4
-1
-3
23
0
-2
1
-23
8
8
13
-9
-5
21
1
-5
10
-1
-2
-3
5
4
-5
-8
8
7
-21
-14
-14
17
17
-4
14
9
16
11
2
22
3
4
-1
10
-13
6
7
-4
0
-4
0
5
-2
2
-10
-6
-10
19
-7
14
-9
8
-17
1
17
-11
-4
1
-6
9
-17
3
3
11
-8
-3
-8
-16
7
12
-10
-18
-3
-1
-12
-8
7
16
0
15
18
-15
4
30
1
-13
-13
15
9
5
-2
10
-3
6
-9
-23
3
9
2
9
-13
38
-5
-13
18
8
1
1
12
1
-14
-5
-1
-10
-12
-2
-8
-7
26
-5
7
7
-16
-1
0
11
1
7
9
-9
2
8
-20
11
-9
9
-20
21
2
11
4
-10
-20
-8
-3
16
16
-20
-12
25
5
-14
1
-7
-13
-2
1
2
-17
0
-1
-7
-20
4
-1
-9
19
-23
7
12
5
12
-28
10
10
16
23
0
4
6
-1
43
8
12
2
19
-3
-5
28
-16
2
7
5
7
5
-10
-10
28
-4
3
-8
-14
12
2
-1
13
12
7
-1
13
-23
5
20
-11
33
16
-12
-12
0
5
-3
27
-1
19
7
0
-30
-1
0
16
-19
-1
5
18
14
-3
15
1
13
-20
-5
-4
16
-6
-7
19
5
2
-7
-4
-13
-8
-6
-1
-9
11
16
0
-11
-11
0
30
15
-8
17
-6
4
4
9
4
13
12
22
18
-35
-10
0
-10
7
4
13
6
5
-17
-28
-24
-15
14
-5
5
-5
25
-17
-18
-4
-1
-3
-4
1
5
-20
7
-5
24
-10
-12
-25
-16
-18
30
-7
1
5
6
-15
0
10
7
-1
6
3
-11
10
15
6
11
-16
-8
7
-17
-1
37
-8
21
1
-13
3
4
-3
-3
-3
8
-2
-26
27
-12
6
23
5
7
-12
2
13
-1
-8
4
-18
32
4
1
14
-7
6
2
-7
12
8
14
-2
-10
10
18
9
-9
4
22
18
14
-2
7
-2
-2
6
34
-12
4
-5
19
7
-12
3
6
1
-4
16
28
-5
-8
4
1
-13
1
0
-8
-1
2
39
26
-4
-11
16
-9
-8
7
13
-8
14
-8
-18
-1
-11
15
-9
8
-4
-5
-7
11
-9
-11
-4
20
6
-10
-5
-4
8
-6
19
6
-1
-16
6
12
-10
-8
-14
-6
5
-7
23
0
