-2511
-344
-1442
-121
-1463
40
-826
-230
-220
638
-512
31
-429
-1523
-1170
-2031
-317
261
-248
145
-386
-236
-1392
-960
117
-1637
-103
-555
-547
-883
-1164
-592
-1192
63
-944
-393
-895
-385
19
-737
147
-1292
-243
75
-1044
-430
306
-1121
-790
-289
-215
25
-328
-788
-72
112
-1094
-287
-184
280
155
-1336
-654
-767
-137
-192
-1677
47
-234
72
60
1685
614
-806
-412
-373
-961
-1046
-1171
574
-693
920
-375
-1408
-182
-196
-1399
-321
532
327
-3125
-4
-766
-1055
-168
-481
315
-1900
-570
-574
-817
-635
-147
748
-2623
-151
-734
-1075
540
-103
-6
-704
-109
-806
-335
31
58
-1118
-1337
169
409
51
-13
42
1524
-895
-370
457
867
412
-1068
293
-7
244
529
131
-1482
-607
-328
-169
-484
-1270
354
94
-553
148
-93
-1047
-1699
535
94
-3016
-706
-305
-2302
-687
-3500
-114
-1403
-196
-654
-204
6
-1166
1257
-580
202
-452
536
-1670
227
-367
-733
-3700
-1180
-849
-151
-1137
-996
48
-363
-375
-1858
559
-911
-1076
62
-323
-526
-1186
-962
-993
