788
-3236
-5454
0
1955
-5207
-153
-36
-1114
-1568
-296
497
-626
-2776
0
1502
-735
-15
-5075
490
1454
-80
0
-203
44
402
0
-3697
102
-2557
0
-3943
0
-4574
440
-95
588
-12
-214
0
0
-266
64
-627
804
4993
0
-493
-912
112
0
0
0
0
-1889
-3690
0
30
0
-2280
-273
-289
-1595
-576
0
0
-127
-4803
-1775
-1899
-3161
-419
0
0
0
0
0
630
0
23
0
-456
-1836
0
-3846
0
0
-201
5748
1956
70
529
0
1029
-147
-8961
0
248
323
-507
261
-1051
-3716
-2409
-8808
-1180
-102
-1996
0
-1446
595
1295
-871
0
-116
348
0
975
-2132
-988
0
0
1614
1457
-11140
-4293
0
0
-1424
-1893
-2300
-285
-1800
0
-4703
0
3678
-6196
1883
-1416
0
3492
-5935
0
2354
-3802
-2259
-1366
1425
-1260
984
948
-304
-33
-1232
-1536
0
-288
-1808
0
-54
-5673
1376
256
-82
-2802
-80
776
138
0
0
-1450
0
-2307
-2538
-290
0
-194
-886
-303
-154
0
-3141
-1891
0
0
-836
-972
-1071
0
0
-1231
-571
0
-975
1907
-484
-440
4775
-356
0
-898
0
-268
0
-712
-888
0
-409
3148
0
0
-3246
139
0
-2789
0
-2631
0
0
-477
-704
0
-3414
3819
1637
-3988
-3890
162
-315
0
-805
-2901
-4867
-732
1396
-1227
-6846
0
0
0
-4055
-2540
3096
-938
-119
-5468
-846
354
-1039
0
2352
1064
5339
-2270
-2579
-1055
1258
223
-372
-832
1061
985
-2245
-171
561
-1493
345
-464
-419
0
0
882
-645
490
2854
0
-53
-6433
61
826
-1877
-1900
0
-1000
-1328
-3054
0
-508
254
0
0
0
-976
47
-4130
1052
-1309
-171
-756
0
0
409
0
166
0
0
-4235
-986
0
647
-202
-800
-3119
3482
0
-4458
0
-2740
-3304
-2720
2984
-5774
400
9
-430
-3732
-3188
0
0
-1834
400
552
-2668
-559
-72
-3092
6
-438
-1111
761
3160
-4391
-3037
0
-1639
0
-311
0
-2983
-2782
204
130
-2027
3046
0
-3015
2058
1379
309
0
5883
0
0
-4490
884
-6743
0
0
-584
1004
0
348
-3547
1448
-3484
-130
-966
-12
0
0
-1678
541
16
0
-2962
-385
0
4767
-1568
1020
-364
-1023
0
-1614
0
0
520
796
1906
0
276
0
0
0
0
0
3487
-1903
0
-420
0
1576
-268
1530
-752
409
0
0
-7195
-1316
2422
-889
-270
0
0
535
170
-5283
0
-2994
153
22
26
204
-729
-1510
-578
-531
-1425
-2155
0
0
0
-812
0
-84
-72
-1140
4030
0
0
312
0
1143
164
-1361
1412
-3099
1256
0
5615
-419
-1470
-105
0
-1741
0
-3574
466
50
0
-1763
-270
-268
-6921
0
0
-1313
-4145
2205
-1274
-1536
-56
213
-3358
-207
-1134
-1331
-1577
-908
-2807
-527
-1503
-46
1198
-1225
-670
-2516
1647
2132
188
0
1450
912
-300
0
-2277
-658
-1375
-189
-5305
0
1642
243
152
-4231
-176
1758
0
0
22
-1524
-1128
-4532
5798
-468
-2838
-2883
-508
0
0
0
735
-933
-751
0
510
72
-3010
-2898
260
812
-63
0
30
-338
-11950
-2547
861
-1079
-379
0
465
195
0
0
49
-116
127
0
502
2078
0
-6889
0
0
-2094
-241
-3005
60
-675
0
-903
2478
-13271
0
-5631
27
959
-1140
-184
-2536
-1780
-11926
-690
-127
2149
-520
-2500
-563
-3768
-4091
0
-518
-570
215
1257
-1588
-2865
-357
0
-7979
-5384
-4098
-1308
-686
0
2394
2315
-2838
-192
-933
618
-5262
0
2113
3084
55
392
156
1291
-8066
0
2124
-8108
597
-1221
3
1417
501
-1089
-516
-634
-43
-768
44
30
502
0
-850
-6723
264
4241
-26
-6792
-230
-1981
447
-28
0
-728
0
-2108
-1368
-144
-1140
-140
-789
-87
407
0
1357
905
-678
0
-1397
-563
677
0
0
-3095
-518
0
-402
1909
-6570
281
4063
-508
0
3793
0
-210
0
-134
-357
0
-5764
-4513
57
0
-3735
-2021
0
-4987
0
-3070
0
0
1788
626
0
-4350
3149
-1086
-509
398
695
-147
0
-604
-1283
-1089
-2258
-1236
-1079
-5175
0
0
0
-1831
-1820
-1621
-79
-571
-3058
-4311
-875
-1116
-174
-1565
-5131
9506
-1766
3945
-961
-440
-2253
1135
-431
-2014
605
4004
-63
-1007
-1543
-465
-592
-7962
0
0
-2600
-1957
-38
-886
0
-133
-7507
527
-1533
-955
-3395
0
-12
-7283
-4586
0
-363
4
0
0
0
-6639
-143
-951
4021
-1151
-451
309
0
0
-195
0
33
0
0
-3828
-1510
0
4264
-118
635
440
-5660
0
-21
-306
2645
1374
-1077
77
-136
784
-317
466
-5957
-2078
0
0
1177
412
24
3666
357
-1410
-8678
159
-1239
-2693
-2259
-2913
-2306
-710
0
-1029
0
1458
0
-2353
-3133
-1587
826
1861
2606
96
-1116
-1019
-6101
-70
0
431
28
0
-3913
-610
-7535
168
0
-3336
1267
0
-4
-8781
1657
-3333
-508
-61
-6
0
0
-852
2247
-379
0
-7368
-1048
255
-5415
-333
-3233
3146
-1342
0
598
0
0
-3284
-1969
-1441
0
-508
0
0
-102
0
0
2432
-3820
0
714
0
1037
-212
1089
-2744
-994
684
0
-9679
-395
-5505
421
-908
0
0
280
3627
-3874
0
-5131
-4092
100
-893
-342
-1512
-7353
-4673
-1466
86
2178
-672
306
-55
955
-120
-180
-14
-3665
-4495
0
0
232
0
-498
-122
-3974
-1850
-843
-1434
-18
-7422
-1475
-1680
426
0
-3432
0
-4135
445
-5456
0
-1611
-642
3034
-8671
0
106
-1162
-3496
4359
-1435
-83
595
221
-480
0
0
-630
-1257
336
17
-340
3072
-62
1602
-2836
108
163
2704
-2732
-2238
0
-573
176
0
0
0
427
-1902
135
1602
0
-3032
-110
161
-910
-798
4390
0
0
-181
-855
-36
-1012
446
-63
665
-759
-24
0
0
0
750
-646
694
0
-165
-127
-1369
-288
-2771
-1270
105
0
0
44
-215
-1229
-1409
659
-1323
0
-635
-962
0
0
120
36
-27
0
915
1337
0
-1433
0
0
-381
-9841
-1390
330
117
0
-563
3016
-7232
0
-3197
-2041
84
-779
-575
-406
-2093
-6513
-1244
0
-4193
-635
80
-2383
-2182
-2034
0
-222
2436
-635
2286
-248
-550
70
0
-966
-4286
2072
-1602
-1778
0
5261
54
-691
-114
-1554
258
-1421
0
-3660
-1395
-170
612
288
-1901
-7333
0
1470
-3374
-1016
1832
2884
93
-761
-1874
584
-342
286
744
32
0
-843
0
782
-3783
-2614
245
-15
-5374
-660
13
-84
114
0
655
0
-1405
-480
0
779
58
-812
0
-297
0
2310
-3720
-174
0
-638
1273
-581
0
0
423
-325
0
-114
-70
-1504
-400
-1912
200
0
1046
0
-85
0
-1427
-1905
0
-3099
-551
127
0
0
-2972
0
-4019
0
-1430
0
0
-454
50
0
-1349
-4355
-1184
60
1523
-407
-48
0
644
905
-1633
0
-630
1775
-2345
0
0
0
-138
0
-6134
-453
-2916
858
148
272
-2260
-106
-1292
-4964
1537
-2116
-4537
219
-1188
-1372
812
-2970
-4384
-735
-797
0
-1399
-1720
-68
-392
-3135
0
0
-1203
2
1416
3721
0
-207
-1716
-75
-2247
-2413
-2154
0
540
-2237
-1814
0
-911
-90
0
0
0
-1698
-127
2802
1380
-819
-506
-615
0
0
514
0
-1108
0
0
-781
-2670
0
-2024
0
-375
-2220
249
0
422
-36
-3957
-4109
-202
-3205
-604
0
0
114
619
-569
0
0
-381
-162
0
1425
-1435
159
-5919
48
-98
-1255
-3652
-3376
-45
-2184
0
-381
0
33
0
0
-3183
-1176
-277
1485
-5541
-188
-1263
-4036
43
-1095
0
-7506
-609
0
1949
-283
-1350
-248
0
-1508
975
0
184
-5500
586
-2544
-742
-737
0
0
0
-762
3090
-596
0
-1593
88
-246
-805
268
-2823
2461
-706
0
19
0
0
120
-2969
-593
0
-618
0
0
138
0
0
4224
-3408
0
0
0
1133
0
-547
0
-976
-750
0
-5897
-510
2262
-194
950
0
0
-405
2049
-86
0
-3270
225
-2710
0
-168
648
1657
-74
-1951
2870
-990
-889
624
-276
-391
-372
24
-94
-1028
-955
0
0
0
0
-1083
-254
0
-160
-930
-546
-540
-7113
-809
-1905
-7
0
-4204
0
-584
688
1310
0
2596
-540
102
-6838
0
-154
-1735
-2182
236
695
-2810
0
-230
-2438
-126
-684
-2202
-7148
-212
2459
-58
-4512
0
238
-3801
-93
-3316
335
-2327
747
0
382
-128
270
0
-4117
-76
-915
0
-8972
0
-247
-390
-137
2730
-362
-7704
0
0
10
-764
13
1973
5420
0
85
-963
184
0
0
0
0
1080
-312
0
635
0
-425
-2687
-1496
48
-102
0
-684
25
-5501
-2890
-4720
856
-362
0
0
0
0
0
-695
0
-31
0
453
-3525
0
-4533
0
0
-945
1932
-4393
-635
26
0
-4610
-561
-12449
0
-5524
-777
-910
-2101
2862
-522
-7263
-3422
-945
-49
-795
0
-990
-1353
-5116
-395
0
-3245
-892
0
455
-3704
416
0
0
-2424
-1680
-11253
-657
0
0
-626
2473
-3628
-345
-4098
0
-8043
0
-4387
3294
-894
4188
0
-369
-7641
0
2482
-1419
-1988
-1156
-678
6187
546
-1756
703
-639
-211
-3048
0
-231
-1264
0
-180
-4964
-3011
-1052
108
-4939
-790
-1214
54
0
0
-363
0
-34
-1812
-1312
0
-248
-1904
-117
1397
0
-4687
2109
0
0
-220
-2608
-1013
0
0
-5591
-750
0
-180
449
-10613
-1397
1320
-208
0
-1361
0
566
0
444
1041
0
-5695
1937
0
0
-4539
-559
0
-128
0
-3781
0
0
693
-14
0
-2770
-1251
-3009
-6087
-7724
22
-126
0
-881
-3147
-8525
-2010
-212
-2709
-4599
0
0
0
-3381
-560
-3054
-704
-4010
-2595
229
-926
-2124
0
-232
-6695
242
-3778
2478
-730
2304
-946
1366
698
3946
555
-534
-33
-1188
-1361
-1559
1644
1916
0
0
-2896
-696
-490
-1083
0
104
-2201
159
-1225
-2140
-2639
0
-140
-1743
-1481
0
-3005
148
0
0
0
-1139
-127
3727
3556
-3787
-758
-72
0
0
1811
0
-2738
0
0
178
908
0
-490
-52
1018
1160
6934
0
-1936
0
800
-2902
-721
-2512
-239
120
832
-80
-5263
-6529
0
0
-840
-120
276
-533
377
-108
-6712
-52
-1859
481
-2136
-1920
-6369
2318
0
-902
0
-1028
0
-2588
-452
-1003
154
812
3394
0
-1582
-6449
-2403
-1364
0
-2430
0
0
-3565
403
-6347
0
0
-2071
514
0
-420
-6142
3530
-2552
-1270
-270
-255
0
0
-120
460
8
0
-4182
55
0
3967
478
-1276
20
389
0
119
0
0
442
-1752
-667
0
70
0
0
0
0
0
1189
-2057
0
-102
0
120
-92
-3386
-284
-3792
0
0
-10402
-1732
-1402
-679
-370
0
0
-60
1850
-2472
0
-1522
2621
264
-103
6
396
-1860
819
-3169
1131
-2924
0
0
0
60
0
-762
24
-3617
-2471
0
0
144
0
-936
-14
-3517
-1268
-3509
-1700
0
1344
531
1590
1770
0
-4547
0
-793
453
-474
0
2893
-552
-4556
-8212
0
0
444
-5739
2023
-2054
-3438
-119
-2298
1004
-165
-243
-988
-5609
-1218
-5063
-611
-5277
28
528
-6751
-315
-5337
-904
-3207
384
0
536
-4
606
0
-540
-1222
-3130
-144
-9288
0
-5522
-2817
-200
-7319
-1108
-6110
0
0
-127
218
-2030
-3912
-1923
-99
18
-2535
392
0
0
0
-1905
-207
-2676
0
-390
-13
-1398
-165
-2802
-1837
-69
0
-78
-738
-7756
-3728
2048
312
-868
0
-75
-1378
0
0
1887
-174
-103
0
478
210
0
-3936
0
0
-2541
-1363
-973
-340
68
0
-4223
169
-14209
0
-3224
-2570
162
-1320
-2028
495
-4646
-4517
-2095
17
-5294
-195
264
-2082
-1738
-339
0
-1629
62
90
1055
848
1120
-301
0
-6796
-1439
-12544
-696
-1078
0
-3717
-1152
-478
-1041
-4345
-378
-7787
0
-108
-1705
-336
-1704
392
-2323
-7284
0
1098
-714
-2313
-7503
-684
859
-337
-1506
-1680
-1254
1206
-5310
80
-339
1917
0
-4330
-8146
-2324
508
279
-2587
-210
132
249
-214
0
-1775
0
316
-1818
-3550
-1330
-208
-362
-99
264
0
3809
-2847
-588
0
-308
-3568
-2125
0
0
990
-1054
0
-312
15
-13077
103
-1277
200
0
317
0
1941
0
-624
-1128
0
-2053
537
37
0
-3856
-1069
0
-1060
0
-1518
0
0
-3485
-168
0
-3289
1145
-869
-3944
-2912
29
-353
0
-822
-9055
-3871
-1488
696
-2233
-3498
0
0
0
-4075
-1660
-5868
1538
-6621
-4838
-559
-210
-1240
-16
-2370
-7108
7555
-1617
-1945
-1386
-343
-6535
-129
-2507
-3094
-1165
-4580
-21
-114
-2370
-1068
-3901
-6269
0
0
-4058
-1312
2094
-1190
0
122
-3229
-213
-2576
633
-470
0
-1050
-8400
-314
0
-3197
-12
0
0
0
-2524
-11
695
5807
-2893
-233
-1140
0
0
-370
0
-1959
0
0
-2664
-1274
0
-1507
202
-860
-4077
-1854
0
-3623
-72
-2098
-2381
-3065
-3986
-8
-488
-1742
-368
-7104
-1661
0
0
-572
-350
-1260
-2673
119
768
-3201
20
-1552
-2654
43
-1318
-5625
-7776
0
565
0
-823
0
-937
-1094
367
-2404
1218
1301
-508
-2044
-3278
-4632
-1979
0
856
-427
0
1893
19
-7842
-254
0
-425
475
0
-244
-2145
2520
-1341
-1022
-1303
156
0
0
902
324
84
0
-5745
-158
-216
343
-466
283
682
-833
0
-1107
0
0
-2992
-320
-786
0
-1243
0
0
-438
0
0
-1058
-3198
0
-762
0
784
-308
-3361
-1456
-2699
-282
0
-6155
1601
3947
-195
-878
0
0
-240
1293
-1691
0
-3520
-4116
-1326
-538
45
444
-7035
-4590
386
990
-6388
-252
-762
-1491
-910
-252
-1932
200
-3748
-550
0
0
144
0
420
-44
-3751
-5486
-409
-286
-450
-8757
941
690
-202
0
-6247
0
-1644
-169
2450
0
-2302
-1392
-4682
-9211
0
-188
-1874
-3144
7787
-3698
-34
-777
-335
-360
0
0
735
2523
-696
217
-408
-3002
35
-1187
-5239
-340
-2592
-4403
305
-1331
0
241
-512
0
0
0
1247
763
72
-2889
0
-163
-660
-290
-1634
-1062
-1591
0
0
124
-315
33
-779
-2731
-216
-1025
-582
-388
0
0
0
930
-1122
-902
0
-260
25
-433
-360
524
960
-288
0
0
-349
-7549
-1926
1082
-1877
305
0
-225
702
0
0
-616
-44
-105
0
-1043
3084
0
426
0
0
258
-7278
-1552
-210
83
0
-393
-324
-8703
0
2502
533
-84
-1380
1625
-638
-1381
-7890
125
0
1629
-40
38
-610
1070
-1058
0
-556
132
-345
-1782
-768
-4652
-126
0
-2229
-2805
-5678
-3042
-42
0
-4268
-497
-789
-138
2232
-138
2137
0
-540
-751
765
-673
188
-2919
-3351
0
-486
-1528
-1163
-6730
-780
-5083
-217
-322
1973
-1470
-2567
-4092
-144
0
1235
0
-5701
-5945
-98
1453
144
-1405
1270
-1312
-450
254
0
113
0
1066
3264
0
-665
88
-511
0
-2090
0
7727
2688
-534
0
-682
-1815
-2102
0
0
-3448
109
0
-123
635
-10261
-1270
2088
-360
0
410
0
-1153
0
-2060
-1740
0
4181
981
-50
0
0
-668
0
-1280
0
-50
0
0
562
-144
0
-1895
-508
2389
-1128
218
-283
-135
0
-2810
400
-2029
0
-968
-410
-464
0
0
0
-3218
0
4226
891
-2782
-1905
-119
376
-4012
-146
-1527
-5115
5443
430
-1582
-1303
-454
-3235
-760
-2911
348
-810
819
0
134
-1299
1493
913
-3600
0
0
1869
-1249
1206
1119
0
70
-3192
80
581
-912
-1247
0
176
-2315
3828
0
1094
22
0
0
0
-1532
63
94
-6
-657
935
-405
0
0
-3700
0
-1988
0
0
-5622
412
0
-4224
0
1947
-989
-1307
0
1282
810
-267
-999
1774
-3668
1193
0
0
-86
-2050
952
0
0
105
840
0
2147
181
-2415
2002
6
-582
-2275
-1295
-1491
-4003
661
0
-222
0
-243
0
0
-1734
336
-931
14
-2664
-116
-942
-3729
-3735
416
0
-899
-336
0
1179
122
-5087
-210
0
-1063
-212
0
40
-3455
1756
-2342
-1352
-1
0
0
0
60
2034
-747
0
-2860
-1016
-99
-2065
-2937
-1432
749
-355
0
-1426
0
0
102
-2641
279
0
-739
0
0
-438
0
0
2783
-784
0
0
0
-433
0
-340
0
-1155
-480
0
455
-756
-3347
-120
488
0
0
-460
478
651
0
-2017
-7331
-1330
0
-513
-459
-1278
-452
-2659
-342
-201
-504
-108
-421
230
0
-894
-106
-798
-3403
0
0
0
0
105
-90
0
-791
-1513
-1502
-42
-7820
904
-300
118
0
-3209
0
-1912
-305
-3318
0
-1978
-1104
-426
-6974
0
30
-637
-2049
