4253
-3019
-2280
10665
5245
-642
-2296
5949
5994
-1847
-2471
-5083
4257
-9186
4605
-697
6292
-3217
-1813
493
-6696
5697
1311
-2871
5217
-7305
-6770
-5622
-921
-1440
13460
10432
-6455
-813
-7108
-5550
5462
6837
14380
12872
644
10795
1466
-3094
10464
-3961
-6391
203
8329
5404
1543
-4766
-459
-13103
1543
2113
-8358
3659
-745
-4436
3411
5637
-5224
4860
-4540
2539
-593
-3078
-177
-6982
4833
3671
-11612
2109
-250
6854
-2799
11292
3073
14802
-716
2405
990
-4648
-3060
12112
4075
1629
-1889
1890
5643
402
981
-7796
300
55
259
1160
-1544
1464
815
1867
-4101
-3327
2744
3752
205
-2315
-3004
3180
-5072
-877
301
2965
8193
5607
-5834
2369
-4346
4089
4156
1429
5009
-3590
5962
-1469
-8608
-3074
-3059
-3333
4498
-5547
3353
3062
-5844
-3662
-10483
1363
6476
1913
-8599
-220
3018
5622
9319
2610
-1993
671
-10613
6531
-278
-1396
2206
-2368
2695
3452
4271
3249
-12204
-10164
3896
6799
18839
-6833
-5367
-12
11519
13822
-5115
-336
1148
-8261
4914
1989
-2428
3954
2664
949
1552
5300
10533
-10234
-7552
-2088
214
-3011
1804
2036
11820
4480
10157
291
3598
-2941
-2136
4558
-1612
4231
1865
-554
196
-2228
-279
-2035
-1693
-7755
1216
-4354
1698
-4550
3786
-4982
6833
-2737
434
-2220
978
-256
-1161
9969
1912
-1106
-1896
2453
1353
-1285
5419
-4209
1193
2780
-1703
3694
690
-54
-956
-5901
444
-1851
1335
2284
-2923
-4537
-2732
5086
-179
885
-2608
-2439
1193
-3583
-400
-4476
-2905
3803
137
-1331
-1588
3421
-150
-4174
2266
2618
2667
332
-7792
8211
-864
-2166
-3409
6005
2446
1595
-4117
3106
1430
3137
-2296
-3440
1819
-3602
-5139
3159
5234
2424
-815
4946
3527
2609
4195
1977
-389
2260
289
1049
690
395
-4604
204
-3606
-6090
999
1016
485
4111
1384
1709
1985
2929
-5329
-2601
-1214
3053
-106
-949
411
2472
-759
-3559
-4175
1510
-1396
3000
-1167
47
540
-1626
-2569
-5397
-3183
1165
-674
201
-935
-607
2053
1808
162
3029
-5750
132
-2584
1412
-2532
-4192
1874
-4323
421
-1449
-733
-2803
-3007
-3550
-5095
5339
4252
3175
1407
-4370
4474
728
-3003
10
-21
169
-1174
-2278
-625
40
-3841
-688
-1178
-1010
-3897
-2656
-1737
-2505
284
-1897
-5069
-634
4039
2072
3266
-6085
2315
-2737
-471
5406
-4985
2223
76
102
318
4636
1280
-1470
-613
-5420
2583
2343
1750
-5008
5682
-7926
9198
-5931
436
-1152
3280
-3026
1390
4194
-2571
460
-42
2684
4637
846
11527
1325
2496
-1154
-3733
3220
3185
-6799
3349
-2399
-1485
-1620
2577
4940
-4061
-4466
-3780
2126
2065
4424
-2380
-2003
1048
-1008
3194
-3497
3339
538
1386
1910
-2738
2058
818
1272
-575
4865
5547
2799
-3536
6352
2297
-461
-3203
1350
3795
-3997
-2777
1101
-914
1287
-544
-6191
-1521
-2736
-4758
2376
4947
2045
303
7086
1882
-1671
4251
2720
448
-439
-2724
-2827
-1247
-5020
-11731
-1910
2150
-4897
2773
679
4014
3096
-2210
3152
-2648
-1032
-1405
-2502
-2738
4540
-2384
2330
2050
5333
3214
-2889
-734
-1774
1514
-889
-3374
4286
-1460
-3072
-2856
-2985
-2916
888
693
2930
3867
5559
-1968
1990
-553
-3403
-2475
-1640
-4982
3171
4188
-5094
2284
-5611
-72
1979
798
-4177
-5172
-553
-4714
512
2125
2832
3241
-1674
4882
-5992
-3004
1013
-963
1931
1438
-2742
-1645
-1680
-1062
-229
-2937
-25
-1169
-2257
1558
1601
1585
1085
-2424
1751
2929
-1310
4028
-6452
10256
-1618
8840
10537
4273
-1307
-903
2810
122
-5258
-1287
1105
-5498
-10361
10436
-1553
5667
-6205
-7625
-4315
-3665
3826
-6084
-7343
9201
-3979
665
2333
4272
1295
3033
4533
3240
-3647
5871
-4368
2630
-3419
-2447
2017
4839
-540
-1632
270
1132
515
6278
-5889
3717
1333
4799
3893
8798
-356
-1936
-775
-4311
-565
-1410
-2254
1378
8759
3513
-4945
-1873
6016
-1171
-3218
3752
-4843
2842
4452
-6269
-2552
5961
3762
-5333
2933
4416
4554
4176
7752
3149
2799
-5162
-276
-5931
-5536
-2866
8484
10447
5759
606
-2892
7265
2414
-924
9197
-5112
4989
494
-783
-568
-3791
1968
9824
-2056
-2085
639
1686
-292
1121
-793
3552
4265
4894
-33
618
1543
4070
2192
1910
2789
7884
122
-1031
63
771
-3805
6063
3549
-1674
6572
-415
-9737
-9448
-6808
456
6968
-1343
1219
-2023
1712
-5382
8458
-3339
-2781
7581
-5695
7183
6716
-2907
1892
-3268
6046
-3631
638
-7435
-3364
-2399
2697
11949
8086
834
-4767
-3477
-922
9475
2314
3331
-1568
-609
-2162
4543
-4482
4949
2522
-93
-1919
2655
-5543
-5393
-10944
-1015
4893
1581
-1657
4349
9471
7178
6244
-4263
2245
89
716
-5793
786
-2650
933
8570
-1816
-1021
-4081
-1626
-113
-4038
5206
-1114
286
-3040
4392
-909
9392
-65
-3524
-497
-1963
-5035
-8744
4909
939
-335
8194
4764
-504
1044
-4027
-2654
-398
1570
1648
1574
-638
-1061
1033
-2221
2143
-2192
-3877
1855
1727
-2940
3066
9670
4667
-689
-1840
-4860
-1158
-1337
68
-3511
4397
9319
-703
3192
-896
-3555
-1375
202
7242
639
2907
3548
-4999
5263
-1246
-7795
3691
4816
-867
3167
-5199
-1539
1462
2439
-116
8100
-1187
-6460
-1422
3579
1960
3069
2721
6613
7133
1150
4035
2151
-1664
4175
-3161
-3259
1345
4372
-6030
-2928
6125
-6249
3543
6701
4208
3195
-3643
1708
-2957
3114
2889
-2830
7826
-2561
5643
1307
1735
1239
2171
-6760
-1724
2982
-2591
-5047
-6671
-524
-3933
1816
2966
-6980
-3892
-3364
400
6489
6220
-55
1823
-2548
4788
-2928
-8515
-8458
-7096
-4183
951
2048
-630
-8673
-141
1068
4547
-13644
-2692
-2701
-3141
90
6598
-6821
-1259
-6406
5325
-2785
1616
4200
1035
2728
2326
4025
-2933
4623
-238
1724
3053
-2788
1419
2057
-8146
1703
1148
-4775
-2916
-230
772
836
8490
-154
3794
-1646
-1913
9359
3535
2519
-2239
-3738
6209
4995
-2345
-6237
1918
-4044
201
3886
573
-2864
1072
-1392
-2799
1347
1629
4278
541
1652
348
-2746
-4682
-4835
2593
962
-6462
2709
1937
-2903
2756
5664
4067
4811
4356
5989
2235
-2050
852
-3745
-710
3087
6041
-167
-8737
-5638
-6287
2280
-1492
-407
-1586
3506
5538
-8529
1570
-6020
-1760
-949
-3868
6437
5640
1937
-6232
1322
1800
365
2628
1174
631
6199
-3457
-773
3639
542
2909
9128
2654
-621
-7087
-1226
3724
6174
-357
2259
1347
-4012
-4954
-747
-7437
-2463
512
-7152
-1544
-1044
-1423
1668
718
-26
-407
-974
-7003
-3742
-4685
637
-5891
3910
-2462
-1924
-404
1571
-5127
1594
-6880
4401
-6339
6882
-4375
6168
3113
-6704
-4028
-1684
2396
-3178
4829
-1099
1942
-7246
-4126
7087
-2805
2488
1626
-2348
-2992
-552
2406
2945
178
547
2420
-201
-3434
2552
-2434
-9115
1884
-2827
-6871
-825
-3260
5464
-3212
1589
2493
2086
3212
2607
2191
1522
25
-1246
-6308
2399
-811
1574
4482
1578
3163
2290
-5298
-5009
-2976
-201
94
-3613
1969
-986
4999
3378
-3224
480
1932
2887
-3002
-1412
930
-3642
4149
3937
7145
50
6105
2059
3641
344
-1134
-1316
-8566
-3447
9758
1698
1148
-1197
-6539
-1289
-6199
1364
-599
-637
1358
-4534
2616
1475
-5457
5559
778
2703
2308
808
-3080
-4197
-2953
4177
-132
4425
6997
479
1883
-2157
7496
-4408
3794
731
-1344
-1650
3391
-1461
288
-3237
-4427
2908
-6415
2262
9056
-2322
292
21
5249
-8626
170
12803
5473
-7572
-1571
-692
3874
6793
-4529
-1988
10922
4110
-3888
-863
-1612
-53
4944
12481
-158
5094
-8357
4453
-2885
-4989
-6477
6353
7523
-3860
3704
-6237
4710
370
-499
-1542
-6603
9427
-393
9056
-3582
2983
-648
5481
-6121
-961
118
1594
-6324
1801
-2055
888
5179
1915
5911
85
-1651
787
-2581
5027
-3147
11887
-603
2183
-6066
-2801
-110
6613
5304
-6572
6848
-5154
-2545
-3229
-3992
2949
3571
823
887
6270
-1896
-197
1523
801
-2983
2492
1155
1907
341
-3705
6209
672
591
4862
1528
-248
-2313
-1199
5139
-1656
6294
4935
629
-1079
2635
12488
-141
-2725
-3412
-5024
-3511
2494
-405
8352
-1957
-5119
-1599
-1978
-1520
-1552
-2681
161
11439
1321
-3100
980
6274
4762
-5745
-5516
5048
-522
5209
339
723
-3519
5422
2408
4193
3281
-1827
-1167
-219
-8270
7088
3890
3191
393
-4503
-2095
-3239
5309
-1332
-6179
4295
-5554
-4871
-3146
-3354
4181
4194
4400
-4974
524
-8114
-2880
225
3914
4233
4372
1946
5331
5450
-5293
2417
-3376
600
4800
9966
-126
1210
105
2594
1062
1575
-2715
-5306
-1026
2157
-510
7415
6369
1955
1153
5533
-1623
-1566
2175
1087
-5719
8556
5851
-5633
-1403
5126
3626
-760
-326
2608
16
7004
1556
2152
-3590
803
1049
-3962
-1767
-3112
2352
7124
4386
-2409
-3064
4636
-1673
-7019
1369
-2063
4720
610
-1921
47
497
-4204
-2359
-2107
1166
696
943
-3449
-3499
1192
2435
-1396
11327
3030
-3428
6598
847
-1610
5311
4617
-553
2916
-464
-6866
-1579
-5303
1297
-362
-2607
5868
-4954
-5153
-7498
-8031
-1620
3259
2198
-2414
-2241
-3060
1469
5906
1798
-3573
-3290
-3638
-5520
7063
1306
4876
-2569
-2084
-564
5573
-5313
-1618
-4912
-2972
398
8103
-5472
-6248
-2991
558
7115
-1334
-150
1491
-6393
-4405
3511
-2672
7730
3125
2050
968
3524
2191
-10963
-5809
467
418
-5480
1928
2204
1774
-2693
2096
1499
4878
-9127
5769
8446
7605
133
-1718
-692
6173
-3205
-6824
-1710
-3605
-9272
2678
74
-1352
-3002
-5924
1616
-12035
5490
762
-1689
4292
-1109
813
825
-3499
337
-241
1101
-1509
-4343
-353
-2998
423
3986
4925
4852
10071
4160
-2582
-182
989
-3679
59
-734
7107
4140
-1293
-2726
-7144
-6688
-2292
1999
-10513
-5136
6129
2058
-2699
-1170
-333
-8591
1557
826
14480
-6382
3276
-2865
-803
2787
-3853
-3607
1350
11324
-4703
-986
-1271
-279
5789
3071
4106
-1838
-7885
-1503
3946
5863
-6436
8192
11311
-6169
-1383
-5365
3847
6037
-1190
-3103
-694
8842
3882
6901
-3145
6586
4012
4927
-7371
-2700
2825
90
-4390
1094
2596
709
8007
5789
413
-5356
-1511
1242
-3062
1112
-3402
7742
727
-1367
-5860
-1003
-5893
2427
6949
-6385
6365
-7957
-4544
-447
-192
3685
-1195
-5110
-6345
-4667
-2934
-2099
2662
5776
1898
4016
-5283
-740
-821
-10745
6291
-4101
-5808
-3077
10086
2670
-403
2412
290
1318
11640
-3368
-5909
-4534
-4939
6533
-3840
-4569
-2125
-4531
-2581
5423
698
10661
-3501
-8795
-7221
-1654
-5837
-148
-2302
572
5403
-1123
-7464
-908
1757
732
-3357
-1799
5712
-7133
6604
383
6760
-1519
2015
-902
8782
-9390
-1306
-3064
1054
-2824
4311
1664
99
1683
-3966
3296
-6985
14356
-962
-6613
1644
-7610
-95
1913
-1465
3862
159
4913
2571
4946
-8897
-5752
161
5693
6818
5904
1640
5988
-4695
-4242
7536
-4786
-265
-1511
6785
2857
4827
-168
4200
-9145
-5141
-114
-11474
851
8005
4742
-4714
-1300
2182
-3616
6554
753
9707
-8275
2985
-10269
2332
5192
-4921
-6585
2177
5018
-8008
3011
-1382
2592
4935
7353
6940
1284
-2461
9185
-265
-3200
-4356
11822
2600
572
525
-10627
6448
3326
1131
7042
-8905
472
-4603
5443
-4535
5307
-363
4816
-1500
-1191
-351
4368
-6368
-2581
-4077
4202
4232
4809
-122
3316
2434
-93
-2174
2244
-761
3376
3816
-704
-2774
-2841
-4213
953
6550
-10470
2347
950
-2089
-6163
-2604
234
5462
-391
-7090
-4064
-8250
-4380
1822
607
-11387
3401
-2075
111
1332
-4428
2366
-13
-2443
-2592
10059
-3429
6314
-3984
6806
-3020
13104
-5563
-5721
-4307
2777
10432
-342
-7642
-2340
-13972
-2102
-1190
-8535
7231
4125
-1493
-218
-8009
4952
3108
-10888
6769
4880
-183
-2488
-4623
5438
8093
-2379
2099
2617
-3500
-3882
4267
1701
3108
-1931
-4984
5295
442
-3856
-5012
161
1371
-1759
2225
-1749
-117
2167
4369
-2105
4479
-771
1914
-300
-373
3130
-917
-1849
-5443
3076
2462
-3415
3912
18
-2945
2460
4118
5227
2654
-779
6073
-3160
-1737
1638
-3448
-6397
2265
5034
-556
-6242
-3971
-5603
-2720
-5284
-1366
-3275
679
2860
-2667
-2235
-4238
-3517
-1398
-2677
2011
9245
-2558
-2380
-98
291
-912
-1924
-1870
-1309
2714
-2288
1373
1882
3971
2266
4715
-384
2271
-2876
5347
9455
4499
-3299
6172
-3904
-4018
-4734
-1837
-2658
-388
4534
-6191
-1699
-253
1093
4165
-1103
2103
2429
4648
-2835
-4093
-4066
896
-4593
3835
-1718
529
2098
-3194
-7535
6957
-2968
1768
-5784
3275
-4845
651
2973
-5826
-2203
1014
861
-3671
6860
-3547
-2833
1006
3085
1612
-54
836
997
1137
-3644
-1238
354
2923
-2380
2300
-4033
-509
-127
3196
-2254
-6419
1115
-1030
-5977
159
-1722
4747
2698
-918
6750
-612
-1042
152
1201
538
1216
1700
-7512
-227
-1462
-1271
1770
-3948
-1968
2640
-5213
-2192
-176
-2595
2102
1853
847
5049
1746
-462
-560
-880
1510
6739
-3150
1635
4924
1019
866
5759
822
1969
9585
1385
5225
10031
-9064
-2066
-9628
-12419
13949
3463
-497
1514
-5386
-4027
-2962
-2926
6689
-3847
2373
-9192
3895
-3537
-4127
3839
4396
7236
-5128
-260
-4449
-5606
1744
4544
5184
6574
6663
1891
6135
-3825
-887
-8887
3060
9331
7863
-1883
-2401
-2346
-2827
1481
-1538
-3663
-9872
-213
4440
-3449
7236
4142
863
-3548
-349
4541
2517
-2015
1730
1155
9610
10283
-10086
3883
9406
10537
-5418
-5137
-466
-659
7076
5319
2604
2
-1265
-3085
6701
4539
-9727
4528
9446
3236
-3903
-2805
-196
-3677
-5486
-1065
1867
5105
2812
2032
-242
522
-4425
3076
-3970
1394
7223
4353
-5693
809
3678
-2997
6685
6813
884
-136
3069
2111
-6118
4691
1891
3759
7843
-2984
-12469
-4379
-4335
-2081
3037
-2680
3459
-6981
-7109
-5649
-8724
69
3493
3253
-573
-1594
-4859
6394
2650
4974
-3611
-5157
-4245
-1247
7595
-7602
9060
-3732
1468
1659
5257
3301
-5128
-6386
-4972
3526
16122
-890
-4954
-983
1035
6171
-6371
62
-2321
-6154
-1944
224
-3454
3940
-5879
-5665
1543
2886
-2150
-11770
1361
5727
513
-7070
3600
5429
4349
493
-2909
-4085
6834
-993
7998
3005
-2485
821
8234
10380
-1569
8107
-638
-776
-403
-12594
15025
795
-849
-2462
-3481
6031
1022
-669
-187
-5804
2708
-9800
-913
-509
-5064
1060
8912
7173
-2755
-1130
-2234
-8401
4373
102
4793
3977
2380
-2270
6647
-1951
-5595
-2750
-1742
4155
6299
-84
2032
-1172
1937
3848
233
-1466
-4811
-1164
2741
-1568
12026
4378
1913
-1585
9
-4612
-1361
2973
6677
-2462
8236
3331
-9283
3569
7255
3542
1716
787
2174
571
4605
1628
268
-5931
1348
2594
-4517
-3896
-2876
6011
6987
7410
-1302
-949
2929
-2149
1295
2437
-2737
5811
266
-1687
-226
334
-9353
-5126
6585
3254
5654
5012
937
-2627
2393
137
-1613
5792
7098
-2350
4293
-5692
-843
8616
2934
1472
7258
-2799
-5255
-223
-1536
-3855
-2978
-1474
3697
-1651
-557
-7627
-8901
-1514
2486
3986
-1765
1082
-2060
2168
2757
-1440
-7916
-6973
-6423
-1622
6602
-4419
-384
-4735
3185
476
9227
-5442
-7062
-3383
-4941
348
11627
-5078
-6792
-562
358
-412
-1112
-3080
-2947
-4904
1541
2236
1760
4355
-39
718
-2917
799
4329
-9290
-5042
5470
-542
-3071
-775
-187
7515
-5568
5994
-1474
5223
4490
270
515
-2560
1504
4177
5373
-4839
13762
-3587
-1642
4675
-9806
604
3971
-1845
-6777
3181
5906
4975
-11125
2749
3302
105
-3388
-1416
2223
-6434
-3845
7833
-29
-7980
-996
-1726
-2654
4281
-1730
241
3379
3303
-3025
9083
-576
-12821
-1326
-73
9206
8878
-2537
-6756
878
-2033
10389
-64
-4208
3282
-4025
2463
-3434
13176
-2044
537
4
-1838
-7566
-2641
11041
1018
8160
8353
-2813
477
5735
1028
-1141
1391
-2613
3568
-4562
-804
-1998
-1156
-4545
-2073
-6652
-989
2690
1101
-1968
1958
3060
-6876
6768
-6308
-1223
-101
-3419
1513
3984
5301
-5008
3202
-282
-13283
-7533
2190
-539
6194
1963
1140
3946
6141
-3495
-4507
4866
950
-5207
-3658
-2205
-3341
10571
2837
2708
3781
-8974
695
2480
1914
-6180
-7368
2343
-1569
-4782
-379
-342
-7138
-1265
2139
6629
3831
-4142
141
6770
-1904
-4638
-301
-11250
-7887
-1184
-823
-11805
-3555
-12909
-3717
-2787
-1548
100
-3463
236
-9251
168
1308
-2103
673
2139
761
-13267
-2933
6447
-3322
6361
9200
1522
8142
-2101
-6403
-240
-76
3876
890
-5317
2840
1626
-4361
989
-6559
598
1092
-6698
2291
747
-3044
-3411
-5278
-1218
8659
1315
-1159
2501
7238
-6606
-5562
-4460
6671
6080
-4541
4014
-1666
-2974
5983
5109
-2950
7442
-4743
5038
-9560
-1147
1614
2049
-7282
-876
5743
3007
-5821
4901
-9050
-4050
-1457
10793
7428
6740
1499
7252
-6089
-1705
8453
-5481
-6422
-1748
-405
-5483
-6805
-4293
-9652
-4468
-5472
3147
-3290
1711
10880
-216
-4528
-7801
-2160
-2651
-1990
2722
15900
-6203
-1304
523
-371
-513
1823
-4600
-4098
-4177
273
3863
-2
4628
-307
6376
-731
6632
-13608
13201
7029
2783
-4259
5183
393
-14514
-4390
-3305
630
4803
4066
-12078
-7702
1854
-885
7273
-3221
12174
-1169
2061
-2497
-9989
-2233
4255
-5789
4725
-2443
3714
2111
990
-461
4590
-4782
-1374
-4669
6046
-6281
6339
2726
-10115
739
2935
1199
-4062
2159
-7086
-1846
-722
6249
4337
2913
-1353
-1137
-2669
623
-798
-1947
-2435
-512
-1268
-3037
-1311
-2635
1328
-6510
-8110
3676
-6358
-8959
2566
-3365
7263
4285
-1405
11256
-11154
2992
-1130
1031
-2309
4027
833
-4488
-2488
-3420
-1069
74
-1721
509
6745
-703
-4524
-262
-7195
6432
8959
1250
2865
10658
5510
-7321
-3786
-1276
5081
-5843
993
68
-4465
2702
6118
6366
2099
697
-4176
6730
-5153
-12195
-3138
-3574
1337
-10
1203
-5693
1791
-3909
2193
-10730
6224
295
2080
1506
-1221
4563
-3056
278
-890
-468
-528
-2103
2431
-6055
-2299
-38
3986
4246
1780
5455
6284
-5987
2090
1655
-3854
-237
11
7604
4348
-2029
-3206
-3587
-6477
-4371
-878
-10326
933
1410
922
-6570
-6633
-832
-5072
-1447
2771
13996
-5107
879
-5953
-2647
3365
2022
-8423
-1920
10101
-6318
-8332
-3802
2388
8063
6442
6339
312
-5732
5021
9148
9774
-1556
8082
657
-5683
-3174
-5506
-4259
1734
-2581
-1374
-944
1271
2683
7503
-4580
7877
9460
7303
-5210
-1174
629
3356
-5259
2034
-1725
-2802
6386
-510
-2533
3922
4839
7
-2203
-1498
-5995
3714
3419
-3639
-4153
2858
-5113
-4684
10354
-7823
3361
-6241
1244
4921
3903
-1394
-889
-4247
-6537
-7460
-1997
-2320
1899
1986
101
5324
737
358
-1671
-7252
6650
2302
-5914
-2998
4598
4649
6716
2240
6973
3176
7670
-4338
-5485
-1574
-5059
4248
-925
-1970
-4286
-8676
597
238
-3221
3080
-7950
-8676
-2279
-2993
-6012
4777
-298
5444
2209
-852
-1907
-2770
1114
5955
-5248
2470
-2075
-7959
313
-2624
5630
-4175
6628
-3910
11319
-2390
-13962
-3240
-5337
-1418
-118
6517
-4841
4107
-988
5509
-8485
8468
3410
-3750
1317
-7509
-4131
-874
-2496
4383
-2487
527
-5323
7719
-17485
1760
-3515
10219
7728
3138
6190
9598
738
-3863
5209
-9624
-8836
9773
15470
3207
2937
2143
-5660
-10262
-4552
-8213
-16183
-721
8571
4119
-648
-1616
1113
-2883
13711
-1352
15799
-2769
1079
-7984
1792
7047
-4109
-7831
-5977
7157
-6630
-6550
-8930
-650
8025
328
8429
-2928
3883
6518
11884
5569
-6979
5046
1071
-6393
-1316
-4229
-381
6484
-4729
-5434
-5105
6104
-404
6349
-8463
9411
2407
1797
-6914
-2982
869
7121
-9119
2987
-2797
-2800
3794
6815
-1550
-2027
9228
6552
-1286
-4282
-1882
-758
2182
-5055
-11678
-1803
-7799
-1970
4044
-10038
4544
-3376
4094
-2741
-2402
-1747
1136
3339
-5748
-4137
-8319
3766
4400
8150
-11526
-7663
2775
-13015
-1206
-6524
9601
-2798
-12147
-2865
17096
-5100
10629
-4626
472
-5122
11157
-10967
-6365
-7610
332
7930
947
-3596
-3241
-17316
-2330
175
-12194
17298
-8544
-7488
4757
-5599
222
1622
502
7739
1824
-9119
-2382
-3048
-2887
4446
-6211
11865
5996
-3258
9160
-3225
-395
-1834
9525
-5729
3692
514
-719
147
-5856
-4589
1117
-4193
7186
8259
-4725
-1110
-8140
2568
3626
-5349
10213
-895
1121
8860
-2731
537
-8253
-1447
6879
-4583
-5898
-367
-724
-3397
-78
6122
-5038
6527
2065
-7056
-678
1839
9735
7537
8253
3984
6139
2092
13839
-5414
-3106
2356
-4157
-7567
251
4362
2053
6708
1226
-1609
6303
1165
-7201
-4404
734
-4535
6294
1808
-8775
3430
13222
4422
-7875
9084
-556
-2272
-2023
4584
1823
-1630
7246
-2181
-6319
-943
-4495
6594
3067
9138
279
-8798
14977
-3653
-1191
16377
1697
6565
7395
4963
-1279
-2059
-1737
4849
-9049
-743
3003
-6497
-8760
-3635
3329
3006
5896
866
-7426
-3902
4569
104
-3987
1908
6905
-2773
-5595
13684
-4485
-5339
-4085
11650
4474
-10913
3381
-918
-1514
-16186
-1517
3851
13786
9618
-9536
-3168
-9316
13177
-2443
11419
-6851
6393
4997
-897
-2299
-1853
207
6445
1822
-3043
8098
-7189
5824
-1915
-4442
4402
5659
-298
-1885
-302
1239
18238
-6242
-1094
5337
-10067
-2633
-4109
-1459
2323
-3911
2378
2401
3298
-1458
-2900
-13937
7131
-502
-6903
-528
-564
6578
2459
-4390
-1325
