-52
-83
-2
-42
101
-35
-15
115
29
103
-56
15
-24
13
127
-34
-127
-8
127
26
-82
-112
-18
54
-35
-21
-1
-3
41
-42
-25
-53
92
127
-64
52
0
2
-127
-39
-117
-27
-81
-112
69
-107
76
-62
-93
-127
-82
87
-127
40
-56
-3
-82
-39
19
39
22
23
4
36
9
-41
-127
-80
0
-26
-98
58
32
-53
-46
-56
5
127
55
32
-42
3
23
-34
19
-2
-26
48
-10
21
127
58
-44
-25
-92
117
-36
-101
-37
-2
-99
127
-37
80
53
0
-14
10
-127
83
29
-5
25
4
-32
86
-111
-51
2
19
-21
-73
42
-48
-33
7
16
-127
14
61
-109
81
87
19
-96
104
-30
56
-24
-58
81
-127
-37
-39
-91
19
-45
-4
-49
-93
-61
-1
8
18
-47
-83
127
23
0
83
-121
26
2
-75
9
-6
-74
-127
-64
-102
-50
39
-54
53
68
-31
-101
-127
-60
-102
42
-65
-11
65
-84
-59
112
-67
75
-40
39
77
-38
81
75
21
127
-74
-24
4
27
40
-1
103
-46
-127
-115
-19
-57
-1
-110
96
-127
-20
3
-28
-2
-71
-5
-73
21
89
40
-40
3
17
73
-15
-77
74
-32
-127
9
105
4
74
71
-5
7
-127
-103
-6
-127
38
-68
-118
2
-117
-6
-2
39
-6
64
61
-3
41
59
-26
24
101
-37
1
-73
-33
21
-67
-24
-32
112
-3
17
82
7
-31
16
-58
46
-41
-15
-108
-92
-127
57
53
-36
56
20
-127
84
-18
-68
49
63
50
-87
35
-127
47
-127
-80
49
86
-29
-18
-37
-61
31
-14
-32
-122
-84
67
53
-6
91
-74
3
29
36
-13
65
45
-127
-78
-32
-107
-13
69
-31
20
46
-54
30
-50
98
-28
-114
66
39
-10
3
13
-21
-65
10
-104
-50
17
33
11
-48
9
-5
-50
-53
-88
35
-127
-127
88
33
7
-58
46
-7
35
31
73
45
-36
33
-102
-72
65
-127
-11
117
-7
-48
-94
-127
73
15
96
92
69
27
36
-101
-32
-126
-11
51
-112
-75
-43
-75
88
-32
16
-98
-115
-40
-37
-27
-91
-127
-66
-43
36
-25
-71
-64
-127
36
63
-85
34
-25
-127
1
-127
-90
-59
-94
90
53
-127
-53
16
41
51
-29
-96
36
-127
78
-57
-28
59
-12
127
-127
22
-75
42
-127
127
-92
127
15
-127
29
120
-72
-90
-127
-2
-127
127
-78
-39
-127
-73
91
-56
31
-82
59
-127
6
-105
-12
-84
-15
-127
31
-45
-127
-42
85
1
-26
42
32
-63
-127
127
-13
106
49
127
-91
-66
-31
-89
112
-51
-17
-36
35
-127
-127
5
-127
-84
-115
-127
-29
28
-42
25
-77
75
7
-78
127
-109
-24
-39
127
52
-1
87
-120
83
28
8
16
-83
69
41
88
-69
-28
7
46
-75
-101
-51
-12
114
-52
119
61
-106
-112
-69
14
-106
-44
-61
44
20
72
-6
15
-57
-89
-3
2
-84
4
29
40
45
-44
-46
-55
-60
76
98
22
-127
27
-2
-105
127
13
-127
-33
-53
-10
-83
-105
-14
-70
-81
-110
-73
-87
-77
45
-5
59
46
-29
-79
34
-1
87
127
-127
-2
-127
22
-91
-32
9
-18
0
84
-59
-41
62
24
-9
-25
-49
-116
-108
65
127
12
127
-5
-17
-12
-28
-11
127
-96
-120
-32
-27
-127
-37
-53
-20
-6
-127
27
-73
-70
-51
-47
-40
59
-14
54
-52
-23
-127
-27
-91
-45
-118
-33
-127
57
-127
7
-36
-75
-7
61
-120
-6
9
23
92
-18
-112
-39
61
-64
58
9
5
-97
92
-102
38
-114
89
-60
-12
-78
48
-127
94
-15
-82
-34
39
-12
13
70
-48
-1
-124
12
-127
-12
-77
-58
117
85
-70
-65
25
-92
-16
-127
-78
-42
-64
34
13
111
40
68
-37
-89
-60
-71
36
1
127
16
-87
41
-39
-127
25
-29
18
-27
-31
-95
-3
48
15
-7
-16
127
-93
-5
28
-42
-35
-18
-127
-114
-13
67
-124
-41
20
83
-93
73
-107
32
-77
-79
38
1
-127
-109
-127
-123
53
33
-47
-8
-96
-127
74
49
15
-97
115
-127
-111
-122
3
-127
-42
-73
62
-127
-26
22
-34
21
-21
-51
-31
-17
-127
-66
54
63
-47
-61
68
37
12
-70
-127
77
-127
24
49
51
-42
91
-54
64
-87
-127
-15
127
34
-20
-67
33
-93
-85
15
-71
-45
-50
-7
-82
127
8
23
-92
1
-20
63
-2
100
-46
71
-127
-28
47
11
127
-58
19
108
127
-127
56
-32
68
47
-56
-83
-30
