-25
-1
-11
-8
16
5
14
-7
15
-4
-6
6
18
9
25
-14
0
8
11
8
12
7
7
-10
19
7
-30
0
3
-16
7
21
-25
34
10
-11
26
32
-4
10
-26
-2
8
1
-15
-12
2
-3
-5
4
13
2
12
0
8
12
1
4
-16
-7
-2
-21
-6
-18
-2
14
-18
-8
-4
15
6
-13
17
-8
11
-19
0
-21
20
-10
1
19
20
3
2
7
-20
-12
0
-2
0
6
5
9
24
-27
4
2
2
-11
1
13
0
16
14
7
15
-10
13
-5
23
7
2
-1
0
-6
1
10
2
-17
10
-4
-7
-5
7
-15
11
11
-3
19
6
-8
-4
8
1
-3
-2
-18
-1
-10
5
12
0
8
-6
-15
-9
-10
15
11
3
3
-1
-4
-6
-4
7
-14
5
14
-1
-8
0
-9
0
1
-8
20
3
-10
-16
-9
6
1
8
0
-11
19
11
-9
16
-3
-6
0
5
-5
-14
-2
4
18
2
-10
-11
21
22
-16
11
6
14
7
11
10
-13
-20
3
8
-10
-12
-1
1
-6
11
9
17
5
-5
13
-11
-5
1
-18
-8
0
13
-11
13
7
-11
-3
8
-6
-18
-4
-15
-4
21
-24
-14
12
-10
-22
-15
1
5
-11
-2
14
-5
0
-6
14
25
12
2
3
0
8
-3
5
8
14
-5
10
0
12
10
-13
-8
10
-8
12
13
-18
9
14
-13
19
16
-14
6
-12
5
-7
-3
-2
-17
-28
3
-17
-10
27
7
23
10
0
16
-15
33
-11
-1
-1
-30
22
-1
-21
0
-16
11
-10
13
0
-3
4
-2
-11
5
23
-3
26
-37
2
6
21
14
8
25
-29
12
-5
15
-1
-13
10
10
-7
-6
16
-2
12
-11
-5
24
-4
14
-9
26
-1
-10
20
-10
24
14
-6
14
-2
1
-4
3
-14
-14
7
0
-1
12
10
1
13
-16
-14
34
4
-10
-7
12
-4
1
6
0
9
-15
1
9
-15
12
11
5
-3
8
-16
1
-16
16
9
8
-5
-1
2
2
-7
5
8
-9
-21
-10
-9
-5
-9
24
0
0
0
-16
7
-6
14
-14
-5
18
-1
-3
9
2
-9
5
10
3
-7
-12
0
13
-18
-13
-20
17
22
-2
6
9
16
12
5
24
-2
-5
2
15
-13
0
8
-11
-2
-1
-2
6
2
6
-4
-3
-12
21
-13
-6
0
6
-21
1
21
-8
-4
-1
-11
7
-5
7
-1
11
-15
-5
-8
-16
4
3
-10
-16
-3
-2
-12
3
8
12
5
3
22
-8
11
24
4
-12
-6
22
9
-12
2
18
7
6
-13
-20
-3
5
7
1
-15
37
-3
-14
21
21
2
1
13
-2
-18
-2
-2
-10
-8
-2
-9
-10
21
-3
13
0
-18
7
9
6
-1
3
5
-7
12
-4
-19
17
-9
15
-18
3
4
4
10
-17
-21
-7
7
10
21
-27
-6
21
-2
-11
10
-2
-17
0
3
3
-10
-5
-3
-2
-28
5
-1
-20
12
-23
7
10
13
20
-26
3
1
7
23
17
4
-4
4
43
4
10
3
15
6
-10
27
-13
-2
6
5
-15
10
-11
-17
23
4
3
-2
-5
0
2
6
13
9
-2
8
3
-25
5
16
-17
16
10
-9
-10
-1
9
-2
23
-8
16
2
1
-15
-7
-1
20
-20
4
2
11
1
-6
17
0
11
-18
-2
3
16
-12
-4
20
-3
4
1
9
-17
-3
3
2
-3
3
15
2
-8
-13
-11
26
24
-8
13
2
10
12
3
0
11
-1
17
27
-32
-13
-2
-11
5
0
10
10
9
-8
-20
-24
-16
13
-17
-11
2
21
-25
-15
6
-7
0
-7
-2
2
-11
5
-10
20
-12
-17
-18
-16
-17
18
-7
0
5
8
-16
10
6
-1
-3
-1
7
-10
13
11
9
13
-9
-2
7
-24
3
42
-1
14
-4
-13
-2
-1
5
-4
-7
8
-3
-25
34
-2
3
17
9
10
-17
3
13
-4
-8
2
-18
23
2
-1
5
-4
8
7
-7
6
-1
16
-1
-3
9
13
13
-11
1
18
16
6
-3
7
6
-2
1
29
-15
-13
3
12
-4
-4
4
7
11
4
9
23
-1
-4
4
-2
-7
-10
-10
-8
4
-4
30
9
-4
-5
18
0
-6
11
6
-7
17
-4
-13
-1
-11
16
-4
3
-3
-13
-5
8
4
-10
-8
13
1
-4
0
-7
1
-2
18
-1
5
2
1
10
-7
-8
-14
-3
12
-12
17
-3
