114
84
101
75
94
90
75
87
71
90
67
59
85
59
65
86
65
67
88
94
79
82
97
88
132
72
59
81
77
72
106
96
56
55
107
70
68
100
59
139
103
95
64
76
75
86
69
108
82
67
95
119
76
154
82
116
99
91
79
75
95
86
95
104
80
90
69
73
99
96
64
75
103
103
99
104
112
103
83
69
68
70
74
78
99
79
88
98
94
83
59
105
88
78
90
74
48
75
75
101
65
93
91
81
77
95
104
60
117
95
119
106
76
100
85
85
91
57
74
76
104
71
60
81
91
119
109
61
122
105
85
93
98
87
95
66
106
67
84
66
61
67
57
82
89
84
72
96
71
66
109
76
91
86
88
116
68
90
71
85
105
108
72
70
68
98
75
63
88
103
51
75
71
99
100
125
125
77
111
58
85
84
99
87
80
74
130
79
92
88
72
81
83
87
91
103
87
90
81
90
78
85
70
73
98
78
66
73
73
71
74
81
93
77
75
63
65
88
71
82
88
118
73
87
90
77
82
123
142
84
80
115
98
176
82
99
86
106
86
78
73
71
80
92
78
91
59
79
95
108
84
94
96
74
95
112
78
64
77
91
75
137
49
101
51
62
83
82
62
68
74
75
110
80
101
97
77
102
95
92
74
89
82
87
136
156
88
77
121
57
52
84
102
68
85
60
105
92
66
78
106
83
82
103
105
115
102
108
82
55
66
92
66
104
132
75
82
121
93
92
93
86
85
103
77
120
96
74
93
64
113
93
72
86
72
77
80
103
68
85
118
64
79
109
81
88
107
72
89
76
108
144
64
85
104
78
82
70
77
89
73
92
91
80
77
60
89
61
55
36
171
57
76
70
93
71
68
119
86
73
93
137
68
87
115
88
87
85
83
107
79
63
61
86
76
82
87
117
96
79
114
78
104
105
78
82
79
83
84
93
98
77
80
129
90
85
106
69
58
81
99
90
131
86
100
70
60
90
94
86
77
96
71
88
99
102
92
77
75
87
82
72
102
90
75
107
71
48
59
113
83
86
93
86
87
94
73
76
84
112
93
72
73
98
117
76
64
108
98
66
63
94
113
94
87
56
85
107
101
75
