731
946
697
804
817
438
724
748
305
834
707
1134
702
403
1540
408
1148
536
367
1164
397
439
350
817
411
831
576
804
954
1647
379
1760
737
866
607
645
817
959
355
1360
904
477
562
641
704
1121
531
638
654
1065
1115
586
1050
1586
594
588
903
678
945
1268
599
778
857
476
395
448
1259
1091
1354
479
358
826
791
1128
559
598
467
886
1071
468
974
840
1335
801
751
864
350
545
793
1068
780
801
336
537
1455
1747
560
1407
382
601
424
709
620
560
419
518
796
816
617
411
585
1027
478
878
560
764
523
1324
960
638
2078
813
1164
707
735
466
1152
739
795
1210
1135
818
829
1092
370
466
634
1407
500
564
551
844
1096
924
610
661
686
884
923
907
661
693
580
779
510
671
525
849
589
749
407
430
789
733
524
898
1192
472
598
490
794
884
979
1084
570
1293
1616
749
576
1239
566
555
481
608
501
319
782
549
466
671
542
608
542
513
632
610
621
857
641
535
604
480
558
531
579
501
473
692
543
470
1165
703
416
736
486
552
659
826
825
394
654
534
722
784
296
251
1606
859
459
470
607
774
650
1395
445
729
533
654
570
329
796
385
725
1391
531
1280
743
428
567
1525
1066
699
3105
513
2776
693
598
720
969
555
563
338
595
711
742
584
768
1220
911
1523
357
647
604
781
622
740
1055
713
917
1193
716
889
1050
750
374
436
591
390
