5
-55
2
-12
18
-21
13
-19
-22
-10
-10
-92
64
12
14
-41
7
42
61
13
25
41
52
-34
7
53
-18
-17
50
45
-64
-45
28
-44
-10
-56
4
33
-17
5
49
-16
6
-14
-25
27
-22
37
1
27
-7
48
-33
14
3
-35
44
38
72
-5
29
-60
83
33
-63
-14
21
17
20
-13
14
29
-19
-52
35
-21
20
-26
24
-17
12
33
6
47
127
74
50
31
-54
-20
-6
19
-1
30
-11
-32
-31
-18
-4
-8
71
-10
69
7
-20
-16
-40
4
63
13
-107
-4
-47
-9
-1
7
-63
-48
5
-27
-7
-1
1
37
-29
47
50
16
27
-12
-9
42
-27
2
12
8
25
-8
35
8
-34
3
-27
-36
15
34
29
8
-14
-77
37
44
53
37
-54
6
-11
-12
-41
-24
-47
-29
-2
8
45
-32
-1
3
-79
54
66
-27
12
-20
22
-7
90
29
-11
49
-39
15
34
5
-35
11
33
-29
26
-33
18
24
27
7
16
-5
-71
-51
-8
57
53
-127
50
-19
17
-84
28
-14
-10
61
10
35
-2
0
43
-23
35
-1
-10
-44
21
6
39
17
-25
-5
52
-4
0
74
43
-6
39
-9
105
-35
38
5
-34
67
0
-42
5
-37
3
-54
45
-8
-33
-59
0
-14
3
54
29
-38
-34
30
28
14
-55
7
-2
-3
-26
-68
-47
23
-25
-40
13
9
20
-20
-12
-14
23
2
-4
-27
20
32
6
-22
-24
34
40
-47
-8
-89
15
-14
-95
2
33
21
22
30
47
11
-81
59
33
37
38
-11
-83
22
13
-7
-19
24
-33
-66
-51
69
3
48
11
-1
3
10
-16
10
-46
34
74
17
31
21
61
-71
-5
-37
28
11
17
21
-6
-1
32
-1
5
17
-59
22
-2
0
9
18
44
40
-26
77
0
-13
-17
21
-45
40
-30
47
-29
15
28
-2
-3
-9
-63
-27
-69
73
-18
-19
-13
-44
-7
-48
34
10
1
21
0
-12
-9
-5
104
-50
-41
-49
0
-35
-2
-35
-35
3
89
29
-9
-1
36
8
19
-6
16
78
-41
-19
23
-16
-21
89
-37
50
-10
-5
31
6
21
42
17
41
9
-8
25
75
-121
55
-37
36
-38
-41
-11
-101
-5
43
-30
38
116
-41
65
21
15
-69
-20
11
15
-72
19
-48
85
-30
-41
127
-48
8
-68
4
40
-7
-80
35
-29
-46
-19
17
-75
22
-22
0
-26
39
-32
-34
66
44
-10
-17
-25
-1
-14
-44
-8
-27
4
5
71
36
-48
27
-14
15
-10
61
-48
-9
-43
-59
8
51
-40
47
-51
-4
82
26
-35
39
-1
-47
-83
7
26
15
41
-33
-37
-71
2
30
39
8
-39
1
76
-28
33
-52
14
26
43
65
28
59
-45
-112
-47
57
103
3
47
19
-50
27
-41
80
-18
52
26
1
-46
47
45
39
107
-16
101
2
60
11
-37
42
61
18
-58
-31
-10
-30
45
89
-36
28
-48
-53
14
17
-31
-35
28
-20
40
14
30
30
-1
-13
-7
26
15
76
14
20
-49
8
-15
30
-37
71
-50
12
-49
-77
50
50
35
48
-106
-54
66
42
-39
12
30
-58
-127
15
19
12
-36
50
1
-69
50
53
48
-81
27
-59
-88
-65
-27
33
9
-1
-28
32
30
67
-3
-34
-24
35
22
-5
0
40
-17
-29
-19
41
4
39
51
31
50
-20
0
18
-8
50
55
6
35
-23
-11
-73
33
-44
26
83
-66
50
-41
-96
-7
-26
-3
19
49
-38
-42
-51
29
47
-12
33
33
44
-22
39
-22
14
-21
-42
21
8
-16
12
37
-20
72
-81
-24
40
21
-43
-8
-32
-22
45
-49
5
78
-27
-52
-8
-16
-102
1
34
-16
86
28
51
78
-28
30
-14
-13
46
37
51
-104
-53
-34
25
-45
66
-8
88
-17
-27
5
29
-29
14
56
-11
28
1
2
-14
57
-47
-70
-22
-46
-35
55
-14
-36
-61
7
24
-20
-20
-27
79
5
77
30
40
13
-7
50
4
-26
-3
-28
127
25
-38
-4
-8
72
-56
2
-19
-35
28
-21
31
61
0
29
-20
-3
-65
-26
-39
4
-44
69
32
-12
36
-1
-44
-23
-1
9
43
54
-1
-51
22
5
-8
35
-56
34
-29
62
-3
62
12
7
-2
63
58
-56
-54
-7
1
-19
-36
42
-41
19
-36
-12
-25
14
5
-49
26
27
79
-20
38
-27
-27
-32
-29
-28
36
62
26
-18
-4
3
-3
64
19
-30
22
-50
-21
-7
5
-39
57
16
44
24
20
-72
42
23
7
26
-54
-18
-12
41
32
4
-41
23
20
-79
-15
-55
33
-12
8
-45
13
-34
-31
-16
-50
81
-58
-63
38
22
2
-81
35
-48
-88
-21
-66
22
-26
9
32
-42
-1
9
-16
68
7
79
31
45
9
65
-51
13
46
22
10
59
2
43
-12
-27
-1
52
31
-30
42
-12
43
60
-52
-56
15
-69
25
31
-65
18
47
-30
80
-37
18
-31
-53
-23
-56
33
26
-53
-9
11
-76
-19
-30
39
66
-14
78
20
-8
-8
-84
17
-74
-82
-84
-8
29
-61
28
-12
69
33
29
-47
70
23
21
35
26
20
-13
-12
-15
2
8
-18
-24
-10
-19
-35
-3
76
27
-13
58
47
1
69
-8
-41
-7
22
-19
-38
25
62
-23
-51
-69
-30
0
80
-29
17
12
-8
-44
-17
39
-54
14
-80
-25
26
-46
-10
-38
-56
-1
-9
72
-18
43
21
4
46
-7
12
21
-21
-31
-14
23
-105
9
1
30
66
5
-27
33
11
-2
-29
11
62
-69
-102
30
53
7
-22
-28
-59
-64
7
-32
-40
-12
-8
-3
-41
37
-14
-4
-46
-51
-35
24
4
-46
30
-39
7
-36
14
-2
-10
-37
-46
-16
-46
27
55
-90
-72
59
78
68
-26
46
-5
-11
74
-59
-61
42
82
-33
95
-16
36
-54
-46
12
30
127
18
-32
9
-27
-56
-1
-14
1
59
31
59
-37
-55
-17
40
-22
54
10
-24
-13
16
-53
69
58
10
46
-4
-26
-46
106
-22
-118
-77
-6
-25
18
11
-12
23
17
-20
32
92
3
-13
20
-46
25
44
87
-19
40
-127
21
45
-10
58
66
-64
62
10
-16
-21
3
46
-31
55
27
49
45
-11
-3
64
-62
26
-15
5
-91
23
42
-16
-19
5
-15
3
-54
8
119
-13
-30
75
35
6
-74
22
-68
41
71
43
28
-10
-43
5
-38
-1
15
-7
11
73
-13
-3
24
69
33
-89
20
23
-23
17
-99
-15
15
-12
-37
39
-19
-9
-4
30
41
26
37
48
32
-21
-35
71
41
-51
2
-37
-44
4
19
53
-39
-112
9
8
41
-47
13
-42
-37
-30
52
-35
-85
-8
3
-41
-3
21
-8
52
1
10
5
-40
5
14
-13
-79
-9
-36
-9
33
-64
-52
61
13
-68
35
34
-92
-29
-34
60
73
-54
-64
-3
-91
-21
84
14
-19
26
6
37
32
22
11
46
-65
27
-39
42
-6
29
-47
10
-40
-55
-28
69
39
-57
-10
23
23
-38
47
-22
8
4
43
45
83
5
-25
3
78
37
-10
-19
-16
31
-15
-19
58
-51
-28
4
-5
27
-24
-106
91
57
-5
-42
21
34
19
120
0
-20
-20
-48
22
-2
-17
-23
25
-81
28
-46
18
1
105
10
-55
-67
-22
-31
24
49
93
23
23
33
-17
10
32
-44
57
-24
35
-2
62
-40
-70
77
-93
52
61
-44
-55
-54
-53
56
74
-27
-37
7
22
-45
61
27
65
-6
-9
-10
29
-12
-21
16
34
48
-33
-18
-44
-112
-2
-5
53
37
-50
-16
-34
80
-8
102
25
-19
-27
30
42
-19
44
48
2
51
34
59
26
24
-19
-38
-26
7
-48
-10
27
-41
86
-22
42
-37
-35
33
-3
22
3
-35
16
-25
-77
127
-2
-20
43
28
-15
-6
-41
-54
58
-1
-41
-54
29
-5
-83
-26
-35
-3
-46
-54
27
-14
5
101
-23
48
34
65
4
-35
-49
-25
21
10
-57
-4
6
45
-28
-3
-31
-41
-36
-22
31
53
-34
-49
14
-26
-72
-16
-14
-58
22
16
-44
31
81
56
2
78
0
3
11
87
3
-104
5
-6
47
31
97
127
-49
34
-18
58
34
-39
49
-12
-50
-64
-61
-75
-20
30
25
81
82
-16
-29
-50
-13
20
-3
-36
28
54
88
5
-9
71
3
30
-20
-31
-68
44
11
-30
-66
-13
1
-51
10
82
-16
32
58
-16
4
-33
28
23
-8
-104
-5
10
22
-2
-52
-2
-58
79
29
17
-20
-19
-1
70
-9
-23
-47
38
17
23
8
40
-34
-45
-29
13
-37
-27
-63
-29
10
37
-72
-29
-17
30
-16
-29
64
32
-55
5
-37
37
-39
3
-46
-27
73
9
-17
-2
-24
34
-24
-62
-9
82
47
-33
52
-58
117
5
-3
-26
-1
26
-19
-13
-8
40
69
-23
-17
-71
-5
40
-39
4
45
78
29
-24
10
9
-11
-47
-10
92
-9
-11
-50
-19
-26
48
20
30
23
16
7
23
6
-28
-18
30
72
29
67
-34
-5
-29
59
34
-7
-13
-16
-21
-4
44
-27
-26
44
9
-36
0
10
0
-9
9
76
-10
22
-57
6
-54
-17
24
-24
-11
-5
45
-28
-5
15
-9
-28
10
-1
-65
-2
9
127
-13
26
69
27
-11
-6
-19
5
-29
22
99
-1
11
19
27
16
-10
1
47
5
-7
19
9
-31
-95
51
1
11
7
-32
-2
6
-23
-55
1
37
-42
-39
16
-15
-11
79
-6
-39
-15
-43
33
62
-3
-3
27
10
-2
29
11
-17
-10
9
-28
16
59
-3
12
-28
-34
-12
59
-15
-56
-17
-4
2
-4
-32
-7
-30
-25
19
-1
31
-1
-9
52
13
-41
-10
-15
1
-23
-24
-17
33
48
-39
-12
18
76
50
-17
52
-40
29
60
54
-4
3
20
19
7
-60
9
16
-49
2
28
-56
14
-13
-9
35
-26
-24
-9
10
-14
-17
37
33
15
-2
3
-17
-8
54
27
6
58
-81
-51
-33
13
5
-43
-39
36
20
15
-45
12
6
-40
-18
11
-37
79
-11
-20
17
78
44
-12
-57
2
52
43
15
10
46
94
-24
23
-20
80
50
46
-80
-18
18
-2
-24
-26
-50
13
-33
39
35
-47
-24
-50
51
-55
-3
-21
-83
3
3
-115
-37
-32
27
-31
-75
9
-58
76
-87
-58
32
68
-21
-42
62
-20
12
62
7
31
14
114
-10
35
-74
-50
63
63
-15
78
-33
-6
-58
35
31
-11
-19
-16
71
-6
-3
-91
-13
-60
19
-18
-13
40
-67
35
31
-18
-25
-33
-81
49
62
-16
50
-30
8
23
13
51
60
3
69
-35
3
24
-42
71
-27
-4
-6
64
27
53
63
-22
-95
29
121
97
-3
-47
-28
-101
-36
-7
35
-63
26
3
17
-15
-118
46
-24
45
-16
-29
-61
127
-75
40
74
71
75
-96
15
-71
13
-67
22
66
-22
30
18
-34
9
44
-44
-13
0
-19
-88
4
15
-28
42
36
-18
-6
-12
-16
18
127
-25
37
-50
14
-28
-47
-33
-65
-1
-47
-46
-17
-21
-27
-15
-23
68
-5
-30
-48
10
-4
-64
9
-2
65
-57
-93
-2
29
-55
6
-19
78
16
-51
-52
24
42
-18
29
-72
-15
-65
13
58
5
-25
-59
73
40
35
-55
21
-16
-30
-65
-2
11
8
9
-32
31
8
36
102
34
-11
64
-26
-1
32
62
43
30
-32
-26
-26
-41
-33
4
21
42
57
36
-32
-32
10
38
-48
22
-89
6
31
81
-42
-21
-42
-21
-28
12
-29
20
-22
39
72
71
11
-27
6
9
81
39
2
-53
16
-39
64
-28
43
-25
-24
-40
7
-24
-70
19
-40
1
35
-63
-28
-39
-41
-30
-108
38
-31
-80
-99
19
-39
1
-71
20
21
-59
-21
39
-14
-81
-9
5
-11
-29
6
-8
-8
-37
-6
9
38
55
-25
-44
-59
-8
-40
-37
17
41
34
15
17
-12
-69
-47
37
46
10
-30
21
-31
-14
50
40
54
-60
-4
-16
16
-16
-63
-60
28
-44
7
-49
43
49
-2
33
20
26
54
15
37
1
-33
52
-32
2
-6
-18
-12
-56
-6
-14
-4
37
78
127
-56
-4
-17
27
-90
-29
-11
-27
6
-24
-48
71
31
46
2
-58
-11
-11
-102
-62
-25
-2
-28
10
-68
-21
12
-27
13
-7
10
-30
0
-32
76
34
-13
-16
21
9
-9
-24
-39
-117
11
-47
-29
21
43
-73
-37
-13
-74
-64
-39
25
48
54
-78
25
73
13
86
78
85
-91
-11
32
13
25
-19
-35
-21
2
47
3
-36
53
15
-50
-10
35
-9
-18
-96
9
49
42
3
64
35
-32
-16
-35
63
20
-54
-67
76
23
16
-59
44
15
-21
66
2
16
44
-57
-35
32
-27
42
-12
-41
-26
6
30
-81
-21
-111
3
39
-33
-35
-82
1
29
30
-48
-34
8
-8
-1
13
23
-15
43
-28
27
9
-38
39
25
2
-3
-40
41
-66
18
15
-28
-25
30
-64
-27
27
26
12
-7
5
5
-22
-26
20
-28
3
-33
58
24
25
1
-29
-3
-55
44
37
-27
60
20
-10
40
63
-47
-26
-72
-21
-74
61
90
90
71
65
27
11
1
8
-15
10
9
12
-18
-60
6
4
51
127
2
-8
25
2
-3
-5
37
-93
-6
18
56
-25
78
-28
54
-37
56
-9
-27
18
-24
-20
-7
80
12
-8
38
4
14
-2
6
9
21
59
2
15
17
56
6
21
63
12
-1
-1
23
-55
-4
-11
78
1
64
12
-44
17
41
35
-30
2
-10
-15
15
57
35
-9
-39
49
-2
27
-74
9
-6
-2
28
24
75
19
-35
21
21
-10
15
-29
-35
-36
-4
-70
1
-43
-11
31
21
31
50
-44
-31
-25
82
66
-8
-20
-35
76
-25
-17
-28
2
-39
-24
34
22
-38
-1
49
26
59
-18
6
16
53
15
8
-35
20
-12
3
-10
30
33
-59
24
54
15
-30
2
-34
26
39
62
-7
51
-25
-43
-60
-117
19
-125
64
-51
-63
-61
-48
10
75
20
26
-101
17
41
39
-18
-38
18
-51
-26
-49
17
16
48
101
115
57
35
66
-34
39
-36
25
-65
115
-31
-7
117
-1
17
-71
70
19
-3
48
35
-12
46
-11
37
-78
-24
-54
84
-39
-42
74
46
-36
-24
-28
0
35
-42
-25
39
-64
-27
-9
26
32
56
-24
-31
25
9
-31
39
-6
20
-127
57
-73
-50
39
-47
25
-24
62
33
67
-47
-77
-44
21
14
4
123
95
46
-72
-74
16
-15
20
-30
6
-99
-67
4
-28
113
-53
-37
60
-30
52
-9
25
-19
-60
12
9
-36
29
10
32
-52
75
110
31
-116
92
16
11
69
14
-67
4
19
-24
5
31
32
41
-25
-116
74
122
56
80
88
-19
-57
103
-34
-72
-63
51
-114
85
-8
97
13
-23
2
76
96
79
11
-28
16
23
-13
-73
-11
-18
28
-24
-58
19
34
-49
-51
31
26
-39
-4
12
10
-9
76
19
-80
-7
38
-84
-46
86
-7
55
23
-46
-55
-121
-6
38
-8
-31
-11
-11
-70
-6
-62
36
-33
18
-45
12
-9
-17
69
3
-16
-17
6
74
-45
-31
32
-41
-3
26
-20
-77
-22
86
-86
-1
-30
49
-25
70
77
-13
127
-59
57
-21
-15
-23
67
92
8
21
-9
75
-7
17
-1
76
39
-51
-49
35
32
67
-61
-28
-9
-43
-10
39
-19
-37
76
-51
7
109
31
18
82
10
-6
3
-1
-40
-32
-15
-11
49
-50
36
9
49
-72
106
-14
24
51
55
-50
17
-62
14
-17
69
-26
-28
12
-20
62
-19
3
81
-15
-87
2
-45
-71
32
-26
106
-100
-20
3
-93
32
14
-27
-59
-44
40
-49
55
-69
-8
103
5
-34
36
7
24
14
31
-51
63
-24
-15
-2
17
-73
-9
16
-21
34
43
-6
-22
-31
10
2
-92
-14
-80
-16
-24
11
-34
-24
-25
16
40
58
-52
67
-63
-2
5
51
39
47
-24
90
-9
-109
30
-6
-13
-81
66
35
47
-18
-23
-42
-90
8
41
-22
26
-31
38
46
114
-22
44
22
7
76
-54
20
56
48
92
93
46
-9
36
14
4
38
8
-79
-34
117
21
-29
21
-3
-33
-95
55
63
27
41
-33
31
-52
79
-21
2
-29
86
-31
66
-88
44
90
96
30
23
31
-79
-51
-20
-35
-15
-59
71
-52
-55
32
-8
-67
-40
5
-43
68
12
58
69
61
79
-45
-4
127
86
47
11
20
-51
79
-72
48
31
57
23
65
25
71
3
26
-12
-21
12
59
-51
0
24
-33
21
-92
125
84
31
77
92
-27
30
-9
-27
18
10
2
-60
-33
-44
-35
38
72
-31
-21
-61
-37
-37
13
-8
63
-49
-46
68
-26
-36
102
-119
70
-15
-59
-30
109
-73
17
-33
24
-18
-40
106
-3
-100
-7
15
38
-89
-39
71
32
50
-10
26
-86
-67
75
-58
1
-23
1
-66
30
3
10
-6
-79
-47
-7
-55
90
-40
92
42
-7
-9
47
-81
-26
-23
-47
-44
-18
42
-52
33
-1
-21
-6
12
-44
16
-84
-22
-12
72
48
-68
73
-31
29
-23
28
-36
-41
-55
34
-8
32
-46
-31
17
-13
-44
52
82
-84
35
23
-28
-127
-126
-23
-22
-4
-64
-40
107
14
-32
-73
10
-26
25
-30
18
-28
-75
-5
47
36
23
8
-43
91
-21
6
-14
46
-24
-9
-35
20
25
-13
-107
-64
-108
55
64
39
25
-70
-26
-33
-49
-93
-60
-31
-4
-53
87
16
4
-2
56
8
-14
5
46
-13
-10
-61
4
2
-37
24
63
32
-61
9
68
20
36
70
-12
-18
61
53
-24
-5
3
33
-12
68
-20
71
-32
1
-39
-13
-44
-18
32
-45
-33
-30
8
36
43
-73
-45
4
-37
38
-16
-48
-51
-52
-27
-26
3
-29
-15
-29
94
3
59
-30
-6
-36
28
54
-19
20
74
80
61
14
-47
11
-29
-86
-70
9
37
-15
68
-2
26
3
-75
28
56
-53
-26
-11
14
4
-41
38
-69
117
31
69
119
-48
-31
-27
71
86
-46
-58
-88
8
47
-28
7
74
44
-23
34
25
61
-28
-22
-44
-57
34
-6
-14
25
-14
90
-5
-6
67
14
0
38
22
-36
-49
18
5
-48
-89
-7
55
-13
54
-1
80
-91
-21
5
-42
-18
44
83
19
-8
120
15
32
13
-17
-19
78
45
-26
5
-30
9
26
-25
127
62
90
-66
-22
73
30
-44
38
-8
4
-17
-38
-41
25
-85
-30
-74
65
4
60
28
65
2
19
89
14
-1
-39
61
-40
-33
-5
43
-43
-29
13
0
-2
-23
19
34
-45
14
-102
-61
19
53
19
-48
30
32
22
67
5
-77
36
-19
24
-41
-98
-6
-32
61
-17
31
-91
-29
10
-86
6
4
101
14
-75
20
-41
-60
-20
43
-1
-1
26
46
33
-29
52
12
59
-9
5
12
-41
39
48
25
36
17
-11
-59
8
-5
55
-21
-17
60
-77
-71
102
53
32
66
-44
11
34
58
-28
-43
-19
-1
21
62
29
-7
23
13
27
-30
-65
40
5
14
-112
58
2
57
-39
66
36
53
-1
33
100
-31
25
16
-72
35
65
-72
30
19
15
-18
88
16
-19
-71
19
-9
-77
34
-39
-67
-25
16
-30
-34
3
-7
-54
42
0
18
-18
10
-60
-37
2
27
-32
-127
86
-13
-57
-20
16
25
-6
43
-5
-29
37
56
-18
48
90
26
23
-12
-42
-62
-53
49
-68
-35
31
35
56
5
-53
-55
-48
68
-22
-24
-63
1
-8
20
0
-46
19
14
69
-9
23
30
-18
17
76
-29
-25
30
11
52
-41
-6
-8
8
44
-20
10
87
-61
14
-25
-38
14
-30
35
-5
11
11
2
-27
42
58
-20
26
-79
-3
46
-10
-6
14
50
59
-17
28
-13
-38
55
-31
9
-63
74
-73
-21
19
90
-18
8
9
45
71
-26
-19
45
25
7
14
57
-35
76
103
11
12
64
-6
33
-34
2
14
116
1
-58
-47
12
-50
32
28
-17
8
5
97
82
-4
62
-78
4
-15
28
-36
-41
-111
63
-70
72
54
3
4
-18
-20
27
26
1
-6
-50
-41
9
12
96
24
-76
7
8
-64
88
-34
2
-7
-39
-48
-37
8
1
38
-66
25
-88
-2
-39
76
-48
52
-2
-11
-21
35
62
30
102
-41
-58
-46
-57
-43
-15
-88
44
-60
26
-49
23
-67
-5
32
8
2
2
56
21
64
18
44
40
52
-36
-79
23
-19
-40
-117
11
-48
33
-7
68
-32
-11
-50
32
39
-25
47
-1
-8
1
55
81
70
24
-50
30
57
100
58
-31
11
91
-66
-20
82
41
-18
59
-6
-23
-88
-32
-68
6
43
-74
-127
6
-55
-13
-22
-5
112
-34
31
-15
-29
-54
12
-27
-89
-38
-36
-41
71
21
5
19
-60
-21
39
21
6
38
-10
63
-38
40
-57
-77
68
116
57
-18
-42
9
2
8
71
57
-45
-40
-25
-11
84
24
65
-38
32
45
-46
22
-24
8
5
-86
46
-29
16
14
-53
-8
19
33
23
-13
-29
0
31
-52
-11
3
-11
41
-62
33
-58
-30
71
-9
30
-9
17
-21
5
20
-52
37
-48
88
15
-71
-62
20
-46
10
103
53
23
-19
90
-42
-24
5
74
-16
-54
-9
50
56
-28
-17
-15
-42
29
-22
-38
127
-34
-40
-33
-25
20
4
55
-18
-19
-4
-18
43
28
-13
-20
-47
-10
42
10
-7
-11
-80
105
31
21
-24
16
67
19
31
-1
-16
41
3
2
-16
-28
63
71
-14
80
-23
-44
-75
9
-71
16
-15
11
-41
-38
28
-69
-80
3
10
-29
-85
-13
-15
23
20
26
-7
-40
-37
41
2
46
-47
-9
29
16
39
-48
-14
16
50
-22
41
-12
27
-13
104
-23
-46
7
-47
-9
64
67
78
-22
-57
18
-6
-43
3
6
-30
48
-11
6
-60
48
-26
-38
67
1
-57
29
15
43
-24
-44
35
-5
17
82
17
-20
19
-9
0
-43
-13
-20
10
5
-19
74
-119
-49
23
-10
-54
-11
9
91
41
50
-50
-65
18
-2
39
-44
-29
-82
127
-67
-64
60
97
-28
-19
78
-86
18
-15
43
-53
-5
53
-82
-56
5
-24
-32
-23
-37
97
-31
1
-53
-3
21
19
117
-2
-111
-77
4
-3
14
-80
36
-39
58
-29
36
53
61
7
47
-30
95
-35
17
63
-39
-125
-47
-18
-42
-118
-25
45
8
-10
21
12
-16
88
-30
44
-11
-35
74
-12
77
-34
-49
0
-74
40
-11
60
49
-32
6
22
56
-31
-21
-103
8
-27
58
28
76
-43
-14
-24
34
-38
97
9
25
-50
-76
39
-79
41
-3
54
-18
89
-8
-50
-27
18
-43
-51
-53
-24
-15
-37
12
21
-22
-65
-72
28
-2
79
-17
-7
-8
-5
12
-94
-46
45
-20
-35
69
-32
-4
30
-39
19
-21
31
48
22
9
-64
9
28
-116
64
52
-20
-8
45
-60
16
5
-9
-35
-8
34
28
9
43
-7
-18
-12
2
-34
-34
-42
4
54
-41
31
5
-5
-51
-2
14
-1
-20
-14
4
-2
48
25
-36
39
-48
127
-4
-12
-43
-49
46
-3
30
0
25
10
-7
-55
-34
-78
4
-54
-10
69
-1
27
-77
-6
-16
8
16
1
8
-46
-26
38
2
-5
-8
-42
45
5
48
-28
-63
-2
-2
-11
30
-48
3
-24
48
-19
-16
25
-16
24
-24
-12
-13
-37
14
10
-23
40
-43
-46
39
0
16
-41
44
0
-30
-9
7
-3
55
15
-63
-86
3
4
30
24
0
-20
-16
36
15
33
-5
-25
-50
-31
-31
28
-77
10
-37
-30
-34
3
-2
7
-40
-10
-65
8
-9
-23
-26
11
-6
13
-26
34
52
-18
53
-5
26
-21
30
61
69
74
-10
-25
-9
58
40
-71
47
56
25
18
-75
-21
48
-50
-15
-79
-35
-60
-54
-38
-69
-7
22
13
17
60
-32
-11
102
99
-91
25
16
-8
19
-4
23
49
48
46
22
6
-71
-62
0
-75
8
-15
-46
-41
9
42
9
-54
-5
-51
-17
12
-59
-34
13
7
-25
-35
81
-93
32
-65
92
-38
-33
14
-79
47
-65
-22
-32
-9
-32
34
19
9
44
-90
-19
-59
75
4
-78
-11
94
58
-15
44
-52
62
6
42
7
17
-52
0
16
-95
-11
10
29
-8
16
-28
64
73
-34
-69
-12
6
-24
-2
39
-66
3
-35
6
14
-35
67
-76
62
1
65
-37
-105
-95
28
-94
-34
28
9
-30
-82
68
-19
-43
37
61
15
-66
-10
45
25
22
61
20
35
-23
119
-24
32
56
16
-6
-101
-28
0
-29
62
24
-18
-49
35
-6
55
21
-99
-46
-39
-78
27
-16
-4
-17
3
81
-62
82
-46
45
27
127
-5
-38
48
38
-19
32
-10
-22
57
-94
-37
28
31
-10
-54
-7
39
23
33
10
-12
-57
30
81
-4
-17
42
-7
-36
-9
-21
-19
-38
23
-1
13
42
-30
43
-48
-10
-31
35
-1
-34
48
127
7
33
28
5
10
-44
63
-36
-19
4
-8
-11
39
27
-10
-34
-30
5
-24
9
23
-4
30
20
-18
78
79
35
3
21
-46
11
52
-21
-30
11
-78
12
58
-18
32
31
-32
-42
-17
54
-32
15
51
-10
-22
49
30
8
-8
-34
10
65
-6
-46
-33
58
31
10
-60
49
17
3
10
-55
110
32
13
-10
-14
4
11
14
-12
18
27
-55
-24
-1
13
-53
-53
28
51
1
17
34
-19
-23
-12
7
10
33
22
-27
6
16
-5
-22
62
25
-10
-21
6
6
-15
-38
1
-1
-3
-35
-28
-3
-41
-83
11
-9
-1
-41
23
-38
-25
-58
35
6
-32
31
-33
-61
53
38
64
1
73
-18
8
60
59
-27
-3
24
-11
40
29
-40
-53
-9
76
-2
5
-50
63
38
15
56
-4
-36
36
13
-15
-13
-15
-5
49
-48
43
-37
44
-2
40
3
29
-8
34
-2
7
45
40
50
29
-13
50
38
-73
7
22
71
-4
-26
25
11
-12
-22
96
-11
39
-18
4
-8
-6
-14
-22
-2
22
92
1
61
13
-4
-11
28
1
0
39
33
-99
0
-8
-19
19
49
0
9
27
61
-26
7
-68
-5
76
43
9
99
16
19
-33
51
-63
23
-3
103
-29
27
-15
90
19
-9
-33
-20
31
-69
-58
-59
23
29
-23
28
28
-12
-47
-11
-1
28
17
67
9
39
49
-6
-31
5
4
8
-62
40
-9
-6
-30
-2
67
3
-42
-40
27
18
-16
17
-9
42
-36
22
47
-48
38
20
56
14
13
15
-9
-27
59
-18
-20
-49
47
-21
127
-22
34
54
66
40
21
38
36
-17
-3
17
36
-1
-6
-34
68
-27
33
53
-30
18
100
21
43
36
2
86
30
-8
-5
8
18
18
-23
-72
26
-19
23
39
-38
-17
20
-16
-34
31
-18
-12
47
-60
-5
-34
74
-24
74
33
-42
-9
-41
-117
3
-17
-16
32
28
-33
64
-26
-44
-17
-53
26
8
72
64
-4
-11
59
28
17
9
65
12
-67
41
-71
45
51
-97
2
4
19
27
47
40
52
-70
86
55
-56
11
-24
-127
-21
45
-72
-66
22
-2
44
0
-12
87
-69
-13
44
-75
2
-83
-9
8
16
6
42
25
25
-39
-29
25
0
1
7
-10
77
-10
54
-15
-68
-38
35
29
-15
-44
41
49
-44
-9
-10
14
36
91
0
78
89
-50
39
-30
14
-21
26
-41
-83
43
16
-21
-36
-2
-9
20
66
59
15
-31
54
20
28
53
1
59
-54
-58
-27
75
-33
-23
73
-57
-11
12
56
-41
33
-33
-45
73
18
15
-69
-43
106
19
60
-23
-56
-7
9
119
-18
-84
49
17
11
-28
9
9
76
5
-50
-57
29
-46
-23
-23
-50
-5
47
-48
-35
114
-68
-76
11
9
21
52
3
45
-63
14
-1
45
-20
5
-42
5
-21
-41
8
-23
37
-29
-17
-65
-42
-4
-24
-43
18
-91
59
88
-56
-81
-60
75
30
4
-13
19
-10
16
5
-83
-10
-31
34
9
17
-5
22
38
-45
0
10
7
-7
-34
25
-12
-69
28
-17
3
-37
-5
104
5
-43
2
32
21
1
47
8
-43
63
-68
-23
0
-64
-16
12
-43
-33
89
16
78
-56
-2
22
-50
-127
50
-35
33
95
-72
96
-21
78
-23
-53
-19
-39
-42
76
-10
-54
-34
39
49
-16
-5
29
-29
43
-52
46
23
23
45
1
61
31
-94
42
-80
-38
23
-1
-5
-51
-83
3
106
-65
12
5
36
56
-44
24
-28
38
20
24
-50
-100
-18
-49
-2
-15
-6
-27
-63
1
-57
40
-81
40
41
-80
-74
-63
20
-51
-16
44
-85
64
17
39
3
-78
-13
46
-32
-10
-42
-3
41
-8
39
66
1
-44
-50
5
53
23
89
-8
-42
-79
29
1
-27
30
-21
45
-85
18
35
-12
51
-42
-43
18
-33
-45
0
43
-6
20
-40
4
-4
-17
-44
13
-15
71
-24
-18
36
78
19
-37
25
-63
4
-25
11
-62
14
26
8
-7
-20
-63
30
-18
-67
-8
-82
39
-2
50
-3
-36
-20
40
-25
47
7
-40
-29
-1
-2
51
3
-47
27
-54
66
4
76
76
4
68
-5
35
-23
8
117
28
-31
12
127
-51
-19
19
0
25
-7
-38
-23
44
50
-18
-15
3
14
-5
-24
40
-30
9
36
6
5
69
47
33
-1
57
33
89
50
-27
69
-35
6
11
-22
-6
-6
-78
50
1
27
27
49
-6
69
-17
-8
-4
-12
19
28
-18
17
-11
-3
-18
27
-113
-28
48
-11
-25
-8
-11
13
-57
-32
-17
-5
16
-42
-11
-32
-36
6
10
-2
-11
-38
-3
-25
-126
51
6
47
10
-16
58
-33
7
-29
29
52
44
1
18
-22
17
15
6
28
14
12
20
-94
72
-31
45
-10
-51
-59
4
1
13
-11
40
-32
37
-9
52
-30
-30
7
-4
30
-7
55
-8
-23
19
1
120
-4
-31
-11
-54
-1
7
-63
-42
-21
-22
-15
-16
-77
-42
-18
43
1
62
-17
30
-67
-12
-9
-15
9
73
-39
33
-43
4
-34
35
-75
51
59
-68
22
-8
-10
-43
81
48
-59
-32
0
-83
22
16
3
-34
-23
-17
-12
-6
-28
-39
-14
-66
-13
-33
5
38
-48
14
45
-14
22
-65
-11
7
-54
-5
-56
8
-24
-1
-29
0
-64
17
-66
-62
-5
-65
-9
-29
-23
-54
-33
-22
-50
55
-39
-38
4
72
-35
43
-19
54
0
-4
18
-11
-34
-7
-127
-8
58
-44
-5
32
-44
-36
33
-79
-22
-48
69
-39
-42
60
-62
-33
-12
11
-59
19
-18
-6
15
-15
-30
6
15
-16
-1
-3
-21
-28
12
26
-24
-38
-58
-21
22
-28
-22
-42
51
-8
20
-88
-53
-38
26
4
-6
8
-6
6
4
-40
-7
17
-1
4
45
-6
27
49
-40
-54
-18
9
31
-38
-43
-25
24
-29
34
1
42
35
-8
75
34
21
-48
7
-28
-34
43
78
-12
69
-21
-23
66
39
21
0
4
1
49
85
70
-35
3
-4
43
86
-69
-2
27
79
-21
8
77
64
2
-5
15
39
1
14
-62
-34
19
60
4
7
21
43
-17
-55
-6
0
-22
91
1
-110
6
-92
17
-12
40
15
28
49
-14
-9
-16
61
18
14
34
-83
21
16
0
20
-39
42
-60
-46
11
18
-22
53
44
-33
28
30
11
76
34
16
-41
2
80
-1
-74
46
2
30
63
15
27
-44
6
-7
-13
-22
44
11
30
35
-24
47
44
19
19
41
28
-38
-49
76
47
46
-5
-2
-34
12
28
-26
-60
19
10
44
-6
-53
16
-25
1
34
49
-29
-2
-50
-90
0
9
-34
26
23
-13
47
4
62
88
-32
-25
18
24
76
-67
-35
33
-15
-18
25
21
-79
16
-14
-34
-58
55
-16
127
-17
90
46
-63
-78
24
24
10
-43
-53
-5
2
-65
-33
95
-38
4
-42
-26
72
-6
-43
-54
54
-54
44
61
19
48
20
-13
43
20
-14
-14
57
-66
-70
64
-53
42
-38
-88
30
-53
-6
26
54
76
-69
-42
2
-22
90
-46
-60
127
-9
66
0
-13
-2
34
17
29
19
26
-38
-33
-50
-4
-23
25
37
66
19
-13
25
39
57
34
15
-46
-30
27
37
9
-4
-11
19
9
19
16
-42
-71
-35
-14
3
36
-25
36
-5
119
71
-4
-57
-68
0
-16
5
16
15
8
10
76
47
18
24
49
7
8
-50
37
-42
-26
-38
3
9
40
21
44
-52
-2
6
-27
24
-30
-30
-14
-4
-49
-43
24
10
13
64
4
64
40
-57
-21
36
-74
39
-1
-22
15
-52
2
63
12
25
38
37
39
-29
-7
62
65
-32
-63
1
-30
-53
-82
-20
-28
124
-51
44
111
-41
-28
85
-38
79
6
24
-76
-63
63
-121
53
-3
-15
-14
41
43
36
-6
-13
74
11
31
82
-29
-30
75
-74
37
15
-62
-40
26
25
-46
-8
41
-2
21
-21
12
-76
-20
14
45
22
-35
-37
-9
-46
-28
19
18
35
43
-21
-83
4
-34
-67
-10
14
17
0
-47
47
-47
46
-19
25
3
-32
18
31
-34
4
-6
-58
48
-25
-19
-17
8
45
-13
-25
-37
-11
-29
-31
-9
-13
16
-58
-12
20
41
-34
17
-47
-14
4
-7
12
-40
1
127
0
-70
-17
8
-4
33
32
-33
-25
-6
58
-28
15
64
29
-46
-6
-26
-14
-38
-27
-1
14
-28
36
-35
23
21
-2
15
-62
-56
-23
-13
25
-41
-7
21
24
43
12
1
-30
20
22
-16
61
-86
-83
-59
-5
-23
-70
27
31
-8
21
-63
-27
79
-9
-3
26
-1
39
-14
-68
44
24
49
35
82
-18
41
-41
5
-53
1
84
-3
-51
-56
-11
67
-40
-50
16
-32
-19
48
-41
5
-33
-25
-97
21
-34
-71
-4
18
2
5
7
-78
46
-5
-38
-30
-15
-70
90
-10
-23
30
23
58
70
-13
-63
91
74
31
-106
-20
-10
94
11
-8
104
-54
64
-21
-12
57
4
42
-37
-17
-77
-85
-63
38
-12
25
-53
-99
-12
-9
-68
-47
-60
45
3
34
-19
2
10
-3
-114
-5
-18
-112
17
-7
-74
-79
-32
42
-43
-20
37
11
-4
46
89
45
-57
-93
57
-69
-20
59
-83
89
86
32
-31
88
50
-29
13
-10
-4
-14
-74
2
-65
-38
-105
-2
35
-33
39
-50
-7
16
53
9
52
86
-45
-44
3
29
-57
-32
-27
39
60
7
10
62
-18
74
5
-40
48
17
78
-115
-21
96
-34
-52
14
-19
-77
-43
-67
62
8
-59
-21
-127
-23
20
-15
23
-87
45
-11
24
26
-114
3
-4
36
-10
-30
-126
-65
6
10
-5
-24
-12
22
-18
23
-23
30
40
34
44
64
-82
-19
-11
92
44
43
12
-17
36
-44
-55
43
-6
-97
-5
-7
-16
-6
-55
27
-43
16
-31
4
-39
-62
3
12
-31
76
42
-103
66
-63
-94
-93
3
33
-8
-10
17
70
14
-14
-10
48
33
5
44
29
-16
58
10
38
-12
-75
-35
-51
46
-65
89
-37
-63
22
-2
5
59
17
-32
52
-66
58
93
-25
15
44
20
40
-42
-17
-8
-44
66
22
17
-47
68
-19
-95
19
49
50
-44
-45
-44
-14
-52
17
41
-7
34
33
-10
36
12
-1
38
34
-20
51
21
5
-73
-74
80
9
-35
-12
-29
17
-36
11
46
46
53
84
62
87
19
37
-79
0
66
-80
-88
-14
-79
37
17
76
-56
-54
-107
31
-24
26
23
-9
7
53
25
48
17
-36
40
-43
-93
32
59
44
-36
-14
7
-14
0
3
-30
15
-63
-6
2
-5
48
-48
17
22
-44
61
2
27
-13
-18
-33
56
-13
-30
-24
13
0
50
-25
-39
-52
12
38
26
13
-13
-42
-127
69
-31
-43
-18
16
-6
84
-11
-73
58
3
38
-3
8
10
1
23
74
-21
-10
20
-34
-39
25
3
-93
27
19
16
3
-30
28
-29
-48
-18
-3
15
-56
-31
6
-36
52
-22
-11
-1
21
120
106
5
30
-32
28
31
-48
72
10
26
79
-38
7
0
16
34
-25
-20
13
-17
-79
-43
-19
-29
11
-2
23
23
-20
-19
-82
-44
-43
43
25
-6
-24
-37
-37
-16
-28
10
-50
-38
-29
40
-29
-15
72
-54
97
0
-21
-14
-32
75
13
12
-36
-29
-71
26
-13
-1
26
-52
-121
8
-17
-101
-53
-56
-70
40
35
62
-2
-24
-28
25
50
3
19
13
-58
7
-46
3
-16
71
20
-57
6
11
-7
2
37
-15
-24
-43
53
35
11
-65
28
-88
46
-65
-127
-38
38
51
-49
-30
-14
59
-8
-51
-16
-50
18
18
-51
-35
36
47
12
25
33
50
50
11
27
22
72
-7
-5
-31
-36
81
-3
-15
-31
-64
-21
-3
-23
50
0
46
-17
33
-31
-59
-8
79
-32
-43
33
-72
-52
-2
8
31
21
26
-47
-112
-83
65
-31
-8
9
8
-16
-12
-88
12
-53
14
23
97
-21
-65
-4
74
63
-4
-37
111
-62
-10
32
-20
-41
2
14
-11
-27
107
-2
63
35
68
-25
110
-45
-26
22
-19
-30
-31
-43
-5
-30
127
82
-39
-35
43
70
-54
20
-8
53
5
87
-54
32
5
36
45
50
47
-52
62
23
-61
71
-83
44
73
42
10
24
-18
-15
32
-42
-126
-64
24
93
-53
42
26
14
97
-74
-31
-18
1
-111
5
4
62
65
-11
-110
67
39
17
-21
60
98
115
41
10
11
10
48
-17
59
-36
97
-19
-11
127
-43
21
29
8
22
47
104
30
-33
-27
-44
-124
-35
-59
-38
-1
-2
-6
-28
-89
-79
6
-35
75
-89
-34
-47
-60
-46
-73
19
6
-27
-26
8
59
-71
-3
32
26
-12
-51
35
86
3
-22
78
-16
-11
-55
-19
87
87
61
57
31
-72
-3
-24
33
-46
-46
55
107
28
-34
-55
-71
-46
-79
-40
40
-24
-78
-61
56
-1
20
26
77
-39
-35
-12
98
-18
61
8
121
36
26
-33
-44
-32
32
-5
-96
-51
-9
5
5
-40
37
68
31
-24
-26
28
-5
-108
81
61
-107
25
-49
-25
-76
18
30
-31
-30
-101
-27
-29
21
14
-63
5
28
45
-50
34
66
24
41
-126
16
7
-51
-101
-6
12
1
-53
66
62
-13
-58
9
-3
88
46
8
-37
-77
-73
-9
-1
-47
40
-16
-118
-76
113
56
31
-30
35
90
-16
63
46
-32
50
-20
5
14
20
-31
18
-32
-18
45
5
-76
-52
35
-70
29
-61
-55
11
16
-72
49
31
-56
87
-79
2
-6
110
-66
43
-47
61
-124
2
33
-18
-5
-6
57
-16
-14
-20
67
1
62
39
-71
-9
27
-4
40
-109
-18
-10
-78
-39
-54
53
-25
-92
-79
39
35
17
28
4
-9
-127
43
-23
27
69
-22
3
-54
4
74
14
47
-28
-5
36
-10
-28
-97
21
0
-10
-12
28
-68
-22
-71
-66
-21
16
-58
-26
-40
127
46
84
-65
18
-13
53
-19
-24
-71
-54
-54
-12
49
-61
39
103
76
-28
7
-14
62
-10
32
71
-83
-59
62
-68
52
-17
33
-7
-69
-27
-123
60
9
-9
-51
-65
11
76
-68
-78
8
-3
-67
-47
61
-4
7
8
-81
-52
-17
-63
12
-18
-44
72
-27
43
-43
63
-75
-18
-43
-36
-7
20
-59
9
-25
-106
18
-9
-118
-36
23
-41
-6
99
3
-4
-16
10
15
71
68
-80
-28
69
-35
4
62
-17
-2
-7
39
46
37
24
61
-49
-68
-45
19
-71
-31
75
59
-64
-9
-32
-29
-8
70
25
-53
26
16
2
21
-62
27
-20
25
47
0
53
3
24
17
57
60
11
17
47
-66
54
-6
-44
61
-56
3
-62
-23
-45
-88
-24
-18
-1
60
-67
29
69
-86
-91
14
84
37
6
-21
-4
55
-5
-26
-68
-13
-21
53
-68
54
-24
-16
-38
-47
-16
-46
42
44
14
35
-26
16
-98
21
-29
31
-62
43
74
45
64
-81
-3
14
-62
45
-34
-101
8
-79
-24
9
21
-55
56
-1
59
-54
109
-16
62
-25
14
-5
-33
15
-108
-119
36
88
-32
-46
40
-28
49
36
13
14
-23
12
34
-25
-33
-32
23
-12
61
-13
-4
-29
-82
-31
-12
-118
15
-2
36
-23
2
16
-108
7
-62
-33
-91
79
-49
-7
46
53
81
42
97
5
-11
24
-42
-16
24
-29
0
-47
-2
-72
31
-29
86
93
-73
8
-13
2
-53
-59
-62
-54
-12
24
-53
-59
4
-42
-77
48
-109
37
46
101
10
55
69
59
-43
2
13
-9
43
71
3
52
14
73
-17
32
89
-16
25
84
63
53
37
16
19
8
29
-11
-14
-44
-27
127
-10
57
7
24
82
12
-18
-77
-11
-68
65
58
73
-88
-22
80
-12
3
2
33
-102
-57
49
-75
-11
23
59
41
-13
-2
-53
59
-28
-7
6
-22
-20
-22
-70
-37
-21
2
-2
4
0
-4
-1
-7
2
-33
70
-16
4
-21
-49
66
-4
-8
-13
-44
41
23
-3
3
-5
32
54
-91
-17
23
2
-54
-3
7
-9
-7
26
3
2
49
18
-2
-1
2
13
22
20
33
32
9
30
-29
11
14
-32
3
-29
-19
-20
-7
-38
-7
-56
-24
-32
17
-40
-34
17
-37
6
45
-39
-8
9
-39
-10
-15
-49
9
39
0
-31
-8
-20
-5
-28
7
28
-46
55
-8
60
28
-49
-47
-2
-16
11
65
-71
-44
1
-43
-26
-9
-31
-41
20
-14
-39
-64
-56
15
-73
14
-33
-6
-19
75
2
40
-55
-86
51
-3
39
-79
-12
-22
11
-70
96
9
17
19
39
6
-16
58
60
-56
2
9
21
9
-15
68
20
-12
-6
12
54
15
25
-56
46
-16
46
-49
4
-60
58
111
-51
-10
-24
-54
52
-8
2
-19
-68
-15
-127
36
-10
-11
9
73
-10
9
-44
9
-4
12
24
-81
-19
-16
-3
-61
6
21
54
11
-56
26
-16
-23
-17
-16
-3
17
43
27
18
17
11
-6
17
0
-48
-45
-18
99
60
-46
15
25
20
-35
19
44
-55
56
-38
93
-14
72
-6
4
56
-29
19
-58
-22
-93
-10
34
22
-18
57
-8
3
35
-2
-32
52
127
46
-95
27
-14
3
1
-23
30
0
-27
-18
-21
-6
-48
-29
-77
65
-15
-28
-35
-22
-45
-80
-31
13
15
-53
22
31
-77
28
23
60
1
75
39
79
34
-3
20
1
-21
-8
21
15
-1
-19
32
67
-25
6
-22
-24
84
-34
-3
0
-48
-18
12
58
2
44
36
-12
-18
-16
11
40
23
15
8
3
-7
53
40
12
-32
2
-12
-51
-30
37
-32
1
-16
32
-23
-18
-7
71
-12
12
-17
-3
35
34
20
-7
-49
2
51
29
-18
-44
-11
-9
-26
-15
-32
-32
8
-16
-74
-45
-31
8
-12
-27
15
2
9
-8
87
-5
-6
-2
33
-81
-61
-5
9
58
-21
-24
-5
43
25
127
-52
-3
54
-28
105
15
10
83
-5
-41
15
-50
-87
6
5
22
-5
31
53
0
-2
-13
-62
-65
41
-53
37
40
-14
-7
-26
41
-59
39
-13
72
16
21
67
-62
98
-12
4
-66
15
-46
-30
53
-45
-80
72
-25
-41
72
-9
7
21
-11
22
-16
58
-103
59
42
-50
-10
-1
39
-9
-54
-25
-48
43
-7
-29
-21
-48
-63
79
61
25
26
-56
17
-50
-13
0
82
-17
-42
23
13
-53
56
-43
-1
-34
-31
-93
16
0
14
0
29
-1
10
-1
9
75
-66
-7
54
-119
-4
-5
-10
-59
-73
-97
-10
-33
-43
38
45
17
-32
-87
23
-22
12
-45
-21
-13
-61
7
33
-79
-71
9
-29
-40
95
-30
-8
-56
18
-82
39
-72
46
10
-70
-49
2
-79
-17
17
-18
71
-23
-20
-4
-41
-11
19
79
-43
68
-24
-80
70
6
12
55
-15
-41
75
24
-50
-55
87
11
-106
-19
10
20
11
55
-34
27
19
88
16
45
32
-34
22
39
1
-36
69
-27
0
35
-50
6
10
13
-44
49
-3
-1
-21
-123
108
-8
-66
-6
96
-90
-107
-34
-125
-43
8
57
-2
-13
38
35
-43
60
24
57
-53
9
9
24
-33
10
-30
-5
-27
106
-53
103
80
50
-83
124
64
97
-6
-35
61
37
88
-100
34
58
9
-23
-40
60
-26
85
75
64
47
13
-3
-95
-70
12
9
48
70
-69
38
37
50
-28
5
-26
-3
-64
11
-14
14
-28
-48
-13
15
72
37
17
49
-47
34
29
-55
36
32
49
3
-3
-22
46
38
10
-39
-47
27
-72
26
-3
12
-127
89
24
55
82
-35
35
-49
36
21
21
-60
23
74
-60
56
-68
112
-17
29
65
99
53
113
30
-50
31
77
0
-1
48
45
42
28
-9
50
-32
-11
88
-6
97
-27
21
-26
-32
-58
13
-60
-60
71
23
-63
-21
6
-5
97
84
-55
-37
0
1
-2
50
-101
-4
27
-4
-82
-68
-9
-13
120
42
42
-78
-36
-5
6
29
-4
-51
36
-14
-75
66
-45
-23
-38
-64
37
24
-53
112
48
50
-20
-12
-58
28
82
6
-64
-30
-31
45
-23
-26
48
49
84
35
-48
-48
-40
2
-66
28
77
-6
-107
-12
-86
-4
-79
-35
76
-59
-24
43
15
60
64
38
37
15
38
4
-36
32
44
-104
-82
-51
-43
32
-22
-99
-79
34
-43
28
-41
22
-1
67
-30
-31
13
19
61
40
7
11
33
62
110
-32
30
24
-50
26
17
32
-67
38
9
23
-1
41
78
-104
-5
-9
49
1
36
-70
-8
-65
-2
-1
-25
-20
37
-54
-37
62
19
-28
-40
-11
-127
19
73
58
66
-10
36
-37
-21
55
-54
46
-5
46
73
5
56
16
67
46
-53
-52
-22
18
-46
-36
0
21
-76
-30
11
6
11
-82
-19
-7
-69
60
72
1
9
56
35
18
24
75
40
41
23
5
-18
8
-30
61
-21
37
82
-16
-35
15
-10
38
64
-11
2
21
48
33
-44
67
8
15
19
-34
-19
1
22
9
-7
-54
119
48
-29
23
7
60
-51
1
7
-13
98
-1
51
-39
31
-55
27
33
58
2
-34
27
-4
15
-27
-20
39
77
-42
31
7
33
30
38
38
51
-21
-56
-77
14
-71
-18
13
-53
-35
-86
-7
65
-4
85
-7
28
-53
-102
59
12
-61
28
44
-31
9
32
39
45
-36
-88
2
15
27
63
-28
-47
97
116
15
-67
43
63
-39
29
0
-24
78
9
-41
56
-72
-8
-12
-18
-9
37
40
-40
37
16
91
-22
-7
44
-36
47
-4
12
5
-9
-74
5
-18
33
37
-21
-35
-34
-66
79
47
77
-40
15
2
56
-38
-22
-26
20
10
63
127
-8
-23
29
28
7
47
-89
-14
-14
6
39
-1
-3
45
-5
2
-18
95
31
-59
1
31
-31
-15
0
-11
61
-23
119
-49
63
-43
-25
-34
-22
-7
-20
-9
-35
7
-26
25
-49
12
-33
-52
5
24
1
38
-21
64
34
-14
21
-62
6
-27
13
-8
75
-25
59
86
31
-19
-28
61
-22
54
49
32
7
10
-72
-34
-6
-35
-6
-73
70
-72
22
65
66
7
1
15
120
39
-50
-84
-88
46
33
35
18
28
15
-45
30
-54
52
-5
-31
-21
-43
-5
32
5
-10
29
-53
-19
20
-11
10
-13
-43
-69
-67
-39
-34
20
21
38
-83
22
52
48
0
-19
-12
21
-38
-6
-35
-24
34
31
-42
-38
25
2
18
17
0
-20
-25
3
17
-17
-47
-2
5
-6
59
38
-58
33
-54
55
21
-19
21
-9
75
-30
1
22
-25
61
22
44
81
-5
9
-4
-6
13
-33
13
-2
-66
79
-54
41
52
66
-34
-13
-35
-27
17
-84
35
15
-53
49
-89
32
26
28
-66
-45
23
44
39
30
-16
90
7
-10
-27
-55
-6
44
127
-67
34
-64
-14
-75
