386
-143
456
28
-125
-431
-715
167
669
-1917
1465
684
-1459
-1116
-1682
4
-492
-2227
-115
607
-1263
68
517
163
-211
150
-275
-746
-795
-356
72
-848
-392
-1201
-308
812
167
583
-633
1111
916
552
-1906
-11
-424
-640
762
-10
-467
212
616
-746
63
-1427
1015
-39
-393
-67
-174
-135
-419
1822
-660
-246
-423
-301
-417
-852
-632
131
-199
-588
-32
432
-72
-214
407
-313
-406
-136
-397
540
413
-118
432
252
-457
-676
-174
838
-2193
-583
-698
92
145
-618
-858
355
-571
-499
366
784
764
630
-224
-685
-660
-1314
-276
-859
-4998
-2395
636
-8
457
-1518
604
791
-452
-158
-365
511
-456
188
-320
756
543
219
-375
-1099
-288
-172
-324
-313
574
455
-100
1185
-784
-1595
-82
-41
-519
159
670
-61
-412
324
-373
221
216
-289
-861
-124
600
105
1700
42
-218
-640
143
-694
-33
-861
155
-558
-825
925
1405
400
-96
-216
1244
-26
706
-408
-615
-250
-8
-2016
-875
381
-134
-1
-355
-826
282
89
315
848
-158
-109
