798
502
893
998
628
452
1014
393
642
776
1400
616
879
640
2041
428
763
914
1127
519
638
1167
1022
901
710
1030
821
398
1090
1210
551
838
588
788
657
1257
659
594
1636
967
449
672
1110
1448
907
1056
466
573
833
999
900
613
744
542
1559
1268
543
406
1182
631
520
632
627
450
582
1415
600
777
746
687
977
721
776
987
551
1643
464
515
612
1011
559
724
576
731
935
548
393
929
515
1183
496
716
726
669
611
701
359
538
858
708
495
832
977
1059
871
776
476
570
568
1241
1432
624
637
707
912
2071
552
442
875
1347
645
711
582
536
548
807
649
477
648
554
1111
1459
581
498
621
674
781
736
671
894
359
1773
1231
449
497
634
518
944
1164
801
1144
400
555
465
1094
414
430
552
842
519
483
679
1243
740
1370
581
828
1130
628
470
1612
2088
1477
986
1022
937
749
428
1323
698
1087
892
430
569
650
286
667
1035
605
646
590
843
763
900
947
749
809
869
739
1225
677
1478
643
942
500
726
1150
513
566
1123
572
570
1332
1836
556
806
1928
963
710
626
1122
637
640
981
917
401
920
960
1539
1774
566
831
642
639
618
515
959
642
784
816
1490
821
721
856
801
469
735
488
807
790
524
980
703
635
703
828
468
1566
1002
616
597
635
921
1040
2688
583
1229
707
1380
608
578
425
672
1249
910
923
1025
629
1201
713
599
600
856
612
862
463
829
659
1007
2352
2268
809
795
418
720
2162
1555
667
567
870
437
431
661
917
1331
647
484
622
1308
812
520
938
885
942
561
497
863
1465
489
750
612
577
1182
860
659
485
1234
632
444
640
744
433
1109
1571
502
1066
649
801
779
505
454
1141
828
1217
599
455
772
910
612
857
583
1155
582
557
638
458
560
1270
618
465
632
540
917
730
1233
1566
629
471
2652
1546
836
796
902
916
445
756
645
995
574
913
558
577
794
506
483
1190
626
1032
768
1149
1142
1926
1060
971
646
729
460
775
1256
675
735
733
814
758
662
494
1110
743
902
497
826
615
667
666
1075
841
697
533
2691
964
556
726
908
535
565
921
1134
896
550
604
702
721
580
445
547
575
671
785
1118
752
655
645
868
611
876
750
606
2835
618
382
771
461
1176
444
970
1436
390
774
983
582
668
634
1152
798
1210
663
1249
637
1091
1619
1045
564
1081
700
1511
1077
911
731
1129
749
