83
-26
25
30
29
-12
-13
40
-27
-30
-38
-22
-7
-36
10
22
-8
-85
31
-67
-2
-64
90
27
80
3
-2
65
-22
-15
-72
-42
-55
4
-12
-1
-82
127
-20
-5
-3
44
28
10
-22
52
-64
-33
30
-12
-56
56
-27
-52
3
-1
53
-14
51
73
75
-21
-64
-21
54
-12
-12
-88
-76
-14
-33
-62
-14
-29
-47
-94
-71
63
40
50
-95
-73
8
-120
-26
-95
-41
-32
15
33
45
-4
-7
86
34
94
29
-86
34
-85
-27
-44
13
-71
-58
-10
-6
-52
-38
-17
0
-11
76
2
114
29
10
-1
-22
21
47
-1
1
40
31
11
-46
47
-6
6
-36
-32
15
-26
10
-90
-55
-57
26
56
-67
12
-28
23
-30
-21
-18
88
-7
63
-99
-104
5
-117
-5
-24
40
-19
-17
-7
-32
-98
60
75
44
17
105
-25
34
19
17
-54
-2
34
8
-6
12
7
-44
80
-57
-79
-89
83
29
-21
47
-41
-10
43
40
68
6
-14
-32
5
0
13
-15
-62
17
-33
22
-38
34
127
-44
-32
121
-16
-12
8
28
-48
2
-72
-68
29
53
26
-46
4
-11
-42
-36
73
21
-83
-9
-71
-37
-47
0
-41
12
17
10
26
50
-15
-48
-67
39
-44
-26
-8
3
-71
38
0
28
-78
44
-28
-23
72
51
26
-3
55
-28
-78
11
-18
-27
41
2
-32
-63
34
-2
22
33
10
9
-71
-81
17
79
-75
31
0
-34
31
-50
-31
-33
-10
-12
75
22
11
0
-23
7
-49
69
-9
14
3
-66
-39
25
9
3
-23
49
76
-23
70
-14
-11
-43
16
37
14
28
75
-5
56
-54
55
26
50
-35
37
-14
19
9
-26
1
-24
67
-56
-9
14
57
5
40
-23
-28
32
30
-9
23
-23
-37
29
25
-52
-6
61
36
-2
35
34
54
-61
-89
-54
-59
17
3
-28
21
71
64
-67
20
-40
-34
-77
26
-62
27
83
-55
-5
6
-45
-117
-70
15
-43
18
31
-17
-34
-56
59
16
74
10
-36
-12
17
-5
-103
97
83
-84
16
-53
46
27
70
-58
40
45
-37
43
-73
16
36
15
7
-3
-35
5
12
-6
88
7
-19
-123
108
34
102
94
-3
-26
22
94
30
-32
-4
-5
44
35
30
73
-5
-10
30
-12
-11
-35
51
-25
31
-2
-33
87
56
-50
86
25
-5
-30
6
31
-24
83
44
36
-6
-78
-38
82
35
-21
-79
-79
21
30
102
-2
62
-74
13
20
-18
-127
-3
-34
-8
-24
89
89
14
62
18
-42
-85
50
-36
33
-92
21
-22
29
35
-63
119
-93
31
17
-5
74
-50
-92
-37
-11
77
-30
-15
-54
41
-81
35
26
-103
-35
-1
63
52
117
6
-70
115
1
-51
-19
-7
-40
124
21
-38
25
-112
109
18
-7
74
29
24
-29
-76
23
72
9
24
-49
-2
77
22
7
-83
-4
-19
18
62
3
-20
11
18
-42
76
48
-13
46
9
16
-15
-37
69
45
-2
19
12
18
3
-9
0
27
1
14
13
-87
-15
-23
-18
24
-21
35
9
18
2
-49
-60
-20
-10
1
29
-52
-37
31
23
21
13
5
-7
34
39
15
46
-21
-32
20
53
-63
18
-13
-6
56
39
58
-5
12
16
-39
26
-5
-33
-6
-38
-7
66
-14
16
-44
57
32
4
-8
16
-45
62
0
-30
26
19
0
76
36
42
63
-10
46
61
12
-20
26
-24
-4
-2
-10
71
44
-7
47
-13
-21
-29
-49
43
-8
8
-36
5
-30
62
-17
-34
7
28
-63
-27
-43
-19
-3
-3
-113
-15
4
-127
17
-14
56
42
41
-10
69
-11
-57
-15
37
-13
-38
-35
17
29
-94
20
-54
-37
-40
26
7
-40
14
13
13
14
4
-46
-22
3
-51
-27
-74
-64
31
35
31
-77
-75
55
-29
-4
-44
13
66
-92
-17
-36
-26
50
13
-46
-45
30
38
-24
30
13
-15
-8
-66
-1
50
58
-31
42
20
9
36
45
-72
-45
-32
-24
4
-76
-29
-16
-1
30
7
-17
-12
3
-51
-2
3
-37
58
-19
-8
-25
24
37
61
12
-37
-25
1
74
0
-11
-12
-28
-39
1
-23
48
49
17
-11
-59
62
-32
50
1
-9
5
38
-52
49
75
-25
-80
0
45
-45
-49
27
124
-15
-7
-46
-48
-56
-31
-44
-28
-13
-13
49
-5
-14
46
33
-26
-3
41
-9
-8
-11
11
-20
-12
-67
26
-14
33
-23
14
46
-24
-26
-6
45
-7
91
31
14
-26
7
40
-64
-14
-59
-78
127
-17
12
-1
-20
15
17
55
31
-67
-2
-10
34
-20
-2
52
-19
5
-18
-29
-2
-20
-24
25
-23
-8
-33
-23
-77
-32
-1
16
-8
21
2
48
-28
-36
29
13
18
2
58
0
2
17
-11
45
8
38
4
50
-7
6
37
-68
8
5
-12
3
21
67
-53
92
-46
-30
-28
48
29
102
20
-49
3
-12
48
26
50
20
10
48
-6
-38
-15
1
-26
5
-71
-60
-65
24
-55
-93
-72
-30
4
2
-74
31
15
32
-37
-91
59
-8
32
-47
74
-4
-21
-4
89
-38
46
-88
-50
-44
-65
-37
10
0
-32
-6
23
57
-59
1
53
-69
-61
63
12
-3
63
-116
-21
-9
-17
-25
-51
-30
0
46
46
-68
37
43
-33
12
19
26
-55
-69
16
34
-53
-38
-38
12
-6
-42
-37
-16
-46
-63
-112
77
57
-3
-67
10
2
-70
-47
-69
-26
-3
-7
-41
-28
-14
-18
74
-127
-31
-2
-7
24
43
-66
-57
5
33
-56
-16
-25
-31
-44
-107
1
-80
74
30
-22
-24
-21
-62
-21
56
10
-5
83
-37
22
-7
-12
6
-27
44
5
32
-5
50
5
-42
6
-1
-24
-32
-15
11
3
38
-62
58
43
91
-46
-36
10
61
-16
52
3
39
-32
9
60
-50
-86
49
49
63
38
-28
-50
53
-49
-57
43
44
12
49
14
-43
-22
20
-41
0
-46
2
24
-4
31
-57
62
-44
-72
-47
-18
-14
-127
12
4
46
28
-13
-23
-33
33
-79
-25
-37
-20
-5
-3
-9
-36
5
27
-15
23
-15
24
27
-7
16
-3
11
-1
-23
-21
-5
-37
-11
30
30
-17
-28
-21
-21
16
3
22
-19
-24
52
-92
28
36
46
-41
-18
-34
-11
-33
-3
58
21
-1
18
35
38
-58
-63
37
-27
86
36
-9
-39
36
-38
-6
2
55
-83
-96
47
11
47
34
30
23
-100
-36
-2
28
25
-43
-41
69
-3
11
-6
-17
-9
-15
-28
-23
-1
15
48
-76
-23
-61
-6
-31
-66
-47
-15
-29
-27
-38
27
-17
21
-34
81
53
-30
11
-51
31
-109
43
17
-52
-24
-35
40
-35
73
-71
-25
4
15
-94
-13
1
24
-57
-51
59
55
-25
-63
38
-14
32
-6
85
14
-2
-48
-19
55
52
-22
28
-57
-19
-56
-103
39
48
-86
-76
33
6
-17
-17
-41
48
-45
41
-27
-16
-36
26
11
26
14
-44
41
4
9
21
-3
21
27
56
-19
32
92
-49
-29
-2
-47
-38
38
-3
-3
-9
-31
85
-62
-16
96
51
-55
43
49
-59
12
27
12
26
47
62
32
64
19
18
23
-6
-18
-31
-19
-14
-13
54
47
49
78
13
56
-4
82
-10
-25
117
10
-61
74
20
-3
-18
-44
-59
22
21
20
15
34
20
27
89
-63
26
72
-53
105
-38
-78
-49
24
14
-40
52
13
-25
16
-38
-8
2
5
13
32
98
3
24
57
75
-19
-44
-127
31
42
27
-32
43
11
-42
8
-2
-16
-4
-27
-4
-24
10
59
-55
-12
-49
-38
-21
5
37
38
-10
-6
-57
33
-37
-67
10
-22
17
117
-38
-4
57
33
-44
-110
55
73
-3
-4
-84
-67
-71
26
25
41
31
103
81
-67
-38
-77
-97
0
-15
75
-43
-3
-18
15
-32
26
30
-5
-97
62
36
-7
-1
-26
12
-12
12
-50
23
-26
4
-50
7
110
29
-20
11
-77
17
61
14
-13
67
18
16
96
41
-114
-19
-56
-42
31
62
20
-99
-26
-21
-71
40
-21
-19
19
-77
3
-6
52
-33
39
82
-19
-102
-29
-9
20
-59
-33
-1
-15
-101
36
-98
117
-13
53
-28
35
-109
-3
-32
72
23
-15
-17
5
-53
27
11
92
-40
-65
5
-54
-4
14
-13
32
-14
69
48
-27
1
-9
-71
-23
5
-16
36
8
-25
-32
20
-16
14
-38
50
3
96
64
102
12
-6
19
-23
9
82
-38
6
-39
2
-37
-41
36
-9
-19
-112
30
24
-34
11
0
42
-21
70
-43
-8
-29
9
44
7
84
-61
9
27
62
-2
121
-18
-32
-60
50
-60
26
8
55
70
-44
-18
-14
75
23
-14
-3
-36
60
-22
31
65
52
-6
11
-25
-32
38
-116
-127
6
55
53
-38
-1
14
8
-6
-57
0
-49
-68
41
18
-38
-37
-118
-36
-6
-13
-18
53
7
3
2
38
-5
55
13
-2
42
-65
-57
39
70
-63
-40
52
-26
-10
-53
0
-31
123
7
-43
-48
-53
15
41
82
-19
43
2
-41
9
-6
35
47
-7
45
30
66
9
37
3
36
-53
20
-11
26
-77
-20
42
-53
48
-6
-34
-60
9
16
48
-9
-39
5
75
19
52
-80
-60
103
-48
-89
8
22
34
-2
-50
-22
-15
-13
54
-29
29
19
22
-4
40
-25
-8
16
-19
-22
65
28
-32
-47
19
30
-29
-15
5
-32
20
38
-8
-24
-17
-6
-60
75
-4
46
-26
-67
52
-37
1
-39
80
-16
-35
4
8
-35
-24
-17
-56
-12
28
25
-108
-15
-31
-13
-86
-18
-78
-39
-19
-56
34
32
-32
51
-73
3
-54
-13
-25
-47
43
33
35
-34
21
-26
-84
-8
82
35
-40
-35
127
17
16
7
29
47
17
-39
10
3
-34
11
-28
39
115
-13
46
64
25
-72
-31
98
3
30
-12
0
14
-31
12
-5
-39
-34
29
43
9
-28
18
-51
29
20
31
-1
51
-19
17
-7
52
41
-6
-2
0
60
39
-38
-58
13
-86
3
41
75
-60
31
-29
-24
-32
49
-28
73
-49
-31
2
42
-9
17
20
46
10
-109
-67
-59
-9
-21
15
17
-52
-18
13
-25
42
40
-20
48
0
-33
45
-60
-43
-18
-65
-21
-17
49
11
-21
92
77
-4
-52
79
-24
54
45
55
72
11
-87
24
-46
3
9
24
14
11
74
-10
-27
90
14
-11
6
-63
-72
8
0
-78
-30
-30
56
-51
-36
46
-28
48
-35
32
7
-13
3
64
4
-49
24
100
-4
-1
27
-46
1
-42
42
-16
26
-62
76
14
-35
-8
-1
-14
-40
1
0
-14
1
-16
27
-5
-27
-2
18
5
32
29
-41
-70
-60
18
127
-11
61
-76
-29
16
11
21
-83
-63
-34
-9
-65
99
-11
26
-74
38
-16
-1
-44
23
51
43
-13
9
-7
29
-10
-70
64
14
46
-31
-27
-39
-9
-28
-23
-35
-11
-69
-49
-73
110
80
-16
61
-50
74
-50
-39
-13
-86
68
17
28
-19
83
-51
5
-10
-37
-50
-14
21
-17
0
76
-21
23
20
-36
40
-35
-39
53
11
-84
24
-18
-80
-40
33
-21
-56
37
24
16
43
-16
27
32
-26
-83
54
-83
28
-10
19
-108
46
-46
-50
10
-8
-26
38
5
35
-1
29
32
11
-47
8
-58
56
0
-54
15
53
-69
62
6
-21
-42
61
127
3
-2
-8
5
-35
58
-22
-20
-7
-8
-3
-18
-19
-20
55
0
-56
-57
0
-46
23
22
-1
-26
-5
-22
40
-35
21
-9
24
23
10
12
9
19
2
-35
-5
-32
-23
51
41
-19
-49
7
71
26
19
19
-47
33
-3
-79
-13
29
-105
-35
27
10
-44
34
-18
25
-5
22
-3
-14
40
-51
-4
-36
5
69
55
17
5
-7
23
-12
31
94
11
-13
-15
-15
-24
79
3
-53
-35
22
57
55
-60
28
-13
15
-27
31
25
31
84
32
2
-49
72
-55
-53
60
-20
-111
-84
80
2
-83
-76
85
9
-82
28
-50
61
20
-64
59
-38
-5
52
3
-81
-44
10
-19
-48
-2
-85
40
-43
-31
54
-13
-4
69
57
2
34
14
10
42
-112
29
-1
84
15
26
-113
5
-10
7
38
11
47
-64
-114
21
-6
-19
19
61
-64
27
2
66
2
25
-90
3
-20
3
-23
99
22
19
-41
-68
42
0
-62
-118
8
-66
45
-18
33
-39
45
52
23
24
-76
-40
28
32
75
2
-23
97
11
63
67
126
36
-34
25
-25
63
69
8
-76
49
30
-5
-41
46
-43
103
92
71
-39
24
13
55
-31
-115
0
22
46
-12
-16
64
18
74
-30
35
49
37
-63
-68
-32
-37
8
84
-65
32
71
-22
-17
-21
81
-108
56
-25
-18
94
-44
69
106
-82
62
-48
27
-8
-30
-50
-80
60
-59
-15
-40
-12
-7
-8
21
-5
-30
-1
-82
-3
9
24
0
-20
-64
-64
-41
91
-56
4
35
-54
14
127
84
8
-19
5
-18
20
54
43
-1
88
44
-8
-91
-28
56
75
73
-31
26
-84
14
-72
-26
-55
41
-14
-64
-15
-73
-19
-75
29
37
25
-13
9
43
37
-11
-70
10
25
-5
14
43
-57
-92
107
-20
-81
93
34
-40
32
-58
-33
79
47
94
-44
52
-56
0
37
21
24
-18
22
64
50
-43
-27
-22
52
11
-15
43
-22
-30
8
19
90
-34
-19
-21
24
-3
39
-60
-39
-53
91
98
94
17
-9
41
62
62
65
-4
-39
-73
66
-10
22
-127
-46
-56
-32
-96
-30
-20
12
25
17
33
-31
-121
-52
16
-13
-2
49
36
-5
59
-3
13
-19
47
27
-12
52
64
-105
-44
-16
-17
-84
42
-26
34
9
39
28
28
82
51
-31
-72
-1
-88
-7
45
50
-59
-66
89
-17
35
-17
-72
-7
-18
35
-82
-4
-48
12
36
34
94
67
12
39
19
-6
-48
11
62
10
15
8
5
40
29
88
53
84
45
4
44
31
-42
4
46
42
-26
-27
-28
-107
-52
-82
38
-35
-56
-29
-115
22
37
-52
-7
101
34
-99
-2
7
-9
2
-27
24
-42
-29
-47
3
18
30
-57
0
-13
-69
-25
-71
15
-52
-54
45
-3
-4
83
-8
-82
-48
28
-4
15
-31
-50
14
-45
-32
-28
53
43
18
44
0
-22
-18
-10
-26
-37
-4
-26
47
-53
-34
68
-124
-27
10
-21
-24
-101
11
-22
-15
-47
-50
-77
-15
23
24
-54
-33
-8
2
-29
16
6
-35
18
-21
-56
-9
62
-28
44
9
-59
96
-6
-2
-68
-36
-13
-35
-53
-74
-62
3
43
-72
-6
20
-83
-93
-15
59
-96
-43
-27
8
-12
-48
-4
-37
-34
13
43
17
21
-34
41
12
-22
-64
-2
16
9
3
15
15
-26
-93
14
-7
64
-57
-34
-27
-33
-77
-10
-35
21
-33
-13
-122
-33
52
29
27
35
39
-23
-22
-51
-4
9
16
-3
-63
-59
-18
8
-28
108
-127
-30
-89
94
75
21
32
59
-110
-12
-1
-34
-3
8
47
42
-5
-69
-68
41
7
36
10
-32
54
20
-61
25
77
-45
-9
-17
34
-48
2
-4
-23
27
-6
45
55
-4
46
16
17
-38
-8
11
9
-127
65
-26
41
-12
6
-11
39
6
-7
-10
-7
-9
4
22
-21
-40
21
-27
18
17
21
67
32
20
-26
5
15
-10
27
3
39
25
32
36
0
-56
43
-10
3
-62
-43
-44
58
-12
-9
-19
-3
11
-12
41
20
8
54
37
-22
26
29
-22
-29
109
31
-75
-47
37
-5
21
-9
15
-51
-6
-30
74
10
-50
-22
52
-26
-7
-12
3
16
36
-43
-17
-46
31
30
30
23
14
-34
-29
32
-19
38
18
-8
-25
15
44
16
-39
-41
-3
42
26
76
24
33
8
4
-68
-3
-7
12
-7
26
-17
8
-25
49
24
34
-7
10
-23
10
5
-23
55
-31
-48
-50
-23
8
62
-15
18
-6
33
46
14
-23
2
-32
-26
-18
2
60
5
51
58
31
108
-24
44
113
29
-12
-20
-5
-18
-79
14
-30
-18
16
17
-8
85
64
-82
-59
2
-29
-73
7
45
5
-48
80
40
-14
-13
-13
13
-29
-57
9
56
24
51
-68
-43
40
-35
-53
12
-43
-60
23
59
71
6
42
74
-44
-28
-60
7
5
-59
28
57
31
9
66
76
6
-77
73
50
-43
-13
-13
-54
-23
13
-17
85
-4
-40
-86
-26
41
104
-29
76
-43
-47
-3
48
12
-37
-20
51
24
-37
-15
-19
7
3
-19
-58
14
-29
-3
-2
25
-6
-21
90
-30
77
15
27
-5
-33
-22
-49
-22
69
61
18
-12
-22
-65
96
16
127
-49
48
-18
80
47
-23
-54
31
-21
-23
12
-14
54
-40
12
-10
54
-33
-37
7
-32
-44
-59
-121
-2
-1
-38
4
-82
-56
-7
39
-13
-27
74
-33
39
35
4
17
48
25
46
123
15
15
-41
-43
49
43
-15
18
59
-17
34
-98
18
62
26
10
20
-77
104
-61
-51
-19
23
99
-39
16
1
-40
17
-2
-28
36
-51
2
-52
22
61
-36
10
-61
-63
-103
42
4
-1
-95
-7
-16
-51
17
-31
-14
-43
10
-64
-32
15
-27
14
1
26
2
49
-30
46
-18
-39
-18
98
4
-26
1
29
-5
91
-67
-4
-37
16
12
76
6
-73
-20
18
-29
103
1
43
1
92
30
39
35
-11
31
63
-69
-9
-37
-18
42
43
-16
-21
-13
-62
15
-116
22
24
-21
14
-63
-54
-52
-26
-6
-14
43
-112
-15
66
54
-53
73
43
38
49
-40
-20
38
-3
-17
41
-10
-8
-59
-53
22
-69
4
-31
14
61
15
36
-33
31
-59
-17
-51
-5
-91
-22
-80
38
-7
114
40
-2
58
49
-1
66
-20
51
-5
-3
-78
-43
-35
-49
59
80
20
73
92
-1
34
-24
28
-32
-15
-66
51
84
25
8
91
-115
57
-1
-57
0
0
127
10
-29
-4
59
-57
-68
57
-13
35
67
6
-25
16
-76
74
52
18
-70
27
-8
-19
-16
-43
28
60
-6
25
-10
-56
101
16
5
-34
-12
17
17
22
-108
13
-31
18
-14
-55
-47
15
47
19
-39
-49
87
48
-17
45
-57
-19
51
-11
-43
-40
34
43
-33
5
-7
-11
40
10
-43
-16
-15
87
-20
55
18
-61
-71
-36
1
-8
-36
-13
37
26
-7
104
16
-72
51
79
16
31
-34
-31
-38
3
61
-7
109
-23
13
-15
36
-37
11
-20
19
23
66
-127
-52
58
15
23
-48
3
2
-78
-7
82
8
109
66
95
98
72
-34
-43
42
68
75
4
52
33
105
111
-52
53
-3
42
49
18
37
74
50
-32
32
105
-5
-19
-24
46
106
19
-1
13
7
14
15
15
-2
-74
-36
52
-22
-36
20
-14
-63
16
-6
-15
49
-37
-15
-79
-47
-74
26
93
30
-55
63
-53
64
-92
-30
-11
73
-35
24
79
-3
41
-27
-15
-43
34
-60
-35
-12
-50
-74
-43
-45
-11
-44
1
-69
24
-8
-16
-53
-48
29
35
-12
-16
-43
-36
45
37
-32
-41
27
86
-12
-79
-5
-45
-6
4
29
42
5
-98
12
-71
1
1
-15
35
-46
26
-28
52
-22
-10
-108
-25
-20
-23
46
42
-60
-17
-88
55
4
37
-40
109
55
-18
-19
-37
-60
-53
-6
13
-19
13
81
24
-23
-127
27
42
9
-14
32
-6
-6
20
-13
7
6
-10
-24
46
-16
34
-29
-1
16
3
-8
-38
51
23
43
-13
-33
3
-28
-15
25
-91
-62
-70
10
-58
16
7
-67
-19
-25
-17
-46
-13
-66
57
-69
-102
-21
-59
35
47
18
-13
94
6
-7
-11
-39
50
-39
59
4
32
-38
5
39
-1
0
29
48
-40
2
14
84
20
-19
-43
20
-43
34
32
-41
88
-10
-31
-1
-55
-47
-92
-19
39
-62
-21
-38
-36
18
26
-56
-2
3
-58
16
-5
22
-77
29
34
-17
67
14
-86
72
-30
9
2
-14
5
5
11
-42
6
-16
-46
-96
3
27
-34
-127
24
-87
-1
22
-3
-8
-68
41
6
38
-86
-30
39
-34
-27
5
-26
-33
-26
30
49
-70
-26
-84
62
-19
63
63
33
-29
-35
-11
48
-62
-11
32
-43
-50
-68
25
17
3
-14
-35
33
-32
-34
16
-7
-78
9
5
1
-8
-28
91
9
-42
2
18
-32
-68
0
1
10
22
51
-13
58
-64
-55
-6
-21
-23
38
2
21
-47
77
-71
1
54
2
30
7
37
-93
28
-26
-4
2
4
5
74
-35
-38
2
44
7
-35
-26
60
-2
-1
-22
-100
-28
-45
58
-15
-84
8
-47
54
-54
-66
-22
21
39
9
13
43
-14
-57
31
83
61
19
-20
-29
37
-78
47
-50
-52
-1
-48
-61
2
19
-34
-7
57
-5
2
-89
-22
21
23
70
-54
25
39
-58
10
-48
81
-88
-16
40
-2
-18
-35
-22
32
7
-51
5
7
-22
4
73
-24
2
29
-19
50
-9
-38
-28
35
46
16
-27
14
23
29
-16
52
17
11
17
-23
-6
12
18
-12
61
3
-39
96
-125
50
66
-11
-80
5
39
-40
-39
-6
-82
-63
-6
43
10
56
-65
-54
-21
-30
86
34
-25
-108
20
13
-18
32
-2
49
13
-110
-4
-2
-2
-78
-15
-15
-42
35
-7
70
27
8
38
46
50
0
-45
-81
20
77
-18
3
17
-92
-2
17
-92
-43
73
54
-91
-49
-23
25
-64
65
-26
-18
-31
-17
1
90
33
-30
-39
-7
-31
-66
50
-13
-41
-21
-30
69
82
-5
36
-61
83
-39
10
-16
9
-4
66
47
-30
91
-125
-33
42
45
16
77
13
-73
-106
-8
-52
-12
-3
-90
44
6
-61
14
-24
4
-39
72
-36
63
-24
13
-98
-18
45
-38
-4
69
-127
-95
45
58
-7
63
68
-5
13
59
55
-82
-47
-79
77
-5
-36
-24
-75
43
-32
29
-2
-4
85
-23
-18
16
-26
23
12
47
42
17
-57
92
92
-37
66
-45
-18
-10
-12
8
-11
-22
75
18
11
34
87
28
21
21
-8
73
41
102
-51
-15
116
23
-49
-21
92
32
-34
21
-3
-39
-71
21
48
80
-4
48
16
-26
93
-28
69
80
-4
-28
6
-64
46
7
-6
46
-19
46
40
71
-29
-53
-18
46
0
5
-58
48
52
59
-15
-23
-7
-45
2
25
-4
10
-21
-19
19
-47
-53
-40
37
68
19
28
70
-21
19
68
79
29
20
25
18
27
6
19
38
25
-7
49
31
-47
18
-12
59
-18
84
116
-7
-27
-55
25
-39
50
105
-3
5
34
-60
-64
-97
40
3
73
-38
0
47
-9
1
40
13
-34
-22
40
-13
39
8
-45
-42
-20
42
20
-24
-69
9
20
-52
27
-14
22
-85
-7
7
-2
-5
-24
-8
14
-16
-46
22
-49
4
51
15
31
2
-83
35
43
97
-3
89
-34
-14
-8
35
4
86
50
18
23
-8
82
-23
8
27
30
-127
-17
35
15
26
21
-46
53
107
-22
32
67
67
100
89
29
-23
-14
13
-6
58
34
26
-30
-39
75
30
-24
52
-21
-19
-13
-19
85
-62
53
15
-24
34
120
56
0
-3
63
-13
14
59
97
7
35
19
-62
51
-29
10
-5
16
-18
40
2
78
23
4
100
-27
-66
-30
-35
21
23
-39
-23
-76
-47
26
8
6
5
7
15
51
73
17
16
-8
42
43
3
-12
44
17
24
72
-6
-19
-10
-59
8
64
61
96
-50
-18
-6
-7
59
45
-23
-29
105
-59
-7
74
-37
29
-45
-80
26
-28
15
-86
-51
-18
-64
22
114
-58
27
13
33
-19
55
52
-97
-5
53
17
5
45
-7
-99
20
-34
18
103
-30
-24
26
71
-42
-80
-36
76
6
-27
3
7
-37
-14
127
-83
-8
-18
-6
20
28
-26
1
13
-78
-30
-2
28
-13
8
-73
-4
-7
6
11
7
18
8
45
93
58
9
48
51
-35
73
11
-94
98
-15
-16
70
-17
37
47
90
-27
33
35
7
-19
3
44
52
-18
4
14
49
-53
-24
101
-12
75
49
60
40
-62
43
86
26
4
-18
85
25
5
97
24
-42
13
-74
53
41
24
1
-37
87
-50
-50
-8
-45
71
28
-3
-82
98
77
18
15
-28
54
14
-13
-9
-50
1
81
-40
11
-10
-21
-27
56
91
73
44
-35
-112
7
-38
96
-36
-5
-38
-6
-78
36
41
73
-73
-29
21
7
-102
43
-105
-47
17
86
-14
17
-121
15
-111
112
-37
-42
127
46
50
91
-49
-123
6
-21
-13
-22
-39
-8
48
29
76
-80
37
54
5
67
68
22
7
17
-43
59
62
-52
-24
-83
-55
-30
29
-91
5
68
27
-9
-47
-39
-45
50
70
-51
7
-29
-56
-64
-8
8
-9
20
0
91
10
-29
-57
47
-36
30
-33
-18
-65
-36
-94
-32
-2
83
0
27
-51
-52
43
35
38
52
-34
25
96
-70
-1
-35
32
48
8
-66
39
51
-19
-20
-59
41
9
-17
71
39
78
-37
-32
-11
-5
-77
-44
-43
72
-1
70
4
-42
27
23
-9
-55
-14
-15
38
-4
-7
23
-25
49
57
34
-13
33
3
-9
31
47
67
1
66
-19
60
-78
-56
-14
68
-7
-18
13
60
-24
40
-7
50
-9
62
51
6
85
9
-55
-21
-1
31
8
24
25
15
52
53
-19
35
23
11
-15
23
-15
98
14
47
7
-11
-56
-83
-30
-32
-11
42
99
-14
-14
-57
18
70
29
48
13
-83
-16
47
10
58
67
21
41
-7
-20
-63
69
-1
6
-52
6
-48
39
-59
-46
-45
13
25
-91
-8
79
-16
6
40
-6
62
65
23
29
-21
14
-63
71
102
-19
127
28
0
12
79
-8
-24
36
49
-71
54
-38
22
93
7
-49
33
-29
-71
49
-34
-43
-30
-56
-9
11
-13
-30
35
-26
5
11
26
-35
49
-20
-4
-13
-43
-6
85
-12
53
-15
-11
-11
16
75
-8
82
-84
33
15
-19
-6
-33
75
12
9
107
-26
19
0
-8
-15
14
-22
50
25
86
31
-27
-14
21
47
26
-68
17
2
-8
-29
-17
-25
10
33
-13
-91
36
-3
2
-43
19
16
86
-11
64
-17
19
40
28
-38
-47
-2
32
17
-16
-37
-23
-10
50
4
-37
-42
40
127
-51
-14
32
18
-22
6
-6
-6
57
-28
-13
90
69
-28
37
23
80
22
36
27
67
54
107
58
-29
10
35
-12
15
-45
3
-15
-9
112
47
22
-28
2
-54
-11
-2
35
-7
47
-62
-28
22
41
54
-1
24
40
49
-10
41
27
15
-41
32
46
35
36
-59
19
-42
-9
-14
57
-85
-105
-2
4
12
13
4
31
-5
37
24
25
9
-56
0
16
23
47
2
20
98
-15
-45
-5
-3
-13
-22
-40
-66
-6
19
0
24
0
34
22
-40
-32
14
-4
16
-19
2
5
-64
26
4
-14
-16
-71
3
19
44
59
-50
32
51
14
-16
-22
14
-25
-1
-2
7
-81
-15
-10
-44
8
-26
-24
-52
-68
12
66
-34
-36
-18
-17
-86
-67
17
46
-64
-16
-2
54
-33
-70
35
-18
18
-13
-12
-2
-86
-40
-25
6
-28
-41
43
3
7
-99
-37
-78
11
-103
69
-56
30
47
7
2
-27
-4
-102
32
-13
11
-2
-9
20
11
1
9
-26
64
-27
52
-34
25
30
27
19
-8
9
-21
17
-15
7
-113
8
-26
26
16
41
-64
-18
18
-15
5
-3
-54
-17
10
-15
56
-6
-9
-33
9
-20
-1
-12
-7
7
19
-19
85
20
16
-5
22
-13
35
16
-9
22
15
-15
-4
-35
-2
52
-17
6
-98
52
1
-4
-42
41
38
-11
38
64
-36
61
-60
15
2
33
10
15
-3
-94
-39
50
-45
-32
60
45
17
127
39
-1
44
72
-15
29
89
9
19
1
-10
34
-7
15
12
22
15
50
-31
14
-34
-31
7
32
-14
-52
-30
-28
-10
-9
69
-40
-24
0
-62
-70
19
63
-31
-16
-28
-16
-13
12
-77
-46
-9
56
-86
-40
19
34
-54
8
11
-22
24
-24
-49
6
11
-28
-27
-18
11
57
-52
2
-8
-58
16
-50
34
-24
-1
35
-24
0
30
12
45
-46
21
1
-4
-14
6
20
-37
25
15
15
-5
-40
-35
35
-32
-14
-42
-20
8
-38
-30
20
-70
0
-12
-22
22
-27
-33
-64
21
-60
9
29
-41
-9
31
14
-24
-10
13
-23
28
23
48
-37
-19
-25
-2
-29
6
-31
32
-35
-111
12
8
-9
3
-1
-42
10
-13
-20
-31
-23
17
-3
31
-3
-47
42
46
-14
21
-6
11
33
5
3
-37
21
26
-39
-14
-60
7
56
-60
-28
-26
8
3
-37
20
-49
6
56
44
37
-36
-2
-46
-6
31
-4
-39
24
36
29
15
-20
-25
-47
56
-85
-46
-46
39
48
-57
-21
7
42
-4
26
-32
-127
34
-20
-10
-59
-43
-26
-18
37
-20
21
-16
-88
0
-18
1
0
-27
36
-35
11
-19
-14
-35
-10
-23
-22
-44
-7
-21
-55
-20
-7
106
-29
-27
-71
-70
51
-25
22
37
16
8
-55
-20
-66
63
56
49
6
-54
-79
4
-21
-53
-71
-21
51
-25
31
10
25
-37
-3
-20
-23
1
-25
-10
-50
-29
27
48
-6
62
22
-4
-40
-23
44
12
-26
12
-114
64
38
23
59
-16
-43
-28
-26
-12
1
20
115
-6
36
-29
-12
-70
11
5
16
38
5
-39
50
19
32
22
-20
-86
-53
36
12
-11
-26
-41
-75
-89
6
67
18
-19
-76
-23
-48
-27
-59
-14
-25
-37
-47
42
-22
33
30
20
-21
1
-53
-69
-78
-20
-9
-74
-4
-44
-38
-65
30
-76
-14
38
-17
50
-37
16
-76
-31
-50
-15
-49
26
-39
-3
31
1
-99
-56
22
-20
-1
-44
-27
19
29
-2
10
-16
-46
-25
127
18
15
16
-33
-4
81
50
-19
-60
-45
-9
47
0
17
-24
-30
74
23
-15
1
-26
-78
-17
-33
46
40
18
27
-16
0
-37
21
8
-1
-19
-31
23
-29
45
-31
-86
61
3
-11
-67
28
-76
-41
-50
-87
-36
30
-76
-55
19
74
103
13
2
26
34
-62
-26
52
-63
-95
80
-42
14
-7
-46
81
-14
110
-38
-13
-52
76
-9
40
36
53
4
42
57
9
68
15
73
127
8
14
-37
65
73
49
-52
48
29
-63
-48
-14
46
-96
70
47
-23
-90
118
7
10
48
93
9
-8
19
9
53
80
20
-14
40
-103
-44
104
20
20
38
98
66
3
38
-10
71
-34
-31
-21
28
-24
33
42
-32
19
61
41
-37
-15
22
94
41
-64
65
-37
17
-3
100
126
-53
-25
-22
-15
-22
-4
7
89
-78
-28
10
15
-31
4
4
48
-76
-60
17
45
-60
-32
124
48
-38
-54
-28
-107
-34
83
19
30
60
43
-61
49
45
-2
-43
-59
37
-22
-49
-21
-28
-20
5
-34
-62
19
7
67
-78
-70
8
18
38
-28
73
-50
7
89
29
56
-2
-65
-58
76
-14
-18
36
-13
-72
53
-14
5
-27
7
-32
-20
-19
26
11
-28
16
10
-56
26
24
-12
-41
-64
33
2
43
-46
6
41
-51
45
-77
53
-18
-127
-93
-19
10
35
-65
-17
34
-44
-1
-5
15
-96
55
-14
-45
25
51
48
48
-45
-21
14
-2
19
-77
17
-3
12
90
41
51
-11
-28
5
-41
0
-20
18
65
57
45
50
14
9
-34
19
-70
-93
-5
14
-14
10
47
-53
-35
109
-65
37
4
36
-98
-46
-3
15
106
0
-9
26
-28
41
14
37
18
52
10
37
42
85
32
-50
15
22
-12
-22
60
44
-104
-87
-34
56
-16
-30
10
11
-50
-15
62
-4
-23
1
27
5
15
-73
103
-15
-33
11
-96
17
-72
47
-8
27
-6
-17
-10
0
12
52
-59
-21
16
27
-20
-11
-10
2
-11
81
22
-12
-23
23
43
-25
25
-16
-41
-60
-38
40
-50
-76
-38
-74
-23
29
-72
2
-37
-93
-34
-8
-19
-23
-45
36
-25
