1336
-274
327
1100
-1119
-92
-240
1379
-564
-1770
679
-853
801
699
-34
-745
-899
-2181
-94
164
662
-1741
-1872
1073
-2003
-265
-1171
-640
449
324
572
-732
1743
673
-1411
796
-158
1027
-254
1129
-1658
623
-550
-675
-1372
1805
-24
-1260
1
-1039
1682
-956
-1401
490
188
650
-80
1261
-3338
1814
-1436
-780
-1450
309
122
325
605
-2324
498
417
-401
1515
-1616
2030
-181
646
-1025
911
-26
-791
493
-669
-2704
815
2153
350
1261
325
765
908
1030
-1582
-1577
1370
1267
-438
-351
-1180
1014
1327
879
1001
-952
1443
-1067
602
941
464
740
1658
697
1241
-1456
1136
-233
1904
857
369
-860
-8
-949
1183
453
95
-436
1020
978
-141
1454
1067
816
1515
-506
1193
596
1108
21
-1435
-159
1187
769
1952
1578
731
372
-832
1076
-680
-1488
-1618
1182
4297
-254
1595
3251
-35
1487
252
176
-1629
-119
-547
-1095
-504
77
205
-1402
1314
-243
-1867
-1544
-880
679
20
-262
1276
-124
579
589
-1386
764
-140
-1377
-292
-1158
1343
817
-855
554
-1750
374
-897
587
1310
227
-265
993
-1014
981
495
-912
304
694
-833
-179
-1346
-386
2586
-1063
-1030
-382
29
1611
584
168
-1305
-705
1319
1010
-1417
1117
2350
-153
-322
-664
1632
980
837
277
243
477
361
844
588
2104
1324
170
-1828
1479
-47
1862
-670
-613
1118
1012
-589
-895
1382
153
92
-1098
1389
778
-319
1028
801
490
-654
-800
601
-1890
-338
-961
1058
-6
-95
-14
522
1003
1852
-1324
416
287
340
-1899
306
556
3156
-524
1017
-412
1756
537
-354
18
-1187
2619
-308
-846
-127
-46
111
-1758
-605
2949
-160
-269
-593
694
1126
-348
-577
-160
-1106
89
816
1474
-222
1393
-3438
-1093
-1481
-853
-2798
-35
-243
-461
272
1062
-2404
323
486
650
-2079
-2029
-2219
-1709
-55
87
-1081
1297
421
-851
821
-177
241
170
-1609
800
850
749
-640
1525
-401
321
-978
988
225
802
-66
-267
-1778
-1141
-1172
-906
-693
-35
1298
-227
527
-397
2150
686
995
598
1363
-793
589
-1180
479
1562
276
315
803
-1321
961
-462
671
899
-127
1529
531
2156
1639
1226
-844
257
97
190
733
-271
350
-2071
-231
510
252
-630
1142
378
-2102
-685
-587
620
1275
-2341
-1251
-1981
777
821
-151
750
1534
5
-1810
653
598
700
25
737
-693
-353
313
-1768
-691
-1220
-344
566
-1906
1481
938
-163
201
-576
254
-2318
-309
8
-438
-216
100
-203
2379
1321
993
-961
550
738
1318
811
-985
161
-575
-1697
-1438
-1513
616
7
-589
1247
-834
825
-2095
1622
1346
-1402
246
2754
-1590
-941
-915
735
-1920
-632
441
-1354
781
-73
-1184
-1175
906
