31
0
-127
82
0
-4
-7
-24
-51
-8
-92
-39
-30
27
-34
29
-8
-37
-17
-85
93
-43
-95
-89
127
5
61
-68
-51
-117
-127
-106
-58
-16
-40
-118
-13
-24
-114
-71
70
18
6
-46
6
-106
-105
-55
12
-119
-72
86
-104
-127
-78
31
-100
65
-53
47
15
19
-7
-75
19
-50
39
-76
33
97
84
-43
30
-38
7
52
-46
-49
78
-127
-48
17
43
3
-20
-80
10
-63
-127
17
57
-97
15
34
54
-27
-102
-55
-4
-35
-33
-28
-17
-72
127
-19
-16
76
-34
127
-39
-30
-30
2
-8
-2
-2
-76
25
-35
38
30
-96
-85
66
-63
70
-55
-123
-101
-87
-33
-103
103
-4
-100
42
50
75
46
108
-113
-62
-57
18
-31
-125
-75
-34
-127
-127
28
-93
-45
-86
2
-94
-83
127
-54
-10
-52
-42
82
-111
79
-68
30
-42
7
-47
-27
-127
-47
-46
22
-127
-103
-29
73
-102
-12
-99
-58
-67
-82
72
-89
-127
-6
-111
9
-1
6
-68
19
-68
127
-72
-49
59
-52
2
23
-105
-35
-81
52
11
49
127
-67
68
-77
-31
-127
-80
-25
-62
-40
-81
-115
-127
6
36
-54
-16
66
82
-100
127
1
13
28
20
-77
-123
55
49
-114
-13
-90
-127
-19
-118
62
2
-34
-75
74
-8
-11
78
16
-10
-21
-25
13
-2
-97
-62
62
-85
9
-68
37
-2
-15
-5
-112
13
124
9
-106
-39
-65
16
72
-30
15
-68
-33
-11
19
-58
-98
-21
-67
27
81
-18
-127
-78
78
-48
-78
-98
88
25
-72
-35
-82
-40
23
-127
-46
-99
-97
-79
-21
-106
-72
-64
-88
-84
-108
-92
78
-64
-36
-73
127
-102
-127
-44
-52
11
-127
13
73
-127
-76
13
-44
-52
3
-17
-60
24
-37
60
-127
-109
-51
-54
-37
14
38
-83
-55
-11
-89
-27
64
26
-127
23
-115
-123
86
44
83
-39
-83
-88
3
-45
-9
4
-91
54
-53
11
-59
23
-127
-17
-8
52
-57
-56
68
-32
-40
-8
54
22
87
55
-68
-65
-34
27
-83
44
-43
-127
7
-81
31
-127
-4
1
44
-60
-7
71
-71
5
-117
8
41
-11
-127
-12
-116
-127
48
-46
85
74
-106
-76
-51
50
2
37
-50
-55
84
76
16
-56
-99
-127
-8
-118
-28
-11
13
-33
20
10
47
-66
112
-69
-2
-31
-127
57
27
-51
97
-127
-85
-106
-27
-73
15
76
9
77
-51
-86
-21
-91
73
-119
-22
-2
2
-15
-92
-3
86
-97
-99
-127
52
-82
15
-53
25
38
1
2
-27
-21
21
-92
-60
-48
-85
49
10
-29
99
-20
86
36
-127
-43
-35
66
-8
-35
-55
61
61
26
13
-88
-30
35
-127
-69
-40
-56
-84
9
30
-99
-73
-4
-21
38
21
-86
-7
12
-30
-78
-84
7
17
-28
41
-64
-47
-30
-29
-83
-67
97
-127
-38
127
33
39
108
-12
51
10
-12
-91
66
7
98
-88
-127
116
-99
4
-90
-80
1
-52
7
-55
-21
-127
-80
-31
12
-84
41
25
-45
49
-34
-66
-64
-34
92
-127
-30
-62
-23
-94
-73
-91
-25
-89
125
-36
-60
-90
-54
-4
-84
-72
-78
-84
77
-127
-52
-54
-127
-69
-58
-38
-111
-23
3
121
-60
-39
127
-114
-50
-45
10
-45
-46
19
-64
-107
11
-100
-59
4
17
-70
40
2
24
-20
58
-24
-17
-32
-96
-2
-1
-56
27
-105
51
-127
-23
-76
99
-60
34
-60
-12
22
8
-52
-38
-114
-85
-112
-81
-127
38
49
-70
56
-88
5
-30
-7
37
-127
-68
27
-67
20
12
-127
91
61
-53
-127
61
59
-107
-114
-28
-25
-2
-127
-46
4
-113
-24
-58
0
71
2
-91
-6
51
-54
4
14
20
-125
32
-18
-4
-37
0
59
59
36
-28
8
36
14
20
73
18
49
-70
-8
-45
14
-17
-3
-9
-21
-30
-11
-40
21
-105
83
-59
-101
19
46
-116
87
-98
-16
42
76
-13
89
12
-127
5
82
-47
35
65
70
-16
-23
8
-98
13
-64
-94
54
-122
-29
-98
24
-19
8
-66
-61
-8
-127
-44
-44
-127
-79
-34
127
34
-28
-27
65
1
-44
-64
-21
61
115
25
62
-30
118
31
-27
54
7
-127
36
-67
-45
-14
-97
69
-16
38
27
1
1
-73
40
11
-47
106
-81
47
-60
17
14
-13
55
-127
-15
-127
-5
35
14
92
-20
48
6
-84
34
-112
-11
-127
-127
75
-114
-63
47
17
-4
-4
-47
-62
2
4
47
-16
-73
32
23
55
97
-127
-127
10
-57
-23
127
-27
-57
-6
-72
-40
-71
-28
-22
-6
-108
-28
-27
-49
27
-24
-45
40
-58
11
95
-127
113
-94
-93
-126
-22
-6
-15
-13
-127
-65
-93
-32
-121
50
-120
-87
-93
-49
15
-58
40
-127
29
20
-8
-10
-58
-105
47
-64
-4
-10
5
-26
43
-9
76
-23
22
-127
-72
28
-30
-127
-71
-99
-9
-75
-72
3
-127
-61
-5
-127
-43
-127
35
-108
91
-79
20
12
-19
2
-127
-118
-102
0
27
113
64
-83
-67
-127
6
-86
-96
-41
-44
2
-102
-116
-127
-115
-50
-112
96
-113
-127
-93
-7
-34
-81
-24
-39
-55
-97
-47
-60
5
-127
-35
-75
-81
-35
-63
-30
-77
-92
30
-75
31
-97
44
-126
-15
-18
8
90
-113
-49
-84
-16
-83
33
50
-56
120
-17
-44
-127
-36
-27
18
-54
-127
-85
78
-24
21
-108
27
118
-16
-32
-71
-22
-127
-92
98
-18
-7
-75
38
-127
20
-26
-77
127
-71
-116
-45
-49
-87
-48
-61
-91
0
37
-25
24
-42
-6
-16
-84
-119
-88
5
-60
127
-121
16
25
-2
-109
-86
-11
18
-29
-84
13
-65
-82
-127
45
5
-101
10
-102
-42
-127
79
11
-109
-20
-5
-40
12
8
-92
-65
-77
-127
-74
-73
-21
44
-28
-16
-93
127
30
8
-91
14
-60
22
26
-32
-46
-83
-28
-74
-7
-43
29
-115
-66
-20
-127
66
-80
2
-1
24
-108
127
-81
28
18
4
-11
-102
38
-56
-127
2
46
-104
-63
-111
95
81
3
20
47
-7
-103
-91
50
-1
-50
-82
127
-95
35
-34
35
-10
-77
33
31
-109
-33
-101
-127
-51
25
76
71
-67
-127
-30
-111
0
-122
-127
-47
-55
-30
-111
-36
28
-10
-48
-35
24
-66
-75
-68
-101
-121
127
-72
34
-119
-10
-113
45
-44
-66
-24
-76
-20
-23
-11
-6
-38
-83
71
96
-121
-125
-116
-66
-98
-95
-56
-11
32
-90
-43
110
-7
43
-115
22
2
5
-4
-83
-127
21
-17
1
1
-109
73
-78
-51
2
-63
55
118
-61
-58
-127
39
-38
27
32
-95
-59
21
-47
-12
-99
75
-56
-127
-61
117
0
-55
-3
-124
-73
-127
25
86
-127
74
-76
-127
42
-55
0
-50
-65
6
-84
54
-51
-17
-74
-10
-36
-127
69
121
44
127
-13
-3
40
32
34
-86
-127
-21
-48
-104
-11
-48
24
-115
-127
-43
-124
-58
75
-50
-39
79
-54
-16
-19
36
-5
-127
-32
-8
-35
31
-6
76
62
45
-39
56
-127
38
-121
13
-34
-48
25
-31
-61
-19
79
-19
-1
-70
-77
-82
18
67
-127
-25
-16
46
-109
-124
-31
-127
-46
31
-45
-95
-127
11
-127
-33
0
-24
-66
-35
-52
-51
53
-110
-112
-127
-49
3
-29
-13
-80
-51
49
76
-111
-42
-38
-64
-42
-61
52
127
4
18
-37
-42
-61
-43
-24
-61
-18
-113
-88
50
56
4
116
-34
-127
-82
-54
-67
-92
-127
-75
10
-108
15
-86
-127
63
-127
-127
127
10
-19
-107
-121
-72
-7
-65
-127
21
-70
-22
-110
127
123
-48
-21
45
3
127
-50
2
-32
61
127
-127
24
89
34
-127
25
11
100
69
-80
-101
0
-115
-49
-84
-127
-96
93
-127
2
5
29
-120
-31
11
-57
54
-53
-83
-31
-81
-62
-28
-127
-92
-24
-127
-127
-59
-62
45
-81
26
15
-71
19
37
58
-36
4
-127
-69
75
-36
54
19
22
15
-127
26
-30
37
-56
-60
64
86
-32
-52
-92
-43
16
-14
-74
-38
-93
-55
113
-127
-29
52
-84
78
-96
13
-31
127
-34
63
-125
16
-126
39
4
37
121
-61
-89
17
54
37
19
64
-78
-69
-72
-107
-68
47
-127
-28
121
-108
15
-60
49
-35
-15
-127
-66
-127
127
-21
-7
-74
15
77
2
-127
-27
-76
-92
-6
-80
30
65
-11
-77
40
45
-127
-127
47
-25
-110
-116
-68
-127
-9
-69
-47
-80
-127
-44
-68
-127
-36
-90
20
-97
51
-79
-37
-115
-88
-127
127
-46
96
14
4
-95
-127
25
-50
26
-86
-117
-120
-29
13
11
47
80
31
27
-50
-105
11
-87
-30
-31
-12
24
11
-87
59
-111
-79
43
-27
32
49
-86
-37
-54
-28
-79
57
-127
12
117
121
76
-4
54
119
-66
45
-23
127
81
-42
-91
-111
-127
-64
-12
58
-40
-72
-79
-60
-100
-71
29
-38
85
2
70
-29
-45
65
28
-30
-49
-28
-52
-62
-32
46
7
-104
112
-85
37
-79
-97
-11
-80
56
13
-10
70
44
-52
84
9
-127
-127
-60
-98
2
-118
20
-16
27
37
-48
-127
78
25
-8
-36
106
-95
18
-1
34
-35
26
44
7
-84
-79
7
-83
73
-127
37
-87
54
-63
-127
-119
-13
-127
-63
-64
-108
-4
-86
-104
-18
17
-79
-33
41
78
-102
55
127
-73
7
-27
-79
66
13
-42
-48
-41
61
-46
99
12
-102
119
11
-28
-127
-19
-8
-121
7
12
-1
-62
71
-1
44
-37
-4
-92
23
-45
-16
44
-13
44
-25
-127
-2
-44
-50
30
29
60
-35
-3
-66
-102
28
2
-86
36
-13
62
-40
27
-53
42
-115
-39
-81
-77
8
16
-87
-31
43
61
49
101
-11
66
-30
12
-100
42
-24
-7
-99
42
-36
-51
-127
-57
27
121
-20
66
68
26
75
-108
-71
-34
8
-127
-13
-127
-55
-117
-127
-31
-61
-90
-127
25
-7
-11
57
-77
-13
116
7
30
-56
-73
32
63
21
-109
-70
-127
-63
56
29
-32
47
92
-90
32
47
-82
-112
-99
36
28
102
-19
-127
-29
10
-71
-69
-60
-47
38
49
45
-42
-7
-57
-7
60
50
9
-91
-47
35
24
127
-12
-111
-44
-3
17
-35
-112
-47
-53
-71
30
127
-96
-127
-127
-14
-3
16
-21
-87
27
-64
11
-108
-90
-127
59
102
-80
7
97
-81
-32
74
-112
17
-73
-11
48
79
38
33
73
22
-85
-50
-59
9
-124
16
32
127
46
112
91
-86
61
-127
64
-43
-127
-127
-104
-6
-123
-65
84
55
-49
-119
-55
75
-127
38
127
36
-23
-127
40
-20
-44
-127
-96
80
54
-72
-110
17
-53
-47
-120
-2
-76
37
64
94
-24
117
-76
25
34
-127
-103
-25
18
-37
30
-57
-113
-127
103
43
19
74
127
36
-11
-95
-4
-45
127
127
-8
-121
80
-21
-80
26
123
127
-47
127
-53
-9
-111
-109
127
-68
-107
127
-56
-27
-127
-83
80
22
-27
-79
-113
-72
42
37
42
-121
30
-127
65
-5
-6
-63
-78
-9
28
113
-31
49
127
28
94
28
20
-127
-101
-12
-127
-31
81
-77
-53
18
18
-117
70
41
47
40
-69
127
-127
-83
-91
-79
-26
-122
-121
-45
-65
71
85
127
4
-58
44
-7
-9
-34
18
18
-37
-38
127
127
4
-127
-127
-17
-127
35
-71
-15
58
-110
-60
-127
20
-29
-84
13
-127
89
-49
13
-17
-60
127
-127
-5
-40
44
-127
33
41
15
30
-95
102
-91
-103
-34
-127
127
127
-8
-110
-99
127
49
-73
48
-28
56
42
-100
-110
-28
74
-36
121
23
-124
-94
-79
-127
63
-14
-53
-85
-78
-59
-31
-51
-57
85
-49
75
-91
-127
45
-2
-98
-57
-4
-127
-127
105
-5
127
98
-69
-19
75
-94
-100
-94
-32
87
-39
31
39
38
-107
-76
32
31
-52
-42
-39
-12
-28
-122
-93
127
-55
-21
-89
-113
12
-53
5
19
-77
-71
-54
94
127
47
3
-15
106
-31
10
-49
-61
-127
-127
-68
-26
-53
127
45
-45
-13
127
127
-127
-44
-61
-16
127
-99
-2
-120
7
-127
-72
69
94
127
-50
-12
23
127
1
-13
127
27
2
-46
-116
-6
-107
89
15
64
27
-55
-103
-30
-121
-20
-101
56
44
12
-57
-127
127
-41
-24
-2
-32
-46
73
-87
79
-18
-118
57
-127
-40
51
-10
-127
21
-68
-66
-22
-21
-81
-11
-96
25
-44
32
-31
121
-26
108
-54
4
-16
58
-87
118
105
22
-18
-118
-19
-52
122
11
-73
-27
127
-48
-43
-103
109
-7
-41
-31
43
-105
127
0
-71
127
-80
25
-85
-76
-127
-107
-85
117
31
-84
-19
127
-79
-11
-46
-29
-65
-10
14
-83
-57
-55
-12
101
-21
-127
-127
-55
36
-127
-1
-6
-58
-8
-57
-41
5
-63
-22
-5
-28
13
71
31
-16
42
127
-22
-87
40
2
-30
-16
-15
57
68
-35
-38
-127
-47
-25
-85
18
-39
-98
1
-83
-75
-100
-22
-61
70
-98
-59
-39
127
-127
-54
-102
22
-15
38
109
47
21
-76
-71
-91
-43
-88
-12
127
66
-127
104
-63
-61
-68
16
57
49
127
3
10
-101
-123
-53
45
-8
127
2
-73
23
20
-52
-112
-84
-99
25
110
39
119
20
-2
26
77
-127
4
-90
-127
-127
-15
104
12
-65
-89
34
-50
-127
74
-9
-46
15
84
127
-8
-57
-10
-127
127
-83
5
125
57
23
-26
64
-114
31
-84
122
-5
127
-127
-33
2
-22
127
-33
122
127
-112
-93
-69
-65
123
-49
25
-118
-124
72
-52
-47
19
-46
116
70
-101
93
-82
78
2
58
-90
82
51
-113
-93
42
-98
-35
-122
-28
-69
-109
-74
-47
-126
-64
-37
-7
98
113
43
28
25
-31
-91
-127
-39
-16
101
5
-48
-72
109
-36
87
-63
-43
-112
68
-91
-116
-56
-27
74
-119
-54
-19
127
66
-127
-127
-72
-104
-9
6
-82
-29
-101
-21
-26
-127
127
-21
102
104
97
45
-31
-64
-127
-15
-127
-82
115
-82
-63
54
-79
-15
-3
-25
125
56
13
20
29
43
87
-12
11
87
-61
-20
63
100
86
-21
-90
-15
-7
36
-40
-75
-80
113
-74
-127
-68
99
-13
-66
-31
-127
127
13
22
-83
-56
-43
34
-10
-106
-70
18
-5
22
-114
65
-113
-72
57
-35
26
-110
-59
-75
-24
-71
-87
-106
25
-51
127
-127
-35
-70
7
20
-77
-114
-117
32
-27
38
-127
-54
-81
-34
-17
70
2
5
-97
-1
-52
-3
-14
38
127
-80
-12
-127
-16
-72
40
-58
127
4
-12
11
-53
-102
-19
-99
-32
71
61
45
17
-1
43
-33
32
-35
8
-90
-102
-89
-57
34
-5
127
127
15
-127
-111
-127
-1
-127
-71
-77
-43
-109
-127
-111
-127
-63
-127
-38
127
-53
-55
19
-64
-47
-5
-3
-72
42
17
60
-67
-84
-73
-71
-127
-12
92
-127
-80
9
-35
-77
-77
-15
-2
-66
-127
-41
-33
-27
44
-127
-19
4
-61
-27
-127
-42
-59
66
-62
79
13
74
-23
127
-97
-82
-53
-75
32
-10
-27
100
77
16
-15
75
-127
-96
-96
-120
-58
-48
-51
25
-76
-8
-127
-35
0
7
45
112
17
-65
95
-1
-6
15
-34
46
-15
-13
-36
33
-54
-83
-78
-127
116
-25
-17
116
60
-71
-22
-24
-127
64
-96
16
-73
104
-83
57
53
-127
75
65
117
-42
-49
-72
26
8
-73
41
-47
19
-62
59
82
-124
-61
127
-39
-66
127
-30
-116
-25
50
26
-112
42
-112
127
-30
11
-26
-55
-14
-87
85
-92
7
59
60
103
-127
127
-42
-71
-35
30
2
-71
104
11
122
-33
-64
-4
-42
23
46
-39
-120
-127
54
107
-11
-127
-127
123
42
4
-21
46
-127
-127
-75
-67
-74
38
-30
19
-34
-88
-127
-124
-80
-57
-110
20
-55
-65
125
-127
-8
81
-23
-1
-17
-121
103
49
34
5
74
-6
-91
44
-13
4
51
-17
-127
-72
-88
-35
-71
-102
61
1
14
34
30
8
-69
7
1
15
-127
41
48
-105
127
-23
-81
23
78
-67
-118
-5
-84
55
-127
-98
27
47
65
-127
-11
21
63
-70
-67
-105
-112
82
60
-62
29
-68
21
68
82
14
125
72
127
-30
-86
34
-75
94
-117
-103
-114
16
-125
-83
18
-53
-100
52
-106
15
10
40
127
-127
-120
-23
-8
21
59
-7
-127
-76
106
-12
-47
39
55
36
-9
-45
79
19
15
37
-17
-106
-32
-88
127
23
-116
34
-44
-100
-73
16
127
22
61
127
-75
-127
-9
-127
-127
-51
-29
-118
59
-17
54
-127
84
12
-62
-48
-124
-26
40
127
-127
-94
42
97
-31
-127
-127
24
-8
-127
68
-112
63
127
-35
117
-51
71
-65
-127
70
11
28
33
24
55
11
14
-16
-66
17
79
-127
-35
62
-127
-39
-93
59
-127
-83
48
-44
-24
-96
-67
-100
-34
-99
-76
42
-1
15
15
-127
26
-53
-70
-21
26
7
62
-19
42
54
53
-73
-1
-120
-70
-16
1
-5
-28
-81
-76
63
-69
-2
-127
-97
-44
-71
-99
-70
46
74
-3
-3
69
-77
26
-21
-121
-4
12
-11
-119
-3
-34
-25
-43
-111
4
-19
26
-118
20
-29
-1
69
47
27
-59
-127
54
-127
-31
-34
-84
13
-110
-69
125
-16
-15
-115
127
57
-8
21
-4
-105
114
-63
127
-94
49
-36
9
-93
-127
28
49
34
-127
30
38
87
-127
-122
-67
127
-16
-127
-72
-34
-96
11
-68
127
-123
19
36
-17
-127
-41
-127
67
-81
-20
-90
16
23
127
-116
-122
87
-22
-126
16
-17
13
-18
127
20
9
-118
43
11
-22
101
-31
43
80
-23
-110
127
74
-102
47
-4
-89
-9
47
-94
-68
-49
127
49
-105
-127
-30
-127
-127
-41
71
-27
15
123
1
116
-125
-71
-67
-14
71
70
42
-64
5
-103
26
26
-53
-127
-127
-3
-37
-78
-127
-127
65
-21
79
-127
-127
127
84
-5
-127
127
40
23
-37
-95
-126
-127
-79
-127
103
13
-127
55
-47
-65
-103
30
-23
23
-108
72
13
-127
-68
41
127
67
-45
-31
-101
-60
71
98
-40
-87
96
-50
26
43
93
20
-11
-4
-51
-53
-68
-8
-75
25
-79
9
-127
100
3
-109
68
-42
-122
-33
42
39
-37
-19
91
127
-127
127
-7
13
-85
127
53
-12
-60
-55
28
27
-69
-85
-76
-44
8
-94
-99
17
-56
127
-61
-93
-12
15
-79
112
-13
-20
-15
-23
-62
-119
16
127
-91
125
96
15
-80
-12
29
68
38
-9
-18
10
12
127
-112
-74
-119
-33
-74
-47
35
-85
-127
-123
-2
127
-37
-29
-74
61
-5
66
34
-78
127
-4
-117
-71
16
-100
87
58
127
-127
-12
-127
-84
127
-80
-53
31
-101
56
107
-60
-127
110
70
-127
-127
127
-83
-114
49
-95
44
31
9
46
-14
79
-13
-19
-35
-87
116
-102
47
-93
-34
116
-96
-36
31
-95
-127
-99
-30
92
-29
-25
27
-127
-47
74
101
-36
39
-65
127
75
53
-127
-127
46
-49
-72
-28
-100
73
-36
87
-108
127
18
85
42
85
-127
17
-79
16
-127
-127
-13
4
-127
-83
114
-69
-17
79
-83
90
-52
-127
15
-117
61
-37
-87
43
-55
-38
-30
-18
-127
-53
-5
-10
-57
-61
-77
-1
-2
16
59
-83
-71
-19
-21
-29
83
78
-91
-30
-103
-76
-90
-85
-127
-19
-98
-41
-47
50
-63
-127
-1
73
108
-44
22
-71
27
-114
127
0
-127
-76
-127
-89
-70
43
45
-37
125
44
50
-42
38
-121
-89
-90
-43
-40
-62
-113
-12
-55
-25
-36
-61
-35
-56
127
127
-104
41
46
30
-82
-81
-49
-8
-127
-54
-127
-121
-24
-127
116
-6
0
-127
-38
117
-33
38
-46
-23
-12
-84
-1
-8
49
-17
85
127
-117
44
-49
-8
4
-3
54
-35
-58
-121
-59
-22
-52
-104
102
-14
16
-50
-64
-91
-41
-127
-5
-27
-29
-54
-112
-70
-61
77
-50
44
-36
-4
16
-28
5
98
-67
-7
33
31
-127
42
-30
-93
-60
-127
-91
127
127
31
33
29
47
-12
93
78
-16
-116
-37
-32
106
23
14
13
30
-41
88
21
11
-47
-127
-42
-82
-73
-16
-81
96
-16
-103
127
-100
13
-49
-127
6
-1
127
-16
-27
-36
-18
-35
-13
-27
21
24
-86
66
20
-120
127
-51
-97
127
112
-41
40
116
85
32
33
21
107
36
-85
38
127
1
28
-85
-19
-127
-112
-13
55
-127
37
7
9
41
23
-114
39
-73
-16
69
125
-125
127
65
-127
-127
-127
-87
-69
-23
-68
49
-58
113
-98
-79
-111
16
25
78
-74
-114
-108
49
-38
-8
127
-127
109
-88
-81
127
-97
-59
64
-45
121
-127
7
-127
15
-127
-72
86
-113
59
117
127
9
-44
29
44
-79
22
-127
-127
-110
2
-24
-127
61
10
27
1
34
-47
5
12
116
-99
125
-19
-42
-26
-77
-10
93
119
-6
59
-114
26
-54
121
-68
-69
56
-127
12
-76
-52
-75
-1
-60
-30
59
19
56
-71
127
46
104
3
-112
-48
91
-66
-32
-36
-121
7
-92
-127
-83
16
55
-81
35
-45
-117
10
-1
-83
-127
81
-26
-85
74
-98
-40
-122
-127
36
-45
-127
-25
-91
127
-35
73
-4
-9
-127
-123
-103
107
-22
-19
61
-101
-127
-14
46
-6
-85
48
33
-42
90
30
-127
-127
-83
-86
-85
-64
3
-14
127
-112
-68
88
-90
-2
-55
97
-50
18
58
41
-40
44
-44
106
127
29
61
-73
-127
-18
-95
74
-19
66
-39
34
31
15
-78
-106
15
-118
-116
127
115
-52
-58
-127
66
-47
-35
125
34
-127
0
31
-45
-23
127
76
23
34
-20
127
120
122
-38
-46
3
-127
21
38
127
-127
31
-10
-22
-21
-127
12
-56
-66
-11
-64
-4
104
-127
16
-72
127
14
-38
29
-121
56
23
-59
-127
-75
-120
28
-35
-37
-91
-58
-91
-37
-93
-127
-127
55
-36
91
104
120
-70
127
46
-95
44
32
33
11
11
81
-103
-127
127
-127
-77
-19
-127
65
53
-127
-79
127
-37
3
-13
95
-74
-5
10
77
-51
-82
-37
-114
-20
2
-15
57
-45
-127
127
71
-48
-110
60
66
49
-41
49
1
22
-43
-77
127
51
-26
-61
-79
-62
42
107
-109
48
-79
-42
103
-4
-127
-123
-79
-90
111
-102
-98
93
-78
-41
-127
20
2
8
45
31
127
-62
-41
-30
103
-25
27
-28
-24
-12
-106
-127
3
18
-54
-84
-23
-67
28
69
27
-54
-18
-59
-23
70
11
-127
-18
-106
-39
-4
7
-35
-87
-50
2
3
13
-116
65
-127
-16
-100
55
2
-78
-25
89
-127
97
-17
-8
-113
43
0
-57
57
-82
48
-122
115
63
-69
40
-34
