7199
1415
5559
633
-204
-2393
4428
3334
4061
-2766
4369
7167
1113
-2096
-11198
-5873
-2742
-5365
-2967
-2011
-2575
-7480
24
9258
2819
-826
12568
-1290
2135
-2811
-2703
1900
1989
1239
-4090
2627
7788
7698
8831
-6740
-1517
-289
-3435
2043
9092
3150
2115
-864
-1660
-4820
4137
1874
-2621
2984
-1829
-3695
3031
8474
4094
-2993
1560
-676
2218
3544
-1098
2566
7845
-8081
-12
-218
181
-4211
3979
2813
6946
-6592
-408
6181
-2857
7821
7958
2266
6374
-2778
-2617
4030
7287
2962
-3313
2742
4180
-1182
3791
-3535
4986
1073
1927
4445
4021
3532
-12294
-10868
20
11557
1199
-1511
6899
-2117
2125
2554
2668
1401
-4605
-868
2780
4932
-1890
1522
267
1492
-6893
1563
-7199
8151
5106
-4837
5032
-3276
8602
-3941
-3226
3560
2702
7279
-6437
1291
574
1621
-5962
-2297
-6730
12113
-7057
-2217
5793
4589
3219
5492
-2098
13861
2848
-2775
5486
4566
-4403
5705
-4859
-205
3356
-201
8955
-4297
-7952
1088
2372
-4580
-449
11206
-947
-900
-1214
-3422
1336
6096
7230
787
8238
5141
2106
3620
-25
-4606
4130
6325
2455
-3829
2841
-1590
-5796
-2567
1971
-388
2833
-3231
835
-5393
3801
-823
-239
4719
8065
1978
830
-638
-724
-2065
-983
-3957
-1531
-3154
2810
2820
2815
-269
-4191
1498
-788
-1455
5057
-11606
-1866
-1644
-1629
-44
5707
-1875
-1975
-4519
2683
3906
1589
-4192
865
-2234
1286
-2440
1819
6768
-272
771
201
-5169
538
1737
-526
-1113
-3269
1613
4283
6141
7173
-59
5096
-4836
4139
-2096
-376
7613
-1336
-1476
1105
278
1569
-7143
274
1544
-1749
1926
-242
1983
2992
5252
-738
-2798
565
-5098
3250
-2032
5945
-5270
1216
383
146
-5982
-717
3245
2841
-224
1743
2384
-3020
2769
-683
-6924
1889
2479
1083
-1559
4115
920
1967
8770
6288
1268
1204
-2443
191
8246
-3527
1774
6135
136
-4928
4058
1651
3065
6802
-4721
434
-1723
-2181
-4818
-2970
-964
-1805
2517
-4766
-4964
-3181
-2632
-3384
-4397
-4947
6700
2475
-409
258
3108
-3371
-970
393
6652
2755
885
-1543
4283
-4223
-701
315
5114
-1453
2963
-3274
-220
-4822
3893
-274
-2683
872
2273
-9632
-7309
-1782
1521
4751
3946
4196
-4400
8970
1098
1341
1511
-690
-6402
2511
-4927
5715
-1107
-1811
3087
-5468
-2775
-853
2774
772
-2080
3912
144
-1279
2720
-165
2450
1964
-119
-384
-1635
-3507
1780
711
-3486
2689
-3160
-5002
8328
3846
3152
-2376
2624
-554
2545
-2780
-7661
-5266
-484
-2731
-6190
9510
-2725
-2034
-2615
-971
6238
-3198
1174
365
495
-985
-4420
3954
4581
-1435
-898
678
-2743
1561
-736
506
-3404
-1718
-3446
6299
876
7167
-1282
2305
-4361
5094
-961
1893
8614
2416
-779
-1250
-2735
-3713
-3751
116
-683
-2500
3573
-2233
1165
684
5404
-888
-4744
558
-7275
10912
-1415
4019
-1470
4039
832
378
-1822
-2129
2579
-757
-6799
877
887
-4419
838
1544
-1588
-1710
329
887
-4242
4377
-847
-605
5922
11049
535
2642
-7693
-1283
9032
3097
-4912
5770
-2639
-1300
5111
3172
5347
3084
-8509
4553
-3680
-3221
-901
6686
2510
-4037
3233
-4551
-8160
2600
-1756
-3992
-5090
-5905
7170
1971
4419
7639
4597
-3242
1971
4521
-22
4342
6205
-6411
2474
-1934
-2976
-2215
3182
-173
2974
-4426
-4409
-3290
10
383
-9558
47
4033
-9094
-7271
1445
2284
6664
2222
613
120
1476
2636
-2683
5274
-2068
-2812
-720
-5553
5317
1043
-4840
-690
-4213
-378
-2963
2842
8631
-609
9138
1918
2551
3797
9434
3126
5172
-1703
-6100
7103
1411
-2566
-3433
-3462
807
3219
2422
5125
2414
-295
-6223
5277
4526
2506
3201
2394
1898
-1243
-2772
7834
3393
-875
4215
-7852
7752
11946
1261
-6181
6656
-2460
-3899
-3988
4409
5048
723
-4306
5500
-609
1373
4213
975
-2758
361
-6352
11739
5888
9659
1439
-3300
-4949
4154
2907
4057
6855
2316
868
-3043
932
-3779
-6270
3492
3776
1403
6420
5724
3936
-1877
11131
6099
-4513
10658
4602
-841
637
4609
7031
7714
11755
8409
1826
5517
6951
946
-3675
281
2623
-1310
6332
-6829
-5512
3203
10479
5244
-7991
7779
278
779
3798
7955
-2658
4781
1122
5617
9485
8759
2434
6825
-1854
-2341
6472
156
7534
455
-2912
5750
-2388
6259
1681
-2445
8611
17
6912
-3710
-3442
4316
-1309
-12321
-6089
-9314
11000
-7926
6037
3681
1915
5923
2011
-1929
4388
5271
6468
-1030
3286
7865
2607
3207
-1402
4354
1450
-3757
-7712
-3665
991
4847
-7214
-3740
6534
-6785
-2827
-1305
-6671
6275
7034
-2139
579
9987
6928
-4569
1919
-4647
1210
2143
6517
1845
-3185
2929
-1811
411
-1431
1798
-6878
6558
-2200
1015
3768
3100
-805
-3439
5279
7856
-1372
3710
45
1926
-2486
-2197
-4976
-2582
1238
4779
-1296
1613
1273
-5874
7163
8102
-70
-143
-4979
-1577
-4054
-2760
-965
4152
-624
4448
-6368
5086
10005
-2922
4239
4918
-8116
-3030
-8135
5987
4756
-4783
-1333
-4823
-4988
-1066
-1007
-2896
-506
3367
-5454
-1345
3751
9583
-2789
5670
-4434
2353
2045
5207
7865
3105
-3619
-745
-1400
-32
-7013
1867
1852
3058
-2167
-2814
3327
7787
3375
-454
-3485
3669
5378
450
1328
1462
-5011
334
-2945
8330
4009
-1439
1621
3380
963
1353
-1964
-3758
-1521
-362
-4733
11369
8284
1743
-2553
4516
-728
-802
5925
6151
2693
-8433
-4292
1382
4366
-902
2762
5172
3443
-7832
9006
-2610
7208
4127
-6583
-2061
-4432
6025
-4546
6816
-2682
-2325
1543
-889
-12757
955
-2718
-5339
-3329
-1604
10259
3454
-2065
7114
1636
297
-187
-60
2758
7962
4970
-4087
1146
-5686
-890
4780
-3044
1886
4954
-3510
1152
-5010
3339
3473
3188
-3623
3669
-339
-4445
-2453
8746
309
7555
3551
-5223
2155
2080
-7998
7128
-579
-3149
-7205
-6812
6863
-3262
3384
820
-7114
5448
-1095
8096
2904
-1919
-374
-431
-5221
422
-3101
-4266
-1605
1980
-4752
-649
1656
-2172
-2690
-1748
-1788
-1564
-1700
1985
4445
2374
-3466
1797
-974
4589
2744
-1552
-2945
-179
6659
-1275
2791
2648
-2615
-2504
-926
-67
2141
-1453
2226
-2946
-69
-1467
3963
956
1839
2760
876
-2590
-2923
-2017
113
292
-10006
1358
5197
3207
4895
1389
2202
-774
6102
4921
171
2234
4744
820
2134
-5689
-2034
810
1474
-5357
-3934
2350
-647
7909
1345
8460
-1905
-4851
3725
-2336
-1000
-4658
4902
-1032
-22
-2238
-2529
-5515
-2910
329
-2367
-1553
5299
7500
4350
590
6134
-1479
-14
1270
-1155
1098
-1303
215
-1308
-379
3048
-1658
4457
-3563
6501
9486
-1815
3155
3905
977
976
-367
963
2904
-1227
1092
-3121
-6010
-5710
-263
4067
1651
2211
-6487
328
-3499
-1659
-4412
-4418
1197
932
2949
-5463
-2703
5623
6795
5011
4372
7516
-2159
-662
-298
615
-3833
-1007
-3391
-3900
-4825
-895
-60
1003
-1282
2630
-227
-5436
-3826
-618
2641
-4970
2259
3242
-276
4123
-2259
-2973
5567
3272
-5476
864
3592
-4332
1208
5126
-5305
-5533
9044
-3740
-4407
-4766
-1965
-247
-4725
7173
1310
8271
3836
2343
2765
1705
-3507
3512
-1954
-3054
4451
-4415
-2678
-4997
-8027
-3319
-1355
-1635
4026
3090
-418
-5746
6246
3037
8569
2033
1236
-4
-378
1434
3005
3959
466
231
-6712
4643
7599
2500
-5928
5916
-1160
-6141
-4951
12413
1016
3168
-4382
2886
-5024
982
3231
-1528
-1115
-5156
-4145
7716
4251
10530
-941
-2628
-4589
8746
3545
-420
6247
6003
-1773
-1805
-8418
-3795
-2240
3486
-1067
1255
4649
6245
7583
-3855
15629
7052
-6337
9566
3150
5371
2667
4383
-774
6425
8951
7365
-3021
4744
7937
1223
-7215
5585
443
-287
7374
-3777
-5758
-886
3548
291
-5048
9049
-1620
-79
5406
7009
-1432
4287
-4336
9012
12740
2859
160
7668
-4019
-2278
5849
199
7622
1973
-5545
3661
-7462
3962
1684
1860
5955
-1765
3045
-2155
-2708
8267
-987
-13519
-4564
-10484
11461
-10396
2725
7908
4402
4133
4254
2079
2856
8691
3269
-2864
2532
8558
-2244
603
-3758
-402
1908
-3338
-7262
-5105
906
4883
-9438
-7427
8636
-9168
308
454
-4307
11405
3958
-512
1142
5542
6732
-2934
1806
-3464
1150
3633
1167
-667
-698
4736
-5316
-4166
3040
1539
-4081
7177
-1664
6374
1640
-2435
-702
-620
282
-489
-4013
-144
1279
793
-1081
-6325
-4758
611
-6746
956
-292
-1135
-2962
4158
11785
4340
4083
6783
3010
-2636
2384
1583
650
2442
-2739
3871
2477
3220
9968
1144
6081
7404
-1294
-5326
1260
2932
4616
4339
-1490
540
604
1196
5935
4491
5367
1556
-5343
3397
-3129
1233
-2806
-1058
-2205
6128
6212
5532
4283
3152
-6855
-563
5697
3161
-2628
2071
-2989
2287
2008
-204
4654
748
4163
2846
386
8487
1187
-835
2043
1477
3159
2162
2337
4714
-2283
1710
1449
2742
-3038
4907
4570
-1752
-1304
-5539
-2030
3193
2731
2890
-3780
617
1811
302
4498
8883
2001
-5172
348
1702
2191
1610
1920
6078
5175
-7535
9269
-2586
8941
-1186
-1970
894
-3454
6288
-1226
2211
211
3934
-893
-4364
-1142
573
69
-4582
-829
-2930
11381
-6689
-2339
7087
3103
-873
198
2138
5892
4382
5229
-2005
508
1781
763
-1519
-37
1041
3688
2715
-7859
-3743
2556
5777
-4637
-61
5407
2775
-2720
1363
-1777
5638
5910
2787
3733
2764
2603
-512
9281
2952
3212
-571
3655
3288
1228
2590
5591
-6752
3901
35
-4567
6727
-324
2773
-2798
1307
634
7018
-901
-1384
-1675
-2816
5085
-797
-2354
-1133
-7485
-4966
-318
-669
-4403
4233
804
1661
2441
1310
2512
7911
-3397
58
-5124
3523
3212
2415
1378
-2900
-3801
8569
7818
3775
-5705
3996
-3504
-5075
-2138
5107
2221
5290
2841
4904
2101
-3301
663
4316
4386
-5619
2509
527
1871
4530
-1635
-4698
-4936
-575
-2502
3920
4711
1179
-1571
-1016
-3595
-1436
-7673
4975
-3217
1805
-2206
1450
6233
-3438
8184
733
-510
8613
535
-4277
-466
2579
4543
847
1092
411
-1455
2262
3564
729
-300
591
2755
700
5173
-4381
-8566
660
3477
440
-5603
4687
2756
1579
3276
3793
1886
4728
721
6242
5180
5078
422
6409
3497
-2011
1513
-3461
6511
-82
-1606
5972
-1545
4231
1835
-2311
6259
5681
3827
-5157
-5290
-6173
653
-9139
-278
1087
9516
-3235
-1429
-189
4236
753
-347
1893
7245
-2336
3251
3260
908
4832
2084
-1514
587
-1416
-8732
246
-641
-635
-3368
2900
-2598
2285
2991
-7133
-66
-3254
-4970
6265
2164
-5135
2070
9436
3920
-559
-4480
-4552
-2026
2422
6680
-988
419
546
-935
-2734
341
3346
-5820
8480
-380
7856
5719
-441
-4439
9933
-553
6800
-1969
-7137
3203
721
-6869
-8865
-12213
-7636
-2309
4687
-407
-1043
-5810
-8147
5292
5154
3891
6081
2152
2314
252
6580
2165
-892
-781
-2542
-8473
9549
11287
2908
-10807
3024
-3617
-4598
-693
2332
3438
5097
-2972
-3556
-4913
-1631
-300
-4950
4724
-1930
-8223
5432
6590
9190
4326
-2566
-5089
3511
4592
-992
9668
5262
-2888
-4609
-8062
1759
-12377
7593
-818
4302
3956
6808
3227
-3720
15969
12764
-10805
9819
6533
-2760
8428
-2308
1514
7563
7447
3714
-64
2137
-44
3181
-2316
7958
-4654
-1946
50
-5593
-12382
1753
12520
542
-3056
4193
1723
487
6184
565
-2604
-1117
-2036
15494
407
-711
-1866
12001
-2523
-9818
9942
-7003
6952
5609
-5549
6059
-4173
10552
2734
-2592
11616
179
9577
-283
-8073
1347
-1105
-7180
-9536
-9955
8583
-3826
7520
-1838
-1334
3638
-890
3448
6615
5741
5692
1435
-1140
3359
7298
279
-4208
4543
-8018
-2582
-1153
-1106
241
3612
-3474
-4158
8974
269
-2665
-8722
-4988
3301
7476
3629
-4440
9637
1919
-1585
-6575
-6061
4941
-3115
3226
5529
-8805
3468
936
-8001
5232
1321
-7678
4443
-1643
-1346
409
-5794
-3150
1701
-4927
965
2092
-6012
920
-109
-1801
-5462
-7382
-7317
328
944
-904
4029
-1242
-4814
-2572
50
1409
3139
-3075
119
126
8870
-4664
652
3374
-5348
-3360
2274
-3839
5061
-3983
2513
-6492
-747
-5983
3646
-1942
2255
4180
-2667
-5132
-3757
-3648
-4308
3305
-5318
1776
3243
5842
5734
2852
-276
250
-910
3404
-3579
-577
4726
379
944
-10726
-830
-440
4640
-5756
-2902
-1679
1517
5577
1916
6417
145
-3929
-12
562
-6049
-3259
1057
-4270
-384
-3776
-118
-3108
-3871
-492
-1146
3460
6110
882
3318
468
4871
-6741
2846
6619
-3119
1767
-2323
3121
-1845
-737
-2655
-3978
-1644
-2696
9793
4150
-1917
5138
4647
-181
-229
281
-2525
2230
-704
549
-3104
-3852
2083
2728
3804
1131
1750
-3439
1488
-8288
-3042
-3947
-3155
3326
-332
-1429
-922
-3853
-533
3631
5265
3332
7761
-1530
-473
-881
2030
-5864
-1173
487
-2252
-7472
506
-7782
3610
3653
3905
-1328
-3921
-45
-1915
5118
-2097
-1389
-656
-287
-1290
-1906
-1749
1045
1400
-4182
-199
-3300
-6239
-3315
2559
-5545
-5644
3555
-568
-5140
-1425
-1114
-978
-2327
9403
3699
6407
-10768
696
-7720
-3456
-5153
-2013
-118
-718
4447
-997
399
-4951
-12747
-4810
-14571
-2083
3157
555
1017
339
9079
-1278
206
8519
-7707
-2355
-31
2163
-4217
5778
-306
-4637
-960
3224
6718
4369
892
5501
-2653
-6416
-5928
12722
2002
238
-6261
2534
3314
5868
6982
1619
5162
-2986
-950
3601
-1765
3070
-4825
3486
-3629
10668
7339
-5374
2898
3045
-6820
670
924
-2501
32
-545
-7957
-4141
-723
2380
4475
-205
7912
2388
3110
5097
-3502
-1540
-3471
5824
-4340
1800
361
370
-571
-2314
8054
2175
-2705
2468
3276
-3733
2207
-3634
-4148
745
-1951
5347
-7534
891
2383
-1915
8779
13161
2042
-4311
-4644
1931
9412
-1598
536
5330
1232
-4305
10563
-3934
10561
-362
-3416
-2042
-2928
4706
741
2072
-4217
975
2025
-6721
-3781
-602
-1984
-8593
-487
-5276
11416
-4805
-6061
8779
4512
1341
3490
3555
7187
1880
4763
-2164
1801
3482
-1402
-5940
1593
-3582
1610
-2480
-11248
-7713
-4430
3094
-5240
735
8608
-14100
-5773
874
-2670
13318
3300
1023
7464
369
8931
6222
8028
3768
-3171
10030
557
-3633
1769
-1121
-3287
-6001
4727
-25
370
7499
-2205
8043
-3000
1035
-3586
-2692
975
1470
-3827
5231
4036
1912
-3384
1268
-3103
2665
-7037
1512
-1051
-2263
1306
-3703
11257
4324
-4601
1363
-8497
-3718
-3159
-6169
-2067
2679
1154
5816
-859
6835
11497
518
9288
5367
-2943
-3493
-6650
7870
3261
-5645
-2752
1208
4355
7513
4500
1450
-1235
5766
-2417
424
-4874
5522
-4076
4016
-6
2446
2296
3177
6390
3220
-3489
1958
6838
1922
-2584
566
-3279
2472
-2701
-1497
-703
6376
1607
-330
-1443
3847
2726
-621
-146
8080
4213
874
-938
9558
5829
-820
-368
5616
667
-1064
4860
-8167
-3975
-5759
-2428
8516
4524
6356
-4660
3468
245
-3728
5906
10946
1675
-5753
-5045
-3977
3951
1909
2780
4579
9348
-6720
14376
-1354
14544
919
-5099
-43
-4927
5498
-2970
3608
-3921
-2052
2322
-5346
-10118
1232
-523
-6600
-4050
-2145
13847
161
-5532
11103
2554
79
256
-3603
5886
5016
7756
-3009
492
-856
294
-2840
-351
2453
7660
-3777
-7475
-7752
-1594
6714
-454
953
2759
-3800
-7301
2583
4965
8091
8362
3356
2508
1054
6240
-1472
9574
3799
-4283
-318
2281
5693
-4434
1582
1962
-6384
8302
-5584
5136
-637
-6424
867
-3284
-7739
-3292
-5869
-657
-3578
-2601
-1605
-2241
1690
430
1334
2345
4127
-7438
-3040
8887
7057
5684
1384
8863
1142
380
-3927
-10779
-4436
-1222
754
-8293
4445
6095
-285
4446
892
3971
-171
14439
2327
-3261
266
-5460
1596
-824
-3309
1365
30
463
3000
-1888
2924
-3696
-7654
-23
478
-1836
2470
-2333
8913
-1949
6658
-53
1795
7803
5789
-5519
6164
3985
-3969
2092
-3152
-6769
317
-1232
-10786
2612
10374
1143
-6485
-1453
-1292
-6725
2499
-11180
9751
810
-2398
-14133
2261
-4465
-5624
-3232
4613
-6698
6495
8198
1815
-5339
7694
2364
5985
536
-211
1500
-1221
-2533
772
562
10182
3153
-2308
-3382
850
10427
2319
4069
324
5096
414
5953
2019
6497
92
-2418
-45
-8718
-7513
-3784
6867
-4580
-5952
-8859
-3336
-11771
-1631
2290
-1609
2138
1932
3555
681
-2425
13772
6895
-1633
2618
5740
-4320
3849
3938
-2588
-2832
-8961
-2228
-7870
-631
-815
6622
-1800
-5534
1498
1675
369
-2713
1062
-3612
-2954
-4646
6409
11561
4141
-633
1053
1492
1444
-4704
-1875
9577
-1321
-1525
388
-11920
6070
10781
-4245
-1695
-9961
-2477
-4289
3728
6068
1683
-7313
4219
-1881
-5258
3430
-5882
1855
-1423
-7438
1999
-4340
-2018
-3122
-10459
-15858
4363
5495
-6866
9424
1277
-5759
-4977
3645
6178
1781
-2723
-451
-7779
14654
-3133
-1061
4811
-7528
-8804
4955
-3573
-207
-8197
2333
-11920
-5813
-10475
6740
-3806
3353
1191
-6299
-11866
-11020
-8434
-4378
5299
-15158
2375
-11751
9248
10055
983
4133
-4820
60
-1714
-3692
3761
7503
-3834
618
-21721
-4266
-5734
2261
-5086
2707
-6288
-377
11230
-1397
13005
2846
-6793
852
1846
-3380
-1748
-6851
-14359
-838
-7917
-717
-5993
-7664
1882
-484
-854
10823
-5772
3232
214
8406
-9668
4467
8622
-8745
3094
2596
1446
-1529
-633
-8446
123
-5396
-332
22838
2288
-5699
1879
8308
-3194
-3259
-2052
-7228
540
5015
-5004
-1193
-6249
2765
1253
5986
1116
1222
-5373
2913
-15767
-3711
-3311
-4874
3735
2319
-2550
3641
-1050
-1978
-29
3129
-2025
10362
-4185
665
-3139
5468
-7325
-4559
2241
2031
-10007
402
-15503
1092
11525
5571
-1699
-1058
2143
-6575
2683
-1491
3623
-6394
8574
-4727
-2080
588
-5364
3528
-873
-4560
-10892
-10028
-3367
-4125
-12590
-1262
2016
4470
-7268
-5305
2733
839
7376
8244
1393
3475
-3197
-642
-2387
6451
-6236
-4202
-42
-9343
2359
3429
-20
-3259
-3629
-5798
1600
4543
-6476
4772
-1055
-257
-1397
771
1973
4896
-559
3879
-2116
8045
5109
-26
1527
-184
-8700
4961
1948
4461
-9766
6097
-3053
-3245
-7242
925
-247
4650
-3882
2617
-1293
-3440
1397
1058
2462
-241
3174
3799
-834
3645
1235
-6015
-3473
-99
1469
3328
1251
-1862
203
-1163
-4293
-2188
-3025
5160
-3111
-1409
240
2689
4049
-3935
5720
4714
-4743
5408
6628
-5427
-800
-5199
1948
5336
3847
-1479
-637
470
3418
-1091
5092
3226
-582
626
3995
709
1103
1637
4887
302
-2784
2219
6384
1428
1380
-2817
-5681
1178
2312
10981
-152
1517
6951
6052
1582
2202
3801
-4791
1841
-3300
2329
38
-562
7883
7111
-1839
5571
6011
417
-1836
-5180
-4915
-3631
-9887
-1447
-1006
-1358
-4683
-3140
-6010
-1133
5835
-3622
3253
1339
-5046
1006
4141
-2178
7998
2973
3216
-2864
2815
-14824
461
2323
4504
-3312
1697
2422
-1132
4605
-6935
1333
-4120
-5046
1541
3026
-6055
7019
5844
3795
2021
-9777
-7119
2846
3612
3204
-5714
76
1218
-4127
2103
2331
5545
-4597
9766
-674
6222
-740
-6405
-3086
4081
-499
-2304
-2966
-4904
-3471
621
-1574
-12748
-13837
-5848
-9650
2778
-10910
1334
-1940
7901
9032
6204
8382
7741
-2443
-1685
1947
8186
-3747
2146
2730
-6293
1844
5996
10641
3273
-150
9915
-1391
-8477
-375
256
-2905
10490
279
-4329
-4331
-4809
73
2643
10632
-1113
-1874
2952
-5329
2372
-2013
-8323
-3460
387
4558
3546
-214
4395
-6712
-3691
-3273
5609
-12127
8799
-6295
1325
-2964
-2944
6975
-3577
7186
4306
-837
6599
4574
-6334
10995
-5205
3682
4838
518
886
-1569
-2715
1793
7076
-2308
7130
-4136
136
-741
-4992
-7841
2308
8927
-1618
-4043
-4098
2626
2800
7398
2762
5497
-4125
-57
5104
-4364
-2188
3222
10464
5454
-7002
11093
-5983
6388
-39
-4816
-2375
-1737
11966
2327
1653
5049
8318
6037
-5307
-9435
-6025
3401
-2368
-2766
-4042
6364
-3295
-3441
-3650
1827
-1775
1866
8464
9892
-28
4539
1217
-1971
1725
5737
120
-527
184
-6733
4935
-1192
2893
1049
10868
-3598
2432
7309
4374
-1512
-5742
-4361
1838
5598
1236
-1350
5456
496
1752
-1959
-675
2244
-5380
5272
4577
-1581
215
7008
-7546
2038
6585
-11646
2676
-4439
11664
874
-5865
-5815
8624
2412
8505
-1399
949
-5339
1418
-5345
-5936
-13457
5439
-11514
-2175
7132
274
-5765
-480
7020
-988
2162
8536
-14477
-2433
6654
634
-7778
8173
1417
-6237
4922
7558
10756
10186
-2168
-1975
10061
1765
878
-3854
888
7944
6293
4984
-2256
9512
-302
-1602
-1273
400
-4717
19785
5355
5615
-530
-1753
-1458
-425
2526
-4252
4850
2144
-1392
-1770
4731
4907
-14016
5375
-2216
-2613
7396
-4836
-6501
5757
4731
1930
-10295
4567
-3139
-1365
7667
10563
11533
8002
3561
7054
-6377
1834
-2898
8570
-5109
4532
88
1894
-176
-6378
-11751
392
5827
527
-3687
-4450
629
1339
14420
6926
1673
6785
251
555
1190
6405
4287
15857
3716
-5900
15720
-1556
6634
2267
-9220
12252
-1373
4366
-2134
-4048
8501
-6670
7763
-9782
-3077
-6830
6553
-6123
-8935
-15190
3661
-2339
7295
992
5907
-4489
3702
3685
8538
1189
12050
-6849
3637
5261
4191
-7578
3525
-1206
5661
-2609
-7266
-4036
5821
8628
-1628
4738
5943
-3502
-8362
764
-5508
8000
5571
5706
-3980
12912
-6058
2888
-1238
-3005
-177
-1268
9732
8597
-3673
-9701
7511
-7129
-3236
-1126
-17379
