-1562
764
2279
-48
923
2973
259
2161
647
793
786
498
1808
187
-221
-2024
1897
254
668
443
1072
-101
-509
-433
83
-263
-737
3301
-511
-16
-1010
884
-929
-165
894
215
1006
2593
293
-249
2984
-208
52
1469
407
-647
859
393
637
45
-185
87
-392
-1457
50
-28
-401
-669
-253
501
1129
1199
-654
574
513
-627
893
1315
382
-2
357
489
-566
113
972
-44
-218
565
-230
-823
-908
-127
-145
-1175
1788
-1719
-425
1189
891
486
408
-256
-717
-290
414
1939
-1877
1084
441
582
1000
-152
68
1254
1533
-6
1584
-71
1366
514
600
-282
753
262
2
-296
688
-2117
1267
618
567
253
1368
212
1246
1579
550
1251
80
-149
956
-126
1672
-462
1313
261
-428
-168
-1355
-133
-709
-126
1549
-560
-2506
1500
-9
362
-105
-725
-125
864
-1596
848
-412
2288
552
1661
750
-60
337
716
438
-810
-747
2003
-390
471
-1451
-773
-758
-103
65
-341
248
1080
114
1143
221
551
422
-550
-269
175
2026
-331
1762
649
1308
-1203
510
1748
815
-816
1664
-1184
1150
712
-980
655
545
-509
1213
-189
873
919
406
-1381
1217
-35
-491
-1283
1428
-72
770
1825
-119
356
-918
152
-315
885
-702
1558
-502
684
686
348
-278
22
-123
420
796
328
1118
530
473
972
357
-275
-110
921
1386
258
669
1622
456
478
917
1420
1225
-555
1663
-1909
1168
157
1515
-523
401
-122
1272
657
-663
-89
-278
1253
-361
599
762
1245
771
-708
1111
1304
-933
-498
-374
-101
787
-175
1032
404
1654
-1675
449
1251
705
1840
652
-219
-179
-880
1401
874
846
-209
-688
1007
646
786
327
2356
749
-1006
-121
-395
-1299
894
438
-228
961
-14
-923
1040
-1032
-1471
952
-395
975
1361
75
553
-256
-789
841
888
368
662
325
-1006
-131
389
-181
-196
532
405
1588
-1536
593
952
599
-218
918
851
-504
1885
600
-176
-1448
2013
2770
-198
905
-367
-98
670
740
-106
698
616
-432
-250
98
-131
-55
-270
1601
759
-383
1346
-1524
-375
97
1820
-2330
910
1730
866
181
-517
1324
354
-847
1798
1729
1191
1320
-189
378
977
253
-223
398
169
407
163
-268
263
161
157
472
417
-1541
700
-469
3
-673
-733
896
-1030
41
-149
-2088
814
11
1956
668
334
-212
1954
-323
165
383
133
-91
-88
-314
-1030
1086
-684
1100
798
528
833
476
985
619
540
633
-601
954
424
410
1208
-348
-617
1105
-84
1249
412
144
-675
-1226
933
-607
-102
2443
546
927
777
537
766
178
694
-228
1480
1270
1125
1785
-167
686
-1488
226
321
-277
1658
-320
679
970
920
