-66
71
59
-29
-68
56
-20
-110
-34
43
110
-21
64
-35
115
44
-48
-28
-119
19
-27
48
35
-96
16
-78
-1
78
75
-84
31
-107
70
4
-51
-28
27
16
8
-21
21
-44
-89
84
37
-61
17
49
-29
-22
-16
83
-72
75
5
-9
49
31
5
32
20
15
59
80
40
-50
-113
49
68
-85
-3
21
-26
79
-29
-30
-5
-114
127
3
-10
94
101
-45
32
-96
-111
60
-58
-69
44
31
-14
-34
-69
53
72
47
56
76
-33
33
-2
78
-56
-41
-6
-20
4
49
-44
-49
-58
39
31
-38
-53
27
-19
-57
33
14
14
41
10
-16
-47
-17
1
-71
28
-9
-2
35
56
-26
-40
62
-37
-70
66
-78
-18
49
-2
-78
-104
60
-29
9
71
36
-15
34
-46
71
-59
2
104
47
-54
-52
1
23
39
-15
67
-43
20
-75
-86
28
51
77
49
-100
-94
-68
121
-52
-31
23
6
127
-50
-52
87
-57
-65
-33
35
-79
-26
7
-12
-9
-16
-28
-9
12
2
16
20
-5
32
-71
0
-8
-37
-47
-15
-31
12
31
-5
-10
-42
-18
-10
21
71
14
10
-35
48
78
-4
-9
7
-2
-3
-31
-47
-9
-47
-15
35
-73
-49
64
27
-55
-10
-35
36
-23
-37
32
-31
52
75
-1
-12
9
3
57
-24
-59
56
-39
-39
6
2
-17
-127
11
-66
22
-45
-6
-34
4
50
-15
25
31
-52
-25
-8
-12
-15
-26
-22
81
6
15
13
20
113
113
112
54
-118
3
-102
20
48
-65
4
32
77
-99
-77
65
17
81
32
119
-109
41
-6
2
46
104
103
86
-67
96
67
-24
102
-3
40
-61
-17
76
25
41
-46
20
-30
48
-91
62
22
127
-36
14
14
64
-5
-90
27
104
-7
88
32
46
-26
9
-33
55
-3
-3
33
78
95
41
-30
-24
80
-46
-45
-84
80
-23
-47
-25
-25
-66
-21
-53
-89
75
2
5
-42
-63
60
60
-30
-65
12
-9
-2
49
-2
-115
3
21
-21
-25
-21
-8
23
54
43
4
-59
1
47
-28
4
13
-24
41
24
-18
13
13
-48
56
47
-25
25
-7
71
-18
-40
17
11
-12
49
-14
116
-50
0
24
31
-62
64
-26
53
25
-5
33
68
-18
65
-53
-19
-14
19
8
-3
-17
-3
-19
71
-31
-30
24
38
19
38
33
-31
45
20
15
-34
-7
49
-22
-127
-29
-62
-33
55
-37
72
3
-46
2
-29
20
32
-46
-24
15
32
46
-37
6
64
91
-32
44
4
-8
-32
70
-55
-23
32
-53
32
48
30
102
-19
-55
13
24
-18
10
-9
-42
1
21
8
-43
112
-4
15
-37
94
-33
32
70
32
59
76
-32
-46
29
0
-22
-114
-26
54
5
-16
-33
67
55
-38
68
-23
-4
81
53
13
15
-74
-42
114
34
14
-3
-93
-22
35
-71
-15
-28
74
8
-72
27
-17
23
101
25
-62
-36
72
-24
-92
-92
-9
8
24
-35
127
57
-27
-15
2
-13
14
127
-59
31
41
-60
-41
8
22
-75
-47
0
10
16
-46
42
29
11
4
8
-7
-45
-67
6
-3
42
64
-48
-81
-12
8
53
13
35
-58
-51
40
-98
-57
30
43
-16
-31
44
-19
2
-22
-44
51
-34
-34
-32
-121
-37
2
-39
32
30
12
12
32
112
5
26
-49
2
-13
-67
-62
-46
-43
-35
-4
-42
-57
63
-12
10
-43
-58
20
-23
81
39
-109
16
7
57
-75
-59
55
-1
40
22
-19
12
42
-32
22
-4
6
-8
20
87
-63
21
-52
45
64
41
-8
11
6
-57
-27
-39
62
-7
-26
18
-46
14
85
-22
0
9
-38
-127
-22
-110
111
78
11
-74
-26
-89
-67
0
-30
-6
-43
-70
-42
15
-24
-29
18
-2
3
8
-6
12
52
64
-5
49
-1
-37
17
-19
54
27
-10
37
-55
-4
-108
69
-87
36
-108
-45
-4
-32
18
-28
-20
45
-6
-9
27
2
-29
61
73
22
36
95
-65
28
1
87
-39
-66
47
-8
67
-15
-37
-20
-22
28
42
52
-1
-47
-21
-50
-51
-104
8
38
10
-1
42
-32
126
127
-8
25
10
-69
-12
55
-89
10
59
39
17
-36
-58
19
77
7
-6
-29
-5
23
25
-17
-11
7
35
25
73
7
-80
57
-45
35
-48
-13
-27
-31
54
27
-25
-125
-14
-28
57
30
29
-76
13
34
-13
50
42
-4
-20
21
-23
118
-31
-28
33
37
16
-41
33
10
-1
-50
10
-18
25
118
-22
8
38
5
12
47
15
-23
17
0
21
-92
-65
23
-34
20
-46
15
31
9
35
32
-5
-2
-32
-31
-28
35
-39
-52
32
-17
-48
-6
-32
-4
87
54
47
-52
-127
46
-93
-64
-56
-37
-41
8
108
-26
83
-51
22
44
-40
48
-98
28
37
28
3
-66
72
-33
-21
-52
81
-41
-43
-79
24
15
-3
103
-41
-37
52
-26
25
11
-18
-26
51
77
22
-106
95
23
36
39
82
80
106
66
-42
11
-35
-8
-35
39
-75
71
39
2
36
9
65
-53
-7
-17
17
-124
114
-66
5
-34
78
-36
-55
-24
-18
-74
-60
60
49
-97
-16
19
-43
-96
-16
113
5
-23
16
-85
14
-11
25
0
0
-80
33
-17
39
-24
5
49
14
25
-51
-58
-11
16
66
-50
-54
-21
26
-50
-44
-78
-24
22
45
-25
122
7
-39
-41
-38
20
-6
-73
-9
66
-127
50
34
3
-25
13
2
-109
-71
-55
-96
-51
45
4
-37
59
26
12
47
29
-9
-7
1
20
-21
23
-9
6
-11
-14
-4
-4
10
-24
-19
1
10
17
-13
3
-4
-7
9
53
24
-8
-11
-5
-10
-33
-34
-19
-9
43
-68
0
-26
13
27
-3
4
9
-47
-25
-52
45
20
24
10
30
-12
19
5
16
-7
-11
-3
-14
13
-32
39
-3
-48
30
6
26
5
46
-56
12
-15
-52
-70
29
13
-2
-6
-59
46
42
-5
16
-14
7
-1
-127
12
14
44
61
30
-30
-23
18
-43
18
12
16
-18
125
-14
-58
-39
-17
60
26
-85
50
-81
-43
32
-77
-19
-44
40
13
44
-54
19
-31
47
42
-61
19
66
-55
60
-51
12
-109
30
14
-25
-73
34
26
40
-16
9
-23
-37
38
-13
-23
10
57
-31
79
43
-45
69
-110
52
34
75
127
54
-1
68
58
-12
51
-30
1
45
-96
-85
94
-7
-33
-43
38
49
16
118
-10
-17
52
-5
19
-22
32
4
89
-11
19
42
-25
-86
65
-66
-84
6
41
57
-71
35
-24
-112
84
25
32
-53
-69
1
39
93
-76
14
-39
48
-49
-89
-50
-23
-33
-23
-54
62
50
-14
-8
-53
-6
25
-48
-36
-37
9
13
-30
-84
-8
8
-65
-25
33
127
91
46
7
36
-17
26
-3
-29
11
-69
-57
15
8
57
2
-4
-26
11
62
-51
58
-13
61
-75
-23
22
4
41
18
-36
-49
-25
-20
-44
-50
-8
43
-38
21
-15
29
13
-16
-58
-73
21
-61
10
-73
36
30
-67
71
-65
35
-30
40
-1
2
-10
-101
-4
28
6
7
-58
17
-127
24
19
40
58
3
-54
-41
19
9
44
-40
-10
20
-56
-12
-42
-10
-27
-16
3
61
-40
-4
9
-35
-62
8
-43
-26
20
-16
3
-16
27
-21
-3
15
13
20
-8
55
31
45
-26
14
51
-12
-41
36
-15
1
-34
39
28
69
-14
-1
-8
-52
31
16
33
23
-13
47
63
-95
36
32
19
-45
-84
-13
-14
80
9
-74
8
-127
-30
7
11
31
-17
-103
-54
-50
62
3
52
-21
-58
-65
-74
-43
36
-15
83
20
46
-6
23
-67
17
-2
19
28
27
12
12
33
-2
-13
45
-18
81
-8
-34
-27
113
-18
-26
19
-7
3
43
-24
-10
-6
48
32
31
27
-4
-49
33
65
-41
-102
-1
-66
30
28
-15
-3
-54
21
-1
-45
-38
-15
110
-5
72
-56
-4
8
20
29
39
21
37
-52
-20
-6
4
