-9518
12023
-11282
-6856
-13620
8851
-1726
-5974
12232
-22010
6803
8241
28330
-14058
-20152
12156
-9122
-33258
363
5146
20878
16911
-18295
24162
3619
-6635
-15818
12727
-7895
24564
7278
-1676
-8924
-13
1749
-10066
2781
-16594
27385
12429
-2189
-10329
-8781
-2867
2069
-15807
15698
-15246
14382
-15746
15028
-3586
-25196
-3817
29236
-5923
-11582
15927
-22143
11353
-5883
-4863
-9806
-11811
18746
-23
-22175
-32960
-23344
-10659
1278
-4851
-23703
-15817
11731
-6091
-5565
537
4584
14730
24733
-21281
-39258
18724
-5476
-6596
-4516
-9094
-9436
-735
447
-15478
23040
23656
11062
-16285
-22566
2563
12106
-15680
14916
-14871
-11726
6355
-14942
-20391
15784
-12830
20069
-3907
-10079
-10113
-7598
4132
9182
-11063
-12529
-6722
-8951
16474
-17439
-4062
963
3341
7505
3485
-7566
-6393
4608
9672
28082
-5897
-6683
-4218
2077
-20519
-3341
-20197
-4422
-36090
11171
-4009
-5143
39104
-18890
-27848
13246
16120
-4911
-25540
-16684
-18632
10087
-199
-10586
-16292
22924
-25360
-20645
-31931
15179
2319
-24941
-26114
10759
-10752
-4409
-3843
-158
-18638
-21128
11377
25019
-4435
5971
3498
6018
6855
-21228
-18731
-16479
5235
-4457
-14864
-4059
-11670
-7396
-5773
26217
-16218
23617
-107
-3074
18636
-11102
28016
-3751
-19732
-18968
-11989
-4852
-5777
-4984
-24283
14147
-25841
-5061
12891
4631
-10933
3225
4387
-3800
3260
1148
-31186
15408
9606
24440
-9832
5055
20609
15943
-2590
-11848
-8149
26317
10641
14506
-11623
17112
17729
-9860
12729
-1696
-7592
-19045
-8875
10221
8150
1280
9988
-10574
-1237
15658
-24653
1938
1409
1860
1375
-32534
-863
-23116
-8566
3203
12741
-9867
-23198
4558
-16110
-27110
-11394
-21048
-14249
15700
3159
-1608
18817
9559
-3136
-10546
-1078
-12561
-5577
-24292
-5328
-1383
-15155
8654
-13839
-16633
-12851
15321
13637
-4650
-35996
11361
-15842
9484
-5613
9309
18479
-15729
-6620
-4913
-20646
-8073
-6359
2612
32210
-6095
-7738
-19823
-3165
-13484
21219
7014
18426
-15840
-8875
-11545
6954
4965
-27692
-3424
-5543
-4183
18437
5522
-23235
19630
21700
32180
-16489
-1671
-22984
-29105
-634
2972
-14942
-2429
-13642
-6087
27016
-17285
7089
-7369
-33884
18866
21171
9244
17527
8192
-24507
8915
-20285
25801
2697
12582
12734
-14429
-14374
-12277
-1538
-9602
-12292
-20831
20887
-4240
-15444
-17731
-1198
692
-15069
13325
-100
1689
-12381
-12861
12167
20647
-19823
-17003
12912
-15386
387
7983
-26728
-16230
-10600
-3002
3908
-21252
-2350
-15622
-6133
-9502
5268
351
2663
12353
-13258
-16717
5939
23057
9154
-7136
10779
-16536
-804
20928
-16363
-1033
11990
-1118
-24630
-6225
18678
5986
-391
-5366
-7777
9692
-24568
11170
-10084
-17972
-11745
7313
-33571
10097
-9000
-2848
-17143
-13741
750
-4086
-34801
19646
-2830
15516
1328
-17929
-15003
-941
7945
-2058
10653
-27216
7838
-6078
-23913
-1343
20397
-22454
1390
-7037
18192
11636
-21182
3478
-20421
2943
-13656
-44428
11822
6274
-21523
-4665
-7881
-1415
-7593
35951
5183
-17977
-28682
-22770
-32191
-19929
-3992
1907
-33078
-13727
-21135
32097
-4736
22643
-23247
-8157
-18720
-29316
-8021
-24324
8683
-30323
-23168
-13984
-538
9948
-32148
11417
30436
1283
-22110
-17756
20839
-6090
-10266
-6901
2032
9197
9654
-14135
-10404
-4560
15336
-17624
-2599
23509
-1308
2867
-13328
-964
-10443
-8656
-6104
-8522
13933
13129
23164
-24634
7329
-15246
-23955
5943
-5083
-15296
-22270
14139
-23346
-5601
-24264
-25833
22476
6624
-11005
-24109
8455
-12657
-1349
-13595
3803
-16505
-10161
29476
3791
-31764
-10598
-24080
-16050
-21090
-1287
-18801
-9771
-14654
967
-34586
-12184
26686
-8247
-12703
-23130
-20554
-3158
21433
4406
-6794
-8612
3028
9394
-4717
-21690
24745
-953
13981
1433
-14449
-17783
17000
-25785
26513
-12918
-26752
18896
-26521
-12516
4116
-3961
12513
-7852
-19860
-12150
-1836
-6028
-11713
-30930
-26695
19532
-16226
13945
-17126
-11485
20016
-294
-22763
-10765
-6217
-10699
5014
4083
-15703
5365
-22391
-7639
8772
-1634
-11240
-7657
11343
-12933
1089
-16992
-11189
3912
-24849
-21375
14447
10387
-23351
-26707
-3872
-13446
15022
-4309
6261
2387
-1900
-32476
-32348
-25762
-19720
12697
-6576
-10485
-14205
9439
-25069
746
16922
-34718
-24955
-5979
30037
-2401
11529
6845
15199
-20327
-8307
-22637
-2133
-851
-6350
-7919
-16061
-38979
-22789
-14515
4487
-9674
-2801
-4789
-4972
-22140
72
-5329
-8975
-32405
-1106
-3919
23295
-2579
20884
11065
-6135
-30429
-32063
12833
-15616
-10211
-19286
-3231
13033
-10769
-30143
-20815
-1274
571
18601
-23670
-14860
-5578
24026
-11019
-25500
-4462
-11127
14908
-5817
-21429
15959
19250
-13672
4802
-24032
139
-9272
-27009
16459
10411
-4802
6861
-17816
5279
-516
4145
23157
5909
-2398
-1665
-16980
-24393
-17389
17987
9083
12810
-9324
-6103
7569
-25100
-11826
-6819
-16581
8756
26949
-12481
6191
17263
-1937
4129
-12536
-15770
13718
-4596
-23396
5918
9855
-8160
6072
3316
-4569
-5103
19204
-12621
-20427
-40152
-1480
-4966
-17732
-9495
-4986
-8805
-14916
-26632
-5253
-25408
-12588
625
1039
-8658
815
23212
-16882
-17985
-4224
22
-10691
12475
-19185
-20880
-27645
-15436
-21576
-17593
-3601
-12476
14731
10618
-2402
-23196
-10257
7922
13256
-28563
-19342
-8493
-32212
5265
19339
-7451
19002
11078
-33266
3971
-33811
15594
5504
-37074
21020
-17896
-8277
20749
5092
-23177
5657
-22499
-9113
3532
13641
2420
-18166
-28631
-24020
-14928
-11877
-2807
-4038
-2305
-22465
1608
-16304
-17560
-10056
3747
2564
24
14208
-15581
-26932
2061
3627
-6840
17917
19357
-16070
-25515
-8122
-20890
-14380
-8028
-6967
-22183
-17618
-5699
16734
5659
23073
-16883
-7229
6561
25310
-24411
-17531
-20490
18984
-16042
3952
-22803
-18752
-1540
16319
-18264
13694
-4199
-14946
-5823
-7797
-3695
22574
-2986
-38294
6380
16606
-20799
11080
10078
240
-18559
3612
4757
10183
3325
-20954
-14125
-11707
5123
8869
-26118
5219
4662
-9920
-18605
-12651
-26249
-20188
-5741
1101
8505
-17998
790
12549
-12027
-6380
-6583
-12458
-2704
-11356
13636
12534
-32338
26897
-37158
16787
-15229
-25283
3043
-9117
-9020
-1437
-32438
-13167
-26990
1645
103
-25259
-783
-16676
-30223
-18267
-3049
18309
-20871
-14236
-24592
1918
-12867
-6714
-22638
-16251
-27952
2904
10497
-13800
599
-16826
-2124
-948
-6201
6917
-10813
17555
10284
14584
-20394
-2706
7306
-8927
-13802
1835
14663
14163
6560
-8200
-1089
-12427
3800
-9582
94
9574
12330
762
-10052
-4776
-4442
-3398
-3998
9505
515
25714
11071
-4140
-7001
-5440
-12710
-3978
1209
1454
-11390
13075
-15130
-8184
-17763
-10183
9293
24214
-1300
-9229
4571
-16578
-806
-10275
-5492
-6167
3153
16403
-6060
-12325
-17631
-26698
-4763
-14190
-6372
-12509
-20378
5903
-2219
-13908
6795
4389
-2138
4413
-16629
-11793
8355
-1848
-3212
-2081
-9127
-1235
-247
-995
-13038
15581
-72
4601
959
-14176
-2842
16380
-16836
10856
-10434
-12274
12171
-9271
-8204
-1519
-10071
4451
-4042
-8026
-6319
-2439
6152
-9893
-23506
-13257
2546
-7989
11475
-14391
-755
11675
12473
-3090
-7783
-15163
2613
-486
4451
-997
-9754
-7409
-4887
-4646
-5438
3217
-6435
-1444
-21589
8907
-253
-4296
19539
-12725
-7996
13788
20120
-2908
-7581
-10174
-14565
11519
1055
-11567
2311
-1332
-21173
-18361
-16885
3048
1181
-17000
-10251
-2323
5865
-6522
-2354
11361
-16094
-10980
3788
19063
-5884
15571
-1052
16090
-9810
-4295
-14772
-3273
3704
-10550
-10273
-9261
-16696
-6544
-5266
19661
-5771
8184
-4476
-6106
4640
-2806
-46
-796
-19508
-12805
-6252
1971
-2016
1905
-10726
6253
-16392
-16399
4805
-7943
-7519
-5421
11150
2497
-6156
-15872
-13824
5008
4322
13768
-17590
-498
5093
16370
251
-12549
-1308
8138
8417
2796
-8799
9185
11212
4396
10429
-3940
-13450
-12248
-6943
443
-1814
-11568
7137
-8952
10081
1210
-6470
2421
-2982
9208
4411
-20778
-2246
-11410
6391
4037
15871
-8352
-8877
-5299
-9920
-13260
1536
-6555
-134
14241
-6019
-8724
7741
5515
2346
-4655
6841
-7703
3379
-17547
357
-1170
-14896
-4346
-5481
-7462
-9115
3762
2270
-13567
-19582
-3611
-8502
-4228
5182
-1178
9490
-11466
-19674
-6212
-19027
-10172
-1684
-4466
8145
397
9863
-7681
-14774
-9336
10730
-3577
3274
-3100
-13886
-8161
-6296
-6414
-11411
2162
-4637
-1887
9085
-1074
-8573
6815
7588
14335
-14440
85
-4530
-11740
-1683
9113
-9560
13964
-8488
-10084
9383
-17558
-53
3496
-16847
18049
-4497
5991
9506
2247
-6210
2398
-14559
9104
-2359
11160
14953
-21120
-3348
-9620
-9855
-4545
-11176
-11921
-1839
-14905
-8537
-5414
-8338
-2505
-107
1335
-3207
-2804
-5979
-14805
19280
14931
-20990
9065
9857
-8909
3946
-3781
-16079
-8595
-36
-950
-4919
-13676
-6794
-13287
-5209
4859
1474
-416
12079
7989
-16332
-16279
-354
25595
468
3270
-2519
-10749
-6357
11668
-10724
3218
6475
-14969
-11538
-13320
7947
11029
-1994
-3227
4214
-7237
-17901
6948
-5019
131
-7664
1615
-12539
7116
2550
-11019
-9332
-9857
7507
17060
-17566
7176
-1682
-3510
108
-10731
-12710
-13430
5187
-5212
12852
-3929
5038
-2646
-19948
-6273
4989
-9197
-6134
1084
25664
6957
-9586
-4899
-14875
1405
-20935
-21089
7888
-613
325
4803
-6130
1934
-13289
6861
9240
-20323
-11967
-20207
-20252
-15439
-6919
14785
-17405
-1674
-12546
2082
-7601
12084
-16578
-5794
-22870
-14319
-6107
-17912
1652
-9051
-18924
-2577
-488
1905
-32266
7782
21871
7090
-26472
-5947
10480
14769
-21542
-5045
-10150
26989
21886
-15783
8397
-5036
627
-15538
6006
15321
7764
8321
-4127
-2975
-13164
-27
-792
-3630
5968
6157
10831
-8196
-4175
-24280
-15120
18852
-506
-4703
-6249
21590
-17369
19600
-17721
-22914
17986
26365
-6205
-24209
4020
-10722
-12053
-12175
-12413
-13134
-8829
11274
-10962
-26171
-20936
-26972
-13823
-11151
1170
-18628
-5847
-17011
-1856
-21211
-15821
34186
15267
4923
-20190
-32315
-3509
9318
-13162
-9788
-12964
-9913
25662
-10077
-19210
12731
11295
8128
-985
-13104
-17245
14428
-16157
18249
-7289
-24912
7581
-22521
-19401
9168
-12880
21693
12036
-18108
5155
-5596
-4126
-12014
-16217
-11193
2073
-12325
9095
-10433
-14363
9547
9003
-15012
-7413
-9214
-23084
3544
14165
8148
-9468
-12549
4473
-8804
-16081
1795
-16691
-351
-20314
763
-6867
-14926
19425
-21842
-13847
6577
-3159
-12075
-25439
-7655
-9752
15606
-436
3159
-3321
10778
-26726
-43360
-26796
-9051
11684
-411
-13299
-2526
-7551
-7422
4224
17471
-20597
-29631
18907
10795
-5090
4715
3744
7706
-14158
-15128
-18134
-17941
-20097
-11839
-12443
-4654
-23054
-18780
-18553
32783
-8833
11868
-2565
8099
-12286
16388
-7832
-14013
-22681
-9058
-30812
10037
-2150
-6545
-12513
13060
-25068
-17204
981
-16030
-23501
8116
-1500
334
-7387
-20492
-28063
15059
12511
21979
-18506
-11190
-8062
21141
-5537
-22403
4725
8797
242
-3239
-31986
7657
14572
-15084
4876
-3911
-4616
-7269
-20185
36495
3629
-878
-2237
-22175
10813
3879
-11576
13512
20168
-4445
5390
-29094
-20343
-12812
19678
20132
8858
-5545
-8011
-8111
-21856
-21315
-621
-25426
-4787
27295
-7705
1401
25542
3755
-3154
-12205
-11682
102
-11025
-23391
7127
21368
-11132
17926
-8798
-8990
-9606
15842
-10653
-10147
-26170
-5090
-17154
-8755
-3116
13061
203
-18243
-6752
-3128
-6543
-18242
-1134
4936
9758
-17383
8183
-18043
-7333
-15229
4422
-13656
12567
-20438
-20463
-22993
-15925
-12981
-28680
-9127
-13814
2638
18864
-5689
-31043
5565
-701
24090
-22975
-11736
-22083
-21580
-2853
4265
-7942
2618
7124
-20275
11192
-18850
15302
-1564
-44350
19064
14696
-12742
16009
3890
-18254
-2544
-32485
-2447
-2058
22865
13255
-6202
-33056
-21074
-6867
-3040
3080
-18315
4788
-7130
-2937
-13014
7859
-6310
956
11087
-1732
12515
-11900
-21006
-9550
7458
-21741
-2527
9322
-9393
-19360
5374
-20682
-22457
-21089
-4899
-15455
-3076
13098
-7450
3377
16517
-10637
-8514
2074
7582
-18529
-18804
-6310
22907
-18463
-2429
-1488
-25695
8657
15687
-19823
5658
-1322
-5330
-12778
-9696
8489
1453
-10425
-30243
-3003
19475
-34155
23851
-2033
-6483
-9818
14746
-17395
4032
-2867
-14314
-3646
-15156
-1077
-8051
-15896
25345
7723
-7510
-10714
-10700
-3252
-14724
9045
21965
-5688
-13819
-1703
-10117
-7121
20419
-355
-12061
7932
-3744
3197
14265
-21832
23237
-24274
17856
-6055
-32606
17600
7549
-11812
236
-29906
-21453
-18994
22321
-1618
-14499
-1584
-14452
-30187
-15217
-8608
8652
-33369
1597
-20973
2741
-9702
10867
-28827
-14098
-26672
-20347
13883
-44105
5279
-31267
-8748
-545
3547
5290
-23890
5123
17604
29054
-26334
-15816
-103
-11609
-28685
3697
14647
12168
7523
-22313
3986
-22982
-3134
-22235
7235
2529
35757
7464
-20867
-10830
-15289
-16939
-16029
24554
6303
60703
23824
-8963
-28345
-14085
-8794
5237
-11764
17493
-20003
30975
-16717
6036
-10251
-19548
5411
36143
3004
-6916
9848
-21950
2911
-15660
-6238
-18781
4472
43352
10345
-21313
-23059
-32256
-364
-13425
1943
-28361
-8814
13922
-5086
-22779
9
17379
5949
9445
-21193
-40052
-6862
7083
12688
-8353
-21617
-1901
9958
-6342
-31249
32641
20079
12620
-2005
-20510
-10964
29407
-26398
38655
-15076
-11331
7767
-11009
-18928
754
5659
34987
-15973
-27356
-16496
-4694
14477
-17343
-18807
-36272
-6958
-16114
-9828
-31692
7109
9436
15030
3036
-6074
-6417
-833
-17045
9276
8707
-26531
-9470
2323
-23517
5039
-4867
-23638
-1032
-20668
8312
-4229
3892
22758
-28597
-17977
21465
3074
-11001
-15935
541
-13266
21242
18882
-26156
3684
10875
-21899
-35097
-44093
854
1104
-7096
-24668
-2669
5930
-3195
7917
7803
-18257
-25888
9864
43935
3437
8105
-10651
24552
-25543
-747
-22058
-351
-3858
-16893
-26226
-28839
-28310
-4215
-3389
15010
-35885
2077
4481
-6359
14764
-10
-3703
2083
-31077
-17575
-2833
19420
-10572
15785
-13966
2260
-28870
-25114
8202
-17622
-30494
6722
3723
23901
-22171
-10654
-34519
-4634
6070
25707
-32836
-9311
23039
15655
-2400
-18618
-6429
4165
11533
9927
-11821
20913
17608
-7052
6367
1382
-1100
-20038
-19374
5796
3843
-1989
-471
-10883
15401
8093
-21558
7366
-12352
23789
11410
-34467
-1525
-16871
6298
2619
18846
-24637
-12104
8449
-22879
-35431
-14325
-27188
1819
21221
-8809
-6658
11525
24532
-2571
-16069
9863
-12111
-6763
-29060
-335
-5754
-16689
15088
3665
-27801
-13136
5823
1360
-5699
-41510
24988
-14582
-957
4267
222
17593
-21057
-29395
-3570
-41191
-26462
-17745
-4159
17108
820
5778
-22091
-29993
-22123
1805
4390
4885
-18450
-12313
-7305
-9252
-23862
-30460
-5859
-7069
2202
22674
-6136
-29478
17048
15805
34118
-22613
-7802
-17564
-30142
-3247
1172
-19438
13337
-13035
-25250
29552
-31274
17947
-8635
-32117
33161
2101
10789
18908
-5906
-23689
13308
-23432
30141
-5680
37262
3575
-28311
-26013
-14268
-5566
-706
-9252
12756
-12002
-22081
8821
-10205
791
-12132
-5907
-5126
-3778
15589
-10022
-17511
12768
21343
-10154
-5056
7142
-9937
-22161
1391
-41815
-30527
-5969
-4267
-12853
-3947
-4374
-7036
488
3270
4911
-3282
30415
-2240
-18909
-27970
-22010
49257
5350
5272
215
-19434
-6629
26718
-13922
7715
5280
-18257
-29042
-16259
15359
18158
-9188
-12959
4192
1884
-19775
19002
-9125
-5648
-20238
-654
-21688
33510
-12000
-26796
-19725
-16369
-11606
22751
-36628
24650
-8
10146
-13524
-23729
-26608
-10493
-9403
6704
7278
-14999
8662
-8126
-21050
-7866
-4427
-20309
10504
-11659
33328
15971
-41687
-1643
-33480
-2912
-20157
-39226
8494
-11147
-12835
-7273
-13423
-2409
-23908
18163
-7766
-30769
-29644
-22069
-34519
-27034
-8876
17061
-32146
-26539
-24887
1737
-17044
19597
-27222
-21727
-29381
8390
7598
-14439
-8159
-13285
-239
-6011
536
-4847
-14998
-5375
8774
9024
-16281
-9362
-10098
-18907
-14150
-7079
212
-8044
-13073
-4605
-2781
-8539
14936
-11888
-2742
10866
-799
-8789
-12542
1960
-5695
-267
11991
210
-2224
20272
13218
-13362
4375
-8429
-13747
-12082
-13291
868
-10875
121
-10614
-4194
-15176
-13645
-8122
7086
3409
-5054
-2668
-18458
5510
-12632
-4767
-9183
-9570
409
3775
-14410
-3294
-12775
-120
-8246
701
-13977
-20948
-4541
-19451
-13862
10461
1985
-17038
-9302
-11584
-6752
331
-11486
5678
-10048
-4447
-1690
675
1776
-9230
13581
-4367
9393
1444
-12089
-6910
3697
-17550
25217
-18646
-9014
-151
-19481
5690
-10229
-4915
2968
-10222
-13148
-15527
-19042
7571
-7329
-23759
-8886
-4368
-14907
-5840
-12524
12265
-11116
-1761
-3289
-13980
-8474
-12
-1247
-16840
-14606
10207
-10538
98
-10290
-1796
-7146
-362
-20040
-8855
-7806
4035
-8160
5820
-10166
-9114
13050
6159
-4331
-11635
-3276
-7530
-1778
3601
-5184
-5169
5178
-9857
-10448
-23305
-2128
5766
-15597
-1743
-3657
7588
-16764
-3968
-3391
-12509
-9334
-14403
20701
-5906
13825
-11626
6497
-289
-12508
-7683
8995
6102
-2597
8091
-3844
-18489
-178
-3798
-12753
-4716
-9344
-7337
-3076
4476
4118
-1301
13924
-10731
2952
-3448
-3170
5424
12171
1634
4419
-15721
-9422
5656
-547
-7597
-8570
-1804
13027
-8490
-12556
-9213
-13946
1598
-3843
-8178
641
8754
3408
-11727
-13138
-6484
-3721
-1885
-3873
1032
-1776
9383
3442
-5057
-2203
8785
4106
-14317
-8138
2265
1870
-4442
5814
755
11362
-4780
-12212
-10999
12588
-2927
-4572
6966
-7289
1880
-8899
29005
-10817
-1708
-5043
-13140
-16511
14323
-11207
-6643
2941
-8191
229
4991
-1717
9156
-14044
6376
3654
-6811
-15131
-7858
-5305
-15292
-10538
-10420
4081
-14209
2217
-11066
5027
-22113
-5183
-5734
-6717
13017
-18602
9231
-9844
-15576
-3956
-6054
-10459
2423
199
-2423
10248
18597
-1405
-16061
4677
3513
9039
418
-9550
-8645
-12108
-12315
-8242
-3494
2251
-7699
-17747
-983
2040
-11195
1086
4370
-1484
-11176
-15233
293
-14558
4569
2188
-4927
11399
-5211
-9748
4265
-15951
-1092
-87
-11579
4171
-13115
34
-3955
-10455
-7466
-9121
-7071
3972
10395
9587
4194
-9771
-9962
-13668
-17455
-7717
-13042
-753
6559
-12937
1957
-11434
-3830
-9760
10485
-10425
11803
-356
10941
-28781
9487
3978
-5636
10121
11739
-13522
-4003
-978
-7104
-15756
-14018
-5666
-1113
-7198
4263
7180
-2869
3968
-11457
9233
727
15669
-12491
-14033
-6516
2876
-111
557
5466
5689
-16250
-1550
-6984
-10310
21648
-6847
-12566
-4269
-3901
9751
4869
-180
8178
-3394
-25444
-2398
-2289
-1712
-8469
6089
5789
11710
-3260
-6089
-15843
-8078
-3853
13135
-11481
-6030
-11586
-11159
-7519
-14878
-11081
-6990
-2706
-1990
1934
-468
86
-2223
-16346
-18402
-19076
-18010
-6014
1870
15733
8253
-14050
11515
-1592
1572
-18937
-19447
-12732
-13910
-11420
-7245
-2456
-9726
-18813
-5193
-2605
-9214
907
-9784
-11462
-18640
-8142
10136
-17137
92
-14884
-2377
-4869
8255
-19118
-4317
-7961
