-325
-1739
-720
3180
6397
-9801
2004
-2860
6223
426
-2491
6265
-5044
7264
-1262
1871
2238
-4606
-600
6043
7297
-4122
-1834
-7914
1256
245
-3389
6489
3297
6775
-353
523
-417
-2079
-689
3102
6531
-9676
2056
-2846
6405
710
-2524
6326
-4791
7372
-1041
1904
756
-3755
-1012
6007
7080
-4038
-777
-6409
788
-354
-3641
6590
2119
6896
-1625
1219
2940
-5055
-2807
7369
4734
-4402
-1581
-6872
1401
43
-2015
7714
318
2020
-83
2140
1347
-2071
-444
5610
6242
-2901
-190
-4205
2726
1291
-2865
5728
1103
5718
-1320
2544
5145
-6022
-4001
2328
1576
-5978
2348
-7003
4017
14
-1029
6124
-4007
2424
-1378
2505
-417
-2079
-689
3102
6531
-9676
2056
-2846
6405
710
-2524
6326
-4791
7372
-1041
1904
787
-1900
-67
3749
7192
-8397
526
-4018
5079
992
-3011
5162
-2758
7795
-698
1024
787
-1900
-67
3749
7192
-8397
526
-4018
5079
992
-3011
5162
-2758
7795
-698
1024
-328
-1470
-401
2799
6124
-9665
2113
-2643
5854
583
-2617
5826
-4776
7538
-1362
1879
1986
-4278
-2055
8164
5703
-3080
-2883
-7260
623
-596
-2097
7644
2685
3187
-254
620
599
-4344
-1105
6095
7167
-4490
-646
-6464
993
-540
-3277
6856
2060
6869
-1508
818
-328
-1470
-401
2799
6124
-9665
2113
-2643
5854
583
-2617
5826
-4776
7538
-1362
1879
1986
-4278
-2055
8164
5703
-3080
-2883
-7260
623
-596
-2097
7644
2685
3187
-254
620
801
-2644
-2445
4413
4352
-5216
1285
-2493
4911
2277
-1963
4999
-3948
4139
-185
2548
2511
-2790
-617
5178
5605
-3810
77
-5394
2377
925
-2629
6113
161
6016
-1307
1976
289
-3674
-1093
5661
7163
-3643
-540
-6492
939
-486
-3884
6596
2323
6935
-2006
1138
1986
-2835
-2108
4367
2471
-2600
1256
-4294
2735
1884
-1846
4936
-202
2050
-385
2865
1517
-1805
-4377
4333
2588
-7425
2534
-2783
8018
936
-1874
8501
-7565
2563
-891
5683
-417
-2079
-689
3102
6531
-9676
2056
-2846
6405
710
-2524
6326
-4791
7372
-1041
1904
2940
-5055
-2807
7369
4734
-4402
-1581
-6872
1401
43
-2015
7714
318
2020
-83
2140
3518
-2438
-2143
6332
2383
-3863
-173
-3677
2064
1796
-1287
6259
-2631
1481
-281
4348
2645
-4435
-746
7905
6988
-2960
-3581
-8150
594
386
-3922
6620
5261
5381
119
778
1152
-1707
-569
5690
6209
-2585
-249
-4146
2615
1302
-2967
6105
1105
5606
-1525
3073
-1606
-4809
-8480
444
6127
-4798
-1208
-5641
7454
-2351
-2591
3070
794
790
3062
-4770
-417
-2079
-689
3102
6531
-9676
2056
-2846
6405
710
-2524
6326
-4791
7372
-1041
1904
-417
-2079
-689
3102
6531
-9676
2056
-2846
6405
710
-2524
6326
-4791
7372
-1041
1904
-417
-2079
-689
3102
6531
-9676
2056
-2846
6405
710
-2524
6326
-4791
7372
-1041
1904
1544
-1866
-3299
2759
2899
-9663
3946
-3824
7866
-128
-1714
7562
-7139
3020
-734
3697
3662
-1533
-985
3971
2361
-7667
2752
-5529
4936
502
-1636
5946
-2353
1224
495
1818
2940
-5055
-2807
7369
4734
-4402
-1581
-6872
1401
43
-2015
7714
318
2020
-83
2140
1544
-1866
-3299
2759
2899
-9663
3946
-3824
7866
-128
-1714
7562
-7139
3020
-734
3697
-417
-2079
-689
3102
6531
-9676
2056
-2846
6405
710
-2524
6326
-4791
7372
-1041
1904
1815
-3258
-603
2724
6310
-7980
1816
-4610
3277
177
-2616
5987
-3317
7569
-1909
1836
2238
-4606
-600
6043
7297
-4122
-1834
-7914
1256
245
-3389
6489
3297
6775
-353
523
2940
-5055
-2807
7369
4734
-4402
-1581
-6872
1401
43
-2015
7714
318
2020
-83
2140
2314
-2226
-824
3568
3523
-5132
2201
-3891
1969
496
-2160
5287
-1781
4849
-1604
2208
5145
-6022
-4001
2328
1576
-5978
2348
-7003
4017
14
-1029
6124
-4007
2424
-1378
2505
756
-3755
-1012
6007
7080
-4038
-777
-6409
788
-354
-3641
6590
2119
6896
-1625
1219
1544
-1866
-3299
2759
2899
-9663
3946
-3824
7866
-128
-1714
7562
-7139
3020
-734
3697
756
-3755
-1012
6007
7080
-4038
-777
-6409
788
-354
-3641
6590
2119
6896
-1625
1219
2940
-5055
-2807
7369
4734
-4402
-1581
-6872
1401
43
-2015
7714
318
2020
-83
2140
756
-3755
-1012
6007
7080
-4038
-777
-6409
788
-354
-3641
6590
2119
6896
-1625
1219
-815
-2175
-1107
2661
6404
-9238
2157
-2809
6543
644
-2430
6035
-4949
7219
-1403
1702
893
-1648
-2314
8529
5599
1128
-1725
-6298
622
1230
-3823
7865
3629
2509
-590
3167
2055
-3718
-1964
4321
4287
-7175
1012
-4450
4312
564
-1974
6229
-4496
5810
-1300
2956
1982
-925
1050
2878
6878
-5526
133
-3823
3421
2448
-4072
3398
-289
8046
-791
1759
756
-3755
-1012
6007
7080
-4038
-777
-6409
788
-354
-3641
6590
2119
6896
-1625
1219
1544
-1866
-3299
2759
2899
-9663
3946
-3824
7866
-128
-1714
7562
-7139
3020
-734
3697
964
878
-2207
6269
2228
-5658
1748
337
5697
1952
-1940
7140
-5290
2111
-300
5232
3945
-7137
-3686
9372
4272
-3871
-3678
-8141
-1133
-926
-1937
9941
1792
249
-343
3898
-788
-1194
-2488
4773
3956
-2599
1587
-2169
3884
1275
-2382
6429
-1769
3763
-1618
4625
4511
-4283
-2079
4602
2600
-4438
783
-6037
2561
432
-1730
5749
-764
3100
-1059
1495
1570
-5497
-1545
6356
7878
-4701
-2494
-9296
488
-506
-4488
6441
3679
7662
-166
-591
756
-3755
-1012
6007
7080
-4038
-777
-6409
788
-354
-3641
6590
2119
6896
-1625
1219
1605
-1505
-4421
4722
2636
-6807
2226
-2361
7657
1070
-1919
8826
-7386
2508
-984
6287
6431
-2690
-2942
4769
59
-3110
571
-5004
2683
2845
-1904
6051
-2375
-763
663
6313
1585
1174
-2149
5608
1320
-1954
49
780
4244
3997
-2097
3848
-1874
-190
1027
5110
756
-3755
-1012
6007
7080
-4038
-777
-6409
788
-354
-3641
6590
2119
6896
-1625
1219
9265
-2571
-2982
11981
5587
-1083
-7108
-8076
-2906
5290
-5564
8554
5586
-4556
4308
9359
1544
-1866
-3299
2759
2899
-9663
3946
-3824
7866
-128
-1714
7562
-7139
3020
-734
3697
