3372
-5535
7367
-15232
12721
2811
11303
5456
13735
10100
9208
13603
4223
7162
2588
10918
2925
1629
10093
-4616
-551
2617
-1664
7603
-145
3472
6409
-11798
12932
-1482
17858
12432
-2444
6476
-1810
1204
-741
-689
-9496
1267
-6940
9325
-6392
221
1906
-5753
14237
-7957
9995
-9866
-3696
-5549
-1541
-5964
14198
924
-11617
-1560
15919
-5919
3985
2092
9005
6174
-6867
12690
93
2448
15015
8498
9053
-8900
-5509
1846
-13856
-3328
7892
13946
5302
-10582
11614
14814
3318
-4447
13406
-237
2579
-2954
2975
-4336
-2227
-9346
14003
-2737
864
-10723
-413
-9032
9205
-7424
14185
6248
-200
635
-1754
-3575
800
6039
7789
1008
7342
-10016
-1320
-9129
6209
1659
11848
15156
242
1465
-318
1980
14608
2605
-4756
-8291
14490
-1931
15283
9271
4277
11973
8702
2057
7542
6071
-5600
-3671
12253
-10632
10647
-562
1883
10825
-4854
15279
13989
6528
-1431
4174
-3036
92
-1819
-15623
-4664
3507
2780
780
7965
9257
8094
3873
-162
4857
7368
-4669
17225
10013
3465
-2072
2321
-7554
-15197
4725
-6221
6069
9659
10394
3858
-1458
-9154
6073
-4985
662
-7502
-3796
-391
12905
17301
16481
15559
2557
15829
-9023
-13575
17275
5165
7266
-4830
9684
-7488
4201
340
-13445
-7815
11204
6508
-2843
1293
12152
-6588
7682
-8362
-1215
19168
-4618
-7524
5563
6371
-1591
17968
-4269
18442
4103
14513
13562
611
-5135
-6460
1732
-4053
19766
7224
6371
4134
5263
-1635
-10218
15448
-8050
-4845
-1937
3052
15671
1580
-4115
6029
-19152
6124
10205
2008
10430
13359
5248
-5416
5834
3351
-7999
7966
-1068
10394
7137
3446
2984
6777
14102
-2525
-3611
-1355
5211
9818
1419
18997
-3344
6594
-5619
15785
1638
-8047
-6011
715
3885
-6333
7232
2254
-404
4599
-4393
4916
3448
2107
-4267
5428
-433
1446
962
7527
3301
-635
1593
2101
2769
1432
2355
6506
-3237
2747
5403
4401
-1283
-507
-1631
2549
9623
394
-667
169
-281
-295
6559
-2041
4602
-6953
5216
3703
6580
-4361
-2688
8233
1159
-10532
1153
-485
-3863
-8166
-1976
-1601
2224
4063
5895
479
-2420
-232
1470
-269
1718
-3902
-336
4717
-2298
7556
701
-3669
4688
2464
5447
-4457
1710
4489
-4455
-601
-2726
-2397
4144
1351
-7152
2529
-4414
2196
-1271
368
-427
-4460
-3130
7591
3120
111
463
6869
-5175
1205
-4167
4552
-1004
-4662
3159
3453
1022
-7092
3047
3706
-3530
2309
5441
3312
1928
4206
9692
3114
5819
118
-957
174
-382
1007
-8867
81
4452
-4946
10604
-7240
-7571
-4492
3215
-269
-2050
1983
1197
3304
-3509
3996
2670
-3652
-349
6041
3237
236
-1416
5503
1049
60
7806
-1238
-289
5772
1994
1954
1495
-2886
1000
904
3340
-1780
-2528
-3142
-2699
-87
2650
-260
-2472
5525
6510
5752
2101
-2647
3046
3981
-3331
8875
-4487
4898
1886
-641
1261
1587
4820
2439
7466
-6226
5011
4962
-146
3215
456
-3829
994
548
-3464
-2692
-1154
-4107
614
805
755
451
6902
5614
4590
-5409
4619
4102
-5737
2743
-3695
5357
2330
78
1361
-5745
11407
2029
-4390
4607
8606
-2575
7830
1822
5630
-1108
-3953
304
652
-499
-903
-4133
6926
-76
-4062
4998
960
5921
-822
-452
3715
-1555
-1512
1226
205
2995
3172
-133
1618
1918
-65
5767
-10217
3555
7645
5105
264
1025
9017
119
5788
-4366
4306
-5576
4076
3988
2044
4160
2407
-2636
-833
2997
5041
-2542
9485
-4830
7376
-584
-3866
-116
2446
3743
-1741
4872
2285
-806
-2849
-603
-498
6181
-3334
6338
181
-1554
7762
-984
-7605
4665
4218
392
-5158
5775
418
774
3810
1939
519
-1628
292
6297
-568
-1793
-290
6248
1942
-4998
2085
1156
5169
-341
-2845
-45
5399
-3462
1200
870
-4531
-2286
392
5100
1282
-9666
-2705
8442
1979
-12987
-1239
-353
-2507
-5195
-753
2171
8233
817
2986
-1051
-3143
1282
3771
2225
-5649
-5438
-2095
3863
6116
4471
-3764
-8272
-499
-3230
7896
-2322
5113
2312
-2058
5629
-569
-6367
1309
2985
-3904
1083
1125
-1210
69
3086
316
1478
-5876
1097
513
-194
-2679
4875
-8065
351
-4878
-3366
-2168
-9777
2211
5239
-638
-7831
997
2314
-5376
6431
-1380
-2849
-5020
2740
6250
804
3920
3489
-4023
4664
-478
-39
-1277
-2040
-2682
-6260
7790
-7955
-6596
-6651
-1770
-1653
-2482
5969
-2382
7231
5013
-9375
-690
1893
-3699
8235
-2216
6197
-4395
816
-7742
4369
1965
-4580
631
5894
631
1415
-2592
-4236
-2892
2410
-2672
-2583
-100
-1985
732
-1568
5705
-2530
-1849
4835
5816
-278
-4259
7054
377
3585
-2457
622
-5612
2632
355
-5349
6031
-4724
1826
5252
6193
-3041
885
-4353
-2033
-3386
-3063
-3629
46
3589
-1310
-466
419
-10843
-2705
3454
-1109
-2662
4940
4118
2643
-587
4846
7178
-7189
202
406
-1404
-696
-1939
1960
-3884
3843
-2206
-3313
47
5960
-3923
322
-878
4578
-4418
-1733
-2198
4396
-4163
455
-4633
5494
-1134
-2437
3096
5111
4238
-1658
-3417
6088
-824
-4022
2016
-4980
3203
81
571
4304
-3385
2872
2131
-6733
6198
395
4370
329
-3759
7389
2139
-1177
-6186
2348
-838
4666
-1708
3794
-2122
1373
4570
-3360
-3198
-1637
1151
3126
1354
800
951
-2476
-1731
1658
2631
-36
-3202
2566
-10856
-3501
-4655
3983
-23
-1114
1542
-3159
-3147
1882
5247
-15966
-5327
-1166
4072
-5157
2136
1675
6728
6808
8788
1684
-1835
7150
6141
3358
7838
3186
4347
-2
494
-3758
6172
-2008
2476
928
3442
3584
2957
5516
8488
3508
363
-2960
7611
-2100
-7423
-3670
4042
2095
-3522
-1992
689
2096
3737
10
3411
-2150
2171
6100
8127
-2297
4212
-2936
7341
4271
2063
-1026
1182
5374
6595
-1239
-7697
-4120
7169
2491
-1917
955
1932
4400
6498
4747
-7476
-238
10859
4011
1116
2923
-281
2468
209
4551
11039
3322
6028
-4090
7143
1078
4832
-4875
-509
405
2214
-1680
-6982
3529
8060
741
-626
1192
-2875
-343
7521
402
-321
1818
5384
2624
2833
-4572
2571
-4429
1629
-5410
-315
1691
218
4796
22
3999
2050
-917
-15644
155
-772
1784
5339
-2356
7884
5087
-5533
-5492
5007
387
6365
-6118
1683
3705
11101
4169
1920
4121
-3967
5324
4227
8220
-2951
-3802
949
-3694
4320
3110
185
5456
2293
6421
4046
10913
2140
6462
4790
2884
6896
8186
7056
6395
9290
-264
-2271
-7552
2776
415
-5059
3500
1999
-234
-161
2320
-10004
-1988
-5794
1362
-2788
1721
130
6402
4008
6569
1989
7294
-1843
-542
-350
378
2452
5332
1856
5077
797
7697
1366
-7510
-3896
4782
-103
-252
2780
3946
-1091
2391
-5213
-308
9361
3693
-2187
612
-5242
8962
3669
575
3670
3856
-725
2679
994
786
-9725
-866
644
13829
2485
1678
-416
9008
2788
-3060
6264
2269
5022
-157
8220
-1916
538
320
1804
-1973
3700
522
4301
11330
3064
6232
2017
484
-162
8401
5926
7707
2836
4406
993
3107
6190
4455
-658
-1529
2766
3649
-1384
-594
649
-5971
5040
-31
4900
-495
747
933
-5388
666
-478
6558
-2185
1302
-2619
-147
-3634
-2959
-4115
2698
13720
5078
5175
653
4915
-570
184
4377
-2143
-1622
-1629
719
2471
-232
2732
-4362
2487
-201
-4277
5394
-5497
8575
3313
-2393
-594
-3261
10259
7450
-373
-4672
-3005
9235
41
5680
-11934
3504
1439
-1063
-13657
3283
-2362
-3456
-9307
-7403
2454
4559
1588
-3083
-1351
-4156
-1813
6569
-5290
-5561
-2830
-4780
-6001
-3143
-1291
104
4402
4018
-4599
638
-1991
3000
-9
-7837
-4723
-3672
-4891
1450
-1697
551
-5513
-3421
5831
5504
1036
-1585
-2125
-9013
-2860
6298
-1466
-605
-2209
-8515
-1718
-5206
4225
-3532
1383
-4363
985
-11845
1722
-4889
3129
-7515
2432
472
-1557
-783
-66
4122
-4138
8539
-290
-4471
-1134
5190
2970
6698
-2952
-4422
-3581
7946
-195
-6858
6335
-757
3454
-3273
8113
516
-198
-5694
2240
4090
-4382
-975
-1810
3068
6426
-8537
-655
-6775
3107
1103
9088
2341
7360
1463
7597
-339
-6840
1345
-7662
-2987
-3966
-8941
-3773
-7579
1695
254
2512
-5419
4843
7317
3959
-1227
8367
-2945
-1452
-643
3325
-2100
-160
-3547
3249
3387
-3401
3926
163
1921
-233
6103
1391
-6756
-6977
-5353
-2238
3846
9780
-5348
3495
-5000
-2398
-4002
-2032
490
-1909
-1870
1783
3902
-7890
-1918
5496
-3128
-651
-3040
3319
2221
-7281
-1491
-1030
5644
1524
-2997
2073
4397
-4589
9099
7762
1971
-709
-6327
1376
4512
5060
5941
-2158
942
6029
-4295
-1504
1846
1223
5006
-2924
-175
172
2735
2405
-6377
-2561
2305
-6638
12813
2156
-2371
6702
-4743
6944
6745
-802
2535
1536
3899
3293
4586
-2522
-5548
-2944
1137
500
3848
-3714
2936
-2840
-3278
3563
4691
4117
910
5894
287
8748
6031
-2558
105
9460
-210
-3514
-71
-750
-3662
-3490
-7252
4794
-5832
1191
554
2367
2895
-1621
-11975
1607
1098
-5229
7766
9464
9755
3355
6915
8060
8049
5685
11723
6727
2183
-2036
5427
-831
-6800
3233
1015
9096
10980
2947
-10235
11042
-6366
-511
171
-4753
3716
-1220
-1936
-703
-5257
-3559
1949
-3915
4711
-1599
-488
-8845
-2263
15884
-1895
441
-2448
-4497
5008
3318
-208
11457
-8045
-1534
-1241
10351
2696
1288
979
14294
4482
-5229
12158
9355
397
11959
-1599
12727
-13886
-2053
2604
-10460
2597
-1857
-6861
6363
-3791
2684
5642
6764
1993
2027
-5526
5100
-1667
4351
-1773
1336
-3525
4044
3228
3323
-5656
-1070
1100
11276
2354
-1863
14366
-233
2111
-4394
-2277
-3880
11830
2757
7809
9903
-6236
-3191
3603
1199
-48
12691
-8062
6294
7274
3825
10391
5169
-1638
-2599
-1865
11515
1011
-4640
1407
-2026
8794
1676
2235
6939
279
-1350
3621
5920
-2319
7965
5943
-5367
10607
-11161
4892
824
880
-972
6460
-942
1343
-3542
597
1831
7093
3210
1686
880
2980
3548
6518
663
3478
-854
-5024
-6163
2040
4232
-8893
11318
-4325
-3029
8054
-5889
1685
9727
-2734
13133
7417
-143
3249
-3813
655
179
3388
-2100
2083
-1559
7253
-1915
-1485
11065
-5518
-4747
5404
-5803
-251
8269
5309
-8556
7911
-572
-1638
-545
-375
-713
-481
1351
17594
-7225
9910
-176
1451
8345
1821
112
4841
-115
-4251
8579
-7862
11979
239
2263
-216
3092
-2951
-5208
1763
-229
4554
3955
1716
11160
-2074
5061
2469
-2790
5749
-1217
1236
-782
-1067
-2978
-7161
-1387
-11475
3466
3122
4711
4427
8470
9374
-8705
2733
-2410
495
-1277
-2273
8921
816
5751
-887
2907
4805
3211
-1021
-9562
8220
-3383
6476
2700
-8580
1300
-1450
10484
-2823
6492
3848
-1163
8905
3098
13241
912
5934
10674
1519
-552
1975
-1209
-15886
-4381
5804
-5043
-10639
2493
-2506
4319
3010
10828
1584
3960
12789
6877
1557
943
6173
6665
-614
-3778
-3343
2019
8320
2671
-6783
5938
2779
-3908
-5313
-4386
4013
-2916
192
5526
-465
-1251
-7444
4810
890
-8048
-3663
-4
-750
-2037
-5600
6321
3986
4734
9296
6174
-934
6947
-8541
5446
3446
-4310
5952
3599
17215
13862
-6475
-12012
-1637
8720
1293
-2824
3643
9892
974
8622
1440
-12017
5592
1916
-8293
82
-2542
599
-1377
4523
474
-2254
-1775
2255
-828
6588
6441
13911
-5220
431
-1673
2320
3151
-3824
1729
8492
-489
-12120
4005
-2130
-3329
9635
7105
-380
-5762
-234
12369
8003
-1826
-1989
-2567
3701
-6281
10497
-11154
5423
5529
-2846
16732
-4201
-4688
-14080
-7268
-10434
-2350
-3983
-9708
8713
6652
-6086
1797
-4722
-8176
12319
8245
8159
738
9712
1897
695
-446
-12683
-60
1778
4991
1525
177
-8149
1989
334
-3478
-2222
11212
-6083
6931
-5659
4693
693
4502
14623
-307
-4195
1442
-3554
2272
4509
773
2386
-10536
5669
-1303
-4717
11916
-1962
-780
319
15927
-3530
6757
1116
206
3364
2447
2916
4252
-6038
1062
-3432
1025
-1848
-3541
-4717
-2843
-2348
1735
16711
7091
-10548
9995
12560
-260
4408
-4040
1398
-4434
-2330
6489
-1943
9815
-614
-701
-363
12051
-1784
2638
-9164
2766
-321
-405
3407
-2962
3294
3927
-223
6821
-6803
1237
2289
749
3302
-5024
-422
9666
3266
1624
-3815
-797
8942
3773
4750
1261
3485
4200
3023
-5423
3873
-5296
9261
2644
-2779
15404
-4365
-2648
-523
5376
1347
12917
2813
8484
5211
-501
16023
-2904
4646
-2931
-8800
5611
-4208
8864
-5534
-2762
4752
6556
4086
3223
12863
15548
775
-2328
5406
9490
-8574
1923
1767
1630
-6873
361
-4676
-15480
168
4037
3399
-6254
491
-465
3755
996
10568
3438
-5142
5793
2691
3981
8156
811
2755
-252
381
-2536
1041
4190
-396
-4245
5321
7911
3830
-1029
7923
-2190
-2526
664
10611
-4379
-10897
-198
5067
-628
-7791
-4734
-374
2306
-5379
-3469
4622
6209
-900
6932
9566
-1259
8710
-6747
1558
-5237
-4099
-2118
-188
9573
6897
-4319
-2180
-730
3264
1363
3619
2545
4452
153
4419
6933
-9642
-2855
4964
-4192
-5258
3695
-3111
5393
-1813
101
1947
179
2915
-107
4018
1169
3773
-7377
963
-4019
4255
-1657
-7701
2014
2389
-4153
-3613
4733
5
-3820
2748
1732
-2744
-1492
-4249
2705
-3252
-3585
7851
-4084
2321
1133
8073
-829
-173
502
2587
8091
1807
-7748
-13386
-2304
-2833
3342
-1399
-5053
7471
4184
-4337
-2901
3733
-874
7129
-904
7692
-4133
7855
-1099
3510
1513
-4816
5983
-312
7850
-649
-4961
-7170
-1830
2207
-4873
151
6556
1192
5321
1392
10304
2792
6874
12749
1216
3049
1847
1893
-2542
8834
-726
-4348
-7504
3315
-6083
-3233
4440
648
915
2375
5947
-5041
-1732
-724
1482
-3869
-4151
190
4744
320
11
-5646
7603
-2502
-1145
-792
-559
-3378
1763
4833
3869
-3161
7412
5939
-8472
-2836
-5207
-2097
-6036
-4103
7929
198
6878
-3878
1285
374
7070
-342
-219
-4207
1975
2602
-183
6186
-282
-5896
3963
6821
3265
-2389
2259
-3164
3525
1151
-3140
-4380
7878
6899
947
-1494
2208
-2425
38
3268
8859
1941
-421
-985
-2367
2496
714
7215
11006
5577
13276
6448
2592
-3854
8894
4063
8129
-6844
5578
-1868
5125
3711
-1081
1359
2577
-918
4127
-2641
147
1323
-6064
-1370
129
8344
2487
4602
1413
-4159
2487
-62
7861
-5993
-2232
1346
2026
3248
1425
-6125
-6619
-1438
-5830
-2112
-2048
-6874
2884
851
1903
2309
3338
-2706
3250
2474
-1413
25
5367
7651
-2810
-2036
-1240
2928
-5922
-216
-7409
-2455
33
4452
-2330
448
-6487
1533
-9240
4408
-7625
2984
-1271
3330
-5682
3730
2486
-3640
-918
4185
-5853
4060
6363
-5639
-4321
5876
2941
6598
-4343
-2892
-1171
540
-4547
-1755
4485
3156
5575
-634
-2312
9602
-315
-3036
5598
-5484
5685
6704
3392
-3986
1610
-1717
-5868
3632
7042
-834
-3674
4168
3206
-227
-449
-2153
5625
1556
-2149
9291
129
-2108
-1176
9541
4115
4186
693
5403
-3036
-4967
5015
-3103
3048
1510
-2256
5381
327
-1052
-516
-2013
-2345
7194
7513
835
-3161
5524
-454
-434
4589
654
2411
2173
-2350
-2803
-1576
2753
6160
-5220
-3208
1077
2267
-643
-8020
6107
1212
6444
1213
2147
-3542
2571
3760
3923
-1635
3143
-3730
-5577
162
4197
-3823
-2694
7293
4072
3380
1355
-676
6542
780
-5517
3993
1983
7283
7029
7015
-2596
5311
-960
-52
5575
5226
-3654
-443
783
5329
1882
6604
-227
-1274
-1387
642
-2649
-1594
-447
151
4789
-3086
71
2086
-2052
4171
-5441
4811
524
4336
-3135
41
-2708
1720
891
1470
436
3946
4220
-868
-1223
-144
-1724
4035
-4619
1925
1383
-3779
-2708
3715
-594
5195
-1526
5476
-2430
-1243
3148
488
-1419
574
-2259
-4571
9965
-278
-6861
2963
1215
3908
-2931
-5296
-427
3521
4722
2727
4761
-211
2354
-2728
1896
-4232
-3669
8494
1602
647
-3479
-2043
4646
-2648
2949
-3485
4089
-4780
-6851
6588
1219
4660
-2789
13
2689
4796
5954
-795
1891
-2946
-8993
224
-1598
-403
-1346
-7718
162
-6170
915
4488
3885
-2817
-354
3620
7294
538
-631
3887
-4808
2410
-1694
-1745
-4776
-3030
4775
4690
2527
210
2294
4021
2629
6050
-628
1607
-960
5462
5867
3093
1724
-1461
9056
-1726
-6693
5214
-2867
1554
-232
-2201
4136
-7002
4732
2220
-2891
417
1797
2635
-589
-1067
-5683
2900
-3233
1965
-5256
426
297
-4272
3752
-4277
-462
3183
-439
-3903
1476
-5677
2383
467
-1509
-1994
2692
1957
-8315
451
1196
694
-1601
-1354
610
-26
216
2065
3223
-3018
158
-2503
-5899
942
-3276
-1534
-1447
-1989
7176
3488
6582
-2454
-2728
-4381
-3576
2350
-199
-951
-1289
-6230
-2265
-3226
5117
-2
3049
51
6307
-10897
1772
376
495
-3855
5039
-269
-3074
3068
-3390
5664
1419
7556
570
-2541
-728
-1752
2747
5837
-4464
-2096
-2196
2255
3471
-5196
2405
-2077
1077
-2363
3400
526
-1723
-840
4265
-147
-2328
-2629
-432
2969
7700
-2090
3493
3390
-7
-540
1197
4796
6117
-2094
10152
-690
-5367
-1544
-2587
-1090
-2713
-6728
-3396
165
2785
-1135
5726
1549
4977
6818
-1657
-36
271
2195
-541
-5491
1820
-1627
-2306
-930
110
5590
2816
285
-2842
884
-1868
6840
4371
-3616
-6786
-3501
-241
6442
3833
2094
-1397
-2287
2510
-1188
-7376
4694
-496
-740
4577
7857
-6328
1288
3804
972
-1486
2080
-1819
4748
-6909
977
-120
321
-581
-1775
3215
-1375
-4112
5350
3469
-1478
7351
-6169
2910
3575
2294
4523
-1795
-2561
-2559
2530
1574
4472
100
6911
-1031
-2052
4924
5805
-239
-7332
3647
580
-1661
6449
2363
-5598
1969
-2820
5099
5103
3128
3384
-278
935
-1184
-2047
-2886
-830
-3122
1131
5120
996
-3598
3960
6107
145
3591
-1415
1021
1702
438
354
4265
3986
222
-2083
6102
-684
1793
3802
-2065
2557
1247
-2557
635
-37
-2343
-1850
-8726
-1021
2670
-11216
-2485
299
-643
-6753
-379
3287
3974
-1649
5455
398
-1119
10887
-1179
10067
797
-928
-4870
-100
-2222
-2518
5593
5417
2727
2399
6453
-1505
2724
940
331
-117
6457
300
-650
-6363
-9965
4733
2805
9204
-5759
-5937
-10800
-2455
8076
-638
4540
-1598
1937
2836
8789
-4073
6304
-4860
8386
-56
6612
1489
-3623
4532
6839
-10046
-11011
-1664
4743
5005
7817
1068
8026
-3880
1008
1962
-13226
-7416
8485
1121
-5687
4777
923
4413
-3313
1638
7953
-4249
-1053
-10451
3413
5156
-6981
-9504
-471
-7947
-1720
-4251
-10512
2656
3368
-4552
2976
2038
-2643
-3183
825
-4939
-8329
-773
2801
-5533
-1135
-5271
-2
-9337
-2547
-4901
1874
4349
-3091
-1399
-3494
5563
8024
-414
-11118
-3530
-8584
5517
2761
-5294
4522
772
-2800
-3370
5495
-1287
-1967
-5867
5300
3835
2646
6939
-1740
6959
-199
1860
1588
3231
-5312
-3004
2184
-9340
4380
-10232
3954
10556
2322
4061
5565
6400
5596
4754
-2051
-2146
167
2352
2767
2216
4543
-7425
-2454
-1383
5438
-3496
-12612
-1538
581
3654
6351
-1259
-11933
3855
-10127
-2644
-8385
2028
-2993
1696
3934
2943
3820
-156
3150
-2137
-824
1977
-3018
-822
1337
4571
-1181
1887
3172
-1420
-823
3659
3151
-2037
2399
14053
1016
3676
-6497
-2452
5882
-4723
-4387
-5644
1496
-855
49
-1528
7847
-816
87
4527
1256
-7857
-8089
-2869
-5329
6876
4079
4474
-5679
-1643
6954
-2417
319
-4255
1242
2143
-2882
5091
-2578
-7762
-6094
380
4043
1193
3963
10000
1166
8902
-4254
-9655
667
121
406
2273
-1337
836
-1268
4401
4193
6873
90
-2463
-2091
-821
7273
2121
-2040
-3057
2162
1533
7307
-5304
-74
4458
3495
2570
-6068
10402
-2623
-4899
-2711
-400
-5250
-694
4894
-13821
-2240
-872
2291
-4850
-1471
5052
5762
-1634
7241
4473
-2547
3897
1481
2102
5145
2799
918
248
2080
-3522
1425
3789
5144
725
3277
2838
2453
407
4201
-1209
-572
-1156
7199
-6182
-8324
1468
6636
3979
-5610
-5986
-2845
-1562
-987
2539
3773
-911
-1561
7822
6060
-231
4554
-1307
5219
-5062
-20
281
48
3224
4938
-4304
-7703
-2329
4676
8654
2926
977
5172
658
39
1935
-10250
-4143
7551
-2727
2356
4341
-1062
2754
-4948
1347
3960
-3599
6042
-2810
-348
2328
5010
-6297
-3487
-1130
2436
-3534
-6030
3195
6731
-989
-4626
3864
-1208
-1070
-309
1167
-2560
-703
2127
1151
3294
-3259
6005
-5535
-647
-1958
4634
1151
-3578
2458
-2679
9168
473
671
-14384
2827
13
4847
-61
-6415
6085
-115
-7740
-7743
6721
125
5686
-4135
4415
-2414
4688
-470
3947
3883
-714
1138
-2073
5496
-869
-3382
-229
-1561
5744
-9215
4033
7412
4179
6567
3453
10976
4640
3698
5938
4195
4031
1880
-41
1123
7900
-1080
-1790
-1555
4693
2435
-10901
1171
-2343
1890
5059
5244
-7946
-49
-3241
-2460
-954
-3947
-4032
2646
3149
0
-879
4229
-4851
2035
2127
-1933
-1707
1380
4059
82
-1069
5018
4037
-9376
630
-1038
2820
-5563
-508
9129
-2245
3169
-7061
-738
4372
7826
-4136
-592
1829
196
985
-1756
2798
1871
-113
1328
1546
-3963
-6509
535
1486
7218
1054
-3599
-5333
5189
5959
816
2627
1881
1862
1286
-1061
420
788
-904
-803
-2234
800
767
6914
7133
-1867
10827
6094
-2132
-3435
5965
469
7093
-2082
6167
-2033
5379
1409
1409
-1828
-2308
-1605
3358
-2619
5090
-659
-8433
1154
1395
5219
-458
6043
-75
-861
-545
-4744
6006
-2332
-2508
-1128
2336
-14372
-9327
563
-17587
4527
8545
12326
-1366
1050
-1864
16621
-27
11105
3634
-6911
11411
2758
5897
13842
3037
3102
-6168
2572
-5951
-9834
7236
-3699
2500
8901
-3516
12636
1746
21069
4454
-7593
-5066
10624
-3644
-16414
2097
-7392
-3393
-232
-10549
2878
6647
-9194
5463
-7318
-6527
-670
16479
8761
-6671
3560
-7370
6276
559
-4219
-77
-9844
1000
7495
3204
23
6936
-12047
3995
-368
-8608
5567
-2708
-257
5187
-2082
-3862
-9962
-5121
-9850
-4458
-3821
11175
-3459
3335
5348
4338
9750
9190
3653
1010
2354
-6778
-4839
1413
1774
-8338
-4101
7623
9296
3033
4774
2572
-1299
-4190
3317
6459
-6890
6692
-7062
7719
-1581
399
602
-7438
-13094
1216
3851
-461
-6653
3198
5021
5879
-2233
-1390
-9760
1904
5951
3230
-2282
-3063
-6367
-379
-8654
-1441
-2236
8542
4703
-1697
3984
2137
12994
-5116
5570
5682
4512
16407
-2934
10024
-68
-706
-1649
-2951
-11446
-5740
407
597
-2900
558
16029
5608
10949
3666
7372
-990
9259
4692
4058
-4103
5149
-5585
512
-3477
-138
-18411
-1233
-401
6910
-4100
869
6333
-746
-1322
7527
1728
-7379
-3740
-2602
10990
4598
6039
-2325
10337
-6474
-6146
-2438
-7712
-6578
1615
12190
12221
-12798
7837
3775
-12403
-6117
-6380
-5840
-6979
-2033
10024
6342
7024
-2987
-1143
2394
10695
7924
1716
7020
10351
10317
-3339
13739
7565
-5230
9475
-2858
-2268
-743
4162
-9257
8077
-8774
9281
4142
5373
7553
14870
-7059
8296
-8075
4299
5064
7514
4778
-9990
4611
8471
2912
-3021
-3369
18201
5357
12832
8774
7512
1826
19200
1630
1890
-1898
12854
-6792
5114
-3820
-2259
8519
5697
18784
4939
-10422
-2990
2567
-5715
-1258
4367
9816
-3553
8225
-5279
-9179
4574
-5357
-2293
-3456
1356
6887
1919
4073
-1998
-10017
-2345
8817
427
551
5176
-3954
1618
-1894
-2489
1358
6344
118
4987
10510
198
-4154
9469
6877
-7740
-4204
-2704
3032
6903
-4394
-8694
3555
-10601
-1106
-625
-1366
-920
-10047
828
2265
-2582
2524
7097
6979
-8035
-9719
-3666
-7530
-2302
-10333
-4108
-5065
10352
-1267
6662
4526
-3191
2609
-8804
-5418
-4066
-7153
-1217
3674
645
2003
5620
3088
-1168
304
3083
-4032
-1077
6138
-5899
6307
-4257
4228
10441
-15469
-18514
4409
-1469
-4808
-3633
2954
-4515
-7123
-2900
3211
11502
1898
-753
7277
-4034
270
-8291
5213
2917
1406
8256
2894
-3961
-11836
4663
8114
-4785
-1653
506
3013
11777
-7436
7060
-1838
11564
6019
9598
-7428
2722
3763
-14865
-2943
4514
-2623
17674
-6830
-12020
2805
3629
4050
306
-6461
-5429
2982
-10827
2258
-2419
-10169
-5
2491
6816
3569
-5477
3207
6781
1296
6490
2357
1954
-9213
-7336
5062
-5474
-10436
9548
-4254
8472
-1314
-11318
-1579
-6556
-4599
-8245
4748
-3439
5577
8400
369
-680
-12999
-6351
6673
-7269
6777
-3362
8718
2731
2458
2367
4692
402
1897
11539
7227
1954
15556
1430
4902
-4994
-8520
168
-5039
-3434
-14242
-1796
-2352
2905
890
-4212
-3912
1065
5714
1669
-9457
2813
12207
1163
7332
-13090
-897
7473
-10943
1000
-4253
12670
4712
-9976
-3725
12297
-1013
5546
3738
3199
1000
-9327
994
2318
-7250
-6660
-478
-799
1920
-2403
1728
-3094
-2557
-35
3044
-2055
5202
12067
-7284
1558
2081
2967
-2413
4860
-2440
-1005
2553
-4288
1391
4642
5011
-3427
4676
6641
264
6754
-11661
11424
-13083
-108
1598
1788
2459
10095
-4018
-2819
7406
7375
-5782
12806
-10677
9130
-4019
-4385
-5535
-1881
3713
63
8323
3615
-17
1771
9620
-4417
550
-2116
6417
1553
-2734
-11608
-5920
-1317
14028
4849
3829
10228
-9150
3661
2336
3106
-8029
265
308
4629
-958
5238
140
151
14459
-3975
-3310
9064
-14189
-2461
680
-8421
8802
-14710
12757
1074
-4070
-4809
757
-7560
-8155
-11079
-4420
11593
-15483
-5254
4053
-1872
-1020
-2839
8422
-2334
-4051
-5736
-7806
-8846
-2168
-6241
-215
5605
-2835
-2661
9376
-2528
-20139
-7289
-6929
4853
-3937
6462
-8679
-493
2104
-2342
1993
-973
-6509
-5360
-2651
-2359
-15304
-3517
-4898
-3656
8057
4063
7250
-10773
-2329
-355
-7246
6232
-5421
-10348
-3753
2368
-13113
1355
-4732
-8243
8786
2395
7196
-7534
6320
642
-4579
3030
-1867
-943
-9543
4137
-10700
-3062
-8358
10995
-9454
-1987
-7827
-1182
-2189
8603
-12554
-5750
1033
-6558
1397
6752
10170
-6104
10081
-679
1037
6275
-17433
-2936
1874
-9327
-2411
4490
-4092
595
3905
-7587
363
6264
-1855
-2283
5837
5832
-1955
-11491
15239
1119
-2536
1551
-11484
-7585
-3838
-12258
1216
-4651
9101
-10036
16009
-4071
-6627
9649
-10115
1932
-4859
-2136
-3456
-5978
3675
9568
-9983
80
-266
577
2716
-3821
-3376
-3944
7008
4948
11530
-1367
-12308
59
-2794
8329
3993
8918
1441
-3711
3954
-6872
-7661
3142
-2341
-1488
-1636
9485
-8905
-983
-2120
110
-3153
6022
-3833
3675
-10351
5511
-1279
-8528
-4026
-4216
-759
-1298
-143
4719
16372
-4027
17429
-9906
6569
11500
-24
6464
-4532
-16912
-658
8249
-3246
2347
-12277
14996
11592
-12816
9990
9418
-1863
-6331
-2653
-1255
1296
2170
1554
-11256
874
1644
87
1947
-9414
-4061
3278
-4785
-2669
-8474
-4828
2254
-1766
-8900
9615
3381
-10366
2249
4015
504
14135
1147
5002
-776
-255
-636
7703
1562
1931
434
7157
-3134
4382
-11731
-604
9362
-4711
-9982
7701
7311
-2943
1097
-11013
2932
1117
-8827
-10097
3605
-6358
-13544
-3395
9287
-1684
-3932
4632
-592
-7671
1255
-7580
2892
2070
-4987
-3639
234
-5284
-2342
9791
-3084
591
14320
-618
4271
611
-4167
-884
-8775
14146
-3362
3071
-11717
-9714
2249
1181
9448
4113
-5777
-12246
327
14997
-662
5612
666
-3947
-2994
7815
-1288
7927
-3884
14989
-4918
2487
2306
-4432
7324
3551
-10852
-4078
-5016
10185
532
5677
8232
-3928
5358
2017
9584
-11499
-10819
10357
3179
-9280
17846
2268
1111
65
2103
5152
-5147
-3931
-11264
-3006
5688
-7835
-2776
-2902
-1765
4878
237
-8515
1979
-1543
-6097
5535
4759
-1390
3206
-2229
-4673
-7360
-7496
937
-10731
1512
-12506
9459
-5956
2063
-3717
2484
8306
-5215
-3519
657
-2083
13618
441
-9932
295
-14785
14683
-4933
-4217
1573
5365
-1370
-6269
16378
-1308
-4026
-6473
5817
8030
378
5247
-4498
-3162
2622
-5795
-8168
2205
-6054
-8043
6268
-14962
14814
-11298
11430
15968
10108
4656
3311
14801
4301
12197
3298
-8737
-2423
-2918
-1191
4561
3878
-724
-9263
6362
5826
-2471
-10394
-589
366
2909
4641
-8741
-17149
-4039
-6470
-4195
-5216
-1504
2626
-3156
1322
458
122
1603
7328
2749
-4758
6500
-4520
-910
-1072
-3156
7243
1777
-3984
880
-7096
3811
1957
-5316
-630
7402
5908
-3595
-9263
9123
2047
-9963
-10379
-9790
-4910
-9415
-3391
1727
-1430
-6247
-4011
-1126
10861
-5581
-13532
933
-4492
2673
5504
-4955
-12379
-3203
7477
-5493
-2073
-8913
-1401
-3373
-8392
-2306
-4191
-4154
-9284
9584
-1177
-44
6009
7404
-1791
-741
2097
-18298
-1660
574
2190
-1370
-6533
2110
-2951
4564
1514
4962
-4713
-10024
-7329
-9888
5865
-2044
-6415
-10803
-311
-6022
890
-4180
2178
6347
5352
5222
-5602
11955
-6818
-2595
-3939
1159
-7578
-4503
2842
-1341
2134
14448
-2335
-4866
5683
3676
2562
-878
-760
-4391
1620
7177
-7228
8552
-2438
-7199
4635
-796
-8943
4507
-3317
6600
3872
10455
4664
-5842
4242
4524
-7263
1844
7877
5078
-6426
1918
-12520
881
-9380
12170
-604
-2416
-3706
-5688
11096
156
-553
-8133
1155
-2073
3183
-10036
233
4674
10686
4100
4049
5881
-13164
-1649
3630
-11049
-9787
5686
-7346
745
4349
2257
1963
-4615
-6154
-4253
-8494
-6655
-1933
1279
-12310
-1281
10661
7395
4138
-1915
-1922
-5706
-6045
-5984
-1697
6257
-11513
-5595
-6500
-611
-2928
-4809
-6374
1328
3746
-5815
7547
-2960
-352
-3561
3675
3356
-13944
-5269
-2024
2485
1602
3439
-9597
-12027
-1622
-5568
1710
6317
-6905
-4762
-5875
-1495
2310
955
853
-4747
-8813
-2870
3561
2120
-6588
1230
478
2730
-388
-3717
-5365
2242
7942
9304
-765
132
-3294
-1500
-1142
142
8632
-6743
4174
3843
945
-14768
-2331
-10904
-2234
4001
-8057
-159
12434
-3754
7337
-1587
-3679
-6366
-5233
-820
-392
5665
-7507
-8260
1715
4855
-3777
-11478
-9235
-327
25
2485
2779
-60
-6059
10383
-967
-7714
-13274
5389
2601
-1170
3645
1966
6022
-7717
2962
-8546
-4767
4752
-4952
250
10260
8890
-8404
-2077
168
1828
-3165
4304
4057
-4840
1314
9281
1881
-1561
-1793
967
152
-8629
-7827
-3508
4691
-5498
1055
-3853
7359
-306
5054
10856
-6250
-5396
-6047
4074
-4931
1400
2581
8061
-3669
-5993
2747
1446
-6460
-12479
-512
2084
-5397
6050
2669
-12417
-199
3925
7050
3679
-3641
2773
-11318
1836
-5683
-12823
5941
-8812
-1508
-4121
5728
3576
-2822
-5889
7906
2722
4510
-9830
4535
-7180
8755
1323
566
2689
4781
6491
7505
-5512
1647
10754
76
3197
-13275
1680
1510
-1897
1070
-2696
3463
-4494
10835
4720
-3005
5119
4457
-6986
-2224
-1035
621
-4093
-1701
4129
1110
-6715
-174
-3176
-5502
1704
-2444
-2294
5113
-218
-9714
7533
7877
1490
-2825
-4835
-4048
9967
-3780
11138
-5688
21
-5533
8295
899
1942
9999
-1884
-1321
-3306
2064
-4111
-9761
8887
-2476
-11448
-550
10406
-3210
-2299
-8387
-3099
-1589
-1820
-9963
4745
4081
-2518
-3860
-2757
-3924
1905
1842
73
-15702
-5337
3787
5241
-11444
-7657
2036
1488
-3659
-2112
8556
2904
-194
-7173
-3836
-4416
-1018
-4230
1913
6261
-2835
2405
6506
312
-1311
-5087
2366
-1627
7595
72
819
1642
-6656
-1908
-1210
-2732
2542
9785
3014
2577
11815
1476
8849
-197
-5432
-7816
3145
3837
-2957
-6867
-2342
5510
-5682
6166
-9997
4642
-8178
8571
-10242
-3824
1987
-1981
4250
-9743
-3766
-2039
-10305
-1986
-84
840
-4723
4716
-10277
-2776
1562
2656
5897
-6561
-3272
-3177
-979
663
2316
5705
4478
2313
2987
-1043
-139
1462
-9386
-5554
911
-8636
-1638
-377
4485
-7
-9694
1833
260
-2778
3793
3841
6547
8061
3059
2347
-7326
3154
-5613
1571
-1233
4056
8004
-2461
7698
70
-5461
-1533
335
-3899
5420
-4981
-8495
1799
1785
-2317
3047
1795
-277
-5874
-7884
-6203
3259
-6339
3594
215
10194
-3785
-1074
-4507
-2297
2026
-1019
-650
7116
7400
-767
-346
7185
498
-4558
1582
-8306
2891
6277
1517
-4470
-2582
-1136
-2795
4727
-8235
3161
-2309
-5054
4139
-1602
5496
-448
6400
5351
4762
1588
-2720
5095
2840
9460
-3127
-3042
2035
-342
-3644
-8624
3927
2673
3198
5424
-3417
-2112
-2360
4903
1665
6406
2074
-4198
-4195
-1381
-4433
1626
2383
86
14450
-4152
-668
5977
4064
1395
4601
6724
4887
10255
-11370
-1482
-9828
2197
-1007
-2779
-2781
