-138
1694
606
-522
141
805
404
-266
1292
146
975
400
-107
1682
-770
4094
1765
242
-964
97
-534
260
399
766
564
-549
-1831
259
703
1437
1780
-38
165
228
-1897
-1703
1355
2883
-889
-499
2928
-588
-161
227
886
-959
4198
-96
384
-506
872
-647
-220
-2196
-342
229
609
-1873
-877
1581
1341
2223
328
-1147
1727
734
1301
-676
-1789
-1818
201
1723
2295
-846
11
1621
-2556
-119
1420
-587
-2258
276
977
-470
1146
479
55
-2062
-41
-330
186
-172
1057
-679
2911
-717
-290
1519
-975
-3829
-294
1733
3442
1660
2038
438
-2297
90
571
-550
-413
-160
-441
-1777
320
-977
298
690
-864
2738
-87
1188
-967
1369
1001
2060
1556
1956
-1510
274
-116
-612
-2359
1995
1262
141
615
444
746
-2037
12
1459
223
47
771
1620
-1306
1460
105
77
883
-64
-1015
-792
1792
70
2372
-2266
297
-882
64
-1180
-830
281
2452
-758
618
-964
1456
-560
468
-300
414
-152
988
128
-991
-39
1851
-673
-1521
1762
-378
-381
-128
-1958
995
83
1056
1247
-675
-444
