-5
3
-41
4
77
27
-26
-4
15
-68
42
-8
12
-113
-62
-46
-58
53
-9
13
54
29
21
-12
47
14
1
53
-18
-21
-20
84
-127
46
-78
-28
-5
13
-18
13
-26
28
-45
8
41
44
-5
14
10
67
-60
61
7
-11
-41
23
-26
14
-5
-85
-4
-23
-74
53
-44
-3
21
21
47
38
-43
-37
16
119
39
10
-16
-20
46
-115
10
-51
-4
10
30
53
47
60
40
64
5
34
-7
41
-45
51
-16
-29
13
-25
-64
-13
86
-11
-25
-13
-32
-36
75
31
36
-17
-35
50
42
-96
30
-79
73
-65
-23
32
-8
-35
-68
-64
47
-44
70
-40
49
52
11
-10
69
4
-36
12
-16
-3
-23
30
-116
59
-17
38
-63
-16
47
26
-86
-89
46
-5
-49
40
26
-70
-39
22
29
-53
45
-92
24
-23
-15
58
-25
-34
68
34
-2
-55
41
-38
19
-34
-5
-14
-23
-12
-18
-40
10
-47
4
-48
15
-78
58
-14
12
91
48
-20
62
39
-28
24
22
12
24
-16
-18
-11
-22
89
-71
-20
36
-6
4
-10
61
-25
-74
-8
-3
31
-15
75
-15
-9
-1
-15
-24
-2
-47
127
-3
13
82
2
-78
-51
55
-24
-43
-53
-82
-38
38
-46
-43
12
-31
5
49
10
26
27
36
-52
-2
-10
-38
15
35
21
-34
-23
-44
50
51
109
37
10
-31
-40
28
-30
-7
-23
-86
34
-68
-91
-22
59
-7
27
-44
14
-19
-20
-22
-15
57
13
25
-91
35
34
67
43
11
2
-7
9
-56
8
-10
27
-65
33
-27
10
-4
16
-40
9
17
-18
9
65
3
43
-21
2
11
10
11
-56
67
-63
-9
-15
29
-24
22
39
-26
-7
-24
-5
26
-67
14
-40
5
-65
11
27
12
59
60
-9
26
19
36
-32
98
2
-11
-59
15
-35
43
-40
-36
2
31
19
53
-33
-11
-1
-3
27
59
-28
18
15
-68
50
-8
9
54
23
40
27
45
-7
-38
-30
-24
0
10
9
41
35
-58
24
27
3
-6
-6
-75
54
-17
63
-71
-52
-63
33
-62
13
13
22
-37
13
-44
-47
5
49
-83
-84
25
55
-45
-84
-9
-59
-5
12
13
-7
-52
57
91
56
7
46
3
103
37
-31
-13
-50
-29
36
-23
37
-77
36
-63
-64
-11
10
-14
36
-88
2
22
-25
64
39
30
-18
-20
63
-10
16
-69
69
-26
-54
-55
-21
85
-16
-39
65
6
-71
69
9
-65
-26
18
38
64
87
-127
-17
7
25
27
-14
-25
17
21
-2
76
22
-27
72
13
30
3
-29
39
-33
18
2
2
44
-11
-55
-40
-27
19
16
8
-58
18
69
-12
25
10
28
-26
-33
-24
29
-17
-44
76
33
-40
109
-33
26
-12
-100
-17
-11
-18
92
30
-33
74
70
-68
36
-91
-8
-7
46
1
-5
10
51
13
54
26
29
33
-84
5
-12
-24
39
-45
-9
-74
-43
-66
-86
-1
-11
74
40
-101
-22
-34
18
-24
-50
43
-53
-3
-7
-36
17
-10
-41
17
20
-127
46
24
28
-28
-4
-45
-2
-26
48
24
6
0
-42
36
63
92
-49
5
58
3
-53
12
48
-27
-12
29
-10
-64
22
4
58
27
-69
-6
-44
32
72
48
-56
-36
32
7
-48
-38
-2
34
-4
0
-31
53
-66
14
-33
-11
-101
-35
-16
4
-1
21
-7
20
58
3
8
-2
-39
-18
-12
-46
-26
-21
-19
-4
-22
46
19
-19
-23
46
-6
-7
34
84
-46
-32
-54
38
70
0
-15
7
-41
34
-24
-49
53
-3
-32
70
-29
-49
-78
71
5
20
65
11
-43
8
3
-44
-41
0
-2
-47
-32
-54
32
8
-19
-63
-5
10
-91
-15
-36
-59
-43
20
7
-27
53
37
72
19
3
-3
-64
-78
15
65
-13
17
-43
-44
-81
2
-54
23
-18
-70
45
-52
-53
-3
3
-70
23
62
-22
-7
-70
15
3
-99
15
-70
-27
-24
-46
-17
9
29
-45
-20
35
16
0
-22
-41
-16
-14
49
-63
-24
-66
-21
23
41
-11
-56
56
-79
-59
89
35
-3
22
-57
-55
29
-120
34
-8
-2
-40
-16
-4
35
104
-98
-7
-8
77
-13
-33
-22
-41
0
19
46
-26
-100
-3
41
-3
-59
-30
11
22
79
-22
-107
-15
48
-44
8
-37
8
39
4
0
28
-14
-42
22
-30
-39
-32
-5
-25
32
-3
-41
25
-11
0
5
11
-7
-102
-36
-36
5
77
10
6
34
26
-15
-28
-31
49
-9
2
-27
29
-47
-27
4
34
-48
10
25
32
15
70
28
-53
18
12
20
-8
4
-45
48
64
0
-18
-1
-1
46
-53
-57
-1
65
56
-28
57
-127
52
8
30
-68
6
49
0
-16
-5
11
-46
-20
16
-73
21
7
57
109
17
42
-2
-42
43
61
20
-41
-4
-1
37
22
-23
33
23
-64
-12
45
3
22
46
39
50
-81
-17
-28
43
67
33
84
57
-1
50
52
-53
-11
-35
-71
-28
54
-34
81
-100
-69
-55
16
86
64
-74
73
38
-74
-17
-14
-96
-115
39
11
-82
1
-18
16
-90
-83
-27
-30
14
20
-89
91
-18
-55
0
-32
-32
-52
-48
49
58
-116
64
-18
6
78
17
124
-34
-112
-58
42
44
-51
-105
17
74
82
32
-76
23
110
29
78
-24
-3
-21
34
63
-72
-64
-7
-78
-127
0
-31
-36
-40
-86
26
-38
-60
-116
-26
-94
5
-124
-55
-21
-66
75
-77
40
-107
32
15
-62
48
-51
21
-82
-88
-17
-72
61
-94
-58
40
-70
-10
17
-14
-35
-40
123
13
-2
-25
4
50
55
-6
-18
37
21
-14
-41
59
-8
66
-107
-12
-15
-21
-102
26
-49
13
10
85
-46
-26
42
34
-54
61
-40
29
-93
56
74
-11
12
59
-69
-29
-102
68
-19
120
51
-36
56
-18
-14
15
-88
82
10
40
95
-19
-11
18
-74
-11
13
35
51
-67
70
-107
-2
1
-20
-44
-114
-40
-14
9
63
52
108
-28
9
31
28
22
31
-107
-46
-49
2
12
-26
19
-43
61
-30
40
-44
29
-22
77
-3
-55
38
34
22
28
-4
23
-41
-36
28
-55
5
-26
6
17
35
22
52
-46
28
-55
-93
-43
53
22
5
-47
-34
11
7
-51
28
27
-40
61
35
16
34
69
38
13
1
-10
-28
-24
-49
22
39
84
37
21
-17
-92
-3
54
-39
-33
-54
52
-24
50
-10
33
-41
-38
23
2
-22
23
-52
8
-50
0
-5
23
12
55
-56
-68
-36
17
15
31
-17
23
32
-6
50
21
-43
-68
17
-17
12
-2
11
38
-31
18
70
26
18
-6
71
-36
26
-28
-22
8
-15
11
18
-7
-32
-27
-26
6
6
-31
5
42
18
74
-68
44
-45
-11
6
4
17
-56
48
21
31
-28
-39
31
5
14
0
-127
-71
-4
10
69
44
57
-1
52
-22
-3
-51
-14
-16
-32
39
-44
22
-24
15
-5
23
-9
-29
-28
7
-36
-82
15
27
-26
28
-73
46
51
42
-44
-38
48
-62
64
52
10
-14
2
-30
37
-6
-27
10
-40
-42
15
-20
4
-40
66
-59
24
-27
-13
-1
-3
-20
7
-41
23
-30
42
-10
8
-117
1
-31
50
-33
15
-34
-55
-48
37
11
31
22
62
-6
11
-21
25
-37
37
-48
-2
-40
49
-56
30
26
70
106
17
-14
79
10
70
41
17
61
-72
39
-26
18
6
30
-5
27
40
49
-65
-6
-33
-10
8
46
19
-101
86
-65
18
-13
84
59
8
-58
56
-42
-18
-11
-24
19
43
36
-79
-39
65
-15
-20
42
-31
-34
-10
15
-88
9
14
-7
-3
18
-18
-43
13
-15
5
29
-16
-12
7
22
51
-40
84
44
1
18
-3
-55
-32
43
46
-68
39
26
49
-50
52
-63
24
19
48
57
-16
33
61
9
-9
-10
33
-77
-10
51
-52
35
-12
-3
-52
-127
-35
52
6
-62
40
23
63
-10
6
-4
-31
29
14
-7
96
10
26
-16
127
22
-13
4
16
72
11
44
-7
-30
-59
-42
29
22
4
-2
6
-1
-4
66
52
39
17
10
-32
22
36
59
28
19
47
38
-12
32
38
-72
0
16
-73
-18
-52
-22
-9
-39
52
9
29
-46
-44
-5
-6
-37
12
-1
33
55
11
25
-16
55
-37
8
-52
47
38
12
-47
-47
17
16
1
8
20
11
16
47
30
47
-1
-43
-35
-30
-18
-26
-54
10
40
25
-28
-27
29
-51
28
40
-45
30
47
-28
-49
46
-2
-32
41
10
-39
-45
7
-38
-2
-48
-11
-25
-31
25
15
-36
-74
-63
26
-30
-55
16
-2
28
17
57
-4
11
7
-5
-8
1
-76
-51
-16
-13
-51
55
-23
14
39
10
9
47
-17
-11
-37
-19
13
-9
28
-22
15
23
-30
20
7
-33
16
29
39
-6
12
33
-6
59
-11
-11
18
-10
-12
10
37
44
-25
-3
-2
23
7
5
19
-31
12
26
10
-65
59
41
41
-49
-4
29
53
26
-71
34
-44
54
-40
-30
7
17
4
-85
49
-28
-96
-25
-41
-90
26
23
-11
44
-62
6
-2
65
-47
69
62
58
-27
-34
21
-19
-17
49
-127
9
-1
34
45
16
1
-2
17
-38
-18
50
14
30
13
-35
-33
41
25
28
2
19
-82
-29
100
36
94
6
32
28
-51
11
-28
-7
-7
-15
71
-31
-31
-2
19
0
-14
-7
17
43
-37
-93
54
60
40
-8
-38
40
-6
-105
65
-86
17
62
-66
-21
35
0
10
-36
99
10
-45
-45
19
5
1
-111
35
65
41
27
-81
99
36
5
14
7
11
56
-59
-11
-47
12
59
-92
-20
58
24
-34
19
9
-10
-14
-88
-6
-78
105
3
-16
43
-4
5
35
12
-57
-8
-72
64
-63
-18
-52
-4
-20
-72
-48
0
1
20
2
57
-22
64
-50
114
-7
-24
-75
75
-41
-11
89
0
86
9
-37
12
33
-54
-33
12
-16
-18
-29
-25
106
-54
37
72
-6
-52
-104
85
-23
-58
-38
60
-15
-65
-20
3
-46
-16
17
31
34
6
104
-52
-42
33
24
-19
17
-40
27
-40
57
-23
14
-44
85
65
-13
46
28
-57
43
110
-46
-78
-5
109
-62
-85
12
8
-70
14
-52
49
23
-30
107
-30
-44
34
11
-74
-58
38
-57
-38
14
-46
2
37
5
19
23
15
81
7
-7
12
1
49
49
78
30
-35
86
-12
-40
6
19
-81
53
77
84
-11
56
0
-11
46
-115
13
62
-36
34
-79
-36
-38
0
-54
38
49
-19
-34
-3
56
-33
-66
7
42
19
4
50
11
-25
-4
-72
-73
92
3
-30
-41
-29
21
9
-84
-2
3
91
24
-10
-17
-47
6
-124
-58
8
-1
-19
-14
87
-89
51
113
126
-11
63
127
-16
-58
-24
24
-20
-42
-69
-26
70
-30
-19
12
-17
-12
-64
48
17
-10
-9
55
62
22
-7
-42
-37
-23
-25
13
-38
45
1
-13
35
47
-3
-47
-12
45
20
-42
-6
-26
-6
-70
29
-29
-15
51
-27
88
-22
9
5
68
-36
-17
-64
-7
-50
-49
-104
-18
25
15
110
-25
9
-39
-16
18
-32
-33
-25
-25
49
-22
16
0
1
42
-1
-3
16
38
86
5
117
-74
-12
45
-6
-10
77
26
-31
52
-15
94
19
99
80
-12
-21
-61
-27
-88
-17
10
-19
-62
-44
1
-1
73
3
-60
-97
-74
100
9
67
-19
-26
53
46
43
-33
-19
5
18
70
-75
-75
-32
43
13
51
-30
-11
17
75
-11
-17
-3
82
-12
24
-53
-6
18
13
-65
58
48
-3
-30
6
32
0
24
-6
18
5
17
24
-36
-41
-16
77
25
-12
38
62
27
78
11
2
-11
36
-31
0
17
-81
25
90
33
-15
93
-76
47
24
-45
20
48
66
2
79
71
-76
-15
6
22
-22
-25
-60
18
51
75
-53
-127
-70
-74
93
18
33
-27
3
-11
-38
-24
-2
14
-17
-15
22
-71
-39
-40
-19
-12
-6
-20
65
70
-62
5
-60
-52
30
-58
50
32
10
-34
-7
-92
-58
6
55
58
-18
-11
-19
-12
95
74
16
43
9
-11
-50
81
-58
26
-43
19
-42
-8
3
-56
-76
-15
-31
35
-61
59
58
0
-40
25
127
0
-13
-26
-46
-31
33
16
-104
-60
10
-53
-67
-18
-62
34
-27
-20
-17
34
32
-19
-70
-36
80
-34
6
13
48
-18
-15
27
-31
43
31
59
-27
21
-50
14
16
-11
37
-29
44
11
123
2
-16
5
-9
13
-43
79
-31
92
-33
-56
-89
58
-36
22
-12
-65
-23
-67
14
-18
2
17
-13
-3
-53
73
65
24
72
-5
-59
-51
-90
-36
57
48
6
-47
105
23
30
-64
-6
-7
39
-20
-17
68
12
16
101
68
-5
4
29
27
29
15
-27
-48
-8
-8
32
-7
22
16
-18
-3
45
13
23
-41
20
-44
11
0
19
43
-21
61
-114
6
33
5
70
-24
38
17
-110
17
-53
20
32
0
-61
-25
6
-86
-53
-9
70
-5
26
-62
13
-16
5
50
58
-4
-39
14
-44
45
-76
-41
-9
53
23
-36
-12
-7
-49
10
-62
54
-32
-43
9
11
2
-13
7
-66
-3
-22
-70
-101
-77
89
52
-96
-19
-23
109
54
72
-61
-16
-98
-9
48
-1
37
97
10
35
-29
-61
-55
26
-18
-56
-40
-36
-110
14
3
-70
70
-11
-22
54
-59
-4
42
61
-98
-36
54
-37
-74
-54
40
-54
-61
64
11
101
23
44
-58
56
31
-104
-5
-6
-24
-37
1
-17
-16
-89
91
1
2
-60
-41
-15
2
42
21
22
-7
80
-30
-46
110
72
-24
97
127
-12
16
-43
83
-44
-19
85
51
-6
-70
51
-90
-76
41
-41
-30
-32
23
-35
-41
46
61
-15
5
-19
36
-21
-62
-43
-54
-11
0
10
3
-53
21
-87
-8
33
70
0
-83
-87
-88
20
19
78
3
-69
6
47
-30
-17
-19
-23
-29
35
94
20
-22
10
-111
-20
19
11
63
-17
-72
-29
3
58
19
40
73
13
10
-52
2
24
-37
-88
-20
-29
88
-69
-35
-9
14
-9
17
14
13
-1
49
-64
-21
-107
-49
9
44
-39
-93
25
-31
4
59
28
-13
7
-4
-25
1
-31
-2
33
-10
-64
14
-82
70
-3
20
78
-6
-31
-38
23
13
4
29
51
-11
-23
30
26
-10
13
85
36
-3
-32
-24
-51
-34
28
-27
-50
0
-18
10
-52
92
71
-61
-17
-109
-17
54
-46
56
39
-21
22
17
22
-35
-6
-35
-83
-43
116
73
68
-74
73
-17
-39
42
-15
-11
50
25
17
-113
-18
2
7
59
39
1
3
-4
34
27
66
-7
-18
-48
-56
-12
20
84
-100
127
27
-46
-29
52
-15
-17
-9
-18
-31
0
15
13
28
31
-5
89
-25
32
46
44
40
64
-27
3
-5
-18
5
57
-19
-36
16
-12
-31
35
29
-3
60
20
30
14
41
-36
-33
50
26
-5
-25
26
34
13
-39
22
2
-79
46
-7
12
27
-79
-127
-53
15
33
21
40
70
35
-71
-59
-63
-81
53
-29
-19
73
24
-42
19
-75
-49
22
44
-61
-66
-23
-21
43
-8
-86
-26
89
24
-43
0
111
17
95
-75
19
-86
-5
65
-29
45
52
45
56
3
-10
-73
-21
0
63
14
66
69
-10
-64
72
43
36
-15
-71
32
-77
-10
-40
-38
18
-109
-12
-34
-35
-39
40
33
78
15
-80
-60
11
-87
10
18
-6
28
-34
17
-37
61
-67
45
54
-29
65
-20
43
54
97
63
62
38
-26
18
125
75
41
-97
41
66
21
-15
-38
13
110
-42
-53
42
-77
-1
3
-61
2
-12
3
13
18
19
-6
-38
-13
-41
12
34
-28
-41
-53
62
46
79
-24
-52
-69
26
3
71
-34
-50
9
-13
63
-63
46
-5
-17
-61
-64
31
-17
51
21
40
-51
13
-84
-45
-30
9
-71
-7
61
23
36
-62
24
44
-9
-81
-90
-49
6
30
100
5
5
17
-37
-54
40
-18
37
59
-21
-86
24
-56
42
18
33
-33
44
37
-17
18
-50
-74
-14
18
-7
-14
12
60
-52
60
-75
-42
18
35
9
73
-68
-19
4
-79
35
-77
-29
-21
13
-25
-105
-64
27
-22
66
-80
14
-38
-45
1
21
-21
-28
-2
-23
-44
-19
-52
-42
25
15
52
-69
33
-37
-16
39
-118
-77
32
-6
-9
35
7
-38
-3
-49
-93
15
-60
-53
7
-20
-51
-46
45
-70
-32
-26
-59
1
1
-9
-21
-13
99
-1
-10
60
29
-16
-12
-17
6
87
77
-12
-47
92
-25
50
19
-19
12
10
26
26
-52
-57
-8
-71
-44
-34
66
21
-67
11
-5
-56
-12
13
4
36
8
-1
60
54
-6
66
127
12
15
55
-33
48
-86
-53
-10
81
-19
21
-6
-28
-29
50
-50
44
-68
-38
40
-38
0
-27
-13
71
-26
19
-45
-53
23
-32
11
72
7
15
103
79
24
92
-104
47
-60
25
17
63
74
-44
-8
-39
-12
92
-27
-2
-30
8
26
-24
-56
41
-19
63
-40
22
25
-37
-8
-34
31
21
2
-48
16
-19
-21
46
2
-54
-28
-1
-40
50
28
14
-17
80
-22
-4
-27
62
12
-57
20
-8
42
-12
-50
54
-40
32
-28
59
-71
0
34
-6
-2
13
-31
23
20
-45
10
9
-31
-17
2
-27
-16
12
-25
-56
14
-43
-44
1
4
-50
7
-1
7
13
-14
-47
-11
-56
-51
-12
27
7
-18
18
16
8
6
-2
0
8
22
-30
-106
-1
25
-12
14
-22
5
-2
0
51
-5
85
51
-79
-35
21
8
-35
-39
24
0
-28
23
5
32
-11
-20
-9
41
-26
7
-88
-22
-69
12
-31
-9
3
-19
-7
22
-8
-36
3
-10
1
-42
18
14
-14
0
44
14
-127
9
30
1
-43
31
55
49
6
-19
1
-31
26
-52
-8
-42
-55
-39
35
-31
-51
-46
19
49
11
-58
18
10
2
7
-8
-30
-27
10
38
39
38
-39
15
9
-4
-4
25
-39
50
7
-48
16
-40
-13
22
84
28
-8
-29
2
-74
-3
3
25
-2
52
18
-38
-20
-52
4
-33
-43
4
-6
0
40
47
43
-9
-68
38
-62
-23
24
6
45
76
90
-80
-14
56
17
49
-103
-18
71
24
-19
12
-34
45
19
31
-18
42
-127
-5
47
59
79
45
-2
15
21
37
43
36
10
42
-18
-70
0
5
3
-1
1
-7
-56
-51
4
59
25
41
-33
22
18
-5
-9
-35
24
3
-30
45
-22
-1
31
-15
-12
-71
-33
-39
-26
-52
-22
44
37
6
51
32
-3
5
46
94
-27
-61
8
-42
-19
-61
-3
7
42
15
54
13
-11
-37
24
117
-4
37
-31
-69
-24
-30
60
38
-48
56
27
4
45
28
35
30
-12
82
29
56
-104
-30
47
-73
50
-3
0
-54
-29
23
-3
-58
11
-78
42
-19
30
74
9
-24
-57
77
-33
78
16
-26
-1
35
-104
-8
-69
-55
-28
-34
105
33
2
-47
-40
64
-46
-40
-4
2
43
-97
-82
22
58
-65
84
-48
-3
-31
60
-45
-54
-58
5
-29
93
-56
110
-8
13
67
-10
-80
70
17
37
26
3
-17
33
22
-42
-26
78
59
20
52
-4
68
98
45
34
8
-56
-48
-36
43
1
-35
30
31
-97
-30
-26
36
-10
84
54
70
42
39
9
7
69
44
40
42
67
32
-64
-15
1
-13
-57
12
46
81
-64
46
-24
61
-18
-3
-33
-17
55
-1
24
-22
-9
95
32
-25
26
38
53
60
18
56
-62
25
7
49
64
-43
-35
-12
47
-10
67
4
42
-46
-81
-33
49
55
50
43
-40
31
-6
-5
71
-57
-75
58
-53
-2
42
-29
-13
110
81
-20
-48
-2
15
-4
16
-13
-13
-127
12
-28
-119
-43
37
45
117
-54
5
43
23
-38
-91
-60
16
9
55
58
66
-16
43
-15
-25
111
-74
109
17
-16
60
14
-12
43
-22
13
21
19
12
4
-12
1
-31
-72
50
-27
14
10
44
-22
-4
49
-5
62
100
63
-14
-63
-17
34
49
-27
-66
-25
-8
-21
-36
14
-39
6
-45
-43
-18
15
-57
19
17
21
66
-56
53
-7
42
-10
-9
-53
-75
15
22
-16
11
-62
9
-8
-8
-39
92
64
-76
-20
-38
-59
35
-29
-4
-75
-44
-37
-47
-6
-119
-35
-16
-22
2
13
16
-70
22
-37
44
-30
58
-127
41
7
-14
-65
-12
-52
21
-64
8
-64
-6
44
37
-50
24
-68
63
-33
5
74
-58
7
46
-60
-10
-12
-17
2
-29
10
7
-93
-2
-27
86
43
-26
-37
-8
44
-40
-18
-39
51
23
-42
-6
-80
-26
-40
40
-58
-33
19
42
8
-10
24
3
-44
-27
-105
114
72
40
-20
32
14
51
28
33
16
-6
28
-4
-80
-40
7
40
-1
45
39
-16
-2
-12
7
-24
19
-30
113
0
-107
60
-64
-38
59
26
44
-54
-15
9
42
-30
4
30
0
-20
55
21
6
8
54
-36
-37
3
-19
5
-12
59
-25
62
25
-3
-54
21
10
36
19
-2
15
-2
40
86
51
22
-65
-4
-66
-90
4
81
-6
9
-49
80
-11
69
-73
32
-61
16
11
-14
31
46
-8
48
10
39
8
-15
22
-7
59
-27
5
5
83
-31
-12
-14
49
8
24
19
-29
23
45
49
-41
-3
-58
-44
112
17
-6
47
1
-24
-15
-34
102
34
60
-70
56
10
5
-43
13
-4
9
90
-47
19
-27
-19
-64
78
7
42
35
-21
19
-56
32
12
29
-24
12
63
36
-18
39
95
-18
-79
75
42
23
-46
-68
73
39
-67
-37
-13
39
-15
46
-1
18
-62
43
46
4
30
59
-50
2
-15
27
76
66
76
-17
-127
-71
98
15
19
-27
9
30
-45
77
4
33
-25
49
-65
-5
6
55
19
36
34
72
-69
-23
5
-43
69
17
21
45
-106
-24
-18
-4
-11
-10
26
50
53
-3
-17
-14
24
6
7
-12
-33
5
32
26
8
-5
-48
-61
20
-37
17
-36
-14
21
39
55
-23
15
5
127
1
-21
-17
9
-45
0
-9
1
43
-63
5
49
42
-58
-10
-2
16
22
76
9
-11
16
-23
5
21
-40
12
36
-1
27
-36
-2
-7
29
11
-32
27
43
5
47
9
-15
-14
-54
22
-5
-27
51
53
35
29
-19
-37
-27
25
15
-61
27
8
-54
-6
10
-18
23
-32
74
-10
-43
46
-1
-16
-11
31
5
-38
11
-9
22
-6
-5
19
13
27
-32
-1
-21
73
-26
-11
42
60
28
-28
9
18
-33
-58
24
32
-6
-33
-48
-26
20
-2
-29
5
57
23
47
8
59
-75
7
-52
2
-33
13
-29
-9
11
30
-12
21
8
72
-36
-46
-3
36
-1
-20
-31
32
-12
-35
-38
2
-23
34
-2
26
-24
44
63
22
13
35
42
8
23
-78
14
27
6
61
-56
-34
-7
11
11
15
7
56
49
9
8
8
5
-74
13
3
-10
-39
30
-55
-26
-49
-31
14
127
37
-57
-25
-75
-69
16
38
-33
23
-5
20
-28
-7
20
-15
-3
52
-35
114
-30
-79
-11
57
-54
-38
75
-12
-37
123
77
-30
61
84
-29
-67
13
13
-12
41
-57
-7
2
-21
42
80
5
-4
-19
-18
-74
48
-16
-45
-27
7
25
-36
-47
-17
46
42
-19
6
5
9
13
-3
-29
67
28
-29
-44
81
59
-34
7
65
-7
44
21
-46
-7
53
-29
-49
28
47
-16
27
-37
-47
45
1
22
-4
21
-5
55
66
24
84
-57
32
-40
-28
28
18
112
9
-19
63
-10
2
-17
-32
46
22
-50
26
11
-9
45
-31
-39
-24
-20
-49
28
-39
-18
23
-23
45
-50
-36
-53
-13
-2
66
29
3
-16
-6
-25
-24
-32
19
-5
121
-29
-5
26
82
-42
61
-80
46
-32
26
-4
6
58
70
-5
52
-12
79
49
22
-39
26
-51
-8
56
32
4
-61
21
63
-19
-47
-19
72
35
12
5
5
11
-27
-30
19
11
-68
50
-16
-13
-58
6
14
3
30
-22
26
76
53
-26
-64
-32
-30
-3
3
24
-10
8
30
-19
-42
-52
-2
11
-12
57
51
-48
3
38
22
41
34
-64
53
42
109
50
-44
-44
9
-6
-32
51
-36
21
-22
12
50
-13
-2
60
-8
-26
13
7
-5
-38
-15
-1
15
10
-6
-12
3
39
-28
8
-18
-14
-12
15
48
-28
28
72
-5
71
51
-62
41
-22
-65
-64
-23
-50
-18
34
5
90
46
3
-40
33
-27
32
59
47
67
2
-62
54
-26
-5
-28
44
-8
-40
32
-46
-51
39
6
11
-11
16
-25
48
-59
0
5
18
29
16
48
7
15
47
-3
34
-49
29
127
-26
6
10
2
42
54
-5
73
-16
-34
-7
34
33
-27
-17
63
51
18
-1
-27
-9
7
18
97
72
-13
69
-48
-3
33
4
-19
-17
37
-9
35
12
3
-19
-45
-14
17
42
25
35
-15
-3
-4
1
-41
28
11
-21
37
38
-1
-5
-22
-79
-21
-39
15
17
-6
32
34
10
39
-13
-74
27
21
-11
123
91
-49
-1
37
-41
24
92
-44
-42
-5
19
-52
55
30
-17
24
-34
-29
55
68
106
59
-37
-56
77
8
-18
64
-1
-9
-20
43
-31
13
-55
32
45
11
-3
-14
-21
53
0
35
-30
11
-47
26
-12
-111
25
-14
99
-23
-47
63
-28
-28
-12
-44
-14
3
3
23
14
-13
42
-7
-27
-28
-127
25
8
52
45
-42
49
-42
74
10
-55
30
25
-30
5
-12
50
-38
-65
28
67
-42
53
4
63
25
13
-74
30
1
-4
29
-54
67
10
-35
-11
35
35
-55
-77
-17
-43
87
-1
-51
-48
-1
-4
44
-11
-56
-14
-26
-84
-26
9
32
15
55
38
39
-33
41
10
49
-59
-28
-34
-13
3
-34
47
-15
-38
-55
2
39
71
47
64
0
54
-17
-35
-45
21
4
49
-15
118
-57
-33
35
25
-78
-105
78
-14
50
-19
59
33
-17
24
21
-29
36
-16
47
-29
84
-23
6
49
127
21
44
41
-55
69
61
36
77
71
2
-16
-29
10
91
16
-1
101
58
-3
8
22
-104
33
-61
-20
13
16
5
74
73
-2
-34
-2
-70
-21
40
43
-45
107
-3
-64
-13
31
-64
-6
54
-64
19
29
5
54
-112
-4
56
42
-77
10
30
97
-35
-33
-51
81
24
-64
9
-41
-112
-42
-10
44
107
-11
65
10
94
-84
12
-78
5
64
33
10
-57
-8
-37
10
59
41
-50
-34
66
41
-44
-94
-21
16
2
22
100
-65
54
-34
5
121
-46
-51
40
-14
19
61
42
1
-41
13
-18
46
41
81
46
-3
29
5
5
-69
-41
-24
73
-12
45
-3
30
-4
-45
1
11
52
13
-4
-52
-52
10
86
10
48
109
-27
-56
31
62
91
25
-29
-15
-5
-4
51
18
99
-58
-44
52
-15
91
-11
-13
-17
-11
6
15
70
-6
23
49
20
-20
-12
-40
81
-79
19
-68
15
-3
21
-35
38
8
-15
17
8
-6
30
-99
-26
7
105
38
23
-21
28
-69
-9
-18
50
-9
15
-18
20
-32
-11
16
-16
-4
-17
-2
19
28
21
-8
47
-14
-2
-24
-18
-127
-34
53
-2
-67
-96
21
-78
-16
-3
5
1
-122
-15
-50
-23
-22
44
0
-37
-14
-27
44
29
32
-40
3
1
-61
42
-33
43
58
39
-45
16
-4
-6
4
-32
8
12
16
-42
-9
-4
-17
-27
23
-81
-22
-35
39
-1
7
6
32
11
-5
23
18
42
1
-11
-8
-47
-48
-20
35
15
17
30
21
16
-45
6
-30
-50
26
22
-16
-48
59
-55
-25
3
-59
-45
7
-25
-31
-13
-21
-42
-85
47
58
31
9
-10
46
-53
40
14
-1
-3
11
-17
-64
11
-14
32
-17
13
47
-14
21
-16
-1
-15
27
13
29
10
-64
58
21
56
18
-9
-27
12
-7
96
-17
20
-28
17
-1
-94
-3
9
43
56
-9
71
-4
16
-23
-26
22
27
34
-95
25
-47
-5
-9
65
30
-43
30
37
21
47
-2
24
-23
-7
-70
-51
-35
95
78
111
45
-20
-63
31
-56
-15
-2
-3
79
-29
-37
10
29
4
-12
95
-66
-49
107
-112
41
30
-70
43
-58
-126
22
107
1
-58
-65
98
102
-66
18
-24
-48
-12
5
12
22
35
-33
24
-66
19
-88
-55
-45
79
-64
2
30
62
100
-95
56
-70
-32
26
-48
-42
26
6
0
-15
-96
-61
37
117
-5
-6
58
-12
-108
-50
57
-25
24
-22
14
17
-30
78
25
33
66
26
-51
12
14
-93
-68
-16
2
81
51
41
-23
-10
92
25
23
46
25
115
38
-82
32
-31
-50
-11
33
127
36
-50
-7
-63
-42
-92
-43
-13
-38
-28
120
-6
10
-60
31
61
27
63
28
21
-3
47
-40
-34
-30
-51
-36
57
18
-29
-54
70
-21
-99
-4
8
63
48
27
37
7
-65
-67
-74
8
-35
-6
-7
24
58
-32
-1
1
-66
57
127
-25
37
0
16
49
-63
-23
-6
-29
7
14
-18
45
-105
39
33
-5
30
7
-28
41
40
117
-15
0
34
44
15
-23
-30
63
-47
-102
-3
-15
18
55
1
70
21
53
-33
2
77
55
-5
28
-80
7
-64
-15
-2
28
29
51
8
1
6
46
-37
15
-45
74
107
23
-35
-34
-42
55
40
2
2
3
16
21
31
90
71
13
-6
17
-14
-45
-18
101
25
-52
57
-11
44
35
15
36
49
-58
52
61
41
-16
-26
27
-27
-18
27
14
111
-30
39
-70
4
95
-54
-11
29
-86
47
-58
-7
-4
33
-46
-73
10
2
112
-1
-56
-42
-18
16
-45
5
74
23
14
-53
-67
77
-95
-17
-20
15
-15
1
-13
-1
-36
-21
59
45
42
-10
-68
-54
-38
20
65
-28
68
74
23
-85
-69
113
-93
-51
82
9
5
59
47
-54
-25
95
-37
73
14
-13
19
-16
39
38
-38
-26
5
25
38
9
-44
38
41
31
-19
11
35
11
39
66
104
-10
-10
4
33
29
42
-51
105
-46
-10
-47
10
60
29
54
45
-51
-46
7
79
74
-7
121
-79
-2
118
4
56
-127
3
1
30
24
36
-76
-91
-15
-19
21
-30
-14
-14
-45
62
13
-36
-65
-61
82
25
61
-58
98
52
87
76
50
24
-11
-45
50
80
-12
77
55
24
42
41
64
-5
-28
54
28
-25
-43
-98
30
-8
23
75
19
-55
10
-69
56
-8
-63
-16
28
-29
-57
77
-76
25
-63
21
113
82
31
22
27
-39
-59
-46
98
-3
-21
16
-50
2
18
80
61
96
-59
23
17
86
-71
-51
-32
17
-88
45
0
-57
36
94
-19
-82
-26
-10
18
-11
-61
-28
22
-43
22
78
72
-65
2
-20
-60
0
-4
41
-68
67
-11
-39
-24
33
-60
-15
29
-23
15
-66
-64
46
-94
-57
67
29
32
2
-20
-28
-32
24
88
35
-40
31
-95
-42
-46
59
63
57
72
16
31
-27
-15
29
-60
12
-67
-102
-24
86
4
-62
-2
105
59
-71
15
-55
-5
99
-17
9
-27
61
51
15
-23
-40
42
-31
13
58
-101
35
-47
44
-35
0
-53
13
35
58
-57
23
2
-89
44
116
14
12
-40
11
94
58
25
111
-6
-89
-52
2
58
-65
-13
-6
45
-14
14
42
67
48
24
-41
-14
33
-127
122
-1
-22
-38
9
-70
1
38
0
-24
-44
46
22
-53
-44
64
-8
70
-29
-24
11
-38
-48
62
-62
-5
-62
45
-32
69
-37
-25
66
-4
7
-78
-20
47
12
-33
-41
72
-36
-7
47
54
-35
-46
-97
27
-31
-80
18
-21
48
-72
53
27
55
109
61
-22
-24
-41
-26
-4
103
-4
13
41
-89
-11
75
-40
-33
34
-39
2
30
-2
-56
-54
1
31
48
0
33
28
-67
50
51
44
-27
-16
59
46
51
54
