4
5
-1
-9
-10
-1
1
7
7
-4
-9
3
3
-8
1
-1
10
4
-2
3
-9
-8
-2
15
-4
7
-8
1
-7
-11
5
0
14
7
8
2
-3
5
-10
10
-3
1
-6
3
-4
-12
0
13
6
5
-6
0
-12
-6
5
7
4
6
-7
2
-5
-5
9
-5
5
6
-3
5
1
4
-6
19
-9
8
-13
-1
-4
-26
-6
-11
11
5
6
0
-6
3
-3
8
1
0
-7
7
-7
-5
3
7
10
3
2
10
-9
-10
-1
18
-5
4
-3
-10
-16
-4
2
5
2
8
-2
-9
-8
-2
0
9
5
-3
-10
0
0
-9
-2
-4
8
10
-3
4
-12
-4
-1
8
3
2
-2
3
-1
-7
1
7
15
7
2
-8
-8
8
-3
1
8
1
-11
14
5
-8
10
11
7
6
-2
-3
-7
4
-4
12
1
7
-12
7
-1
-16
0
-4
8
4
-1
6
-12
-9
-1
14
-2
3
-6
-4
-13
-6
5
3
9
5
1
-5
-7
5
-5
4
4
3
-7
9
1
-13
4
7
2
3
0
0
-4
-4
3
9
4
-4
4
-2
-6
5
6
10
7
4
-5
2
-8
-5
3
15
-3
8
-10
-2
-6
-13
3
-8
9
10
-1
-1
-4
6
-6
12
0
6
-12
9
-1
-18
3
2
8
5
-5
-7
-9
-2
2
8
7
1
-11
5
0
-6
10
-2
5
4
3
-4
-6
1
-2
9
-4
5
-3
2
-3
-7
3
5
7
3
-2
7
-10
-9
2
19
-7
8
-8
-9
-11
-11
5
-3
22
7
11
2
3
8
-16
1
2
1
-8
18
-3
-11
10
28
7
7
0
-3
-7
4
-5
12
0
3
-11
3
-3
-14
3
1
13
8
2
-2
-3
4
-7
10
0
4
-13
11
-1
-14
4
3
6
4
-2
-6
-12
-3
2
12
5
3
-11
0
-3
-9
3
-4
5
1
-6
6
-9
-9
2
19
-3
6
-8
-9
-11
-9
5
-6
16
9
6
0
-3
8
-11
7
1
0
-8
7
-1
-12
4
14
18
5
14
3
1
6
-14
3
0
0
-3
15
-6
-8
7
26
7
0
1
5
-10
-10
2
19
-7
5
-10
-8
-10
-12
-1
-2
4
4
-3
1
-8
-6
0
18
-4
5
-12
-6
-11
-15
0
-9
8
5
-1
8
-12
-9
0
15
-2
3
-6
-6
-14
-6
6
3
3
5
-3
-7
-6
7
-2
7
3
2
-13
7
2
-14
2
-4
8
-2
5
-3
-10
-4
3
12
-2
2
-5
-3
-4
-11
-5
4
3
1
-1
-10
-6
-7
4
9
4
-1
-6
2
3
-4
1
0
7
7
-1
-4
-9
-5
-2
13
1
2
-11
0
-6
-9
1
-2
10
6
-2
-3
-6
-1
-2
13
-1
6
-13
2
-4
-12
7
-2
12
4
8
-2
-2
4
-8
6
2
2
-2
11
-7
-4
8
22
10
0
1
-5
-6
-2
2
12
0
4
-7
-1
-6
-7
4
5
-1
-6
2
-7
-2
-6
7
10
1
-5
0
-6
-1
-1
-4
4
3
-1
-8
10
-5
-14
9
20
-9
4
-3
-15
-9
-6
-7
-11
22
7
11
2
3
8
-16
1
2
1
-8
18
-3
-11
10
28
