-756
-907
-1503
-1459
571
-592
-3150
-4388
130
-1639
-879
-442
-1834
-1620
200
-1160
-507
-816
-601
-4254
-996
357
-65
-2660
-207
-767
-17
446
189
-2761
-665
-411
-1753
-486
-1644
-1230
-1290
-915
-1360
-431
152
-39
254
-5210
-259
-3925
857
-2084
-2296
-713
957
-1156
175
121
-1202
-1590
-914
-2028
-2570
62
-2953
-622
-1606
-47
-2469
-136
-2747
-244
692
-1026
-1138
-1051
-714
-65
-41
-1814
-2733
499
-871
-2294
-2003
-721
-2892
-356
-1072
327
211
-252
154
-1692
-808
-3635
-79
-269
217
-935
-761
-822
1455
274
-1395
-2155
621
-444
-1532
-1255
-1355
-1790
-116
1043
-1215
-728
4282
-437
-2199
-836
-856
-2404
-191
-630
-1659
-587
465
-448
-1103
-2070
1283
-1191
-893
-564
-2158
802
503
-674
66
210
-4791
-1092
-407
-371
-253
-199
-1946
216
-1681
-1773
-407
-2209
-3293
-2216
-698
608
-1288
-1760
-1095
796
-2915
-420
-969
-894
-367
547
-505
-1270
77
772
-182
149
-1255
-1938
52
-189
161
-6893
346
-2156
-4522
-809
-6005
42
-669
-462
-89
-300
73
-724
-1626
-1589
-889
-75
-2516
-86
-411
566
-369
54
893
-924
-1448
-1261
-1698
-479
927
-159
-487
-1058
-2242
-1419
771
-5049
-2988
174
-2213
183
102
-987
-6693
-205
-118
-2642
-1010
-2476
-1698
-4227
-1341
-1234
-583
531
85
-2006
-243
715
182
-959
-1005
-366
-520
-680
-1316
-578
-1347
-1099
317
-939
199
-1411
-1057
-219
-3166
-2708
-1793
-15
-4465
133
-451
-2478
-2650
-119
-1109
-695
-361
-1340
-2605
-3891
479
-3263
-1415
-795
-949
-976
-692
67
82
401
731
98
-2780
-780
-4704
-1254
-1041
555
608
841
-85
-605
-1523
763
