1524
0
-80
-419
0
-62
0
-1139
328
190
-176
-1350
-553
408
-2208
-649
310
-174
0
0
-850
-410
505
-453
0
0
3568
1183
447
-2904
0
-1100
662
0
2074
-648
423
-578
-112
806
-411
0
0
-313
-7943
630
0
-336
496
0
0
-725
-284
53
0
-1488
0
1
0
2683
0
0
-1820
-1077
-1745
-1270
0
0
1904
0
-868
0
-10
0
0
-354
0
0
-2263
-70
0
1159
1394
-4122
-1421
667
0
363
400
0
0
0
2780
0
-880
0
1356
0
46
-285
0
-127
0
-2387
-712
440
-216
456
-675
504
256
-5983
-1825
-74
0
0
-1270
1270
-188
2176
0
0
4342
249
189
-2899
0
492
-228
0
-1571
-920
949
1343
-55
150
-1142
0
0
-157
-9020
369
0
-84
328
0
0
2215
1816
1108
0
-3195
0
507
0
1826
0
0
-2901
-843
-857
400
0
0
-995
0
156
0
12
0
0
-648
0
0
-1626
35
0
-1633
1184
-2144
1100
-1148
0
442
-192
0
0
0
-1584
0
-1104
0
-300
480
0
-1085
0
5
0
163
-5298
574
222
-1032
1157
0
-1215
-1895
0
0
0
0
-81
46
-862
939
0
402
1377
1067
-909
-2032
0
180
1285
0
249
-1094
-931
-1739
8
-96
569
0
0
-451
-8429
486
0
-190
940
0
0
830
-1063
-3111
1905
-2329
0
-51
0
2656
0
0
-150
-284
-1218
0
0
0
1284
0
-180
0
0
0
0
1434
0
0
-1270
-2072
-405
520
319
-4569
-806
45
0
-27
0
16
0
0
255
0
-2001
0
1860
-256
0
-1220
0
-375
0
-2753
-3260
-468
256
-557
-409
96
-1567
-2247
254
0
0
0
-85
0
-779
-2030
0
0
1044
3641
-426
-2331
0
-2254
869
0
853
-864
1083
-818
-560
611
230
747
0
-504
-10712
576
0
3
370
0
0
1763
1281
-289
-1425
-3470
0
716
0
3087
0
66
-2531
-1100
256
-79
0
0
2183
0
-8
0
0
0
0
579
0
0
-1950
-1228
104
629
105
-2075
-1166
779
0
140
225
-614
0
0
2388
0
-594
0
3630
140
0
-262
0
-333
0
178
-3218
266
-108
1273
-147
-480
1265
-6688
-1082
0
0
0
-127
0
-3304
2435
0
0
-278
-1199
45
-2763
0
-643
830
0
-3403
-892
1873
560
214
824
-299
-81
0
34
-9870
-429
0
-152
472
0
0
5110
2226
204
-705
-4269
0
1134
0
898
0
252
-6147
0
-121
101
0
0
1528
0
-440
0
0
0
0
647
0
0
-830
-1297
-344
-1789
471
-3457
769
-1880
0
-9
-108
48
0
0
-1971
0
0
0
120
0
-33
-429
0
1
0
-2324
657
-1215
456
-1401
-165
48
-710
3940
1810
-64
0
0
-170
-470
128
352
0
0
-3143
-3916
-1164
-938
0
-182
1557
0
1532
-2962
1507
-578
-113
2762
1182
0
0
599
-4945
589
0
28
-1632
0
0
1540
-4055
1620
0
-827
0
1011
0
1662
0
0
-1796
489
-5894
-790
0
0
3023
0
-4454
0
-51
0
0
762
0
0
-1497
-440
0
3239
661
-5332
-977
-204
0
-440
-16
0
0
0
-980
0
-2092
0
-1520
0
-3
-1190
0
-63
0
-1037
-1990
30
-212
-318
631
-240
-1609
596
-1070
122
0
0
60
870
-845
-996
0
0
-2707
-261
-1820
-1644
0
1678
-973
0
-415
-3766
3507
17
-180
-1882
528
0
0
1355
-8449
12
0
-131
-896
0
0
3072
-3475
1482
0
-797
0
2024
0
1466
0
0
1568
-1877
-3594
1010
0
0
337
0
-560
-80
7
0
0
1728
0
0
-56
-693
0
2302
-403
-2363
648
-394
0
-132
880
0
0
0
-680
0
-1288
0
3163
34
-207
-224
140
-435
0
21
-1587
1291
-432
-541
0
0
-663
-3183
-1770
-128
254
0
1971
-32
-2019
1039
0
254
2501
783
-2316
-3601
0
-358
-593
0
1403
-557
-609
-2406
32
502
-481
0
-611
440
-9129
718
0
0
1226
-64
0
-1185
-569
-2543
419
-760
0
-272
0
2127
0
0
-2374
-297
-1022
0
0
0
404
0
-1827
228
0
0
0
-1736
0
0
-3634
-2182
0
542
596
-3756
-1368
535
0
-342
-151
0
0
0
367
42
-537
0
2825
84
363
-1397
-304
-778
0
-3139
-4700
-936
341
447
0
0
-1423
-4912
-3275
244
184
0
679
319
-1161
-600
0
392
2547
2588
-4785
-3430
0
-1379
-1655
0
-2624
-447
1583
-397
-320
-343
57
0
-533
-1477
-7884
-1295
0
0
41
-254
0
576
1390
1889
-550
-2707
0
-421
0
2995
0
0
-4651
1365
-3198
0
0
0
1028
0
-153
0
0
0
0
1970
0
0
-2816
-1568
-18
-1557
475
-881
955
-1546
0
138
289
0
0
0
-1660
-126
-2602
0
-240
-3
0
-1153
0
-240
0
-1558
-1934
-1588
1318
597
-1432
0
-198
-4321
-712
-148
-206
0
-254
299
-2675
2313
0
126
-3735
-38
457
-2865
0
686
761
0
-2893
-1434
829
415
456
503
375
0
0
-1021
-11863
-74
0
395
111
0
0
-755
67
-1977
-164
-4006
0
1315
0
1986
0
0
-3084
759
-5096
0
0
0
1632
0
-597
0
0
0
0
3908
0
0
-993
-2896
78
-1199
651
-149
1410
-1300
0
437
-98
-199
0
0
-589
-118
-1001
0
1581
-376
0
-1914
0
637
0
892
-4144
-162
-1052
-1432
-1380
-792
-2297
-2007
1046
0
0
0
1099
292
-1964
129
0
0
449
-6364
-1374
-3353
0
-3539
-1893
0
1090
-7116
2178
-1817
-230
1585
309
-18
0
-41
-14368
479
0
1077
-1694
0
0
2984
-4025
57
-1077
-1985
0
3649
0
1688
0
360
-4166
-1225
-6589
-23
0
0
-112
0
-3220
0
0
0
0
720
0
0
-1106
-4498
-186
2182
1717
-6770
-1378
-242
0
-60
-9
-597
0
0
-25
0
41
0
1995
-511
0
-934
0
151
0
-1280
-6146
230
42
469
301
-1272
-513
-5896
-576
0
508
0
717
92
-4031
1512
0
0
2508
-2768
-1336
-2742
0
1625
997
0
-2131
-5509
2666
90
-700
294
-77
-819
0
-518
-13781
7
0
152
-1397
0
0
3793
-1725
-732
-807
-2054
0
3682
0
1087
0
762
-4812
-889
-2194
-480
0
0
-1989
56
-955
0
0
0
0
-1118
0
0
-1571
-2232
-95
1103
268
-1643
190
-509
0
65
620
-206
0
0
2754
0
-288
0
-199
0
-102
-852
508
79
0
182
-1327
-1254
528
59
-720
-726
-2436
-1158
368
-224
0
0
-1754
-636
-870
-974
0
86
33
4549
589
-3391
0
-765
707
0
-237
-5266
2779
-1539
254
1550
1508
0
676
-11
-11300
990
0
381
-769
64
0
279
127
191
0
-675
0
751
0
2047
0
0
-87
-391
-4553
-910
0
0
1998
0
-3841
240
0
0
0
3413
0
0
-1156
-1899
0
4221
1549
-3184
-1150
-582
0
-753
-1036
0
0
0
1260
0
-1433
0
207
120
-240
-1384
-120
-70
0
-1682
-9151
-703
-8
-1280
-236
0
-1313
-3920
-484
496
92
0
-1981
-780
-1513
-475
0
42
-1560
-2426
-4056
-3432
0
-1296
890
0
-22
-565
1890
-2058
-192
2980
226
0
104
359
-13976
457
0
0
-903
250
0
1695
-448
-1296
1419
-1891
0
2105
0
1340
0
0
-3607
-1916
-2654
0
0
0
-3990
0
-3940
276
0
0
0
-1650
0
0
-2608
-2368
0
2506
537
-1698
-728
95
0
128
261
0
0
0
606
-32
-1284
0
-3189
-64
138
-762
-176
-1033
0
1351
-4331
-2201
-80
-178
-508
136
-1593
-5124
-3746
508
875
0
-2786
1249
-2764
90
0
-294
-2253
-1190
-6106
-5346
0
-2180
-2518
0
-430
-4323
2575
-1311
68
1211
94
0
-234
-1307
-15069
-1659
0
0
-818
-216
0
556
-1729
227
-1042
-1212
0
3355
0
-461
0
0
-1852
648
-7312
-127
0
0
-3050
168
-5260
0
0
0
0
-2884
0
0
-1572
-3002
-291
1598
589
-3734
-145
-1925
0
754
-932
0
0
0
1820
-106
23
0
1434
120
0
-1654
0
-200
0
-30
-1694
-1068
-877
-362
178
84
-769
-2094
-2047
0
-721
0
-729
-234
-746
126
0
-396
-1315
-5757
-3744
-2154
0
-3128
12
0
-3282
-3830
2751
-1613
373
-998
371
0
0
-1108
-8471
-490
0
-76
-1283
0
0
2500
-5220
-272
762
-1160
0
1936
0
-88
0
0
-1902
-1260
-7742
-70
0
0
3749
-123
-2054
0
0
0
0
3945
0
0
-2768
-1583
18
2949
889
-4331
42
-387
0
17
-40
8
0
0
-709
0
304
0
1506
-64
0
-1658
0
43
0
-4280
403
-1274
113
-1547
-450
0
-227
2095
378
0
0
0
-765
-164
-1018
1001
0
0
-5314
-5155
-2510
-1118
0
2971
1492
0
-84
-3342
2858
-633
-196
1756
-35
0
0
476
-7043
-477
0
-34
-947
0
0
1610
-3749
2287
-570
-2586
0
2881
0
-184
0
0
-4661
637
-4542
0
0
0
2654
0
-2693
0
0
0
0
10
0
0
-1252
-653
26
2196
993
213
-46
207
0
0
-513
-187
0
0
-1263
0
-762
0
-1875
35
0
-714
0
113
0
-2868
-1899
-1294
-140
-1202
-88
0
-289
1062
1844
0
184
0
-1143
508
-866
-532
0
0
-3450
-2268
573
-1968
0
-371
-687
0
-3201
-4975
5525
909
15
-515
132
0
0
146
-5566
-517
0
0
-727
0
0
2844
-5736
3037
-282
-1880
0
2398
0
-139
0
0
464
77
-4685
-316
0
0
844
-59
-531
0
0
0
0
1798
0
0
-459
46
-86
719
-270
-4596
-133
-1850
0
0
-1148
8
0
0
-705
0
-594
0
0
0
0
-1053
0
-153
0
-1150
638
-176
43
1039
-191
0
592
-304
-1770
0
-28
0
0
0
-172
257
0
0
-2804
677
0
-672
0
0
53
0
-3242
-4925
3815
63
595
-378
63
0
0
502
-4945
-451
0
0
54
0
0
2511
-1772
1287
0
-1592
0
525
0
-429
0
0
-421
-700
-2915
404
0
0
1419
-119
417
0
0
0
0
168
0
0
178
42
0
1540
1044
-714
1208
-316
0
0
-301
-127
0
0
807
0
-324
0
0
0
0
-1519
0
0
61
349
-762
-1302
2822
0
2585
0
-1237
-1303
0
0
0
0
0
0
0
-741
0
0
2100
1441
3594
33
0
-2514
7080
0
320
-804
171
0
0
153
304
0
0
150
-5880
0
0
-544
0
0
0
1892
1425
6
0
-1711
0
740
0
2739
0
0
0
-995
-4921
0
0
0
1575
0
-1161
240
0
0
0
4104
0
0
0
35
0
-50
332
-2778
0
0
0
70
0
56
0
0
0
0
-4683
0
1052
0
24
-2584
284
-434
381
-1419
-163
-1389
-1168
-950
-2118
0
-2771
1575
626
0
508
0
88
-36
-384
-1156
0
-76
740
-1022
-4980
-3049
0
-4304
1213
0
3092
-2473
1127
-511
44
1330
-1488
0
-1508
-311
-10861
-1104
0
-147
382
-54
0
628
-3186
-788
0
-1424
0
2102
0
1977
0
0
-1491
-1892
-5358
-1016
0
0
4303
112
-4269
380
0
204
0
-1210
0
0
-2080
-267
0
3494
1854
-6476
-1349
-90
0
213
-509
490
0
0
498
0
-1921
0
1051
47
-99
-2342
-72
-1062
30
-1740
-4609
-967
-1400
-1487
-3962
0
512
-3247
-321
0
631
0
-374
-690
-1059
-2195
0
-56
-1674
974
-1981
-4361
0
-153
699
0
1330
-5883
4283
-2074
-504
-1851
-1021
0
-169
379
-17411
-1124
0
-147
-737
102
0
961
-1265
709
560
-2423
0
2369
0
530
0
162
-1860
-1733
-5194
320
0
0
2725
196
-3385
249
0
-36
0
454
0
0
-2361
-2433
0
3463
1682
-2194
-2243
-987
0
360
-1608
-238
0
0
-1417
0
-1716
0
515
-115
-9
-574
-52
-693
0
-990
-3879
-298
344
-64
-68
16
431
-4080
-2394
0
248
0
132
358
-2297
1156
0
-132
-1177
-2739
491
-2703
0
2739
1272
0
-3142
-260
3404
-1324
-245
1909
-88
0
-572
1113
-11948
-250
0
0
-703
106
0
4109
-678
492
-405
-4193
0
1897
0
-294
0
2
-7312
-600
-951
-639
0
0
-457
-259
-2515
0
0
234
0
504
0
0
-2566
-2013
0
2602
405
-1694
-675
-684
0
-255
-829
0
0
0
-1000
0
-80
0
-7
-127
0
-378
0
-427
0
-1591
-2354
144
128
1838
-208
-80
348
-4926
-2925
0
-422
0
0
508
-2872
2636
0
0
-3174
-5554
-2754
-1819
0
-1264
-1113
0
-7779
-6808
3676
883
1621
238
0
0
0
-277
-10061
-129
0
242
-1127
0
0
3237
-2374
1312
-335
-1537
0
1441
0
-894
0
222
-2275
0
-1388
101
0
0
-1225
-357
-656
0
0
0
0
-506
0
0
-1794
-1449
0
1872
-33
-1588
2201
-1429
0
-9
275
-73
0
0
216
0
0
0
0
0
0
-2359
0
0
-41
-1128
726
-6113
-51
0
513
0
-788
1888
0
0
0
0
0
0
0
771
0
0
-707
-242
-1266
523
0
-814
6398
0
200
-1858
447
0
0
111
-192
0
0
293
-3317
0
0
190
0
0
0
2761
-1850
48
0
-203
0
2684
0
588
0
0
0
1735
-8227
0
0
0
3169
0
-1129
20
0
0
0
-3
0
0
0
-185
0
86
-601
-3437
0
0
0
-18
0
-322
0
0
0
0
2977
0
-364
0
0
-1744
0
-55
183
-1464
-5807
-2431
2992
-2085
2610
0
-2269
1624
1465
-261
184
0
0
146
-621
-3235
0
0
-447
-2512
-1831
-2693
0
-3868
4430
0
2803
-3534
1255
-1391
-240
1194
477
0
0
490
-11012
243
0
-266
430
0
0
3044
-3204
-866
0
-62
0
2497
0
1410
0
0
-2239
-424
-6717
-1267
0
0
2755
-118
-3084
300
0
427
0
2534
0
0
-1270
-2531
0
1783
810
-7520
-2509
-34
0
185
168
56
0
0
210
0
-3695
0
-796
0
-127
-3131
0
-432
132
-641
-6932
-1507
672
-1711
-638
0
-120
-1363
-672
-198
110
0
2014
-1044
-1149
-463
0
0
-2973
-7549
-4915
-5076
0
-131
1746
0
-23
-6220
4408
-2548
-425
1331
-75
0
0
-505
-15328
302
-102
-119
-537
-128
0
5458
-7376
-1711
0
-1034
0
4140
0
-1111
0
22
-2460
-4635
-6922
1008
0
-127
-1867
-238
-4645
345
-180
123
0
-822
0
570
-3824
-1894
0
4162
-268
-4180
-2523
90
0
365
301
-889
0
0
499
0
-1640
0
-90
0
-69
-786
0
-110
0
-979
-4402
-42
-1016
723
-280
-132
-754
-3405
-4359
-13
-830
0
2356
761
-1854
1039
0
0
-5342
-1445
-2284
-4992
0
-1721
-1776
0
-1510
-7993
3691
-2044
1489
3058
-562
0
0
164
-15827
-1079
-254
0
-452
-64
0
2798
-4232
79
0
40
0
2416
0
-395
0
84
-6371
-1925
-3435
-901
0
-35
-87
-427
-5175
0
-165
510
0
1332
0
-156
-3445
-454
0
2039
898
-1072
1239
-1710
0
289
-439
0
0
0
-1974
0
95
0
0
0
0
0
0
-63
0
-574
1089
-348
0
-15
445
0
-49
1221
-900
0
0
0
0
0
0
520
0
0
1496
484
0
976
0
0
0
0
650
-1323
-110
-102
0
74
228
0
0
228
-2418
198
0
-76
0
0
0
1240
-493
216
0
-1270
0
18
0
1220
0
0
-728
0
-1278
0
0
0
595
0
-351
0
0
0
0
0
0
0
-1104
7
0
602
-24
-2600
144
624
0
0
605
0
0
0
120
0
0
0
3175
0
0
-3179
0
302
766
-2376
1294
-2938
-1700
-2370
-1572
0
-3047
758
1187
-96
-236
0
0
-82
-96
-559
0
0
-1520
-7
-2838
-4036
0
-1501
3573
0
2610
-3980
1024
-1372
-279
-394
-524
0
0
21
-10834
79
0
203
-536
0
0
1674
-1610
-371
0
-614
0
2219
0
937
0
0
-1423
277
-8043
-579
0
0
4603
-254
-2887
169
0
4
0
-2303
0
0
-803
91
0
2828
1307
-5766
-2282
59
0
-481
-318
-182
0
0
-606
0
2352
0
3011
0
-1177
-2893
410
1008
-20
-3506
-4262
1596
-3794
-1482
-4666
0
130
-2414
756
-110
836
-2032
687
-1974
-766
-728
0
0
-1000
-3720
-2705
-5805
-12
1313
-3191
0
2285
-5229
3483
-2030
-582
944
-649
0
-762
-1162
-14195
-2
-436
826
-1232
-832
-1270
3846
-2371
2080
0
-1282
0
2047
0
-1030
-1905
282
-4687
-3695
-10049
-795
-546
-745
1071
530
-3311
69
-801
11
0
-117
-492
1123
-2858
-1270
0
2577
4094
-2489
-1782
-511
0
428
-285
-320
0
-500
-1996
0
-1505
0
631
170
-701
-463
175
-109
0
-2190
-4342
58
-54
336
0
1564
822
-3318
-4867
-1292
2514
-1327
989
270
-1349
-1177
0
0
-3201
-3469
-669
-5719
-220
-282
0
0
-3243
-5263
3041
-1837
1679
466
-780
0
-917
266
-12039
208
-1480
0
-16
-198
116
1741
-6540
310
0
-1279
0
-22
0
177
-285
1309
-2835
-3279
-2875
-2991
-390
-893
-616
788
-2682
0
-415
1202
0
-108
-642
-22
-4042
-511
0
1538
521
-1175
373
-1011
0
1586
-235
0
-660
35
1519
0
-456
0
220
420
1135
-508
-380
-2097
0
-1006
-3318
0
62
108
0
1932
-231
-2509
-8002
-494
563
1493
-754
1904
-583
316
0
0
483
626
-1575
-4177
-1229
-1098
-122
0
-5163
-5110
3626
130
850
-383
-988
0
-481
-336
-8655
-855
-1730
0
-706
-1994
-36
2567
-4764
1151
0
-2056
0
-232
0
484
-1575
203
-1347
-1151
-1978
-80
-762
-875
2292
187
-63
0
127
366
0
159
42
-837
-3627
193
0
-166
-15
-3901
1301
-2174
0
857
-316
0
-1905
90
-1002
0
0
0
339
-15
0
-212
0
-736
0
-2066
106
0
228
844
0
966
329
-3447
-4729
104
-1545
98
0
0
-1540
2749
0
0
-1633
-633
1242
-1876
-1905
321
254
0
-5218
-414
1880
280
865
70
-448
0
-205
-1119
-6491
-444
-666
0
-85
0
-22
2134
584
-615
0
-3069
0
354
0
199
0
1443
-4574
0
-713
-1330
0
-744
2498
-164
473
0
0
1170
0
381
0
0
-3117
-47
0
-1379
-165
470
1913
-1497
0
204
-152
0
-360
0
-737
0
0
0
250
0
0
-1510
0
43
427
-2487
-1880
-2709
1513
-1368
1602
0
-728
3254
913
372
0
0
0
-94
-246
-509
0
0
-1716
-4279
-3094
-817
0
-573
3441
0
1307
-2002
1153
-847
-126
2221
874
0
0
418
-4854
252
0
-114
-1986
0
0
1261
-4367
1480
0
-654
0
1859
0
1830
0
0
-1876
2007
-6499
-115
0
0
1662
0
-4338
120
0
-235
0
2607
0
0
-127
-481
0
3060
1136
-4726
-1081
-232
0
108
-348
16
0
0
204
0
-4283
0
-3143
0
-298
-2189
635
110
308
-3629
412
-1018
673
-945
-306
0
513
1710
2171
409
322
-752
-1625
-1026
-478
-1106
0
0
-5390
-1580
-2219
-3093
74
-609
257
0
-162
-4125
3731
-1965
-314
860
1192
0
312
34
-6797
-161
366
-51
-2372
394
520
1759
-3848
2648
0
-940
0
1614
0
-225
315
22
1936
442
-5510
-808
-54
-486
664
-295
-4903
138
-1198
-631
0
1669
-762
-535
-2570
598
0
5241
-899
-469
-934
-82
0
-929
-694
-254
0
220
-493
0
-2574
0
12
600
-753
-828
-150
97
0
-4316
-1473
-28
43
-467
0
184
232
476
262
-442
641
177
-2108
-1062
293
-454
0
0
-7724
-3959
-2336
-2306
543
-105
0
0
-2794
-3090
4149
-1283
638
763
1295
0
308
961
-6397
151
590
0
-2153
1852
894
1337
-2460
3756
0
-168
0
126
0
-198
735
227
42
-1397
-5752
-744
-288
-375
872
-831
-4368
0
-223
24
0
28
-72
820
-4384
-102
0
4503
1570
-718
306
-1245
0
-1535
82
0
-1575
-615
-709
0
-432
0
-345
-320
411
-192
-220
-1024
0
-3842
219
0
64
-761
0
-920
-430
2209
-6607
570
-798
-130
-2553
2528
-190
820
0
0
-4317
-4413
-2737
-1893
-248
-486
-106
0
-322
-4768
2336
760
481
683
519
0
-68
1102
-5988
-1064
966
0
-714
-1406
-802
2539
-4903
3637
0
1393
0
972
0
-234
60
504
-2626
-1972
-3561
1127
-720
57
1184
-591
-2624
0
105
158
0
-66
288
740
-482
-1086
0
3258
-145
-3310
2444
-1695
0
695
891
0
645
-330
-825
0
0
0
0
0
0
-848
0
0
61
-533
0
-2262
3306
0
3293
0
-119
629
0
0
0
0
0
0
0
195
0
0
924
264
3450
488
0
-160
6604
0
0
-980
-85
0
0
0
304
0
0
57
-2883
0
0
-418
0
0
0
1364
-319
0
0
-1651
0
180
0
1830
0
0
0
275
-4047
0
0
0
3094
0
-189
240
0
0
0
5461
0
0
0
35
0
0
-60
-2700
0
0
0
0
0
56
0
0
0
0
-4059
0
