179
270
285
286
185
245
156
279
251
247
268
159
174
354
134
177
247
124
177
253
336
296
165
181
272
201
197
215
262
195
198
299
195
140
255
237
237
172
263
155
228
223
329
245
145
176
188
187
235
259
184
227
308
187
149
133
227
242
249
102
221
268
268
263
218
201
228
197
380
245
241
239
333
323
295
221
190
209
233
244
249
247
234
302
171
209
204
160
293
180
296
202
187
168
201
190
187
215
235
310
190
206
253
186
387
287
284
192
225
182
276
356
246
171
185
281
261
268
194
276
193
210
246
165
192
329
186
270
199
219
283
218
166
262
284
242
192
232
189
257
365
233
256
229
182
331
145
274
298
211
227
230
239
310
224
313
232
205
300
172
171
254
220
285
208
208
227
191
326
226
312
252
321
263
232
171
263
246
241
269
252
180
339
233
244
194
218
243
191
197
349
162
