-730
-1043
-1177
1443
-807
302
-15
-809
933
-3043
139
1049
-1225
-311
-605
-85
219
-842
74
2074
2321
494
29
-55
-1748
1224
1546
-2335
-897
-1161
53
694
-1100
95
-614
-570
1003
-749
-1869
1506
2075
125
-125
1416
-1327
1210
-502
-510
-2206
297
1864
52
1508
839
946
178
-109
-230
150
-2179
137
369
1063
-107
258
819
-66
1698
830
2322
531
1510
801
-1392
789
1234
921
-368
-730
2377
963
859
26
235
-3
-2027
-1548
-390
627
-1110
-10
1229
-105
-2886
-477
192
14
-176
676
1386
1409
-286
669
2031
-89
1110
-1127
-895
-316
-211
-15
-563
763
892
1125
2270
-1091
-215
909
-1610
2208
655
1494
1204
1026
-1962
1868
2989
-246
1675
965
1450
-85
2963
1951
174
-796
-523
-526
558
-1039
-773
351
-2443
-548
446
547
2968
-511
-362
-180
-729
-369
2015
-209
3684
-776
166
-495
1467
-1969
2854
-1736
-185
690
1700
-26
-1160
80
475
655
444
-1829
-268
-1220
1033
629
-707
-621
-458
1544
747
489
-197
-699
2043
-1907
519
166
2
-400
-1553
