-4988
-2859
-1474
-739
-7322
-8672
-1895
-3465
-247
9715
378
-1767
-1264
-4444
9722
-1065
2661
-7588
-2111
4493
-3004
-2435
4102
13362
-10314
-2189
5657
-1932
7770
8951
13650
-5904
1258
-7568
13459
4026
4821
-13772
-7273
1086
7056
-854
523
-4341
-3527
4177
-2809
533
6731
328
867
-69
1322
4579
-3323
3415
12381
1521
5192
9727
3705
8475
4852
-13266
-5128
439
-3330
21359
19424
-1435
2362
-6923
-1278
-2037
-3050
295
-562
-1701
-386
-4417
-9392
-9698
-279
-4070
2692
8558
-9293
18919
-2503
-2216
7213
-6272
-717
-730
4899
13546
-3492
5607
3317
3495
-2745
2160
-1810
1453
-3975
747
2920
633
10819
1940
3288
12948
-11314
1727
4218
6344
-7217
18490
2304
-1517
10485
3011
375
2002
14324
-8322
7244
-3945
3234
-2109
-4288
-4270
7237
5954
-6432
-7630
-2112
1176
-5936
-2369
-10358
-3460
17974
4790
-1977
12903
9403
6863
10325
12466
6455
2728
1846
3534
-10420
-5111
-2898
24
399
3154
-4425
-7373
-2641
-786
1587
12944
550
9416
-2945
948
6580
-2083
-7664
-3808
-3634
8723
-10074
-3279
8165
2532
2997
-10272
334
9747
-4229
-14163
21208
902
12043
-3955
-8482
1767
124
2670
7287
2287
1113
6373
-5764
11072
-3686
7967
-3911
-639
15297
-3539
1264
8880
-4156
-2215
-772
5726
9898
1096
-6368
1770
-7357
12842
-276
2821
-1921
12898
1872
-4919
-285
-3436
5040
-1245
-7224
8518
762
-14337
3127
5794
-4452
-7782
15636
9524
5408
-4503
1081
745
9965
3761
751
-2212
7614
-1875
-9797
-2180
7398
417
11228
-5178
-6511
321
-8192
-2915
-7304
11672
2157
-11822
4542
-4552
145
-6897
11888
605
7009
12144
-12830
-2342
17249
3436
8997
-3744
-2315
-2679
5644
15475
-4603
5899
7265
15134
-10167
-4605
-4269
-2320
-4096
3533
1947
-3828
2756
-9508
-17993
1072
-14172
-7088
-3546
-4184
2230
262
10006
-5195
1002
-3462
-151
-6827
-1718
-529
2858
-6702
1211
-5836
491
11240
-5422
6268
-7823
7187
1819
5966
-9686
2431
14322
6377
-5053
4997
1616
-7391
-2753
-4561
1287
8625
-6882
-1997
-906
2806
1554
-499
-5569
2736
-8497
-9017
-9099
5616
1477
7593
2428
10299
5075
-285
-8258
4105
-756
3724
8167
5998
-2043
3634
-5830
-1770
693
502
3087
8529
16272
670
-1141
-455
-985
-7628
5183
6561
-3083
-1938
-3415
-2669
5983
-2058
-5269
-2163
8826
-7198
-8078
-6845
1926
170
7893
15918
-3809
8613
-9006
5657
547
624
9385
-1122
6494
-5098
-4584
4070
-3943
-1744
1391
-2681
-6128
-6498
1213
-1868
1150
-2090
5321
556
1259
-4675
11473
-4776
5199
-4616
622
6963
-2025
3027
1314
2731
4075
1706
-10094
2895
4069
10508
3340
5359
-15885
6842
-1315
-278
1588
4307
-1361
-617
3533
3837
2852
810
-3471
853
-4537
-2027
-3825
3116
-8507
-5999
2474
5585
4296
5714
-12769
-2142
4467
1858
8951
1358
3710
-7805
-2472
9644
10636
5142
-603
4002
2893
10373
-7288
-4455
-892
-6103
-57
2127
-6553
-4329
4993
-2363
-4747
3433
7779
717
4805
-9146
-2762
6248
-3413
-2759
5359
4943
-5907
-8602
-8959
4192
475
4307
-3537
4717
-3634
2442
2956
-6729
-7060
1345
-1623
-458
2736
-334
12670
7281
-4661
7776
13423
-17413
-10444
9899
-5707
3888
735
-1128
6072
-9141
7797
8505
11098
-3436
14127
12445
3200
-4555
-2837
15604
2947
236
3438
14084
-2571
-5061
-9712
4747
-11666
1135
5142
9813
-6061
-6688
2865
-1110
-2774
9227
-7473
6476
1824
444
4727
591
-3557
10505
2326
-268
-2941
-1071
3200
-14383
-8295
5028
-5971
3706
3336
-7102
-6953
6062
1446
-4516
-3098
3603
-5100
4968
310
2749
-960
6551
-3337
-3897
2123
-4813
633
-905
-5172
-1333
-4384
-1622
595
5819
-5564
3344
7431
11871
-7482
5686
5665
-2579
-206
-4737
4172
6649
6827
-3127
-5404
-2088
-2146
6413
-4561
5732
-995
-453
3217
3415
8691
-1369
-290
-712
4589
-953
379
-1626
9531
-257
9643
448
4539
-1345
-2711
-4290
-2975
-2644
4853
9298
4164
-329
559
-1597
7104
-4699
-745
-1441
6302
3624
3091
1915
-9770
-5051
-1910
4983
-2182
13859
-1532
3272
-1004
-2329
1939
-5897
-1563
-1574
-537
434
6452
-1473
-3161
2556
-508
-2124
-2266
3850
-1318
-2341
-5707
-3489
252
3903
-171
6690
-8521
2073
94
1913
-2667
1380
1219
-1165
-7397
3065
-9167
1537
-654
-3004
6570
-1558
7632
-8071
-2193
-3492
-5937
1838
1801
1916
2817
2756
-3123
-1170
-4372
-5773
8756
12142
-5774
1224
-4311
13792
105
1125
-1274
140
5818
1369
-1807
5458
-6445
-610
-1389
-363
-2227
1815
462
74
173
5147
24
318
3662
2537
-5956
787
-5060
-6177
1537
2266
-10008
-362
3855
1158
8010
-9323
1310
499
-1746
-1855
-357
1239
2872
5303
874
-2397
-316
2084
7756
2699
-1124
-5148
-6916
3858
851
-5086
-5664
-26
-1419
1864
1654
-151
-192
2643
2396
-1894
1290
4645
-8357
1114
-3885
1411
4055
-45
-25
7545
719
-1749
623
-7085
6223
-2038
-1161
3233
-3363
-3341
39
-2032
6212
-7454
7902
2471
4662
627
5506
243
3775
2818
-8660
2414
1962
-41
-5525
-1777
4526
-4116
-3697
-1562
-1736
2900
-7387
-537
-5498
2270
-2804
-2445
-4712
687
3117
563
759
1963
1117
7910
-640
1085
2332
1221
5487
-1942
-426
3072
6004
3787
-5018
970
1419
8390
1373
-7462
-4131
-6184
-1690
116
4511
-7035
1160
814
523
2257
2035
209
-1156
4653
-3029
-7289
5737
-3988
-3535
-2782
-8143
-4286
427
-7053
2270
8684
3578
-3254
3148
3737
-983
7814
-8035
1545
4333
-5900
8001
1395
7307
-8372
1305
909
2147
312
5037
-1656
-4348
1973
-1737
-4667
3876
-784
-1281
-1971
2894
2749
2394
1741
9198
10179
996
3195
357
-135
1833
-11078
-2736
-2469
6499
1402
-4384
1982
121
-3915
4264
-221
-5926
624
-2419
-1084
5262
-1561
-426
-491
7485
1838
11008
3477
195
-2872
566
-482
-3534
-4336
-1625
3766
206
979
3918
-2458
-2340
402
3946
8211
3090
5186
-1490
-733
4436
5900
6355
219
-727
3231
-6102
6816
4955
9358
-4903
-9617
7768
2577
771
-6450
-989
648
353
-1782
-2258
-7059
5481
3856
-109
983
-4980
5726
3482
-9401
603
7442
-4130
971
-7140
-9511
5398
5339
383
4143
4723
3011
449
7924
2839
395
-4157
5561
-6341
-173
317
1231
8004
4751
4904
1287
-7632
-2291
-853
8135
1554
4860
1270
-2892
-2933
3901
-2286
-2896
3843
7553
-1631
-458
-3744
-4630
6055
-2422
1908
-8322
-4155
1843
836
3618
2977
3944
7315
6848
3396
-635
7743
8466
-3664
2230
831
-1106
2156
-6644
-8214
-2292
-2471
4386
2624
-4164
4049
494
-2258
2862
1248
8075
-7863
385
141
-2047
-1724
-1494
-4876
2617
-5522
-5403
-5010
-3744
-839
-5157
1229
7259
6400
-4526
8125
1180
-4178
-170
1919
3918
5929
-7637
3798
5199
134
-3685
-6242
1235
-5184
-5203
-4322
5571
2128
-6336
7277
4333
6961
3285
-6918
8289
1261
2406
5408
-735
2233
2012
-9459
-4483
-3056
-663
5649
325
-2878
-3754
6333
4057
2533
5991
-4920
960
873
3671
-3723
3959
9836
-498
-2343
-1314
-2105
-8852
4938
2988
2934
1028
5202
-7328
-5190
3695
-5241
3462
-4988
-2337
-1850
3362
13861
-2470
-6757
-5452
1657
1081
-6238
-1324
-1975
-2141
-2082
-1997
3032
7248
7325
5352
8558
6257
3544
-220
389
-140
6391
-307
-6608
4976
10892
-2880
2479
-703
-5057
11021
-818
3139
4086
7235
11575
3767
-3306
-3675
-1545
431
-3360
1392
6196
10792
9229
6207
9207
-4133
-5720
171
2020
15491
10704
-5742
-4914
1797
-6697
893
1269
-758
2023
1116
6509
3108
-1586
-7318
-4928
-3887
4279
11415
-5264
9499
-153
-2279
8003
4434
3176
-2887
8697
2821
-6859
4515
-4288
4475
9964
6642
-1416
-2170
-2204
2152
2514
991
5778
-10694
14070
4391
-2208
553
-6433
-1506
-1947
6189
1473
-5363
6398
-6437
-2589
180
18146
-7913
14241
-397
15230
-3881
2263
-5519
6528
13635
-6244
-3875
-2248
4732
-3135
2421
-14614
3609
5570
3625
7713
6351
-3228
7028
17207
-8151
2292
-543
2527
7298
-3650
2879
3543
-3346
3634
3276
-2930
-3994
33
6513
-4565
3215
12340
14383
-1704
6862
-1967
4245
4099
12960
3167
12559
-493
2049
3190
-209
7683
1710
1713
7169
-4206
-9299
4769
-1282
-1326
7836
-15296
-4266
-6300
3128
2279
-963
5595
-653
-1162
14865
3405
-5013
1351
1263
9059
228
3460
8461
-3202
-2856
-1050
4363
2708
-3302
-8878
7829
-8063
15779
1389
-5849
-3669
1820
-1860
2029
-686
3161
5200
4703
-6810
602
1967
-12334
-7331
6735
-1787
4168
3564
1321
4632
-5953
12582
-2602
7319
-4175
2839
3353
3507
-7358
-3669
9256
10271
3299
5593
-1068
-7270
1671
-11730
1985
-687
-4750
-6588
-9998
-1437
-1510
3934
-6034
2782
6544
-5272
10911
-1458
5508
12543
2456
5707
2176
7300
10508
2647
1662
-4060
-439
-1012
10617
-10403
-5033
1869
3392
-4079
-1425
59
1168
-746
-2315
-805
-7461
-733
4617
-15
-4688
-2167
-5980
2776
-6855
10677
3811
978
7384
-1858
-253
1513
7747
-5168
-2863
-2265
-5110
5873
-1072
3486
-3211
2161
-6153
10888
4779
-2181
-2219
-5671
337
-2951
285
-3741
2371
2326
3573
-10026
-1507
-1035
-4325
-430
312
5370
2452
4633
-1072
9766
-4110
-4715
8704
-3567
3537
1970
-12920
-3991
-3705
-6099
2202
8961
1492
-2058
-238
2929
202
-2162
549
-1204
-1423
-1905
-10004
973
-5157
2292
-2916
-2521
-4627
-4332
9663
-5876
-2581
-2410
2427
2010
7134
-153
9766
3773
6215
-1424
-4637
-11007
-2947
-1401
-373
-309
2817
1090
2180
3956
1905
2283
8942
-8591
-3380
-293
-1549
-640
14247
6683
-7034
8283
3859
9133
7057
5258
-2435
2452
-2800
-4933
-1850
-5557
-2422
-3917
4105
-4535
-6048
3862
-846
343
-4380
219
-7357
10390
-3328
-10173
11278
3720
-5467
1934
11139
4903
-2383
-1481
1779
-6813
-6912
5278
-71
-7066
2267
1579
-4244
-3668
304
10961
13212
-1467
2473
-6529
-3660
12348
-3912
-3850
-365
1009
-3053
-123
-2116
-476
-5705
-3020
-9342
11469
5156
-5319
-14038
20848
1505
8590
-2945
-2476
6452
-2766
-5729
-456
5456
4067
6925
-4233
6597
-7633
976
350
-4729
14801
3576
-5218
3381
-4585
776
7643
4297
-868
1841
2
379
-1739
7416
-352
-1763
1536
10959
563
-2462
2946
-2793
-4614
43
-3598
3859
2564
-4373
8803
2318
-775
-992
6687
-3458
5142
-2745
-3812
2527
10239
3341
-3370
-5121
4362
-4694
-2874
-2796
-3831
-4729
6979
-7520
8450
-6821
5375
-5242
-3259
12477
-590
-11407
-396
-252
2270
-6422
5408
2774
4057
8811
-11073
-7892
5988
8137
4245
-10112
-5305
2072
-3740
6329
-2195
7084
4121
951
-2253
2699
211
-5422
-8334
-1590
11307
-1710
-1241
-1407
-7195
4908
5189
1771
286
-5336
-3229
2869
4458
-6961
7755
7921
-13197
-12767
-4807
2159
4173
-9864
253
-16646
-2703
12765
-8797
7059
-5017
6477
6975
8207
-4951
6036
29287
3743
-2381
5462
-3770
-8811
-1412
-3117
-934
11576
-2620
-3728
1216
6818
-19345
-2035
-15561
7309
-17087
-8934
-5013
6229
1462
2454
-1409
3313
-917
-1772
-2298
-1573
4871
-4629
3500
2665
5520
10151
-1255
-8017
-12226
7170
-5134
9266
2614
-961
5117
1446
13115
-8968
9360
8328
767
-9784
-5480
-4553
-8585
-9554
-6521
4728
2509
294
-7106
1607
-3187
10122
-7921
8068
4113
15879
-16171
1169
4124
-7004
1535
13459
-11457
2305
-16684
-720
10978
7834
-5738
-3602
-6733
-4541
-1646
7974
5841
4782
-4106
11632
-1436
-7526
1785
-4163
-9
1348
-498
-1399
-8610
5568
-994
-10541
-7118
10018
-5093
913
-1485
5563
-3386
-524
-10767
6131
-10278
-2830
9993
3886
6331
-3622
-9167
-5437
5061
2110
11118
6621
-1175
4375
-8983
4831
-6966
-1234
-1430
731
7473
5552
-7833
-5493
-7540
-11228
14445
-4303
-5479
-4566
814
2544
5477
1765
2031
-1202
14554
14502
-4071
-2380
4529
-8150
10434
6997
1836
-591
9967
-4865
3121
-27
14007
585
-586
-13161
-9199
-1357
1423
7051
8339
1617
4579
-11555
-12414
8205
-7284
8150
4466
-5563
303
-8146
7514
3143
-2713
10991
2705
-1460
787
-11719
5348
-3027
-3537
5022
12962
-6364
-3023
-1111
1110
-3021
193
2866
8359
-1824
-1386
9106
21557
-9627
21370
20334
8733
3303
-2480
-253
-8678
-193
9093
10598
6455
3776
4038
-2741
-15906
6456
4634
12746
-11098
-459
-1420
-1598
-2283
-417
-682
7414
-211
6295
5983
-3057
10128
-3833
-253
-8720
-816
5175
3088
-11324
-3876
-4429
6940
1984
-1246
-5045
-10920
2281
-207
7973
-3326
3604
-3326
5818
7756
7999
1033
4645
-2558
-553
1296
-5757
5254
-98
-7474
-5989
-1578
1062
-239
1270
-10147
-153
7646
9591
-10660
8569
5209
-3255
4782
-963
5697
10012
13871
1720
-3094
-1583
-5251
5496
-5821
3034
-5343
892
7781
6045
11427
4060
-9428
-3573
-1095
-2764
-1739
-4000
3129
1956
6532
-3192
-913
-11030
-3882
-7929
3241
-2589
12225
3382
873
-8649
3930
764
6368
-9092
-2719
3471
2817
3682
-2162
5623
1187
-3890
5620
3004
6026
14601
4330
1181
2938
-326
-1847
-6917
-2115
1901
-4727
-3836
654
1901
-8616
4117
1645
-855
-1038
4268
-2824
-837
-3783
-10009
-2606
8660
-5018
10423
-8952
3019
9028
8000
-6788
-4960
-2454
1549
-11837
4652
-989
4242
-8137
3691
1682
-2350
3907
-11534
2303
1707
-4956
-373
1483
2348
-2124
-5821
-5076
7115
-6140
-2400
4129
6846
-10953
-5354
-5950
14395
288
-6745
-3565
-3218
12469
1997
-8207
-990
-5898
-569
7483
-5141
4914
9777
373
5745
-108
8021
-5002
-7520
5381
3977
-7506
-73
-6477
-10741
7385
516
-6627
1278
3733
-1998
6374
-4173
2516
-1466
-224
-2272
-2021
9159
1145
-344
3892
967
3523
6482
-297
-1745
7506
-6578
-4199
2707
2626
-7814
645
5763
-7202
2715
4667
-3678
8916
-1318
-2734
-8216
715
5045
-2036
-1070
2275
-5594
5560
3476
-3156
21082
4995
3071
1234
-9062
9836
-3603
2744
10091
1058
969
1873
-10637
7723
-14723
8480
29
12109
1435
1504
-3605
6727
1128
-8978
7612
1770
11990
-7496
-4209
-3563
-2061
-3694
6401
2939
10434
369
2310
-6286
-1409
-7568
5147
-13867
8184
1655
766
3822
2528
5995
5599
2846
7112
9806
-10773
6640
-5393
581
-3382
5096
1839
-5952
-1676
563
5144
7829
-9403
-5562
-3827
-3826
-6363
1825
-2500
-4994
-211
-1621
844
-752
-7954
-4477
-1669
4282
-4206
-2218
-1697
6735
-604
4601
-7847
-2693
-3122
-258
-4630
-1083
-5988
-716
-3707
-1384
3992
-3644
1254
246
130
-3138
-90
3838
-1120
3272
-2446
-7521
-5422
-882
-7977
4624
-4093
2583
-3738
-1683
-3351
-5067
-4426
-3812
-3078
-1152
-2536
-2181
1858
-1245
-223
-2759
-1686
-815
-8325
95
-713
-3883
-6085
-7568
-2267
-1293
-1311
4207
-929
-2435
303
-1056
-3262
5784
-2512
8617
886
1059
371
1839
273
4009
-6413
-5299
236
-5112
-577
1264
-674
6418
-14621
-5812
-4062
-10619
-7802
1193
5062
565
1309
-1805
578
914
670
1933
-136
1402
-5226
-3369
-605
-3240
-648
6881
-12268
1726
-371
-12806
-4785
6726
-7174
-9493
1689
-10930
-8348
-2782
-2383
5965
-2689
-12217
5232
4510
-1457
-52
-2947
-2177
1357
832
1988
-5021
-2164
-8679
-4416
-5990
1620
-1495
-963
-7489
-160
-1029
1045
-3773
-1774
747
-2444
-4579
556
-26
1017
-2936
6103
813
4916
-8871
-3836
4637
-7087
-49
-1427
-1410
3323
7659
-1215
6520
-5322
-5886
-8160
5688
8789
4022
-8179
-6347
1504
-5553
-1885
-6676
1478
7883
6243
728
-1503
-2367
309
-6148
7401
5216
829
-849
-8041
1358
195
-15110
-1508
3427
-5107
-93
-2007
-1762
-3626
-5576
2879
-3090
-4218
1384
-2662
749
-2079
-6956
4773
-1838
-146
1535
-5023
2277
-1880
-793
1786
10531
604
-603
-4603
-9096
-2410
355
-1445
5596
415
496
1267
3728
-1936
-6573
4910
-3275
-3665
1890
804
-4968
-3527
-3564
3818
8808
3597
5527
4343
-1623
-5642
601
-8
-6976
-2088
2706
-4046
-2661
922
-2228
-3406
6931
-655
925
-5163
-2677
3343
-6327
-2928
-4390
-11529
-1437
-2446
1394
-6560
-256
422
-315
-7594
756
5573
3152
1446
4171
-132
937
4221
390
6911
-897
-1091
-5948
5501
12700
-2705
4196
4241
285
-116
-9032
-3304
-4665
2012
2892
-8774
-4377
-4737
5963
5182
3652
9281
4099
3227
182
4760
11567
-334
654
1702
7296
-2545
150
2462
-7566
10967
-4139
-4767
3170
11041
2133
6982
-6433
-3656
1042
-762
-2181
232
-4496
9106
2578
1402
5060
-7623
5736
1279
-735
6927
1909
-6131
-1588
2959
-2694
5491
-1982
5512
-1706
3357
1034
-729
7932
-2562
-595
-5597
3267
4843
-4830
7089
-1436
-3661
3413
7266
4653
-2033
1789
5445
-5806
6431
-8588
4904
-1831
2349
-550
5733
2245
3238
7472
-4277
8471
-6427
5221
1475
-2758
-6205
-8652
4161
-6982
6555
5474
-10964
877
-11243
3305
-1085
12753
-4250
5853
353
5231
-2111
-990
2790
249
16609
-5580
-6448
-876
-4941
-5924
3340
-4429
-3700
-755
-3697
5365
4368
-2582
1004
17333
-5047
3961
-3288
8154
6607
-9090
-3323
5246
-3145
1857
3708
-3875
-1866
-1720
9160
-814
6511
9348
14506
-3717
8847
3704
2287
575
15399
5652
7144
2033
10659
-1831
-6578
-3906
5288
6692
3564
-3316
-13149
7197
5878
-2991
2822
-7703
-170
396
-1245
394
-1423
6654
3944
-491
13341
-4906
338
-2140
-4129
5062
4466
3195
3270
1223
-1433
1448
8526
-2436
-692
-4820
3358
-2186
7413
-107
-233
1662
11436
-3459
-5402
-2868
332
-9232
-962
-7578
-8780
5439
-1517
-1157
1227
-1631
4975
-1922
4086
2059
342
3860
-8863
6836
1538
2571
321
1618
-3071
2434
1144
591
2560
8825
-6325
-2837
-5798
-1286
-928
493
-5656
-8294
-10611
-1553
5569
9146
-6929
-392
-3790
-5566
4915
4886
2299
5404
3444
2871
-4171
4911
5617
-591
5325
-1709
4582
-2587
218
-2336
-7350
4049
3007
4400
-10626
6177
1239
-7945
-2606
5738
-3431
4016
2062
-1584
1313
-188
-7530
-1650
-8666
-177
-6734
-4020
-1572
-3655
-6379
3689
9430
-5179
3580
6817
-3095
4982
7998
5214
-6651
2896
-10357
12728
-5329
1345
-5458
-5696
-1512
-5332
419
2612
-1451
-3275
-6316
-894
717
3710
-4778
-3856
-4201
2721
6941
997
1685
4557
819
-357
160
1199
-3048
-2043
-16404
-3986
-6901
2287
2364
35
-2380
-3392
-4327
2398
-2712
-3790
-3216
-1013
-6221
1536
-3639
6181
-7113
7959
-1872
6989
8991
2995
2845
-2117
-1255
-7852
-4303
2748
8930
-1264
-5895
2745
1654
-12229
-5706
381
2743
3521
-3856
-3216
-2293
836
7237
2550
-421
1600
8755
-8271
1668
5570
-2210
3028
-7634
10666
7007
-2416
1043
4481
-1875
-5716
-1417
-7163
-8480
1329
-886
3246
-7759
-4678
4900
2051
-9592
1698
4888
-9493
-3683
-4268
-4029
6629
164
-13027
-1290
12098
4700
4729
2401
-3626
-3507
-6848
-2267
-11307
-2318
-287
901
6006
3273
7125
-1437
-7944
-1145
3324
12997
-3145
-2003
430
-6487
5359
-3470
3983
221
3378
5779
-2646
-4329
-152
-9957
9827
-602
1238
490
-7080
-7347
13401
-7438
4734
7484
-2389
2233
-1728
1461
-614
10006
2266
2901
-545
5526
434
-9123
2719
-4115
-5138
1351
-1110
-3951
-225
1238
3657
-6556
-165
5081
-5926
-1723
-4224
5872
293
-1548
-9106
10008
817
-2683
-5427
-9473
-3173
-4326
-2117
7255
2580
-1551
2609
-7910
-4683
-8823
10622
2054
9360
970
300
1817
2925
-2088
-15604
1215
-565
-7712
-3795
-3249
-2703
-9021
-2597
3200
10003
6344
364
1353
3400
3092
-4705
-9698
-6900
-3976
-7899
-8487
4165
2084
4557
4652
-10073
-1577
9401
-1759
9215
1055
-7247
2015
-1437
-6206
-8088
9318
15494
4934
-8964
-1924
-7250
-4019
30
-11097
9572
-2110
2916
-247
-3659
10556
14210
-3201
-4796
-4946
1926
-811
1025
-807
4669
964
-9871
-10041
-2045
-1137
-3751
-10102
-8818
-1990
1493
10545
-66
5654
-1282
4095
7388
-3905
741
-710
11362
2081
905
8652
465
-4490
14
-7350
-4859
7887
5039
1685
-1316
5568
-5412
-4231
-6204
-4919
-3158
-1089
3
8084
5055
2704
-7739
-8746
4202
-7532
-4627
-2801
4264
-678
5240
-5281
4639
7512
8137
-5319
-3762
4329
-2711
2303
5691
-3679
1897
-8256
9136
3014
12087
1735
4498
-7088
-2711
-827
-8478
-3236
2251
8489
3351
112
443
7558
-7333
-460
-4832
7442
4012
-174
-9271
3853
6538
-962
-2695
4452
-9612
2889
-11860
7837
12823
9390
1977
-1913
-3447
-887
-7206
8544
4309
1130
-3757
3482
2174
-7194
-7482
-9084
-3886
-716
-394
-1970
-3050
222
1474
-201
-5315
8870
-8773
-6745
-323
-1721
361
-70
-3957
1542
-2290
-5665
4830
-1166
-54
5992
-9505
-8122
4108
-2448
7059
6538
4784
2548
-3668
4962
8823
10187
-3061
-9502
5579
-6903
443
4227
-2938
-8454
13817
3570
-94
-11326
-1514
-4115
6919
4043
13294
-3864
-2119
-458
4413
-1398
-4624
2393
8576
14138
1322
-1711
6446
494
2239
-4484
6651
6326
-5977
-15285
-1608
-1662
6119
7489
3324
-2484
9094
-3790
3181
6895
-7352
5059
-341
-4662
2313
-1146
-695
1605
-2506
10098
6407
2335
-443
-8010
11502
531
-20
11683
10622
-7444
-3628
-4869
-3143
-2735
4988
-1286
11267
-2823
1902
7452
15136
-2043
4522
7827
8221
7477
-4850
-1462
-2303
-4343
1173
6075
7522
11802
-1165
-5961
-1581
453
4693
5799
-7954
1974
206
-3606
553
6376
4771
6691
-2859
3142
16429
-4394
12661
-12477
1054
3449
2463
687
-3508
-4292
1864
4089
-3223
-3557
-1306
-1897
-12755
5964
-2418
4677
-738
2763
-9967
3183
1763
4660
-1094
-7111
-888
4787
6501
-4210
4697
873
-806
930
-442
7666
-5382
-3870
-10096
-2004
3169
3732
-2824
1406
2172
-4931
9593
-1793
8156
969
6792
3605
-1705
3378
2058
3522
-5832
1588
-2824
9484
-853
8929
4954
3581
-246
3594
5280
-6726
10718
-5768
7728
5274
9797
8820
-6485
-7852
-1206
-7129
-713
3314
4011
823
10088
-14295
10349
1735
9311
-1433
4856
3522
1960
4544
2116
3605
-1552
-3422
3081
5122
6276
3352
3219
6023
-604
-7855
2812
961
-6852
4588
-8258
6323
-1462
5242
-2374
4452
4520
1875
-7326
4464
2349
5883
-3658
-3348
6894
5866
-783
7283
-4178
10863
5464
17326
710
13982
-2586
-4000
-5280
5806
-376
9779
912
2553
3246
6065
-1995
-15528
-3984
6650
3748
2928
-1195
2695
1205
-1193
-4339
6238
-8280
-6198
6846
3588
1364
3263
-1989
754
7336
-1576
-2064
2537
5001
7936
-1837
1207
2431
2068
-811
-5223
10558
5912
1573
8180
7428
10125
562
-899
-270
1850
-1568
508
-4992
-3999
5514
-6540
-682
-2185
-2223
4347
660
-8511
3518
1498
-9557
-11161
7917
15116
2720
-4198
1287
3180
-3865
5042
-123
-3739
8811
-4796
-9282
1582
1780
-6551
3831
14087
1329
3810
4473
1405
1236
755
7909
-819
4146
1728
153
4138
33
-1539
452
-5143
-711
12340
7750
6877
8782
-5925
18159
-3418
3733
11770
8667
-7411
4733
-1128
6081
-5729
10680
-7096
13111
-7840
967
-3697
6964
-704
-3767
3277
6952
13104
-6204
-631
3428
4071
1876
3817
6762
2930
-2420
850
-8574
3973
-5508
3188
-3326
13648
1864
3574
1811
6006
6996
10129
-4327
6331
20797
-2162
8746
-2819
4631
1847
6007
10833
-6887
2166
-1114
10680
6832
-4949
921
-3525
-8888
-2597
2231
5574
1089
-4281
-12093
-1472
-8260
-3910
-2069
-6642
4602
1048
-4220
-8216
3985
-814
2762
-3917
1164
4499
2173
-10025
-1558
-4114
-3303
3209
-1423
-2356
-4392
-2817
8737
-2136
-4512
-2221
-106
7221
-1398
3417
-4611
-4521
-7113
-4046
7635
2193
-6759
-982
-4495
644
-5304
-5749
-4561
-3412
-2209
-6112
-9062
-3522
-5094
2938
-4909
-1351
3927
-4181
-3483
2179
-1974
-6922
4080
70
-2056
5439
-973
-6634
1079
-435
6698
2899
10838
-1057
6222
-3356
425
-8427
7511
-3816
2076
-8419
-3956
-7761
-6083
7155
-3696
1719
2662
-8452
-7569
-3270
-6755
-7665
3611
8471
-1118
-554
-6346
9356
-1875
2259
-3800
2248
3226
-3123
-8018
1243
-268
-2631
6347
-2696
-4172
-3497
-10857
3000
11617
3781
-8123
3909
-4511
-2740
731
-9360
7326
-4776
-5920
-1350
-911
212
1376
-3332
4174
2030
-1350
4311
-2122
1118
-5907
958
-11508
404
-6137
-3512
-3103
-1390
1882
-1211
4385
-3668
7469
-2702
-3138
-4314
1616
1548
1131
2719
5932
3314
-5793
-6310
1002
-661
-3599
-4990
3202
-610
5573
-8618
4229
-7451
-8499
6212
1538
11160
5862
656
-1920
2432
-2521
-3396
-2602
-3482
-903
5936
-4470
-6455
-4586
-2850
1474
2554
6363
1322
1726
-10679
11102
7265
-5572
-1247
-5351
-90
-1429
-4926
-4122
-3672
-5389
1986
86
3138
-3297
194
2661
-5886
-8300
-155
1469
6359
7668
-1989
14187
2467
284
7772
11676
-6003
-3957
-34
1466
-1175
-87
-8628
6007
-4688
4732
6670
5583
-7351
4887
8534
3857
-770
943
6633
-4027
-2659
-11244
15598
3941
-420
4228
-494
-8927
2383
-812
9416
-9405
-3881
3657
-40
2416
10255
-6605
6108
2950
118
2667
-5066
183
3849
3400
347
-6331
-6239
-3283
-9516
-9100
4186
1066
2448
5996
-2474
2185
3960
6472
-1004
8656
572
6209
4984
1190
5602
-2445
-5549
-7111
5083
14221
1582
5962
1612
-1242
4066
-6292
-3215
-10340
-4848
-4466
-2570
-3622
-2789
14591
-5914
6599
13326
4389
2480
2534
-5
3983
-854
3368
4024
13884
1621
2397
-1592
-1621
10156
-2989
6117
-2954
10965
8501
9284
355
-6916
12625
3307
2928
-2426
-2224
14327
4392
5263
9930
-7732
6407
2209
-10788
5213
5337
-5444
-5385
3727
-272
6647
3655
3607
-4887
-645
6600
-738
8076
-2029
-6998
5139
-853
-725
-3956
5079
-1494
-6282
6024
16126
1703
35
3551
14089
1240
11588
-7503
5743
-3648
2087
-455
924
8767
7437
10005
-1828
8375
-8227
9572
1312
6966
-2287
-9347
-1649
-4516
13695
7322
-11672
3002
-6887
4984
406
17385
-6739
9502
6101
5439
-2188
87
-472
-349
24097
-1420
-9890
2802
-496
-4734
2628
-4253
-6240
-2970
-10628
16308
9928
921
-5561
16607
-4353
4357
-492
2170
7889
-7767
-1334
6512
-3343
-1142
7337
-7665
-6040
2191
8219
2878
11119
18365
15012
-7703
12978
8144
4669
2839
22766
2476
8978
5188
10740
-7733
-4359
-7224
4376
11237
5458
-10351
-16095
11269
3700
-9643
12178
-5182
536
-3382
1107
1624
-3306
7738
486
-3499
14301
-9277
5730
-3479
-2
18165
8108
3611
9451
1734
3485
10592
17057
-7604
-3476
-6402
3009
-1841
16470
-2512
-973
4711
2244
-1920
-6515
-417
4715
-4578
3554
-7335
-9305
1656
-1544
-105
5527
-1570
12992
-2042
5113
592
2091
4336
-9695
7914
1303
637
-5176
1359
-1989
3180
7615
11303
5280
8418
-12270
-2814
-8852
-3782
3863
6270
-8823
-7506
-14627
7034
4661
11757
-7912
1074
-564
-2774
10436
2140
-36
10469
3196
5852
-9511
9325
19138
1951
15638
-1323
5985
4156
1442
-2201
-9258
6067
8923
4129
-12436
4477
-9610
-7192
-2050
4237
1743
2743
4459
-6319
3582
536
-14733
11721
5464
3699
-5646
-5461
-3768
-1891
-13158
-591
4130
15
4952
-5987
-6925
4348
10067
-6054
-1245
-4338
-2166
3585
-9107
3171
-817
3535
-5038
-6508
-4222
4007
-6901
-9605
-3855
-1695
4338
3143
-9677
-111
2580
1747
6737
4790
-2706
5648
15203
1789
1247
-5243
-2616
-6721
-11042
-6259
2085
2596
-4628
-8781
897
425
-3626
3940
8047
-6675
2044
-5543
-5063
-10
-9797
2248
2039
11751
68
4456
-1306
2897
3865
3338
1476
-2030
-4487
8591
-325
-1408
-6873
1342
2299
-443
-6284
-5996
7436
3504
7358
-5344
-6618
1262
3278
12047
-2470
-7105
-3032
-833
6655
5851
9106
-1370
-7498
11586
10111
4091
-4177
7630
-6269
-3549
-1644
-13470
-10825
-6105
-1334
-2129
7006
2870
3785
614
-8903
3335
9351
-8544
-3008
-4324
-3736
-1232
-6303
74
-4487
7370
-3312
1205
1095
-3045
844
-9535
-626
-13682
-4860
1668
7937
3941
6096
5956
-9023
-9297
-3206
-769
1486
-3825
-2549
-2554
-10406
11380
356
2381
6489
4173
7554
1684
-2635
4852
-14941
7509
-1621
-12
195
-2207
-3644
8304
-4915
1151
-961
1345
1602
-3624
-2348
628
13743
-9596
3229
227
-1750
-7164
-4601
-7719
-6986
-12407
1226
1301
-3299
-6095
-838
5726
1878
-2756
3797
-381
-8338
7453
-4208
-11597
79
-6576
11700
4356
-10875
-8498
-9761
-15797
254
5550
2218
10448
2003
6137
-2437
-19672
-3492
-908
-534
7668
-422
-9072
6527
-215
2475
-9568
-4147
-3984
-2594
-571
-1400
-10956
-5827
6490
-2792
12191
1920
3504
-1980
6023
-3865
-6089
-8161
-727
433
-4564
-8785
-1549
-2331
7083
2905
-4307
-8683
10071
-3336
4818
-2055
-6510
4232
180
-7215
-1064
4756
12884
-5284
-12604
-4923
-6535
-9776
5128
-1179
-2380
8436
-5840
-52
2837
-4794
6
5452
-4269
-28
-4960
1273
6106
-8172
4019
3778
2319
977
-3853
-115
-1274
4638
-398
-4422
-1865
-12451
3740
-3500
3510
-3647
-1032
719
684
2066
5781
-7453
-2838
-1562
351
-3211
-164
4856
-1385
3632
-6584
-3267
-2540
645
93
3226
-3372
3284
-3269
-2273
642
-4781
-782
3741
1749
771
-3584
-2461
-2323
-5889
-10387
5396
3162
-2585
1094
-5974
-4890
8315
-8896
-2642
-6855
782
-8744
-3138
-123
1270
-1107
-4173
-7099
4542
242
9113
-3781
460
2457
-3045
3296
1096
-8954
-438
-3191
13233
-3042
4696
-2032
-3318
-3764
2462
-4904
-2710
-260
-3388
6963
5034
4742
4200
1089
-8474
-7724
-458
-2321
5354
8722
-8436
6153
-4589
-6769
711
6947
-1188
-1834
-3043
-1372
4579
-7958
-1700
7551
2582
-8248
-3747
-2307
-5798
-8673
-278
1669
-218
3402
-644
-256
4626
3747
-2151
8533
1204
4595
1179
1073
-3121
-4296
-2101
-3154
3190
-2717
1850
-1545
5399
-4681
-2573
-4197
-518
-285
11364
-5820
3604
5439
-4570
391
4534
1482
-3766
-3407
12353
4844
-3094
-7684
-6217
-4166
639
214
-2383
9922
1226
3759
-6642
-5041
-9427
-4100
1399
-1863
-2056
4066
1471
-9756
7540
513
329
-978
-4028
2025
1984
-1716
-4576
-5994
1716
1514
5059
3504
-6286
5967
940
-2643
3702
-3855
-283
3603
5099
1481
-7239
7529
-2680
-14511
-10710
-4013
-6548
-2693
2142
-2055
-528
-77
-1635
-3038
556
2266
1804
-7473
-6831
3380
-767
1931
-1351
6259
-8616
1728
-4279
-3848
-2678
10024
-6740
-1781
-10589
3890
-8854
1573
5709
-3873
-12112
-4612
-3241
2068
-3711
-1368
-7404
-2330
-1772
-4554
4799
193
1262
4288
-1257
4203
165
-1056
1208
-3916
6060
500
-2409
-3935
3253
-2808
6486
1771
9
-853
-1732
10315
2993
1213
3907
-2858
7648
1245
-1379
-10418
-291
9135
-3276
7734
3973
-10269
-6088
-4578
-3566
721
1313
1134
4668
-5508
3270
-5555
-87
-4109
4430
-61
-789
-1595
2991
6273
12805
-1387
2067
-1368
-1239
3107
-2415
-1153
6618
-4340
5031
1553
2801
-1851
511
3970
4445
529
2875
2993
6618
-4527
5957
1346
-167
2013
3134
4232
-492
2543
740
3096
-2321
-6731
2938
2444
-5884
-1296
-1185
-1466
11491
1182
3396
7479
256
1497
-3307
11885
-6475
1123
-3815
8760
-705
-6251
9196
1174
108
3789
4738
2474
7889
-1585
3679
-4939
6450
4146
5128
1116
8247
1757
2722
750
-1904
719
-5161
-5850
-860
-67
35
-8663
-2047
5214
-4168
-2816
-6428
8022
2143
2693
3570
1348
1438
5487
-5724
4883
-1331
3447
-300
2325
-2092
3924
-679
-1826
-2941
-1425
3121
2489
-434
8359
5047
-1982
-1348
-3175
6990
4028
-1647
-3264
8936
-3012
-1704
4816
4555
-1171
4544
-4806
-3748
-2240
6777
-522
5464
-1244
2014
-5507
7866
-4282
-7583
7917
3565
5245
8324
-2747
4228
-1519
2119
-2503
-1393
14104
5625
1793
-2506
-796
911
-6353
-3148
2396
2162
-1230
4689
-589
2173
2932
2600
1771
-2171
-2912
-4133
76
3115
2356
8836
1304
3632
705
1441
3074
7033
-2352
2442
2670
1500
1129
985
1323
-2741
795
11119
-66
-947
-1691
-4097
-6202
2565
-606
-4172
4311
-1522
4593
5483
-4072
5419
-1935
-1742
2291
-840
-5440
4852
2879
-2510
-1119
3406
-3611
-1230
2494
2719
-78
-3114
6354
3221
6289
-9148
-4612
2086
1704
237
-6467
1654
3053
-1225
2154
-5617
1537
6133
971
6886
-3054
-1377
1701
-2334
2067
-5621
-1458
6324
-6549
7035
-3977
-6557
4909
-6596
36
-1469
4055
1869
