-11
61
-25
-127
127
41
60
-91
-15
-99
71
-117
38
-54
-73
36
-44
-31
-38
-127
89
-82
62
-51
99
-4
-48
-99
-54
-47
60
-127
68
-127
-127
59
58
-22
43
-13
84
11
-115
-46
77
-3
-89
-70
-63
-28
-52
42
-79
-44
-42
5
-77
-88
-127
60
-110
-20
-45
-56
-22
-65
26
30
-127
-9
70
-61
44
41
-65
-26
127
-58
-127
-29
23
45
-87
-123
105
-56
-59
-67
12
127
-17
21
-96
15
-26
-99
127
-105
-32
87
-127
-117
-25
-1
13
-92
-2
-40
-127
48
-73
-80
-14
70
-93
-19
100
-1
42
45
-59
-103
48
-21
-51
-71
93
38
-123
-84
28
-127
90
-127
-57
22
119
-127
-95
-48
-119
-85
-43
-122
-102
-71
-115
-32
101
56
50
10
-26
-55
-114
-87
-16
111
-42
34
-74
-121
74
-18
-89
127
12
17
-49
-21
10
-53
85
-83
0
-24
-9
73
-74
-83
13
127
52
1
14
-97
75
73
105
-44
-127
103
-127
-68
-127
-16
77
-127
-45
-127
-127
102
-6
41
-64
-127
-89
119
-14
-81
-120
-1
-108
-57
-127
-60
0
113
58
-127
-127
-96
-102
-88
-24
-62
77
-19
-114
15
-55
-97
66
-8
127
-35
-85
-64
7
14
-41
25
127
-98
48
-114
-49
110
6
4
-85
22
-26
61
-3
49
-1
77
114
-127
-127
-125
-17
12
-16
-127
127
-127
1
-125
-38
77
-17
81
65
7
-127
-11
-123
-49
-90
-70
-110
-84
9
46
95
-54
11
31
-56
-93
-5
-13
6
-3
108
-93
25
29
-95
-127
-49
58
127
-13
20
-103
-23
-70
55
-127
27
-44
-60
46
-73
-39
-44
-33
-18
32
-23
1
73
7
16
13
-80
-127
22
56
78
-59
40
-56
127
-59
-51
-120
-107
17
-96
-57
28
6
18
-36
60
18
5
91
-127
-61
-112
-69
21
-100
-26
110
127
51
-24
-40
-73
-39
71
-127
127
-35
-51
-47
29
37
-1
-98
-20
35
-25
-6
-4
-29
-11
48
48
5
-18
-58
7
-80
81
-127
-26
68
37
-23
-68
38
-6
-66
-127
-86
-62
-39
-31
-127
19
-127
-2
-127
-42
-35
-54
-36
-120
-86
-52
119
58
-50
-127
-9
101
-74
36
5
-14
9
66
-38
-77
-21
-48
-81
57
-76
-1
-22
-127
16
-54
-4
-57
-36
-38
27
-87
-23
-109
-127
-29
-2
-34
-34
25
-8
-46
10
66
32
-31
-59
-5
-38
-127
-99
-47
23
-112
67
61
-94
2
100
12
50
33
19
57
60
-5
-17
-79
34
-86
-63
-127
-48
-27
48
-87
127
20
-29
48
-1
-49
32
-116
-34
-13
-104
-10
35
-124
-36
-119
-45
-94
-113
50
-37
-33
53
10
-127
-3
-23
-24
12
-2
20
-19
4
-127
-3
14
23
-127
90
-18
-95
-64
-124
-78
37
-25
-46
-127
66
127
-2
-7
27
-61
-86
2
-21
-33
-79
-82
46
-33
-5
19
-44
97
-70
-40
-92
-18
127
-23
36
-39
41
52
120
-127
-2
-23
-4
-47
-97
-127
-66
-71
-127
127
-11
-64
2
63
-100
44
-39
-127
-127
0
-114
13
-18
116
-127
25
-71
-74
-127
-126
-82
-75
-38
14
-72
-49
-65
-127
11
-70
80
46
-22
-127
-127
-127
-1
-27
-70
-7
90
-22
-127
-61
-4
-41
-101
-78
-53
-46
-79
-105
-87
-85
-16
45
1
-87
127
127
26
-114
-53
-96
-15
37
-50
-32
-28
15
-87
-109
-23
-45
-127
-94
39
-36
42
68
-24
3
127
83
127
-51
-42
0
-33
-92
-90
-34
-55
-39
91
113
16
-8
-15
61
8
0
-12
-66
-127
114
-37
79
24
-43
-116
28
-99
-26
8
-127
-57
-33
1
-127
-127
-26
-97
-22
-115
-127
-53
71
-39
-60
-127
-105
-127
82
-25
-28
64
46
77
69
-127
-37
-39
87
65
-64
-71
-44
-73
-127
127
21
-127
127
-96
-59
-127
-12
-74
-71
-68
-127
-51
36
-87
64
1
-67
20
-114
127
-10
-98
-14
-127
68
70
-62
36
-23
29
-127
-111
-85
-21
-127
-127
99
-102
-25
-105
103
-82
33
-7
100
90
-123
22
113
16
-103
90
-82
92
-57
-64
32
-125
-127
-5
70
34
-46
-127
-127
-114
51
-40
69
-100
-31
127
-127
-41
-20
-69
30
14
-127
-127
-82
-55
38
-22
-33
-127
28
127
-20
-51
3
6
-127
-102
-28
-127
-93
-74
66
75
-127
127
82
-70
-114
-72
86
87
51
-60
64
-10
-68
19
-51
-115
-127
-54
-80
-78
-65
-23
-24
-4
127
5
-75
127
-127
-66
-49
-127
-33
50
33
83
-16
-45
-97
-127
-48
117
36
-55
44
-7
102
115
-48
92
-72
-26
105
-5
95
-51
-16
-7
-127
-34
-3
-127
-127
15
-9
-36
-32
-118
-92
-11
30
-6
0
-5
-42
64
-15
41
-11
29
-127
-97
52
26
1
-46
-51
68
127
-127
-55
-50
-68
-7
-86
6
52
-55
-13
8
40
-91
-78
69
-127
-1
-16
81
-91
-114
-61
33
-80
8
-83
-127
-8
-9
-35
-14
-45
-59
-96
-71
-77
5
-16
-13
-51
46
-49
16
-127
103
-46
77
21
47
69
-120
-25
91
23
-127
11
-61
34
72
84
-52
-51
60
-71
-59
-27
11
36
20
-73
-65
127
30
-13
31
-127
49
-67
-32
-53
-90
127
15
28
30
-24
-127
-64
-81
-96
37
-26
-13
-12
-124
59
-79
-6
-13
-27
-45
-82
-27
-9
75
-28
60
79
2
-7
-17
-127
30
34
-33
10
-66
-83
-31
90
44
-91
-17
30
-120
25
-67
-122
42
15
-121
78
16
-8
-33
-8
8
-65
-56
24
127
-28
-10
43
27
-38
127
-33
-43
11
29
18
114
82
-18
19
-57
31
38
-70
-108
4
-94
44
-42
-84
-36
-105
-15
37
-39
83
-47
-117
-60
23
-118
-88
-21
-32
88
-69
55
44
-23
17
-38
109
49
14
-77
-65
81
-110
-126
94
93
37
64
-73
20
-127
-39
-20
82
-10
104
16
-58
-13
21
-20
-48
33
4
52
-98
-50
79
-82
70
28
3
120
-83
-91
-24
15
-127
25
84
49
-9
4
31
-69
61
-18
14
-18
16
36
16
13
-27
91
-12
-68
-107
-48
52
4
48
34
0
-107
-50
-46
55
51
69
-16
-17
-31
-7
-88
-96
19
59
-55
-96
35
127
104
-34
-95
6
58
-42
-3
-18
-120
-66
-63
-104
47
-67
7
-39
127
71
6
79
46
-27
9
-126
79
93
-25
0
28
-27
-109
127
5
43
-86
7
50
19
92
17
-111
-34
39
-122
5
-92
-16
-38
2
115
37
41
-21
64
30
-127
28
-97
10
-46
-78
-39
43
-40
-127
-76
127
-26
-64
-50
39
-127
-98
13
-16
58
6
-62
-28
36
-11
-40
-20
4
-50
22
-24
-120
-13
37
-85
21
-48
-66
31
45
-47
47
-59
-86
-3
28
-92
19
41
-25
41
-43
62
-47
-17
80
21
11
-13
-36
-95
-72
-127
-113
5
18
76
126
15
-80
-72
-7
-84
3
-24
-57
-16
-7
7
24
-97
-68
-52
-35
-47
-30
-127
-61
36
113
24
37
-44
-76
-30
-83
3
-7
-51
-115
-127
-29
-91
-34
-8
94
-46
-15
-72
36
25
-11
-83
-38
52
-46
-25
56
-1
39
-18
-101
-105
28
-80
-87
-27
-86
-20
-18
-94
-40
115
38
-4
-4
-72
21
-20
127
120
-57
-82
16
-25
-89
23
-28
3
-11
-3
-85
-2
-17
13
23
55
65
-49
67
-8
7
39
-81
-8
72
-10
-105
-127
-41
-28
28
-115
73
98
-127
1
-53
10
-34
-58
127
9
-19
28
-79
60
-15
46
11
65
-127
-127
-61
37
37
-30
-123
-36
62
-7
111
-67
39
-34
-123
30
-10
40
-44
-62
87
-127
9
-81
0
-24
-87
61
-124
-5
-82
19
-73
47
54
40
37
-1
-3
-24
-37
-109
38
127
15
31
-53
43
-25
-63
-98
60
-44
-42
-27
-116
-78
35
-43
45
101
-25
-59
-44
17
3
83
-100
3
-23
-61
11
47
-76
-80
-10
-127
-83
12
-81
-60
16
-20
-13
-127
-65
-60
127
-29
33
90
50
57
-56
-127
124
9
42
110
23
-108
5
-14
-9
-78
49
-127
-40
-4
-53
-3
8
-19
-64
-7
-107
-127
-44
109
-90
-95
127
-54
-114
-21
15
-127
-47
-62
39
-77
-8
14
29
11
-87
-29
-79
79
21
127
95
-74
123
69
-18
34
29
31
-127
-80
-23
-62
48
91
-54
-66
-80
35
67
-66
0
-93
-24
-34
-18
-99
-37
-127
25
127
-99
48
-100
35
-3
2
-127
-111
-2
67
127
2
-2
25
-38
-75
-127
25
41
2
-24
-127
35
-127
7
-80
95
-123
38
72
-58
53
87
6
-127
-116
84
103
-127
-20
8
-77
-122
92
10
107
-26
-55
-47
-7
22
-127
-77
109
69
-4
-74
-23
-64
-30
-69
45
-40
-14
49
50
11
-62
-110
94
-23
-88
-38
33
14
127
-45
-82
-2
72
-52
-127
21
-18
16
48
-74
127
82
-6
-5
-114
28
-64
-16
-38
-19
2
-117
127
-55
53
-20
20
24
-127
25
15
22
-89
-72
-21
-70
-121
-82
-33
-119
-77
70
-60
50
24
88
-99
-26
-64
-68
-28
39
-46
14
105
-5
-127
-119
75
127
108
72
-67
-127
47
66
125
-127
15
-122
-127
-60
-82
113
-38
-17
-127
-23
-42
-56
15
-127
20
103
-109
-127
39
-97
-52
68
-100
-81
-127
127
-4
75
-111
30
127
-77
-94
70
-24
98
-50
-101
127
-41
41
-105
70
83
88
-43
85
-127
-41
-70
33
10
50
-12
63
28
-61
-66
14
-82
-89
83
5
-127
-37
18
-3
-127
27
-78
-80
-21
-25
-63
15
71
-69
-38
55
80
-49
-59
-100
-56
-60
-44
-103
-49
-39
-127
-4
-71
21
-45
-32
75
35
-127
12
-82
-127
-45
-98
-64
-107
-84
-84
-127
90
52
-108
127
-38
127
-109
-126
109
-127
-127
44
-65
2
-36
30
-105
-51
-12
-60
-91
41
76
11
7
13
61
-84
52
-2
25
91
-62
-42
-10
-84
74
-127
-86
127
-127
19
-103
72
-115
-7
-116
-24
-85
15
104
-126
-27
-122
110
-125
-72
-89
20
-121
-30
-127
-69
9
-34
-42
-66
-93
-3
87
20
-127
-57
-10
127
-127
-46
-78
55
-60
-10
-127
24
-92
-83
-42
36
127
-127
-94
-117
-4
-89
-51
-82
127
-127
50
70
-79
46
-53
-127
65
34
-25
-120
40
41
14
-71
8
32
83
8
-118
103
120
-127
3
-49
-3
-46
127
-100
-75
28
-24
14
3
-96
-24
112
-49
-46
-16
-101
-127
-27
-1
-5
48
-73
13
-66
-54
-13
-9
11
127
-35
52
86
25
47
15
-43
-44
-75
24
-14
-127
1
67
-42
127
28
-127
-65
14
10
-37
-33
-37
-76
-29
14
-33
-21
-54
-28
-1
-47
14
20
96
-77
-14
-94
15
-3
77
5
57
-105
-16
-91
-1
-56
-13
-127
-90
-127
46
-102
43
88
81
-42
6
46
16
127
31
-3
-52
-75
124
72
-4
32
49
6
-42
47
57
-127
-32
1
63
32
102
-53
-1
45
-127
-76
-127
-93
-38
-4
65
-10
-76
-8
56
-26
19
-76
41
19
11
127
-33
36
65
-6
-57
-41
53
21
66
-115
-127
27
-47
-127
127
-113
-12
-101
3
-36
-75
-86
-2
8
-29
-40
102
-50
39
-58
-84
-73
14
88
2
61
-89
-66
-9
1
75
-41
74
8
-9
-80
-64
57
91
-127
28
127
-32
-118
-127
0
-71
13
97
-66
-66
-85
127
127
-51
71
-40
-38
-127
6
-127
-70
-56
42
-2
-91
111
-55
2
18
-106
-24
43
-26
44
-127
-51
-127
3
-122
-17
47
10
22
25
-23
-3
-65
-107
33
-79
102
-127
32
22
-83
-8
13
55
-40
-52
-111
-106
-42
-2
-127
57
124
-32
59
-119
88
-95
-24
-19
-37
-88
-14
46
-127
-1
-20
4
50
61
-59
-49
43
127
-18
-53
-3
68
-45
127
6
44
-106
-43
39
76
8
-18
44
75
-103
15
69
-89
32
76
-12
-50
-30
27
16
15
107
127
15
-7
32
24
34
-15
-16
-7
54
31
-114
-3
-80
58
-15
-70
-37
-51
-54
-113
16
-18
17
31
119
-127
-127
-50
127
18
105
-67
75
3
-8
-37
-1
-48
-41
-115
-62
19
-23
-60
-127
-66
-36
-118
-53
9
16
127
23
24
11
-25
-43
-17
10
23
-52
-91
-127
33
-43
52
3
-40
-72
-127
-126
-92
-127
41
-22
2
62
40
11
-127
-50
-116
-127
-68
-111
-127
127
-93
-127
-18
-9
104
-92
75
-107
-17
0
-16
-33
58
-40
-19
109
-10
-91
-11
116
-127
89
96
127
-127
107
110
-25
59
-127
-72
28
60
127
-127
-51
21
90
-17
22
-39
10
-94
-84
-85
-93
38
77
-30
117
-95
-66
-36
-32
-124
-105
-48
-24
-56
92
76
127
-43
-106
27
-23
-87
-32
-81
1
-45
-28
-23
-57
127
27
-61
-27
-127
-127
-8
-51
-60
-120
-122
5
7
-55
-28
-127
-82
-89
-127
-110
-74
36
-77
55
-26
-21
-17
4
-47
-127
-31
-35
-44
-52
-91
20
-127
127
-37
74
38
-127
-110
25
66
-97
15
39
-60
83
25
33
82
-56
-75
-83
-67
-76
-29
-101
79
36
94
40
-55
-127
-31
53
34
-127
116
-127
12
123
21
-96
-57
-106
66
-54
12
79
-127
18
-78
-96
-127
0
-123
25
-10
-18
-16
1
65
58
-6
-27
-92
5
-91
-127
21
103
21
-127
127
101
79
-97
-95
88
14
-53
13
-70
-14
-52
-45
-127
127
127
43
58
-48
104
-81
57
7
78
105
-22
-127
-5
-20
53
20
127
23
-115
-22
-73
-103
-79
115
-47
