3763
2565
4787
689
6399
2538
8595
-4408
323
-1338
2899
-828
-2816
-3310
-5600
-1222
2888
-7737
-4467
-6617
1505
-1544
5908
6884
2729
-4761
-654
-1374
-7379
-8940
5618
4577
-829
1694
26
-1097
11823
-5494
-2006
3374
55
2505
-2159
-1697
-6046
742
-190
-43
4053
-808
761
-3003
-582
422
7497
-990
-3637
1208
5920
6210
6590
1529
1607
9231
2840
-827
1171
737
-1701
447
-697
1416
5828
3680
7294
-2310
-5626
3774
660
-3806
-4447
-4723
12
5143
4771
-2303
3099
8672
1001
-1589
-4845
7064
1061
4526
-6016
-531
-7293
-7854
4896
-6844
470
2023
-442
8802
-2023
7370
-2212
-489
5680
4369
-8597
-579
4254
2272
8610
2002
8785
2694
1947
-6508
2057
3100
-4280
1135
4773
-8460
-738
397
-590
6085
-6918
968
5314
6014
-3700
-5345
6486
2207
-7108
-6315
-869
1800
4029
-1092
2270
365
-2538
-1788
-5873
-1518
-4072
2121
1634
3654
-1840
1271
-1036
2796
3984
7495
-407
-5554
-4993
1303
-2204
4465
-1466
-334
6847
-4738
-1320
951
-698
4930
1477
-3185
-2013
-378
-4753
-6853
4546
-2452
377
7854
-7531
-2188
3378
-239
5108
5132
2239
-5268
4130
6276
-260
-1915
1756
88
5240
935
5566
3585
-1993
-6828
4602
2005
-2741
-6243
6762
2918
4428
-3922
1677
4388
4467
-4056
-2224
-2989
-72
4153
2301
788
999
1428
927
2488
-2404
1738
2706
-4560
383
-375
-3937
-2794
3386
2921
-3412
-4793
6076
781
-1152
-5587
-4120
-2045
-1289
-1873
1806
319
4076
-6549
2525
6149
5646
-1542
-841
1384
-2537
3001
1422
-879
-3253
-324
-3638
-7072
3183
-1859
-927
1514
-3759
-322
-527
-2074
-3398
-2085
-1884
1256
5508
-5754
5701
504
209
2123
2112
5431
-1576
84
3057
-1604
-2472
-4597
1228
1057
3042
-3162
-4716
586
-1191
883
-5574
-3371
3204
99
3831
-5029
1676
5166
-4077
1252
173
-3275
-2220
-4755
4646
7930
-85
1476
1915
-1526
-1241
2170
-4400
6574
-3132
-1591
5918
1727
-4418
2059
-2889
1935
3332
734
1015
-1598
4711
765
-986
-1415
-3363
-1561
-492
324
-536
-125
-3
1637
-1917
-111
-1095
4654
2613
4049
-4417
-4373
-1546
2963
-7319
92
7355
-1075
1947
-2118
2296
3397
-975
5048
-1540
-2651
-979
2384
-575
3055
1408
-5153
7182
1193
-3470
-3293
-2435
2687
5284
-133
-1928
-1182
5550
8797
1194
-572
1504
2171
5959
-822
7983
-363
17
-11239
5626
3081
-419
-7907
8054
-43
6335
-9798
6479
7055
5658
-767
-2208
-6128
4564
2343
6082
198
-3003
1716
-2183
4393
-631
366
5314
-6423
-79
1351
28
-4226
6418
2342
-6147
-5328
8603
3832
453
-6473
-1198
-4311
-1437
-1108
4433
-2660
1842
-3739
3458
7359
9295
-2706
-1922
-2316
-1846
743
1483
-1433
-3265
3128
321
-6045
11148
-5338
-1952
-3165
-1937
3749
4759
445
-8145
-5685
242
5305
9872
-6230
4223
1704
-459
396
3632
6775
-5520
2103
5246
-2618
-5511
-7063
1379
3155
6129
-1995
-4153
1394
-33
3513
-4124
-1167
1904
-1082
7263
-4688
5163
8287
-5828
-716
77
-2919
-6451
-6181
4007
11699
1323
2077
3595
-2096
-1471
3948
-3837
6998
-7509
2556
9345
6529
-3006
2980
-4431
5093
6444
-2471
733
-101
4111
-52
1440
-1773
-3439
-1628
-4700
-1221
-687
617
3330
3093
-3962
4163
-4279
140
3649
6532
-265
-7807
-1439
5151
-7969
36
6623
-3600
4056
-7450
5722
6732
-3953
7456
-2427
-74
126
3137
-3477
-1171
1691
-8717
7733
6786
-4167
1292
-522
6038
5581
749
-5850
-487
2555
4616
482
-703
-83
1949
1591
-3509
-2466
-7091
-1600
-462
-5145
-2497
-980
-30
-3636
-5071
-2967
-2064
-1745
-297
5850
1511
1496
-3678
4547
-1768
1706
-5610
-2430
3319
-5290
-1270
2314
8695
9743
-6592
-2097
1308
1163
345
2651
-1784
-7111
2869
2274
-1652
4251
-6092
4253
-4569
-2949
-170
8920
-5113
1067
3568
4116
4160
8070
10511
1762
-237
-1343
-2512
-3449
291
-282
7179
2679
-2223
4175
679
628
-4430
-1049
5763
2870
-274
-2131
-9656
-1490
-279
4300
-3513
146
3790
-788
-6198
-1299
1525
-1273
184
-1792
4113
-245
-5213
1888
-2177
3696
-3214
-3068
1798
7404
9086
2869
95
5298
-2434
1279
-4987
1845
3258
2597
-2567
-460
5346
-2861
-2562
6574
1296
2612
3730
3296
-10184
-319
-434
253
6578
-1343
3441
7959
7864
-1222
-2319
1373
1671
-3294
-160
-4313
-197
1859
-1123
6477
3443
967
7354
-1995
3208
-4485
2809
222
6839
-7088
-329
-7373
305
4500
3857
1313
-2211
448
8149
-1178
-1637
-129
-556
7552
551
-1603
3118
-4317
4317
490
5065
1360
-2458
-6803
-7109
2236
-2791
-503
6879
-6731
5237
3998
1565
3917
-2097
-4194
-1794
2652
2509
2745
-1766
3791
1895
6302
-345
5220
10545
-326
-476
7305
-402
-5552
-2623
8354
5589
6553
-3955
1446
211
2350
1986
-2227
-4134
-5791
3270
-8036
-961
5708
2035
1088
2196
-6042
-4941
634
-5802
-243
-1679
-3465
-1313
-2396
813
-4865
-7360
2295
3601
-2997
-1230
-4869
87
-768
468
2009
3315
3425
-3846
-830
12100
1112
-397
-1000
7019
-4623
-165
5867
-2159
-3790
-920
-4900
-6655
-2111
3360
728
-2713
-5327
-321
-9790
-2671
598
-901
-2132
1209
-1998
-5887
8748
4598
5276
6134
-2856
8052
1234
1940
1714
-3903
-6049
-7597
186
-2059
4012
-12
-5933
4189
-5407
-3716
-9123
-3872
3410
1612
-5221
-1947
4468
-678
-2518
7729
2833
154
4485
-8585
-3085
9570
-5487
-62
2607
-1284
129
4094
-5977
4929
-1984
-3768
6145
-459
-7191
-1069
901
-3786
548
-1878
-341
-5599
6438
1868
-2642
1667
-4870
-5588
2588
-4081
-2874
-3109
5228
847
1642
-3096
-1501
7667
-579
1874
-1714
-2200
-6687
-1393
-4214
2253
2999
-1997
-405
-3616
-1584
-1241
-1692
5743
-4356
-9197
-1970
1058
-892
4822
886
-4849
291
-311
-5207
-4293
512
512
7141
-3100
2272
-2979
3429
5444
-2788
-3435
1449
378
3627
-2316
-1703
2800
-3012
-707
-451
-92
-571
-2215
-2641
1244
4124
274
-1837
-517
4177
-3515
-2445
-499
714
3603
1722
-3563
1465
1056
-4068
715
360
6705
6006
-3501
-3787
-1750
886
-1224
6372
-2665
-4254
566
6298
-126
618
-7040
1257
-2368
-4609
-566
3559
-6311
3005
-118
-4214
5750
9540
8048
2005
794
-6161
-2785
-5989
685
240
6686
1365
-2511
1732
1739
-2954
-2387
-1738
722
-4928
-1564
-2159
-3696
-6334
141
5006
-5212
-232
513
-5892
-580
-2115
2555
-1046
1290
3417
-104
1114
-3759
-932
322
2135
-4637
-1295
2072
1727
3515
-4656
1632
4211
-1394
1105
-7018
1885
9190
2474
4006
-2337
-1396
-4306
-1760
7464
7142
2371
4199
-460
-6602
2384
1592
-5560
9688
3843
122
9223
5558
-5610
-3286
288
-2060
-2896
-1394
-3819
-6415
3640
-1279
2353
2825
-740
210
-1395
1279
-5302
-865
-1216
8366
-7643
-4752
-8444
2335
137
-1746
-3200
771
-4496
2691
-2782
-641
3304
-3456
1397
135
-1196
4033
-4463
7004
-915
3986
2754
-1032
-2398
2307
-289
-2218
1076
792
-4275
-5266
-2139
2701
5905
-6844
-5810
948
2735
3155
3779
577
970
2462
818
-4877
-3197
-7894
1722
-1846
-6027
-3356
-1020
-168
-1742
-7205
-4687
-6207
-118
-122
5092
6437
3750
-4798
4421
-2943
94
-6320
-800
4615
-3688
39
2590
3735
10452
-6780
-2212
4035
2646
179
763
-2065
-6454
3690
797
-2252
4460
-3647
5850
-5684
-1657
2257
8585
-4171
-3038
5800
4934
4006
7077
6590
2146
787
442
-3125
-2237
207
-859
4918
3274
1974
7228
-789
2106
-4960
-1715
6190
4588
-201
-3398
-8417
316
3746
5128
-2437
-854
3966
-1146
-5933
-2088
3314
-2480
1511
-3135
3388
-1761
-6715
2855
-3482
2609
562
-388
3574
5296
10508
3893
1347
4902
-222
-3019
-2929
4174
3610
3339
-2014
2471
5977
-2011
-3803
4252
1236
-380
3467
2908
-9148
239
-1236
1698
3587
-4140
4390
5500
7265
533
-3205
3730
2993
-4073
-2113
-2473
1509
1043
-1740
6539
1912
1064
6188
-3381
918
-4644
5215
1546
4355
-5518
2621
-4503
-920
4156
4936
2601
-3008
-516
5407
509
1693
-2531
-1172
7527
-3256
-1308
1664
-3962
3364
1186
3241
-13
-2246
-6890
-8553
3933
-1593
1259
7961
-5948
5548
4599
1263
2681
1685
-2712
-3101
370
1195
3898
1127
3555
1323
4191
-2279
99
-4416
2004
-4759
-724
-2422
607
-2728
4566
-5142
-4103
-8723
503
3288
3607
7388
449
-6321
2645
526
-2761
-3781
2344
7388
-1536
6262
137
-3502
7079
-2027
436
4903
198
-1064
-23
-410
-4135
1157
4686
809
-698
-4103
2918
-4442
-4213
2815
6152
1492
-5312
4110
6860
7075
4705
125
1335
1615
31
-1408
231
-1732
-2226
2010
3488
1742
7963
-3050
782
-2496
289
2507
1279
-2271
-5310
-3750
949
6205
4494
-3008
2272
4826
604
-1645
-5344
3016
-3392
1155
-3080
-723
-5640
-9110
4123
479
2128
-1316
1328
5164
-2271
4713
223
2003
4794
-1120
-5584
553
6433
4684
110
2198
5600
-284
-2758
-7927
1327
3667
-3096
5329
2892
-7491
737
-148
689
4727
-5470
3996
3043
5309
-5278
-416
250
1525
-2519
-7212
3492
-322
3307
3118
2586
266
-2686
2041
-3161
-3505
-3162
1042
3025
2854
-2435
3885
331
2217
3173
2637
111
-4752
-1199
-1400
-1442
4622
-3304
-1903
6085
-4672
-441
5131
-6245
2768
388
1436
-1134
-879
-4620
-6063
3814
-2700
3928
5942
-3505
0
681
2305
5357
2574
531
-119
1174
5305
1761
2124
2433
2470
1586
-4179
-5236
-6874
-638
1024
-1780
-3154
1270
-2127
800
-3198
-3099
909
152
0
2559
-524
562
-2599
3817
920
790
-4092
2577
4749
-5110
2877
1207
7671
7658
-5221
-2089
1219
-3334
3603
2050
-2186
-4672
790
323
-3067
2610
-3787
1410
-5282
-3068
-2920
9565
-5433
2267
1409
6440
4027
5612
10953
3436
822
-2891
-3525
-4492
-790
699
3156
1875
-1895
-1443
4265
5158
-2510
734
4226
3209
-348
1031
-4394
-3272
-49
3850
-2872
216
4864
-104
-6727
-1054
990
-126
-1924
-3267
2434
717
-1940
4057
-903
-896
-3729
-3294
3868
5816
8242
2848
697
4711
-2755
3078
-2350
2105
-869
5085
-2353
-451
1256
-3015
732
7649
838
2169
2946
3494
-7802
-1017
1138
3886
9609
-2360
351
8741
6381
-3956
-1570
2622
2480
-4779
1276
-1577
2886
2351
-2557
5586
1615
2881
7832
912
1857
-2170
3065
-1667
2730
-6689
2882
-3602
1007
7005
3693
-1025
-549
-2679
7812
-1653
-4416
721
-1233
5029
905
-640
530
-6357
1122
2576
2296
-1957
-2035
-5508
-3310
3450
-2426
-2637
7717
-5731
1827
2069
-812
1297
-847
-1669
-2388
244
12
3134
-687
4539
-172
1887
-2587
-4805
512
-729
2296
1880
-2526
-3081
-401
2428
811
-2782
141
-608
-2748
1956
2509
402
-2305
-3107
3150
-8318
-3520
7877
6628
-1759
3373
-4897
973
4591
-2585
-181
-910
-2810
1385
-3622
-2035
-2837
-473
1738
-1646
-2408
-2594
-1364
-2309
-2056
50
4532
649
3193
-171
4592
9303
-899
6586
3903
5672
-3569
-1677
-1888
-764
976
-1777
-1933
-1632
-4719
6358
5348
-577
-1067
-1249
-4377
-3215
4669
-3149
-2097
-258
-2194
-4859
3086
5675
1605
-886
-5972
3013
3386
-627
-3840
-446
-2827
-3842
3518
-2591
-495
-4251
-2114
5306
1461
498
-3138
-1425
4055
-1176
-5599
-1697
2012
-1704
4532
4763
2627
751
1923
-2775
2533
1744
-3609
2377
896
-5983
2163
395
1657
8284
-540
-436
4773
2034
-7751
-1822
4516
-2529
-5667
-20
3454
-485
5350
1529
-526
3802
-1087
4880
5081
-2176
-3704
-221
1986
1528
-1466
1041
-2916
7070
4153
-1066
-3261
1895
-6190
73
-1998
-637
-864
-1440
1617
2102
-3246
407
-4952
172
-499
-4429
-2650
-2018
-1692
1516
3715
-95
-2395
1539
-4271
-1764
230
-1917
4483
-1065
1424
-1559
3452
3811
946
-2617
2088
649
675
-1651
-4284
5839
-4703
4563
4177
-1426
-2990
-1137
-1373
6213
4517
3744
-634
-3103
3219
-3204
-3626
2618
-1598
6059
-3133
-4040
5884
-411
-5246
1356
-3130
8374
3622
-5830
-4873
-5366
-1265
-705
2985
-2237
-6094
-858
2591
-998
1354
-4796
-1008
-1449
-2199
-3155
3896
-6839
6476
-2826
-5632
7776
5115
13332
6177
750
-8493
-4006
-5553
3
515
3689
-2335
-6845
-6554
7890
2508
-2474
2395
-1037
-4680
-712
5377
-2733
-6483
-1360
-611
-6727
360
948
-4436
-275
-528
4774
997
-614
2549
-1338
4444
-124
-3568
190
-494
-3766
-5637
3348
5080
800
-5357
1356
4601
-2434
3475
-6718
1983
3059
4283
6401
-2247
-629
-1245
-465
8134
5867
-449
1866
-837
-4307
2336
3356
-1456
10269
5688
-3307
10892
2625
-6537
-1911
4240
-3519
-4942
4286
-2984
-5161
5055
-5162
1627
5769
927
1107
6716
-319
-4244
-429
-148
4153
-5241
-3643
-10548
4369
2049
-1844
-4037
5799
-8632
5191
-4123
-4628
3815
-3628
-1568
3793
-3946
1180
-5306
2750
-1249
-1525
-1027
-2405
-522
7335
748
-2076
-3755
1094
-5231
-3098
264
-1058
2151
-8934
-5869
-1063
3513
5110
3262
2693
1347
2611
4945
-3933
-822
-3714
498
-1465
-3518
-4318
-202
-1818
-205
-5625
-2652
-6729
1467
1138
5907
4246
-388
-3256
3840
-3102
-1175
-4010
-1207
5185
-5755
907
1940
4103
8529
-5836
-1382
4433
54
478
469
-1748
-7323
4745
1669
1255
4755
-2544
3945
-1922
-7355
-1017
8620
-4601
-4500
1680
2728
5143
10291
6675
1064
761
-145
210
-3131
-518
-3709
5029
1624
-580
5752
-1802
-1847
-3600
-3075
4800
-291
-4198
-7087
-2844
-1702
5530
4822
-5050
2232
6056
-1720
-1780
-1613
3443
147
3097
-1853
-211
-3489
-10073
3598
-2339
1827
3060
-1942
3968
-1779
8732
-2067
1954
5053
2481
-3971
-1002
5423
4574
5560
1699
5368
4924
-1818
-5580
3077
6304
-1232
3054
2762
-8732
-906
275
-103
4534
-6381
2219
8017
8310
-1934
-1770
-1917
1782
-3928
-4776
-2746
-3205
1414
-453
5605
1305
-1257
1742
-5189
1951
-5287
832
-116
7720
-5703
-1483
-4569
-75
2622
5104
1513
-1545
-4207
3546
-2795
4458
-2772
-298
8086
-918
58
2995
-3141
5480
1694
4647
-581
-2716
-7291
-5374
1124
-3843
2880
4182
-8845
1505
2515
1228
5179
1805
-3665
65
3978
4010
2840
2948
3736
1787
4721
-1590
1486
-993
4456
-1469
1196
-2816
988
-4024
6851
-1757
-1636
-6296
2644
2242
5209
3360
-1355
-1439
1196
-725
-2143
-2368
626
4038
-1772
1612
-262
364
1709
-3246
2338
5069
-4063
2904
-2219
1199
-3090
131
2328
368
1366
-756
-1411
-2927
-4560
-3589
5644
-1117
-4041
-619
5710
5538
3386
1349
1058
2159
-58
546
-785
-1880
-4622
-25
-1816
-3534
2747
-1230
-972
-611
-4315
2145
-1951
-2060
-4843
500
-1195
4623
2100
-2923
7030
4893
3362
1801
-2873
1846
-1048
1057
-755
-296
-6047
-8020
4102
-1938
2602
1294
-2187
3904
-3743
3249
-2843
-374
2876
-404
-3020
1093
3515
-326
1578
4176
5323
420
-677
-6306
-122
6416
-2456
-57
3526
-5436
-571
1298
97
4905
-6771
1279
4188
3093
-4272
-1313
-2662
818
-1356
-3094
-863
-3295
2164
1386
1968
1265
-1763
-269
-1519
-2578
-2766
-136
345
4447
-1016
60
1431
2777
2033
3067
-1047
-3095
-4837
267
-3542
4200
-1675
-1805
5273
-994
1237
1797
-200
4974
923
-999
-5123
-448
-3318
-1666
1506
-1881
3837
1956
-5676
-1462
-685
501
2731
3631
485
91
6090
6947
-2076
-5449
4522
-669
7244
654
5941
8974
-1507
-8234
4990
3066
-3422
-6799
6000
5508
8304
-8214
-118
5120
5785
-1732
-3521
-4626
-1292
5592
2137
-1505
1382
1291
2605
4830
-2572
-2336
3818
-4553
-567
368
-2218
-6258
5443
2172
-4420
-5308
10919
902
-3590
-8082
-2967
-2904
-1750
1620
1106
234
3395
-3859
-2469
11627
8727
-2579
-2152
2753
-4849
748
816
-1378
-4058
3622
-2914
-5973
6485
-3484
-5897
-2078
-5601
-511
-7179
-2488
-6512
-4626
-3224
4517
7054
-7125
7120
80
-1542
4700
-1692
7653
-4643
2364
5839
-2972
-5835
-8659
33
1854
5704
-2895
-2916
1788
-4852
1126
-9372
-1214
4443
295
-1375
-6512
4188
10727
-5758
7850
547
-4063
-1774
-10040
4070
14451
-1091
4321
1401
-4901
2085
1625
-11106
9095
96
-714
7506
2975
-7956
-1218
-3067
-1135
2358
-3900
-1095
-9710
6692
1527
-1808
674
-6262
-6284
-1661
-2691
-4344
-2280
2817
5991
-3928
-3556
-4972
6087
-970
884
-4414
-5259
-3621
-2366
-7564
4595
6259
-3288
662
-5862
39
4899
-3611
10636
-3604
-2114
446
2847
-249
4453
63
-5685
10843
1158
-3585
-8169
-3534
5980
9764
-5762
-3065
259
-518
624
3763
-3929
8941
-3304
-855
-3389
-3764
15460
-3345
407
3826
-2307
-7150
-1585
-1329
8823
-11
-3100
-4678
-2622
-894
3162
38
-4537
-11159
15623
-13480
-3793
15769
5366
4378
9919
-5925
-8514
4556
-5576
-5939
-4107
-3685
-6844
-1631
-3230
-7104
-8957
-73
-2404
-7701
-5201
-1441
1810
2794
2992
3917
2772
6018
-1357
-5662
16045
-2597
6117
5481
7211
-6526
-1999
-31
-2424
896
-1884
-12295
-5327
-6430
7239
6653
-6895
4372
-3075
-8635
-3519
7323
-1898
-7702
2605
-5687
-9584
2045
3862
-4296
-873
-7852
15282
-61
-3219
-2240
-8564
2283
-2887
625
-204
-5279
-536
-7280
7830
1275
1769
-6469
2512
9416
3508
-9292
-3221
12376
-3278
4598
16319
2252
2047
1509
-12076
5572
7990
-10870
5762
-4761
120
8046
-2119
-555
8630
5240
-6585
6737
2095
-8187
-3610
10055
-4991
-10114
-2069
4132
-8783
4663
-237
-5767
8574
-4389
1186
10034
-5719
-4378
-792
4935
-4393
-2168
3831
-9742
13356
3584
-4461
-4969
10398
-9420
-1531
2030
-2875
-810
-1146
-3407
-3058
-10930
488
-5833
-1206
-2077
-13802
-8388
-1616
948
11629
-353
-1804
-2358
3366
-2853
-5276
6181
-129
3739
-7815
1494
-8757
2368
1876
3130
2227
1777
1152
-3562
-2479
-8313
-3892
-1760
8940
-2525
-5187
-855
1104
-2730
1512
-5020
7006
-2406
-4904
2722
-1394
-179
4575
637
2591
-2350
-6086
4276
752
-7084
-959
223
11447
2848
-4280
-2744
-1186
-3970
5167
-402
-1494
-3001
4348
-5150
-4948
5660
-50
1597
-1790
-2685
-6125
6640
-8727
1626
802
2070
-259
995
15488
8770
-864
-4389
-3560
-6674
580
829
-170
-510
-2281
-8381
8291
5090
-200
3487
2129
1748
76
7404
-533
-5122
-2351
-1942
-1895
-2141
-499
-2633
-4656
-944
-1114
839
-2176
-2830
2633
6421
3009
174
-2617
-2372
-716
-3393
2796
8738
5703
2119
1701
4673
-3208
2997
-1902
-272
-4504
8851
2277
-109
2607
-1248
4225
9124
-3218
1637
503
-627
-5551
1105
540
6184
7749
2044
-1592
4410
419
-2227
-4099
6172
-1096
-8158
7648
-3173
787
1060
-6563
4838
4634
4840
8099
7530
1944
-3199
3954
-4611
2616
-2848
-491
-4691
594
4806
-793
-1674
8664
-3718
7296
-497
-5362
-261
-2494
2468
7522
-4649
-2041
-1134
-3085
3939
1128
-4576
-3793
-1238
1941
2182
3200
-5275
2148
-5311
772
1205
-4011
-4639
-2504
-621
-2090
1251
-2333
622
1179
5330
-1105
2082
-219
-7111
128
1928
7061
787
-2556
-28
1536
3425
75
-2297
2022
1871
-4177
1677
3486
701
3024
-3245
-4541
-3539
-4367
6899
2246
457
-414
-1308
3725
1465
270
1346
-1603
-1234
4825
-4803
-1507
-779
556
-1256
-2360
2687
1816
-6039
-2876
2395
-949
141
-30
-98
-2196
2072
3793
-4609
2771
5386
5694
-355
-223
-2898
-1073
2311
-6380
-2711
1661
-5962
5985
7719
3170
-4671
-1816
-3632
-2311
6004
2842
1804
-1781
-1865
2547
3120
2760
911
2550
-3897
-739
4135
1244
-5381
2308
-4433
158
339
-6183
-2824
-1972
279
4051
-44
-3128
353
264
-1743
-1889
-2750
2716
-4361
-2716
6116
3834
1612
-3086
4386
2517
-2487
-602
-3042
-4101
1522
-3353
4
-24
3994
2788
1073
-549
-714
-1174
-4166
-3365
6586
-3808
-4409
2965
-2574
2155
3059
-2823
-584
2715
3281
1268
4305
-3104
1111
1133
-826
2534
812
-2063
2702
300
500
-2108
-1656
1400
-5528
-1597
-259
754
-1028
-2112
-1257
3565
0
-3162
856
219
-466
-2794
-3912
249
1767
2173
2885
4236
-2540
-1434
-277
-2263
-4467
-992
-743
4358
1992
-1360
-1382
3036
1423
-3234
586
397
1123
-1684
-1805
-7306
-4628
-6164
2070
-61
-2446
-1511
3874
-2693
-3815
983
706
2276
3011
-3126
-1243
-4096
4120
5095
44
-311
4256
4206
-3298
3756
-5579
3738
7983
-3659
-493
-2668
-445
-371
2560
-673
-5969
-3765
3808
1035
-2615
-6742
-520
-9038
203
278
3330
487
6010
-1201
7916
5991
2512
3210
1390
869
-2461
882
-22
2021
2625
1249
2162
-2310
2575
3905
7838
3383
1821
-2623
8727
-869
854
-7315
270
-489
3603
-5930
-398
3995
687
-6049
558
101
347
-2649
-3157
1980
1038
-875
-248
1910
2643
-9662
-3476
1697
7948
3176
-866
-2602
3477
-1625
5673
-8580
1193
4052
-1314
-8401
-3604
-4272
-7569
1217
7529
-2746
-587
3723
2176
-2916
-294
1653
4810
8484
-1328
1102
6213
3036
-4720
4037
2676
6101
-1030
2420
5675
8995
4444
2821
2555
-3294
-485
5864
71
-478
1667
2831
2966
-2268
-5030
7420
-1533
2375
7543
4358
-3856
-6358
1078
6205
-6850
-6515
6940
-1811
1152
-1096
2484
4807
-6528
-3453
-1175
-2038
1674
-275
-1400
-2775
6052
-2291
-1396
4430
-1344
2909
2312
-1760
3692
2149
-1707
-2963
