0
2
0
8
6
0
15
0
0
2
5
0
0
0
0
0
0
0
0
0
0
21
16
0
0
18
0
0
1
0
13
0
0
0
0
0
0
1
0
0
0
0
6
1
0
0
7
0
11
0
14
0
0
20
14
0
0
18
95
0
0
0
18
18
23
15
0
0
0
0
0
0
0
0
9
2
13
22
0
0
0
0
0
11
0
0
0
24
0
6
42
0
0
13
0
11
11
0
0
0
0
5
0
0
0
0
0
7
4
48
0
11
0
6
1
0
3
0
16
13
3
0
8
0
0
0
4
8
0
0
0
11
3
24
0
12
0
12
12
6
0
0
11
16
0
0
0
0
0
0
17
0
0
16
0
24
11
0
10
0
18
9
8
0
0
19
0
18
13
0
4
8
0
21
0
9
0
15
0
0
0
0
0
0
22
0
17
0
10
2
0
12
0
13
0
0
15
0
6
0
0
0
18
0
0
0
0
0
0
0
3
0
0
10
14
0
3
13
0
5
0
0
0
0
0
0
1
0
0
4
0
3
0
0
7
0
0
0
0
0
4
0
0
5
22
20
5
0
0
0
0
0
0
0
41
15
5
0
7
0
3
0
11
0
0
0
0
14
0
0
0
0
28
4
0
23
48
0
0
5
0
26
0
0
0
11
0
7
1
12
0
0
0
5
1
49
0
0
0
9
5
18
0
0
0
6
0
0
10
0
0
3
3
0
11
0
0
0
0
8
25
0
0
15
0
0
0
11
0
14
12
7
0
0
3
0
0
0
0
3
16
0
29
0
4
0
16
20
16
0
0
0
5
9
13
6
0
19
0
41
10
0
0
7
0
32
38
8
0
0
0
0
0
0
0
0
3
20
16
0
10
0
0
11
22
0
0
5
6
0
0
0
0
0
8
0
0
0
0
0
0
0
8
0
1
21
7
1
0
0
0
0
0
0
0
0
0
0
9
0
0
0
0
0
28
0
4
0
0
16
0
0
0
0
11
0
8
11
2
0
0
0
0
0
0
0
36
1
0
0
0
0
10
0
0
0
0
8
0
15
11
0
5
0
0
6
0
0
0
0
0
0
0
23
3
0
0
0
0
9
0
0
0
0
0
5
7
0
0
0
0
12
5
0
0
0
0
7
0
0
28
3
0
0
3
0
0
0
0
0
0
8
34
0
0
0
0
19
0
12
9
14
12
8
0
0
8
0
0
0
0
0
2
23
14
12
0
0
26
13
7
0
17
4
0
9
10
0
0
19
0
43
18
0
7
11
0
18
30
6
0
3
0
0
0
0
13
0
0
11
0
4
10
0
0
12
9
4
0
13
10
6
0
0
0
0
7
0
0
0
0
0
0
0
2
5
0
10
9
0
29
2
18
8
0
0
2
2
0
0
10
0
0
20
0
0
0
0
8
0
0
2
0
0
3
0
8
0
0
20
0
0
16
22
17
0
0
0
0
18
0
0
0
0
10
5
0
0
0
0
12
27
0
0
0
0
0
5
0
6
0
0
0
27
0
0
31
0
0
0
13
22
9
0
0
0
0
5
18
0
0
0
0
10
5
0
0
0
0
6
0
0
0
0
0
11
3
0
5
0
0
0
7
8
21
0
0
43
0
18
0
12
0
14
12
8
0
0
9
0
0
0
7
0
0
39
17
0
0
2
0
0
4
0
20
0
1
10
10
0
0
21
0
29
4
0
15
0
0
40
15
1
0
2
0
14
11
0
0
0
12
12
0
0
10
9
0
11
0
4
0
0
18
0
0
0
0
0
5
0
0
0
0
0
0
0
22
0
9
23
14
0
0
12
39
0
8
0
13
0
0
0
0
0
27
41
0
0
0
0
8
0
4
20
0
0
17
0
9
0
0
22
6
0
0
0
0
0
0
0
23
0
12
0
0
0
10
0
0
0
5
5
0
0
0
0
0
0
51
6
18
25
0
0
0
2
0
13
0
2
0
1
0
9
1
0
0
0
0
5
17
51
6
0
0
7
5
0
0
11
0
6
0
0
31
0
0
16
3
0
4
0
0
0
0
8
37
0
0
34
0
0
0
12
2
14
12
8
0
0
1
0
26
0
3
0
0
15
25
0
0
3
0
0
13
0
0
19
1
8
10
0
0
25
0
58
13
0
19
11
0
24
6
0
0
14
0
0
0
9
2
0
0
13
13
0
10
0
4
8
33
0
0
19
0
5
8
4
0
0
0
0
0
0
0
0
0
0
0
0
0
21
16
0
0
0
0
0
0
0
13
0
0
0
0
0
2
0
14
0
5
0
8
0
0
0
11
0
5
0
3
21
7
5
16
0
0
0
72
0
0
0
0
31
23
3
0
0
11
0
0
0
0
0
0
0
15
1
7
0
12
13
0
1
19
0
8
3
0
0
0
0
0
1
0
8
0
0
4
0
11
5
0
0
0
0
0
15
3
24
0
0
0
6
0
0
15
0
1
11
3
0
0
0
30
0
0
8
0
0
0
0
3
0
0
9
0
15
12
0
0
0
17
14
0
0
11
0
19
0
0
0
2
21
26
0
11
1
0
8
0
13
0
0
6
19
0
0
13
0
7
12
0
0
14
28
0
0
0
0
0
0
0
0
11
0
0
0
10
15
0
2
0
3
0
19
0
5
3
5
0
0
0
0
0
2
0
0
3
0
0
0
0
12
12
0
26
0
0
0
0
0
0
3
0
0
20
13
0
0
0
30
0
0
5
10
12
0
16
1
3
0
17
2
0
0
0
0
0
0
0
0
22
0
79
3
7
0
0
0
4
0
2
0
0
0
45
9
0
0
11
0
19
5
0
0
0
0
12
6
0
0
61
0
0
3
29
8
0
0
0
0
0
5
20
0
0
0
30
0
5
2
0
0
0
6
0
0
0
0
0
0
3
0
0
0
25
0
0
8
17
0
14
5
0
7
2
10
0
16
12
6
4
0
15
4
0
0
0
9
0
0
17
0
3
0
0
0
14
0
15
0
0
9
9
4
3
19
0
13
17
0
8
8
0
0
0
0
0
0
2
0
0
0
0
10
17
0
5
8
10
16
0
0
0
0
0
0
0
7
0
8
2
0
0
5
0
0
0
0
1
0
2
14
0
0
11
0
0
0
0
0
0
0
0
0
0
0
5
0
0
0
0
0
0
0
6
0
0
0
13
0
0
0
24
0
0
12
0
0
0
0
0
0
75
0
17
0
21
0
0
0
0
0
4
0
0
0
0
0
0
0
47
35
0
1
0
0
0
0
17
0
0
0
0
0
0
0
2
18
0
0
0
0
0
3
13
0
8
1
2
0
5
0
0
0
0
6
0
0
0
0
0
0
3
0
0
0
3
0
0
8
15
0
0
0
0
0
0
12
16
13
12
10
0
0
9
0
0
0
0
1
1
0
25
0
0
0
0
0
3
0
0
0
3
9
10
8
0
19
0
12
10
0
0
0
0
0
0
6
0
0
0
0
10
0
27
0
0
42
4
0
10
0
0
0
2
1
0
13
0
0
0
6
0
0
0
2
0
5
0
0
0
0
0
0
0
10
16
0
0
0
0
0
0
0
13
16
0
0
0
0
0
0
12
0
0
0
8
0
0
16
12
0
0
0
33
0
0
0
0
0
0
0
74
0
60
0
23
0
13
0
0
0
0
0
0
0
0
0
0
0
6
18
29
0
34
5
0
0
7
0
27
0
0
0
0
0
0
0
0
4
9
19
0
0
0
4
0
0
17
0
11
0
5
0
0
0
0
5
0
25
0
0
0
0
3
62
7
0
0
0
2
8
8
0
43
0
2
38
0
12
0
11
12
7
0
0
0
0
0
0
0
0
0
0
0
0
0
13
0
23
0
0
0
0
1
0
11
0
0
8
0
0
6
0
0
0
0
0
20
0
0
1
0
23
14
0
0
0
6
0
0
0
10
0
0
0
0
7
0
21
6
0
0
3
0
0
0
0
0
0
0
0
0
0
3
0
0
14
16
0
11
23
0
7
0
0
40
12
0
0
0
0
0
11
0
0
0
0
8
0
0
0
0
0
43
0
19
0
0
9
27
0
13
2
0
0
38
0
0
0
0
0
0
0
0
3
0
0
0
0
0
16
0
0
0
0
37
6
0
0
0
0
0
29
0
14
2
3
0
10
0
4
0
4
0
10
0
3
0
0
0
0
14
5
5
5
0
0
0
5
0
60
4
0
0
16
3
12
2
0
11
0
6
8
0
0
0
5
0
36
5
12
2
13
12
0
6
14
24
0
0
0
0
0
21
0
0
0
0
11
0
0
2
0
0
0
1
26
5
0
0
9
0
0
12
0
0
0
0
0
12
0
0
0
0
63
0
0
10
0
0
19
0
0
10
0
0
0
34
0
0
10
7
0
4
0
12
0
7
0
0
0
0
0
0
0
3
0
0
13
16
9
0
0
0
0
0
0
0
0
14
0
0
0
0
0
27
0
12
0
8
0
10
0
2
0
0
0
8
27
3
2
10
0
0
0
26
0
0
0
0
0
14
6
0
0
14
0
0
0
0
0
0
0
0
15
0
32
0
0
0
9
0
0
5
13
0
0
2
0
0
2
2
0
8
0
11
18
9
5
0
0
0
0
26
1
5
38
0
4
26
7
27
34
0
0
19
14
2
3
3
0
0
0
0
8
0
11
0
0
0
0
0
12
0
14
12
0
0
9
15
15
0
41
0
0
43
0
0
24
0
15
0
5
3
0
13
9
6
0
0
0
0
18
0
0
13
0
0
10
0
6
16
14
0
0
0
0
0
0
20
0
13
14
4
0
12
10
0
13
0
6
0
22
11
0
2
0
0
0
8
0
0
0
0
0
0
0
12
0
0
16
6
0
27
0
0
0
15
0
8
2
1
0
24
0
0
0
0
9
0
0
8
0
0
0
0
0
0
3
14
37
2
15
8
0
0
0
0
0
0
0
5
0
15
0
0
0
3
0
13
0
0
0
0
0
0
0
0
16
0
0
0
41
0
0
0
0
0
0
0
0
0
0
38
18
10
0
0
0
0
5
24
0
0
1
0
12
0
49
27
0
19
5
0
0
0
0
28
2
3
0
4
0
0
1
0
8
0
13
3
0
0
5
0
12
0
12
12
9
0
15
15
15
0
10
5
0
0
0
0
0
0
22
0
0
16
0
0
2
5
0
0
0
33
12
0
0
12
0
0
4
0
0
3
0
0
0
0
0
0
0
0
0
30
0
0
4
9
6
0
12
0
7
0
6
7
0
0
4
37
0
2
0
0
0
0
0
24
0
0
0
4
0
0
0
2
27
0
6
6
0
31
16
0
1
5
0
8
0
0
95
0
20
10
0
29
0
0
0
5
17
11
0
0
1
2
0
0
31
7
0
0
0
0
0
4
0
0
0
0
0
0
0
0
0
0
0
0
0
0
29
0
4
0
0
8
0
0
0
0
22
48
0
0
10
0
12
15
0
0
8
0
1
19
0
0
5
43
0
7
0
0
0
0
7
0
0
0
0
5
0
3
0
9
0
0
0
0
8
8
0
0
9
0
0
0
12
17
5
12
7
0
0
14
3
0
0
0
0
9
0
0
0
0
11
0
0
17
0
0
0
0
9
13
37
26
14
1
8
14
0
0
0
0
0
9
0
0
0
19
0
0
0
18
0
9
0
0
13
7
0
22
8
0
4
0
9
15
0
0
0
0
0
19
0
0
0
0
0
0
0
0
0
15
14
8
0
0
0
20
2
0
0
39
1
0
0
0
0
51
0
0
0
18
0
15
2
0
7
0
0
0
0
0
0
0
11
0
0
0
0
23
0
0
0
0
0
0
0
0
0
28
0
0
0
0
0
0
22
0
0
0
0
0
7
0
0
0
28
0
2
0
3
0
9
0
0
0
7
0
18
0
11
24
0
30
0
20
11
0
0
3
0
0
0
18
6
0
0
0
0
0
0
3
18
0
0
13
0
8
8
4
0
0
0
0
0
0
12
0
0
12
0
0
0
7
0
28
0
0
0
71
0
0
0
3
14
13
0
8
0
0
13
0
35
0
0
0
20
0
8
0
0
0
3
0
0
10
0
0
0
0
0
0
0
0
0
0
0
0
2
10
7
25
9
0
5
0
43
15
0
0
1
0
0
2
0
0
0
0
0
0
0
0
0
0
7
17
0
0
0
10
0
0
0
0
7
0
0
0
0
0
0
0
0
0
1
2
0
20
0
15
3
24
0
35
0
0
0
4
0
33
0
0
0
0
0
0
0
15
0
0
0
13
0
0
0
0
0
0
0
0
0
13
6
14
6
37
0
0
0
0
2
54
0
0
0
0
7
4
13
0
3
1
22
28
0
19
0
0
2
10
4
5
0
0
0
0
6
0
0
12
0
0
16
3
17
5
0
10
0
0
8
0
0
0
0
9
0
0
12
0
10
12
0
4
28
0
0
4
0
0
0
41
0
0
0
0
5
12
0
14
0
0
0
1
0
0
0
0
22
0
0
12
0
24
19
0
0
38
0
0
1
0
0
0
1
10
0
0
0
0
0
10
0
0
9
25
3
0
7
11
0
6
0
14
0
7
0
0
0
0
0
0
0
1
0
7
21
7
13
0
0
0
0
4
0
0
2
24
0
5
0
0
0
13
0
27
0
8
0
0
0
37
0
0
8
0
0
0
0
21
0
1
14
3
0
0
0
0
0
30
1
3
0
10
22
0
0
0
0
0
0
0
0
25
6
19
13
0
0
0
0
31
0
0
2
0
0
0
0
10
0
0
0
0
12
0
4
0
0
0
3
7
0
2
43
60
0
4
6
0
48
0
0
0
23
3
63
4
0
0
0
0
8
0
0
7
0
0
8
0
12
0
13
12
6
0
0
15
20
0
14
4
0
53
0
0
7
0
25
0
28
15
0
0
20
0
0
0
0
10
23
0
0
19
0
6
16
0
0
12
3
0
0
0
0
0
0
0
17
25
7
9
19
6
0
0
0
0
2
0
11
13
0
0
0
0
0
0
0
0
0
0
0
0
0
2
0
0
18
9
0
0
0
0
0
1
0
0
0
6
0
4
0
0
0
15
0
0
17
4
1
16
0
24
0
11
0
0
0
0
5
24
0
0
0
0
0
0
0
0
0
25
0
0
0
13
3
14
2
0
0
0
0
8
4
0
29
20
9
0
0
0
0
31
0
0
1
0
0
0
9
0
0
0
0
0
14
0
8
0
0
0
0
0
0
3
97
88
7
0
5
5
92
14
0
0
1
2
85
0
0
0
0
0
8
0
0
15
0
6
44
0
12
0
3
12
0
0
67
15
0
0
25
3
0
7
0
0
4
0
16
0
42
10
0
0
0
8
1
0
0
9
19
0
0
8
0
0
11
0
0
0
0
0
0
0
9
1
0
45
46
19
0
6
1
6
0
12
0
0
0
1
11
17
0
6
0
24
0
12
0
0
0
0
0
0
0
0
9
0
3
21
0
0
0
0
0
0
0
17
0
15
0
0
0
0
20
0
15
6
0
6
0
18
0
0
0
16
0
18
0
0
31
17
0
32
0
0
0
1
0
0
0
10
0
0
0
23
19
0
1
0
0
0
44
8
2
0
66
0
6
0
0
0
0
10
34
0
5
35
15
0
9
0
12
0
0
0
24
0
7
0
3
4
0
16
7
6
0
54
0
0
6
57
33
0
0
0
0
3
11
0
0
11
0
28
8
9
0
22
6
0
17
0
12
0
3
12
0
0
50
18
2
0
37
0
0
0
0
0
0
0
15
0
6
7
0
6
0
3
0
0
0
0
15
0
0
2
3
0
0
0
0
0
0
0
0
0
26
0
0
0
0
0
28
4
0
10
19
0
0
