-17653
1427
7718
165
1245
7774
1638
10105
16781
14376
-8087
-3585
925
4592
24248
-28977
-2130
2488
-11445
15534
17219
13000
1517
-17139
15659
26363
6198
-17624
-11754
-10353
-345
4496
6522
23853
-207
-7733
10920
20262
-18011
-1985
553
8062
13430
-11166
12123
-1518
1055
5747
-21
16318
14726
10868
6034
-2052
10273
14859
11651
11060
-19161
-23687
-8569
-5446
3818
-38390
-1750
5149
-20617
1255
12411
8556
-5517
-14600
-868
7372
22436
-14704
-9736
-14057
8180
3
7533
12623
6292
13286
1514
25364
-21907
-21459
13460
8324
7487
1607
7548
20840
42698
-24913
8868
3355
-93
-11238
-9201
5239
1934
5472
16544
-2250
6441
-14940
4859
5127
12896
-5177
1942
-3226
-4032
7068
12117
-10950
-3675
-6863
4533
2474
8962
-5806
-6129
2087
10163
13367
-10
15766
-7586
-3503
3972
16552
-3716
-19568
11166
3020
4493
-14986
8351
18944
8431
5191
-7658
3859
9753
-15158
7419
5251
13600
12367
7936
-162
-10929
-22176
-5889
7942
-2818
-6442
4866
-10760
-7575
2173
14306
-260
-13303
12488
1913
3141
12144
-5978
-4647
3
4943
6895
-1628
9554
-6416
-10643
12249
6486
-3495
-18842
10272
4076
-1586
-11114
7524
21594
13947
-6979
-6857
11931
24155
-11362
1367
7074
24494
4515
11087
10752
-3767
-30554
-4277
17071
-10362
-22005
-4834
-5262
-3583
6241
10380
-6243
853
2886
471
4521
4423
3580
-15373
-5048
-3210
14202
-3138
8580
2801
-17809
3513
-6099
-9207
-12951
5721
5736
797
7520
-9527
-3177
6632
7067
-17369
-660
12650
19533
-24162
4090
5382
7330
13287
9915
10188
-3432
1470
1713
11180
-19901
1515
5990
-22215
15177
28078
-11277
1839
9265
4616
23990
8669
-13368
-5947
-9194
9537
15440
-682
19169
-13059
-2030
13733
5977
-5379
3271
9025
21881
4043
-16869
-3635
-10559
-14127
17540
-16384
679
43997
11395
6915
15631
-5275
13333
-9934
15467
-18449
-11038
6839
-7505
25405
-16101
-18060
-15005
-18486
24379
-6191
13456
-17378
-12872
-14912
16419
8842
3832
-9301
-2780
16599
-24749
2967
11426
-1911
7999
-2605
25210
-29363
8254
14297
27007
6470
-21072
-1413
17506
4840
8632
13240
6063
19085
-16073
56
27244
7456
15164
-3759
14667
1645
-13755
14710
7458
22082
8008
1356
-10898
12337
12004
2168
-3778
-22395
-16430
1295
8926
22114
11866
7176
302
10619
-10121
2324
24058
-15106
327
89
16000
-16592
-8876
25858
14303
16232
-22678
-2061
32034
-3011
16529
1866
3237
12174
-9145
-13482
-974
3138
4436
13852
13928
-9055
-9431
-4231
14913
-1671
3229
20853
-13386
-21760
954
12600
-1098
-11289
17483
9794
9458
24766
-9904
-6552
327
15078
493
2469
28366
-14421
5265
4916
10168
-12431
-11306
25438
6582
-316
-20713
4321
10204
-2747
-15502
-17279
5892
21569
230
797
11484
27247
1846
4147
22965
8712
-20092
-9277
16516
-7324
-15476
437
-8908
-2639
6689
-6488
-13641
-7512
16750
-8293
9617
5286
19993
-16493
5824
2566
6119
-17918
2730
6111
-10508
-1035
2272
-14285
7769
6328
18473
5184
-793
-1764
-1493
3335
-4494
6998
11497
1636
-10754
-24782
-7849
-2959
2692
18725
7846
-1763
-856
9570
-4080
4644
4156
-8585
-18620
-24448
16898
18209
-21253
8385
1082
-1872
7305
-943
-25317
-5559
-926
-5845
9723
3802
30235
-11184
-3619
6427
8591
-2190
-7281
22295
17211
-4989
764
-17841
-8574
-8428
12337
-6420
-417
27051
3386
754
-1981
-16088
6059
8235
7059
-11026
-13312
2999
9515
696
-6205
-21394
-3593
-17628
19552
-8598
5156
5186
-2768
-2192
7378
-8019
-7715
-19354
14836
5850
-21190
-2438
8160
-8248
-11617
-8070
7403
-31122
-14390
4389
12215
-13762
5931
-13676
-3527
-8417
12402
3201
6499
30355
-206
-260
6133
5208
9578
-4099
14795
-295
-10431
4112
17769
10715
-9252
4016
-2473
283
7328
10229
12037
-16898
2951
18755
12058
23292
-6575
-16083
-945
15731
-8894
2942
29311
-17321
-3016
6481
-1727
-15866
-9493
17474
6953
9801
-12777
-9534
7962
-1437
5504
8555
-2479
28107
14006
-9615
-4619
17119
-1546
15084
22117
-2932
-14839
-3121
2565
-7233
-16732
5445
-3055
-24342
1615
24038
-17407
-18126
6425
8450
9709
30561
-10405
-11904
4452
15849
-1530
657
19276
-20120
1078
7329
8165
-14511
-2232
29404
16610
1660
-14569
-1255
4936
4903
-2026
-15940
12140
20031
2749
-2595
7056
19628
-4601
18948
9130
1177
-24071
-5405
10704
-22555
-22799
-4777
277
-10975
4472
12056
-3586
240
8379
-8186
-4514
-6001
7998
-19208
-2743
5196
17298
-15133
-4751
5646
-10942
18023
1035
-17133
-11303
-6414
10431
1423
11652
730
-9309
2817
1430
-11594
9375
9906
12855
-5412
-3460
6696
240
3994
2220
-2282
-11332
-1744
-3616
-5485
-8076
-7209
9026
-14364
1228
25680
-23444
6602
26608
-2213
5923
2543
-20196
6744
-10683
1496
2602
-177
6489
-6361
-9958
20184
10914
-2241
-967
-738
15561
-11033
4403
-2172
-3213
-2515
8734
-16024
9393
17187
22992
-13839
-5193
16241
-185
-6264
11671
7865
-8300
-11809
1620
11651
-17617
-6748
-209
-8790
28334
13220
-3678
12425
10405
-2536
11792
14740
8606
-20279
-3714
3974
14435
8776
5852
-4973
10597
3850
-3876
-1295
23291
3744
6032
5681
2062
-25286
-6382
4197
-2587
-14560
-5347
23729
12558
-6680
-9915
21378
-3445
13080
12610
9269
-10229
-3402
896
-13333
-17346
-8587
1679
1783
19136
5738
-15654
3060
15343
-14062
6901
1676
12396
-8589
8628
-5948
6848
4941
-13204
2857
-2378
7142
-7057
2804
10566
5024
5414
-9018
-5587
-10539
-7443
1887
855
