1604
-586
-111
-512
-2503
-231
-1004
3572
3899
455
-1400
979
-3373
-3249
56
2743
-265
-1362
-1613
-2072
673
1012
215
2201
-798
84
396
1336
2820
2323
-2372
1088
1137
-1114
1901
1108
2654
2246
-1339
2795
-890
-1783
-1383
527
2395
-715
-1637
-1785
722
-350
-700
-1268
2478
2149
-75
338
-3635
796
-2352
193
-1788
-828
2371
954
1821
-3781
-3295
-2322
2355
-1386
3379
-1506
49
-1227
-1825
-1140
-1749
-485
102
-843
-664
2322
205
726
1462
731
-2859
-377
-1493
-975
-1609
-1317
-1481
-1162
-1652
-1533
-2165
-1073
-2124
-648
-2919
-381
-670
2380
2099
-138
-59
2055
249
-892
876
3514
236
123
-980
-4879
-1559
-910
1314
-34
-2857
-3306
3329
2823
850
1637
-1477
-7
-1279
-1676
3413
4266
3507
-731
722
456
-97
-567
-1521
292
4439
-105
-2353
-871
699
-2937
-2407
2749
2810
776
118
1555
-3653
1344
-2671
1441
-4016
-1868
967
-321
1577
-671
-4199
-3715
1761
-538
1361
-2924
-2451
-546
-1871
-627
-5077
-1050
530
140
-1987
1758
470
2976
1353
278
-2047
-1259
-721
515
-502
-2174
1759
-3368
-600
-2074
-1563
-2299
-861
639
-3219
-1741
32
2650
-471
1142
1214
-5
1801
-1525
886
2365
-782
-881
-2393
-3692
-2734
-1554
-988
578
-3619
-1527
1894
969
3487
695
-3072
2191
4550
-267
1031
2950
2284
-1875
-363
533
-686
-573
-1838
-84
3763
-1630
-3338
434
-855
-1310
-716
3874
2254
-445
-2632
-14
-2396
1639
-1093
1589
-2309
-2989
-739
1613
3104
-1069
-2424
-5341
3894
-1789
1014
-345
-2851
-2088
-1603
1862
-3312
-1575
-3412
-1622
-2729
-12
1302
3254
-21
-2868
-3134
-208
-524
1276
-1358
-1830
-1503
-3609
1182
-1313
-1419
541
-2171
-363
-2544
355
-680
863
3508
663
-247
1378
-1462
-1892
1146
3647
-413
-247
-277
-5266
-402
-101
1961
253
-1375
-752
2768
2854
815
1937
-2016
46
-2699
-1532
3550
2638
3782
1337
-855
1080
490
-1791
-1440
-265
2778
525
-1704
-1085
650
-2957
-2702
-334
2362
1912
2466
2573
-2597
2607
-2511
2342
-4592
-1157
1858
-1367
863
-3182
-4139
-1882
8
-1020
1623
-2693
-923
-274
-1855
-1141
-4266
-1266
1252
1362
205
1940
377
1011
1139
1638
-788
-1897
-582
-1135
-189
-2126
1849
-830
-910
-1574
3576
-955
-2785
-1276
-3843
61
-1198
3199
2861
-1760
-137
1222
148
1269
23
2227
121
-1287
78
-4269
-3230
-1989
1694
1289
-4611
-5474
-659
4561
889
-1891
384
4189
2200
-690
4062
6307
522
-1442
2963
455
-3274
1109
-2285
587
4658
-1976
-2531
236
1550
-1562
-2013
7860
3439
949
-439
463
-4143
1701
-1021
-655
-2549
1083
3429
-1277
-309
-9
-5291
-3263
7085
-111
-863
-977
-4322
-1471
-646
1759
-5047
-2702
-749
1900
-3529
1032
-1950
4844
894
-1956
-3195
-675
-3166
1832
-56
-3109
-762
-3072
-3678
-797
-2109
-1162
-1697
135
-2586
-210
122
1402
795
1052
701
60
376
-2111
822
2513
-706
-1180
-1183
-3805
-1928
-742
-367
623
-2731
-116
2384
1330
2212
1871
-2898
1671
2341
-903
1270
1425
2579
-781
-990
760
553
-1956
-1615
-455
2628
-532
-2584
-92
-653
-2316
-1447
1684
2155
457
-1602
1242
-1401
1614
-1215
2603
-3559
-2915
212
1300
2434
-2008
-3155
-3928
2866
-1654
932
-1401
-1533
-1466
-727
307
-3222
-2048
-1561
-859
-1428
834
2017
1693
949
-1556
-2507
-1055
-601
164
-587
-927
-558
-3476
1684
-1731
-5094
-1503
-1558
-571
-1374
-13
-289
2058
-633
-228
-765
949
1072
695
473
3851
2430
610
-16
-2866
-2228
-1522
-338
-395
-2805
-2197
4143
733
-2278
2751
-52
-2554
-3196
-2514
4287
3211
3343
-1053
325
-350
671
-1081
-214
457
3792
1069
-2320
188
-720
-2952
-209
3861
1961
154
-1624
390
-3572
-1218
-1794
1773
-3331
-1734
104
-1087
1663
1514
-3075
-4169
345
-640
919
-3846
-2181
-886
-1478
-1948
-5201
-1381
1532
-1604
-3052
1265
1436
3184
1371
1308
-643
30
2073
-203
-115
-1169
2281
-4373
268
-382
3004
-971
-655
-703
-2397
-77
-550
3586
4155
71
-1710
634
-3171
-1876
-330
2702
282
-1066
-1646
-1402
326
474
260
2184
-1412
-726
340
1743
1831
1901
-1252
1254
716
-691
2649
1722
2137
1865
-992
2871
-1622
-1119
-1153
710
2527
-870
-2049
-1550
941
-856
-592
-385
2838
2010
-404
-118
-4291
491
-1991
-216
-1788
-23
2787
78
1144
-3215
-3684
-2521
2744
-1515
2814
-1488
-192
-1319
-2153
-989
-2254
-821
807
-735
-967
2020
59
1397
1301
1003
-2336
-720
-1857
-939
-1574
-1135
-1223
-1594
-2211
-1135
-1813
-1648
-1304
-698
-2865
-1124
247
2150
1996
1981
-1004
-43
-297
-1662
1300
2120
-221
914
-2838
-4412
-325
274
18
592
-291
-311
2331
1857
2386
2830
-1851
322
6
-2175
1410
2457
2869
1003
-2149
1620
183
-1002
-1076
158
3038
-412
-1950
-474
613
-916
-766
22
1526
854
1309
767
-2182
2679
-2888
3106
-2869
-2216
1598
-660
2337
-2441
-2622
-4022
4
-2200
2086
-1635
-3195
-1396
-2701
567
-4290
-1061
-62
-1216
-1026
1690
768
1935
1263
177
-1712
-182
636
-671
-1181
-2346
20
-377
-1130
-1362
-621
-384
-845
890
-4017
-1679
-392
2008
2647
2518
1651
293
-779
-5120
1469
3126
-2713
-1915
-2819
-6549
-734
265
412
1171
-2239
1132
1847
1776
6983
1730
-6399
3827
5095
-76
321
1707
3898
523
-2624
1761
249
-2424
-2783
-371
3180
-1511
-2975
-477
-977
-1619
-2870
-660
2700
1290
192
2307
-1762
4277
-2048
2472
-4160
-3446
124
2224
3402
-6070
-3534
-3570
2921
-2388
2853
-386
-1126
-2079
-1899
1892
-2320
-1508
-3852
275
3
884
1044
758
-268
-1925
-3898
-1668
-1549
-92
-1228
-2823
-1730
-1148
1723
-3168
1905
-991
-2267
-429
-3946
-277
-500
2444
4203
250
283
1560
-1548
-1505
1211
2521
-1750
-1331
-1353
-5372
-1789
-283
1862
1081
-3325
-2571
1053
4141
3144
171
-2921
3029
2372
-380
2676
3752
2668
13
326
1799
-1889
-747
-2381
288
3873
-1510
-2167
-605
1256
-2138
-2559
2830
3405
1355
271
1743
-3330
3196
-2265
1518
-3931
-921
2522
143
1429
-3048
-4523
-3174
4523
-960
1086
-536
-2405
-1817
-1329
1350
-3881
-2010
-1505
788
-1573
1156
-158
2699
1087
-1825
-3094
-1458
-3014
508
-939
-2554
-647
-2238
-1654
-1923
-3678
-1468
-1589
-662
-2331
-91
-58
2044
920
634
-766
1147
541
-531
480
3791
1263
-334
-689
-4108
-1771
-1053
327
131
-2049
-1943
3578
1436
-841
2697
-722
-1239
-2854
-2540
3621
3336
3818
-5
-393
657
342
-1056
-549
301
3728
935
-2536
-328
-243
-3100
-1229
2459
2567
623
-589
971
-3410
299
-2059
1871
-4203
-1990
869
-720
2005
-386
-3899
-4287
404
-945
1527
-3735
-1849
-1050
-1763
-1731
-5335
-1248
1359
-595
-1883
1666
1338
2718
1537
999
-1375
-1079
927
-346
-845
-1424
2031
-3571
-320
-1129
262
-1390
-1066
501
-3599
-1643
121
2224
2518
2084
1219
478
-362
-2850
1318
2269
-2252
-1254
-2170
-5155
-1071
-406
652
729
-2260
-1134
1183
2173
4877
807
-3798
2880
3452
-340
861
2375
2908
334
-1002
1794
-810
-817
-2113
-335
3367
-1357
-2376
-839
256
-897
-1961
966
2274
697
25
1226
-2160
3431
-1877
1661
-3052
-2280
485
1577
2709
-3248
-2705
-3772
2583
-1650
2031
283
-1956
-1766
-2001
2199
-2806
-739
-2849
27
-1084
965
743
2035
654
-2173
-3239
-1482
-1791
482
-2024
-2305
-969
-1263
-59
-2287
-3653
-1567
98
-626
1070
-1175
-141
957
-540
1743
-1694
-584
-385
-949
-333
2122
2263
265
-576
-508
2104
639
-2332
-838
-713
509
1778
-1447
-413
4046
-265
-2076
-1338
-1860
1661
-581
1952
381
-1717
-706
1267
-1601
1157
1058
1000
2530
-779
-427
-2274
83
253
-1257
502
-278
-525
-875
-1490
-1740
140
1504
-1501
-1960
-654
-232
145
-185
-1040
-2041
-1865
-827
2354
-1949
-890
-1536
-812
-791
-1901
-42
2224
-2302
-1405
2392
545
346
1143
1903
-578
92
1445
-609
-264
-84
1657
-950
1012
-683
-270
250
-2501
-909
-2926
498
-1055
2246
3361
-1026
-502
1902
-1265
-638
588
3712
600
-137
303
-4658
-1520
-828
1999
636
-3011
-3012
2276
3470
324
963
-899
825
-1926
-1617
4637
4425
2793
143
1178
739
-633
-940
-1812
37
3997
-338
-1926
-797
1070
-2750
-2513
3294
2907
1906
1050
1885
-3906
1367
-2445
826
-3852
-127
2600
-1315
309
-1281
-4756
-2329
2641
-454
1048
-2838
-2113
-352
-1506
-856
-4974
-1802
1042
1244
-1806
1911
-536
2757
1424
952
-1708
-1386
-1030
-29
208
-2535
1342
-2372
-1928
-1468
1562
-1646
-2359
-281
-4254
-1373
-360
2492
3077
1258
583
620
199
-1763
931
2711
-1512
-1485
-2066
-6301
-1878
-815
765
732
-3975
-2537
923
3693
4278
349
-3140
4286
3938
-378
2456
4500
2554
-752
-293
1129
-1864
-500
-2539
328
4328
-1329
-3262
54
57
-1861
-2987
3551
3657
693
80
1409
-3298
3595
-1524
1929
-4368
-1917
1923
130
1452
-3343
-5005
-4570
4785
-1500
1032
-571
-3743
-2411
-1693
2595
-4749
-2436
-2102
1037
-1785
1239
-333
3289
587
-2404
-3605
-1838
-2968
1060
-1093
-3082
-627
-2235
-1018
-2254
26
187
-1177
-437
-2461
-337
-1412
2271
3882
802
-419
1220
-2392
-3170
447
4029
-380
-1638
-1098
-4892
610
477
1136
1033
-1825
-493
1659
2188
2754
2325
-3341
1360
253
-1011
2892
2158
3966
1464
-1403
1311
-107
-2059
-1451
816
3104
214
-2155
-1321
-317
-2222
-2578
-809
2991
1944
1180
1809
-3472
1952
-1940
957
-4094
-1276
1523
-89
1235
-4675
-4768
-1864
1851
-1171
2875
-2494
-207
-1364
-1662
-798
-2937
-1015
527
865
-226
2356
-165
710
521
1480
-2564
-1376
-1588
-883
-406
-2390
379
-1349
-507
-2381
-1005
-1430
-815
521
-2018
-1063
505
1215
1335
433
170
1784
-148
-1558
699
2058
-569
75
-1245
-2113
-780
-361
-25
-317
-3112
-1830
2484
1199
2136
864
-1954
149
620
63
1995
2116
2063
-1088
688
542
-460
-690
-1156
-619
2356
-303
-1633
-643
-141
-1558
-1932
1335
2237
182
-877
443
-2208
939
-1149
1222
-2416
-2204
-67
1036
946
-546
-1519
-3285
1220
-782
1692
-267
-1193
-873
-1453
352
-2892
-737
-1208
-1376
-1355
668
541
1963
901
-1572
-1408
-2010
-1145
1068
-1048
-613
637
-2144
473
-1094
-2886
-499
-1707
-608
-2516
146
-1029
2375
1370
-1152
-975
2589
65
-211
304
4334
1885
76
546
-3903
-2144
-1211
961
-12
-3512
-3247
3403
2121
-1289
1518
-296
-1350
-3644
-2149
5580
4932
3372
-625
1563
14
-443
-885
-1214
142
4219
762
-2276
-190
-3
-3061
-2002
4317
3201
1179
-156
1223
-4665
-426
-2201
855
-3979
-1006
1689
-1417
520
436
-4322
-3661
1393
36
1292
-3935
-2174
-408
-1566
-2159
-5857
-1658
1486
221
-2366
1728
-227
3333
1532
1118
-1024
-1301
360
269
-74
-1947
2535
-3523
-1437
-599
-3412
-3031
-1311
1523
-3776
-3731
604
1826
-2368
4165
4260
-1852
5390
-2968
1471
1943
-2763
-1711
-3690
-7496
-3046
-2205
-1575
-683
-3694
-574
2284
520
7258
1008
-5917
5019
8825
240
-1904
2617
3113
-3105
-2470
-358
656
-323
-2600
-76
4544
-1586
-4694
1174
-2671
-1338
-2149
3002
1812
-2074
-2909
1301
-574
3871
-538
3036
-3884
-5721
-3605
3566
5023
-2561
-2612
-6662
3476
-2214
509
360
-4022
-2682
-1673
5178
-2944
-1136
-6034
114
-1890
-508
2747
2891
-1119
-4649
-4631
-1046
-846
1965
-2082
-2648
-1129
-3925
4812
-4000
929
-1483
-1262
-89
-3548
-873
-433
2635
2737
709
-93
1252
-716
-1868
489
3170
-780
-1922
-1588
-4485
-1616
-623
500
1077
-3529
-2079
1152
2502
2862
681
-2701
2461
2232
-476
2868
3624
2929
-165
-102
1399
-1775
-848
-1772
396
3670
-794
-2891
-262
-186
-2031
-2133
2884
3648
913
-750
756
-3694
2045
-1280
974
-3758
-1547
1616
353
1572
-2885
-4354
-4105
3983
-1243
1774
-1111
-1914
-2269
-1518
693
-3979
-1873
-1420
39
-1697
1132
-97
2763
597
-1538
-3071
-1611
-2192
619
-1280
-2159
-573
-2632
-1053
-1396
672
-1167
-2263
-57
-3957
-908
-704
2398
2426
706
1257
697
483
-2177
957
2739
-1715
-1544
-2078
-5844
-2108
-927
844
852
-3718
-2016
1507
3261
4238
455
-3731
3954
4422
-70
1567
3702
2738
-1225
-350
894
-940
-862
-2672
266
4141
-1680
-3308
-185
76
-2453
-2857
2850
3286
603
-683
1730
-2741
3265
-1715
1747
-4086
-2397
900
956
2169
-3326
-4807
-4073
4994
-1425
811
-1000
-2702
-1752
-1330
1850
-3762
-2145
-2378
832
-1505
882
527
2623
188
-2154
-3686
-1353
-2746
968
-647
-2602
-951
-3245
413
-2716
341
-304
-1251
-354
-2919
203
-1032
3094
4341
-65
-869
1971
-3241
-2451
716
3900
-224
-1096
-682
-3773
-521
400
1363
1433
-2374
-1059
2009
2567
1697
2118
-2743
280
-606
-1157
3918
2420
3794
1567
-457
2339
-901
-2039
-1740
408
3432
-331
-1883
-1480
792
-2139
-1690
363
3263
2290
169
1511
-4509
1090
-2882
978
-3607
-775
2461
73
1592
-3279
-4275
-2575
2330
-922
2829
-2206
-292
-1185
-1875
-1446
-3342
-1171
384
-176
-1124
2092
372
1565
1632
870
-2251
-1120
-1474
-964
-1130
-1791
125
-2288
-1492
-1563
-2281
-390
-1576
-1259
-1657
414
-1395
2346
1907
-918
-1435
2054
-851
370
38
4242
2205
-596
864
-3888
-1145
-788
1188
100
-2682
-3226
2466
2153
-2048
1855
113
-1386
-3970
-2485
5377
4224
3436
212
1084
-88
-583
-788
-374
1208
3931
1378
-1691
-320
-150
-2793
-1495
3749
2883
1213
252
994
-4548
-708
-1695
292
-3862
12
1940
-1978
132
-21
-4669
-2392
1289
292
1324
-4089
-1684
-998
-1039
-2197
-5097
-1320
2597
585
-2381
2186
-707
2815
1366
2175
-1183
-578
266
-270
246
-2146
2577
-3015
-1988
-684
-1017
-2041
-846
789
-3683
-2158
-270
2486
79
2062
1642
-489
1702
-2502
1072
2751
-1589
-1736
-3057
-5247
-2326
-1379
-809
795
-3437
-817
1461
1249
5023
706
-4411
3499
5926
10
553
2939
2926
-1420
-1464
617
-700
-883
-2087
210
3853
-1732
-3826
537
-1372
-1469
-1333
3022
2553
-300
-1836
452
-2177
3058
-874
1918
-3085
-3301
-851
1557
3422
-3188
-3205
-5247
4237
-2313
1353
-178
-2773
-2729
-1779
2613
-3157
-1773
-4048
-845
-2015
33
1025
2794
-817
-2892
-3727
-404
-1050
1026
-1329
-2659
-1998
-2839
1420
-1838
-4338
-3287
-1165
1493
-2906
-3034
771
1380
-2745
3512
3474
-1250
4854
-2460
1493
1499
-2283
-1094
-2941
-5324
-2812
-1973
-2025
-968
-3526
-608
2601
17
5282
1322
-4590
3010
7031
-13
-1593
1556
2628
-3154
-1627
-469
978
-620
-2035
-554
3630
-960
-3835
652
-2144
-1081
-1359
2526
1327
-2186
-3298
691
-171
2599
-490
3415
-3108
-5831
-3575
3581
4518
-824
-1502
-6537
2589
-1819
362
461
-3516
-2087
-1219
3901
-2771
-882
-5017
-1272
-2124
-224
3262
2664
-55
-4577
-3635
-831
-554
1946
-2151
-1224
-697
-4257
4613
-2975
-2322
-694
-1303
-947
-2620
591
-794
3666
1484
-1771
-1231
2528
-648
-445
-71
3586
2112
157
569
-2550
-2429
-818
740
930
-2836
-2960
3019
1703
-1048
1925
-45
-1220
-2891
-2589
4677
4210
2671
-234
1706
1112
-454
-906
-1446
65
4248
-53
-1872
-578
780
-2217
-997
4335
2856
1534
-1641
871
-4835
-1638
-2967
11
-2742
-696
2241
30
1419
1226
-3776
-3668
2245
194
1594
-3955
-1790
-29
-1305
-2638
-4888
-1292
1193
-521
-2949
1826
507
3286
2474
801
-1905
-573
606
171
-604
-1255
1404
-4450
-1461
-1054
672
-775
-2204
-1035
-2908
649
-788
3145
3195
-1235
-1081
1854
-1230
174
-177
3972
1310
-1043
438
-3379
-2093
-1340
1439
1125
-3571
-3771
1818
3052
-964
932
202
564
-2177
-1664
5293
4627
2727
165
1545
1314
-1642
-476
-1348
432
4248
-128
-2525
-840
984
-2910
-1737
4340
3623
1668
-634
826
-5103
-26
-1921
-162
-3668
266
2859
-1145
485
-420
-5221
-3339
3483
-318
1133
-3170
-1679
-865
-1513
-1552
-5219
-1756
1615
719
-2534
1939
-174
3537
1820
862
-1969
-1489
-1403
56
-713
-1750
1204
-3865
-2523
-935
-4044
-1324
-1617
-644
-2312
-88
-299
1999
609
630
-959
1006
742
-480
393
4160
1690
-386
-413
-4290
-1907
-1187
72
91
-2270
-1701
3577
1287
-1222
2816
-590
-1356
-3192
-2734
4238
3602
3907
8
-504
397
353
-1280
-561
317
3760
1253
-2761
-18
-656
-3137
-1202
2817
2704
693
-440
971
-3653
109
-1888
2078
-4439
-1996
1037
-1216
1753
-450
-4212
-4497
329
-972
1457
-4113
-2093
-1150
-1768
-1929
-5782
-1605
1590
-418
-1909
1766
1145
2817
1469
1281
-1140
-1026
1234
-495
-665
-1596
2231
-3491
-446
-782
3075
-526
-1080
-373
-3488
-314
-412
2312
4049
579
-218
1103
-2029
-2392
220
2198
-1438
-2466
-1140
-4219
-893
196
1197
1734
-2366
-1266
-334
2843
3590
127
-2708
3739
2651
-266
1950
2794
2037
970
-295
2102
-2050
-865
-1924
271
2660
-1137
-1973
-488
416
-1274
-2381
1689
3335
1628
161
1185
-2868
2529
-1163
289
-3229
-448
2743
609
988
-3976
-4188
-2402
4278
-982
1723
-450
-1107
-1987
-881
896
-2645
-1765
-1432
1191
-644
1207
-700
1649
711
-1534
-3300
-1856
-2960
275
-1133
-2054
-1323
-1194
-1765
-1659
-1737
-708
-603
-210
-2445
-23
-57
3920
1960
-801
-444
1683
-2143
-2036
573
2581
683
676
-88
-1335
-1365
-133
257
1373
-2023
-1470
2534
901
1619
2267
-1425
-661
-426
-1997
2642
1769
2085
642
972
2261
144
-1555
-1798
-927
3443
-1268
-1023
-1689
1361
-283
-16
2032
1438
1835
-1927
481
-3506
-949
-3388
187
-908
-1054
1474
2167
2525
666
-1389
-3126
1978
-723
2689
-1531
-1024
74
-1705
-1210
-2657
-259
-819
-2169
-3003
1763
1440
2388
2898
-300
-2563
-133
670
-42
-1556
-785
-542
-3170
-581
-1564
511
-431
-113
-713
-874
-362
-971
3361
3254
-455
-1412
1587
-3221
-2385
-196
2166
787
383
-835
-520
1767
1385
98
940
-859
-729
1308
751
1868
2847
-1445
-665
-272
-986
1926
548
1977
1349
-273
1775
-59
-1357
-907
739
2250
-48
-523
-2190
743
107
-735
-1862
1600
1671
-353
251
-3626
-1138
-2561
-521
-779
-615
1394
1252
800
-1449
-1996
-1088
726
-242
3319
-1682
252
-56
-1602
-1456
-914
619
1335
-1236
-1076
2638
113
385
1939
1726
-2022
-230
-1004
-595
-993
-558
166
-1481
-730
-2146
535
-1217
-1635
-573
-2821
-27
-395
3074
3314
-71
-795
1295
-1580
-1241
268
3485
264
-728
-1447
-3221
-1070
-404
832
1216
-2637
-1925
2295
2420
1140
1928
-1693
616
-161
-951
3375
2992
3204
419
-354
1936
-987
-1061
-1380
601
3687
-587
-2637
-1083
689
-2662
-1513
1355
3274
1427
-786
823
-4390
845
-2363
760
-3442
-1014
1855
-104
1662
-2237
-4394
-3474
2656
-1241
2066
-2419
-980
-1212
-2109
-1036
-3846
-1275
633
-478
-1562
1626
763
2335
1221
638
-2203
-1200
-1411
-412
-1101
-1480
232
-3323
-1025
-1647
162
-398
-1886
-131
-3254
-488
-1045
2409
2975
-155
325
1786
-676
-1777
496
4077
-276
-1313
-892
-5154
-1487
-867
1331
616
-3928
-2499
2260
2910
2322
838
-2832
1897
832
-407
3829
4177
3486
-520
345
714
-988
-1074
-2035
440
4175
-561
-2960
-508
-181
-3105
-3037
2708
3715
1290
-103
1712
-4165
1817
-1749
689
-4387
-1302
1272
-188
1082
-2837
-5055
-3184
3488
-830
1638
-2260
-1475
-1317
-1669
-68
-4256
-1772
-519
1015
-1446
1335
-243
2536
289
-79
-2564
-1883
-1983
397
-318
-2541
657
-3055
-446
-2049
-3912
-3113
-993
960
-1816
-2824
1210
1117
-1056
3468
1966
-548
2573
-2193
1110
1997
-1182
-668
-2352
-4523
-971
-858
-1754
-1353
-3373
-660
3065
-28
4222
2507
-3978
1431
4164
-321
-77
1019
3022
-2004
-1686
-195
795
-1015
-1020
-39
3160
389
-2827
192
-2381
-1215
-1674
1107
1664
-1532
-2460
582
-1069
1507
-426
2987
-3571
-4743
-2633
2685
3048
-994
-1464
-5287
797
-1500
1637
65
-2526
-2416
-1392
2907
-2837
-584
-2890
-1671
-1964
641
2463
2107
574
-2849
-2841
-1689
-378
1251
-1917
-904
764
-3339
3750
-2865
-2040
-508
-1089
-36
-1752
-682
-232
2630
1794
99
252
1212
-1339
-1844
389
3666
779
-202
-128
-3169
-599
-480
304
245
-3216
-1638
2995
1005
1945
2346
-2444
91
-47
-1164
3222
2106
3057
-143
260
736
359
-1633
-1262
-2
3629
-98
-1777
-999
-599
-1734
-1536
1868
2114
1200
-1341
1028
-3478
-260
-1858
331
-2802
-1308
202
1204
1549
-831
-2687
-2576
1658
-776
2537
-1898
-754
-936
-1527
-339
-2956
-664
-389
-899
-2481
1637
779
2077
1283
454
-2384
-1179
102
63
-565
-1533
841
-3127
823
-2241
-1078
-557
1130
-1000
1192
-215
-486
3404
674
-947
-2110
675
-2916
-1086
-1275
1250
3006
698
957
2689
2055
1222
-1599
725
-292
-393
510
-1790
-324
3305
823
-2157
-1414
-1949
1667
-971
234
1247
568
925
481
-1154
486
660
1131
895
736
-1692
-313
2008
1436
-465
-9
1116
-2251
-1424
-2802
-4564
-1155
-2022
1594
383
764
1864
132
1940
271
-283
-185
495
3114
-1584
612
77
-371
-2022
345
1219
2008
-2607
-2577
2645
121
378
2626
2066
-1593
946
1266
-413
-768
745
202
-1666
-388
-1061
-1883
758
-1703
-2707
15
1821
-1057
2634
1223
-3225
-2948
1079
-1633
2387
-857
2403
4637
2173
1856
-153
-467
-457
935
721
-638
-3157
2008
1444
-4336
2200
3560
-2422
-5985
-3620
4663
3343
406
373
2165
-324
476
-207
360
851
2796
535
164
-466
1369
-1209
498
4271
547
1863
267
-29
-3373
-3014
-2157
-1143
-507
2363
3197
-2677
-1200
3114
-2754
-43
741
410
410
-4553
-2085
887
-534
-3191
-3997
-1075
4592
-445
-3374
2363
-1180
2549
2179
4038
-197
1376
2551
-638
2000
-1450
1892
-2177
-2980
-83
-3412
-3031
-1311
1523
-3776
-3731
604
1826
-2368
4165
4260
-1852
5390
-2968
1471
1943
-2763
-1711
-3690
-7496
-3046
-2205
-1575
-683
-3694
-574
2284
520
7258
1008
-5917
5019
8825
240
-1904
2617
3113
-3105
-2470
-358
656
-323
-2600
-76
4544
-1586
-4694
1174
-2671
-1338
-2149
3002
1812
-2074
-2909
1301
-574
3871
-538
3036
-3884
-5721
-3605
3566
5023
-2561
-2612
-6662
3476
-2214
509
360
-4022
-2682
-1673
5178
-2944
-1136
-6034
114
-1890
-508
2747
2891
-1119
-4649
-4631
-1046
-846
1965
-2082
-2648
-1129
-3925
4812
-4000
