503
720
397
733
1290
639
3122
649
867
759
463
621
657
601
585
836
511
742
614
480
442
648
471
753
749
915
512
833
1171
575
666
725
1010
1381
659
859
915
778
664
546
1324
513
510
852
1101
507
649
963
442
552
877
1149
622
631
698
612
1084
998
569
805
576
840
768
1256
696
1059
591
1046
629
985
306
1045
950
488
1609
566
599
777
1196
1336
525
637
807
694
423
771
778
382
751
766
762
422
577
587
788
801
788
534
511
860
784
863
485
1349
881
677
958
764
655
525
716
1010
520
809
945
671
569
548
605
839
1129
648
404
724
504
251
1111
834
719
634
1045
1145
903
519
1210
535
925
670
630
810
569
976
766
502
676
676
435
744
1032
793
508
735
687
965
1158
828
995
862
582
959
742
1123
570
549
496
470
1031
851
613
901
488
673
738
525
1464
642
789
646
1527
792
663
568
902
788
704
759
647
789
1017
547
667
549
608
635
711
969
619
656
692
668
501
957
689
413
638
578
720
439
688
493
655
731
1307
539
451
873
1078
1093
995
692
830
801
762
597
365
522
559
526
500
386
741
1180
592
1039
926
657
273
614
533
938
1073
844
531
1027
919
553
641
2379
498
391
711
1746
1079
1775
846
710
1080
749
886
379
553
585
731
800
488
900
590
969
672
550
617
466
1123
1265
1089
1220
923
394
543
3198
1885
646
309
764
622
358
711
632
1552
482
735
491
507
728
706
597
811
599
629
858
672
1714
806
1496
1040
591
498
569
695
630
406
673
484
766
625
885
583
407
586
1062
658
487
678
963
1091
414
933
1109
703
626
955
875
845
631
814
1142
630
537
857
826
721
949
871
852
839
455
525
1281
419
610
813
993
801
1063
1334
748
899
778
360
900
767
913
819
454
889
676
1415
376
826
758
1294
1473
1127
594
444
679
716
2693
1027
883
451
641
816
1972
892
413
732
1343
715
573
999
817
1051
504
830
731
792
992
467
574
728
555
975
864
582
596
654
757
1114
503
702
841
1568
589
923
343
889
767
611
860
1506
726
755
840
530
865
897
663
1123
802
755
918
869
883
383
557
894
560
568
1225
669
1146
1274
537
485
639
535
525
482
910
896
1230
437
702
662
661
681
612
804
685
481
552
499
882
575
1152
653
568
364
640
3652
825
586
341
860
570
711
874
552
634
