-568
0
0
48
0
-405
-204
0
158
-58
0
204
767
-2037
-762
0
0
1116
-832
0
-252
0
412
0
0
0
0
138
-189
-508
68
0
-242
-102
92
254
123
-6
0
-2
0
0
0
595
0
-287
116
0
-105
0
0
-84
0
315
-565
0
36
238
0
-414
-772
433
-370
0
0
-1025
976
65
192
0
458
-32
0
0
0
538
-1724
-368
-39
0
-1649
282
175
24
1155
711
0
440
0
0
37
945
0
-1514
158
0
-568
0
0
56
0
-243
-408
0
0
-87
0
170
708
-2328
-1016
0
0
1240
-1040
-51
-189
0
618
0
0
0
0
115
-270
-381
85
0
-264
-68
161
254
246
-8
0
-6
0
0
0
595
0
-369
116
86
-504
0
0
21
0
51
-412
0
0
216
0
30
-240
456
-656
0
0
-620
560
13
-24
0
444
0
0
0
0
380
-1270
-192
385
0
-1440
114
637
178
684
440
0
291
0
0
0
588
0
-1143
117
224
-1016
0
0
-238
0
-126
272
0
0
381
0
515
-1524
288
480
0
0
-270
1270
-95
-321
0
528
0
0
0
0
415
680
-60
165
0
-624
230
42
166
762
-48
0
123
0
0
0
-889
0
-9
-110
-224
-600
0
0
75
0
-374
-560
0
-254
86
0
-732
-903
-1413
-770
0
0
-179
1104
13
-4
0
-32
0
0
0
0
1142
-1116
-124
477
0
-2034
96
821
224
756
128
0
241
0
0
0
889
0
-807
80
224
-949
0
0
-558
0
-1047
-736
0
30
304
0
108
-690
-1425
-420
0
0
-1003
298
-1215
-655
0
-760
121
0
0
0
287
1194
-428
-358
0
-1887
-365
-344
26
661
-504
0
-567
0
0
41
-475
0
1750
-202
0
-568
0
0
56
0
-243
-408
0
0
-87
0
170
708
-2328
-1016
0
0
1240
-1040
-51
-189
0
618
0
0
0
0
115
-270
-381
85
0
-264
-68
161
254
246
-8
0
-6
0
0
0
595
0
-369
116
86
-232
0
0
-63
0
-105
-96
0
0
-54
0
-195
180
-2376
-744
0
0
790
-450
-9
-15
0
750
0
0
0
0
310
-1100
-465
-445
0
-492
120
-329
278
960
500
0
150
0
0
0
1120
0
-846
157
258
-232
0
0
-63
0
-105
-96
0
0
-54
0
-195
180
-2376
-744
0
0
790
-450
-9
-15
0
750
0
0
0
0
310
-1100
-465
-445
0
-492
120
-329
278
960
500
0
150
0
0
0
1120
0
-846
157
258
-568
0
66
48
0
-567
-408
0
395
-58
0
204
767
-1843
-381
0
0
992
-728
-51
-378
0
309
0
0
0
0
138
-162
-635
68
0
-286
-68
46
381
0
-2
0
0
0
0
28
595
-20
-287
348
0
-680
0
-46
-340
0
-14
788
0
90
276
0
-129
-1969
238
342
0
162
-603
1429
-243
-80
0
330
0
0
0
0
566
46
-220
-259
0
-975
303
-110
119
508
91
0
41
0
0
-65
-110
113
-379
-207
-112
-441
0
0
18
0
102
-721
0
0
216
0
24
-240
475
-492
0
0
-558
504
39
-40
0
370
0
0
0
0
380
-1143
-320
385
0
-1440
57
364
89
684
330
0
194
0
0
37
420
0
-1016
117
0
-568
0
66
48
0
-567
-408
0
395
-58
0
204
767
-1843
-381
0
0
992
-728
-51
-378
0
309
0
0
0
0
138
-162
-635
68
0
-286
-68
46
381
0
-2
0
0
0
0
28
595
-20
-287
348
0
-680
0
-46
-340
0
-14
788
0
90
276
0
-129
-1969
238
342
0
162
-603
1429
-243
-80
0
330
0
0
0
0
566
46
-220
-259
0
-975
303
-110
119
508
91
0
41
0
0
-65
-110
113
-379
-207
-112
-1457
0
0
-140
0
-657
-238
0
0
294
0
582
-875
-2319
-783
0
23
1245
-1
-540
-661
111
955
0
0
0
0
461
315
-354
250
0
-888
81
208
83
1008
-48
0
70
0
0
127
-125
0
-418
6
86
-520
0
0
-98
0
-246
-712
0
0
144
0
-545
-732
-1032
-1024
0
0
-1400
630
-50
219
0
24
0
0
0
0
875
-560
-186
-135
0
-3012
-152
763
250
1320
-384
0
198
0
0
0
784
0
-486
63
108
-504
0
0
24
0
119
-721
0
0
144
254
18
-220
475
-574
0
20
-620
560
26
0
14
370
0
0
0
0
152
-1397
-192
539
0
-1680
114
728
89
456
550
0
97
0
0
0
420
0
-889
234
448
-1533
0
232
-384
0
-1409
-1527
0
681
441
0
-56
-1256
-1885
-225
0
-57
-379
1154
-1064
-1169
0
-607
70
0
0
0
982
163
-849
521
0
-2468
72
-38
290
447
-102
0
-293
0
0
133
320
168
502
166
0
-1056
0
0
-208
0
-933
-1026
0
0
105
0
-251
-477
-5832
-1075
0
127
1488
1012
-25
-314
102
-1357
0
0
0
0
539
1056
-242
430
0
-32
10
970
504
428
-568
0
-681
0
0
0
-456
0
1128
-37
-120
-568
0
0
56
0
-243
-408
0
0
-87
0
170
708
-2328
-1016
0
0
1240
-1040
-51
-189
0
618
0
0
0
0
115
-270
-381
85
0
-264
-68
161
254
246
-8
0
-6
0
0
0
595
0
-369
116
86
-1016
0
0
-238
0
-126
272
0
0
381
0
515
-1524
288
480
0
0
-270
1270
-95
-321
0
528
0
0
0
0
415
680
-60
165
0
-624
230
42
166
762
-48
0
123
0
0
0
-889
0
-9
-110
-224
-1800
0
0
-398
0
-832
300
0
316
479
-68
574
-1784
-880
11
0
156
300
1098
-400
-510
151
159
0
0
0
0
649
925
-383
-15
0
-2644
44
-673
443
918
-456
0
34
0
0
0
-69
0
384
130
-708
-384
0
-49
-260
0
31
-808
0
-418
386
0
-986
-1892
988
-74
0
20
-1606
1550
-33
-628
-22
69
0
0
0
0
886
-1546
-427
-65
0
-3660
198
231
271
798
758
0
544
0
0
101
1300
-53
-973
94
0
-600
0
0
84
0
-204
-708
0
0
21
0
-605
-852
-1680
-808
0
0
-130
1240
8
-9
0
-270
0
0
0
0
1015
-1050
-141
500
0
-2088
102
959
224
828
24
0
141
0
0
0
889
0
-711
80
104
0
650
-324
0
0
-462
1360
-533
871
0
0
0
-127
0
0
0
0
0
0
-2280
-1926
0
0
2921
-1524
0
1426
830
0
-480
561
-3683
0
0
0
0
0
0
-1500
0
1323
336
3429
0
1127
0
-2090
0
-568
0
0
56
0
-243
-408
0
0
-87
0
170
708
-2328
-1016
0
0
1240
-1040
-51
-189
0
618
0
0
0
0
115
-270
-381
85
0
-264
-68
161
254
246
-8
0
-6
0
0
0
595
0
-369
116
86
-568
0
0
56
0
-243
-408
0
0
-87
0
170
708
-2328
-1016
0
0
1240
-1040
-51
-189
0
618
0
0
0
0
115
-270
-381
85
0
-264
-68
161
254
246
-8
0
-6
0
0
0
595
0
-369
116
86
-568
0
0
56
0
-243
-408
0
0
-87
0
170
708
-2328
-1016
0
0
1240
-1040
-51
-189
0
618
0
0
0
0
115
-270
-381
85
0
-264
-68
161
254
246
-8
0
-6
0
0
0
595
0
-369
116
86
-960
0
0
-280
0
-381
-508
0
0
225
0
320
72
-3048
-904
0
0
900
240
-116
-243
0
-762
0
0
0
0
285
740
-207
315
0
528
32
602
252
426
56
0
-381
0
0
0
-714
0
729
-63
-254
-1216
0
0
-1169
0
-411
-356
0
0
396
0
715
-744
-2640
-200
0
0
-280
920
-138
24
0
-396
0
0
0
0
255
670
-216
-255
0
504
86
-287
274
936
-200
0
-174
0
0
0
-1190
0
-324
-190
-128
-1016
0
0
-238
0
-126
272
0
0
381
0
515
-1524
288
480
0
0
-270
1270
-95
-321
0
528
0
0
0
0
415
680
-60
165
0
-624
230
42
166
762
-48
0
123
0
0
0
-889
0
-9
-110
-224
-960
0
0
-280
0
-381
-508
0
0
225
0
320
72
-3048
-904
0
0
900
240
-116
-243
0
-762
0
0
0
0
285
740
-207
315
0
528
32
602
252
426
56
0
-381
0
0
0
-714
0
729
-63
-254
-568
0
0
56
0
-243
-408
0
0
-87
0
170
708
-2328
-1016
0
0
1240
-1040
-51
-189
0
618
0
0
0
0
115
-270
-381
85
0
-264
-68
161
254
246
-8
0
-6
0
0
0
595
0
-369
116
86
-488
0
0
-134
0
-447
-208
0
158
65
0
264
887
-1389
-978
0
0
-154
-1442
-58
-24
0
706
0
0
0
0
-2
301
-553
-567
0
-1166
-356
-104
280
615
-414
0
55
0
0
0
490
0
-62
99
4
-105
0
0
-84
0
315
-565
0
36
238
0
-414
-772
433
-370
0
0
-1025
976
65
192
0
458
-32
0
0
0
538
-1724
-368
-39
0
-1649
282
175
24
1155
711
0
440
0
0
37
945
0
-1514
158
0
-1016
0
0
-238
0
-126
272
0
0
381
0
515
-1524
288
480
0
0
-270
1270
-95
-321
0
528
0
0
0
0
415
680
-60
165
0
-624
230
42
166
762
-48
0
123
0
0
0
-889
0
-9
-110
-224
-1384
0
105
-444
0
-939
-1305
0
615
417
0
288
-74
-1912
-914
0
-38
-956
-26
-393
-144
0
135
0
0
0
0
544
320
-641
-12
0
-1868
-124
416
419
776
-256
0
-70
0
0
83
-27
168
-16
145
-123
-949
0
0
-558
0
-1047
-736
0
30
304
0
108
-690
-1425
-420
0
0
-1003
298
-1215
-655
0
-760
121
0
0
0
287
1194
-428
-358
0
-1887
-365
-344
26
661
-504
0
-567
0
0
41
-475
0
1750
-202
0
-504
0
0
21
0
51
-412
0
0
216
0
30
-240
456
-656
0
0
-620
560
13
-24
0
444
0
0
0
0
380
-1270
-192
385
0
-1440
114
637
178
684
440
0
291
0
0
0
588
0
-1143
117
224
-960
0
0
-280
0
-381
-508
0
0
225
0
320
72
-3048
-904
0
0
900
240
-116
-243
0
-762
0
0
0
0
285
740
-207
315
0
528
32
602
252
426
56
0
-381
0
0
0
-714
0
729
-63
-254
-504
0
0
21
0
51
-412
0
0
216
0
30
-240
456
-656
0
0
-620
560
13
-24
0
444
0
0
0
0
380
-1270
-192
385
0
-1440
114
637
178
684
440
0
291
0
0
0
588
0
-1143
117
224
-1016
0
0
-238
0
-126
272
0
0
381
0
515
-1524
288
480
0
0
-270
1270
-95
-321
0
528
0
0
0
0
415
680
-60
165
0
-624
230
42
166
762
-48
0
123
0
0
0
-889
0
-9
-110
-224
-504
0
0
21
0
51
-412
0
0
216
0
30
-240
456
-656
0
0
-620
560
13
-24
0
444
0
0
0
0
380
-1270
-192
385
0
-1440
114
637
178
684
440
0
291
0
0
0
588
0
-1143
117
224
-568
0
0
64
0
-567
-714
0
0
-58
-6
102
649
-2425
-889
0
46
1240
-1040
-102
0
37
515
0
0
0
0
46
-297
-381
119
0
-308
-68
184
127
164
-10
0
-2
0
0
0
425
0
-287
232
172
-1583
0
0
-245
0
-243
167
0
0
470
287
345
-1617
775
-482
0
172
-1014
1942
-190
0
125
958
0
0
0
0
318
-776
-60
616
0
-2408
344
1140
350
964
710
0
526
0
0
0
-47
0
-1150
-220
112
-855
0
0
-117
0
-534
-86
0
0
147
-9
-151
-407
-1292
-409
0
0
694
-276
-127
-381
111
-278
0
0
0
0
424
154
-196
-80
0
-1788
-254
-502
173
398
-330
0
-253
0
0
0
791
0
640
236
16
-694
0
66
-79
0
-188
-1150
0
369
100
126
-266
-75
-2241
-1180
0
46
187
-109
-178
-355
-66
899
-32
0
0
0
513
-1950
-728
-137
0
-2238
470
147
533
877
1069
0
484
0
0
51
1623
0
-1797
199
516
-504
0
0
21
0
51
-412
0
0
216
0
30
-240
456
-656
0
0
-620
560
13
-24
0
444
0
0
0
0
380
-1270
-192
385
0
-1440
114
637
178
684
440
0
291
0
0
0
588
0
-1143
117
224
-960
0
0
-280
0
-381
-508
0
0
225
0
320
72
-3048
-904
0
0
900
240
-116
-243
0
-762
0
0
0
0
285
740
-207
315
0
528
32
602
252
426
56
0
-381
0
0
0
-714
0
729
-63
-254
-2071
0
0
-1105
0
-1249
-1053
0
0
179
205
602
-662
-7417
-2069
0
258
1878
400
-32
267
166
-397
0
0
0
0
384
736
42
-9
0
-472
6
787
804
1054
-692
0
-488
0
0
0
-380
0
-357
-201
-534
-1259
0
0
-481
0
-297
284
0
0
655
-34
192
-2746
999
1140
0
78
-1074
2189
0
-428
114
-277
0
0
0
0
557
1192
-80
0
0
-2506
31
-1134
401
664
-608
0
-292
0
0
0
-693
0
919
0
-605
-1389
0
127
-141
0
-1288
-1533
0
110
147
298
-430
-695
-3794
-831
0
30
673
1148
-309
-429
102
-508
35
0
0
0
837
-396
-579
969
0
-1636
116
904
149
324
-272
0
-100
0
0
92
-59
127
141
205
-136
-1085
0
-7
-1031
0
-1561
-795
0
16
-56
-249
-331
-1606
-2886
21
0
300
-1096
369
-340
-165
418
-428
96
0
0
0
753
650
-282
-1137
0
-3890
-717
-583
393
617
-1278
0
-494
0
-5
-43
451
0
414
-63
270
-46
0
-105
-300
0
449
-726
0
0
452
210
-226
-554
1183
-600
0
134
-2278
305
-141
332
-22
607
-96
0
0
0
157
-1444
-372
-780
0
-3259
376
-49
139
1268
642
0
561
0
-58
75
780
0
-1211
357
516
-504
0
0
21
0
51
-412
0
0
216
0
30
-240
456
-656
0
0
-620
560
13
-24
0
444
0
0
0
0
380
-1270
-192
385
0
-1440
114
637
178
684
440
0
291
0
0
0
588
0
-1143
117
224
-1068
0
0
-199
0
-763
-730
0
0
105
57
-378
-477
-5654
-1113
0
127
1488
1080
0
-324
34
-1595
0
0
0
0
539
1078
-276
430
0
-140
4
1154
573
380
-672
0
-631
0
0
0
-413
0
1080
0
-300
-2045
0
127
-714
0
-1064
-476
0
244
528
-34
1297
-2713
-1836
-71
0
234
-23
2075
-961
-1269
0
-159
105
0
0
0
996
1358
-431
120
0
-1739
376
-98
584
332
-152
-198
-258
0
0
73
-2002
-53
1420
-110
-466
-2678
0
-119
-1195
0
-2758
-1901
0
846
523
285
1130
-2431
-7274
-946
0
258
1627
1222
-1478
-513
478
-552
181
0
0
0
1020
896
-920
225
0
-1114
172
543
486
753
-626
-344
-313
0
22
221
-1490
49
-611
-410
-487
-504
0
0
21
0
51
-412
0
0
216
0
30
-240
456
-656
0
0
-620
560
13
-24
0
444
0
0
0
0
380
-1270
-192
385
0
-1440
114
637
178
684
440
0
291
0
0
0
588
0
-1143
117
224
-2089
0
0
-1118
0
-168
-13
0
0
1778
160
2805
-3847
1533
1818
0
1
-2523
4785
-812
76
2412
2161
-240
0
0
0
498
2481
-75
-889
0
-1448
908
246
1826
4540
-912
0
1180
0
0
0
-4094
0
249
-51
-2352
-960
0
0
-280
0
-381
-508
0
0
225
0
320
72
-3048
-904
0
0
900
240
-116
-243
0
-762
0
0
0
0
285
740
-207
315
0
528
32
602
252
426
56
0
-381
0
0
0
-714
0
729
-63
-254
