575
-1399
-531
704
-253
-39
277
-975
-488
1113
-224
111
563
1323
167
-790
297
1098
1528
-134
-113
237
706
-652
-1149
-1048
-1077
-67
874
72
34
-1378
599
-353
714
841
768
494
-1043
645
-1316
-279
-465
493
-327
613
-1448
-46
551
-1182
-611
624
-260
84
58
-785
-96
836
-193
245
686
1102
49
-772
109
853
1242
-243
-56
250
386
-668
-1163
-879
-1019
28
599
152
-105
-976
548
-164
377
842
580
368
-1012
436
-1058
-393
-486
561
-360
416
-1293
-221
431
-1252
-347
563
-354
118
531
-779
-381
1047
-518
-91
417
1382
122
-867
401
954
1345
200
90
310
542
-348
-1005
-1217
-939
-213
810
203
59
-1092
564
-588
506
583
837
402
-846
760
-1137
-396
-324
269
-303
659
-1314
-398
575
-1399
-531
704
-253
-39
277
-975
-488
1113
-224
111
563
1323
167
-790
297
1098
1528
-134
-113
237
706
-652
-1149
-1048
-1077
-67
874
72
34
-1378
599
-353
714
841
768
494
-1043
645
-1316
-279
-465
493
-327
613
-1448
-46
575
-1399
-531
704
-253
-39
277
-975
-488
1113
-224
111
563
1323
167
-790
297
1098
1528
-134
-113
237
706
-652
-1149
-1048
-1077
-67
874
72
34
-1378
599
-353
714
841
768
494
-1043
645
-1316
-279
-465
493
-327
613
-1448
-46
462
-905
-333
576
-299
258
387
-646
-150
792
-353
-5
436
1131
57
-712
353
802
1113
184
0
343
211
-305
-817
-995
-763
-297
643
154
56
-827
557
-476
363
531
535
432
-731
588
-987
-341
-361
297
-367
507
-1026
-295
575
-1399
-531
704
-253
-39
277
-975
-488
1113
-224
111
563
1323
167
-790
297
1098
1528
-134
-113
237
706
-652
-1149
-1048
-1077
-67
874
72
34
-1378
599
-353
714
841
768
494
-1043
645
-1316
-279
-465
493
-327
613
-1448
-46
575
-1399
-531
704
-253
-39
277
-975
-488
1113
-224
111
563
1323
167
-790
297
1098
1528
-134
-113
237
706
-652
-1149
-1048
-1077
-67
874
72
34
-1378
599
-353
714
841
768
494
-1043
645
-1316
-279
-465
493
-327
613
-1448
-46
575
-1399
-531
704
-253
-39
277
-975
-488
1113
-224
111
563
1323
167
-790
297
1098
1528
-134
-113
237
706
-652
-1149
-1048
-1077
-67
874
72
34
-1378
599
-353
714
841
768
494
-1043
645
-1316
-279
-465
493
-327
613
-1448
-46
575
-1399
-531
704
-253
-39
277
-975
-488
1113
-224
111
563
1323
167
-790
297
1098
1528
-134
-113
237
706
-652
-1149
-1048
-1077
-67
874
72
34
-1378
599
-353
714
841
768
494
-1043
645
-1316
-279
-465
493
-327
613
-1448
-46
633
-1002
-186
659
-204
413
529
-705
-269
870
-104
-208
466
1218
-90
-932
608
852
1215
50
-72
290
285
-487
-973
-1075
-810
-242
720
185
169
-1107
839
-456
535
749
625
388
-808
394
-1172
-33
-283
282
-278
453
-1045
-80
633
-1002
-186
659
-204
413
529
-705
-269
870
-104
-208
466
1218
-90
-932
608
852
1215
50
-72
290
285
-487
-973
-1075
-810
-242
720
185
169
-1107
839
-456
535
749
625
388
-808
394
-1172
-33
-283
282
-278
453
-1045
-80
454
-1323
-487
617
-423
216
468
-752
-287
1045
-374
-117
591
1415
35
-986
367
908
1355
76
33
347
499
-515
-1118
-1207
-945
-111
800
325
173
-1155
580
-453
401
644
805
356
-1017
549
-1200
-324
-358
297
-283
538
-1327
-402
542
-1007
-184
519
-109
293
208
-539
190
921
-147
139
667
994
-130
-967
330
596
1049
-152
196
37
161
-476
-1195
-852
-858
78
495
267
-91
-629
731
-357
279
948
408
216
-718
229
-926
-253
-226
507
-250
366
-1032
-330
454
-1323
-487
617
-423
216
468
-752
-287
1045
-374
-117
591
1415
35
-986
367
908
1355
76
33
347
499
-515
-1118
-1207
-945
-111
800
325
173
-1155
580
-453
401
644
805
356
-1017
549
-1200
-324
-358
297
-283
538
-1327
-402
542
-1007
-184
519
-109
293
208
-539
190
921
-147
139
667
994
-130
-967
330
596
1049
-152
196
37
161
-476
-1195
-852
-858
78
495
267
-91
-629
731
-357
279
948
408
216
-718
229
-926
-253
-226
507
-250
366
-1032
-330
645
-1251
-630
902
-407
126
481
-1114
-644
1031
-374
21
450
1535
271
-654
426
1358
1676
235
-310
588
536
-492
-859
-1260
-1018
-535
1033
-22
168
-1526
611
-548
786
576
791
801
-1063
973
-1510
-366
-657
388
-538
786
-1440
-3
575
-1399
-531
704
-253
-39
277
-975
-488
1113
-224
111
563
1323
167
-790
297
1098
1528
-134
-113
237
706
-652
-1149
-1048
-1077
-67
874
72
34
-1378
599
-353
714
841
768
494
-1043
645
-1316
-279
-465
493
-327
613
-1448
-46
440
-938
-63
488
-352
541
703
-444
-35
929
-381
-351
447
1277
-132
-1078
653
616
1041
323
201
273
134
-223
-956
-1225
-693
-288
673
401
247
-757
771
-683
257
557
600
253
-699
420
-967
-187
-112
104
-250
430
-943
-535
675
-1574
-634
732
-370
31
244
-980
-316
1344
-281
157
759
1492
187
-996
362
1077
1696
-178
-35
165
688
-754
-1505
-1255
-1308
-116
1004
144
63
-1400
798
-467
729
1079
683
535
-1334
696
-1366
-410
-474
598
-483
531
-1679
-262
742
-1178
-624
842
-420
326
467
-947
-688
899
106
-303
523
1388
84
-796
620
1103
1504
-68
-503
481
552
-810
-974
-1166
-942
-434
1022
67
482
-1741
843
-296
816
709
658
629
-1316
471
-1431
100
-505
256
-432
340
-1260
237
542
-1007
-184
519
-109
293
208
-539
190
921
-147
139
667
994
-130
-967
330
596
1049
-152
196
37
161
-476
-1195
-852
-858
78
495
267
-91
-629
731
-357
279
948
408
216
-718
229
-926
-253
-226
507
-250
366
-1032
-330
575
-1399
-531
704
-253
-39
277
-975
-488
1113
-224
111
563
1323
167
-790
297
1098
1528
-134
-113
237
706
-652
-1149
-1048
-1077
-67
874
72
34
-1378
599
-353
714
841
768
494
-1043
645
-1316
-279
-465
493
-327
613
-1448
-46
575
-1399
-531
704
-253
-39
277
-975
-488
1113
-224
111
563
1323
167
-790
297
1098
1528
-134
-113
237
706
-652
-1149
-1048
-1077
-67
874
72
34
-1378
599
-353
714
841
768
494
-1043
645
-1316
-279
-465
493
-327
613
-1448
-46
575
-1399
-531
704
-253
-39
277
-975
-488
1113
-224
111
563
1323
167
-790
297
1098
1528
-134
-113
237
706
-652
-1149
-1048
-1077
-67
874
72
34
-1378
599
-353
714
841
768
494
-1043
645
-1316
-279
-465
493
-327
613
-1448
-46
-2994
728
818
-2323
-1754
722
1648
3347
908
24
-1088
-2787
-511
-365
-576
-890
186
-3296
-2773
1912
1791
-414
-240
1901
1349
-203
2634
644
-495
2618
2676
2337
-1960
-825
-2881
-3187
-265
-2242
837
-1731
2498
463
2359
-3009
1637
-1484
2320
-3179
663
-874
-661
696
-196
110
-106
-855
79
560
-332
531
615
963
130
-499
-17
941
1170
-142
-122
395
64
-525
-988
-796
-1055
-233
457
-72
-411
-696
549
-173
333
805
418
563
-871
698
-952
-663
-686
710
-604
501
-1244
-216
657
-1393
-198
689
-249
238
627
-904
-356
1264
-448
-95
501
1546
53
-1097
628
1082
1573
142
128
227
545
-442
-1282
-1387
-1128
-244
927
180
10
-1244
902
-726
704
920
867
466
-916
784
-1353
-323
-309
399
-357
731
-1477
-329
575
-1399
-531
704
-253
-39
277
-975
-488
1113
-224
111
563
1323
167
-790
297
1098
1528
-134
-113
237
706
-652
-1149
-1048
-1077
-67
874
72
34
-1378
599
-353
714
841
768
494
-1043
645
-1316
-279
-465
493
-327
613
-1448
-46
575
-1399
-531
704
-253
-39
277
-975
-488
1113
-224
111
563
1323
167
-790
297
1098
1528
-134
-113
237
706
-652
-1149
-1048
-1077
-67
874
72
34
-1378
599
-353
714
841
768
494
-1043
645
-1316
-279
-465
493
-327
613
-1448
-46
575
-1399
-531
704
-253
-39
277
-975
-488
1113
-224
111
563
1323
167
-790
297
1098
1528
-134
-113
237
706
-652
-1149
-1048
-1077
-67
874
72
34
-1378
599
-353
714
841
768
494
-1043
645
-1316
-279
-465
493
-327
613
-1448
-46
575
-1399
-531
704
-253
-39
277
-975
-488
1113
-224
111
563
1323
167
-790
297
1098
1528
-134
-113
237
706
-652
-1149
-1048
-1077
-67
874
72
34
-1378
599
-353
714
841
768
494
-1043
645
-1316
-279
-465
493
-327
613
-1448
-46
575
-1399
-531
704
-253
-39
277
-975
-488
1113
-224
111
563
1323
167
-790
297
1098
1528
-134
-113
237
706
-652
-1149
-1048
-1077
-67
874
72
34
-1378
599
-353
714
841
768
494
-1043
645
-1316
-279
-465
493
-327
613
-1448
-46
575
-1399
-531
704
-253
-39
277
-975
-488
1113
-224
111
563
1323
167
-790
297
1098
1528
-134
-113
237
706
-652
-1149
-1048
-1077
-67
874
72
34
-1378
599
-353
714
841
768
494
-1043
645
-1316
-279
-465
493
-327
613
-1448
-46
575
-1399
-531
704
-253
-39
277
-975
-488
1113
-224
111
563
1323
167
-790
297
1098
1528
-134
-113
237
706
-652
-1149
-1048
-1077
-67
874
72
34
-1378
599
-353
714
841
768
494
-1043
645
-1316
-279
-465
493
-327
613
-1448
-46
575
-1399
-531
704
-253
-39
277
-975
-488
1113
-224
111
563
1323
167
-790
297
1098
1528
-134
-113
237
706
-652
-1149
-1048
-1077
-67
874
72
34
-1378
599
-353
714
841
768
494
-1043
645
-1316
-279
-465
493
-327
613
-1448
-46
575
-1399
-531
704
-253
-39
277
-975
-488
1113
-224
111
563
1323
167
-790
297
1098
1528
-134
-113
237
706
-652
-1149
-1048
-1077
-67
874
72
34
-1378
599
-353
714
841
768
494
-1043
645
-1316
-279
-465
493
-327
613
-1448
-46
551
-1182
-611
624
-260
84
58
-785
-96
836
-193
245
686
1102
49
-772
109
853
1242
-243
-56
250
386
-668
-1163
-879
-1019
28
599
152
-105
-976
548
-164
377
842
580
368
-1012
436
-1058
-393
-486
561
-360
416
-1293
-221
431
-1252
-347
563
-354
118
531
-779
-381
1047
-518
-91
417
1382
122
-867
401
954
1345
200
90
310
542
-348
-1005
-1217
-939
-213
810
203
59
-1092
564
-588
506
583
837
402
-846
760
-1137
-396
-324
269
-303
659
-1314
-398
575
-1399
-531
704
-253
-39
277
-975
-488
1113
-224
111
563
1323
167
-790
297
1098
1528
-134
-113
237
706
-652
-1149
-1048
-1077
-67
874
72
34
-1378
599
-353
714
841
768
494
-1043
645
-1316
-279
-465
493
-327
613
-1448
-46
633
-1002
-186
659
-204
413
529
-705
-269
870
-104
-208
466
1218
-90
-932
608
852
1215
50
-72
290
285
-487
-973
-1075
-810
-242
720
185
169
-1107
839
-456
535
749
625
388
-808
394
-1172
-33
-283
282
-278
453
-1045
-80
462
-905
-333
576
-299
258
387
-646
-150
792
-353
-5
436
1131
57
-712
353
802
1113
184
0
343
211
-305
-817
-995
-763
-297
643
154
56
-827
557
-476
363
531
535
432
-731
588
-987
-341
-361
297
-367
507
-1026
-295
542
-1007
-184
519
-109
293
208
-539
190
921
-147
139
667
994
-130
-967
330
596
1049
-152
196
37
161
-476
-1195
-852
-858
78
495
267
-91
-629
731
-357
279
948
408
216
-718
229
-926
-253
-226
507
-250
366
-1032
-330
575
-1399
-531
704
-253
-39
277
-975
-488
1113
-224
111
563
1323
167
-790
297
1098
1528
-134
-113
237
706
-652
-1149
-1048
-1077
-67
874
72
34
-1378
599
-353
714
841
768
494
-1043
645
-1316
-279
-465
493
-327
613
-1448
-46
575
-1399
-531
704
-253
-39
277
-975
-488
1113
-224
111
563
1323
167
-790
297
1098
1528
-134
-113
237
706
-652
-1149
-1048
-1077
-67
874
72
34
-1378
599
-353
714
841
768
494
-1043
645
-1316
-279
-465
493
-327
613
-1448
-46
575
-1399
-531
704
-253
-39
277
-975
-488
1113
-224
111
563
1323
167
-790
297
1098
1528
-134
-113
237
706
-652
-1149
-1048
-1077
-67
874
72
34
-1378
599
-353
714
841
768
494
-1043
645
-1316
-279
-465
493
-327
613
-1448
-46
575
-1399
-531
704
-253
-39
277
-975
-488
1113
-224
111
563
1323
167
-790
297
1098
1528
-134
-113
237
706
-652
-1149
-1048
-1077
-67
874
72
34
-1378
599
-353
714
841
768
494
-1043
645
-1316
-279
-465
493
-327
613
-1448
-46
575
-1399
-531
704
-253
-39
277
-975
-488
1113
-224
111
563
1323
167
-790
297
1098
1528
-134
-113
237
706
-652
-1149
-1048
-1077
-67
874
72
34
-1378
599
-353
714
841
768
494
-1043
645
-1316
-279
-465
493
-327
613
-1448
-46
742
-1178
-624
842
-420
326
467
-947
-688
899
106
-303
523
1388
84
-796
620
1103
1504
-68
-503
481
552
-810
-974
-1166
-942
-434
1022
67
482
-1741
843
-296
816
709
658
629
-1316
471
-1431
100
-505
256
-432
340
-1260
237
742
-1178
-624
842
-420
326
467
-947
-688
899
106
-303
523
1388
84
-796
620
1103
1504
-68
-503
481
552
-810
-974
-1166
-942
-434
1022
67
482
-1741
843
-296
816
709
658
629
-1316
471
-1431
100
-505
256
-432
340
-1260
237
895
-1376
-793
958
-288
-72
176
-1308
-818
1071
-31
184
532
1408
365
-551
413
1441
1846
-222
-555
393
781
-887
-1145
-1127
-1307
-467
1138
-276
93
-1885
837
-309
1158
987
667
889
-1404
912
-1565
-217
-745
619
-652
583
-1652
392
843
-972
-849
934
-200
108
7
-1151
-631
436
184
187
506
1051
137
-377
185
1263
1393
-350
-703
605
423
-928
-789
-760
-1003
-321
706
-231
-14
-1588
636
121
771
745
626
719
-1165
530
-1346
-91
-821
564
-513
416
-1247
532
628
-1137
-307
558
-191
66
205
-772
-39
1106
-430
283
551
1170
172
-799
351
854
1347
-19
152
52
361
-408
-1274
-1076
-1147
-234
747
16
-216
-823
796
-593
599
996
453
487
-892
782
-995
-541
-357
588
-523
534
-1371
-374
657
-1393
-198
689
-249
238
627
-904
-356
1264
-448
-95
501
1546
53
-1097
628
1082
1573
142
128
227
545
-442
-1282
-1387
-1128
-244
927
180
10
-1244
902
-726
704
920
867
466
-916
784
-1353
-323
-309
399
-357
731
-1477
-329
575
-1399
-531
704
-253
-39
277
-975
-488
1113
-224
111
563
1323
167
-790
297
1098
1528
-134
-113
237
706
-652
-1149
-1048
-1077
-67
874
72
34
-1378
599
-353
714
841
768
494
-1043
645
-1316
-279
-465
493
-327
613
-1448
-46
575
-1399
-531
704
-253
-39
277
-975
-488
1113
-224
111
563
1323
167
-790
297
1098
1528
-134
-113
237
706
-652
-1149
-1048
-1077
-67
874
72
34
-1378
599
-353
714
841
768
494
-1043
645
-1316
-279
-465
493
-327
613
-1448
-46
895
-1376
-793
958
-288
-72
176
-1308
-818
1071
-31
184
532
1408
365
-551
413
1441
1846
-222
-555
393
781
-887
-1145
-1127
-1307
-467
1138
-276
93
-1885
837
-309
1158
987
667
889
-1404
912
-1565
-217
-745
619
-652
583
-1652
392
675
-1574
-634
732
-370
31
244
-980
-316
1344
-281
157
759
1492
187
-996
362
1077
1696
-178
-35
165
688
-754
-1505
-1255
-1308
-116
1004
144
63
-1400
798
-467
729
1079
683
535
-1334
696
-1366
-410
-474
598
-483
531
-1679
-262
537
-797
-187
495
-189
409
293
-477
156
720
-200
11
542
964
-118
-864
395
561
928
4
112
176
21
-376
-1001
-897
-767
-149
472
228
-31
-578
739
-394
233
755
375
265
-694
307
-825
-256
-240
368
-327
308
-909
-354
895
-1376
-793
958
-288
-72
176
-1308
-818
1071
-31
184
532
1408
365
-551
413
1441
1846
-222
-555
393
781
-887
-1145
-1127
-1307
-467
1138
-276
93
-1885
837
-309
1158
987
667
889
-1404
912
-1565
-217
-745
619
-652
583
-1652
392
524
-831
-252
562
-341
535
580
-512
-320
655
39
-476
414
1111
-153
-888
642
647
977
69
-196
369
229
-515
-785
-1011
-598
-283
674
285
444
-1120
758
-327
393
503
558
286
-879
165
-1014
162
-204
44
-208
200
-810
-61
928
-845
-466
844
-129
451
250
-909
-444
488
335
-131
502
1035
-103
-699
558
999
1233
-318
-553
440
238
-886
-929
-869
-910
-334
675
-75
138
-1455
995
-36
732
904
523
543
-1081
245
-1259
190
-537
424
-420
227
-1041
456
603
-1117
5
595
-259
335
749
-732
-284
1225
-520
-198
346
1448
84
-1003
777
931
1408
381
187
187
368
-187
-1083
-1393
-961
-482
929
140
97
-1017
942
-935
690
770
666
504
-740
857
-1176
-308
-189
256
-417
683
-1246
-397
575
-1399
-531
704
-253
-39
277
-975
-488
1113
-224
111
563
1323
167
-790
297
1098
1528
-134
-113
237
706
-652
-1149
-1048
-1077
-67
874
72
34
-1378
599
-353
714
841
768
494
-1043
645
-1316
-279
-465
493
-327
613
-1448
-46
675
-1574
-634
732
-370
31
244
-980
-316
1344
-281
157
759
1492
187
-996
362
1077
1696
-178
-35
165
688
-754
-1505
-1255
-1308
-116
1004
144
63
-1400
798
-467
729
1079
683
535
-1334
696
-1366
-410
-474
598
-483
531
-1679
-262
727
-1451
-920
794
-197
-216
-296
-1119
-132
1006
-186
706
869
1155
243
-646
-132
1145
1594
-521
-165
199
572
-912
-1447
-830
-1390
97
705
-69
-380
-1183
558
-42
614
1181
557
582
-1271
666
-1255
-638
-760
952
-560
538
-1698
-70
451
-1033
-157
642
-81
81
217
-698
200
1200
-476
474
617
1111
113
-757
217
852
1284
183
312
74
147
-139
-1005
-874
-837
-102
631
134
-216
-487
510
-678
373
828
333
501
-469
679
-1087
-587
-364
645
-383
788
-1111
-395
411
-801
-110
401
-123
366
179
-344
489
766
-331
211
648
867
-181
-933
212
405
798
-10
377
56
-101
-257
-1076
-784
-726
84
289
352
-217
-178
600
-398
-23
793
314
119
-499
221
-685
-439
-178
472
-246
360
-860
-610
648
-1155
-405
737
-275
150
370
-907
-305
1086
-348
122
509
1335
186
-756
443
1071
1490
118
-71
294
402
-436
-1057
-1153
-1037
-389
889
15
20
-1150
744
-593
691
805
569
637
-943
814
-1259
-390
-472
477
-514
639
-1342
-161
400
-782
-779
1037
-796
743
987
-946
-610
326
-726
-469
259
1771
43
-618
419
1428
1322
981
-461
1489
-89
-88
-34
-1495
-457
-966
789
315
447
-1295
227
-566
91
-422
1134
823
-765
1019
-1542
-462
-848
-142
-489
968
-993
-346
2857
-5200
-4053
3715
-20
-2352
-1868
-5592
-2555
3282
120
3594
2448
3672
1884
-279
-1225
5815
6635
-2348
-2197
1151
3244
-3688
-3739
-1781
-4883
115
2992
-1850
-1645
-6025
1025
686
3868
3878
2169
3337
-4276
3251
-5558
-1884
-3871
4003
-2113
2883
-6240
2441
575
-1399
-531
704
-253
-39
277
-975
-488
1113
-224
111
563
1323
167
-790
297
1098
1528
-134
-113
237
706
-652
-1149
-1048
-1077
-67
874
72
34
-1378
599
-353
714
841
768
494
-1043
645
-1316
-279
-465
493
-327
613
-1448
-46
575
-1399
-531
704
-253
-39
277
-975
-488
1113
-224
111
563
1323
167
-790
297
1098
1528
-134
-113
237
706
-652
-1149
-1048
-1077
-67
874
72
34
-1378
599
-353
714
841
768
494
-1043
645
-1316
-279
-465
493
-327
613
-1448
-46
