-14216
12514
-9074
1951
8276
366
6607
4152
14840
12473
-1631
6823
-17
-14321
-18087
5074
-8810
-7671
-2513
6341
-1652
2208
-3662
2307
-2989
-4848
16547
-4286
1453
6371
1743
12655
-2792
6838
4672
-7178
12923
-276
5634
5600
-2235
3804
-5667
-2530
-2465
-19972
-10640
15157
-4097
-9979
-3597
6703
1324
1248
749
6749
1086
-2969
13963
-7529
4274
1941
-17607
4693
-5944
2009
-2098
-11432
21795
585
3359
6303
-1439
-2141
-3098
1962
-4895
-20860
1224
8920
-7046
-3810
-1042
4324
7041
-4218
-191
13000
13818
3917
10393
-2438
-2833
8949
-3705
-1610
-5313
10940
10442
-2206
3073
4985
10062
6031
-2211
-6912
-5278
10839
-2323
-17958
1534
766
385
-12155
4740
-15629
7094
2483
-3162
-874
-4773
-5061
11152
-6163
-5463
-371
-11310
2677
-12806
14680
3449
1329
8873
-11739
6103
-1240
-207
-10900
210
8479
-7661
-6468
-13963
-9853
3283
-14049
6256
7317
5309
6067
-4636
10988
3997
-13331
-2456
8947
-155
5791
-3866
-8929
-9707
5442
-4504
-7831
14466
-7348
3645
-3720
4569
1147
-295
13343
-4920
-6310
-9324
4798
-3495
15
-151
-902
6769
-2959
2965
4596
8807
-4648
7494
-5715
-1872
6606
4433
6705
-9754
9089
4606
-4053
15623
3073
11347
4893
-958
-4588
8
10032
-14632
-8799
-5767
-1553
4479
-8522
7287
2355
15803
-2433
-6174
6232
2320
-17474
-7795
2916
-4274
4647
-9971
-8092
-4989
12712
871
-2673
6625
-1615
1291
-2737
13361
-7977
-2393
-332
-7948
-11445
-2021
-26047
6183
-13577
2588
-248
23899
-3881
-5771
3520
-212
-15681
-11581
-5130
-16307
4042
-5688
-1562
-6489
19056
-2772
-11835
9974
-1801
3571
676
11598
-10669
9691
-1741
5861
-12220
-2309
-8981
6361
-6531
-2794
-646
8603
16474
3370
-17
-556
-14363
19042
-18114
-3330
10196
-137
3311
-21360
17163
9189
-2795
15424
278
-139
2703
11385
-16802
8622
10953
-11518
-12308
-3248
-14340
-13543
-4916
1173
6948
8690
-2890
-2085
1370
10496
-19047
207
2989
15293
-108
-753
1655
-7634
10760
-12618
3740
12865
-35035
-1104
-215
10064
-2664
3460
12092
-3706
-7923
-11094
-5526
-293
-6959
14936
12884
5808
2752
-1018
3271
8159
-718
10290
-2010
-3605
14545
4107
612
-12273
19154
-12777
-12181
11994
-15532
3266
1164
2772
-13912
-10
7903
6886
-6737
2463
-6113
1205
-14862
4520
954
21593
-3957
-12366
-217
-1623
-1282
9022
-11795
2568
9931
3288
8846
-11008
9658
-6141
-13530
14000
-20569
8049
1240
1106
-12489
1461
10275
4557
-5928
-8466
-16438
4589
-13792
1287
1901
17403
-4106
-11267
12049
-6792
-7151
4902
-7327
3623
4536
5551
-12095
-13799
6362
-13844
-9606
12623
-7240
5221
-2007
4187
-16211
-286
-439
-3199
-14829
-7659
-1915
-77
845
-1255
-5836
12600
2386
2079
5393
8274
-2410
11969
-3273
-6317
12223
10168
4172
-18199
14380
7609
-9667
25089
-13221
1685
2416
4425
-17896
-4938
12971
-18978
-14430
-10221
-5662
-1958
7586
9140
17128
1736
10629
3025
21123
22136
-11268
3165
14457
4186
25654
-1690
-7105
-3016
19660
-1264
-5825
-2495
-9226
-699
-1578
8099
-5491
-11198
-1161
2505
6942
10668
1566
-1827
-4443
3472
-3137
-799
2569
1775
4843
-2159
-2345
4695
-11527
10288
13165
921
16194
1846
22558
-7824
2751
1064
-7091
-2619
3706
4231
-1106
3477
8084
-11486
-9258
-2220
-4648
-16017
-7180
-841
6327
5085
-5460
-1711
152
-1663
-11867
11382
-8375
7291
11594
-9305
2875
-727
19315
6073
-320
-4124
-130
-1979
14706
3673
-14441
-7385
8757
95
-10122
3996
-5491
-11579
-6847
9502
-9652
6100
744
2142
169
-4472
-5065
12538
-8443
11869
7854
-6650
8465
