-535
0
-999
-1393
1024
486
-294
-661
791
-1808
0
0
168
0
-1087
0
-3339
0
-1918
192
-624
-870
-108
-238
-1888
0
894
-2982
444
-1236
-1450
2114
-891
397
-305
0
-2584
-28
1545
-758
-787
2130
-1504
0
3354
0
-1158
220
-1031
1548
-738
-1817
0
-134
189
592
396
-135
-2283
0
-575
-1259
-90
-176
-128
-3387
-3000
0
88
18
-1373
1839
-196
1344
764
-3234
0
-825
-384
8379
315
3010
-35
-108
0
-934
-209
-3069
0
-3096
-1288
-128
351
-1651
1357
-416
-1088
128
0
688
-15
-3413
0
-2333
1270
-68
-44
0
0
-286
-116
569
-128
-1094
1412
-1502
-153
-244
0
611
-468
1226
884
-1481
240
444
0
0
-648
326
-1345
0
-671
1524
0
-935
0
-1156
-2073
-177
0
-660
-145
-854
3293
0
0
-381
0
-1218
24
0
-1273
0
-370
-1810
-561
-302
0
0
-207
-2124
461
2028
24
-434
-402
-2633
0
-316
-741
-270
-1274
-275
-165
-634
219
0
104
420
5461
0
-172
0
-3643
-378
0
-773
-5084
708
-1410
-32
-3411
0
-2358
524
-1097
-522
43
524
2103
-3089
-252
0
360
0
-973
0
-3713
0
-3154
228
-26
1135
79
-350
-658
0
-731
3357
114
261
-6081
-5862
-374
173
-3466
-23
-2437
-3452
-5536
-4504
65
-1320
-4628
0
-4232
0
-2661
-3185
-4378
-468
977
-1125
1023
-1300
-728
216
-163
-146
838
0
-2950
-2925
-1701
1869
-1726
-1357
-3832
-31
-1372
441
-3461
2187
-504
3347
5577
-2369
0
-2348
-47
-2111
85
1708
437
-429
-34
-2069
-1945
-2202
0
-5434
-2903
822
1001
-2816
-3128
288
-700
402
-91
-681
-8
-1648
0
331
-390
-804
-173
-16
465
813
-1588
1738
-134
-530
-206
-3151
-556
-552
-1440
-741
286
1416
686
403
1393
356
0
0
-69
-86
-595
-2921
-1523
-684
0
-323
0
-444
-2380
-95
508
3
-142
-1337
1016
0
0
-123
0
1229
681
-276
-1781
0
-133
294
675
-2485
0
0
1014
-1559
-1969
44
-511
-889
1919
-1933
0
-508
219
-271
-1822
-515
935
-1008
-96
-46
386
613
-1483
0
417
-420
3474
-468
0
-1803
-5720
-391
3981
5
-3090
0
-5466
4075
-1982
-998
-1043
-2097
141
540
62
0
0
0
-2239
0
1847
0
-2002
189
3176
-827
0
0
-6668
0
-1590
-2736
1798
2342
-3499
-3215
1780
-119
-6273
0
-2086
-3616
-760
-1996
-569
564
-2567
-226
-3266
0
-3278
436
-4161
1918
-599
-1551
2364
881
504
308
-697
0
772
-58
-871
-2570
-71
-384
-3431
-1893
-5073
1
-2731
1237
1089
472
0
2473
7063
-1945
0
-1036
-1203
-469
-1194
1608
-537
192
215
-2175
366
777
0
-6011
-5872
-115
26
-927
2078
1996
166
662
-121
-3427
-1582
-4608
0
-2919
-1023
1226
-396
-136
-255
86
-3019
2899
-129
-413
-3120
-2131
-1223
-125
-1501
-627
-762
1310
1107
161
223
164
0
0
-195
12
-1873
-2392
93
0
0
0
0
-2111
-2007
-437
476
100
-639
-85
-4352
-492
0
-2520
0
-2655
3128
114
-2559
0
-868
197
3477
-152
0
0
124
-4605
1423
-2914
310
0
-172
-2546
26
-266
689
-356
-168
-90
87
-568
37
-162
474
-196
-396
0
99
-214
-3300
-665
0
-4026
-4483
-2557
593
-672
-3696
0
-4611
-2688
1060
-582
-1182
-3476
417
-562
-144
0
0
0
-1472
0
-2769
-54
-2893
-807
1897
-1398
0
0
-1655
0
-436
-1015
414
316
-4492
-4269
41
448
-4057
-15
-1529
-4497
-1764
-1992
-1152
195
-4211
-164
-1843
0
281
-1358
-4134
1972
-1536
-3958
2873
-1226
-889
90
-264
0
-1986
-632
1489
-5127
-142
1396
-3330
-882
-7296
-21
-3418
-110
977
1573
0
843
1423
-4592
-1632
-280
-2090
2453
-1648
3312
-973
-1567
749
-3465
-520
-2667
0
-8383
-3893
54
-216
-2780
248
3536
-2274
2408
-94
-3453
971
-2708
0
-4696
777
-1404
-622
100
936
-105
-2519
1745
-885
-1850
2149
-2935
-292
-1259
2584
-103
-2629
1013
669
-355
1523
0
0
0
-27
-1568
-1706
-2208
-2028
162
-1545
0
0
-65
-2883
-1695
1192
-39
-255
-397
274
-162
0
1190
0
92
-1976
771
-1755
0
-880
-186
5176
-650
800
0
-324
-1385
1803
-554
105
0
818
-2818
240
-149
-266
-546
-705
-341
-45
-1000
566
157
-1237
-254
-615
48
-117
-112
-1852
-142
0
-2516
-3852
2506
554
81
-4520
0
238
844
-3177
-113
-74
-990
2352
0
0
0
0
0
972
0
-2134
72
-1088
-2158
1196
-1096
0
0
4445
0
-569
1823
1816
919
-1781
-1817
-861
495
-740
0
-441
170
-508
-2810
2913
-415
-847
170
-1501
0
-1334
-486
-414
422
2481
-862
744
0
0
246
0
0
1016
-647
-400
-6250
790
-112
-3646
1530
-8948
0
-2651
0
-119
164
0
1651
-1510
-2533
-2032
-551
-1722
1091
-910
-508
1232
-1308
90
-3884
-533
-1596
0
-9029
-7683
-93
352
-558
-5449
2208
1368
-1448
0
-1606
1707
-2154
0
2884
111
-118
-1144
0
54
-721
-3048
1195
14
1393
-3285
-1783
-96
1021
1917
-114
-552
377
108
2580
-11
0
0
0
0
1253
-121
0
1449
753
1905
0
0
-728
-1232
-1121
952
0
65
0
3024
762
0
-1052
0
2667
-2018
630
-1090
0
-140
-127
36
-715
-1480
0
864
-1096
1100
-177
0
0
-141
-699
-144
890
-360
-534
-336
-2052
255
-1380
316
64
261
0
-245
-126
0
-2248
2
488
0
-198
-3270
-911
1333
-960
-2380
156
-1143
-1192
-2868
636
-1612
-731
26
6892
0
0
417
-1
-1948
0
-2200
-27
-1152
-2988
-1296
-126
-2556
-678
-2284
0
497
1296
-156
-1412
1903
-535
-195
-7
67
0
1213
-1553
1910
206
-2728
86
-3483
0
-2040
0
-2333
-2372
-5024
-504
-855
-483
0
67
287
-230
-508
-424
-454
0
-3256
1316
-990
462
140
-6067
-6700
0
-400
-30
-4266
2636
-245
-856
5228
-3113
0
-1138
-858
-6070
-326
4290
-234
637
0
1563
-603
-2095
0
-8584
-1673
366
-351
-507
3791
-992
-696
-438
581
-2925
-1127
-5409
0
-2333
118
-819
67
-20
-684
-510
42
1111
325
756
-2357
-1315
-207
854
-630
-1624
780
5048
-1
-4136
3285
-500
0
0
-498
-1576
2709
0
1311
154
80
-2269
0
650
-2311
1007
0
90
-447
-2053
-664
-328
0
-237
0
-472
578
0
-1397
0
-112
-1098
1240
-983
-518
0
-2440
-1143
-2992
-2689
124
-6
-1030
2981
0
132
225
-267
997
224
781
1413
-6
0
-465
786
-2201
0
133
-1524
-859
-1556
-130
-1960
3486
-1067
249
-797
-5708
-327
-4530
288
-3255
342
-1891
254
2347
282
-254
0
555
-115
-2549
0
1986
36
800
39
-2044
-879
-18
-421
-4118
0
-3816
-477
204
531
-9884
-7217
1383
355
1594
-37
4205
-2092
-9104
-8608
-1727
-321
-6317
0
4710
0
-1272
1089
-6438
-2286
-225
-1270
510
-2599
-1454
1138
-629
75
2322
0
-6765
-2318
-387
-1430
1542
-2792
-5004
-83
-5760
-184
-3624
310
-553
-745
7700
-1973
-588
4268
-1326
-1450
-1943
2462
129
-2886
-52
2606
-5321
-4980
0
-9949
-2131
808
572
-1872
-104
-608
-888
65
142
-962
641
274
0
338
-526
-1453
-1739
-730
1387
-123
142
1236
-1407
-1469
-44
-4039
-665
-4231
-1072
-1376
676
5349
1579
-1510
1686
-224
0
0
-101
-2553
-1581
-345
-1390
390
-944
-888
0
152
-3568
903
-452
2026
-1325
-3097
-3210
-108
0
360
0
-222
2777
126
-1330
0
476
-1951
3806
-5246
-455
0
-990
1885
1978
-1536
-253
-512
3096
2064
0
320
-1457
-6
503
40
-1223
16
-243
-194
-693
133
-5491
0
-269
-126
-4015
1051
375
-2381
-2643
-182
-1835
-673
-6045
746
-5462
-222
-1209
172
-966
-3706
696
266
208
0
1020
0
70
0
-642
93
3602
-3708
-1920
-689
74
-145
-2876
0
-3353
-1069
-328
2576
-6536
-5074
-297
-60
-1042
27
2441
-1774
-883
-4251
-435
1445
-7117
-116
96
0
-1676
-1574
-7377
498
-837
-3553
-2296
-2072
261
-172
580
0
-865
79
-5577
-5759
1307
14
95
676
-5993
-552
-2374
-1772
-1172
-1997
0
-751
1821
-3003
-273
1757
-884
-255
-3885
-516
580
-2644
467
-1039
148
-379
0
-14229
-10078
-56
637
-624
786
-1060
901
-3080
718
-4744
-3059
-6467
30
-3660
-642
-2391
-3603
-337
1368
323
-545
-1549
-717
466
-3694
-5294
-1166
-547
2162
-2101
-492
4255
1843
-3008
602
-116
0
0
117
1659
-436
-1800
-278
0
0
0
0
1796
726
2255
-344
-201
-733
-5547
3418
658
0
-1423
0
-956
919
420
-1581
0
-2034
-231
3766
-1605
0
0
-924
-4155
3143
-2150
630
-580
1269
-2479
208
-620
-537
-794
-2502
1737
545
917
536
128
-852
-169
431
0
240
381
-1670
407
180
-5878
-2938
-211
2
-248
-9060
-1853
-2969
-1704
-1038
-557
-1896
-1032
-601
-8799
-104
0
1422
504
-1826
0
-3112
-254
2487
-4396
-3571
-730
-6
-431
-3391
0
-375
1482
424
710
-10115
-6137
-870
526
-4884
127
1698
-6984
-3246
-3232
-2887
2644
-4281
-254
-2173
0
146
3629
-4011
1484
-2012
-2782
938
-730
-624
575
-1092
0
-2707
760
1991
-3318
-95
-59
-708
-1384
-10140
35
1551
100
1316
-801
-635
-1775
807
-3071
-308
-261
-5787
-2073
-2601
431
237
-1865
797
-5843
1244
-1965
0
-12800
-5973
-1995
-1016
273
3324
736
-1346
416
-22
-3545
1016
-3861
210
-5304
1971
-1540
-1528
509
2111
1964
-2637
-204
-3179
-1937
-119
-5092
-1581
-1000
3514
-181
-1198
1758
588
-3663
-247
0
0
0
-555
-1718
2396
1759
2850
536
-1537
-530
-56
-299
-1842
609
-536
-104
-480
-2801
2495
660
0
1455
0
351
-2842
-306
-1060
0
-1657
-265
-1131
517
2480
0
-2679
3549
1268
-687
235
-620
881
2791
-10
-583
210
-2116
-568
-576
361
-151
-154
-190
-1364
-88
-2408
244
122
-1406
-6582
-968
0
-1195
583
-2234
318
-1171
-6567
-782
1217
1766
-2238
-862
-773
-1511
2524
-6985
0
0
-1326
-14
-267
0
772
146
1652
-2018
435
-2569
264
-556
-1482
0
-312
-407
152
9
-4389
-37
880
-773
-2480
0
1006
3089
-275
-3841
1661
704
-1656
-194
1090
0
-184
-352
-1572
-139
975
-4337
1482
-3810
0
231
-198
0
1792
-324
3468
-4007
366
349
-831
-735
-7144
-462
-6308
-720
1544
630
-140
-379
1084
-504
277
1859
-2453
-17
98
1845
134
-1467
150
-2478
-2273
-4053
0
-9473
-6824
-2329
544
162
-5060
4306
1695
-268
225
-585
3202
-2214
363
2812
-1011
-2708
1802
0
-779
-1409
132
606
-284
1171
-28
-2362
-48
-66
1426
524
1452
813
172
-62
-259
0
0
0
44
597
-2502
-600
-297
697
205
-550
48
650
-2431
23
-452
0
-715
-3048
-63
-150
0
194
0
-75
1133
-315
-546
0
160
360
-3968
-2595
1578
0
-510
140
-1522
-189
0
-1270
-279
1332
-64
-1840
120
1068
-2462
-1615
1969
-1810
521
-39
-1716
-381
971
-781
-32
-1300
2662
103
0
1054
-3081
1169
-1561
-731
-1840
-192
-786
981
3078
1566
-3640
-274
-1003
-3803
0
0
44
-127
2558
0
78
-181
-252
1191
0
-774
-1667
-107
-991
0
-2054
288
0
-1388
-1389
1108
108
-1983
50
0
-724
-2745
360
-64
-2818
1642
-2425
-957
1016
0
-1826
-2962
-7479
1830
-1270
0
0
108
0
-690
0
-237
890
0
-841
837
-870
0
-240
-6861
-6304
0
-444
0
-1224
-1748
-1433
352
5608
-1984
0
-186
-2248
1967
-2034
1610
-1387
-1214
0
-1214
3229
3278
0
-8009
-3178
-192
-1651
0
2354
450
1046
0
-637
-6049
-2545
-5141
0
-3419
-649
-1521
0
-635
1674
178
0
-2013
-704
-151
-216
-1996
-594
-2954
-759
-1167
0
984
82
-4127
1304
508
0
0
-311
1216
792
0
127
635
1876
-2231
-98
-816
443
-912
0
1905
-385
-36
-534
100
0
-1629
0
-534
-17
0
544
7
-300
-1197
2478
-859
1729
0
-4315
-1724
2178
-1655
252
379
-192
-3450
0
80
0
-177
1554
256
-264
299
0
0
-283
14
1016
144
407
-2668
674
321
130
-4279
69
2398
0
-344
-3078
-219
-4191
-372
481
-900
-3000
-3643
576
1444
0
0
56
85
416
176
831
-152
26
-2270
-78
731
-2992
-976
-1835
0
-3430
-294
0
-2046
-6776
1196
0
1849
-620
110
-514
-6594
-4483
-1780
-3135
1827
-5997
-429
-1928
0
519
-5570
-8767
1687
-1287
666
-154
48
-106
400
0
81
-2541
-464
-3678
618
-364
-84
-6290
-3495
-10265
-41
-931
0
-2447
-2183
-315
1396
4560
-3709
-714
-352
-1176
-629
-4124
-1766
-1975
-2087
-262
-1691
-3854
-3768
0
-12546
-2616
-834
884
0
1866
2615
-1635
-66
-847
-4485
756
-4733
0
-3971
-635
-2130
-476
-1644
975
-1008
-290
739
-1478
317
-277
-4968
-601
91
-509
300
0
2978
1875
-3144
466
296
0
0
-231
-1316
-573
0
-1178
-285
-1236
-416
84
-86
-1008
-432
0
-180
-616
-620
665
-462
0
-339
-60
1070
-743
-264
-1510
21
-576
-201
6765
-4656
-145
0
-2451
-14
1009
-949
94
71
-73
931
0
68
350
-183
527
683
-288
-575
285
-232
284
-110
-1346
-378
475
-3229
-889
1262
635
-3184
-1204
-1388
-125
-749
-4952
-1469
-4844
-697
-3273
-994
-1165
-3407
3499
951
0
0
870
0
1652
-140
-5535
-60
-1524
-4004
-364
25
-1892
-285
-3216
0
-1988
3569
0
206
-4103
-299
-2967
1136
0
0
-3034
-1914
-2195
-2408
-557
102
-11863
517
-546
24
-2530
-1782
-8359
2054
-245
1001
5600
-781
314
-753
1089
0
-62
-811
-3167
-3084
728
125
-10475
-761
-11849
655
-2447
120
-5581
1235
-360
2045
-98
-3620
-1501
294
-1104
764
-4779
566
1560
-2232
388
-2487
-3975
-6630
0
-14223
-7135
779
1183
-2286
-914
399
206
6251
-615
-5884
-3644
-6391
-141
-1558
1429
-2306
-1402
125
-487
591
-983
1042
-2155
-1396
-4242
-3455
-1719
-2108
127
1350
0
5754
1485
-2470
613
4544
0
0
-635
2625
-1896
-1524
-2023
0
-249
-209
-119
-2786
-5885
1400
508
-120
0
-5468
511
-1855
0
-2227
-47
-20
-1922
-210
43
148
-245
-24
1254
-1748
-3161
0
-1132
-2568
-2350
-1071
0
710
616
-1936
0
-646
1339
-2286
-3795
444
-1289
-2881
-10
-170
1441
277
1593
-762
684
-509
5648
221
50
-1314
-2626
-2650
-790
-5611
-5134
-1241
-2390
-604
-3756
231
-1012
72
1380
8004
0
0
1602
-1428
3100
-84
762
2009
-3610
323
878
1554
-293
-883
-3035
0
-1165
3758
0
-538
-7280
-3835
-1058
-2025
0
-120
-1749
-6912
-5136
-4568
216
68
-9447
0
-1658
-22
-4472
345
-2035
3
706
396
-2275
1882
-750
-172
-1265
0
1140
-240
-336
-6224
62
-362
-9374
-389
-13668
3004
-2763
2540
-1214
-578
615
2065
3358
-2042
-276
439
-3093
-311
-2660
794
1873
225
2591
-7550
379
532
0
-17614
-2848
-725
0
-558
-4209
-3218
-2712
-3141
-479
-3719
132
-7101
-381
-7693
349
-2833
-1000
350
-943
3335
-1007
322
-3441
498
-3518
-3236
-782
79
2432
-257
0
6666
1554
-3435
-162
3916
0
0
-579
725
6097
-1248
-436
256
-4535
-1010
-12
-161
-54
-878
476
0
0
-4902
-339
905
0
-417
174
-248
-1852
-762
-713
273
-23
-444
-5513
-1889
-1728
0
-4965
1022
-2516
0
0
80
39
228
0
561
1769
-1602
-1739
-1110
1036
-427
351
-120
-2530
42
-3138
-1118
452
-459
14
-1261
0
487
-2531
-2307
1758
1128
-6612
-2159
1224
966
-4324
-328
-1230
495
-94
3139
0
0
846
-1778
-430
0
2385
2741
-1988
293
1524
-898
342
-1093
1931
0
-1529
-2764
0
-328
-3130
1532
-899
-2562
0
0
-58
2712
-1105
-3072
-543
-250
-6358
0
3449
76
-900
-1350
-1406
-1736
1044
-68
-263
-2430
0
1552
-968
0
2313
-1372
1375
-3302
-32
120
-2110
-465
-7748
1672
-2733
-220
564
-131
-175
98
2527
4145
377
48
-1544
1429
-646
480
-1186
-3498
2921
2941
-2128
1071
0
-9450
-2797
71
0
-468
4701
1936
1068
378
-200
-1547
4280
-270
39
5990
-1065
-1745
-200
0
-391
-554
-294
2346
-583
-502
-3782
-979
0
-1637
1607
90
0
2804
460
-1637
275
1804
0
0
-175
2402
2653
-1152
-340
108
4064
-1270
508
-810
-874
1420
176
0
0
-5026
-182
2244
0
211
-54
-88
84
0
-53
741
-762
-762
-4566
-467
401
0
-4747
-312
-1497
0
0
-550
-394
2874
0
1360
2175
972
-31
-1524
-3396
-1938
-16
508
-1463
55
2331
1264
-168
2981
-2034
-2169
0
-36
1058
1652
635
-267
-2837
-60
-1098
-1326
-3156
1147
-3542
994
-931
536
0
0
0
-81
2081
508
0
-1136
711
-1361
-162
-1907
551
-219
-1032
0
-3608
0
0
-769
-3301
919
0
1143
0
-46
3706
-915
-1903
-678
-2844
3550
1943
-902
549
0
132
-1391
-7239
1752
-1331
-711
-267
-927
0
0
0
0
-1131
632
-2744
925
-58
0
3730
-1303
-11175
-213
732
0
-1779
-3508
-175
-511
496
-2450
-448
394
28
865
-5323
641
472
-1442
224
-117
-1133
2196
0
-9992
-110
-1368
0
0
1336
-964
-604
-565
-84
-5185
-991
-1849
0
-1172
3667
-1899
588
54
-3105
699
105
-1332
-422
-274
-883
-2244
-726
-4412
3338
-905
0
-906
632
-640
-1474
0
0
0
-37
0
861
0
374
175
-2393
-1363
889
0
325
-526
0
0
0
948
-197
271
0
1440
-316
-40
-861
0
-687
127
-890
36
4529
-2568
5789
0
-3188
643
-2162
-63
0
18
127
2034
0
0
0
0
510
279
-126
3483
0
0
-1750
120
-1486
492
172
-5757
-46
0
-160
-2064
2037
152
247
-7081
-4868
-1939
-4371
790
-807
239
-4919
88
1459
405
0
0
1270
0
-1810
-44
4092
-2467
-480
504
-978
-63
-1102
252
-6195
0
26
-2928
0
-753
-2432
-193
-837
-1160
0
0
4015
1789
-2497
-3418
-1394
2708
1761
935
2232
254
-4660
-2874
-5348
1144
-1436
-836
4240
-2427
41
-329
-1397
0
2111
471
-2800
-1050
-16
-14
1670
30
-3300
-1400
-4203
-200
-2966
2393
-395
-1160
7504
1899
-503
425
958
-672
-1013
-598
400
-202
1644
453
-6956
-2942
0
-7131
-1486
-3874
0
-702
6073
1142
-199
1638
-1460
-4070
-2836
-3468
-144
3778
-427
183
2086
-440
-562
889
211
1262
-503
-92
95
-1524
-264
-205
3819
-35
0
-1732
2274
-383
-1622
-5500
0
0
-165
-3810
-3386
-180
572
0
2397
-550
-77
1400
-2800
-3502
-452
0
0
-165
1455
1632
0
-1689
-203
0
1545
0
-637
-521
-283
12
-3119
-3030
6229
0
372
-1472
-1343
0
0
330
22
620
0
1054
-3683
-756
3047
-69
-732
-2059
0
-388
-1355
-198
-703
-630
152
-4313
-680
60
-245
1256
1103
1341
141
-978
-3477
-340
-405
252
2124
1021
-123
428
2838
89
0
0
2472
1442
186
-184
-4191
2928
-16
-1824
-80
2978
-612
559
-3646
0
-1574
3828
0
1143
-3336
-2126
3937
39
0
-30
4138
-3982
-5247
180
713
366
777
0
-322
-34
1296
-1239
-2705
918
1070
-256
473
2540
-97
130
-682
0
1023
-462
485
-4366
51
21
-6189
-721
960
1134
-3624
-560
-2145
1824
-300
431
3240
-120
198
-1587
-3069
-186
1116
1575
437
-72
830
-907
-1741
-1067
0
-6536
-1300
-2615
0
-1566
-4977
-444
-1567
-60
-786
-42
-1844
-2974
-132
-4068
-312
-643
-2354
-806
-917
4607
-463
-815
-1294
-524
-51
-1471
-1397
-950
1707
-160
0
-2699
1415
-1305
-1467
-2464
0
0
-271
-3570
-552
-576
-92
0
-2449
-560
-44
-322
-2593
-1810
-160
0
0
2458
720
1705
0
1800
1151
-154
966
0
944
1651
-176
-390
-8059
1824
2875
0
-4984
-532
-686
0
0
530
-332
91
0
340
-1305
-1062
4126
-381
-678
-832
0
256
125
480
-2894
-1860
156
-1953
2298
612
0
-229
-3022
850
-1709
3453
