462
768
518
788
586
447
745
957
1479
338
569
832
710
525
801
776
662
360
605
1313
1032
421
356
1168
526
2070
648
1152
688
452
489
1223
771
366
603
816
630
461
1015
585
465
960
829
797
642
496
1260
503
1441
400
494
754
537
571
778
481
876
602
312
961
557
889
466
472
4424
490
490
496
475
853
716
684
505
652
653
781
567
643
621
946
920
663
359
847
840
467
824
691
473
448
595
548
692
771
824
905
1792
532
627
460
820
933
613
736
600
636
616
514
647
485
325
471
780
755
1091
654
634
1572
915
805
811
659
825
634
928
514
857
331
569
1214
960
643
610
591
680
531
644
517
3851
486
666
563
528
605
606
549
753
1041
610
398
561
476
1170
669
532
968
803
381
385
415
731
947
720
381
1337
593
513
1814
709
409
529
1259
891
852
1445
471
1511
1067
715
482
459
858
662
916
490
461
688
597
825
463
713
984
492
666
868
1368
911
485
481
885
907
905
430
589
1181
672
622
402
809
682
877
1868
505
622
527
379
666
721
432
635
1339
879
4107
480
1018
779
583
479
727
745
736
856
618
868
540
487
863
406
601
458
739
831
899
871
554
459
783
782
638
866
690
770
530
1194
602
845
2036
619
1134
372
494
2216
572
580
978
655
1406
750
729
890
428
741
1262
735
370
1876
949
587
868
614
967
619
966
1302
635
655
879
1037
1128
617
663
845
363
708
464
925
775
711
415
502
2043
740
475
941
475
1182
493
1519
717
278
713
471
579
302
605
1083
1593
1134
516
313
847
910
705
357
406
469
366
651
1714
634
815
620
687
513
620
704
728
409
467
741
591
785
606
433
444
519
511
1229
685
433
1179
432
529
749
721
565
587
584
509
1585
484
824
632
451
916
477
1124
400
604
812
627
688
519
976
594
587
629
459
431
686
401
727
564
530
645
1290
879
920
1126
647
519
449
326
1293
655
573
742
649
531
483
1383
891
685
1368
436
293
507
874
779
950
438
558
1180
512
838
702
466
710
510
795
963
1074
538
909
374
412
717
340
675
792
515
495
731
442
402
904
819
1160
519
765
976
619
369
904
565
669
412
607
521
617
934
1089
547
708
528
660
1073
1007
760
455
435
465
643
630
513
531
826
389
878
712
1045
500
1072
421
480
427
1196
536
489
636
