127
-122
-77
28
23
46
-34
-7
105
78
15
-93
-102
-66
36
-107
-22
-109
-78
-16
108
-24
-46
2
51
101
55
-14
-98
-7
105
-72
-35
-77
-127
-76
-127
-75
-10
-29
-116
-30
43
-127
-104
-35
-127
-8
-86
-97
-127
-25
-15
17
-66
-37
10
15
96
-36
-45
24
96
52
12
50
95
-65
-19
46
-109
-29
-47
38
19
-3
100
126
-27
-105
-81
-68
93
23
48
92
37
86
-71
-78
-42
41
-69
-127
-96
-120
67
120
79
-42
-87
-74
64
42
-59
-65
13
-83
87
21
37
85
21
30
12
-30
-43
-99
12
-127
36
-64
-125
-3
-100
-95
10
-12
-127
-46
-55
-59
84
29
-9
1
45
51
45
5
-123
3
22
57
-45
55
-1
-127
-46
-84
77
79
127
-85
81
12
-105
-127
80
17
-87
80
47
34
-16
53
127
-58
87
16
8
88
-65
-15
-48
-62
31
24
-55
-33
-87
-115
73
-127
-99
127
-63
-25
70
-25
-127
45
59
114
-41
-35
-69
-27
-60
-90
-118
-5
-62
-127
-126
-127
-116
-51
34
59
-54
-1
-95
-12
31
70
-36
12
-93
-8
-69
-34
-73
-61
2
118
-11
36
16
-11
-68
-18
-117
-25
-52
-127
-1
2
-34
-75
-44
-112
-83
-103
89
95
-102
24
-86
-127
-72
-2
10
100
52
-108
55
46
-127
-127
8
39
-76
-127
66
20
-61
-24
-117
-127
-117
127
50
-79
37
-127
77
52
-42
-49
63
12
7
102
15
-127
108
-83
87
-35
22
26
-121
-60
-104
12
5
-37
85
-70
-10
-121
-127
60
-8
38
89
-112
-98
-18
-47
101
127
-55
-42
-107
-18
-49
-7
-33
82
53
66
3
-13
-15
-33
57
43
46
-16
18
-105
11
7
-127
127
-87
37
-41
79
-37
-90
-59
125
26
61
-127
72
-21
-107
127
-127
-22
35
25
-28
-60
-127
107
10
-11
47
-2
55
-8
-64
44
0
47
-34
2
-53
-25
-36
-113
-124
-113
-70
57
90
3
-78
15
-74
-58
-22
-127
-51
-127
28
-13
64
24
-127
-127
-7
-125
-127
27
-27
-76
124
-87
-50
-16
10
-127
38
31
-127
106
-31
-77
127
-50
21
-127
-22
87
76
127
-26
-127
-31
-97
-23
-15
49
75
59
-23
-61
47
-44
-85
-15
-127
-88
2
-127
37
-124
-107
-47
57
45
-53
-66
-103
34
6
108
-120
13
-45
-86
-117
-57
60
110
-94
70
-20
-5
-27
-48
-111
-70
-90
-64
-60
-115
22
-127
-63
-9
-84
-127
-38
-16
-54
-64
-111
-96
-54
-6
-127
26
-94
17
44
-89
-78
35
-2
40
-85
-36
-119
-83
-31
-19
7
-18
45
79
-118
123
55
-6
-60
117
29
-60
-76
32
-127
-45
-35
-51
-72
-64
11
8
14
-81
13
-36
98
-37
-1
62
62
-1
-14
-78
-80
25
1
84
-74
-44
-17
6
127
24
-3
-15
-12
-15
87
-27
-45
-127
-8
-127
-77
-35
-103
-63
-127
98
-4
11
38
-102
-85
7
-58
-68
21
-64
-76
76
-103
127
-6
-80
-108
-68
127
-5
-28
-43
113
36
67
-8
-22
-53
-127
-25
-20
-94
-38
22
-19
-96
65
-121
-10
-33
-26
-69
14
-51
35
-119
0
30
-23
-127
7
-89
-28
-111
-2
-18
-33
-108
-50
-75
-127
-18
-53
-65
-29
-31
-25
29
49
-80
-127
-65
-15
-93
8
47
-54
-55
-123
29
-4
-9
44
-21
4
-55
34
50
-70
57
-31
10
-68
19
14
20
-39
-103
-69
94
93
-81
-19
-52
-56
-80
50
-102
-92
-116
85
-28
31
-115
-127
-30
50
7
7
-13
59
-127
36
1
-23
98
112
-73
-9
-121
-32
-1
-56
20
-127
-6
82
11
-8
-70
-99
23
71
-117
22
-35
-18
112
-124
1
-18
-93
-46
-58
-24
-86
-69
-2
-41
-28
85
33
-34
-27
-4
-66
-75
-14
-9
-124
36
-37
69
-32
-46
7
-64
-24
-42
21
-8
20
-15
-52
21
55
32
8
46
-104
-59
36
-9
20
18
1
49
-83
-43
8
23
-127
7
-15
-62
-58
-101
54
-6
33
4
63
95
-3
-31
-17
-127
-8
-86
-95
15
-60
0
127
26
4
58
-104
-26
-40
-127
6
-20
-26
45
-1
-21
-111
-1
101
26
13
-8
-5
7
55
-9
-36
43
23
-31
29
96
7
-52
-70
44
-110
-38
-45
-127
-105
-40
13
-81
126
-60
-56
-59
54
-4
8
25
-46
-75
-48
-5
-7
78
-48
-70
-4
5
-44
2
-32
-52
8
73
-50
-83
26
-4
-97
5
34
-127
-66
-26
97
-12
43
-87
-127
-33
37
-70
-22
4
7
-52
-52
-107
-47
17
44
15
-127
-127
70
42
-72
-19
1
79
0
24
-17
-9
21
-23
-122
-8
-102
127
0
-16
-88
-33
-60
-23
-29
-127
-9
57
-32
-102
109
-72
5
-94
-53
-98
-113
37
53
-37
-51
13
-98
11
10
-4
-17
100
-88
81
24
-82
6
-119
-38
-22
-50
-40
39
-82
-94
-21
21
46
118
29
-87
-91
-61
-29
80
-70
67
-92
-96
-127
32
15
11
-84
4
99
-9
-17
-10
41
-61
-64
-127
-127
-18
-61
50
-80
28
-7
31
-72
7
43
-104
43
-127
35
-127
-98
-39
26
-127
36
-102
-6
-69
-71
-79
-61
-91
-62
-101
-52
25
-127
35
-76
-111
64
15
5
-69
46
-24
45
-51
-127
75
-47
127
-118
-13
-17
-127
-76
-70
-60
9
6
25
73
-35
40
90
41
-28
-15
-31
-2
-11
9
-35
-31
14
-67
-124
13
-127
-99
-51
21
-6
47
-127
-79
-127
-82
-127
-102
123
-88
-36
-41
-127
-11
-73
-113
69
-127
-48
-23
-39
-63
17
-73
59
-81
-26
29
46
-23
89
16
40
-127
-8
13
6
-8
76
117
63
-44
-127
-26
-110
-91
-71
-85
62
-63
-54
27
-112
87
-91
-97
23
30
12
-81
-47
127
-7
-127
37
-72
-23
13
-127
28
-127
14
-27
-19
-127
-21
26
-127
-79
-22
18
-68
48
4
33
-45
-66
-2
-23
-127
-46
-9
127
39
-127
52
-60
-76
-36
-127
-9
-16
31
-74
-69
48
-16
118
-127
40
78
-52
19
3
-127
69
-126
58
97
-66
-77
-86
-61
-109
-93
45
111
3
5
124
25
58
-127
-101
-110
15
-47
-127
-23
-127
11
-7
-39
-39
-127
-126
-79
112
-100
1
-52
-22
5
15
49
-4
-26
-64
26
-34
-68
-57
-75
-14
-125
-11
-127
51
28
-23
45
59
-77
92
-91
44
8
-108
115
-62
-127
56
-108
-54
-75
-87
-5
9
-85
104
-48
-93
-72
15
-33
-56
-27
-44
-26
-91
-127
66
-54
-106
25
16
-25
25
127
49
-66
-12
-19
-127
90
24
51
-102
-36
112
-51
1
-97
-65
66
50
98
-11
-127
-4
-81
-102
-31
49
-28
-127
4
-45
-84
-68
-24
-1
-22
-127
-7
-66
29
-12
-94
-58
-127
-10
48
-20
-88
96
94
-12
-12
-53
-25
-126
-94
-114
-48
54
-11
38
2
-37
-39
-125
-30
-80
-25
-41
-25
82
-36
-21
33
-40
4
-35
-65
42
8
-127
-127
-39
49
-11
-75
93
-126
8
-81
-17
-86
-72
34
101
50
26
-127
-59
-96
-72
-47
43
-79
-16
56
20
44
-33
15
-125
-127
-8
-127
-49
-88
-126
-16
-1
-113
-56
-127
-53
28
-62
103
-44
-10
-19
105
-49
8
-22
-8
29
43
-4
10
-127
2
-99
-13
-8
-127
-24
-62
-63
-25
33
-6
-51
2
12
-79
-53
-53
-53
77
-127
-104
-7
-78
-100
-103
-38
-32
3
-7
106
-127
-36
-122
-53
-54
87
9
127
77
-127
-80
-95
123
-94
-56
117
98
-54
-34
-26
19
-60
-55
-27
-90
-23
-127
-102
-85
-71
-20
117
-67
50
-21
-127
-127
-54
87
33
66
-50
107
-64
17
45
127
35
110
0
-96
-31
-79
-114
3
-54
-127
-28
30
-45
-65
-30
-88
28
-127
-6
29
-44
127
114
-38
-36
68
-52
26
1
-36
-127
-127
-6
-77
-13
122
-117
-31
29
35
-23
-35
-11
-103
68
90
111
68
-27
127
105
70
-29
-50
127
127
-127
-115
-37
66
-127
72
5
56
-90
63
-78
-59
42
60
0
-93
-81
-114
9
17
51
72
36
-127
-97
-63
-70
56
8
-64
127
-37
-65
33
-2
-127
-76
70
-74
-11
-116
50
9
14
-10
2
127
65
116
25
-4
-10
-7
127
-36
-44
23
69
-91
-10
-44
-4
-58
-66
-106
36
-59
-127
-76
39
-113
8
88
-29
-82
-80
127
-77
-58
-66
1
62
50
3
-77
127
47
127
-127
-127
24
46
-29
-78
127
76
57
-127
116
-62
-35
-127
127
-78
-96
-5
-48
-38
96
-79
-9
127
50
-116
29
-98
73
71
-108
-127
127
85
-71
-76
127
-103
2
-93
-50
-7
34
10
-50
34
-7
127
-100
-47
30
25
-80
-127
-15
17
6
21
-7
-69
-20
59
2
-20
33
-27
-104
-91
70
39
-127
-3
-75
47
17
-127
-127
-113
-62
40
-13
-32
-34
-99
-48
-127
-90
-43
88
-7
-127
52
127
11
-97
55
47
-13
-127
127
52
92
-127
-37
80
-53
-48
-51
127
59
-123
-26
-40
-31
11
-26
-53
-73
-114
14
-28
19
-29
-46
-84
-127
-43
60
76
-58
38
34
-33
50
127
-87
-59
-5
-92
1
127
49
127
-4
-127
19
-93
1
-61
-127
72
-42
-43
-14
127
35
115
2
127
-127
-65
-86
108
-4
-127
-90
-32
-8
1
67
-27
13
73
127
-55
-61
45
75
23
-67
40
0
-53
-117
122
127
-34
43
-115
1
21
-83
67
16
-50
54
127
63
-80
53
-45
-69
-4
52
44
-127
34
102
-116
-26
-127
106
-110
-127
44
-49
53
-36
25
-23
72
127
-97
-127
-53
-89
-67
61
-1
47
-101
43
68
-29
20
119
91
62
-53
-23
-114
56
91
-59
-65
53
-96
-25
78
94
125
-69
1
-1
65
-87
-127
-127
-65
-96
-11
51
-110
-82
-6
72
79
93
-15
30
45
-13
-47
-106
23
-28
104
18
-97
-45
-127
-109
-68
-50
-93
-127
-127
-18
-127
29
-35
11
17
-69
49
10
42
-84
-59
85
-76
-66
-1
-42
59
20
-85
-127
85
-24
-127
-42
-76
-101
-26
-58
3
-86
-10
-62
63
-115
27
-75
-38
55
-22
-88
-70
-64
67
-6
-105
48
-127
8
-41
25
-42
-10
14
40
-57
-33
-33
-81
91
-72
-12
90
-61
-24
-127
-42
-127
86
-11
-95
50
-39
-36
11
-78
-127
-18
-123
10
68
-96
-4
-114
-74
-45
-69
16
-11
42
96
-127
54
-65
-106
15
-22
127
-34
57
2
127
26
-12
-8
-56
-20
11
12
122
79
57
32
-110
-80
-127
-17
-92
-127
-26
-73
22
-7
-92
-49
-127
-127
-34
-98
-34
-1
25
9
50
-69
79
-31
-90
-18
-84
45
1
-116
23
-3
-23
-3
-64
-32
-19
-36
-23
-127
40
-21
-110
8
-38
47
-99
-23
-102
105
8
-127
-47
0
30
-53
-43
-44
-48
0
-126
-36
-77
-9
50
-46
-127
-36
-29
54
-82
-23
-94
-79
127
68
-9
-70
42
-58
-40
-35
20
-31
-101
51
19
94
-115
-16
19
-28
-49
50
-10
-33
36
32
29
-22
53
-8
-40
-87
-127
14
-48
-42
-74
28
-62
-46
62
-78
54
-50
73
-78
-2
21
-23
-34
-44
-2
-82
13
78
87
-127
20
-34
-91
77
-17
-45
42
21
-20
58
-42
-55
37
-21
41
127
-78
-115
-127
-51
3
-105
-74
25
6
-68
-73
20
30
127
-11
-34
-127
14
-47
-34
-110
-16
-127
-45
-11
-86
-57
-61
32
-1
28
62
-14
-22
-44
78
83
-80
-43
32
-38
27
-16
104
26
-51
-8
-2
31
-6
0
127
-127
5
-127
-62
22
-112
-32
5
-17
-22
-35
26
6
5
78
-122
5
-4
30
-101
7
14
-93
75
-78
-2
-46
58
-3
-93
-77
15
57
-43
-84
-3
13
10
-68
-40
46
-70
15
-106
-100
6
-9
-59
55
-1
15
55
-32
-74
-5
11
-92
-68
-37
12
-94
77
-28
-29
-84
30
58
-111
-38
-23
-48
-117
48
-36
-19
-105
-30
5
19
-68
-11
7
101
26
-28
-127
-85
76
58
10
127
-127
-11
3
11
-82
67
-35
-23
-14
-50
-1
83
30
-2
20
-73
-37
74
-55
-11
6
-73
107
41
101
-26
127
-70
4
47
-67
0
-31
1
-80
-35
-52
-20
9
-97
-73
-33
92
-39
127
-32
41
-125
-50
4
-1
-127
-24
-127
0
-77
55
-61
-72
-18
-36
-22
0
-68
-7
-127
-127
10
-6
18
20
-2
-61
-127
4
-3
24
-7
16
0
-112
-7
-67
-5
-38
-16
47
-127
74
-32
-45
-36
0
-127
-77
-5
-91
8
-50
-58
-8
85
5
127
-98
8
-36
-48
127
-116
-53
-46
127
-127
-127
-99
6
-10
91
47
127
-17
-127
92
-45
-76
-47
-16
-127
-127
-28
42
23
31
34
-106
33
-68
-45
-77
-73
74
86
-11
-29
-10
28
-115
55
-42
49
-127
13
-77
127
72
-7
-123
11
-44
-127
6
-17
-127
-127
-127
-127
-127
-109
-87
93
-106
44
-23
-127
-87
23
-23
-61
-97
-30
-127
100
-74
-55
78
-127
14
-81
87
-111
16
-127
64
-46
50
12
37
-1
34
-127
-49
-17
-110
-66
-104
-16
39
65
9
-127
-127
-7
18
89
37
-38
-43
7
-74
-12
-127
-127
-77
-127
25
127
-57
-7
-12
-63
-118
-127
-8
127
127
127
98
-23
-77
19
127
-24
123
60
-2
65
51
-16
-16
3
99
-127
20
22
-13
-127
59
4
25
-65
127
8
-8
40
46
-107
127
-19
-44
35
-34
-67
-70
-124
-74
127
-14
-8
-125
-27
-76
-111
-20
28
-68
-4
18
-127
-98
-106
-71
-59
-51
38
37
-89
102
-7
-18
43
-43
-74
-124
94
-127
-113
37
-84
-127
-67
-84
-6
127
-31
-127
87
33
-91
-90
-14
12
-79
-28
-85
81
-92
-96
-55
-126
-127
-114
46
-19
-127
-127
-41
-74
-115
-84
-111
-127
-78
-36
19
-91
88
-8
-13
-122
-47
-114
3
-114
127
-25
110
38
127
101
-27
-32
51
-107
-75
36
-11
-82
-109
61
-32
7
-48
-37
-53
-20
-86
100
-90
-99
82
-75
-101
-20
-127
-9
74
3
-19
-111
-94
-109
25
56
-127
-4
-126
0
-104
31
-47
-127
-127
-87
-127
51
2
28
127
-40
-71
125
87
11
-17
27
-88
-87
-57
-35
59
-126
-109
-92
-127
15
-22
-4
-15
-70
62
-43
-8
-37
107
-93
-53
-104
-54
-127
-127
5
68
-127
2
101
35
-11
-64
10
-119
77
-127
46
-117
-19
-96
-40
29
-61
115
-127
-1
-127
-127
100
-74
98
-54
-40
-122
89
-39
-13
-75
-49
-34
-121
66
-36
16
-127
-105
-101
85
56
-46
-16
-8
41
-97
-125
-28
-108
-127
54
58
-69
34
33
-68
-73
-127
57
-55
-34
-118
18
-127
127
127
70
-127
-30
-47
127
-127
-127
-2
88
-37
-104
-6
-20
13
-90
-127
-127
113
-13
11
68
44
42
-40
-24
88
-19
-36
-127
-127
-20
-21
-127
-36
37
120
-62
-109
127
-2
127
82
-97
70
-127
-110
-75
46
74
-98
-9
-127
6
-20
4
18
-17
27
17
-24
-54
-82
71
53
19
-127
11
102
-83
-43
-108
-80
-69
-126
-48
-1
-34
-79
-61
123
-1
-26
-73
-52
2
104
44
-127
99
10
4
-60
-122
-101
-53
-52
111
82
25
-107
11
127
-61
-76
127
68
-114
41
-127
-46
-127
3
-6
38
5
83
-75
-127
19
-47
-54
60
100
-33
-39
38
-102
16
12
53
-6
5
-80
100
-72
-69
19
95
-35
120
-112
9
43
-9
127
-42
66
31
-1
13
-16
-4
32
-107
-127
-59
59
4
-60
-44
82
-68
-58
-102
-45
127
-46
-33
127
8
-75
-63
-127
-125
-22
-124
17
-89
-127
43
-52
127
32
-15
-69
-14
127
-32
-72
-127
100
34
26
-121
122
-33
-81
-11
30
-12
-46
-2
-127
0
-27
40
90
-25
-127
98
15
-127
83
93
127
57
-8
-114
70
41
26
19
43
10
-67
88
127
-1
-25
23
-98
-91
-75
15
127
105
26
127
-30
-65
-61
14
112
2
-127
-103
24
106
-81
-120
76
11
-58
108
39
80
-3
19
-127
93
-56
-67
44
48
-105
-94
56
127
-78
58
91
-72
37
48
-91
-113
64
-36
-48
-127
-123
-80
67
-83
-6
-127
-53
81
-22
-51
-48
-62
25
60
22
127
127
23
68
-103
-127
-123
-16
-36
-10
-112
26
118
-16
-107
-45
-117
84
-127
34
-20
-121
24
-49
33
-71
-64
60
-15
-74
32
-112
-88
-52
-83
-21
82
-127
-59
-109
-63
127
21
-127
38
-18
83
-127
88
58
-75
-81
-127
-78
-112
-51
-94
-127
-52
-67
-45
-45
-1
-55
-127
-34
127
35
-43
-99
66
-31
-118
-21
-12
7
123
73
28
-127
-69
-47
-37
38
30
41
11
40
1
-127
-34
-127
-92
-32
98
44
36
127
36
-74
35
-127
-30
-127
39
-92
-51
-47
127
6
-102
-127
-108
23
-66
92
-100
-45
21
91
-43
-126
82
-71
127
-127
-62
21
-127
-28
-127
-3
-103
127
2
24
-40
74
117
127
-12
127
80
-17
-127
-114
-42
-60
-89
-2
-30
16
-77
-35
-22
-71
-48
-48
28
-85
84
-74
127
-13
127
11
43
-32
18
-105
-102
71
-9
9
30
127
14
54
81
-46
-86
-7
100
-12
-100
3
-116
31
32
28
-18
97
101
35
127
127
-63
-12
-12
17
114
9
93
6
-92
-87
127
63
63
-75
127
-9
61
-53
-41
-43
127
8
-127
-114
-61
10
95
29
-22
69
96
-101
-48
-24
-96
105
-113
-115
76
-60
17
-98
-57
11
-127
-122
51
44
25
5
-54
-23
-127
-100
-71
-17
-127
-74
76
-127
-123
-51
-4
-90
10
28
97
-54
56
7
21
1
-16
71
61
-38
-26
7
-53
22
65
127
-127
102
37
15
-57
73
127
32
55
-28
-74
81
127
-127
-97
-18
-55
-120
89
-7
27
115
-59
17
-73
-122
59
54
41
-77
102
-51
-127
78
-52
-105
35
23
0
-13
-72
44
91
-72
-127
127
70
-74
-127
-71
96
18
-83
-39
-6
127
34
-103
37
-11
-2
13
-36
-21
-1
-119
-7
-85
-100
-99
37
82
-59
-35
-6
5
35
-66
35
-102
126
52
-75
41
38
-63
55
-14
60
-127
-57
-127
76
10
37
-30
24
-50
-37
-127
-122
-93
103
-64
127
-108
43
-56
11
79
101
-92
-17
72
12
-25
-6
-26
-105
9
-67
-37
-69
4
119
-10
6
65
16
8
-96
77
28
-73
-73
69
20
-41
-26
-43
-8
-30
57
-31
-99
-24
-82
-19
-5
41
27
-18
-42
-108
-23
-2
16
-26
-94
-127
-27
77
90
-21
-44
-33
-38
-127
-20
-76
-92
84
92
-127
2
-52
-2
7
-25
108
-80
-78
-3
127
104
-96
5
-127
-80
-70
-44
27
88
34
-68
56
-120
-44
21
45
8
-17
-16
12
91
73
114
3
101
-127
-67
44
11
18
-127
-6
-10
80
38
-127
-117
-127
-60
-53
85
-127
67
-21
127
-9
-50
86
99
-24
-113
124
123
-57
-2
-6
-18
-60
-76
-98
77
-105
-20
39
-65
18
108
-101
127
55
-25
-127
-96
-50
41
-89
-13
-115
2
-36
-13
-69
-12
47
43
-24
42
-127
-37
-13
-109
19
45
36
25
35
88
-70
-58
127
106
-50
-118
-127
12
-79
31
89
-50
-62
108
103
50
-30
57
-41
-14
-127
45
124
39
-52
32
36
62
-72
48
-27
57
-96
-94
-61
-58
-127
-127
-111
-28
-15
-127
-127
-42
36
-61
89
-47
-127
51
-21
-44
31
-40
-87
127
-65
-61
-81
-124
-63
-127
-40
6
10
-99
-127
-76
-13
47
-4
77
-60
-127
30
-80
-17
-79
-77
-15
27
-50
-17
-6
-81
-15
-28
-57
12
-46
-7
100
-57
-15
-41
89
23
8
-40
28
-85
53
-39
-91
-57
-57
-11
-33
-110
-125
-87
-40
-58
-88
-127
-80
-51
-110
95
-94
-105
-5
46
-38
28
3
40
-33
-118
-78
101
-17
-31
-127
104
-20
127
-31
-2
3
67
86
36
127
39
59
-113
-17
38
61
-24
-7
-90
25
-127
111
8
-88
-127
-51
-53
11
99
117
127
11
66
-81
-116
1
-49
2
15
60
7
-127
-42
41
-63
60
116
18
26
-30
-127
-127
127
56
34
54
-127
23
96
21
-18
67
113
82
-21
47
102
12
-21
15
5
-117
-69
-82
-32
-57
99
-36
-40
-27
113
-64
-100
127
-52
-97
-111
-112
88
60
37
77
-18
-127
-39
6
5
-22
19
-55
-64
-9
-127
29
-44
-1
10
-48
-41
14
24
-37
15
-36
100
-121
-58
-28
-71
-32
-32
-16
-28
98
-72
80
56
69
20
-32
3
3
54
-2
98
85
-127
14
63
-63
-102
54
-127
-53
19
50
-89
127
31
94
2
-17
44
-94
43
16
50
-35
-51
48
-7
33
-6
12
-49
122
25
-58
-23
-102
-9
103
-15
-31
63
-113
-54
-111
39
127
-75
3
21
-108
-84
-23
60
-123
127
-74
32
-20
-112
-64
11
-81
-104
-67
8
-47
-13
82
-28
-34
90
-127
76
-14
-9
-23
89
-127
-71
71
-60
-97
68
-57
-97
77
-35
123
-74
-90
-76
-37
-110
-76
-30
-35
104
127
-45
127
80
-96
91
-68
62
2
-112
-49
9
53
-31
-82
75
127
57
69
-46
84
91
-127
-20
44
127
-40
-69
-127
70
-8
127
120
-127
-20
-19
-14
-110
-127
-113
-83
64
7
2
-26
60
46
127
-4
-4
127
-91
97
-36
-83
42
-37
-87
76
113
84
-78
-92
-84
-56
31
-26
-38
-86
48
-76
127
-61
106
58
-78
45
-60
-29
-114
-67
6
42
26
-44
-127
-99
-127
-113
-50
-34
-17
97
18
-79
42
127
127
45
26
-79
36
-98
47
41
42
93
-12
-62
-51
127
107
97
-72
-18
-38
115
-5
34
63
-69
17
55
-12
13
-76
28
64
127
-127
67
-31
-127
73
69
-106
1
-90
50
111
-101
27
-38
62
51
-15
40
99
127
63
-44
124
-90
27
-8
98
-12
-115
-84
50
-12
65
24
55
85
-33
77
-54
127
4
-79
-64
127
-84
84
57
15
63
0
127
-95
-109
-105
-57
-51
-127
-5
57
-19
-79
-42
-4
-47
36
112
24
-89
127
11
36
-48
-96
-42
-44
98
-67
-127
-72
5
127
-127
-17
-92
11
20
-26
-8
61
18
61
-122
-2
72
18
114
72
27
-94
80
80
-27
35
-42
127
-67
-127
-95
69
-19
-18
-34
13
-81
-15
-38
-51
-118
30
-96
51
6
-92
-10
-14
4
-41
-71
-127
-89
2
-47
-80
-21
92
-127
-81
127
-3
67
-73
-78
-24
-23
4
127
-127
-19
-66
-3
-84
20
38
-91
-104
-1
-74
64
