0
0
0
0
28
0
2
13
0
0
10
9
16
0
0
0
14
3
0
7
25
0
0
0
1
2
0
0
0
0
0
0
0
0
13
2
16
23
2
0
20
0
2
19
17
70
6
0
0
2
0
1
0
0
0
0
0
0
0
0
7
9
0
0
5
0
7
0
0
0
0
1
0
2
8
0
0
9
0
0
0
0
0
0
0
0
0
14
52
44
4
3
0
8
2
0
0
11
10
1
10
0
0
0
0
0
11
0
12
0
26
10
0
3
0
2
6
0
0
0
6
3
26
14
0
0
5
9
0
0
0
0
0
0
0
3
39
0
5
0
0
91
0
0
0
0
0
0
23
0
15
11
0
6
0
5
4
12
0
0
2
0
34
0
0
0
0
22
0
0
0
0
1
0
0
11
1
6
0
3
4
0
0
0
20
0
9
0
2
0
5
7
3
0
10
8
8
4
43
6
6
0
12
0
7
2
0
0
7
53
0
0
0
2
7
0
0
0
0
1
0
2
0
0
46
14
0
0
0
0
0
0
0
0
4
15
0
0
4
0
0
0
0
44
0
11
0
0
16
5
10
27
29
33
0
0
3
18
10
0
4
17
5
0
0
16
0
10
6
8
7
0
20
13
0
33
0
0
0
0
17
0
0
0
0
0
0
19
2
1
0
0
17
0
10
0
9
0
4
0
2
15
12
0
1
0
0
0
0
0
13
0
0
0
21
0
0
0
0
0
0
31
0
0
9
3
0
0
2
0
0
5
6
0
0
5
0
0
2
0
9
51
0
0
0
2
7
0
0
0
0
0
9
0
29
5
0
38
20
7
0
46
1
0
0
15
0
5
0
18
0
0
6
0
0
0
16
0
1
0
11
0
0
14
13
0
9
0
60
0
22
0
0
3
0
2
0
9
18
21
5
8
0
8
0
0
0
31
0
0
0
0
0
6
25
15
11
3
0
0
0
29
0
0
0
0
4
0
0
0
0
10
5
6
6
2
0
0
2
0
0
4
5
11
0
0
9
0
1
26
2
0
0
6
8
1
6
23
0
18
5
62
0
0
0
15
0
11
0
7
12
0
0
1
0
0
0
8
0
0
8
0
10
0
11
0
1
6
0
0
0
0
17
0
0
0
8
0
0
17
31
2
0
14
11
0
0
6
0
0
0
0
0
18
11
7
0
22
51
0
20
0
0
8
0
83
3
0
0
0
0
1
0
0
0
0
0
0
0
0
0
14
2
4
5
0
5
0
0
9
0
1
0
9
10
0
0
5
0
0
0
4
17
0
0
0
0
0
5
0
4
0
0
0
27
0
0
0
6
17
0
0
0
0
0
0
11
18
7
0
1
0
0
3
0
0
8
0
0
0
2
3
0
0
0
3
0
9
24
18
0
0
7
1
0
3
20
33
0
4
0
32
0
0
0
0
5
0
0
8
7
0
0
2
0
10
4
14
16
0
0
0
13
39
0
0
0
0
0
0
0
0
1
0
0
13
0
7
0
5
14
0
7
9
13
0
4
1
18
0
5
0
3
0
18
8
0
13
35
3
6
74
12
0
7
9
1
0
0
0
0
0
0
0
7
0
0
0
0
1
25
15
0
0
37
0
2
11
10
0
0
0
0
0
0
0
0
0
4
0
0
0
0
0
7
8
0
0
1
4
8
0
0
74
0
52
4
0
0
10
8
0
0
62
0
2
0
1
4
0
7
0
0
0
0
0
0
0
0
4
0
0
0
0
6
0
0
19
4
0
0
0
17
0
8
0
79
0
2
15
2
15
6
0
0
0
0
0
0
0
41
0
0
21
0
0
12
0
27
31
0
6
0
0
5
10
0
0
2
0
12
5
0
83
7
0
0
0
0
0
0
0
0
3
0
6
7
18
0
0
0
0
15
13
24
5
0
0
0
4
0
1
2
0
0
0
0
7
0
0
0
0
1
0
0
0
12
12
2
0
11
0
17
11
13
0
3
1
0
11
0
86
0
3
10
2
0
0
0
0
5
0
0
8
0
0
0
19
0
0
10
0
0
6
18
0
0
8
0
0
0
0
11
0
0
0
0
36
0
0
0
0
6
0
1
0
0
0
0
0
31
0
9
11
8
0
9
0
0
0
2
0
0
6
0
0
0
0
1
0
5
0
0
0
4
15
0
11
0
7
0
0
0
0
64
0
0
9
0
0
34
0
30
8
11
17
4
13
0
0
24
5
20
32
0
0
0
5
14
25
0
0
0
0
3
0
0
20
0
0
0
32
0
0
8
7
1
16
117
0
20
0
0
32
0
0
6
9
0
0
0
1
0
0
0
13
0
0
0
0
7
0
0
5
5
0
9
13
0
0
15
0
0
0
0
0
0
5
0
0
0
9
10
0
5
0
0
11
0
0
6
0
0
0
32
0
0
0
0
7
2
0
0
0
0
0
12
0
6
11
0
0
0
3
0
68
0
1
14
1
6
3
4
0
28
0
0
9
53
0
4
0
1
0
0
3
0
0
0
7
0
0
0
0
0
0
0
32
49
0
0
0
0
4
0
19
4
14
0
0
8
0
0
0
0
0
0
8
0
0
0
18
1
0
0
15
10
8
0
6
2
0
13
0
18
0
11
30
7
0
5
28
6
0
22
0
0
4
0
16
6
12
12
0
7
0
0
0
0
0
0
0
29
0
7
0
0
0
0
1
0
9
0
3
0
0
10
27
0
0
0
13
17
0
11
0
33
0
4
0
0
10
15
0
3
0
15
5
15
0
9
0
0
0
0
0
12
0
0
6
0
0
0
0
0
0
0
6
8
0
7
0
0
25
7
45
0
0
0
0
0
0
0
0
13
0
0
19
0
0
0
0
17
0
8
86
16
2
1
2
2
15
13
0
0
0
0
1
0
0
0
0
0
0
0
0
18
0
0
0
0
0
0
0
8
7
19
1
2
0
0
1
0
29
0
9
0
0
6
0
0
0
11
0
0
10
7
0
0
26
0
0
6
10
0
3
0
0
7
0
0
0
0
0
36
0
2
4
0
0
0
0
4
0
0
0
10
2
2
0
11
0
27
9
13
0
13
0
0
22
0
66
0
3
4
2
0
5
0
0
5
0
0
8
0
0
0
40
0
0
1
0
0
8
0
25
0
0
0
0
0
27
3
9
0
0
0
14
8
0
0
11
0
6
3
14
23
6
0
26
0
0
14
9
0
0
10
0
2
0
2
0
0
6
0
0
15
5
0
2
0
0
0
0
0
15
0
11
20
13
32
0
47
0
0
0
0
6
0
0
0
11
0
0
7
4
2
9
0
0
12
28
23
0
0
0
0
2
0
6
0
12
0
0
0
0
0
0
0
0
0
0
0
0
5
1
38
20
0
0
20
0
0
33
33
77
6
4
0
3
0
1
0
0
27
0
0
0
0
1
0
0
0
3
5
0
8
0
0
0
18
1
0
2
8
0
0
0
0
0
0
4
0
0
0
0
0
3
22
0
0
0
0
0
0
0
0
0
0
0
0
34
0
0
0
0
11
0
12
0
0
0
3
3
0
0
6
0
0
21
6
3
0
0
0
11
5
9
0
20
0
0
0
0
0
3
0
35
0
55
0
0
0
0
0
1
0
0
0
67
7
0
0
1
0
0
4
12
0
0
1
0
0
0
0
0
0
0
0
0
0
0
1
0
0
0
1
6
0
5
30
0
0
20
20
0
16
0
3
0
5
0
1
0
21
0
0
0
4
8
6
0
12
5
7
15
25
0
0
33
0
0
0
0
7
21
0
0
0
1
6
8
0
0
0
0
0
0
0
0
0
0
0
0
0
2
0
0
4
0
0
0
9
0
0
0
0
5
0
0
10
0
0
0
0
33
6
43
0
12
18
45
0
0
0
1
0
0
51
29
7
0
0
12
0
0
0
0
0
0
0
0
0
0
4
0
0
19
0
0
0
0
17
0
8
116
68
0
0
9
2
15
26
0
0
0
0
10
27
0
4
0
1
32
51
0
0
0
13
0
0
0
0
0
17
6
0
0
2
0
0
2
2
0
7
5
0
0
0
11
0
0
0
59
0
7
7
0
0
0
21
0
9
4
32
5
0
0
0
0
0
0
1
0
0
3
0
5
0
0
0
0
0
0
8
0
5
9
0
0
11
2
0
14
13
0
13
0
51
26
0
0
13
3
5
2
0
8
0
0
5
5
0
8
0
0
0
5
0
0
0
0
0
7
0
21
0
3
0
0
0
0
0
0
0
0
0
11
0
0
0
38
7
5
4
12
0
16
0
6
0
4
5
11
0
0
3
0
0
0
2
0
0
6
0
0
0
0
0
0
5
20
12
28
28
15
0
11
17
7
3
0
51
0
0
0
0
8
24
0
6
0
0
0
0
27
1
12
0
0
0
0
16
0
0
0
0
0
0
0
0
5
0
1
1
5
0
17
0
0
0
0
0
0
0
0
0
13
0
0
20
0
5
0
0
0
5
4
0
7
0
1
0
0
0
0
0
0
0
0
8
0
0
3
5
0
1
0
0
21
10
0
0
1
0
0
0
19
0
0
0
4
1
0
0
0
0
0
0
0
1
0
0
0
5
0
0
0
0
8
0
0
8
0
0
0
12
0
10
15
0
0
4
3
0
0
7
0
28
36
3
3
0
0
0
11
0
9
0
0
8
0
0
0
0
3
0
0
0
0
0
0
0
0
0
8
0
0
0
2
0
0
0
0
13
0
4
11
34
0
0
0
0
0
0
0
0
10
0
0
0
0
1
0
0
0
0
6
0
5
11
0
23
0
14
0
15
0
0
0
5
35
0
0
20
0
0
11
0
16
6
0
12
25
7
3
0
0
0
9
0
0
0
0
7
9
0
0
0
1
0
7
0
0
9
0
0
0
0
0
0
0
0
0
0
10
0
0
4
0
0
0
0
0
27
0
0
0
9
2
10
0
0
55
0
0
1
0
0
0
0
0
0
0
0
10
0
0
0
0
7
0
0
0
16
0
0
0
0
0
0
9
15
0
0
0
5
19
0
0
0
0
17
0
9
16
121
0
4
0
2
15
4
0
0
0
0
0
0
0
0
3
0
0
0
0
0
0
0
0
0
0
0
0
0
4
0
0
2
0
0
0
0
0
5
19
0
0
0
0
4
0
0
0
0
17
7
0
0
14
15
3
0
7
12
1
0
0
0
0
0
5
0
0
35
0
0
4
0
22
0
0
0
0
1
0
7
0
3
0
11
11
0
15
13
0
11
0
8
9
9
13
0
3
0
2
0
0
0
0
5
0
0
8
0
0
0
0
0
0
0
0
0
5
0
6
0
0
0
0
11
46
3
0
0
0
0
4
0
0
0
0
0
2
4
13
0
0
17
4
0
2
0
0
0
0
0
5
0
0
2
0
0
6
0
0
0
0
8
4
1
0
20
17
0
15
0
11
2
0
50
0
0
0
0
0
0
5
0
0
76
0
31
0
6
18
4
13
14
39
2
7
19
0
0
0
0
0
0
0
13
0
0
0
0
0
0
20
12
14
0
0
0
0
2
0
0
14
0
0
20
0
0
33
0
0
5
0
1
0
0
1
0
0
0
0
0
0
0
1
6
17
3
2
5
0
5
0
0
11
0
9
0
0
14
0
0
0
0
0
0
0
26
0
32
0
0
21
0
0
1
0
0
0
1
0
0
29
13
5
0
19
0
0
0
1
12
14
11
10
0
8
0
3
0
0
3
0
7
0
4
3
0
0
0
0
5
9
0
0
3
0
35
0
33
3
0
0
0
0
0
0
0
0
0
0
0
0
0
0
0
3
3
0
0
0
3
14
26
0
0
0
6
7
0
5
11
0
0
0
0
0
1
11
55
15
0
8
0
6
0
0
49
25
15
0
11
0
0
0
5
0
11
0
22
0
0
0
12
6
6
0
12
0
7
0
0
0
47
16
0
0
29
0
7
7
0
4
0
1
4
7
0
0
0
19
0
8
0
0
0
0
12
0
11
0
1
5
4
0
0
0
15
59
19
0
0
3
16
0
9
0
0
34
17
0
2
0
0
0
0
10
0
12
0
12
0
23
35
0
7
0
31
1
4
9
0
0
0
0
15
0
5
0
8
0
57
19
27
0
0
0
17
0
10
0
0
4
14
5
2
15
0
0
0
0
0
0
17
0
0
0
14
1
0
0
29
9
5
4
17
0
17
0
8
6
0
16
2
0
0
8
0
47
5
0
36
0
0
0
0
0
0
28
0
12
7
0
0
26
9
2
0
0
0
4
0
0
0
7
0
0
0
0
21
0
0
4
0
7
0
0
2
0
0
0
4
13
2
0
11
4
14
8
13
0
3
0
0
0
0
15
1
3
0
2
0
4
0
4
5
0
0
8
0
0
0
23
2
0
1
0
0
8
0
25
0
0
0
35
0
0
4
5
0
0
0
0
15
0
0
0
0
6
0
5
0
1
0
0
8
0
4
7
0
0
2
0
4
0
2
0
0
6
0
0
15
0
0
0
5
0
19
5
0
15
0
11
0
0
0
0
0
0
0
0
0
8
6
0
