0
7
-1
5
2
-7
-6
8
1
19
15
3
5
0
-27
19
-3
-5
12
1
3
0
1
-8
-6
-21
2
-18
3
-3
10
-12
9
-7
-1
-4
-1
-12
10
0
-13
-11
8
-8
7
6
-18
8
10
-3
7
-13
-7
-11
9
4
6
1
-4
2
7
3
4
-10
11
-1
2
-13
-9
-6
12
-4
-22
-15
-4
2
14
-1
-22
5
16
-7
10
-27
5
-15
5
-4
3
2
0
0
19
-7
16
-14
0
-1
12
-7
2
-6
-6
-1
-4
12
14
9
4
1
1
-2
-6
-8
10
-20
7
-9
3
-14
4
-24
-2
-5
6
-12
2
11
16
-4
-4
-1
1
-18
13
7
-6
15
2
-17
12
13
-15
17
-3
9
12
5
-5
-4
7
13
-1
-7
0
1
-1
18
12
-23
10
-9
2
-10
1
-16
-2
-6
-1
8
-1
-13
0
7
-14
2
3
6
7
-13
5
-10
17
-11
21
-14
-11
-4
2
1
-6
10
-6
4
8
-4
4
-1
-7
-6
-3
15
10
13
5
-6
-10
5
-6
-9
5
-19
10
-2
-4
-13
-2
-21
3
-3
11
-12
10
4
0
-2
-6
5
-7
-3
-1
-5
-2
10
-5
1
17
-9
-17
15
-3
-11
7
-14
3
-6
-6
-6
-7
-6
8
-9
5
-11
12
-7
1
-2
16
0
2
-8
-11
3
-7
9
12
7
-5
-10
5
7
-6
-2
8
-16
-13
-3
5
-8
6
-19
-5
-7
7
-11
-6
4
4
-4
3
11
2
-13
3
1
-1
22
5
-6
-5
-1
-5
14
-14
8
6
1
-18
-3
5
5
1
-12
-1
-8
-12
0
1
-2
8
1
11
-11
3
-20
2
-2
-6
15
5
-12
-10
9
3
11
-7
18
6
-9
-10
0
25
-5
25
-12
-11
3
-9
8
-8
10
-5
7
2
-10
4
-15
-7
-3
-2
14
3
1
12
0
-15
7
2
-17
5
-11
7
-9
2
-5
7
-20
5
-11
12
-8
6
1
0
2
5
0
1
-12
-3
-3
-5
4
-3
-3
17
5
-15
9
1
-11
5
-6
-7
-6
-3
7
-2
-10
3
-11
4
2
6
-11
18
-11
-11
-11
2
-17
8
-8
-10
1
-3
-22
20
11
-33
12
14
3
10
-17
3
-16
10
-3
13
0
-6
6
4
11
15
-14
9
18
-19
13
8
-18
18
-1
0
43
10
-26
-4
-1
-10
31
-17
23
1
2
-27
12
18
-9
12
-18
-21
25
-21
13
3
-19
-12
4
21
4
10
-13
-12
-3
0
12
11
8
-14
0
17
7
-10
9
2
-5
-19
12
16
-4
14
-16
-12
-2
-8
-3
-17
18
5
4
17
10
7
-8
-6
-5
6
5
5
1
-13
-1
-4
4
-10
8
2
9
-6
2
4
9
3
0
3
-18
-15
14
0
-1
-3
-10
5
9
-18
0
7
11
-13
-9
14
7
-9
-12
-4
5
-7
9
2
-18
-13
-15
10
-8
-2
-8
7
0
2
-14
-2
3
