45
40
80
-4
46
76
-30
-61
-42
-73
-18
-16
-94
12
-37
-4
-32
-5
30
-21
35
29
69
4
-44
33
61
31
-7
51
18
-24
-119
6
-8
-6
-75
-127
-68
39
-34
-1
13
54
9
-28
54
12
6
-6
-17
36
66
38
53
28
68
62
-96
11
111
-34
32
25
58
14
52
-71
-42
-49
-1
51
75
46
23
-15
93
-6
14
-25
-10
21
-16
-65
-48
-12
17
-11
-1
0
44
92
-13
-27
-9
39
-35
25
-43
45
100
-59
5
-74
-5
-67
-37
-69
-80
16
-94
-29
-67
-66
38
-41
22
106
34
-66
-33
-21
49
-55
-7
-5
70
-8
-47
39
-16
-54
-127
-4
-6
-61
79
6
-27
13
-53
-16
36
-58
40
-86
-59
59
11
14
-78
84
-23
0
-14
-39
37
-54
74
108
12
-16
37
-39
75
62
58
-106
-13
41
-68
-22
57
-47
31
-25
9
-78
-67
-84
-99
-69
1
-55
15
-81
-93
-23
63
-14
9
-39
79
15
-32
68
-30
-21
-63
53
-45
12
-8
17
46
-109
-51
101
3
-2
43
37
-110
-29
-42
-21
23
48
-58
9
-40
-35
-7
23
26
68
-94
0
66
-2
13
-40
39
48
-4
-3
1
12
-18
-48
54
45
-115
7
-12
-39
-127
-81
-1
-70
0
-59
43
60
-39
70
-61
-3
-49
4
47
105
34
-28
-12
77
-1
37
3
50
9
10
-20
37
29
29
55
11
81
10
3
-65
-110
-79
24
0
25
-61
-64
45
20
-53
16
-56
20
6
4
49
-13
-47
-86
16
-11
3
52
-71
6
-67
56
0
46
27
-2
62
-18
53
88
77
9
22
38
18
14
-58
-35
9
44
16
-36
92
125
-81
-59
-32
-9
-19
19
74
-34
93
-46
127
13
-90
11
65
-11
47
-51
-24
36
-77
23
-42
3
15
54
15
-14
51
-11
71
15
44
1
-9
-33
3
86
-19
-39
13
-17
118
54
21
-7
-28
-29
-64
61
21
-51
72
46
-122
-39
-102
3
72
21
11
-9
-29
-31
16
0
47
-47
-24
99
28
20
-45
24
-29
-47
-51
52
66
71
23
-6
5
28
8
-25
-37
83
-12
-39
-2
111
-61
-34
23
-54
106
66
-119
64
-17
-15
32
108
25
9
48
-20
-20
22
127
7
88
-31
4
-18
8
20
52
53
-13
-35
-23
-28
19
4
-7
27
-2
-3
-22
-64
61
111
46
-31
-98
-76
-67
4
23
-93
-37
53
-48
-49
25
47
98
-26
38
-28
-49
41
-29
-25
-45
38
-3
75
20
9
67
14
-19
70
-65
-36
48
-3
26
-57
-48
37
0
44
-12
-5
-23
52
32
-49
-36
8
61
-6
-26
-23
-11
-4
-12
-43
22
25
-9
-31
-23
-1
-24
38
1
-20
29
0
20
25
-34
-10
-57
-2
11
-6
30
7
42
95
-30
49
12
-48
41
-6
-16
-62
0
5
24
32
-5
-33
37
-38
2
-13
5
-35
75
-67
127
22
38
27
1
62
32
-20
45
-17
-35
-60
-3
110
12
-28
-4
-6
-10
53
8
30
-20
44
28
11
2
-79
-57
-30
-71
70
48
9
48
-81
-38
-54
23
-72
-17
124
1
5
4
-23
13
-89
-54
-7
39
-58
20
-26
109
-50
-19
60
-66
-105
-36
-42
4
-25
-40
17
20
-37
61
-13
-49
-55
59
-16
54
-88
42
-62
12
-33
-52
81
24
-44
31
43
-10
47
3
127
-8
12
85
-42
-7
32
59
87
39
-57
69
87
35
-5
-1
-7
72
72
8
17
-68
92
-51
94
62
14
-17
-121
64
19
-28
-127
-75
-6
62
101
-57
35
58
-73
-45
48
60
-18
-51
-9
33
38
-33
8
-57
41
20
10
53
72
0
-38
-27
-38
-103
7
91
-72
77
4
38
15
-99
-11
37
-99
-65
68
-37
-57
16
-24
98
123
13
62
41
-36
63
-21
66
-43
58
-68
-75
17
21
77
87
-117
-12
-69
90
22
31
37
13
-34
-26
-97
-99
94
109
12
27
29
16
19
-50
28
-100
-38
33
-10
-5
0
-49
55
-36
-74
51
55
75
-15
-45
-14
-33
-36
19
15
-68
-2
33
-36
-100
98
-53
-35
-96
-3
48
-39
92
-16
-67
22
-44
-63
127
-50
-30
53
-65
-15
0
-36
-14
-24
-3
-113
59
-2
-16
22
40
58
-10
-58
-60
-29
-25
83
-64
23
-15
56
-27
63
-54
60
54
10
-17
-24
-16
-38
-44
-60
-51
-67
-27
76
26
7
-56
48
16
-35
-17
-37
15
56
43
-31
-17
-34
-78
20
-9
8
-50
-39
-30
-35
34
14
-46
46
-39
-33
46
59
-59
-84
-7
-71
44
-59
-30
116
-96
-60
-22
17
8
0
-4
-45
9
28
6
66
-21
21
6
-85
-73
28
25
-64
47
-43
63
-25
22
-53
29
65
-72
-23
99
-32
47
-15
-47
-4
44
73
37
94
-23
-42
81
-9
1
-20
-30
-24
-127
73
-56
-5
26
-80
48
-106
-16
58
-57
-27
70
-39
-37
68
2
-30
69
-76
-1
-6
43
-28
-73
31
-76
-35
-86
-73
71
30
-30
15
-53
-61
101
15
-8
27
-36
-28
10
81
34
-35
91
79
-47
17
-88
25
55
-24
77
-17
38
8
30
2
-11
-13
55
-25
-40
17
-77
58
42
-14
8
-33
27
22
20
53
29
26
4
-5
11
-29
-41
-27
-43
26
-76
-19
42
7
8
5
-5
76
-57
67
-9
-101
8
5
-10
59
-68
127
-13
-24
16
-40
72
32
-10
-11
50
-4
34
-18
45
-53
-37
-38
76
-53
45
-36
32
21
-35
74
8
19
-21
-66
42
-13
-54
-7
6
-87
-74
-116
-5
42
9
-22
53
-10
44
-69
76
98
27
3
-45
-8
-43
36
-83
-13
-69
-3
56
-127
8
-15
-64
-36
-109
-55
-83
-23
-18
-12
-27
0
-79
13
20
-24
-51
-61
9
-3
-24
-40
-14
-36
-21
-2
-34
-22
58
-44
8
52
28
-28
51
54
-23
-11
-19
-28
24
-43
-52
15
72
-100
-6
-28
33
-87
-65
-83
99
-55
43
-82
15
96
16
43
-5
35
-75
81
43
-13
27
-22
-80
-33
-14
54
-11
56
-28
-108
-1
-78
-66
-43
36
68
-73
-10
-41
-14
-44
35
5
-27
30
15
-13
85
62
-84
50
53
-107
-42
-98
71
48
81
6
24
21
35
17
-127
11
39
67
-38
43
-69
3
-3
66
-3
-2
-40
18
13
-34
60
9
101
71
59
0
85
-94
-54
-43
15
-13
26
21
-23
-73
5
11
-95
-1
5
43
59
-29
54
-37
5
-112
52
125
-5
-9
24
-7
-32
-102
6
17
80
-93
-64
-23
56
1
6
-39
47
-34
80
-61
-46
-41
-51
-1
31
48
-31
27
-62
-23
46
-127
84
82
-61
59
-101
-1
55
-70
-18
-67
-52
37
-106
15
-1
-63
-19
42
33
-40
2
-19
46
12
34
90
-54
-32
87
-36
-25
21
-48
-73
29
-59
37
95
-51
88
-44
-8
56
38
9
17
-48
4
-12
-57
-7
-86
-7
23
-20
11
2
40
97
-77
11
-30
27
23
40
-34
93
-17
82
-20
127
13
32
-17
1
-12
22
-69
48
-75
87
-79
23
-53
32
-30
1
-8
39
-10
42
52
-41
-40
-8
-14
11
40
-96
56
-2
29
56
-2
-20
-11
-27
54
-51
38
26
-45
-18
47
89
-21
-38
-32
59
-58
115
57
-19
11
53
55
65
-71
22
-2
-44
-103
-55
18
3
-22
-62
-40
27
6
83
-30
-19
-27
-2
-33
-4
-24
-41
43
-22
1
-16
-29
-57
-48
-89
20
75
-5
11
45
25
48
6
-41
35
-6
-40
-94
107
-11
-27
45
10
10
-20
1
42
-32
-37
-32
26
80
19
-7
52
39
-51
34
81
-14
10
22
-22
-56
-54
32
-17
-2
-101
-13
1
-57
75
36
47
-18
53
38
0
69
16
-45
46
-13
30
90
-38
7
-51
-20
95
13
-42
0
26
-33
127
35
24
-41
15
41
78
-32
47
13
47
10
9
-37
21
16
