-72
23
-127
49
-54
17
-22
84
-12
78
32
83
127
31
60
82
79
127
77
61
-64
94
-35
-14
-84
14
-127
30
-54
-49
69
-16
22
48
12
47
-127
33
58
76
-127
108
-92
29
87
120
-7
-48
-17
54
29
80
5
59
-76
-127
38
72
104
-65
127
64
-34
-32
33
73
-111
-127
93
107
66
-1
127
35
-12
-125
-76
-112
-94
-120
-127
108
52
-17
-36
-43
22
71
85
-60
-114
-59
-69
-71
127
88
-47
17
-101
-127
2
-6
32
-32
-33
-35
-110
0
-30
-5
-59
-127
90
-71
12
-3
15
-127
-29
20
50
-59
60
69
34
-127
77
103
-25
109
3
59
6
28
-127
-36
-46
-70
-124
92
-127
-71
53
-8
-1
-43
-127
-9
-112
-106
-32
-45
63
20
-13
61
95
-12
-4
-127
127
16
17
-70
-14
93
-25
-67
-127
-52
-97
90
49
18
79
-43
56
-93
127
-13
-127
-95
-96
-15
127
28
39
40
60
9
23
-68
-14
19
107
127
67
-56
122
-20
9
30
99
-19
-26
-42
127
91
-15
91
127
21
70
-6
83
-68
-2
-9
84
-100
-127
70
65
-13
27
-2
-13
-17
-6
-127
-100
-59
-37
36
17
-85
46
80
-4
-127
-61
88
101
-53
113
-101
-77
-127
127
49
-1
-64
115
122
87
14
-49
81
-105
33
-25
70
-127
64
-127
-45
31
-8
-29
24
91
95
35
-3
9
70
-116
-127
-94
70
5
38
-114
-66
-127
25
-58
95
-62
-106
-2
94
-127
102
-7
-62
3
-14
-105
43
6
-127
21
17
83
69
76
88
-64
73
127
-17
122
-127
-96
89
-11
-75
-44
10
89
-13
120
-26
127
69
-44
80
-109
127
126
37
-40
-5
-32
0
64
70
127
-30
16
56
-88
-35
18
-22
-127
-46
-93
-28
68
75
-16
33
127
-4
-73
60
33
-57
52
-42
-74
69
-127
-18
87
-70
-19
127
125
32
91
26
74
-4
-99
55
47
103
-127
-120
66
109
