9
5
3
0
0
0
0
20
0
0
0
0
11
6
0
0
18
0
0
13
0
0
0
23
0
0
0
30
13
0
0
0
21
4
0
10
0
3
0
0
0
5
0
0
0
14
0
0
43
0
0
0
0
0
65
0
0
16
0
8
0
0
0
3
127
1
5
0
4
5
0
13
0
20
11
8
0
9
0
0
0
0
0
1
0
12
16
3
5
0
9
0
10
0
13
0
0
0
0
9
0
14
0
0
0
6
0
4
0
6
3
5
0
0
0
19
8
0
0
9
0
0
0
0
0
7
13
0
8
0
0
11
0
6
0
3
0
0
0
9
3
17
12
36
3
0
0
16
0
0
10
31
42
0
24
10
15
1
1
0
0
0
0
0
1
0
0
12
0
0
0
0
0
0
34
13
87
13
6
0
5
0
0
0
0
9
9
0
23
0
0
0
0
8
0
0
14
0
7
7
0
4
0
0
0
0
0
0
0
0
0
0
0
2
1
0
0
9
0
0
26
0
91
0
0
19
0
0
0
3
0
0
8
1
15
9
2
0
49
0
20
5
0
0
13
0
18
15
0
12
0
16
6
0
0
14
15
0
0
3
0
0
0
0
0
0
0
0
0
17
0
3
8
4
0
0
43
28
0
6
0
17
0
3
0
0
0
0
0
0
0
0
0
0
21
0
0
0
7
23
0
0
0
0
1
17
11
0
15
0
0
0
0
0
0
0
0
75
15
0
0
52
0
0
0
0
0
0
0
0
4
3
0
25
0
0
3
0
0
0
0
22
4
0
0
0
25
3
50
8
0
0
0
0
0
0
5
2
0
40
0
21
7
4
0
9
0
4
0
17
0
3
0
6
0
9
7
5
6
0
9
5
19
13
0
0
7
0
3
0
4
2
0
0
0
0
0
14
3
0
0
0
0
15
0
0
0
0
0
0
5
3
32
0
23
13
3
0
11
0
20
1
0
0
0
2
0
0
0
0
0
1
0
2
0
0
41
0
0
0
0
22
0
14
0
0
5
0
11
0
0
0
0
0
0
4
0
0
14
0
5
0
25
11
0
2
35
0
0
0
0
0
0
3
0
5
28
0
0
9
4
0
3
5
0
0
0
20
0
0
0
0
31
6
0
0
0
0
1
0
31
0
0
0
0
0
0
0
0
0
0
0
22
4
0
3
0
7
51
0
0
0
0
0
13
13
21
0
0
0
0
0
0
0
0
0
0
0
0
6
0
0
0
2
0
7
5
0
4
5
0
13
0
20
0
8
0
14
0
19
0
0
0
23
10
6
16
3
5
0
9
0
46
0
0
0
0
0
0
9
0
14
0
0
0
0
0
2
0
6
3
6
0
1
0
19
8
7
0
0
0
0
0
0
0
7
13
0
9
0
0
15
0
6
9
3
0
0
0
9
0
11
11
0
3
0
0
65
0
0
10
31
20
3
18
2
0
1
1
0
0
23
0
0
0
0
0
18
0
0
0
21
0
0
49
0
16
2
6
0
0
0
0
0
0
9
9
0
0
0
35
0
0
7
19
0
9
0
6
7
14
0
0
0
0
0
0
0
0
0
21
0
22
8
1
0
0
0
0
0
12
0
1
0
0
14
0
0
8
3
0
0
5
39
15
0
0
0
0
0
15
5
0
0
0
0
0
0
37
0
0
10
6
11
0
0
15
0
0
3
0
0
0
8
1
0
0
0
0
9
0
4
0
4
0
7
0
28
0
10
9
17
0
0
0
0
0
0
9
0
0
0
0
0
21
0
0
0
0
0
0
0
0
0
0
0
0
0
15
0
0
0
0
0
7
0
0
0
6
0
0
0
3
0
0
0
0
2
0
0
0
3
0
0
0
0
2
0
0
37
0
0
0
0
0
0
0
0
0
0
0
0
0
0
0
0
0
0
0
22
0
12
7
0
8
14
0
0
0
13
0
3
2
0
0
5
0
5
6
0
9
5
19
10
11
0
0
0
0
0
5
2
0
0
0
5
0
8
3
0
24
0
0
16
0
0
0
0
9
0
5
0
0
0
0
0
3
0
0
0
9
3
0
0
0
9
0
0
0
9
0
2
0
2
0
26
0
0
0
1
0
22
0
0
0
0
0
0
0
0
0
0
0
0
0
0
12
0
5
0
5
0
0
0
0
2
35
0
0
0
50
0
0
3
28
5
35
0
0
9
1
22
3
0
0
0
0
20
0
0
18
0
0
6
0
0
0
0
0
0
0
0
0
13
0
0
0
0
0
0
2
0
20
4
0
30
0
0
20
1
0
27
0
0
0
14
0
0
0
0
9
0
0
1
0
9
0
11
0
14
0
0
0
1
0
0
5
0
4
5
0
14
0
20
0
8
0
0
25
3
1
0
0
6
21
0
16
3
5
1
9
0
39
0
0
0
0
0
10
9
0
14
0
0
0
0
8
5
16
12
3
9
0
5
0
19
8
0
0
0
0
14
22
0
0
8
13
0
7
21
26
0
0
10
10
8
0
0
0
9
10
14
10
0
3
0
0
35
0
0
10
31
0
0
18
0
20
1
1
0
0
0
0
0
2
1
0
26
0
0
0
0
37
0
0
0
19
9
6
0
15
0
0
0
0
9
9
0
0
0
0
0
4
0
0
0
0
0
7
7
0
4
0
0
0
0
0
0
0
0
3
19
0
6
1
0
0
12
0
0
14
0
0
0
0
19
6
0
5
3
44
0
9
19
15
13
7
0
1
0
18
1
4
0
5
0
0
12
0
0
0
13
6
18
7
0
15
0
0
3
0
0
0
6
13
0
0
0
0
4
0
0
0
4
0
7
2
28
0
7
0
17
0
0
0
0
0
0
0
0
0
35
0
0
21
0
0
0
3
0
0
0
0
0
1
4
0
0
15
0
0
0
0
0
0
0
0
0
6
0
14
0
15
0
0
0
0
0
0
0
0
5
0
37
0
10
10
0
0
10
2
0
1
0
0
0
0
12
0
8
0
0
0
0
0
0
0
14
0
1
0
23
7
0
8
9
0
0
0
5
0
3
0
0
0
10
0
5
6
0
9
6
19
13
0
0
2
6
0
0
0
2
0
0
24
8
0
10
0
0
62
0
0
13
0
0
0
0
0
0
5
0
0
0
0
4
5
0
4
0
80
3
0
0
0
9
0
0
0
11
0
2
0
2
0
0
0
0
0
0
0
22
7
14
0
0
4
11
0
0
31
0
0
0
0
0
0
0
14
0
6
0
13
7
0
2
35
0
0
0
57
0
0
3
0
5
0
0
0
9
9
0
3
0
0
0
0
20
0
0
0
0
1
6
0
0
0
0
0
25
0
5
0
2
0
0
0
0
0
0
0
0
21
4
0
10
36
7
0
0
0
22
0
0
0
14
10
0
70
0
2
0
0
7
68
4
0
0
0
0
0
0
0
2
0
0
5
0
4
5
0
13
0
20
22
8
0
9
0
0
0
0
0
9
11
1
16
3
5
0
9
0
45
4
0
0
0
0
0
9
0
14
0
0
0
6
0
0
5
1
3
7
0
0
21
19
8
13
0
2
0
0
0
0
2
3
13
0
8
0
0
6
0
9
2
7
0
0
0
9
9
17
10
36
3
0
0
0
0
0
10
31
49
0
18
0
0
1
1
0
12
3
0
0
8
0
0
16
0
0
0
0
0
9
0
10
0
0
6
0
5
0
0
0
0
9
9
0
40
0
0
0
0
0
0
85
14
0
7
7
9
4
0
0
0
0
0
0
0
0
0
0
0
0
1
0
0
0
35
0
0
0
15
0
0
16
0
0
10
3
27
0
8
0
16
10
2
0
0
7
18
0
0
0
0
0
0
14
0
0
0
16
6
0
0
0
15
0
0
3
0
0
0
0
96
0
16
0
31
13
0
0
43
4
0
6
0
28
29
7
0
17
0
0
0
0
0
0
0
0
0
0
0
0
21
0
0
0
9
0
0
0
0
0
1
0
0
0
15
0
0
0
0
0
0
0
0
97
0
0
2
3
0
0
0
0
0
7
0
0
0
0
0
0
0
0
0
0
5
0
0
69
6
0
13
0
0
6
0
0
0
0
0
0
0
0
0
0
0
0
0
17
7
6
10
9
1
4
0
0
0
3
0
0
0
9
0
5
6
0
9
5
19
0
0
0
0
2
3
0
37
2
0
0
0
13
0
6
3
0
11
0
0
0
0
0
0
0
0
0
5
14
0
0
18
1
5
0
0
0
0
4
0
0
0
0
0
0
1
4
8
0
0
2
0
0
0
0
0
13
7
22
0
0
0
6
5
0
0
0
0
0
13
0
0
0
0
0
15
0
5
0
0
3
0
2
35
0
0
0
0
0
0
3
0
5
52
0
0
9
2
21
3
22
0
0
0
20
0
0
0
0
0
6
0
0
0
0
3
0
0
22
0
0
0
35
0
0
0
0
0
0
17
4
0
0
0
0
0
0
0
0
0
0
0
13
0
0
0
0
0
0
0
0
0
0
0
0
0
0
0
0
0
1
0
3
5
0
4
5
0
15
0
20
16
8
0
19
0
0
53
0
0
0
0
0
16
3
5
5
9
0
79
0
0
0
0
0
0
9
2
14
0
0
0
0
6
4
0
0
3
7
0
2
0
19
8
0
0
0
0
0
0
7
0
3
13
0
3
7
9
0
0
8
0
6
0
0
0
9
0
14
11
0
3
0
0
0
0
0
10
31
0
1
15
0
0
1
1
0
0
2
0
0
25
0
0
27
0
0
0
0
0
0
0
0
0
6
6
0
0
0
0
0
0
9
9
0
0
0
0
0
13
0
14
0
19
0
5
7
3
3
0
0
0
0
0
0
0
0
10
25
0
3
1
0
15
0
0
0
4
29
0
0
0
15
30
0
0
3
0
0
7
0
17
0
0
0
0
1
19
0
0
6
0
0
0
0
0
2
0
17
6
0
5
0
15
0
0
3
0
0
0
4
35
0
0
0
0
3
0
0
32
4
0
2
0
28
2
9
0
17
0
0
0
0
34
0
0
0
0
0
0
0
21
0
0
0
0
0
0
30
0
0
0
0
0
0
15
0
0
0
0
0
3
0
0
0
0
0
0
0
0
0
0
0
0
0
0
0
0
0
0
0
0
0
0
0
0
28
2
13
0
0
5
0
0
0
0
0
0
0
0
0
0
0
4
0
0
10
0
8
7
0
0
7
0
0
0
17
0
3
18
0
0
5
0
5
6
0
9
9
19
3
6
0
0
4
12
0
7
2
0
5
0
1
4
0
2
0
0
0
0
1
0
0
0
0
1
0
5
8
0
0
0
1
5
0
0
0
0
4
0
0
0
0
0
0
0
5
0
1
0
2
0
17
0
4
0
0
0
22
12
0
0
4
1
0
0
0
0
0
0
0
0
0
0
0
14
0
5
0
0
0
0
2
35
0
0
0
0
0
0
3
33
5
0
0
0
9
17
0
3
0
0
0
0
20
0
0
19
0
26
6
0
0
0
0
0
0
0
1
0
8
0
0
0
0
12
0
0
0
19
4
0
23
0
0
48
14
0
0
0
0
0
14
10
0
0
0
7
0
0
8
0
0
0
0
0
11
0
0
0
2
0
0
5
0
4
5
0
15
0
20
0
8
0
0
19
0
4
0
0
10
19
0
16
3
5
18
9
0
55
4
0
0
0
0
0
9
65
14
0
4
0
5
10
3
0
12
3
9
0
4
0
19
8
44
0
0
0
16
0
23
0
8
13
0
8
12
0
18
0
10
3
9
0
0
0
9
0
13
15
0
3
0
18
0
0
0
10
31
0
22
31
0
0
1
1
0
1
12
0
0
2
0
0
27
0
0
0
0
0
0
0
0
0
9
6
0
9
0
0
0
0
9
9
0
0
0
1
0
4
0
0
0
4
0
3
7
0
1
0
7
0
0
0
10
0
0
12
0
4
6
1
0
0
0
0
0
19
0
0
0
0
19
0
0
7
3
42
0
8
0
17
7
2
0
2
0
20
0
0
0
0
0
11
11
1
0
0
11
6
46
15
0
15
0
0
3
0
0
0
13
0
0
0
19
2
11
0
0
0
4
0
5
0
28
0
6
0
17
0
0
0
0
0
0
0
14
0
0
0
0
21
0
0
0
5
0
0
3
0
0
1
0
5
0
15
0
0
0
0
0
0
0
0
0
11
0
0
0
0
0
0
0
0
18
56
0
17
6
0
0
0
0
0
0
0
11
0
0
4
0
4
0
0
19
0
0
0
0
0
0
0
0
13
8
0
0
0
22
7
0
8
0
0
0
0
0
0
3
0
18
0
9
0
5
6
0
9
6
19
9
0
0
0
0
4
2
0
2
0
0
24
0
10
3
4
0
10
0
10
0
0
0
0
0
57
0
5
0
0
0
0
14
6
0
2
0
0
3
0
0
0
0
23
0
5
6
0
1
0
2
0
0
0
20
0
7
0
22
7
3
0
5
4
46
0
0
6
0
0
0
0
0
0
0
14
0
5
0
0
2
0
2
35
0
0
0
0
0
0
3
0
5
8
0
0
9
