-16
19
-11
22
11
9
11
17
10
19
15
2
1
-13
-26
19
-12
2
-1
4
8
-4
-15
-22
-20
-31
10
-10
7
-1
3
-3
0
-4
-1
-2
13
-3
22
13
-20
-13
13
-13
0
-12
-14
17
-4
-13
-3
-5
5
-10
4
0
-1
-9
4
2
12
2
-20
2
2
-3
-1
-15
13
4
15
1
-32
-21
-4
5
-2
-14
-9
6
0
-7
-1
-19
16
-14
-7
-3
8
2
3
0
16
-4
-3
-14
-4
11
23
2
6
11
10
3
-21
-1
6
14
0
-6
7
0
-11
-12
1
-25
14
-9
-11
-24
-17
-33
-4
2
4
-11
-20
7
5
10
1
13
13
-5
23
1
-24
-4
-2
-6
1
9
-17
8
-8
-4
6
6
6
-5
-4
7
-10
-28
-9
18
5
16
0
-28
0
-2
-7
-5
16
-7
5
-9
-2
-1
3
-5
-7
2
-13
5
2
18
-3
-10
17
-13
6
-22
22
-22
-12
-5
6
9
-8
14
-15
11
6
-9
15
13
9
-2
-20
1
22
17
-15
-8
-6
2
-3
-6
3
-17
34
-8
-12
-16
-2
-39
-18
4
8
-2
-10
0
-2
8
-10
7
-1
5
0
-3
1
-6
-12
-6
2
-7
-16
-10
-4
-17
-2
-10
26
-8
-15
-10
-12
-28
-13
-15
-4
0
-3
-9
0
17
3
-6
15
0
-3
-2
-3
-6
7
0
-5
-19
1
0
3
-4
-6
-12
-3
15
-2
-18
-1
-39
5
-20
9
4
-27
0
-20
20
4
19
19
6
2
7
-16
-5
2
9
-27
-15
-4
-8
-39
-3
7
0
3
2
1
-6
1
-42
2
17
1
-2
-19
-1
-7
13
-8
6
14
-23
1
4
-9
6
9
3
-13
0
-3
3
-4
25
6
0
4
-3
11
-15
23
-19
-10
-3
-9
19
-10
8
-16
23
-16
-19
21
-9
-1
0
-16
-8
4
3
10
-6
-9
5
7
-30
-1
-7
35
-18
-12
-16
7
-25
-4
-21
16
10
-7
6
-11
12
-2
-2
10
-8
8
-3
-13
-13
-3
-5
28
-1
-15
-5
-2
-17
2
-14
8
-12
-16
4
-22
-29
-1
-12
10
6
7
-23
5
2
-24
-14
13
-3
13
-17
-7
-18
-14
-20
20
-7
-23
9
12
7
8
-27
17
-23
4
-7
5
-7
5
7
3
21
5
-16
-5
28
-16
-5
40
-13
8
0
-7
13
8
-4
-36
-10
-15
15
-9
32
9
16
-11
11
19
-1
27
-32
-21
31
-8
27
-18
-16
-10
21
4
8
16
-4
-13
-2
-7
-2
1
6
-18
3
25
-1
-2
2
1
-5
-11
5
9
-7
8
-24
-17
-16
-3
11
-25
23
9
22
-7
17
12
-5
-11
-6
-2
-6
-6
6
-25
-19
-2
-15
-16
-1
4
13
12
-8
-6
8
-1
-36
1
-24
-3
28
-29
2
-12
7
1
10
-31
4
-5
23
-18
-30
1
2
-15
-28
0
-8
-7
-6
21
-16
12
-25
9
-2
-12
-30
22
-10
17
3
-23
8
