-427
573
-310
239
1285
436
-1584
-946
121
-884
-303
-1634
-1861
-310
-3706
-1913
-752
-2371
768
-555
-174
-254
-543
-404
-746
674
1072
499
-452
-582
-1466
-628
1524
-3602
-1446
-547
-1258
-1317
209
-3032
-607
-176
-526
112
-2973
1090
-503
-1328
416
-1005
-1020
-1994
240
15
2583
-4610
368
678
-471
-4886
443
-806
-311
-72
-31
609
-544
-627
-410
-354
-1036
-936
814
-400
232
-1289
-16
1178
205
-744
-266
180
829
62
-1240
-861
-713
772
119
344
-151
-466
-1804
-1396
-2012
1008
-1260
-1065
-1265
-156
-1793
-732
-241
7
-1078
444
-496
73
-1902
-1516
240
325
-388
-738
564
209
-551
43
-1606
-70
-1699
388
-589
2915
-1300
-339
-2026
-191
670
-2451
-776
-994
7
-215
-28
-552
-1727
-738
-1471
41
239
-432
-328
-925
1096
-262
-3542
-722
-436
-740
-182
-1042
-1178
-190
-713
461
316
-1709
-22
-900
-1434
-875
-1065
222
241
-1048
-1551
-370
202
-1811
-5
-205
-312
633
-158
1724
-2
33
-1756
136
-577
-1766
0
-255
-527
-863
1125
-941
-635
-1470
-901
-255
