-9
1
-2
2
-8
-7
1
7
3
4
2
8
3
8
2
3
-2
-2
3
6
-1
2
-3
0
-5
5
2
8
2
5
4
-1
-5
10
8
2
-5
-5
2
8
-1
3
4
9
-7
8
4
-2
-10
-1
8
4
0
6
0
1
-5
3
3
12
-2
1
2
-2
-4
-1
5
3
-4
6
1
-1
-5
6
6
13
-9
-8
1
-2
-9
1
5
2
-4
7
0
4
-1
4
0
10
1
-1
1
0
1
-5
-3
2
-8
0
2
-1
-1
3
3
9
-7
-5
-6
1
-5
3
0
-2
-7
-4
5
5
1
3
3
8
-6
9
-1
-1
-7
7
0
1
-4
-3
4
6
-2
4
4
5
-3
10
1
-1
-6
4
6
3
-5
-3
1
7
-2
4
3
8
-4
8
1
-1
-9
5
0
-2
-8
-4
3
8
2
-1
0
10
1
9
0
0
-4
-1
2
8
-3
6
-3
2
-8
0
2
9
-2
-4
0
0
-7
-4
7
5
-1
3
-2
0
-4
3
2
10
-3
3
-1
-1
-10
5
5
4
-6
-5
0
12
1
4
3
12
5
10
6
-1
-5
-2
4
8
-4
4
-3
4
-9
2
3
8
-3
-4
1
0
-9
-3
4
6
-8
2
2
6
-5
6
5
9
-10
-2
1
2
-7
-1
5
5
-4
4
-1
3
-4
2
1
9
-9
0
-1
1
-9
-6
5
7
0
3
-3
2
-3
3
1
13
1
4
-1
-1
-5
-3
2
7
-7
6
-2
5
-1
7
4
10
-1
-3
2
2
0
1
1
3
-13
-3
2
6
4
0
4
14
-11
-5
-2
1
-10
2
5
3
-7
-6
2
9
-1
3
4
11
-7
7
1
1
0
-2
3
8
-8
3
-2
-1
-4
2
5
13
-4
-7
2
-1
0
-2
2
4
-9
4
0
5
-4
4
4
6
-5
-5
4
5
-2
0
2
2
0
5
-1
-5
-6
5
3
7
-1
-2
3
-2
-7
-2
4
6
-3
4
-2
3
-5
4
0
7
-5
-1
-3
4
-11
-7
-5
2
-4
0
-1
1
2
-3
8
8
-6
-8
10
-5
-11
2
3
-1
-8
-6
3
9
1
0
2
11
-6
7
-1
2
-7
4
4
1
-6
-5
3
5
-1
3
3
11
-8
6
-1
0
-10
2
4
1
-10
-6
2
9
0
1
4
10
-8
6
-1
1
-1
4
3
-1
-18
-4
6
3
2
1
9
15
-12
-2
1
-3
4
2
2
2
-12
-3
5
5
-1
1
2
12
-8
-7
0
0
0
-3
3
8
-4
2
-3
2
-1
0
1
16
-9
-9
-1
-4
-1
3
6
2
-17
-8
5
6
2
1
8
17
-14
-3
1
-1
-8
1
3
1
-7
-5
2
6
1
2
4
11
-7
6
0
1
-7
-1
1
4
-4
-2
0
5
0
3
0
9
0
5
0
2
-2
-1
2
5
0
2
-2
0
-6
2
1
7
0
4
1
1
-1
-6
5
10
-7
4
-2
-1
-4
3
5
15
-7
-9
0
-1
-4
-1
5
3
-10
2
2
5
-4
3
2
8
-10
-1
-4
0
4
-4
2
2
-13
-1
4
-2
-2
1
8
15
-13
-8
-3
-2
-10
-2
9
6
-2
3
-1
3
-9
0
0
10
-10
1
-1
0
1
1
-1
0
-13
-7
3
4
7
0
6
16
-5
0
-3
0
-10
-2
9
6
-2
3
-1
3
-9
0
0
10
-10
1
-1
0
-7
-4
-3
6
-3
2
-1
-3
-1
1
0
14
-2
-5
-5
3
-9
-5
9
4
2
4
-3
2
-2
5
3
13
-1
4
-1
-4
-10
-1
2
1
-5
-4
0
9
4
3
1
10
0
8
-1
2
-10
-3
-2
5
-2
11
-1
-1
-5
7
-3
10
-2
-6
-5
2
0
0
4
4
-4
-2
1
2
0
7
7
4
-5
6
5
3
-2
-4
2
2
-3
-2
-3
4
0
8
-1
7
2
7
0
3
-10
-1
7
7
-1
5
-2
2
-7
1
1
10
-7
2
0
-1
0
-1
3
0
-15
-4
6
4
3
3
9
12
-11
-1
-3
-2
-5
5
-1
5
-11
1
1
9
-1
6
2
9
-4
-5
1
5
-2
-10
-8
7
-4
2
0
-6
-3
1
4
13
-3
-9
-6
3
-1
0
1
0
-2
3
1
-1
2
2
2
7
-3
0
-4
1
-3
1
3
5
-3
3
-2
-1
-1
6
2
3
6
-1
0
1
-5
-2
4
7
1
2
-6
-4
-2
3
0
9
1
5
2
-2
-10
-2
9
6
-2
3
-1
3
-9
0
0
10
-10
1
-1
0
-2
-1
0
3
-13
0
2
3
4
0
3
14
-13
-6
-3
0
3
-2
-4
2
-10
6
2
-1
-3
7
3
7
-5
-8
1
5
-2
-4
-6
0
-6
3
-4
4
6
8
-5
3
4
-6
-6
12
-11
-3
7
4
-1
4
-1
5
-6
-2
-2
9
-6
1
-2
1
-1
-1
-10
19
-6
6
-5
-1
-10
8
-10
12
-6
-24
5
11
-1
3
6
2
-17
-8
5
6
2
1
8
17
-14
-3
1
-1
