-788
7445
2622
184
3209
-4641
-8446
6193
5451
6230
8198
-2859
-3976
-2037
-10063
3103
2466
844
2565
2434
2010
6506
4161
-5773
3962
-5977
-4486
-1289
5075
3168
-305
-4417
5332
-3778
2581
-7491
1626
-9884
-769
1402
-7276
-9922
4490
-9432
-2758
1809
-4710
-3970
8616
2562
-746
-9240
-3885
-2513
10945
3198
12560
6633
-8472
7922
7504
7229
-4227
-3086
6645
1247
5365
-14850
-4496
-3468
177
-1061
-15061
-12236
-2779
-3202
1357
-3002
-7262
-6285
11590
6
1436
-20734
3625
-5379
7952
-3204
10174
7257
-5991
7123
15838
45
4006
-6138
-377
1064
12888
-9428
3407
-4082
-8810
534
596
2505
7502
1065
-4313
-1427
6083
-10966
1216
-1065
1280
-14987
4531
-774
6120
-10505
11343
-7637
-6960
4497
6846
-3181
-5515
11671
10161
-1543
280
-5030
2766
-15126
1013
5879
-714
3919
759
-14660
139
7099
-3383
1754
2702
10867
2492
5922
-2676
2722
9249
9858
7626
2142
-5545
7287
1917
17112
1011
-12212
6176
-4877
5008
-12164
2968
-13268
-6696
-2489
3930
484
-1023
-12242
-6998
2814
-2420
-8082
5486
8599
-506
-9399
3704
-1971
16735
-8459
22988
-1985
-13301
5059
3919
5486
-10353
10721
-4290
4981
9401
-7066
5035
1025
-8953
-2176
1676
4052
5195
3262
-3778
-6898
-501
-6078
1292
-1515
-1624
-14603
6688
4571
330
-10059
7179
-5936
-3895
5445
10583
-2981
3
6940
-617
550
-1269
331
-2710
-1290
-6216
-1598
2916
1557
-3463
-4044
2764
-8755
-4508
666
2844
-3014
-765
-10453
2069
1744
-984
-4337
3709
2928
-645
2814
5954
-2639
1087
-1022
260
722
15506
-3660
3707
-5372
-10950
3217
-1543
611
6443
-395
-9773
-9637
8039
-5124
999
3459
-191
-11772
-7183
3467
7710
-5746
12219
-5031
-8863
3585
7797
-2771
-10327
6586
2065
-1463
5486
5336
3611
-10216
-4204
2074
3792
7775
2235
-8445
-9881
-3229
2302
240
-2482
10273
-1221
2798
-10497
3554
7437
3896
8788
-1046
-6607
3159
-5481
4906
-6192
2524
5241
2989
11987
-13385
3912
-17727
-4391
-194
-535
3961
2490
-11845
-12684
4128
7149
-2305
696
17301
-1223
-6308
-5874
5806
22821
-3880
25655
-937
-13269
8457
-3252
10334
-11925
11032
-3849
7486
5023
-12189
4799
-12164
-9082
-785
2571
3336
1380
-3849
-158
-2306
-2949
-4635
5159
-7186
-2066
-7434
4432
-1032
5173
-4094
12951
-5341
-2481
2092
10888
-276
-2518
4207
-774
3770
7541
-3667
2967
-9963
-7257
-303
-40
-1843
-2025
-6485
2732
1533
-3078
-3322
4386
-3236
-1694
-3015
-3491
1286
1557
5508
6708
48
-4031
1712
5408
6371
-2648
-4019
11515
-6852
-4959
-12733
3822
-14888
-1800
-3833
-4610
-3399
-2074
-17913
4811
5486
-13241
-1394
10845
6972
1291
-13027
2425
-6360
11756
-2643
17156
6142
-9838
9664
5418
12706
3359
-5974
5401
15806
-10483
6956
8009
-15464
3198
613
4126
19525
5629
-20204
-9312
-3211
-174
11485
-3936
20590
-4176
3699
-15853
15717
17572
-6653
16947
-4563
-19670
18729
-11981
14070
-4462
-9486
-8653
4744
19464
-953
9176
-10465
-11696
-312
4418
2298
5717
383
-14754
-1974
15149
-5185
-774
11091
-3630
-2383
-11019
15332
15968
-2827
18358
-3391
-13499
6055
-2762
3127
-17385
16600
2727
5062
16273
4391
7135
-5473
-8576
-1702
9668
-1508
2327
-4142
-14197
-3016
3294
-6846
-627
10649
-3270
9185
-3410
7486
6930
6691
10711
6222
-3783
-1146
-7495
14770
-6713
3187
-2772
-6190
7313
3250
-10674
1743
-2058
8035
-7627
-9097
7669
-409
-11702
-10936
3216
-6545
570
10736
-3382
-13853
-7548
-5166
11262
-6074
7195
1781
-1226
7097
4208
-4427
-7576
5613
