-1119
-10685
-6712
-4348
-3206
3203
4037
-10824
6318
-5734
5276
-5419
12324
-7473
6051
-847
-1719
-14767
-9366
4172
4776
-837
10183
-10499
4615
-10675
1552
-8956
1764
-3282
2121
1259
-5264
-3370
-5525
-1872
-1370
3030
698
-6585
8120
-293
5601
-3480
7127
-4644
6097
671
-4604
-5319
-4595
-7388
-6947
1467
-2260
-9534
10346
-5648
8203
-8325
5624
-2346
3115
-3971
-3145
-12560
-5296
942
5415
2161
10672
-10314
5316
-10097
-1175
-7903
4151
-3172
2731
2588
-438
-9143
44
-1174
13
6044
9172
-6970
129
-11044
15550
-7101
5753
5823
8841
5582
921
-5702
-697
2176
-1639
705
8150
-6257
1881
-11232
5977
-5761
-1484
-5401
1900
3318
637
-6413
-9834
-505
450
4169
704
-5453
6079
-4162
3786
-4707
8312
-2350
6484
-826
-5640
-8907
-3439
-2148
434
-1150
2780
-15977
10776
-9815
3492
-2487
4031
-563
7678
-656
465
-906
-1160
-3357
-5363
1648
286
-14334
10737
1341
2342
-4489
4801
1122
10495
2183
553
-681
-3597
-4143
218
4746
-3327
-5452
4331
-9297
3701
-3280
3183
-3992
-825
-4391
-713
-4524
-3288
-2566
7457
1704
1545
-4237
3769
-12371
625
-4187
11009
-10777
-5176
-1187
-3828
-11980
-5799
-2411
-4768
6957
1263
-7943
4730
-2398
4798
187
4419
3689
7684
141
-3594
692
-2105
-7675
798
4400
-3920
-6816
2897
-5047
7211
-5858
7820
-6045
-1582
-4427
-2409
-5088
-1547
-4646
5901
6741
77
-6991
-899
-12966
4295
1013
-2138
-6962
-4053
-1406
-960
-8998
-5088
-2522
-4675
5403
5683
-9567
6992
-7037
6057
-474
5320
3517
7252
149
-4207
-10315
-5743
-3632
-8034
4764
7971
-11528
8349
-10634
10490
-4467
8000
2302
6272
48
-2549
-9979
-4678
-5853
313
4170
7977
-11004
3876
-10914
5641
-2967
9923
-2982
979
-2903
-683
-17412
-7122
6738
-3989
-1556
23615
-8049
11685
-4671
1621
-9469
-2796
-214
14688
9627
-3158
-12600
-45
-4368
-714
-897
4517
-16400
13006
-7614
7124
-8337
4484
1912
14582
3428
-1014
-4395
-7116
-4487
-3596
5214
2386
-3550
7157
-6265
1753
-7805
3652
4285
10679
-4094
-996
-1988
-2399
-7499
1522
5595
-3063
-2965
42
-8491
1904
-4075
7901
-1958
-572
-4900
-1508
-4013
-3546
-3831
1118
5505
4550
-6227
4213
-9847
4913
-3421
9140
-6240
-2924
-827
-2512
-13439
-821
3032
-5208
2589
11265
-10172
8466
-6138
3856
-2265
4233
2531
8644
9311
1825
-14055
-4341
-1476
555
2272
11073
-10667
14283
-6209
775
-11734
3412
6353
18119
6508
-2406
119
-2
-4612
-1450
4731
-4840
-5420
4751
-7180
9808
-6773
4722
-414
3652
-1235
-5591
-775
526
-3714
-5183
4530
-1472
-5652
5453
-5311
8238
-2196
4432
-5456
-21
35
-1423
-2680
-1810
-1023
5145
4961
3245
-2252
2863
-7792
5932
-4474
10284
-3329
-5158
3836
-5561
-21706
-9412
8056
-9369
-5221
31641
-10571
17755
-4930
621
-13696
-7459
3233
23983
9194
444
-5140
-5221
-6508
-3373
4920
2767
-8799
4210
-5687
3836
-4431
5701
3671
7818
-4141
-2972
-4142
267
-3449
-2047
3669
-998
-4445
-2328
-7552
4111
-580
7695
-3725
-6091
-4902
4293
-6046
-6822
1188
9072
4082
769
-1644
-2020
-6398
1215
-4236
15266
-6747
-2981
1922
-975
-9349
-8265
107
3250
-1739
5441
-9304
6138
-4072
-1159
-3715
11210
-3236
4656
4357
-1048
-8273
-3302
-3104
-2477
-2839
6721
-19397
15259
-3388
5370
-7517
4577
-2273
16221
3278
-1744
-9529
92
-1926
-2608
4871
3627
-7721
6336
-8870
13368
-7233
5874
5513
8949
5931
-5498
-12913
-2128
-5725
-5626
6420
12058
-10670
1855
-7659
9331
-1105
10587
3051
1892
2935
3032
-9907
-7020
-3389
4599
8079
8100
-7382
-695
-8550
10347
-6864
11928
-201
2749
2661
1299
-10922
-8054
1426
-1865
8052
14105
-7392
-963
-6440
9415
-9183
1048
1443
4883
4932
-252
-14045
726
-3983
-6648
-2974
9921
-19149
16666
-6002
8568
-8127
4415
5043
22687
7925
