807
391
1075
453
1919
737
792
911
621
777
772
2331
801
557
768
1010
1094
1248
1636
1203
1407
380
594
870
669
991
685
602
667
856
1577
1183
463
598
432
690
1174
594
718
1198
738
708
1342
536
1149
673
853
528
729
283
726
402
790
880
490
673
692
748
826
614
542
2483
1143
712
1302
691
574
1333
612
725
917
591
715
686
450
493
697
919
621
597
1054
1152
873
658
558
561
1154
556
786
1673
795
1784
700
1042
758
749
948
552
976
468
851
660
369
847
695
549
670
993
1005
530
1074
553
509
590
958
963
1111
558
539
748
1291
605
516
1161
346
526
667
345
730
584
612
814
934
462
716
1133
612
1139
957
851
782
1599
521
631
599
840
650
889
523
519
528
580
493
1678
659
663
775
596
954
594
655
678
772
474
838
711
765
1074
879
1097
524
1670
539
722
1788
881
787
851
724
828
724
695
945
724
801
817
592
966
1175
1388
785
464
1036
600
700
661
357
781
694
913
528
571
447
783
659
955
879
649
958
954
536
613
406
540
1189
636
698
945
532
696
536
513
651
775
1044
800
450
892
620
648
555
638
1043
1102
1214
552
643
1030
891
818
554
537
2303
684
1702
496
928
395
1323
713
478
534
790
1145
810
706
767
1175
637
763
945
675
961
1247
1202
1005
2487
361
714
673
835
1163
1173
404
1253
691
1710
875
789
645
503
766
814
495
1018
546
646
826
