22309
32767
-32062
-32768
24523
-24177
32767
32767
-32768
32767
4996
-32768
-32768
-22253
32767
12686
-22240
32767
32767
7328
-32768
-32768
30820
32767
32767
27686
-5790
32767
-9162
-32768
32767
-11920
32767
13561
4020
-32768
23243
32767
-20921
-20759
-8145
32767
32767
-32768
-18610
-32768
-32768
23231
32767
-32768
32767
-32768
20571
-21021
-18420
-943
32767
20212
-31388
26201
32767
8741
32767
-12651
-32768
-32768
-6732
31925
9572
-29168
-9129
-30994
-26369
28217
-32768
-5297
16769
19687
-18499
-32768
