194
156
151
152
227
224
198
156
147
174
198
206
144
194
134
159
147
214
184
137
181
180
185
165
224
175
144
140
170
135
198
126
161
119
199
247
141
134
185
230
210
168
300
159
155
143
221
199
176
161
180
227
153
129
199
246
104
186
125
141
213
132
177
150
187
229
115
165
149
222
246
199
149
147
176
260
123
178
181
142
175
193
103
170
100
159
229
179
189
210
132
176
161
222
134
90
136
187
260
212
194
158
259
199
203
213
151
232
200
249
141
140
179
164
210
148
142
102
154
180
90
225
153
154
158
241
213
189
143
135
131
143
151
130
218
158
301
199
259
180
148
119
170
210
171
149
148
171
142
142
213
208
232
172
142
170
179
274
121
209
141
174
163
240
202
144
111
165
300
217
199
142
153
140
150
147
206
159
181
194
171
179
163
152
182
178
123
171
181
178
182
189
204
168
166
188
178
167
114
240
219
194
162
176
107
147
193
220
147
217
150
151
234
219
187
248
193
186
252
168
195
159
238
163
213
209
117
203
182
170
165
154
155
124
153
184
181
205
254
227
162
185
165
116
115
183
202
143
269
124
120
178
102
189
109
180
142
125
197
190
170
194
187
162
189
295
284
198
186
155
141
251
150
203
123
137
165
191
137
105
196
121
130
197
173
174
305
266
