4881
-8356
1246
-568
1008
72
-40
-3482
-5550
0
-3489
-110
-147
0
-3365
1909
-2450
-2661
-1787
798
5996
126
0
-4914
0
-5546
3223
446
1714
-5923
-3740
1794
3134
1755
-889
204
127
-352
461
-1145
112
1010
-762
2258
-5264
0
-3671
0
2404
-418
0
-3517
897
186
-3315
69
-882
-4302
175
-5629
-610
-1177
-2097
116
328
0
823
-4604
-3546
2244
-5470
5026
-1254
1912
92
-803
0
0
176
-405
180
3660
-652
681
0
36
43
0
1413
0
2930
0
2388
-1747
-2171
-230
2082
-3389
-7
-252
0
378
53
-2014
11
0
-2363
102
258
0
-3206
940
-1521
-2164
-2758
-157
1350
0
0
764
0
-1417
690
642
20
-1085
-1094
-1716
2075
871
266
111
0
-770
72
-188
0
-464
0
0
-3629
0
-2091
0
646
387
0
-1438
1172
224
-2284
0
-1144
-572
-3228
-1926
-1637
-1750
917
-610
60
0
1728
-2005
-2952
-245
-1688
-3005
0
1180
90
979
0
0
1342
-495
678
1590
975
1862
0
-684
0
0
-28
0
282
0
2524
-553
-1006
0
-282
-3895
-449
-381
0
0
503
-3542
-1036
0
-1821
0
890
0
-5954
464
-1921
-4517
-1488
-443
6401
-153
0
5611
0
-411
3481
914
1158
584
-2072
200
1993
1048
106
0
108
-3875
-140
-964
0
-204
0
84
-1171
0
-114
0
1581
1466
0
-3811
636
142
-79
23
-44
-2544
-2898
-1072
-1863
-2927
811
-2147
957
0
1136
-4654
-1798
-264
-1460
625
1332
4106
0
0
320
0
988
0
-300
1877
2383
1101
0
-31
56
0
116
0
1368
0
2336
87
-1587
0
2281
-5460
720
-120
0
-200
-1864
-3835
-1562
0
-737
0
-420
0
-3131
405
-1662
-1499
-2912
1925
7230
312
0
-1184
0
-2795
2023
1439
7
-5129
-1773
624
532
76
8
0
195
-517
2328
-2516
0
2006
0
308
-2080
0
-2159
0
3069
689
0
-3466
0
168
-3650
-348
-588
-2054
4046
-642
1510
-4294
-745
1380
-239
0
1496
-1115
-792
26
-3926
376
-2006
4367
522
0
0
0
1426
0
0
2121
827
2067
0
-676
127
0
-531
0
0
0
2516
-1097
1177
0
7081
-4540
780
-3225
0
2081
1051
-317
-2367
0
-1676
0
-774
0
-8023
1056
-2584
-2539
1868
434
3057
0
1016
419
0
-1045
868
214
-117
76
-3251
1265
4010
0
409
77
0
-269
28
-1586
0
252
0
0
-3055
-34
-2759
0
594
-1174
0
-976
127
51
-3205
140
-3089
-2040
-2832
0
-3646
-106
-92
-1264
-456
0
-1219
182
-4814
1902
-1742
396
0
1108
2503
216
0
0
-93
0
-33
145
679
91
0
0
108
0
-102
124
0
-140
3763
-671
-845
0
0
-2479
261
0
-910
0
-2432
-790
-3465
0
-1233
-24
-840
0
-728
530
445
65
320
-4326
2456
0
0
406
1044
-1884
3038
850
0
-765
-567
957
-2195
595
0
0
-5
-840
53
0
262
1059
383
3903
-4428
1524
-215
0
29
2134
0
-3241
264
1482
-700
-125
0
-701
396
-7961
-665
65
0
-264
364
0
272
-4359
-1232
372
-3994
-909
-7859
3920
0
0
0
0
-1060
-810
0
68
98
-25
0
-3602
-312
-784
2481
104
3874
-132
391
0
2987
-635
2454
-6980
1500
-1018
360
-550
-4032
-4374
-3706
0
-1793
-196
-409
100
-3802
1217
-918
-2638
-1549
-7
9019
252
0
240
42
-4310
2794
2057
1142
-4142
-2415
696
-927
-412
6
0
216
-2233
3249
-1690
0
2517
-318
808
-4320
0
-1364
0
3198
976
0
-4396
570
682
-1941
-609
-76
-4649
3983
10
-1218
-4738
-1262
1696
94
0
3501
-1519
-2414
298
-7800
-34
-2159
5085
0
0
0
0
-804
-195
49
2305
-2516
1788
381
-1047
483
0
1477
0
354
0
1205
-2632
1159
80
5273
-6725
1913
-2671
-396
804
-2048
-3726
-5069
0
-3679
0
1582
400
-8420
1113
-3032
-3420
-2877
1161
3919
96
635
3157
65
-6324
3194
6039
1632
-2540
-4643
-170
228
-439
-84
0
309
-3334
689
-3305
0
949
21
-586
-4001
254
-995
0
-1485
-1669
0
-3537
887
499
-2944
188
-594
-1762
569
-145
-3277
-2101
433
-2061
-389
0
1588
-848
-5914
49
-10209
-108
-90
3152
1994
0
315
0
-264
-335
-16
3772
-1723
-2860
0
-2111
337
0
1908
0
1088
0
2208
-4469
-319
127
4852
-7061
1887
-384
0
717
-3257
-1998
-2975
0
-871
0
-714
0
-2918
1741
-1651
-1277
-2848
-67
6787
453
0
-5279
0
-3469
2806
2635
-208
-7081
-1078
-1423
1971
48
94
0
71
-1001
1427
-2550
0
1188
0
-490
-3454
0
-1143
0
531
-1736
0
-4597
443
392
-485
0
0
-691
3136
356
393
-3066
-3405
1512
-82
0
1004
-126
-1227
149
-6394
-1388
-888
1554
-72
0
1143
0
3126
-99
40
2523
-4271
-205
0
-2667
-268
0
-656
0
828
0
1678
-2511
1129
0
5478
-8204
1952
1028
0
788
-1566
184
-4835
0
-3052
0
-2409
0
-2271
544
-2669
-1026
-1878
581
-1502
882
0
-7366
0
-5733
2962
331
2105
-4033
-3437
2016
271
-780
-329
290
0
-460
1154
-1959
116
258
0
385
-5221
-18
-2531
-273
1373
-1510
0
-2955
1620
175
-4751
-174
-1017
-1322
339
966
-1877
-340
-1211
-626
-443
0
-1465
1538
-3788
2795
-6228
-203
0
994
-152
-695
496
0
2705
126
-22
2862
-2982
-1932
0
1808
-208
0
114
0
1740
-630
2981
-3222
2194
0
0
-4684
0
0
0
0
0
-188
-5026
0
-580
0
-780
0
-819
390
-1143
0
1732
2618
-640
0
0
-1154
852
0
1812
2114
0
0
-767
1270
508
-2115
0
0
0
-644
2419
0
370
135
-13
466
-7747
-418
0
0
-934
-1025
0
-5487
272
192
0
-114
0
-1138
-607
360
-1016
-454
0
0
226
0
-221
2150
-760
596
-6900
-47
-11337
3646
0
0
0
0
552
0
0
0
-127
0
0
-969
-2835
889
2364
141
4309
54
312
0
0
-123
5534
-5053
-47
-1410
216
310
-2088
-5113
-5817
0
-412
0
762
1314
-3262
318
-851
-1998
-1268
2714
5918
-510
0
2654
728
-3480
2538
828
387
-4966
-3343
1230
-3533
-2070
-1012
0
1330
-924
590
-866
0
2012
0
1564
-1612
0
-824
0
225
-863
0
-5063
0
675
-954
0
-552
-3561
155
1392
-259
-2829
-356
-302
351
0
3566
-310
-2560
238
-3364
1770
-2905
3603
416
0
0
0
-479
9
762
3255
-391
3345
0
1270
-477
0
3463
104
923
0
858
-1132
843
-34
7655
-5810
-132
-1318
0
1210
-2111
-4495
-3932
112
-737
0
297
0
-5248
209
-3041
-3866
-1739
-294
2867
1163
0
2441
-58
-2071
1061
895
2861
-2471
-4371
-228
1833
0
373
1926
-1
-2176
375
-1543
0
128
0
0
-2004
938
-1046
-296
-759
-1069
0
-1220
138
0
-4332
0
-560
450
-531
0
-939
-1656
-1402
-1754
174
0
1467
-701
-2402
2531
-3815
-1697
0
512
1069
-556
0
0
503
-181
-149
1909
-1688
-1878
0
-57
0
0
3256
0
366
-1002
2990
-2936
368
0
924
-4390
-24
-1524
0
812
-1206
-595
-2388
0
-626
0
1968
0
-6758
901
-1415
-2318
1089
350
2009
141
0
4868
0
-576
4028
-592
245
804
-937
1244
742
32
94
72
0
-559
-470
-1103
0
0
0
635
-4393
0
-1062
0
1156
1649
0
-1773
487
0
317
0
-108
-2352
-167
0
-3170
62
2378
-127
-30
0
662
-1412
-4412
-103
-1207
-618
-750
2024
0
-172
0
0
-885
-39
-154
1665
1363
-52
0
-1319
0
0
238
0
438
0
1985
378
-649
0
0
-7620
0
0
0
0
-168
-528
-2921
0
-2575
0
-2730
0
-1806
0
-2286
-595
2860
4455
1040
0
0
-3286
0
-3213
2419
615
415
-1537
-381
10795
5588
-3795
0
0
0
0
2552
-1104
2156
0
0
0
-11176
0
-808
0
3192
0
0
-3120
3302
1056
-2457
-336
0
-1173
-1394
2112
-6350
0
-1736
0
155
0
-272
1008
-5985
1524
-4440
2560
-635
936
0
324
0
0
-1581
-2540
0
1305
0
0
0
4191
0
0
126
0
4200
0
1100
0
-903
0
3174
-5334
2366
404
135
242
-5656
-3342
-4352
0
-1808
0
-918
920
-28
234
-892
-135
-1560
2830
4468
400
0
-1710
0
-3985
645
689
3242
-4818
-879
339
-1093
-3387
-981
340
285
-381
4332
-1397
98
2800
-775
654
-3009
693
-238
1651
2257
-270
0
-4544
45
1171
-144
-348
-114
575
921
2336
-113
-2110
-885
1080
81
0
1756
1490
-1498
583
-6645
1011
-3397
1866
-32
0
0
0
1692
0
262
2063
-3971
-80
0
2159
-839
94
1837
-14
2534
-232
-355
-2643
242
-100
4613
-5277
2952
-492
702
3373
-4329
-246
-2495
1761
-4430
-1730
-4464
-80
-207
39
-2279
-1576
-676
175
-858
1650
0
-4183
0
-5541
461
479
2345
-6235
-3188
1032
1143
-107
329
2775
-11
-1505
2528
-1578
0
2486
-1540
495
-1500
-732
-3807
-605
977
0
0
-544
2019
241
-2597
-808
-381
-348
247
40
-1251
-1070
-1145
1404
720
0
-665
1172
-2243
4670
-6293
52
0
0
-112
-959
0
-869
241
81
446
4751
-6861
-1654
1524
0
0
940
2882
62
1584
-188
-173
-7673
2673
745
5485
-4760
573
120
-1320
1780
155
1007
-2390
0
-3268
-1008
37
160
-1809
1671
-686
-850
-2276
-115
831
0
0
-1580
210
-1706
4640
3592
-396
-123
-725
465
515
7263
0
645
0
-4650
740
-2133
-24
-812
49
362
-6744
310
-3249
-876
-419
1411
0
-5511
1228
68
-2503
280
-226
-159
-4815
-6486
-5161
-2500
556
-732
520
0
-738
-5860
-7446
776
-6096
710
3258
5502
0
2091
0
-110
5056
-171
-62
944
-2570
0
0
-212
203
-245
1332
0
2500
0
1806
-2685
567
-990
