433
2046
-1297
-4210
-734
-870
4231
-1578
-714
961
-799
2711
-321
-1041
1279
-4518
-1850
818
3330
-4629
3564
-1365
1597
178
2237
3105
-1574
-2862
-1386
-2610
583
-912
-83
-738
-1283
3466
-269
1253
960
1038
4898
-744
-860
-582
-1361
1777
1502
3382
-1550
2364
-3046
1446
2990
1138
339
-3008
-358
883
662
1667
-1784
3135
2064
3003
1208
-2026
-3664
-924
418
-1600
4457
2720
-3146
-3164
4711
-1127
424
2990
-926
5761
352
2340
-889
1176
1244
2235
6038
-2502
5308
-2019
-1495
-2257
-233
4056
-1286
563
-47
3299
-2210
-3925
2303
-2419
2533
-2928
618
2142
-3603
586
-900
-778
-493
-6229
-2448
-703
2024
-2903
1183
-717
-1702
-1830
1251
-61
-3714
-1042
22
-1041
507
-2398
-698
-1224
-2632
2305
-2575
3952
1136
3031
3021
589
-4572
-330
308
1078
1483
-1351
1156
1116
-4214
-66
2342
-561
1287
-3850
1465
257
-201
988
-1562
3922
572
1147
573
-440
-2530
220
-1214
-67
3447
1107
-2568
-4747
3023
-3506
-304
-32
-231
4017
501
-2396
2645
-1632
1839
3003
1087
-1934
3447
-1977
-1273
-281
-935
693
-2232
1922
560
2184
998
-34
2122
-1320
677
-1693
-695
524
-1530
1727
-2229
-1370
764
-3208
-110
855
-705
-1827
2106
-2369
-3212
-504
3167
-27
-539
-823
-2799
-456
-1398
-999
-1268
370
1584
1478
-1178
1811
24
339
2493
975
-2576
-1945
1806
-1318
-1180
-1570
-553
1477
-1355
64
558
1386
1831
-2484
-2180
-543
837
-1292
165
395
-1578
-100
1057
911
-2600
971
-864
-2093
4949
-1517
54
-2604
2460
-1823
-776
-1344
139
4132
118
215
1428
-340
2067
1056
-917
-1703
2260
-2115
-1398
-1881
-1367
294
-3472
-1225
858
3366
-1821
-5341
-452
-1339
4153
-3303
1741
1356
-630
2906
-1631
434
-764
-6293
-3544
842
3333
-3378
3987
-1043
-1079
-1164
46
402
-3585
612
284
-2476
5
-729
731
-423
-2754
1609
-1154
3593
1230
4526
3699
-908
-2615
-797
-1251
2491
384
-512
-40
1591
-4693
-329
2105
-1436
597
-3147
1061
1491
1467
-166
-3359
3770
714
868
472
-941
-2206
-108
85
-722
5313
4512
-3887
-3530
4419
-3949
1101
-989
496
4985
448
-1946
232
-330
1220
2677
2280
-3322
3464
-3300
-1568
-582
526
769
-2405
3183
-1883
1350
-1553
334
1915
-6892
1610
-4473
-3169
200
-2225
-3281
-5005
-1487
-2401
-3404
2881
-470
-611
-372
-1792
-2851
195
-1907
4360
660
1182
-5013
-793
360
-1448
-5098
-3343
-2688
-1995
-195
-3349
778
-3218
-1961
4758
5402
-4246
-1884
5521
-2587
-1739
2504
1564
503
-2652
1242
-2712
-1289
-875
-4530
-2403
-2049
-683
384
2274
1868
-136
-1000
-1717
-1206
562
419
-453
2120
873
-2378
1560
-2448
727
-2263
-1527
2004
-946
3228
-1935
-2230
3690
-1483
2480
3144
1245
-1870
567
-4499
-1969
1875
75
-3209
-2066
-3359
753
1316
2564
-2954
-1288
-257
3729
-2845
253
611
-28
2806
150
-2697
1623
-4223
-1221
1907
1332
-2710
3730
-2345
-789
696
-848
-1084
-1346
-1564
694
-4905
-761
1397
-1131
146
1951
1953
475
799
-648
1181
898
102
-2216
-620
269
626
786
1481
-1627
2123
-3877
-763
2782
1587
1404
-1667
684
1390
-1599
-867
-2134
1117
-27
220
1006
-1685
-4313
407
-7
-2345
2883
3902
-897
-2648
5561
-1138
-844
-1067
1813
3795
1085
3123
-872
-2133
758
650
2312
-2937
2982
-633
-2962
-3030
1950
2084
-2797
918
270
1426
310
-3100
1169
-1442
3488
-3037
-262
2210
-2299
1278
960
-822
138
-7032
-3919
1789
2850
-1449
3480
-1149
-3700
-682
-1285
-3253
-3651
2096
188
-1277
-1303
48
1994
429
-1451
713
-1832
3311
-394
4528
1482
72
-4289
548
-744
-696
1780
-2097
1405
322
-4257
-1306
1941
-120
4185
-2351
2784
160
374
-527
-3171
2418
314
-258
2187
1184
-3515
1183
-3238
-193
5604
3072
-2746
-3870
4248
-3110
-1812
-3661
-1092
3212
1708
-3347
1482
-1548
1701
3438
-1182
-3969
1634
-101
-1720
337
338
904
-1903
2780
501
808
-2350
-2379
-3170
-2531
3811
-1507
-654
-598
-135
1894
-1679
-930
569
-3569
-1957
862
3909
-2797
2068
-716
1698
-40
1209
1835
-123
-2249
-1956
-2337
-36
-735
956
1278
-1083
485
58
33
502
1470
4596
-781
796
-1304
-1332
-760
843
2103
87
480
-3066
1285
701
636
858
-1050
-681
-800
707
1328
-2263
3122
826
2658
927
-2268
-2383
-1658
-479
-1411
4915
2879
-2678
-2341
3328
-1610
964
306
-1964
4684
1505
-761
269
1913
1939
2373
3033
-2930
3541
-2735
-1628
-1385
-1112
3805
-891
1067
1804
2410
-1029
-2973
-207
-583
1909
-849
1800
568
-2010
1781
-497
-639
-292
-4271
-3367
937
1448
-2211
2573
-542
-1070
-1090
681
55
-3495
1188
-1711
-742
-412
913
1245
1450
-627
1787
-1159
2752
1445
3566
1156
-1670
-1915
-1831
-1211
524
453
-1983
-781
852
-2714
-671
1582
565
1705
-1139
19
1328
887
-108
-2919
3012
-764
703
2008
255
-2608
588
-249
-1444
4976
1307
-2499
-2559
2782
-2880
213
-2152
244
4277
855
-2103
1361
-49
1492
1594
-53
-2034
3040
-1807
-588
-1626
-1565
1998
-3293
2054
-79
3708
-849
-1615
1940
-45
-637
7
648
635
-3086
1985
-1591
-1914
868
-2460
-103
-1155
-6
-4302
-399
-2253
-966
-568
3054
3402
-2438
-2551
-673
-1660
1913
-2222
-2719
-620
3144
3103
-1241
764
2889
-825
3052
-885
-685
-2894
1452
1282
395
-990
-2051
1225
-1279
185
1956
1778
-1678
-2707
-3219
-766
832
1333
232
2624
-1143
1996
1095
286
-2474
-1061
391
-2316
-149
-2445
-1
-4240
2247
-1958
606
959
2299
4433
2461
1444
3615
-850
2970
-716
1733
-203
4956
-2228
374
-3660
-1590
2491
-4467
-939
625
1056
397
-525
-2207
-4511
2754
-2644
-877
-521
-425
495
-4793
-1365
646
-4097
599
1917
1945
-1452
581
-2847
1660
-1074
2590
482
775
-3262
-1937
-3618
-1973
-1715
-1850
200
1443
1257
-1039
705
-1187
-376
4238
1586
-1786
-4010
2425
-1851
-2171
1802
117
285
-2794
686
-1937
1128
94
-1924
-4227
-1135
647
-384
-1035
2557
-1349
308
774
-1369
-873
-874
-464
-1988
3853
910
325
-2254
2948
-2997
-317
-606
-199
5486
1246
-498
2199
-305
1670
1183
2066
-2981
3347
-5329
-3245
-1283
-913
275
-5254
-1374
110
1690
-62
-2423
-473
-3947
4284
-3953
-252
1133
-1925
1584
-1963
-1757
1683
-7035
-1892
1054
2998
-1377
2614
-1560
-2251
-1205
-272
-2706
-1467
-1517
-1086
-4073
-1665
-1342
-438
851
-654
1188
-1787
3008
-329
3581
2885
551
-3912
-956
348
-1849
865
-431
2093
540
-5237
240
952
1002
3106
-2484
1023
-870
-1187
-31
-2691
3038
-265
760
1372
-1479
-3658
335
-2542
-1683
6473
3289
-2263
-4670
4892
-3672
-1330
-2993
-653
4483
1847
-2588
1438
-1759
1837
3149
-161
-3818
2954
-1802
-3341
-1144
-649
1673
-2728
2055
-599
2527
531
-677
2171
-420
-243
-959
-593
845
-1690
1910
-2067
-308
488
-2602
306
758
120
-3535
874
-2637
-1986
-725
3439
2291
-1251
-1130
-1220
-594
319
-1353
-1159
-833
2288
2205
-744
1179
1287
-1163
3990
339
-1688
-3482
1625
356
-1519
-1531
-1347
1456
-825
88
160
1251
66
-2921
-4386
-749
2302
-854
714
1658
-1386
456
1016
936
-1555
-272
346
-2023
2506
-1424
-225
-2441
1821
-2285
584
-63
366
5072
1104
792
2058
14
1675
-241
496
-1067
3553
-4081
-257
-1912
-555
437
-4508
-1535
476
664
480
-2236
-1612
1104
3239
-1782
253
416
1704
5907
723
241
1551
-4041
-3829
2927
4635
-2512
5439
-449
-3043
884
-1311
-1322
-1165
2525
-916
-2082
10
2092
3305
2210
360
-786
1987
1338
1662
3257
3274
-1696
-17
-244
-2488
586
441
-2413
45
1104
-1904
-324
1389
548
3904
-850
377
-534
2839
-1901
-3330
983
673
790
1158
-831
-3141
-693
-777
-3217
8003
5793
-3426
-1749
4419
-1654
759
-3536
-1571
3885
2747
-681
-2908
1818
-48
1211
-559
-4398
2121
-2461
-1600
-593
528
2073
-252
3400
204
1268
-278
-1835
-1684
-5133
3079
-2713
-258
184
-919
-858
-4139
-443
-429
-5385
-413
1253
2365
-478
166
-2378
1047
-1662
565
-779
-1296
-1372
-320
-2648
-1572
-2188
-638
-535
-446
1342
-2386
1889
-1277
2069
3053
842
-2582
-2846
1943
-1276
-1271
1608
872
-796
-3549
-257
-2158
-487
-377
-1787
-2352
-105
671
-23
-2075
3609
-781
-238
1339
-527
314
-143
-1357
129
2380
1470
-382
-2810
2592
-3900
-747
-1590
89
3998
1313
-3330
2857
-1041
1787
2063
1391
-3060
2105
-3992
-2149
477
-143
-1382
-4357
237
1260
2280
603
-990
-1204
-2652
1749
-2460
156
-270
-870
-201
-4940
-753
-622
-3552
389
1685
-488
-2188
824
-3710
511
-1437
3069
1364
-293
-1401
-1602
-2727
-2493
-1328
-2172
-221
2052
1713
-1511
590
-1403
-219
3203
874
-1635
-4567
2359
-1063
-3231
678
-1150
786
-2779
-355
-1129
357
-955
-1881
-4496
150
1105
-1151
-661
2017
-2916
-452
1287
1296
-821
-96
-142
-1096
2517
-877
596
-1636
2356
-3649
534
-1071
1355
5513
19
-40
3895
-827
2733
620
1246
-1877
3003
-4660
-2444
-2589
-421
80
-7120
-2053
418
1491
-868
-4547
-2943
-480
4364
-2662
441
450
-612
1925
39
-1405
102
-4213
-2441
1307
3229
-4617
2570
-1402
1807
1
-225
1784
-1792
-1978
1104
-4268
489
766
158
-129
-362
1572
673
80
145
1015
3312
-664
-696
-1329
-1506
1458
1184
1992
-1180
1789
-4742
-141
2970
393
409
-1660
463
1062
-610
639
-2501
3482
588
2000
771
-2091
-3628
-1436
555
-1195
2325
4628
-2834
-2336
4606
-1970
1490
645
-48
5090
1102
1902
545
-455
1348
1486
4112
-2587
4266
-2488
-2331
-2757
1511
4062
-2530
1552
1393
1021
582
-1273
646
-53
581
1134
-240
1164
-1727
626
79
-830
995
-3214
-1863
994
2006
-1787
169
-1264
952
135
1317
736
-2358
320
-766
-387
289
-873
23
-543
1618
2990
-981
1255
954
488
1371
-706
-1147
-751
216
720
802
286
-1077
-504
70
-750
1044
1108
452
-949
-1572
214
1940
927
-1449
1807
156
1206
2613
1895
-838
-714
-2023
-1284
433
-1167
286
-2492
1616
-863
-1144
583
-156
2400
2553
529
2285
207
1378
356
2392
-1342
3181
-568
-484
-676
-1669
868
-3281
-182
-340
2439
-1303
-4824
1126
-4071
4458
-3999
-1149
2095
-2577
-691
-1052
-1083
-2094
-7814
-2793
684
3034
-2748
2005
-2296
-935
-974
576
-509
-4095
-731
1322
-714
-259
-2594
425
-2306
-3336
1696
-3145
3159
-1413
3340
3817
1791
-4839
364
1245
521
1674
1554
498
523
-5275
-1085
1538
-1939
1011
-4293
1790
990
515
717
-2291
4171
1453
168
1078
71
-1964
576
-2202
1871
2465
2299
-2088
-4684
4249
-3326
-1413
18
-744
4187
434
-2837
2799
-1612
2860
4475
2705
-4014
2393
-2013
-1511
1488
1306
-971
-2028
1338
-166
7074
3219
-438
9827
3015
-4981
1209
-619
588
-2361
4259
-1366
-3646
-1228
753
2262
-3783
-8104
-6067
2778
-5064
-10212
2955
7542
5442
-3249
-2363
-2059
4435
2864
-2239
-4855
-2513
5103
3320
-1785
2023
2938
-2534
1531
1218
-1558
-130
4659
2199
384
-3061
-7071
4557
475
-2066
5906
1165
-2531
-5484
-2872
2255
1515
-2093
5158
-3080
-2509
-282
-877
2579
-4512
3145
1943
-2767
-1390
-8666
2949
-5131
2241
1978
148
1761
5660
3052
-1620
7066
1241
-1185
6168
-1642
-1580
2172
2020
1448
4375
-4894
204
-1966
-1987
-4839
1376
1336
619
-2544
-1771
-1595
3313
-2306
-412
371
-421
-6
-2084
-1204
-397
-4037
-1207
1580
1026
-2548
1963
-2724
1034
4
1259
797
-823
-1217
-212
-2924
-1846
-559
-940
-570
423
1538
-845
370
-1783
666
2476
687
-1344
-1362
487
-251
-503
2315
-1020
827
-3637
-682
1360
-60
32
-1579
-711
965
94
-132
-1560
1712
-810
447
1244
664
-2068
-307
-1158
-402
1788
1302
-498
-1889
3425
-1934
44
56
372
4037
167
1297
2271
-741
2500
1732
2986
-2308
2646
-1706
-2522
-1993
703
1466
-4097
-689
1580
2176
599
-702
426
-1321
343
-1057
439
500
-2602
-977
-2746
-1711
-233
-3102
-135
761
-813
-2074
-1013
-2831
838
-1330
2704
908
-1424
-1071
-877
-1692
-1155
-1453
-2716
-749
2789
2670
-1614
676
-577
-874
1284
823
-2385
-3177
2581
-362
-1678
-301
-1163
289
-1407
-982
247
857
-645
-1529
-3236
143
319
-217
-302
1869
-2502
15
1798
2244
-948
-316
-1038
-995
-241
-2748
1726
-2222
1397
-2579
-378
-85
1596
3703
918
837
5092
-1681
2519
-35
1131
-724
3176
-2558
-2051
-2556
-1388
205
-6694
-1899
-1557
1847
-2153
-2511
-603
-3536
3042
-2525
-1377
74
-1946
1341
-1506
-2084
381
-4497
-545
-208
3173
-3863
340
-1825
184
-788
1516
1874
-1332
-3529
-503
-1796
1885
-2243
-464
-555
-17
1639
-741
222
816
232
5126
246
-1299
-1816
1222
-452
1041
1574
-180
900
-3125
857
558
717
182
-2751
-1744
-1104
-5
1097
-833
4150
813
2397
921
-2600
-2471
-1341
-119
-773
2559
1468
-1506
-4075
3563
-2184
393
842
-1086
5037
1976
-613
1621
274
2338
1936
2511
-2746
3956
-3530
-1210
-1234
-144
1962
-1299
460
-809
753
-840
-2906
-95
-4241
4391
-4463
-1462
2046
-2511
-1149
-1059
-878
-412
-7063
-1788
1600
3638
-1227
1030
-1587
199
-1626
-268
-2056
-1891
-1425
1243
-2892
-1567
-2252
-99
-1319
-2400
716
-2474
2215
-1946
2136
3443
2301
-4746
-513
1066
-993
977
1166
2467
-7
-4947
60
61
-625
2146
-3383
1360
-1094
-568
934
-2125
3624
1043
-47
793
-496
-1909
-127
-2626
1073
3174
3115
-1875
-3602
3666
-3556
-1875
-799
-1506
3728
1151
-3205
2842
-2205
1311
3827
1846
-3928
2284
-2408
-3062
1268
830
380
-2617
1146
1943
3332
3662
-1303
2604
-1142
547
-1344
-1118
34
-1075
1327
-2399
-4261
-1056
-2249
1037
542
-3651
-2992
3235
-4654
-2086
2032
4959
2153
-1333
-3983
-1540
-985
-1570
-656
-4106
-1277
2965
2428
-1860
1183
-1604
-1545
1192
3039
-2762
-1164
4078
175
-49
2468
-4845
3041
-2446
-1179
3011
1438
-1060
-3965
-1661
2070
-542
-680
1126
-1087
-1145
-1160
-322
42
-3969
2166
854
-2010
706
-2904
2392
-3220
4289
752
-2186
1591
3869
4265
-1379
5261
1091
-2210
3909
678
2860
-1517
2533
-477
-713
-3167
766
-420
-4297
-4030
1764
3445
4256
100
4200
2082
-2088
289
978
695
-1192
2803
-1110
-2174
1252
-1146
93
-865
-4416
-2527
2213
-2816
-6841
1474
2589
-286
-1532
305
-1659
-178
-598
499
-2742
79
4398
2280
-399
2532
1101
89
-1176
157
-2295
-421
1590
-137
-510
-3986
-2553
1967
-1183
-2487
4054
1698
1238
-1414
-894
1815
-262
-3005
1424
-2253
-3604
-619
857
2572
-3551
2034
-1112
-3588
1412
-3473
1819
-3004
2042
-75
34
-2467
3064
1782
56
4234
1316
-1992
3096
-1269
-3355
1041
1188
1446
-171
-4210
-631
-677
-3771
-1513
-574
-214
994
-1552
-116
-4784
3605
-2695
-2690
1552
-1642
-1382
-1359
-761
137
-6727
-1525
1961
3562
-699
627
-2276
-767
-498
35
-2449
-1520
-503
140
-1167
-1631
-1957
1162
-1145
-1049
1117
-2240
2117
-2373
1855
3252
1988
-4025
-413
1351
-2521
667
1274
1978
-1238
-3674
-1026
-778
-253
2829
-2100
-231
-625
739
-260
-1751
2873
334
-61
2308
736
-947
140
-4214
654
2964
1677
-558
-3412
2993
-2617
-2161
-1790
-2819
3208
2002
-2947
2652
-880
2051
3505
663
-3860
1342
-1871
-2394
1952
420
-1226
-2468
277
-906
6
-311
-903
-1493
-5685
4019
-3626
-2415
385
-1079
-1131
-2927
-1632
530
-5863
-125
1222
3382
-466
-276
-2426
487
-1056
136
-1934
153
-2230
-220
-2584
-1254
-3029
-617
-775
-233
566
-1773
525
-2351
996
3802
2028
-2794
-921
2480
-2835
-136
2417
2164
-1047
-3386
127
-1695
-168
1324
-1895
-1006
-1725
-336
219
-1407
2902
163
506
1438
-720
-663
-735
-3210
486
2490
1561
200
-3372
3104
-2752
-1663
-1082
-1829
3070
1992
-2548
2814
-861
2174
2989
1286
-3848
1569
-2595
-3321
895
112
-775
-2195
-33
38
3488
-112
-6336
-100
-2889
5528
-4156
-212
1411
-953
3774
-427
-2295
-851
-7887
-3875
580
3496
-4136
6318
-2314
-3725
1376
-451
-185
-4362
-2040
1139
-3584
-131
-569
803
-53
-2714
488
-2079
3706
334
5318
4049
413
-3063
981
-997
1018
3822
1421
-944
2118
-8025
-804
4407
-595
1628
-4622
3929
1400
-317
862
-3624
3377
1948
818
-144
-3035
-5733
1013
-929
-1031
5793
6024
-4482
-6266
7714
-2424
-925
-1828
1045
5509
1453
-1231
-769
-1701
3672
4514
2579
-5173
3326
-717
-771
-815
2377
2380
-437
3028
2447
1180
1639
-2351
-2194
-2405
2844
-1685
-84
-17
765
57
-3661
-1065
-733
-2654
244
2080
728
-1818
1882
-2551
4261
435
3146
2155
189
-3764
-477
-3680
-2421
-540
-2690
-1433
-66
2164
-797
1183
-1994
-1049
2642
2414
-1768
-2310
1599
1203
-1443
4476
-2121
1475
-2874
111
421
196
-1727
-2363
-2331
1732
366
255
-915
1222
1
-300
-696
-1513
-650
-378
1174
-1436
1037
1490
497
-791
2959
-918
-363
2793
1417
4504
-1117
3323
405
-851
701
894
6015
-1848
3282
-3853
-2863
-1092
542
-72
-4859
-2174
-567
-397
14
-345
-1221
-4441
2770
-904
-1606
362
-1670
375
-1244
-1599
2797
-5454
-941
1126
4652
-716
-1159
-1134
640
-1171
-379
-2085
-875
-1069
-1574
-1647
725
-1734
826
279
1406
2652
-684
1185
282
1272
2875
-437
-2273
-1459
1272
-2427
461
591
1789
-1671
-1004
-32
-1635
1739
2524
-240
-2489
-1373
485
50
-2032
3780
180
1964
3538
-876
-546
-1224
-3327
-1530
3174
979
132
-3630
2419
-2323
-1441
-1567
-2815
3074
4019
-2308
1799
485
800
1419
473
-3066
2870
-2489
-2568
396
-1974
-153
-2043
1226
-2032
223
-1628
-1565
-1221
-2235
2386
-668
-1558
405
-1001
358
-558
-67
2004
-3508
-360
-329
3956
-2951
-1328
-1051
774
-888
-344
1199
-645
-1186
31
-1262
2338
-2186
970
-996
566
2536
141
-509
1014
164
4176
-1666
242
-1034
-349
-630
602
1518
967
-827
-1183
453
-257
553
179
-382
-2295
-963
815
689
-756
3789
569
3188
2702
-547
-322
-2146
-1879
-121
528
1094
-1200
-2723
1634
-1885
1226
549
-2648
2820
2891
-652
1632
1435
1280
825
1925
-1299
2991
-1972
-890
-694
-269
1428
-535
974
486
1266
-1572
-2064
-331
-2544
2984
-2202
-447
1164
-3077
-1509
-1117
-1396
211
-5170
-1359
950
1990
-1598
-337
-1691
1989
-2118
939
-120
-1929
-850
-597
-1855
-854
-2099
-914
-768
-121
2731
-2150
701
-944
1099
2204
194
-2750
-1508
1182
-546
74
1532
556
-53
-2205
278
70
426
479
-1820
-751
-422
-297
1475
-1853
3522
-25
1079
2547
1194
-1420
-487
-1946
739
1510
-381
-475
-2801
2436
-3019
-1328
516
-395
3552
1067
-1613
4166
-1090
1784
2151
2689
-2258
3334
-1518
-2425
-1067
-1201
1625
-4026
27
-1946
3877
-2988
-3332
2808
-3095
2323
-3404
-1090
1490
-3153
-230
-2352
-1392
-742
-5231
291
-1930
976
-4054
-473
-2739
-1045
-1820
2526
2467
-2474
-2896
617
-594
1996
-5188
-2713
-3274
-974
3023
-2739
1194
480
426
5029
961
-2912
-544
2827
1224
518
1694
-128
1326
-2875
646
1325
-1153
-2021
-4735
-993
-536
91
1527
471
3772
796
1852
506
19
-1385
-583
-625
1491
-233
-1379
-647
-5066
2855
-2992
79
2649
771
3879
282
-601
3850
-1141
3341
2325
3241
-1530
3569
-2238
-696
-975
239
-266
-1833
-442
709
2619
3472
-1002
1960
1499
555
-1205
417
834
-594
4268
-241
-2416
2314
-3135
-797
845
-755
-2881
3482
-2871
-5141
1158
603
-940
-1603
93
-653
-2766
-239
675
-1594
589
4408
1918
251
1463
1185
872
609
-543
-1799
-772
943
200
189
-2306
-1993
1935
-1892
-1406
3131
2164
1760
-1796
-766
439
100
-2004
-613
-640
-1766
-8
1420
903
-4340
911
-993
-3723
3157
321
271
-3543
4380
-949
-659
-2738
2562
3143
2058
3128
164
-1729
2087
-661
-1230
-1719
2533
221
-1288
-3834
446
1143
-3386
89
-581
846
343
-2961
440
-407
3172
-1797
-1038
1997
-1415
1027
1044
-653
1234
-5807
-2254
1776
4020
-3265
634
-1990
162
-831
-773
-665
-2850
1374
1284
-1204
1506
-1058
956
-2077
1059
3505
-5
824
50
925
2892
-604
-2804
-121
607
1336
447
547
-160
92
-985
-1271
1090
-25
1550
-1736
-1073
483
1699
-608
-1963
3175
938
1362
3369
1647
-1099
-1109
-2426
-64
896
1797
-489
-2948
3243
-2233
-546
263
-1369
3144
2698
562
1772
-174
564
1065
2681
-2995
3215
-1814
-2270
-109
870
-374
-2558
1369
-1357
-2449
613
-690
321
2118
1725
537
-2064
2716
-1209
760
4638
1263
3188
-2765
-2152
2988
5362
-1509
231
944
2081
-433
-1537
-1006
-900
1823
1008
-797
971
905
3117
-947
226
2463
1448
-83
664
-867
1970
-950
-1425
444
-2415
920
1482
36
1570
-415
1573
646
378
1890
3790
-186
-322
-1449
1908
813
-1372
1766
2624
1730
3094
1268
-887
-1751
-2317
-620
1692
2691
-1875
-13
968
-152
-1159
1253
-4328
1432
2957
641
-790
1151
-2975
232
2672
-1700
2748
-495
-1449
1219
22
2620
-156
1385
-359
-1203
-1413
-4525
-1241
-1285
5685
-4014
-225
2748
-2560
-2946
3889
-35
-923
-6168
-3810
2405
3841
-23
1558
849
2578
-2285
-4080
-3784
-3368
1930
3052
-1977
-1393
1118
2687
-1195
-4922
1222
-1467
1474
-2926
3748
-693
431
-4838
1888
-1932
639
2393
1960
2452
171
-4181
-470
1313
-1295
3316
-1113
5567
1529
-2442
1308
-3864
3711
2718
-372
2052
121
-1951
830
-1952
3699
1758
5422
-3452
-672
2927
-2554
-2198
-242
-2198
1030
-786
-3243
926
-2494
-1614
4038
2633
-3149
698
1113
-2943
1960
2309
1622
-79
3510
-601
7056
2645
-1211
8866
2765
-3994
274
-635
348
-2614
3491
-994
-4470
-1543
399
2280
-4215
-8080
-6769
2103
-5390
-9614
2723
6549
5420
-3352
-2768
-1004
3745
3504
-2303
-5177
-2899
5228
3406
-1483
890
2275
-2694
1312
1074
-1430
245
4878
2133
725
-2132
-7145
4623
-435
-2436
6499
743
-2981
-5155
-2117
2626
177
-2003
5012
-2418
-2581
178
-624
2297
-4920
2777
1875
-1857
-2941
-8167
3124
-5331
2735
1822
617
2022
5865
2841
-1674
7631
2064
-1756
6738
-1473
-1130
2142
1994
1955
3729
-5641
1145
-1507
-1750
-4533
