-4535
-11210
-8929
-6428
-12814
-4155
-2397
-4335
-5926
-6537
-9362
-6487
-4774
-3338
-5377
-5716
-3914
-7627
-5095
-9513
-1888
-1306
-3425
-8445
-7917
-2841
-15852
-5017
-11039
-1221
-2953
-687
-2589
-9435
-845
-4883
-3041
-1932
-2778
-8972
-11392
-5292
-10264
-12931
-13602
-16385
-3925
-4596
-8905
-5369
-9832
-7980
-9078
-14038
-1010
-2992
-5876
-3962
-7311
-14781
-8214
-5359
-2530
-6950
-6760
-6146
-8937
-4951
-3400
-1710
-6453
-4663
-3844
-8662
-7252
-11035
-8900
-9792
-7046
-3167
-6368
-4053
-4611
-9081
-8404
-4296
-8236
-7514
-13450
-5051
-4981
-10124
-3503
-5359
-8298
-3272
-7553
-9284
-5430
-7555
-5023
-5795
-2708
-7800
-6966
-4848
-9950
-4179
-5772
-2036
-8956
-4555
-14760
-1302
-3639
-8598
-11625
-9211
-5147
-7908
-5580
-11350
-2840
-9793
-1956
-4055
-11759
-3156
-5880
-4562
-4116
-6075
-7964
-1400
-12827
-4191
-9857
-4205
-18504
-7045
-7455
-8059
-5141
-5294
-4261
-6217
-5748
-3383
-3784
-5206
-9654
-2816
-3435
-10631
-2726
-13554
-4507
-9001
-2079
-4004
-7697
-1862
-8763
-4416
-6084
-4570
-17297
-3012
-6121
-2717
-5561
-1877
-2842
-2448
-4156
-6605
-5217
-5444
-4258
-6249
-7221
-10206
-2872
-8215
-2681
-5142
-8050
-9362
-12141
-4466
-1663
-2426
-5028
-7961
-7035
-7201
-8287
-2406
-6768
-3471
-5220
-8152
-11887
-3997
-4677
-980
-4157
-5927
-6916
-7127
-10104
-11971
-6652
-6181
-3046
-7796
-5544
-8649
-5539
-5046
-3302
-11712
-265
-3239
-5256
-13402
-10584
-5868
-3736
-14196
-7769
-6213
-2564
-1882
-18282
-2901
-5559
-4158
-1030
-5708
-1179
-4762
-10466
-13032
-1023
-2235
-1968
-6501
-6620
-1861
-1988
-4168
-4924
-10588
-16322
-4108
-2934
-6213
-3092
-4018
-2257
-1644
-3600
-9953
-3726
-2114
-23926
-1506
-3433
-2261
-4695
-7882
-5144
-6420
-5596
-5862
-8166
-7124
-2599
-4182
-4547
-4242
-7290
-4306
-7805
-8801
-4220
-7977
-7225
-1350
-15111
-2404
-9201
-4778
-6561
-2414
-2234
-5707
-3575
-2917
-9370
-6437
-5239
-5672
-9274
-2380
-7043
-9760
-2223
-2994
-10400
-3172
-556
-4321
-1563
-6427
-1442
-3416
-5461
-2064
-2842
-7960
-9373
-7528
-10968
-6563
-7591
-5333
-7630
-8822
-4441
-3553
-3691
-4727
-4583
-5224
-3663
-3324
-1709
-2464
-6230
-13069
-7810
-5539
-3490
-3536
-2835
-11184
-4189
-11546
-3200
-9658
-4857
-1717
-6528
-1252
-11642
-4432
-5268
-5129
-4301
-5255
-3083
-9208
-4733
-3654
-5789
-6758
-8189
-4435
-1257
-10733
-11073
-8576
-4387
-6682
-2908
-7395
-11995
-8640
-11669
-5041
-11866
-3791
-4418
-1793
-6826
-3653
-2507
-11293
-10180
-2792
-16480
-3953
-3441
-534
-6640
-5830
-2984
-13506
-5788
-17331
-12103
-4981
-8173
-3214
-14159
-8367
-2699
-4443
-2193
-2935
-11819
-4304
-7040
-6537
-10779
-4103
-4093
-4959
-8105
-3078
-6053
-7893
-910
-4797
-7134
-3965
-5822
-10176
-4192
-4891
-9849
-5890
-10343
-2730
-4773
-6652
-13926
-1726
-12154
-15158
-3831
-3989
-5150
-10560
-11068
-7887
-3003
-6726
-10543
-3941
-3807
-5113
-8297
-5152
-1739
-4810
-5184
-8555
-2784
-8661
-3651
-6148
-9294
-2251
-6758
-5157
-4239
-5023
-5983
-3313
-4026
-4799
-7685
-6363
-4442
-11079
-9050
-2928
-7461
-11835
-3669
-4941
-3650
-6390
-3607
-3132
-3516
-2562
-8040
-5893
-3958
-6630
-8179
-5655
-4644
-3337
-5163
-11251
-3711
-15766
-5550
-8034
-11090
-9452
615
-8117
-1584
-10270
-3985
-8812
-7742
-7277
-9109
-4470
-5549
-7159
-2493
-7692
-5391
-2132
-11905
-3844
-7198
-5782
-1919
-13660
-8017
-2480
-5222
-6019
-4409
-4416
-9683
-3203
-5394
-5294
-8845
-4155
-3784
-4541
-5481
-5394
-10257
-8365
-9015
-4239
-8759
-4032
-992
-1169
-8784
-6025
-3470
-7414
-5891
-4643
-4237
-12884
-8635
-1554
-2379
-4590
-366
-4885
-6928
-1559
-12475
-8747
-6440
-9757
-6917
-12070
-10812
-5270
-3263
-8325
-5296
-9347
-3084
-3562
-2835
-4439
-6268
-4476
-20360
-5327
-6481
-17721
-11456
-5698
-4072
-4332
-8405
-2247
-7094
-5802
-3973
-5038
-5687
-2876
-12042
-5344
-3807
-4813
-10767
-3251
-11240
-5792
-13714
-7789
-6900
-2897
-7210
-2908
-7213
-5407
-5247
-9680
-5295
-6976
-9999
-5791
-3104
-7983
-7630
-6075
-8539
-4580
-2674
-3251
-5764
-1844
-6350
-3257
-3334
333
-9309
-3843
