33
-2
-35
-8
6
-18
3
12
-7
2
-14
-4
-50
-19
-10
25
20
14
14
2
20
25
-11
-3
21
-15
3
2
5
1
12
67
-22
-36
20
16
-12
22
25
19
-16
33
14
0
33
-15
-5
8
-11
-30
17
-13
-30
-24
-16
-19
-11
13
17
0
-16
-13
-10
19
-27
28
-1
25
4
-25
27
-9
10
-26
4
14
26
-4
-30
27
-7
-6
8
13
12
-31
26
19
-25
16
3
-5
-8
28
26
-21
4
24
-15
-11
-20
1
5
7
19
-2
-20
32
27
-16
3
22
23
-4
15
-9
-8
4
-11
-16
-21
6
-7
-29
-15
-7
-21
-26
-9
16
8
15
8
-12
9
-14
-12
12
25
-42
-10
11
-6
-1
24
-13
29
-10
-7
36
-41
22
7
-7
-13
-17
-14
-29
11
8
5
11
7
-4
21
-25
24
15
2
16
-3
18
-8
-13
-13
18
-16
-3
2
-3
0
9
-49
-12
0
-2
9
-21
13
29
9
13
19
-19
-20
-16
5
7
-2
-9
-24
-1
-20
1
20
16
25
-22
20
-2
4
21
-18
4
0
1
4
3
23
1
17
-16
-7
0
-30
7
33
9
29
0
0
-14
4
-4
-38
-9
6
3
14
-1
-25
19
34
-15
10
-2
4
-14
6
-10
10
8
-38
19
16
0
-2
16
15
16
1
-4
-15
5
-9
-6
4
-6
28
11
-14
15
9
26
-29
-4
12
-3
6
15
-36
26
6
-24
5
-6
-13
9
1
4
7
-23
-6
6
4
-40
-3
19
-18
-26
-18
-6
18
-9
6
4
6
12
18
2
-15
20
-12
1
0
-14
12
-7
-13
14
4
17
-5
10
5
-16
15
-4
2
-6
10
3
-2
3
13
1
0
-9
-15
8
0
0
-6
9
6
-3
-7
0
-2
10
-18
2
7
-7
-10
-13
12
18
-6
-12
-6
-3
-3
20
7
7
4
-9
-9
1
0
8
-8
11
12
-5
-5
-12
10
5
1
3
-5
-5
-12
1
23
-3
17
-2
-5
3
-6
10
-5
-8
2
1
8
-9
5
13
4
2
-17
-1
0
-4
6
-9
0
13
3
8
11
3
3
-3
-10
0
-4
2
4
7
3
4
-3
-7
15
10
3
4
4
15
4
-4
10
-11
6
10
-9
14
3
-15
6
9
-1
1
9
-11
-7
-2
2
-12
-8
-13
2
-6
13
-6
-1
-15
11
4
-15
1
-3
9
4
10
9
2
-5
-15
-12
7
3
-4
-7
2
25
10
-5
5
8
-9
16
-5
-14
-18
12
4
-7
8
0
0
-8
4
-14
15
3
16
-9
-11
15
-12
-8
2
-5
-7
7
6
8
-24
-14
-15
-2
13
-4
-3
-7
-2
0
6
12
-2
2
-9
-14
-3
29
13
-10
-12
-2
-15
-2
-4
12
9
6
-2
-3
-6
-12
-2
24
14
15
-1
8
-6
-16
2
-14
2
10
-10
-18
-9
3
19
7
-18
-2
-11
3
-1
1
0
-9
0
-11
12
6
-9
8
12
-2
-21
-3
-3
2
8
13
-7
2
10
-5
-3
0
11
-8
13
-25
-7
2
2
-3
15
-9
10
-8
-22
-4
13
-24
12
6
-2
10
-10
21
-8
-10
-22
15
-8
1
-15
0
-1
4
13
5
-10
4
8
-6
19
-4
-13
-2
-9
-10
-1
13
-5
-8
8
16
1
-3
7
2
-13
17
-6
-7
14
19
13
-5
4
-19
8
-10
8
-14
2
-5
11
-3
-6
1
-7
9
-4
1
8
6
-8
16
-6
-11
-8
7
11
-5
-7
12
-1
-9
7
7
1
6
-11
-1
5
13
4
-21
-2
6
-5
-7
-6
17
10
3
5
3
-9
-16
-3
24
6
18
12
3
-4
-12
3
-16
-3
-3
3
-10
-13
-4
25
37
6
2
0
3
-4
7
-3
-6
1
-7
3
9
-1
5
-18
7
9
-1
-4
5
5
15
7
4
0
22
7
-2
-1
-4
22
-14
-5
9
-5
0
10
-5
13
-8
-20
8
-1
-12
8
2
-12
1
-10
10
-14
-9
-13
16
-9
9
2
6
9
-1
12
-2
-12
3
24
-10
-15
1
3
4
-6
-23
3
11
-2
-8
16
2
1
-12
11
-1
-4
12
-6
-7
-5
10
6
-9
4
-20
2
2
2
-11
11
-5
4
-5
0
0
-4
8
6
1
6
-5
1
4
-7
-6
1
1
14
-8
-10
-10
6
-9
6
0
2
2
-5
2
1
2
9
-12
7
16
-2
-11
2
14
7
-2
7
5
1
-14
-6
12
2
6
7
-6
-1
-6
7
-14
-1
-6
-2
8
-9
-4
16
1
-2
4
3
4
-3
1
1
2
17
-8
20
3
1
-3
-8
-1
-6
-3
6
10
11
12
-2
4
4
8
5
8
4
0
16
-3
-11
10
-8
2
-9
-12
10
-6
-19
10
4
2
5
4
-13
-10
0
9
-6
-7
-6
8
5
14
-6
3
-6
-8
2
4
8
-5
15
1
-8
1
-2
2
-8
-3
7
7
-4
-4
-9
