41
1
6
0
14
13
32
9
20
48
17
0
32
5
26
15
19
6
17
11
23
12
15
25
0
12
22
12
3
0
1
0
0
5
6
1
15
0
0
16
20
17
7
70
6
14
14
21
49
31
0
0
0
7
13
15
21
0
24
11
4
0
4
5
8
1
15
34
10
32
9
16
32
9
16
12
28
0
38
38
0
11
0
23
13
35
0
21
3
2
13
0
2
3
2
25
14
0
18
6
173
33
0
22
30
0
6
6
11
16
27
28
0
39
101
28
15
15
32
3
14
10
31
12
7
16
1
22
8
15
194
0
43
34
1
38
3
24
6
0
22
30
0
53
90
47
0
0
21
58
11
5
77
13
6
13
12
36
21
23
24
15
0
43
12
34
6
6
36
10
22
8
0
27
12
1
2
12
7
55
0
0
0
2
7
0
0
1
19
52
21
16
4
4
43
4
21
5
1
27
108
0
30
28
22
1
61
8
18
0
1
16
40
0
33
4
26
9
0
33
0
14
12
2
0
7
3
14
36
0
11
39
0
0
8
12
1
2
0
0
12
1
2
2
30
5
10
7
21
84
28
165
17
5
15
5
100
0
0
26
46
2
30
0
13
3
0
30
8
2
0
30
14
2
2
48
0
10
134
74
7
0
13
15
0
30
33
6
3
37
3
0
16
12
1
84
1
1
8
0
34
26
7
30
0
24
18
0
10
10
40
66
55
1
2
32
33
0
21
44
43
5
0
22
0
39
2
0
10
2
9
33
0
32
18
10
40
38
30
7
4
2
7
10
16
0
10
13
18
5
4
11
0
9
1
0
3
0
24
25
83
8
10
0
26
66
1
12
43
10
0
6
10
0
44
5
3
27
0
15
5
40
25
44
19
1
9
0
0
0
17
200
4
0
0
37
8
1
15
0
14
3
11
0
21
34
3
13
0
54
23
3
36
20
7
0
4
47
0
16
6
21
30
4
0
19
18
22
5
28
47
45
7
107
17
0
39
9
0
9
15
4
39
18
8
15
7
16
5
2
4
1
0
21
35
0
4
0
11
16
18
11
22
44
7
101
51
42
0
5
9
17
3
12
21
15
6
17
26
0
3
0
0
44
0
33
18
1
0
7
37
7
0
8
0
0
29
38
2
5
0
13
141
58
0
8
30
0
31
0
15
28
0
29
18
65
25
36
0
5
0
7
13
5
29
20
12
8
5
0
82
3
102
24
0
0
62
14
18
12
20
0
4
114
16
15
8
0
110
72
24
2
15
18
0
30
24
61
0
10
14
0
7
24
4
5
11
12
0
6
20
66
16
25
10
1
0
23
0
26
8
9
42
19
11
11
3
32
45
1
0
114
14
0
0
0
0
13
10
10
23
33
11
28
67
38
0
0
5
16
0
8
38
4
0
0
23
5
38
3
39
1
3
35
49
16
34
17
5
63
0
12
8
0
4
41
26
0
26
0
